GestureName: z
Duration(ms): 1081
Handedness: right

SpeakerAngles: 2
55
-55

InterpretedPoints: 23
0,0
0,0
0.806707284111599,2.82431260731812
-1.6134145682232,9.03780034341798
-1.6134145682232,9.03780034341798
0,0
-3.2268291364464,-6.77835025756348
-2.4201218523348,-7.34321277902711
0,0
0,0
0,5.64862521463624
0,0
-2.4201218523348,-11.8621129507361
-2.4201218523348,-11.8621129507361
-0.806707284111599,-0.564862521463624
2.4201218523348,1.69458756439087
-1.6134145682232,12.4269754721997
-1.6134145682232,12.4269754721997
4.84024370466959,3.38917512878174
-8.06707284111599,-3.38917512878174
-1.6134145682232,-3.38917512878174
0,0
0,0

StrokePoints: 24
177.666666666667,130.277777777778
177.666666666667,130.277777777778
177.666666666667,130.277777777778
176.859959382555,127.45346517046
178.473373950778,118.415664827042
180.086788519001,109.377864483624
180.086788519001,109.377864483624
183.313617655448,116.156214741187
185.733739507783,123.499427520214
185.733739507783,123.499427520214
185.733739507783,123.499427520214
185.733739507783,117.850802305578
185.733739507783,117.850802305578
188.153861360117,129.712915256314
190.573983212452,141.57502820705
191.380690496564,142.139890728514
188.960568644229,140.445303164123
190.573983212452,128.018327691923
192.187397780675,115.591352219724
187.347154076006,112.202177090942
195.414226917122,115.591352219724
197.027641485345,118.980527348505
197.027641485345,118.980527348505
197.027641485345,118.980527348505

Velocities: 23
0,0
0,0
3,2
7,9
7,9
0,0
-8,-4
-8,-5
0,0
0,0
5,5
0,0
-12,-9
-12,-9
-1,0
3,0
10,12
10,12
6,0
-8,2
-4,-2
0,0
0,0

InverseVelocities: 23
0,0
0,0
0,0
0,0
0,0
0,0
0,0
0,0
0,0
0,0
0,0
0,0
0,0
0,0
0,0
0,0
0,0
0,0
-5,0
0,-2
0,0
0,0
0,0

RawData: 23
0,0,0,0,0,0,0,0,0,0,0,0,0,0,0,0,0.9605331,1,0.9693955,0,0,0,0,0,0,0,0,0,0,0,0,0,0,0,0,0,0,0,0,0,0,0,0,0,0,0,0,0,0.9505337,1,0.8743798,0,0,0,0,0,0,0,0,0,0,0,0,0,0,0
0,0,0,0,0,0,0,0,0,0,0,0,0,0,0,0,0,1,0.9744586,0,0,0,0,0,0,0,0,0,0,0,0,0,0,0,0,0,0,0,0,0,0,0,0,0,0,0,0,0,0.9475588,1,0.9189242,0,0,0,0,0,0,0,0,0,0,0,0,0,0,0
0,0,0,0,0,0,0,0,0,0,0,0,0,0,0,0,1,0.9274341,0.9835435,0.9612104,0.8886628,0.8760347,0.8098221,0,0,0,0,0,0,0,0,0,0,0,0,0,0,0,0,0,0,0,0,0,0,0,0,0.6340783,0.9422488,1,0.8966349,0.768373,0.639904,0.6931098,0.6292943,0,0,0,0,0,0,0,0,0,0,0
0,0,0,0,0,0,0,0,0,0,0,0,0,0.7591528,0.8901234,0.9460073,1,0.9827291,0.8509509,0.8101583,0.7968206,0.8380704,0.7988629,0.7700096,0,0.7359368,0.7145069,0,0,0,0,0,0,0,0,0,0,0,0,0,0,0,0,0,0,0,0,0,0.9448354,1,0.8997211,0.7839516,0.8049675,0.6641148,0.6688451,0.6839625,0.7095429,0.7101893,0.7270105,0.7093768,0.6671736,0.6213717,0,0,0,0
0,0,0,0,0,0,0,0,0,0,0,0,0,0.7067094,0,0.8817974,0.9932112,1,0.829816,0.7590017,0.81762,0.782913,0,0.6901487,0,0.7370788,0.7269911,0,0,0,0,0,0,0,0,0,0,0,0,0,0,0,0,0,0,0,0,0.6929569,0.947964,1,0.8980891,0.7570193,0.7524319,0.5914364,0.6138558,0.63531,0,0.5770386,0.5642046,0.6605057,0.7151056,0.6696891,0,0,0,0
0,0,0,0,0,0,0,0,0,0,0,0,0,0,0,0,0,0,0,0,0,0,0,0,0,0,0,0,0,0,0,0,0,0,0,0,0,0,0,0,0,0,0,0,0,0,0,0,0.9464157,1,0.9092288,0,0,0,0,0,0,0,0,0,0,0,0,0,0,0
0,0,0,0,0,0.8438826,0.8336053,0.8028172,0,0,0.8044787,0.8268658,0,0.7928351,0.9336332,0.9149967,1,0.9397827,0,0,0,0,0,0,0,0,0,0,0,0,0,0,0,0,0,0,0,0,0,0,0,0,0.6546397,0.6936032,0.7008072,0,0.762094,0.7460223,0.9422281,1,0.8914414,0.635843,0,0,0,0,0,0,0,0,0,0,0,0,0,0
0,0,0,0,0,0.7759964,0.8314047,0.8633633,0.8304362,0,0.8207132,0.9325424,0.9194294,0.9032425,1,0.975021,0.9976023,0.9638931,0,0,0,0,0,0,0,0,0,0,0,0,0,0,0,0,0,0,0,0,0,0,0,0.6046152,0.6429046,0.6793801,0.7020127,0.790208,0.8025057,0.7552961,0.9458618,1,0.8876773,0,0,0,0,0,0,0,0,0,0,0,0,0,0,0
0,0,0,0,0,0,0,0,0,0,0,0,0,0,0,0,1,0,0,0,0,0,0,0,0,0,0,0,0,0,0,0,0,0,0,0,0,0,0,0,0,0,0,0,0,0,0,0,0.9490073,1,0.8980086,0,0,0,0,0,0,0,0,0,0,0,0,0,0,0
0,0,0,0,0,0,0,0,0,0,0,0,0,0,0,0,1,0.9883997,0,0,0,0,0,0,0,0,0,0,0,0,0,0,0,0,0,0,0,0,0,0,0,0,0,0,0,0,0,0,0.9532596,1,0.9063061,0,0,0,0,0,0,0,0,0,0,0,0,0,0,0
0,0,0,0,0,0,0,0,0,0,0,0,0,0,0,0,1,0.9854662,0,0,0.9160767,0.9053679,0,0.8983997,0.8532747,0,0,0,0,0,0,0,0,0,0,0,0,0,0,0,0,0,0,0,0,0,0,0,0.9479184,1,0.8920066,0.6778649,0.7065353,0.681963,0,0.6871715,0.7318767,0.707218,0,0,0,0,0,0,0,0
0,0,0,0,0,0,0,0,0,0,0,0,0,0,0,0,0,0,0,0,0,0,0,0,0,0,0,0,0,0,0,0,0,0,0,0,0,0,0,0,0,0,0,0,0,0,0,0,0.9599451,1,0.9307649,0,0,0,0,0,0,0,0,0,0,0,0,0,0,0
0,0.8462998,0.8708011,0.9493822,0.921665,0.8257277,0,0,0,0,0,0,0,0,0,0.8550031,1,0.9687944,0.8258718,0,0,0,0,0,0,0,0,0,0,0,0,0,0,0.6427366,0,0,0,0.6402769,0.6314356,0,0,0.6567972,0.6662936,0.6408212,0.6408281,0.6386184,0,0.6525571,0.9491537,1,0.9005488,0,0,0,0,0,0,0,0,0,0,0,0,0,0,0
0.7751068,0.760998,0.8023392,0.8353662,0.807187,0.7461794,0,0,0.7710931,0.8438945,0.8347377,0.8071076,0.7999384,0,0,0.8268236,0.9898837,1,0.8015648,0,0,0,0,0,0,0,0,0,0,0,0,0,0,0,0,0,0,0.6122033,0,0.5904262,0.6427344,0.6523445,0.6298704,0,0.6122099,0.6115034,0,0,0.9442735,1,0.8881904,0,0,0,0,0,0,0,0,0,0,0,0,0,0,0
0,0,0,0,0,0,0,0,0,0,0,0,0.771997,0.823625,0.8815777,0.9364434,1,0.9842494,0.7769897,0,0,0,0,0,0,0,0,0,0,0,0,0,0,0,0,0,0,0,0,0,0,0,0,0,0,0,0,0,0.9436528,1,0.8898906,0.6498122,0,0,0,0,0,0,0,0,0,0,0,0,0,0
0,0,0,0,0,0,0,0,0,0,0,0,0,0,0,0.8815318,1,0.9609226,0,0,0,0.8583955,0.8604996,0,0,0,0,0,0,0,0,0,0,0,0,0,0,0,0,0,0,0,0,0,0,0,0,0,0.9498299,1,0.9077313,0,0,0,0,0,0,0,0,0,0,0,0,0,0,0
0,0,0,0,0,0,0,0,0,0,0,0,0,0,0.7766557,0.8708207,1,0.9842634,0,0.758405,0.732236,0.7427102,0.9140709,0.9033304,0.7775153,0.9046358,0.8981366,0.8811977,0.8165642,0.7693459,0,0,0,0,0,0,0,0,0,0,0,0,0,0,0,0,0,0.5772852,0.9430728,1,0.899131,0,0,0,0,0,0.6073899,0.6679787,0.6533157,0,0.5883189,0.596486,0,0.5812536,0.5918537,0
0,0,0,0,0,0,0,0,0,0,0,0,0,0,0.7724057,0,0.9675119,1,0.915539,0.8753053,0.8918688,0.8291057,0,0.8673308,0.818138,0.857784,0,0.8253018,0.7704216,0.7397467,0,0,0,0,0,0,0,0,0,0,0,0,0,0,0,0,0,0.6741474,0.9484628,1,0.9023137,0,0.6103715,0.6139466,0,0,0.5870326,0,0.5846931,0,0,0.6237891,0,0,0.6823094,0.613997
0,0,0,0,0,0,0,0,0.8379899,0.8149279,0,0,0.7888772,0.8150102,0,0.8668207,1,0.9832166,0.8452225,0,0,0,0,0,0.7815292,0.7853584,0,0,0,0,0,0,0,0,0,0,0,0,0,0,0,0,0,0,0,0,0,0.6873838,0.9499817,1,0.9053554,0,0.6539072,0,0,0,0,0,0,0,0,0,0,0,0,0
0,0,0,0,0,0.7172247,0.72115,0.7862957,0.8170613,0.8301134,0.8192642,0.7693535,0.7571723,0.8488189,0.8394936,0.8839078,1,0.9623305,0,0,0,0,0,0,0,0,0,0,0,0,0,0,0,0,0,0,0,0,0,0,0,0,0,0,0.6364906,0.65917,0.6743785,0.686847,0.9453877,1,0.905484,0,0.5924732,0.6062482,0.5955253,0,0,0,0,0,0,0,0,0,0,0
0,0,0,0,0,0,0,0,0,0.6828972,0.7855026,0.8052751,0.848556,0.8712281,0.8374723,0.8828136,1,0.9705108,0.7110981,0,0,0,0,0,0,0,0,0,0,0,0,0,0,0,0,0,0,0,0,0,0,0,0,0,0.5080427,0.6508379,0.6485448,0.5934432,0.9430009,1,0.889289,0.5510122,0.5101046,0,0,0,0,0,0,0,0,0,0,0,0,0
0,0,0,0,0,0,0,0,0,0,0,0,0,0.7912391,0.830748,0.8507596,1,0.9891605,0,0,0,0,0,0,0,0,0,0,0,0,0,0,0,0,0,0,0,0,0,0,0,0,0,0,0,0,0,0.6979117,0.9511243,1,0.9073824,0,0,0,0,0,0,0,0,0,0,0,0,0,0,0
0,0,0,0,0,0,0,0,0,0,0,0,0,0,0,0.8472272,0.995244,1,0.8273011,0,0,0,0,0,0,0,0,0,0,0,0,0,0,0,0,0,0,0,0,0,0,0,0,0,0,0,0,0,0.9506829,1,0.9037636,0,0,0,0,0,0,0,0,0,0,0,0,0,0,0
