GestureName: zigzag
Duration(ms): 1316
Handedness: right

SpeakerAngles: 2
55
-55

InterpretedPoints: 28
0,0
0,0
0,0
0,0
3.2268291364464,9.03780034341798
0,13.556700515127
0,13.556700515127
0.806707284111599,10.7323879078088
0,1.12972504292725
-2.4201218523348,-11.8621129507361
-0.806707284111598,-12.9918379936633
0.806707284111599,-6.21348773609986
-0.806707284111599,7.34321277902711
0,13.556700515127
0,13.556700515127
-0.806707284111598,12.9918379936633
6.45365827289279,-3.38917512878174
0,-13.556700515127
0.806707284111599,-11.8621129507361
0,-11.2972504292725
4.03353642055799,0.564862521463623
0,7.90807530049073
0,13.556700515127
-2.4201218523348,11.8621129507361
-1.6134145682232,4.51890017170899
0,0
0,0
0,0

StrokePoints: 29
177.666666666667,130.277777777778
177.666666666667,130.277777777778
177.666666666667,130.277777777778
177.666666666667,130.277777777778
177.666666666667,130.277777777778
174.43983753022,121.23997743436
174.43983753022,107.683276919233
174.43983753022,94.1265764041059
173.633130246109,83.3941884962971
173.633130246109,82.2644634533698
176.053252098443,94.1265764041059
176.859959382555,107.118414397769
176.053252098443,113.331902133869
176.859959382555,105.988689354842
176.859959382555,92.431988839715
176.859959382555,78.8752883245881
177.666666666667,65.8834503309247
171.213008393774,69.2726254597065
171.213008393774,82.8293259748334
170.406301109662,94.6914389255695
170.406301109662,105.988689354842
166.372764689104,105.423826833378
166.372764689104,97.5157515328876
166.372764689104,83.9590510177607
168.792886541439,72.0969380670246
170.406301109662,67.5780378953156
170.406301109662,67.5780378953156
170.406301109662,67.5780378953156
170.406301109662,67.5780378953156

Velocities: 28
0,0
0,0
0,0
0,0
10,6
12,12
12,12
10,9
1,1
-12,-9
-12,-11
-5,-6
6,7
12,12
12,12
11,12
1,-7
-12,-12
-10,-11
-10,-10
3,-2
7,7
12,12
9,12
3,5
0,0
0,0
0,0

InverseVelocities: 28
0,0
0,0
0,0
0,0
0,0
0,0
0,0
-2,-2
-11,-8
0,0
0,0
0,0
0,0
0,0
0,0
0,0
-7,0
0,0
0,0
0,0
0,4
-1,0
-1,-3
0,-1
0,0
0,0
0,0
0,0

RawData: 28
0,0,0,0,0,0,0,0,0,0,0,0,0,0,0,0.8412371,1,0.9762463,0.7295728,0,0,0,0,0,0,0,0,0,0,0,0,0,0,0,0,0,0,0,0,0,0,0,0,0,0,0,0,0.6674525,0.951786,1,0.8880178,0,0,0,0,0,0,0,0,0,0,0,0,0,0,0
0,0,0,0,0,0,0,0,0,0,0,0,0,0,0,0.7877041,1,0.9970821,0.7441439,0,0,0,0,0,0,0,0,0,0,0,0,0,0,0,0,0,0,0,0,0,0,0,0,0,0,0,0,0.6142778,0.9452529,1,0.8884322,0,0,0,0,0,0,0,0,0,0,0,0,0,0,0
0,0,0,0,0,0,0,0,0,0,0,0,0,0,0,0.7563658,0.9880472,1,0.8159791,0,0,0,0,0,0,0,0,0,0,0,0,0,0,0,0,0,0,0,0,0,0,0,0,0,0,0,0,0.5991971,0.9415333,1,0.8986865,0,0,0,0,0,0,0,0,0,0,0,0,0,0,0
0,0,0,0,0,0,0,0,0,0,0,0,0,0,0,0,1,0.9716632,0.8528057,0,0,0,0,0,0,0,0,0,0,0,0,0,0,0,0,0,0,0,0,0,0,0,0,0,0,0,0,0,0.954204,1,0.9085011,0,0,0,0,0,0,0,0,0,0,0,0,0,0,0
0,0,0,0,0,0,0,0,0,0,0,0,0,0,0,0.8048237,1,0.9826752,0.7239614,0.7490408,0.7362454,0.7604865,0.7485758,0.7406924,0.7945329,0.8488488,0.8442472,0.835418,0.8128186,0.7648116,0,0,0,0,0,0,0,0,0,0,0,0,0,0,0,0,0,0,0.9421102,1,0.8973933,0,0.6507109,0.6442898,0.6320531,0.5851837,0.6137488,0.6445591,0.6357807,0,0,0,0,0,0,0
0,0,0,0,0,0,0,0,0,0,0,0,0,0,0,0.8301018,1,0.9749854,0,0.7609079,0.758651,0.6794426,0.6964702,0.6884632,0.8051138,0.7995326,0.706251,0.7886917,0.8151524,0.838841,0.868902,0.8288206,0.7063327,0,0,0,0,0,0,0,0,0,0,0,0,0,0,0.6091998,0.9414465,1,0.8879808,0,0,0,0,0.5718946,0.6492534,0.5854759,0.649177,0.6319418,0.5989168,0.6768526,0.7143777,0.6709291,0.5916567,0
0,0,0,0,0,0,0,0,0,0,0,0,0,0,0,0.823208,1,0.9790691,0.7192364,0,0.7264702,0.6517765,0.7388095,0.7892469,0.7594541,0.8615841,0.8620045,0.8931289,0.9099681,0.8981241,0.8681721,0.7486573,0,0,0,0,0,0,0,0,0,0,0,0,0,0,0,0.6698926,0.9450932,1,0.8912393,0.5873821,0.6199813,0,0,0,0.6019866,0.624007,0.7169135,0.7139568,0.7210948,0.7560725,0.7009727,0.6280403,0.5721497,0
0,0,0,0,0,0,0,0,0,0,0,0.6543345,0.7416866,0.7728907,0.7573448,0.7781624,1,0.9883997,0.8463271,0.8568562,0.8343584,0.7700213,0.6590457,0.6708224,0.7963667,0.8292006,0.8158846,0.8037727,0.7878609,0.7370224,0,0,0,0,0,0,0,0,0,0,0,0,0,0,0.6077541,0.6448225,0.6750817,0.7103731,0.947398,1,0.886153,0.7318749,0.7112197,0.6770486,0.6350025,0.6684174,0.6606346,0.6806405,0.6931174,0.6845706,0.6589683,0.5742081,0,0,0,0
0,0,0.6610094,0.7208048,0.7089956,0.7257591,0.7967747,0.8242326,0.7739148,0.7969086,0.7919598,0.7746697,0.7107249,0.7891979,0.7922593,0.7265373,1,0.9834607,0.744633,0,0.6298319,0,0,0,0,0,0,0,0,0,0,0,0,0,0,0,0,0,0.6306871,0.6827188,0.710992,0.7623175,0.7805976,0.7608789,0.7196058,0.6909431,0.6325215,0.7080461,0.94126,1,0.8788349,0.5856867,0,0.5165097,0,0,0,0,0,0,0,0,0,0,0,0
0,0.6667221,0.6743968,0,0.703129,0.8287568,0.8731816,0.7617904,0.750746,0.6532241,0,0.6648639,0.749997,0.8070257,0.7858467,0.7680474,1,0.986825,0.7703778,0,0,0,0,0,0,0,0,0,0,0,0,0,0,0,0,0,0,0.6910512,0.7872407,0.7910085,0.6684221,0.6457465,0.6799189,0.6956574,0.6841975,0.6907806,0.6154939,0.6848348,0.9441535,1,0.9034531,0.6262843,0,0,0,0,0,0,0,0,0,0,0,0,0,0
0,0.5966818,0.5782079,0.7062799,0.7727834,0.7251996,0.80405,0.7816285,0.7085307,0.6391702,0.6581459,0.669484,0.700067,0.720206,0.6892858,0.7745863,1,0.9830908,0.7520275,0,0,0,0,0,0,0,0,0,0,0,0,0,0,0,0,0.5065538,0.5900898,0.6705583,0.629623,0.6782556,0.6984132,0.6215734,0.6388012,0.6482896,0.540062,0.605811,0.5463994,0.6311955,0.9407405,1,0.8773119,0.5503368,0,0,0,0,0,0,0,0,0,0,0,0,0,0
0,0,0,0,0,0,0,0,0.7024788,0,0.7276382,0.7852434,0.7878168,0.7600132,0,0.824638,1,0.9934927,0.8239842,0,0,0,0,0,0,0,0,0,0,0,0,0,0,0,0,0,0,0,0,0,0.6582083,0.7023893,0.6972992,0,0,0.7027984,0.6810768,0,0.9460486,1,0.8987331,0,0,0,0,0,0,0,0,0,0,0,0,0,0,0
0,0,0,0,0,0,0,0,0,0,0,0,0,0,0,0.8428093,1,0.9921466,0.8441654,0.7519993,0,0.6777336,0.7042357,0.7383825,0.7198249,0.6602238,0,0,0,0,0,0,0,0,0,0,0,0,0,0,0,0,0,0,0,0,0,0,0.9446734,1,0.9000213,0.6502755,0.659123,0.6738098,0.6565463,0.6622329,0.6936772,0.6834482,0.6492032,0.631696,0,0,0,0,0,0
0,0,0,0,0,0,0,0,0,0,0,0,0,0,0.6833526,0.7699338,0.9992694,1,0.8238147,0.7353213,0,0,0.5855772,0.6188107,0.7815668,0.8459817,0.7812617,0.7584631,0.816596,0.8290546,0.7262785,0.5850558,0,0,0,0,0,0,0,0,0,0,0,0,0,0,0,0.6672282,0.9469706,1,0.8819116,0.6003538,0.578095,0.5628943,0,0,0.6588628,0.679897,0.6656858,0.6772442,0.5780061,0.6781841,0.7262536,0.703679,0.6171432,0
0,0,0,0,0,0,0,0,0,0,0,0,0,0.6414166,0.6203266,0.8353173,1,0.9813464,0.8131227,0.6407211,0.6566831,0.6395767,0.7074597,0.6397964,0.7143762,0.8084989,0.761588,0.8113225,0.7880019,0.8330762,0.8810266,0.8508887,0.8001191,0,0,0,0,0,0,0,0,0,0,0,0,0,0,0,0.9375123,1,0.8893743,0,0.5643683,0.5787484,0,0,0.6278401,0.6875835,0.6861244,0.617485,0.6717721,0.6837903,0.7411859,0.8079322,0.7569396,0.7069441
0,0,0,0,0,0,0,0,0,0,0,0,0,0,0.7872674,0,1,0.9725183,0.7739538,0.8509278,0.9216024,0.9122866,0.8950829,0.8936937,0.8485969,0.8017503,0.7624155,0.812251,0.7940204,0.7942644,0.7333273,0,0,0,0,0,0,0,0,0,0,0,0,0,0,0,0,0.6074827,0.9473488,1,0.892584,0.620138,0.6861619,0.6471464,0.628591,0,0.6778244,0.6732107,0.7289785,0.7616212,0.7688597,0.7768633,0.7626302,0.7068268,0.5879111,0.6517829
0,0,0,0,0,0,0.7637417,0.7897097,0.7857987,0,0.7547407,0.8158388,0.8131207,0.7769449,0.8277996,0.8396684,1,0.9860196,0.7933387,0.7730339,0.7659076,0,0,0,0,0,0,0,0,0,0,0,0,0,0,0,0,0,0,0.6621155,0.6819707,0.6854833,0.6828282,0.6756568,0.642166,0.6837325,0.6489716,0.6512532,0.9485539,1,0.9053566,0.6923441,0.6624072,0,0,0,0,0,0,0,0,0,0,0,0,0
0,0.6680582,0.7739629,0.757543,0.7235319,0.8523898,0.8782071,0.9132234,0.8883937,0.8780204,0.8458364,0.7847999,0.7982281,0.8027195,0.7071221,0.8464403,1,0.9656375,0.7040094,0.6708981,0,0,0,0,0,0,0,0,0,0,0,0,0,0.5954272,0.6289679,0.624638,0.6476101,0.7809417,0.7946914,0.7798277,0.7393698,0.6638245,0.7042338,0.6673105,0.6299084,0,0.6001039,0.5755646,0.9422238,1,0.904431,0,0,0,0,0,0,0,0,0,0,0,0,0,0,0
0,0,0,0.7867417,0.8637315,0.8913789,0.7256543,0.8770411,0.7779351,0,0,0.7225707,0,0,0,0.8400762,1,0.9796476,0.7759159,0,0,0,0,0,0,0,0,0,0,0,0,0,0,0,0,0.6443582,0.7630457,0.8061144,0.7456006,0,0.7066845,0,0,0,0,0,0,0,0.9480339,1,0.897128,0.6654682,0,0,0,0,0,0,0,0,0,0,0,0,0,0
0,0,0,0.5958444,0.6560016,0.6202731,0.7375188,0.7609072,0.7732285,0.761805,0.7366266,0.6825368,0,0.6250842,0.6323661,0.8179486,0.9993547,1,0.8190123,0,0,0,0,0,0,0,0,0,0,0,0,0,0,0,0,0,0.5372989,0.5747784,0.5421274,0.6260684,0.623284,0.6564624,0.6825338,0.694694,0.6532022,0.6409702,0.557849,0.6725371,0.938628,1,0.8968304,0.574985,0.5498145,0,0,0,0,0,0,0,0,0,0,0,0,0
0,0,0,0,0,0,0,0,0,0,0,0,0,0.6929808,0.6949936,0.8213996,1,0.9952706,0.8079223,0.7080396,0.5994395,0.5983191,0.6103897,0,0,0,0,0,0,0,0,0,0,0,0,0,0,0,0,0,0,0,0,0,0.5976419,0.567609,0.6199,0.6952018,0.9424115,1,0.8994306,0.6688952,0,0,0.567663,0.5944707,0.5630942,0,0,0,0,0,0,0,0,0
0,0,0,0,0,0,0,0,0,0,0,0,0.6865873,0.7111471,0.591234,0.8654878,1,0.9650159,0.73039,0.8604905,0.880981,0.8501006,0.5968124,0.7350806,0.702341,0.7150388,0.6541668,0,0,0,0,0,0,0,0,0,0,0,0,0,0,0,0,0,0,0,0.588038,0.64368,0.9456853,1,0.8825225,0.5323415,0.600508,0.62371,0.6868189,0.7504232,0.7592075,0.7289342,0.672362,0.5767834,0,0,0,0,0,0
0,0,0,0,0,0,0,0,0,0,0,0,0.7732425,0.8012672,0.716508,0.7028559,1,0.9783146,0.6715712,0.6765188,0.7640716,0.7697842,0.8861502,0.8484115,0.6706622,0.7775581,0.8449672,0.7167082,0.6051294,0.6213799,0,0.6607141,0.6025139,0,0,0,0,0,0,0,0,0,0,0.4942196,0.5249457,0.5431507,0.6218,0.6956016,0.9481772,1,0.8799776,0.5219553,0.5180225,0.5356163,0.5709925,0.6330246,0.5927519,0.5601686,0.4884039,0.6065785,0.5707647,0.5648667,0.5476097,0.6006269,0.5883529,0.5799341
0,0,0,0,0,0,0,0,0,0,0,0,0,0.7306825,0.763844,0.7625834,0.9894782,1,0.830121,0.7665721,0.7599525,0.7297973,0.7125394,0.7708205,0.7731762,0.7478234,0.7099577,0.7542659,0.6547531,0,0,0,0,0,0,0,0,0,0,0,0,0,0,0,0,0.5224727,0,0.6559143,0.943382,1,0.88354,0,0.6291221,0.7023003,0.7542802,0.7372332,0.6936926,0.6975405,0.6599435,0.7104363,0.7285618,0.7026791,0.6600133,0.6313224,0.5743238,0
0,0,0,0,0,0,0,0,0,0,0,0,0,0,0,0.8567259,0.9985979,1,0.8937511,0.8352653,0.8261481,0.7980392,0.6924378,0,0,0,0,0,0,0,0,0,0,0,0,0,0,0,0,0,0,0,0,0,0,0,0,0.6850698,0.949524,1,0.8983669,0.798647,0.7919976,0.7734718,0.7258794,0.62888,0,0.6176899,0,0,0,0,0,0,0,0
0,0,0,0,0,0,0,0,0,0,0,0,0,0,0,0.8479793,1,0.9792712,0,0,0,0,0,0,0,0,0,0,0,0,0,0,0,0,0,0,0,0,0,0,0,0,0,0,0,0,0,0,0.9461285,1,0.910531,0.6492122,0,0,0,0,0,0,0,0,0,0,0,0,0,0
0,0,0,0,0,0,0,0,0,0,0,0,0,0,0,0.7872775,0.9743462,1,0.7813575,0,0,0,0,0,0,0,0,0,0,0,0,0,0,0,0,0,0,0,0,0,0,0,0,0,0,0,0,0.7371399,0.9588403,1,0.9010544,0,0,0,0,0,0,0,0,0,0,0,0,0,0,0
0,0,0,0,0,0,0,0,0,0,0,0,0,0,0,0.8436857,0.9990807,1,0.8464438,0,0,0,0,0,0,0,0,0,0,0,0,0,0,0,0,0,0,0,0,0,0,0,0,0,0,0,0,0.6693538,0.9532009,1,0.8997322,0,0,0,0,0,0,0,0,0,0,0,0,0,0,0
