GestureName: check
Duration(ms): 752
Handedness: right

SpeakerAngles: 5
55
-55
0
0
110

SpeakerElevations: 5
-10
-10
-10
0
30

InterpretedPoints: 16
0,0,0
5.64695098878119,-10.8628841683186,2.25742630967009
-8.15215760796929,-20.2321597318761,-2.17974009132753
-4.92532847152289,-22.0872424419611,-2.35338826899446
-8.14506721073151,-23.1925609350174,-0.81149920299288
-4.06898840674687,-3.47343259540651,-1.97905546699921
1.62759536269875,-0.592396265452048,1
2.48393542747477,22.0214135811025,1.37433280199525
7.33835992661991,30.8567640054327,-0.0567416853417724
10.5722794603041,29.3159224250487,0.616906492325159
0,11,0
0,0,0
0,0,0
0,0,0
0,0,0
0,0,0

StrokePoints: 17
0,0,0
0,0,0
5.64695098878119,-10.8628841683186,2.25742630967009
-2.50520661918809,-31.0950439001947,0.0776862183425626
-7.43053509071099,-53.1822863421558,-2.2757020506519
-15.5756023014425,-76.3748472771732,-3.08720125364478
-19.6445907081894,-79.8482798725797,-5.06625672064399
-18.0169953454906,-80.4406761380318,-4.06625672064399
-15.5330599180158,-58.4192625569293,-2.69192391864873
-8.19469999139593,-27.5624985514965,-2.74866560399051
2.37757946890815,1.75342387355218,-2.13175911166535
2.37757946890815,12.7534238735522,-2.13175911166535
2.37757946890815,12.7534238735522,-2.13175911166535
2.37757946890815,12.7534238735522,-2.13175911166535
2.37757946890815,12.7534238735522,-2.13175911166535
2.37757946890815,12.7534238735522,-2.13175911166535
2.37757946890815,12.7534238735522,-2.13175911166535

Velocities: 16
0,0,0
0,-7,-6
-6,-8,-8
-3,-9,-9
-8,-9,-10
0,0,-3
0,0,0
3,9,6
9,11,12
12,11,8
0,0,0
0,0,0
0,0,0
0,0,0
0,0,0
0,0,0

InverseVelocities: 16
0,0,0
0,0,0
0,0,0
0,0,0
0,0,0
0,0,0
0,0,0
0,0,0
0,0,0
0,0,0
0,0,0
0,0,0
0,0,0
0,0,0
0,0,0
0,0,0

RawData: 16
0,0,0,0,0,0,0,0,0,0,0,0,0,0,0,0.9185053,1,0.8899423,0,0,0,0,0,0,0,0,0,0,0,0,0,0,0,0,0,0,0,0,0,0,0,0,0,0,0,0,0,0.850797,0.8655636,1,0.9736637,0,0,0,0,0,0,0,0,0,0,0,0,0,0,0,0,0,0,0,0,0,0,0,0,0,0,0,0,0,0,0.9409388,1,0.8778595,0,0,0,0,0,0,0,0,0,0,0,0,0,0,0,0,0,0,0,0,0,0,0,0,0,0,0,0,0,0,0.8914692,1,0.9456133,0,0,0,0,0,0,0,0,0,0,0,0,0,0,0,0,0,0,0,0,0,0,0,0,0,0,0,0,0,0,0,0.973542,1,0,0,0,0,0,0,0,0,0,0,0,0,0,0,0
0,0,0,0,0,0,0,0,0,0,0,0,0,0,0,0.9174742,1,0.8697029,0,0,0,0,0,0,0,0,0,0,0,0,0,0,0,0,0,0,0,0,0,0.748836,0.717758,0.7463924,0.8052567,0.8221329,0.820773,0,0,0,0.839642,1,0.9675757,0,0,0,0,0,0,0,0,0,0,0,0,0,0,0,0,0,0,0,0,0,0,0.6990702,0.7527512,0.7876787,0.8009334,0.8046499,0.7304898,0,0,0.9487691,1,0.8394309,0,0,0,0,0,0,0,0,0,0,0,0,0,0,0,0,0,0,0,0,0,0,0,0,0,0,0,0.7123218,0.7491384,0.7415023,0.8720537,1,0.9441321,0,0,0,0,0,0,0,0,0,0,0,0,0,0,0,0,0,0,0,0,0,0,0,0,0,0,0,0,0,0,0.7425802,0.9175836,1,0.8591902,0,0,0,0,0,0,0,0,0,0,0,0,0,0
0,0,0,0,0,0,0,0.7303707,0.7301919,0.7595894,0,0,0,0,0,0.9147053,1,0.8859192,0,0,0,0,0,0,0,0,0,0,0,0,0,0,0,0,0,0,0,0,0.7790596,0.8176566,0.9011573,0.8372459,0,0,0,0,0,0,0,0.9983127,1,0.7738709,0,0,0,0,0,0,0,0,0,0,0,0,0,0,0,0,0,0,0,0.6721318,0.757065,0.7070945,0.6865149,0.6945534,0,0,0,0,0,0.9484606,1,0.850566,0,0,0,0,0,0,0,0,0,0,0,0,0,0,0,0,0,0,0,0,0.7009987,0.743742,0,0,0,0,0,0,0,0,0.8419144,1,0.9657673,0,0,0,0,0,0,0,0,0,0,0,0,0,0,0,0.7106907,0.753602,0.751743,0.7706562,0,0,0.7415348,0.7565213,0.7801666,0,0,0,0,0,0,0.7276829,0.9637209,1,0.8618037,0,0,0,0,0,0,0,0,0,0,0,0,0,0
0,0,0,0,0,0,0,0,0,0,0.7685277,0.8439822,0,0,0,0.914656,1,0.9111918,0,0,0,0,0,0,0,0,0,0,0,0,0,0,0,0,0,0,0,0.777173,0.8867832,0.8824405,0,0,0,0,0,0,0,0,0.8012989,1,0.9924423,0,0,0,0,0,0,0,0,0,0,0,0,0,0,0,0,0,0,0,0.803585,0.7737821,0,0,0,0,0.7218547,0.7127858,0,0,0.718315,0.9491302,1,0.8949925,0,0,0,0,0,0,0,0,0,0,0,0,0,0,0,0,0,0,0.7330052,0.7622451,0.7919828,0.7881893,0.8153296,0.7632429,0.8003021,0.7485997,0,0,0,0,0.8732997,1,0.9463403,0,0,0,0,0,0,0,0,0,0,0,0,0,0,0,0,0.8210763,0.8449582,0.8404167,0.7658163,0.8520741,0.7980218,0,0,0,0,0,0,0,0,0,0.9716913,1,0.7977217,0,0,0,0,0,0,0,0,0,0,0,0,0,0
0,0,0,0,0,0.7819319,0.7570699,0,0,0,0.7345983,0.8759463,0.82267,0,0,0.9171847,1,0.8328772,0,0,0,0,0,0,0,0,0,0,0,0,0,0,0,0,0,0,0,0.8649537,0.8622807,0.845037,0.8352284,0.8615828,0,0,0,0,0,0,0.9111403,1,0.9407142,0,0,0,0,0,0,0,0,0,0,0,0,0,0,0,0,0,0,0.747137,0.773695,0,0,0,0,0,0,0.7364436,0.7095048,0,0,0.9308718,1,0.8608426,0,0,0,0,0,0,0,0,0,0,0,0,0,0,0,0,0,0,0,0,0,0.7457623,0,0.7447137,0.7761258,0.8193839,0.8836567,0.8631837,0.740798,0,0.8390297,1,0.9377198,0,0,0,0,0,0,0,0,0,0,0,0,0,0,0,0,0,0.7640776,0.7681503,0.7538089,0.8442725,0.8288053,0,0.7808167,0.7342905,0,0,0,0,0,0,0.954793,1,0.8237939,0,0,0,0,0,0,0,0,0,0,0,0,0,0
0,0,0,0,0,0,0,0,0,0,0,0,0,0.7647435,0.8171496,0.9528496,1,0.8473928,0,0,0,0,0,0,0,0,0,0,0,0,0,0,0,0,0,0,0,0,0,0,0,0,0,0,0,0,0,0,0.8910462,1,0.9605879,0,0,0,0,0,0,0,0,0,0,0,0,0,0,0,0,0,0,0,0,0,0,0,0,0,0.7174599,0.7604629,0.7648778,0.7507616,0,0.9411565,1,0.8469121,0,0,0,0,0,0,0,0,0,0,0,0,0,0,0,0,0,0,0,0,0,0,0,0,0,0,0.7616023,0.8319166,0.8430164,0.8453031,0.7556546,1,0.9361793,0,0,0,0,0,0,0,0,0,0,0,0,0,0,0,0,0,0,0,0,0,0,0,0.7551796,0.7604229,0.7490708,0.7469428,0.7379634,0,0,0,0.9567661,1,0.8555095,0,0,0,0,0,0,0,0,0,0,0,0,0,0
0,0,0,0,0,0,0,0,0,0,0,0,0,0,0,0.907684,1,0.9201733,0,0,0,0,0,0,0,0,0,0,0,0,0,0,0,0,0,0,0,0,0,0,0,0,0,0,0,0,0,0,0.8912445,1,0.9808537,0.8740007,0,0,0,0,0,0,0,0,0,0,0,0,0,0,0,0,0,0,0,0,0,0,0,0,0,0,0,0,0,0.938545,1,0.8599038,0,0,0,0,0,0,0,0,0,0,0,0,0,0,0,0,0,0,0,0,0,0,0,0,0,0,0,0,0,0,0.8791472,1,0.9428856,0,0,0,0,0,0,0,0,0,0,0,0,0,0,0,0,0,0,0,0,0,0,0,0,0,0,0,0,0,0,0,0.9825431,1,0,0.7953833,0.8114542,0.8044674,0,0,0,0,0,0,0,0,0,0,0
0,0,0,0,0,0,0,0,0,0,0,0,0,0,0,0.9142995,1,0.8895073,0,0,0,0.7193974,0.7115568,0,0,0,0,0,0,0,0,0,0,0,0,0,0,0,0,0,0,0,0,0,0,0,0,0,0.9206584,0.8690162,0.9213067,0,0,0.8828914,0.8304308,0.8084082,0.9465342,1,0.9721999,0.888613,0.8909863,0.9038213,0,0,0,0,0,0,0,0,0,0,0,0,0,0,0,0,0,0,0.6460626,0.9403531,1,0.8665932,0,0,0,0,0,0.7076333,0.7683766,0.7068127,0,0,0,0,0,0,0,0,0,0,0,0,0,0,0,0,0,0,0,0,0,0,0.8100182,1,0.9611284,0.7206975,0,0,0,0.6962771,0.827898,0.8066621,0.7109945,0,0.6907147,0.672785,0.7053497,0.717088,0.6805342,0,0,0,0,0,0,0,0,0,0,0,0,0,0,0,0,0.8129637,0.9952254,1,0.795481,0,0,0.6758698,0,0,0.7618197,0.8174227,0.7070907,0.7435318,0.7169553,0,0,0,0
0,0,0,0,0,0,0,0,0,0,0,0,0,0,0,0.9311358,1,0.8775495,0,0,0,0,0,0,0,0,0.7178755,0.7838715,0.7561916,0,0,0,0.7399555,0,0,0,0,0,0,0,0,0,0,0,0,0,0,0,0.8351939,1,0.9719507,0.764952,0,0,0,0,0,0.8193111,0.8714843,0.8338954,0.8681595,0.917493,0.9553515,0.8759548,0,0.752449,0,0,0,0,0,0,0,0,0,0,0,0,0,0,0.7006756,0.9532383,1,0.86315,0,0,0,0,0,0,0.6978739,0.7398086,0.6720435,0.7291656,0.7173606,0.6570783,0.6762593,0.7066831,0,0,0,0,0,0,0,0,0,0,0,0,0,0,0,0,0.8586092,1,0.9488912,0,0,0,0,0,0,0,0,0,0,0,0.7917229,0.8171238,0,0.828598,0,0,0,0,0,0,0,0,0,0,0,0,0,0,0,0.7895575,0.9639782,1,0.841487,0,0,0,0,0,0,0.8177702,0.8890721,0.8776382,0.8500462,0.87538,0.8080097,0,0
0,0,0,0,0,0,0,0,0,0,0,0,0,0,0,0.8895786,1,0.8819209,0,0,0,0,0,0,0,0,0,0,0.8269977,0.8093402,0.7773989,0.7717458,0.7855675,0,0,0,0,0,0,0,0,0,0,0,0,0,0,0,0.8615227,1,0.9412028,0.6614099,0,0,0,0,0,0.6650925,0.7114406,0.7741315,0.7768664,0.773331,0.7847989,0.7295191,0,0,0,0,0,0,0,0,0,0,0,0,0,0,0,0,0.740232,0.9730747,1,0.8239499,0,0,0,0,0,0,0.6550357,0.6990556,0.7040192,0.6482511,0,0,0,0,0.6501891,0,0,0,0,0,0,0,0,0,0,0,0,0,0,0,0.8030834,1,0.9535161,0,0,0,0,0,0,0,0,0,0,0.6822979,0.7435095,0.7823324,0.7060333,0.7667511,0,0,0,0,0,0,0,0,0,0,0,0,0,0,0.7568646,0.8577743,0.9679316,1,0.8182964,0,0,0,0,0,0,0,0,0.8242725,0.8757367,0.8971327,0.8686202,0.7745525,0
0,0,0,0,0,0,0,0,0,0,0,0,0,0,0,0.9163556,1,0.9022447,0,0,0,0,0,0,0,0,0,0,0,0,0,0,0,0,0,0,0,0,0,0,0,0,0,0,0,0,0,0,0.9097126,1,0.9558729,0.7857561,0,0,0,0,0,0,0,0,0,0,0,0,0,0,0,0,0,0,0,0,0,0,0,0,0,0,0,0,0.796248,0.9776877,1,0.8477407,0,0,0,0,0,0,0,0,0,0,0,0,0,0,0,0,0,0,0,0,0,0,0,0,0,0,0,0,0,0,0.8952612,1,0.9472948,0,0,0,0,0,0,0,0,0,0,0,0,0.8162419,0,0.8190702,0,0,0,0,0,0,0,0,0,0,0,0,0,0,0,0.9300936,0.920908,1,0,0,0,0,0,0,0,0,0,0,0,0,0,0,0
0,0,0,0,0,0,0,0,0,0,0,0,0,0,0,0.9491263,1,0.8830624,0,0,0,0,0,0,0,0,0,0,0,0,0,0,0,0,0,0,0,0,0,0,0,0,0,0,0,0,0,0.8238223,0.8860455,1,0.9579975,0,0,0,0,0,0,0,0,0,0,0,0,0,0,0,0,0,0,0,0,0,0,0,0,0,0,0,0,0,0,0.9347786,1,0.8554158,0,0,0,0,0,0,0,0,0,0,0,0,0,0,0,0,0,0,0,0,0,0,0,0,0,0,0,0,0,0,0.8570438,1,0.9608175,0.8822866,0.845874,0,0,0,0,0,0,0,0,0,0,0,0,0,0,0,0,0,0,0,0,0,0,0,0,0,0,0,0,0,0.9896878,1,0,0,0,0,0,0,0,0,0,0,0,0,0,0,0
0,0,0,0,0,0,0,0,0,0,0,0,0,0,0,0.9350333,1,0.9037428,0,0,0,0,0,0,0,0,0,0,0,0,0,0,0,0,0,0,0,0,0,0,0,0,0,0,0,0,0,0,0,1,0.9983498,0,0,0,0,0,0,0,0,0,0,0,0,0,0,0,0,0,0,0,0,0,0,0,0,0,0,0,0,0,0,0.9141036,1,0.945564,0.8172037,0,0,0,0,0,0,0,0,0,0,0,0,0,0,0,0,0,0,0,0,0,0,0,0,0,0,0,0,0,0.8443184,1,0.9648119,0,0,0,0,0,0,0,0,0,0,0,0,0,0,0,0,0,0,0,0,0,0,0,0,0,0,0,0,0,0,0.8355733,0.9847583,1,0.8600518,0,0,0,0,0,0,0,0,0,0,0,0,0,0
0,0,0,0,0,0,0,0,0,0,0,0,0,0,0,0.8755652,1,0.9291661,0,0,0,0,0,0,0,0,0,0,0,0,0,0,0,0,0,0,0,0,0,0,0,0,0,0,0,0,0,0,0.8430356,1,0.9632611,0,0,0,0,0,0,0,0,0,0,0,0,0,0,0,0,0,0,0,0,0,0,0,0,0,0,0,0,0,0,0.9296834,1,0.8548968,0,0,0,0,0,0,0,0,0,0,0,0,0,0,0,0,0,0,0,0,0,0,0,0,0,0,0,0,0,0,0.8285456,1,0.9696047,0.7223431,0,0,0,0,0,0,0,0,0,0,0,0,0,0,0,0,0,0,0,0,0,0,0,0,0,0,0,0,0,0,0.9094888,1,0.8600469,0,0,0,0,0,0,0,0,0,0,0,0,0,0
0,0,0,0,0,0,0,0,0,0,0,0,0,0,0,0.8601808,1,0.9208993,0,0,0,0,0,0,0,0,0,0,0,0,0,0,0,0,0,0,0,0,0,0,0,0,0,0,0,0,0,0,0,1,0.9942615,0,0,0,0,0,0,0,0,0,0,0,0,0,0,0,0,0,0,0,0,0,0,0,0,0,0,0,0,0,0,0.9410192,1,0.8795528,0,0,0,0,0,0,0,0,0,0,0,0,0,0,0,0,0,0,0,0,0,0,0,0,0,0,0,0,0,0,0.8460633,1,0.9655785,0,0,0,0,0,0,0,0,0,0,0,0,0,0,0,0,0,0,0,0,0,0,0,0,0,0,0,0,0,0,0,0.9399422,1,0.8789945,0,0,0,0,0,0,0,0,0,0,0,0,0,0
0,0,0,0,0,0,0,0,0,0,0,0,0,0,0,0.880482,1,0.9048311,0,0,0,0,0,0,0,0,0,0,0,0,0,0,0,0,0,0,0,0,0,0,0,0,0,0,0,0,0,0,0.7842621,1,0.9965464,0.7506391,0,0,0,0,0,0,0,0,0,0,0,0,0,0,0,0,0,0,0,0,0,0,0,0,0,0,0,0,0,0.9213657,1,0.8744611,0,0,0,0,0,0,0,0,0,0,0,0,0,0,0,0,0,0,0,0,0,0,0,0,0,0,0,0,0,0,0.7932405,1,0.9803892,0.7366297,0,0,0,0,0,0,0,0,0,0,0,0,0,0,0,0,0,0,0,0,0,0,0,0,0,0,0,0,0,0,0.9488362,1,0.8500088,0,0,0,0,0,0,0,0,0,0,0,0,0,0
