GestureName: circle
Duration(ms): 1316
Handedness: right

SpeakerAngles: 5
55
-55
0
0
110

SpeakerElevations: 5
-10
-10
-10
0
30

InterpretedPoints: 28
0,0,0
0,0,0
0,0,0
0,0,0
-0.0141807944755501,-1.52213653048741,-0.479055466999209
1.59923377374765,-8.59109258546349,0.562833599002373
0.771255297922724,-9.81703098322487,-0.416221867996835
2.39885066062147,-11.4094272486769,0.583778132003164
-0.849249667538249,-8.95597032903522,-1.08987004566377
0,-5,0
-3.2268291364464,-10.1986810979033,1.38918542133544
0,-3,0
0,0,0
0,0,0
0,0,0
0,-4,0
0,0,0
-0.792526489636048,1.10219129893882,0.479055466999209
2.45557383852367,4.71769043427321,1.11081457866456
-0.771255297922724,6.87779997117604,1.11081457866456
1.66304734888762,12.7894972392364,1.2425736903299
0.849249667538249,5.97116257602302,1.2635182233307
5.68949337220784,13.2609971558531,0.916221867996835
0.0141807944755501,8.52213653048741,0.479055466999209
3.2268291364464,8.25945008585449,-0.694592710667721
0,6.95442325903662,-0.520944533000791
0,0,0
0,0,0

StrokePoints: 29
0,0,0
0,0,0
0,0,0
0,0,0
0,0,0
-0.0141807944755501,-1.52213653048741,-0.479055466999209
1.5850529792721,-10.1132291159509,0.0837781320031642
2.35630827719482,-19.9302600991758,-0.332443735993671
4.75515893781629,-31.3396873478527,0.251334396009493
3.90590927027804,-40.2956576768879,-0.838535649654273
3.90590927027804,-45.2956576768879,-0.838535649654273
0.679080133831648,-55.4943387747912,0.55064977168117
0.679080133831648,-58.4943387747912,0.55064977168117
0.679080133831648,-58.4943387747912,0.55064977168117
0.679080133831648,-58.4943387747912,0.55064977168117
0.679080133831648,-58.4943387747912,0.55064977168117
0.679080133831648,-62.4943387747912,0.55064977168117
0.679080133831648,-62.4943387747912,0.55064977168117
-0.113446355804401,-61.3921474758524,1.02970523868038
2.34212748271927,-56.6744570415792,2.14051981734494
1.57087218479655,-49.7966570704032,3.25133439600949
3.23391953368417,-37.0071598311667,4.4939080863394
4.08316920122242,-31.0359972551437,5.75742630967009
9.77266257343026,-17.7750000992906,6.67364817766693
9.78684336790581,-9.2528635688032,7.15270364466614
13.0136725043522,-0.993413482948705,6.45811093399842
13.0136725043522,5.96100977608792,5.93716640099762
13.0136725043522,5.96100977608792,5.93716640099762
13.0136725043522,5.96100977608792,5.93716640099762

Velocities: 28
0,0,0
0,0,0
0,0,0
0,0,0
0,-2,-1
0,-4,-5
0,-6,-6
0,-6,-6
0,-5,-6
0,0,0
-4,0,-4
0,0,0
0,0,0
0,0,0
0,0,0
0,0,0
0,0,0
0,3,0
1,3,4
0,6,2
1,6,6
0,5,5
5,4,3
0,2,1
4,0,0
0,0,3
0,0,0
0,0,0

InverseVelocities: 28
0,0,0
0,0,0
0,0,0
0,0,0
0,0,0
0,0,0
0,0,0
0,0,0
0,0,0
0,0,0
0,0,0
0,0,0
0,0,0
0,0,0
0,0,0
0,0,0
0,0,0
0,0,0
0,0,0
0,0,0
0,0,0
0,0,0
0,0,0
0,0,0
0,0,0
0,0,0
0,0,0
0,0,0

RawData: 28
0,0,0,0,0,0,0,0,0,0,0,0,0,0,0,0.9096917,1,0.8991818,0,0,0,0,0,0,0,0,0,0,0,0,0,0,0,0,0,0,0,0,0,0,0,0,0,0,0,0,0,0,0,1,0.9760513,0,0,0,0,0,0,0,0,0,0,0,0,0,0,0,0,0,0,0,0,0,0,0,0,0,0,0,0,0,0,0.9197335,1,0.8854596,0,0,0,0,0,0,0,0,0,0,0,0,0,0,0,0,0,0,0,0,0,0,0,0,0,0,0,0,0,0,0.8408852,1,0.9512793,0,0,0,0,0,0,0,0,0,0,0,0,0,0,0,0,0,0,0,0,0,0,0,0,0,0,0,0,0,0,0,0.9500574,1,0,0,0,0,0,0,0,0,0,0,0,0,0,0,0
0,0,0,0,0,0,0,0,0,0,0,0,0,0,0,0.8605726,1,0.9481003,0,0,0,0,0,0,0,0,0,0,0,0,0,0,0,0,0,0,0,0,0,0,0,0,0,0,0,0,0,0,0,0.9778839,1,0,0,0,0,0,0,0,0,0,0,0,0,0,0,0,0,0,0,0,0,0,0,0,0,0,0,0,0,0,0,0.9194376,1,0.8922355,0,0,0,0,0,0,0,0,0,0,0,0,0,0,0,0,0,0,0,0,0,0,0,0,0,0,0,0,0,0,0.7064234,0.996599,1,0.7852162,0,0,0,0,0,0,0,0,0,0,0,0,0,0,0,0,0,0,0,0,0,0,0,0,0,0,0,0,0,0,1,0.9937285,0,0,0,0,0,0,0,0,0,0,0,0,0,0,0
0,0,0,0,0,0,0,0,0,0,0,0,0,0,0,0.870434,0.9981622,1,0.8811486,0,0,0,0,0,0,0,0,0,0,0,0,0,0,0,0,0,0,0,0,0,0,0,0,0,0,0,0,0,0,1,0.9832101,0,0,0,0,0,0,0,0,0,0,0,0,0,0,0,0,0,0,0,0,0,0,0,0,0,0,0,0,0,0,0.9104511,1,0.9489905,0.7792869,0,0,0,0,0,0,0,0,0,0,0,0,0,0,0,0,0,0,0,0,0,0,0,0,0,0,0,0,0,0.7707254,0.9790568,1,0.8860981,0,0,0,0,0,0,0,0,0,0,0,0,0,0,0,0,0,0,0,0,0,0,0,0,0,0,0,0,0,0,0.9705691,1,0.8397666,0,0,0,0,0,0,0,0,0,0,0,0,0,0
0,0,0,0,0,0,0,0,0,0,0,0,0,0,0,0.9078086,0.9688773,0.9948136,1,0.8879406,0,0,0,0,0,0,0,0,0,0,0,0,0,0,0,0,0,0,0,0,0,0,0,0,0,0,0,0,0.9338152,1,0.9545612,0,0,0,0,0,0,0,0,0,0,0,0,0,0,0,0,0,0,0,0,0,0,0,0,0,0,0,0,0,0,0.9713476,1,0.9546543,0.9216318,0,0,0,0,0,0,0,0,0,0,0,0,0,0,0,0,0,0,0,0,0,0,0,0,0,0,0,0,0,0.9081346,1,0.9426068,0.9603188,0.9074328,0,0,0,0,0,0,0,0,0,0,0,0,0,0,0,0,0,0,0,0,0,0,0,0,0,0,0,0,0,0,1,0.9254982,0,0,0,0,0,0,0,0,0,0,0,0,0,0
0,0,0,0,0,0,0,0,0,0,0,0,0,0,0,0.9103869,0.9882298,1,0.973823,0.8466358,0,0,0,0,0,0,0,0,0,0,0,0,0,0,0,0,0,0,0,0,0,0,0,0,0.7918084,0.8893406,0.9375516,0.949166,0.9347401,1,0.9889801,0.7905705,0,0,0,0,0,0,0,0,0,0,0,0,0,0,0,0,0,0,0,0,0,0,0,0,0,0,0.761404,0.8070983,0.7715493,0.9609342,1,0.8452451,0.8680616,0.7164575,0,0,0,0,0,0,0,0,0,0,0,0,0,0,0,0,0,0,0,0,0,0,0,0,0,0,0.7033105,0.7452533,0.8600678,1,0.9096498,0.9360184,0.8407301,0,0,0,0,0,0,0,0,0,0,0,0,0,0,0,0,0,0,0,0,0,0,0,0,0.864729,0.9301577,0.9829882,1,0.9948275,0.9909417,0.8962188,0,0,0,0,0,0,0,0,0,0,0,0,0,0,0
0,0,0,0,0,0,0,0,0,0,0,0,0,0,0.7261688,0.931539,1,0.8516017,0,0,0,0,0,0,0,0,0,0,0,0,0,0,0,0,0,0,0,0,0,0,0,0,0.7501993,0.8626489,0.8664328,0,0.8146985,0.8223562,0.7686962,1,0.9714729,0,0,0,0,0,0,0,0,0,0,0,0,0,0,0,0,0,0,0,0,0,0,0,0.7153433,0.7375039,0,0.7173729,0.682024,0.7607239,0.6258222,0.9192585,1,0.8642998,0,0.658766,0,0,0,0,0,0,0,0,0,0,0,0,0,0,0,0,0,0,0,0,0,0,0,0,0.7160566,0.7550296,0.772061,0,0.7282888,1,0.9727558,0.6946677,0.6657169,0,0,0,0,0,0,0,0,0,0,0,0,0,0,0,0,0,0,0,0,0,0,0,0,0.924069,1,0.8886847,0.7532777,0,0.8799805,0.9183561,0,0,0,0,0,0,0,0,0,0,0,0,0,0,0
0,0,0,0,0,0,0,0,0,0,0,0,0,0,0,0.9012485,1,0.8330759,0,0,0,0,0,0,0,0,0,0,0,0,0,0,0,0,0,0,0,0,0,0,0.7464455,0.8448631,0.7570817,0.7787323,0.7458232,0,0,0,0.8250361,1,0.9824266,0,0,0,0,0,0,0,0,0,0,0,0,0,0,0,0,0,0,0,0,0,0,0.7168193,0.7122589,0.725768,0,0.6919632,0.6504154,0,0.8047262,0.9682115,1,0.8540268,0,0,0,0,0,0,0,0,0,0,0,0,0,0,0,0,0,0,0,0,0,0,0,0,0,0,0.7317042,0.7641094,0.7241373,0.7664472,0.9093277,1,0.9253891,0,0.6701816,0,0,0,0,0,0,0,0,0,0,0,0,0,0,0,0,0,0,0,0,0,0.9140199,0.9752864,0.9946636,0.8556266,0.8143772,0,0,0,0.9358879,1,0.8178478,0,0,0,0,0,0,0,0,0,0,0,0,0,0
0,0,0,0,0,0,0,0,0,0,0,0,0,0,0,0.9460179,1,0.8916416,0,0,0,0,0,0,0,0,0,0,0,0,0,0,0,0,0,0,0,0,0,0,0.897333,0.9222454,0,0,0,0,0,0,0,1,0.97683,0,0,0,0,0,0,0,0,0,0,0,0,0,0,0,0,0,0,0,0,0,0,0.8126386,0,0.7865608,0,0,0.8055058,0.805252,0.8110604,0.9588442,1,0.8565598,0,0,0,0,0,0,0,0,0,0,0,0,0,0,0,0,0,0,0,0,0,0,0,0,0,0.8265806,0.8122351,0.864185,0.867744,0.8019986,0.84641,1,0.9695922,0,0,0,0,0,0,0,0,0,0,0,0,0,0,0,0,0,0,0,0,0,0,0,0,0,0.8970132,0,0,0,0,0,0.9565091,1,0.8632753,0,0,0,0,0,0,0,0,0,0,0,0,0,0
0,0,0,0,0,0,0,0,0,0,0,0,0,0.8391799,0.8362886,0.8712158,1,0.8834148,0,0,0,0,0,0,0,0,0,0,0,0,0,0,0,0,0,0,0,0,0,0,0,0.8626773,0.8318484,0,0,0,0,0,0,1,0.9719227,0,0,0,0,0,0,0,0,0,0,0,0,0,0,0,0,0,0,0,0,0,0,0.7477997,0.7278609,0,0,0.7970435,0.7617242,0,0,0.9475147,1,0.8773914,0,0,0,0,0,0,0,0,0,0,0,0,0,0,0,0,0,0,0,0,0,0,0,0,0,0,0.8473304,0.8045138,0.7382281,0,0.8580956,1,0.9587079,0,0,0,0,0,0,0,0,0,0,0,0,0,0,0,0,0,0,0,0,0,0,0.8140948,0.8120039,0,0.8155431,0,0,0,0,0.8191504,0.9580166,1,0.8579125,0,0,0,0,0,0,0,0,0,0,0,0,0,0
0,0,0,0,0,0,0,0,0,0,0,0,0,0,0,0.8945308,1,0.9050814,0,0,0,0,0,0,0,0,0,0,0,0,0,0,0,0,0,0,0,0,0,0,0,0,0,0,0,0,0,0,0,1,0.9722251,0,0,0,0,0,0,0,0,0,0,0,0,0,0,0,0,0,0,0,0,0,0,0,0,0,0,0,0,0,0,0.9452035,1,0.8765212,0,0,0,0,0,0,0,0,0,0,0,0,0,0,0,0,0,0,0,0,0,0,0,0.7521154,0.8371577,0.8693628,0.8698571,0.8044701,0,0,0.8656573,1,0.9647666,0.769315,0,0,0,0,0,0,0,0,0,0,0,0,0,0,0,0,0,0,0,0,0,0,0,0,0,0,0,0,0,0.8398737,0.9840562,1,0.8569858,0,0,0,0,0,0,0,0,0,0,0,0,0,0
0,0,0,0,0,0,0,0,0,0.8521907,0.8715219,0,0,0,0,0.9382131,1,0,0,0,0,0,0,0,0,0,0,0,0,0,0,0,0,0,0,0,0,0,0,0,0,0,0,0,0,0,0,0,0.833738,1,0.9693717,0,0,0,0,0,0,0,0,0,0,0,0,0,0,0,0,0,0,0,0,0,0,0,0,0.7511769,0.7659034,0,0,0,0.7207778,0.9504446,1,0.8684359,0,0,0,0,0,0,0,0,0,0,0,0,0,0,0,0,0,0,0,0,0,0,0,0,0.8419206,0.8673437,0.7890728,0,0,0,0.8600358,1,0.9136971,0,0,0,0,0,0,0,0,0,0,0,0,0,0,0,0,0,0,0,0,0,0,0,0,0,0,0,0,0,0,0,1,0.936133,0,0,0,0,0,0,0,0,0,0,0,0,0,0,0
0,0,0,0,0,0,0,0,0,0,0,0,0,0,0,0.8962309,1,0.8805926,0,0,0,0,0,0,0,0,0,0,0,0,0,0,0,0,0,0,0,0,0,0,0,0,0,0,0,0,0,0,0.8133544,1,0.9718601,0,0,0,0,0,0,0,0,0,0,0,0,0,0,0,0,0,0,0,0,0,0,0,0,0,0,0,0,0,0.7212077,0.9488079,1,0.857448,0,0,0,0,0,0,0,0,0,0,0,0,0,0,0,0,0,0,0,0,0,0,0,0,0,0.7827641,0.7761426,0,0,0,0.8409783,1,0.939241,0,0,0,0,0,0,0,0,0,0,0,0,0,0,0,0,0,0,0,0,0,0,0,0,0,0,0,0,0,0,0,0.9646288,1,0.8448194,0,0,0,0,0,0,0,0,0,0,0,0,0,0
0,0,0,0,0,0,0,0,0,0,0,0,0,0,0,0,1,0,0,0,0,0,0,0,0,0,0,0,0,0,0,0,0,0,0,0,0,0,0,0,0,0,0,0,0,0,0,0,0,1,0,0,0,0,0,0,0,0,0,0,0,0,0,0,0,0,0,0,0,0,0,0,0,0,0,0,0,0,0,0,0,0.9682786,1,0,0,0,0,0,0,0,0,0,0,0,0,0,0,0,0,0,0,0,0,0,0,0,0,0,0,0,0,0,0,0,0,1,0.9632399,0,0,0,0,0,0,0,0,0,0,0,0,0,0,0,0,0,0,0,0,0,0,0,0,0,0,0,0,0,0,0,0,1,0,0,0,0,0,0,0,0,0,0,0,0,0,0,0
0,0,0,0,0,0,0,0,0,0,0,0,0,0,0,0.9193494,1,0.8804697,0,0,0,0,0,0,0,0,0,0,0,0,0,0,0,0,0,0,0,0,0,0,0,0,0,0,0,0,0,0,0.8414341,1,0.9503679,0.7646259,0,0,0,0,0,0,0,0,0,0,0,0,0,0,0,0,0,0,0,0,0,0,0,0,0,0,0,0,0.7213176,0.9538248,1,0.8465285,0,0,0,0,0,0,0,0,0,0,0,0,0,0,0,0,0,0,0,0,0,0,0,0,0,0,0,0,0,0,0.8367718,1,0.9588087,0,0,0,0,0,0,0,0,0,0,0,0,0,0,0,0,0,0,0,0,0,0,0,0,0,0,0,0,0,0,0,0.9866031,1,0.7674491,0,0,0,0,0,0,0,0,0,0,0,0,0,0
0,0,0,0,0,0,0,0,0,0,0,0,0,0,0,0.9253438,1,0.9064456,0,0,0,0,0,0,0,0,0,0,0,0,0,0,0,0,0,0,0,0,0,0,0,0,0,0,0,0,0,0,0.858753,1,0.9761351,0.8284598,0,0,0,0,0,0,0,0,0,0,0,0,0,0,0,0,0,0,0,0,0,0,0,0,0,0,0,0,0,0.9409388,1,0.8833036,0,0,0,0,0,0,0,0,0,0,0,0,0,0,0,0,0,0,0,0,0,0,0,0,0,0,0,0,0,0,0.8599173,1,0.9448203,0,0,0,0,0,0,0,0,0,0,0,0,0,0,0,0,0,0,0,0,0,0,0,0,0,0,0,0,0,0,0.9218314,0.937333,1,0.8899958,0,0,0,0,0,0,0,0,0,0,0,0,0,0
0,0,0,0,0,0,0,0,0,0,0,0,0,0,0,0.9266022,1,0.8475112,0,0,0,0,0,0,0,0,0,0,0,0,0,0,0,0,0,0,0,0,0,0,0,0,0,0,0,0,0,0,0.8419524,1,0.9644802,0,0,0,0,0,0,0,0,0,0,0,0,0,0,0,0,0,0,0,0,0,0,0,0,0,0,0,0,0,0.6992562,0.9560596,1,0.8513049,0,0,0,0,0,0,0,0,0,0,0,0,0,0,0,0,0,0,0,0,0,0,0,0,0.7591426,0.7867712,0.7494414,0,0,0.7678674,0.8876319,1,0.9588246,0,0,0,0,0,0,0,0,0,0,0,0,0,0,0,0,0,0,0,0,0,0,0,0,0,0,0,0,0,0,0.9051232,1,0.9999157,0,0,0,0,0,0,0,0,0,0,0,0,0,0,0
0,0,0,0,0,0,0,0,0,0,0,0,0,0,0,0.8087962,1,0.8965039,0,0,0,0,0,0,0,0,0,0,0,0,0,0,0,0,0,0,0,0,0,0,0,0,0,0,0,0,0,0,0.822515,0.9774853,1,0.8108575,0,0,0,0,0,0,0,0,0,0,0,0,0,0,0,0,0,0,0,0,0,0,0,0,0,0,0,0,0,0.9325805,1,0.8798205,0,0,0,0,0,0,0,0,0,0,0,0,0,0,0,0,0,0,0,0,0,0,0,0,0,0,0,0,0.7520916,0.7382883,0.8081776,1,0.9717739,0.7785979,0,0,0,0,0,0,0,0,0,0,0,0,0,0,0,0,0,0,0,0,0,0,0,0,0,0,0,0,0,0,0.9432852,1,0.8278277,0,0,0,0,0,0,0,0,0,0,0,0,0,0
0,0,0,0,0,0,0,0,0,0,0,0,0,0,0.8002585,0.9414092,1,0.9051404,0,0,0,0,0,0,0,0,0,0,0,0,0,0,0,0,0,0,0,0,0,0,0,0,0,0,0,0,0,0,0,0.9654391,1,0.8413675,0,0.856445,0.8866234,0.8512998,0,0,0,0,0,0,0,0,0,0,0,0,0,0,0,0,0,0,0,0,0,0,0,0,0,0.9267414,1,0.9124678,0,0,0,0,0,0,0,0,0,0,0,0,0,0,0,0,0,0,0,0,0,0,0,0,0,0,0,0,0,0,0.8807447,1,0.957362,0,0,0,0,0,0,0,0,0,0,0,0,0,0,0,0,0,0,0,0,0,0,0,0,0,0,0,0,0,0,0,0.9380506,1,0.8977277,0.8179491,0.8685639,0.8401144,0,0,0,0,0,0,0,0,0,0,0
0,0,0,0,0,0,0,0,0,0,0,0,0,0,0,0.8940959,1,0.9010796,0,0.7555233,0.7591097,0,0,0,0,0,0,0,0,0,0,0,0,0,0,0,0,0,0,0,0,0,0,0,0,0,0,0,0.8263375,1,0.9724499,0,0,0.770164,0.8076503,0.754796,0,0,0,0,0,0,0,0,0,0,0,0,0,0,0,0,0,0,0,0,0,0,0,0,0,0.9201179,1,0.9060581,0,0.669135,0.6655051,0,0.7023937,0.666436,0,0,0,0,0,0,0,0,0,0,0,0,0,0,0,0,0,0,0,0,0,0,0,0,0.8054642,1,0.9812635,0.8005321,0.7051398,0,0,0,0,0,0,0,0,0,0,0,0,0,0,0,0,0,0,0,0,0,0,0,0,0,0,0,0,0,0.9566016,1,0.8053564,0.786795,0,0,0.8269969,0.8388548,0.7941689,0,0,0,0,0,0,0,0
0,0,0,0,0,0,0,0,0,0,0,0,0,0,0,0.8715016,1,0.9092523,0,0,0,0,0,0,0,0,0,0,0,0,0,0,0,0,0,0,0,0,0,0,0,0,0,0,0,0,0,0,0,0.9985262,1,0,0,0.7803078,0,0,0.8662509,0.9032201,0.7899153,0,0,0,0,0,0,0,0,0,0,0,0,0,0,0,0,0,0,0,0,0,0,0.9266772,1,0.8697717,0,0,0.6935592,0.6911815,0,0,0,0,0,0,0,0,0,0,0,0,0,0,0,0,0,0,0,0,0,0,0,0,0,0,0.7796078,1,0.9882209,0.7499121,0,0,0.7417277,0.710609,0,0,0,0,0,0,0,0,0,0,0,0,0,0,0,0,0,0,0,0,0,0,0,0,0,0,0.9247722,1,0.8740094,0,0,0,0,0,0.8708624,0,0,0,0,0,0,0,0
0,0,0,0,0,0,0,0,0,0,0,0,0,0,0,0.889374,1,0.9080725,0,0.7251287,0.7626948,0,0,0,0,0,0,0,0,0,0,0,0,0,0,0,0,0,0,0,0,0,0,0,0,0,0,0,0.7839333,1,0.9656253,0,0,0,0.7281156,0.8338735,0.9206323,0.9554305,0.8233961,0,0,0,0,0,0,0,0,0,0,0,0,0,0,0,0,0,0,0,0,0,0,0.9179997,1,0.8983098,0.7022981,0.7133012,0.7013492,0.6286301,0.6749851,0.7749504,0.7748901,0.6451879,0,0,0,0,0,0,0,0,0,0,0,0,0,0,0,0,0,0,0,0,0,0,0.7910287,1,0.9693505,0,0.6741793,0.7299327,0.7188427,0,0.7557963,0.746675,0,0,0,0,0,0,0,0,0,0,0,0,0,0,0,0,0,0,0,0,0,0,0,0,0.9390338,1,0.8295,0,0,0,0,0.8088347,0.9059612,0.940793,0.8240938,0,0,0,0,0,0
0,0,0,0,0,0,0,0,0,0,0,0,0,0,0,0.9105317,1,0.9125646,0,0,0,0,0,0,0,0,0,0,0,0,0,0,0,0,0,0,0,0,0,0,0,0,0,0,0,0,0,0,0,1,0.9904023,0,0,0,0,0,0,0.9368061,0,0,0,0,0,0,0,0,0,0,0,0,0,0,0,0,0,0,0,0,0,0,0,0.9318296,1,0.9156755,0,0,0,0,0,0.8366804,0.8333664,0,0,0,0,0,0,0,0,0,0,0,0,0,0,0,0,0,0,0,0,0,0,0,0,1,0.9775577,0,0,0,0,0,0,0,0,0,0,0,0,0,0,0,0,0,0,0,0,0,0,0,0,0,0,0,0,0,0,0,0.9347124,1,0,0,0,0,0,0,0.9374545,0.9615454,0,0,0,0,0,0,0
0,0,0,0,0,0,0,0,0,0,0,0,0,0,0,0.8979003,1,0.9232263,0,0,0,0,0,0.843057,0.8508374,0,0,0,0,0,0,0,0,0,0,0,0,0,0,0,0,0,0,0,0,0,0,0,0,0.997269,0.9957052,0,0,0.931292,1,0.9863259,0.8976772,0,0,0,0,0,0,0,0,0,0,0,0,0,0,0,0,0,0,0,0,0,0,0,0,0.9367445,1,0.902751,0,0.746115,0.7662331,0.8271937,0.7966897,0,0,0,0,0,0,0,0,0,0,0,0,0,0,0,0,0,0,0,0,0,0,0,0,0,0.8398584,1,0.9773521,0,0,0,0,0,0,0,0.7933779,0.8146234,0,0,0,0,0,0,0,0,0,0,0,0,0,0,0,0,0,0,0,0,0,0,0.9297566,1,0.8623845,0,0,0.8576148,0.8630912,0.8975307,0.948244,0.8951261,0,0,0,0,0,0,0
0,0,0,0,0,0,0,0,0,0,0,0,0,0,0,0.9166587,1,0.9092021,0,0,0,0,0,0,0,0,0,0,0,0,0,0,0,0,0,0,0,0,0,0,0,0,0,0,0,0,0,0,0.8596439,1,0.9734384,0.8552029,0.9405707,0.9603364,0.9251976,0,0,0,0,0,0,0,0,0,0,0,0,0,0,0,0,0,0,0,0,0,0,0,0,0,0,0.9380378,1,0.9063943,0,0,0.7735444,0,0,0,0,0,0,0,0,0,0,0,0,0,0,0,0,0,0,0,0,0,0,0,0,0,0,0,0.8488637,1,0.9760934,0,0,0,0,0,0,0.8333626,0.850435,0.7806209,0,0,0,0,0,0,0,0,0,0,0,0,0,0,0,0,0,0,0,0,0,0,0.9546299,1,0,0,0,0.9040335,0,0,0,0,0,0,0,0,0,0,0
0,0,0,0,0,0,0,0,0,0,0,0,0,0,0,0.9028558,1,0.9092658,0,0,0,0,0.9378029,0.932305,0,0,0,0,0,0,0,0,0,0,0,0,0,0,0,0,0,0,0,0,0,0,0,0,0,1,0.9911464,0,0,0,0,0,0,0,0,0,0,0,0,0,0,0,0,0,0,0,0,0,0,0,0,0,0,0,0,0,0,0.9412525,1,0.8991616,0,0,0,0,0,0,0,0,0,0,0,0,0,0,0,0,0,0,0,0,0,0,0,0,0,0,0,0,0,0,0,1,0.9818088,0,0,0,0,0.8931689,0.8993325,0.8897031,0.8621005,0,0,0,0,0,0,0,0,0,0,0,0,0,0,0,0,0,0,0,0,0,0,0,0.9451808,1,0.9126821,0,0,0,0,0,0,0,0,0,0,0,0,0,0
0,0,0,0,0,0,0,0,0,0,0,0,0,0,0,0.899669,1,0.8972203,0.7593467,0,0,0,0,0,0,0,0,0,0,0,0,0,0,0,0,0,0,0,0,0,0,0,0,0,0,0,0,0,0.8788809,1,0.9162688,0,0,0,0,0,0,0,0,0,0,0,0,0,0,0,0,0,0,0,0,0,0,0,0,0,0,0,0,0,0,0.935666,1,0.901902,0.8733367,0.8629317,0.8305454,0.8117176,0.769354,0,0,0,0,0,0,0,0,0,0,0,0,0,0,0,0,0,0,0,0,0,0,0,0,0,0.8427258,1,0.982719,0.8776037,0.9298034,0.9115759,0.8772121,0.8331438,0.7468469,0,0,0,0,0,0,0,0,0,0,0,0,0,0,0,0,0,0,0,0,0,0,0,0,0.8191524,1,0.9726361,0,0,0,0,0,0,0,0,0,0,0,0,0,0,0
0,0,0,0,0,0,0,0,0,0,0,0,0,0,0,0.8902213,1,0.9357449,0,0,0,0,0,0,0,0,0,0,0,0,0,0,0,0,0,0,0,0,0,0,0,0,0,0,0,0,0,0,0.8361515,1,0.9719017,0,0,0,0,0,0,0,0,0,0,0,0,0,0,0,0,0,0,0,0,0,0,0,0,0,0,0,0,0,0,0.9464982,1,0.9227934,0,0,0,0,0,0,0,0,0,0,0,0,0,0,0,0,0,0,0,0,0,0,0,0,0,0,0,0,0,0,0.8980529,1,0.9467779,0.9141161,0,0,0,0,0,0,0,0,0,0,0,0,0,0,0,0,0,0,0,0,0,0,0,0,0,0,0,0,0,0,0.9953867,1,0,0,0,0,0,0,0,0,0,0,0,0,0,0,0
0,0,0,0,0,0,0,0,0,0,0,0,0,0,0.7717231,0.929902,1,0.8408349,0,0,0,0,0,0,0,0,0,0,0,0,0,0,0,0,0,0,0,0,0,0,0,0,0,0,0,0,0,0,0.7950721,1,0.9840932,0.7301673,0,0,0,0,0,0,0,0,0,0,0,0,0,0,0,0,0,0,0,0,0,0,0,0,0,0,0,0,0.701263,0.9534131,1,0.8717516,0,0,0,0,0,0,0,0,0,0,0,0,0,0,0,0,0,0,0,0,0,0,0,0,0,0,0,0,0,0.6978415,0.9138364,1,0.9557571,0.6890945,0,0,0,0,0,0,0,0,0,0,0,0,0,0,0,0,0,0,0,0,0,0,0,0,0,0,0,0,0,0,0.9687333,1,0.8224489,0,0,0,0,0,0,0,0,0,0,0,0,0,0
