GestureName: z
Duration(ms): 1175
Handedness: right

SpeakerAngles: 5
55
-55
0
0
110

SpeakerElevations: 5
-10
-10
-10
0
30

InterpretedPoints: 25
0,0,0
0,0,0
0,1,0
3.24100993092194,7.63666932642686,-0.0418890660015822
4.84733410190737,16.4217687456776,-1.58377813200316
5.64695098878119,18.8476919213308,-2.43107448733702
0,4,0
0,3,0
0,0,0
0.00709039723777505,2.25347214174981,0.152703644666139
1.65595695164985,5.55121734447443,1.2635182233307
0,-4,0
-10.4871946934508,-28.0615652662219,3.64661173100554
0,0,0
-3.2835523143486,-15.3865677688046,0.167556264006329
0,0,0
1.63468575993652,4.89014146817667,0.110814578664557
4.06189800950909,5.72366837837789,0.263518223330696
2.44139304404812,8.11140560182193,1.5
0,0,0
0,0,0
0,-0.984807753012208,0.17364817766693
0,0,0
0,0,0
0,0,0

StrokePoints: 26
0,0,0
0,0,0
0,0,0
0,1,0
3.24100993092194,8.63666932642686,-0.0418890660015822
8.08834403282931,25.0584380721044,-1.62566719800475
13.7352950216105,43.9061299934352,-4.05674168534177
13.7352950216105,47.9061299934352,-4.05674168534177
13.7352950216105,50.9061299934352,-4.05674168534177
13.7352950216105,50.9061299934352,-4.05674168534177
13.7423854188483,53.159602135185,-3.90403804067563
15.3983423704981,58.7108194796595,-2.64051981734494
15.3983423704981,54.7108194796595,-2.64051981734494
4.91114767704734,26.6492542134375,1.0060919136606
4.91114767704734,26.6492542134375,1.0060919136606
1.62759536269875,11.2626864446329,1.17364817766693
1.62759536269875,11.2626864446329,1.17364817766693
3.26228112263527,16.1528279128096,1.28446275633149
7.32417913214437,21.8764962911875,1.54798097966218
9.76557217619249,29.9879018930094,3.04798097966218
9.76557217619249,29.9879018930094,3.04798097966218
9.76557217619249,29.9879018930094,3.04798097966218
9.76557217619249,29.0030941399972,3.22162915732911
9.76557217619249,29.0030941399972,3.22162915732911
9.76557217619249,29.0030941399972,3.22162915732911
9.76557217619249,29.0030941399972,3.22162915732911

Velocities: 25
0,0,0
0,0,0
0,0,0
3,1,2
5,0,7
7,0,7
0,0,0
0,0,0
0,0,0
0,1,1
1,5,4
0,0,0
-12,1,-10
0,0,0
-5,-9,-10
0,0,0
2,3,3
4,3,3
0,0,0
0,0,0
0,0,0
0,0,-1
0,0,0
0,0,0
0,0,0

InverseVelocities: 25
0,0,0
0,0,0
0,0,0
0,0,0
0,0,0
0,0,0
0,0,0
0,0,0
0,0,0
0,0,0
0,0,0
0,0,0
0,0,3
0,0,0
0,0,0
0,0,0
0,0,0
0,0,0
0,0,0
0,0,0
0,0,0
0,0,0
0,0,0
0,0,0
0,0,0

RawData: 25
0,0,0,0,0,0,0,0,0,0,0,0,0,0,0,0.9139649,1,0.8800228,0,0,0,0,0,0,0,0,0,0,0,0,0,0,0,0,0,0,0,0,0,0,0,0,0,0,0,0,0,0,0.8478111,1,0.9622722,0,0,0,0,0,0,0,0,0,0,0,0,0,0,0,0,0,0,0,0,0,0,0,0,0,0,0,0,0,0,0.9661043,1,0.7871541,0,0,0,0,0,0,0,0,0,0,0,0,0,0,0,0,0,0,0,0,0,0,0,0,0,0,0,0,0,0,0.8960779,1,0.9397175,0,0,0,0,0,0,0,0,0,0,0,0,0,0,0,0,0,0,0,0,0,0,0,0,0,0,0,0,0,0,0,1,0.9845595,0.9931582,0,0,0,0,0,0,0,0,0,0,0,0,0,0
0,0,0,0,0,0,0,0,0,0,0,0,0,0,0,0.9239489,1,0.8356963,0,0,0,0,0,0,0,0,0,0,0,0,0,0,0,0,0,0,0,0,0,0,0,0,0,0,0,0,0,0,0.8179716,1,0.9438835,0,0,0,0,0,0,0,0,0,0,0,0,0,0,0,0,0,0,0,0,0,0,0,0,0,0,0,0,0,0,0.9330225,1,0.8824707,0,0,0,0,0,0,0,0,0,0,0,0,0,0,0,0,0,0,0,0,0,0,0,0,0,0,0,0,0,0,0.8372673,1,0.9584841,0,0,0,0,0,0,0,0,0,0,0,0,0,0,0,0,0,0,0,0,0,0,0,0,0,0,0,0,0,0,0,0.9340274,1,0.9236057,0,0,0,0,0,0,0,0,0,0,0,0,0,0
0,0,0,0,0,0,0,0,0,0,0,0,0,0,0,0.9133658,1,0.8664542,0.7842941,0.7396677,0,0,0,0,0,0,0,0,0,0,0,0,0,0,0,0,0,0,0,0,0,0,0,0,0,0,0,0,0.7326676,1,0.9889156,0,0,0,0,0,0,0,0,0,0,0,0,0,0,0,0,0,0,0,0,0,0,0,0,0,0,0,0,0,0,0.9352288,1,0.9189976,0.77372,0.6361819,0,0,0,0,0,0,0,0,0,0,0,0,0,0,0,0,0,0,0,0,0,0,0,0,0,0,0,0,0.8572856,1,0.9043871,0.8878049,0.8112922,0.6880752,0,0,0,0,0,0,0,0,0,0,0,0,0,0,0,0,0,0,0,0,0,0,0,0,0,0,0,0.7216956,0.9640417,1,0.9531838,0.8975641,0,0,0,0,0,0,0,0,0,0,0,0,0
0,0,0,0,0,0,0,0,0,0,0,0,0,0,0,0.9359627,1,0.8151362,0.8954503,0.8862836,0.776079,0.7630917,0.7687535,0,0,0,0,0,0,0,0,0,0,0,0,0,0,0,0,0,0,0,0,0,0,0,0,0,0.8571013,1,0.9807399,0,0.8160381,0.7852359,0,0,0,0,0,0,0,0,0,0,0,0,0,0,0,0,0,0,0,0,0,0,0,0,0,0,0,0.947911,1,0.8869604,0.8182014,0.8549059,0.7954102,0.7014927,0,0,0,0,0,0,0,0,0,0,0,0,0,0,0,0,0,0,0,0,0,0,0,0,0,0,0.8570949,1,0.9646875,0.8119783,0.9307548,0.8994052,0.8263218,0.7456778,0.6812697,0,0,0,0,0,0,0,0,0,0,0,0,0,0,0,0,0,0,0,0,0,0,0,0,0.8274579,0.9577882,1,0.8228191,0.9285599,0.9145762,0.8067603,0,0,0,0,0,0,0,0,0,0,0
0,0,0,0,0,0,0,0,0,0,0,0,0,0,0,0.9235498,1,0.7843202,0.8182991,0.7902368,0.8025483,0.7399457,0,0.7812469,0.7514883,0,0,0,0,0,0,0,0,0,0,0,0,0,0,0,0,0,0,0,0,0,0,0,0.8120419,1,0.9560041,0,0,0,0,0,0,0,0,0,0,0,0,0,0,0,0,0,0,0,0,0,0,0,0,0,0,0,0,0,0,0.9527816,1,0.8100005,0.7836072,0.6878088,0.8137598,0.7554963,0,0.6526347,0.7298524,0.7159771,0.6588721,0,0,0,0,0,0,0,0,0,0,0,0,0,0,0,0,0,0,0,0,0,0.856429,1,0.9215115,0.7768806,0,0.8971446,0.9297127,0,0.7654226,0.768728,0.7953511,0.7428077,0,0,0,0,0,0,0,0,0,0,0,0,0,0,0,0,0,0,0,0,0,0.7834988,0.9914295,1,0.8640839,0.9371121,0.8188314,0,0,0,0,0,0,0,0,0,0,0,0
0,0,0,0,0,0,0,0,0,0,0,0,0,0,0,0.9120799,1,0.87962,0,0,0,0,0.7061092,0.7463841,0,0.7543281,0.7182512,0,0,0,0,0,0,0,0,0,0,0,0,0,0,0,0,0,0,0,0.7956409,0.7921143,0.8185258,1,0.9859862,0.8322051,0.74159,0,0,0,0,0,0,0,0,0,0,0,0,0,0,0,0,0,0,0,0,0,0,0,0,0,0,0,0,0.9341751,1,0.8839166,0.6854563,0.6923242,0.7813375,0.7398877,0,0,0.6820437,0,0.6465952,0,0,0,0,0,0,0,0,0,0,0,0,0,0,0,0,0,0,0,0,0,0.8374331,1,0.9769175,0.8335368,0.7328986,0.8613779,0.9111793,0.80244,0,0.7509501,0.8103368,0.7200379,0.7569726,0,0,0,0,0,0,0,0,0,0,0,0,0,0,0,0,0,0,0.785478,0.7888543,0.824735,0.9465708,1,0.9051884,0.790731,0,0,0,0,0,0,0,0,0,0,0,0,0
0,0,0,0,0,0,0,0,0,0,0,0,0,0,0,0.9142285,1,0.9248185,0,0,0,0,0,0,0,0,0,0,0,0,0,0,0,0,0,0,0,0,0,0,0,0,0,0,0,0,0,0,0.8605085,1,0.9845161,0,0,0,0,0,0,0,0,0,0,0,0,0,0,0,0,0,0,0,0,0,0,0,0,0,0,0,0,0.7575642,0.7577677,0.9356049,1,0.9084752,0,0,0,0,0,0,0,0,0,0,0,0,0,0,0,0,0,0,0,0,0,0,0,0,0,0,0,0,0,0,0.8743802,1,0.9657447,0,0.8355513,0,0,0.8402774,0.8021989,0,0,0,0,0,0,0,0,0,0,0,0,0,0,0,0,0,0,0,0,0,0,0,0.866,0.8532411,0.9669458,1,0.8490052,0,0,0,0,0,0,0,0,0,0,0,0,0,0
0,0,0,0,0,0,0,0,0,0,0,0,0,0,0,0.8487866,1,0.9242606,0,0,0,0,0,0,0,0,0,0,0,0,0,0,0,0,0,0,0,0,0,0,0,0,0,0,0,0,0,0,0,1,0.9902956,0,0,0,0,0,0,0,0,0,0,0,0,0,0,0,0,0,0,0,0,0,0,0,0,0,0,0,0,0,0,0.9144933,1,0.9165077,0.7178486,0.6836951,0,0,0,0,0,0,0,0,0,0,0,0,0,0,0,0,0,0,0,0,0,0,0,0,0,0,0,0,0,1,0.9699005,0.9190497,0.8425391,0,0.7903082,0.7652933,0,0,0,0,0,0,0,0,0,0,0,0,0,0,0,0,0,0,0,0,0,0,0,0,0,0,0.9526283,1,0.8252037,0,0,0,0,0,0,0,0,0,0,0,0,0,0
0,0,0,0,0,0,0,0,0,0,0,0,0,0,0,0.9358815,1,0,0,0,0,0,0,0,0,0,0,0,0,0,0,0,0,0,0,0,0,0,0,0,0,0,0,0,0,0,0,0,0,1,0.9930067,0,0,0,0,0,0,0,0,0,0,0,0,0,0,0,0,0,0,0,0,0,0,0,0,0,0,0,0,0,0,0.9376963,1,0.8484208,0,0,0,0,0,0,0,0,0,0,0,0,0,0,0,0,0,0,0,0,0,0,0,0,0,0,0,0,0,0,0.8310798,0.9816449,1,0.8906376,0.7284517,0,0,0,0,0,0,0,0,0,0,0,0,0,0,0,0,0,0,0,0,0,0,0,0,0,0,0.8355443,0.8595613,0,0.9469397,1,0.8595276,0,0,0,0,0,0,0,0,0,0,0,0,0,0
0,0,0,0,0,0,0,0,0,0,0,0,0,0,0,0.8808596,1,0.9591575,0.8915036,0.8333613,0,0,0,0,0,0,0,0,0,0,0,0,0,0,0,0,0,0,0,0,0,0,0,0,0,0,0,0,0,1,0.9829175,0.8315804,0.8563139,0.7733136,0,0,0,0,0,0,0,0,0,0,0,0,0,0,0,0,0,0,0,0,0,0,0,0,0,0,0,0.9201124,1,0.9186983,0.7451597,0.7225301,0.6841316,0,0,0,0,0,0,0,0,0,0,0,0,0,0,0,0,0,0,0,0,0,0,0,0,0,0,0,0.8094698,0.9858726,1,0.9298189,0.8172733,0.7030269,0,0,0,0,0,0,0,0,0,0,0,0,0,0,0,0,0,0,0,0,0,0,0,0,0,0,0,0,0.9123511,1,0.9118084,0.8379072,0.8056408,0,0,0,0,0,0,0,0,0,0,0,0
0,0,0,0,0,0,0,0,0,0,0,0,0,0,0,0.8308095,1,0.9060822,0.7087553,0.7944205,0.6777647,0,0,0,0,0,0,0,0,0,0,0,0,0,0,0,0,0,0,0,0,0,0,0,0,0,0,0,0.6968443,0.9897641,1,0.8060635,0.7592636,0.7613016,0,0,0.7205588,0.6923983,0,0,0,0,0,0,0,0,0,0,0,0,0,0,0,0,0,0,0,0,0,0,0.6410091,0.9180753,1,0.8697522,0.7395182,0.73027,0.7201679,0.7007875,0.6436368,0.630004,0,0,0,0,0,0,0,0,0,0,0,0,0,0,0,0,0,0,0,0,0,0,0.7405353,0.8108587,0.8849335,1,0.9784516,0.9190328,0.7720666,0,0,0,0,0,0,0,0,0,0,0,0,0,0,0,0,0,0,0,0,0,0,0,0,0,0,0,0,0,0.9144464,1,0.8173402,0.8060815,0,0,0,0,0.8081186,0.7688798,0,0,0,0,0,0,0
0,0,0,0,0,0,0,0,0,0,0,0,0,0,0,0.9180311,1,0.9066485,0,0,0,0,0,0,0,0,0,0,0,0,0,0,0,0,0,0,0,0,0,0,0,0,0,0,0,0,0,0,0.7976928,0.9949914,1,0.8210551,0,0,0,0,0,0,0,0,0,0,0,0,0,0,0,0,0,0,0,0,0,0,0,0,0,0,0,0,0,0.9367348,1,0.8915106,0,0.691275,0,0,0,0,0,0,0,0,0,0,0,0,0,0,0,0,0,0,0,0,0,0,0.7250782,0.7358574,0,0.7345821,0.7919747,0.7854775,0.8694564,1,0.9463394,0.7418145,0,0,0,0,0,0,0,0,0,0,0,0,0,0,0,0,0,0,0,0,0,0,0,0,0,0,0,0,0,0,0.928107,1,0.9033237,0,0,0,0,0,0,0,0,0,0,0,0,0,0
0.6535696,0.6746188,0.682611,0,0,0,0,0,0,0,0,0,0,0,0,0.8499316,1,0.9384779,0.652963,0,0,0,0,0,0,0,0,0,0,0,0,0,0,0,0,0,0,0,0,0,0,0,0,0,0,0,0,0,0.8021694,1,0.994676,0.78652,0.7370735,0.7062514,0,0,0,0,0,0,0,0,0,0,0,0,0,0,0,0.5993016,0.6255836,0.6132967,0.6348174,0.6404775,0.6695185,0,0.5991556,0.6295851,0,0,0,0.9181142,1,0.8856859,0,0,0,0.6200279,0.640636,0,0,0,0,0,0,0,0,0,0,0.636974,0.6352342,0,0.6631532,0.6477382,0,0.6343946,0.6945924,0.6848,0.6801443,0.6688479,0,0.6146131,0,0.6359074,0.8039614,1,0.9798713,0.7230869,0,0,0,0,0,0,0,0,0,0,0,0,0,0,0,0,0,0,0,0,0,0,0,0,0,0,0,0,0,0,0.9396025,1,0.837329,0.7663715,0,0,0,0,0,0,0,0,0,0,0,0,0
0,0,0,0,0,0,0,0,0,0,0,0,0,0,0,0.9030602,1,0.9175353,0,0,0,0,0,0,0,0,0,0,0,0,0,0,0,0,0,0,0,0,0,0,0,0,0,0,0,0,0,0,0,1,0.9975703,0,0,0,0,0,0,0,0,0,0,0,0,0,0,0,0,0,0,0,0,0,0,0,0,0,0,0,0,0,0,0.921637,1,0.893198,0,0,0,0,0,0,0,0,0,0,0,0,0,0,0,0,0,0,0,0,0,0,0,0,0,0,0,0,0,0,0,1,0.9869568,0,0,0,0,0,0,0,0,0,0,0,0,0,0,0,0,0,0,0,0,0,0,0,0,0,0,0,0,0,0,0,0,1,0,0,0,0,0,0,0,0,0,0,0,0,0,0,0
0,0,0,0,0,0,0,0,0.7923151,0.7968488,0,0,0,0,0,0.8910187,1,0.9022325,0,0,0,0,0,0,0,0,0,0,0,0,0,0,0,0,0,0,0,0.8205699,0.8664805,0.8805084,0.8777623,0.89163,0.8961899,0,0,0,0,0,0,1,0.9740988,0,0,0,0,0,0,0,0,0,0,0,0,0,0,0,0,0,0,0.7072349,0.7392619,0.7458146,0.721886,0,0,0,0,0,0,0,0,0.9288107,1,0.8825013,0,0,0,0,0,0,0,0,0,0,0,0,0,0,0,0,0,0,0,0,0,0,0,0,0,0,0,0,0,0,0.835504,1,0.9627674,0,0,0,0,0,0,0,0,0,0,0,0,0,0,0,0,0,0,0,0,0.9152513,0.9256832,0,0,0,0,0,0,0,0,0,0.953759,1,0,0,0,0,0,0,0,0,0,0,0,0,0,0,0
0,0,0,0,0,0,0,0,0,0,0,0,0,0,0,0.9616795,1,0,0,0,0,0,0,0,0,0,0,0,0,0,0,0,0,0,0,0,0,0,0,0,0,0,0,0,0,0,0,0,0,1,0.952769,0,0,0,0,0,0,0,0,0,0,0,0,0,0,0,0,0,0,0,0,0,0,0,0,0,0,0,0,0,0,0.9564925,1,0.867636,0,0,0,0,0,0,0,0,0,0,0,0,0,0,0,0,0,0,0,0,0,0,0,0,0,0,0,0,0,0,0.8850084,1,0.9420849,0,0,0,0,0,0,0,0,0,0,0,0,0,0,0,0,0,0,0,0,0,0,0,0,0,0,0,0,0,0,0,0.958384,1,0,0,0,0,0,0,0,0,0,0,0,0,0,0,0
0,0,0,0,0,0,0,0,0,0,0,0,0,0,0.7221704,0.9169195,1,0.9197142,0.7828802,0.7706402,0.7641268,0.7307328,0,0,0,0,0,0,0,0,0,0,0,0,0,0,0,0,0,0,0,0,0,0,0,0,0,0.7265157,0.8637605,1,0.9853167,0.887381,0.9189744,0.9186036,0.8612972,0.7817711,0,0,0,0,0,0,0,0,0,0,0,0,0,0,0,0,0,0,0,0,0,0,0,0,0.65339,0.9487602,1,0.8559122,0.7267269,0.7486435,0.718238,0.6959468,0.6466225,0,0,0,0,0,0,0,0,0,0,0,0,0,0,0,0,0,0,0,0,0,0,0,0,0.7101501,0.830331,1,0.9542333,0.7107779,0,0,0,0,0,0,0,0,0,0,0,0,0,0,0,0,0,0,0,0,0,0,0,0,0,0,0,0,0,0.7810009,0.9875313,1,0.7640811,0.7542336,0,0.7511497,0.7709131,0,0,0,0,0,0,0,0,0,0
0,0,0,0,0,0,0,0,0,0,0,0,0,0,0.7240272,0.9261454,1,0.8663925,0,0,0,0,0.7906825,0.7513571,0,0,0,0,0,0,0,0,0,0,0,0,0,0,0,0,0,0,0,0,0,0,0,0,0.8142376,1,0.9823165,0.7776356,0,0.7812157,0.7590681,0.7691275,0,0,0,0,0,0,0,0,0,0,0,0,0,0,0,0,0,0,0,0,0,0,0,0.6463119,0.7473634,0.9592243,1,0.8563312,0,0,0,0.6472473,0.6728903,0,0,0,0,0,0,0,0,0,0,0,0,0,0,0,0,0,0,0,0,0,0,0,0,0,0.8554441,1,0.9571313,0.7307299,0,0,0,0,0,0,0,0,0,0,0,0,0,0,0,0,0,0,0,0,0,0,0,0,0,0,0,0,0,0,0.9890844,1,0.7750176,0,0,0.8246673,0.8676687,0.7629545,0,0,0,0,0,0,0,0,0
0,0,0,0,0,0,0,0,0,0,0,0,0,0,0,0.8979391,1,0.8803606,0,0,0,0,0,0,0,0,0,0,0,0,0,0,0,0,0,0,0,0,0,0,0,0,0,0,0,0,0,0,0.787375,1,0.9722017,0,0,0,0,0,0,0,0,0,0,0,0,0,0,0,0,0,0,0,0,0,0,0,0,0,0,0,0,0,0,0.9470311,1,0.8418576,0,0,0,0,0,0,0,0,0,0,0,0,0,0,0,0,0,0,0,0,0,0,0,0,0,0,0,0,0,0,0.875228,1,0.9374579,0,0,0,0,0,0,0,0,0.6996935,0.7656934,0.7047892,0,0,0,0,0,0,0,0,0,0,0,0,0,0,0,0,0,0,0,0,0.9662852,1,0,0,0,0,0.8600945,0,0,0,0,0,0,0,0,0,0
0,0,0,0,0,0,0,0,0,0,0,0,0,0,0,0.9387619,1,0.8851614,0,0,0,0,0,0,0,0,0,0,0,0,0,0,0,0,0,0,0,0,0,0,0,0,0,0,0,0,0,0,0.8603011,1,0.9746417,0,0,0,0,0,0,0,0,0,0,0,0,0,0,0,0,0,0,0,0,0,0,0,0,0,0,0,0,0,0,0.9592569,1,0.871265,0,0,0,0,0,0,0,0,0,0,0,0,0,0,0,0,0,0,0,0,0,0,0,0,0,0,0,0,0,0,0.8445854,1,0.9667885,0,0,0,0,0,0,0,0,0,0,0,0,0,0,0,0,0,0,0,0,0,0,0,0,0,0,0,0,0,0,0,0.9682853,1,0,0,0,0,0,0,0,0,0,0,0,0,0,0,0
0,0,0,0,0,0,0,0,0,0,0,0,0,0,0,0,1,0.8862711,0,0,0,0,0,0,0,0,0,0,0,0,0,0,0,0,0,0,0,0,0,0,0,0,0,0,0,0,0,0,0,1,0.9715338,0,0,0,0,0,0,0,0,0,0,0,0,0,0,0,0,0,0,0,0,0,0,0,0,0,0,0,0,0,0,0.9521479,1,0.8746929,0,0,0,0,0,0,0,0,0,0,0,0,0,0,0,0,0,0,0,0,0,0,0,0,0,0,0,0,0,0,0.8945782,1,0.9518923,0,0,0,0,0,0,0,0,0,0,0,0,0,0,0,0,0,0,0,0,0,0,0,0,0,0,0,0,0,0,0,0.9657385,1,0,0,0,0,0,0,0,0,0,0,0,0,0,0,0
0,0,0,0,0,0,0,0,0,0,0,0,0,0,0,0.9156775,1,0.9000241,0.7230019,0,0,0,0,0,0,0,0,0,0,0,0,0,0,0,0,0,0,0,0,0,0,0,0,0,0,0,0,0,0.8492579,1,0.9603309,0,0,0,0,0,0,0,0,0,0,0,0,0,0,0,0,0,0,0,0,0,0,0,0,0,0,0,0.6906153,0.668519,0.7064289,0.9508842,1,0.8622332,0,0,0,0,0,0,0,0,0,0,0,0,0,0,0,0,0,0,0,0,0,0,0,0,0,0,0,0,0,0.6584287,0.8509455,1,0.9450002,0,0,0,0,0,0,0,0,0,0,0,0,0,0,0,0,0,0,0,0,0,0,0,0,0,0,0,0,0,0,0.785941,0.9813098,1,0.8086643,0,0,0,0,0,0,0,0,0,0,0,0,0,0
0,0,0,0,0,0,0,0,0,0,0,0,0,0,0,0.9214129,1,0.8880881,0,0,0,0,0,0,0,0,0,0,0,0,0,0,0,0,0,0,0,0,0,0,0,0,0,0,0,0,0,0.7236835,0.8420529,1,0.9753256,0.745839,0,0,0,0,0,0,0,0,0,0,0,0,0,0,0,0,0,0,0,0,0,0,0,0,0,0,0,0.6639188,0.7337384,0.9532849,1,0.8704889,0,0,0,0,0,0,0,0,0,0,0,0,0,0,0,0,0,0,0,0,0,0,0,0,0,0,0,0,0,0,0.8777397,1,0.9504024,0.6634717,0,0,0,0,0,0,0,0,0,0,0,0,0,0,0,0,0,0,0,0,0,0,0,0,0,0,0,0,0,0,0.9633175,1,0.8419015,0,0,0,0,0,0,0,0,0,0,0,0,0,0
0,0,0,0,0,0,0,0,0,0,0,0,0,0,0,0.9338889,1,0.8616855,0,0,0,0,0,0,0,0,0,0,0,0,0,0,0,0,0,0,0,0,0,0,0,0,0,0,0,0,0,0,0.8187476,1,0.9629293,0,0,0,0,0,0,0,0,0,0,0,0,0,0,0,0,0,0,0,0,0,0,0,0,0,0,0,0,0,0,0.943583,1,0.8621144,0,0,0,0,0,0,0,0,0,0,0,0,0,0,0,0,0,0,0,0,0,0,0,0,0,0,0,0,0,0,0.8482053,1,0.9514194,0,0,0,0,0,0,0,0,0,0,0,0,0,0,0,0,0,0,0,0,0,0,0,0,0,0,0,0,0,0,0,0.9736255,1,0,0,0,0,0,0,0,0,0,0,0,0,0,0,0
0,0,0,0,0,0,0,0,0,0,0,0,0,0,0,0.915325,1,0.8775676,0,0,0,0,0,0,0,0,0,0,0,0,0,0,0,0,0,0,0,0,0,0,0,0,0,0,0,0,0,0,0.8211885,1,0.9641295,0,0,0,0,0,0,0,0,0,0,0,0,0,0,0,0,0,0,0,0,0,0,0,0,0,0,0,0,0,0,0.9531144,1,0.8650898,0,0,0,0,0,0,0,0,0,0,0,0,0,0,0,0,0,0,0,0,0,0,0,0,0,0,0,0,0,0,0.8637527,1,0.9510866,0,0,0,0,0,0,0,0,0,0,0,0,0,0,0,0,0,0,0,0,0,0,0,0,0,0,0,0,0,0,0,0.9515126,1,0,0,0,0,0,0,0,0,0,0,0,0,0,0,0
