GestureName: rectangle
Duration(ms): 1410
Handedness: right

SpeakerAngles: 5
55
-55
0
0
110

SpeakerElevations: 5
-10
-10
-10
0
30

InterpretedPoints: 30
0,0,0
0,0,0
0,0,0
0,0,0
-4.05480761227132,-9.18036165679801,-0.458110933998418
-0.0354519861888747,-12.2369762147735,-0.416221867996835
-0.0638135751399753,-21.2660570287605,-1.20068462432832
-6.52456224527054,-26.0536215892071,-0.13785102532595
-4.89696688257179,-19.4169522627802,-0.179740091327532
0.806707284111599,-6.6490108234275,1.04188906600158
7.26745595424216,-1.02155579988374,-0.0209445330007912
4.83315330743182,14.8996322151901,-2.06283359900237
6.46783906736834,3.37721924057237,0.652703644666139
1.6134145682232,-3.09934054895166,0.694592710667721
0,0,0
4.05480761227132,2.21074615077359,0.805407289332278
4.06898840674687,11.9771405201277,0.416221867996835
7.30999833766881,6.38474425467565,1.41622186799684
4.03353642055799,14.8932686622942,-1.91012995433623
8.10252482730486,11.267360708749,0.763518223330696
4.06189800950909,5.63952007641402,1.13175911166535
1.62759536269875,1.39241148756016,0.82635182233307
0,0,0
0.0283615889511002,6.04427306097482,0.958110933998418
-2.41303145509702,4.9024829651773,-0.889185421335443
-2.38466986614592,-2.52656740459349,1.97905546699921
-6.48201986184389,-3.96012475901094,-1.82635182233307
-4.05480761227132,-8.18036165679801,-0.458110933998418
0,0,0
0,0,0

StrokePoints: 31
0,0,0
0,0,0
0,0,0
0,0,0
0,0,0
-4.05480761227132,-9.18036165679801,-0.458110933998418
-4.09025959846019,-21.4173378715715,-0.874332801995253
-4.15407317360017,-42.6833949003319,-2.07501742632358
-10.6786354188707,-68.737016489539,-2.21286845164953
-15.5756023014425,-88.1539687523192,-2.39260854297706
-14.7688950173309,-94.8029795757467,-1.35071947697548
-7.50143906308874,-95.8245353756304,-1.37166400997627
-2.66828575565692,-80.9249031604403,-3.43449760897864
3.79955331171142,-77.5476839198679,-2.7817939643125
5.41296787993462,-80.6470244688196,-2.08720125364478
5.41296787993462,-80.6470244688196,-2.08720125364478
9.46777549220593,-78.436278318046,-1.2817939643125
13.5367638989528,-66.4591377979183,-0.865572096315666
20.8467622366216,-60.0743935432426,0.550649771681169
24.8802986571796,-45.1811248809484,-1.35948018265506
32.9828234844845,-33.9137641721994,-0.595961959324368
37.0447214939936,-28.2742440957854,0.53579715234098
38.6723168566923,-26.8818326082252,1.36214897467405
38.6723168566923,-26.8818326082252,1.36214897467405
38.7006784456434,-20.8375595472504,2.32025990867247
36.2876469905464,-15.9350765820731,1.43107448733702
33.9029771244005,-18.4616439866666,3.41012995433623
27.4209572625566,-22.4217687456775,1.58377813200316
23.3661496502853,-30.6021304024755,1.12566719800475
23.3661496502853,-30.6021304024755,1.12566719800475
23.3661496502853,-30.6021304024755,1.12566719800475

Velocities: 30
0,0,0
0,0,0
0,0,0
0,0,0
-2,0,-4
0,-5,-7
0,-9,-10
-8,-10,-10
-6,-8,-8
-1,-2,-3
6,-2,-1
5,-2,6
3,-3,2
0,-2,-2
0,0,0
2,0,2
4,4,4
5,3,4
6,1,4
5,0,5
3,2,0
0,0,1
0,0,0
0,4,2
0,4,4
-4,4,3
-3,1,1
-2,0,-4
0,0,0
0,0,0

InverseVelocities: 30
0,0,0
0,0,0
0,0,0
0,0,0
0,0,0
0,0,0
0,0,0
0,0,0
0,0,1
0,0,0
0,2,2
0,0,0
0,0,-4
0,0,0
0,0,0
0,0,0
0,0,0
0,0,0
0,0,0
0,0,0
0,0,0
0,0,0
0,0,0
0,0,0
0,0,0
0,0,-4
0,0,-4
0,0,0
0,0,0
0,0,0

RawData: 30
0,0,0,0,0,0,0,0,0,0,0,0,0,0,0,0.9271182,1,0.8957939,0,0,0,0,0,0,0,0,0,0,0,0,0,0,0,0,0,0,0,0,0,0,0,0,0,0,0,0,0,0,0.8514926,1,0.9779538,0.7951103,0,0,0,0,0,0,0,0,0,0,0,0,0,0,0,0,0,0,0,0,0,0,0,0,0,0,0,0,0.692306,0.9630576,1,0.8494415,0.6383535,0,0,0,0,0,0,0,0,0,0,0,0,0,0,0,0,0,0,0,0,0,0,0,0,0,0,0,0,0,0.8845572,1,0.9409444,0,0,0,0,0,0,0,0,0,0,0,0,0,0,0,0,0,0,0,0,0,0,0,0,0,0,0,0,0,0,0,0.9878697,1,0.9817142,0,0,0,0,0,0,0,0,0,0,0,0,0,0
0,0,0,0,0,0,0,0,0,0,0,0,0,0,0,0.9180076,1,0.8856797,0,0,0,0,0,0,0,0,0,0,0,0,0,0,0,0,0,0,0,0,0,0,0,0,0,0,0,0,0,0,0.8058526,1,0.9954027,0.8203505,0,0,0,0,0,0,0,0,0,0,0,0,0,0,0,0,0,0,0,0,0,0,0,0,0,0,0,0,0.6132538,0.9482095,1,0.8861488,0.6082441,0,0,0,0,0,0,0,0,0,0,0,0,0,0,0,0,0,0,0,0,0,0,0,0,0,0,0,0,0,0.8678241,1,0.9521781,0.6555021,0,0,0,0,0,0,0,0,0,0,0,0,0,0,0,0,0,0,0,0,0,0,0,0,0,0,0,0,0,0,0.9270791,1,0.9484971,0.770376,0,0,0,0,0,0,0,0,0,0,0,0,0
0,0,0,0,0,0,0,0,0,0,0,0,0,0,0,0.9179058,1,0.8946624,0,0,0,0,0,0,0,0,0,0,0,0,0,0,0,0,0,0,0,0,0,0,0,0,0,0,0,0,0,0,0.7603307,1,0.9752325,0,0,0,0,0,0,0,0,0,0,0,0,0,0,0,0,0,0,0,0,0,0,0,0,0,0,0,0,0,0.6142572,0.9530247,1,0.8603144,0,0,0,0,0,0,0,0,0,0,0,0,0,0,0,0,0,0,0,0,0,0,0,0,0,0,0,0,0,0.6186725,0.865576,1,0.9513333,0.658561,0,0,0,0,0,0,0,0,0,0,0,0,0,0,0,0,0,0,0,0,0,0,0,0,0,0,0,0,0,0.7806931,0.9775911,1,0.8339331,0,0,0,0,0,0,0,0,0,0,0,0,0,0
0,0,0,0,0,0,0,0,0,0,0,0,0,0,0.8441817,0.9330748,1,0.8951998,0,0,0,0,0,0,0,0,0,0,0,0,0,0,0,0,0,0,0,0,0,0,0,0,0,0,0,0,0,0.8569618,0.9446806,1,0.9518989,0,0,0,0,0,0,0,0,0,0,0,0,0,0,0,0,0,0,0,0,0,0,0,0,0,0,0,0,0,0.7471045,0.9615649,1,0.8867614,0,0,0,0,0,0,0,0,0,0,0,0,0,0,0,0,0,0,0,0,0,0,0,0,0,0,0,0,0,0.8097684,0.8829123,1,0.9549509,0,0,0,0,0,0,0,0,0,0,0,0,0,0,0,0,0,0,0,0,0,0,0,0,0,0,0,0,0.8145767,0.8696749,0.8736634,0.9762747,1,0.8386649,0,0,0,0,0,0,0,0,0,0,0,0,0,0
0,0,0,0,0,0,0,0,0,0,0,0.8039307,0.848492,0.8404436,0.7561659,0.9375822,1,0.87182,0,0,0,0,0,0,0,0,0,0,0,0,0,0,0,0,0,0,0,0,0,0,0,0,0,0,0,0,0,0.7585105,0.76553,1,0.978281,0,0,0,0,0,0,0,0,0,0,0,0,0,0,0,0,0,0,0,0,0,0,0,0,0.6574444,0.6900471,0.6527828,0.6391776,0.6424317,0.6984687,0.9523754,1,0.8836747,0,0,0,0,0,0,0,0,0,0,0,0,0,0,0,0,0,0,0,0,0,0,0,0.6563708,0.6596007,0,0.6934537,0.7049204,0.7243908,0.724507,0.8516407,1,0.9542729,0,0,0,0,0,0,0,0,0,0,0,0,0,0,0,0,0,0,0,0,0,0,0,0,0,0.7748194,0.8115766,0.8434857,0.8325574,0.8183718,0,0.9728925,1,0.8458675,0,0,0,0,0,0,0,0,0,0,0,0,0,0
0,0,0,0,0,0,0,0,0,0,0,0,0,0,0,0.9398089,1,0.8925989,0,0,0,0,0,0,0,0,0,0,0,0,0,0,0,0,0,0,0,0,0,0,0,0.8793492,0.9187016,0.9210033,0.8578161,0,0,0,0,1,0.9716034,0,0,0,0,0,0,0,0,0,0,0,0,0,0,0,0,0,0,0,0,0,0.7523282,0.7892474,0,0.7648002,0.7781391,0,0,0,0,0.9528502,1,0.90356,0,0,0,0,0,0,0,0,0,0,0,0,0,0,0,0,0,0,0,0,0,0,0,0,0.7479334,0,0,0,0,0,0.8919857,1,0.9672156,0.7460868,0,0,0,0,0,0,0,0,0,0,0,0,0,0,0,0,0,0,0,0,0,0,0.9688448,0.9792767,0.9674489,0,0,0,0,0,0.9964183,1,0,0,0,0,0,0,0,0,0,0,0,0,0,0,0
0,0,0,0,0,0,0,0,0,0,0,0,0,0,0.7568205,0.9319045,1,0.9221914,0,0,0,0,0,0,0,0,0,0,0,0,0,0,0,0,0,0,0,0.8276325,0.9521528,0.9840346,0.9211954,0.8345652,0,0.7790005,0,0,0,0.78346,0.8798364,1,0.9876903,0.7950794,0,0,0,0,0,0,0,0,0,0,0,0,0,0,0,0,0,0.6781453,0.7692732,0.7972535,0.7264901,0.7721208,0.7658032,0.6719747,0,0,0,0,0.6906768,0.9469722,1,0.882153,0,0,0,0,0,0,0,0,0,0,0,0,0,0,0,0,0,0,0,0.7153987,0.7449961,0.667557,0.7816247,0.754328,0.6850005,0,0,0,0,0,0.8432044,1,0.9963722,0.8338169,0,0,0,0,0,0,0,0,0,0,0,0,0,0,0,0,0,0,0.8683441,0.9105598,0.8581038,0,0.8245238,0,0,0,0,0,0,0,0.9920664,1,0.900055,0,0,0,0,0,0,0,0,0,0,0,0,0,0
0,0,0,0,0,0.6863493,0.717446,0,0.6746514,0.6807953,0,0,0,0,0.7203748,0.8601839,1,0.9293273,0,0,0,0,0,0,0,0,0,0,0,0,0,0,0,0,0,0,0.6971626,0.85863,0.9170386,0.8388404,0.8207472,0.8281225,0.7965835,0.8020147,0.7694153,0,0.8108825,0.8332167,0.7947648,1,0.9787479,0.7534881,0,0,0,0,0,0,0,0,0,0,0,0,0,0,0,0,0,0.6895894,0.7526077,0.6825989,0,0.6241142,0,0,0,0.6491735,0.6173688,0.6349722,0,0.9238742,1,0.889566,0,0,0,0,0,0,0,0,0,0,0,0,0,0,0,0,0,0,0,0.6977668,0.7037077,0,0.6850781,0.6643891,0,0,0,0,0,0,0.7913964,1,0.9888994,0.758609,0,0,0,0,0,0,0,0,0,0,0,0,0,0,0,0,0,0.6481975,0.7527775,0.7169577,0,0,0.6414018,0,0,0,0,0,0.6379911,0.737251,0.9397903,1,0.9050034,0,0,0,0,0,0,0,0,0,0,0,0,0,0
0,0,0,0,0,0,0,0.6236677,0.630046,0,0.6303728,0.6333728,0.6154685,0,0.729669,0.8857773,1,0.9131386,0.6177175,0,0,0,0,0,0,0,0,0,0,0,0,0,0,0,0,0,0,0,0.6273971,0.6888076,0.6717302,0.6166716,0,0.6248471,0.6925563,0.6220914,0.7251252,0.7591443,0.7245301,1,0.9962291,0.7640408,0,0,0,0,0,0,0,0,0,0,0,0,0,0,0,0,0,0,0,0.5782095,0.6360033,0.6751109,0.6402005,0.5456396,0.6521972,0.6719079,0.6831979,0.6763348,0.6292638,0.9017386,1,0.8859417,0,0.542236,0.5712378,0,0,0,0,0,0,0,0,0,0,0,0,0,0,0,0,0,0,0,0.6080581,0.5860245,0.5360948,0.5625253,0.5250919,0.5821324,0,0.5769832,0.8656921,1,0.9513944,0.5993553,0.5324125,0,0,0,0,0,0,0,0,0,0,0,0,0,0,0,0,0,0,0.5952462,0.5937285,0.6771722,0.7182541,0.6986337,0.6001223,0,0,0,0,0.6617836,0.8930494,1,0.8991607,0,0,0,0,0,0,0,0,0,0,0,0,0,0
0,0,0,0,0,0,0,0,0,0,0,0,0.7482075,0.7538237,0.7211512,0.9017455,1,0.9129252,0.6700927,0,0,0,0,0,0,0,0,0,0,0,0,0,0,0,0,0,0,0,0,0,0,0,0,0,0.7221153,0.7326346,0.7588304,0.794128,0.772608,1,0.9828342,0.77349,0,0,0,0,0,0,0,0,0,0,0,0,0,0,0,0,0,0,0,0,0,0,0,0,0.6879987,0.6881196,0.6943424,0.7337469,0.7615651,0.9334295,1,0.903614,0.6414073,0,0,0,0,0,0,0,0,0,0,0,0,0,0,0,0,0,0,0,0,0,0,0,0,0,0.688488,0.6843095,0,0.6203227,0.8306903,1,0.9664261,0.6964836,0,0,0,0,0,0,0,0,0,0,0,0,0,0,0,0,0,0,0,0,0,0,0,0,0,0,0,0.6851943,0.6898774,0.7394809,0.9349005,1,0.8787368,0,0,0,0,0,0,0,0,0,0,0,0,0,0
0,0,0,0,0,0,0,0,0,0,0,0,0,0,0,0.9044992,1,0.9183285,0.6872851,0.6910148,0.675862,0,0,0.7145598,0.7264828,0.6966299,0,0,0,0,0,0,0,0,0,0,0,0,0,0,0,0,0,0,0.7452642,0.7667965,0.7412074,0.7191653,0.7509063,1,0.9817705,0.87471,0.8569015,0.7974454,0.7112374,0,0,0,0,0,0,0,0,0,0,0,0,0,0,0,0,0,0,0,0,0,0,0,0.6414837,0.6637711,0.7353262,0.9268972,1,0.8940815,0.6732508,0.6554365,0.669688,0.653691,0,0,0,0,0,0,0,0,0,0,0,0,0,0,0,0,0,0,0,0,0,0,0.6884752,0.7165415,0.6780485,0,0.8123057,1,0.9804638,0.7721527,0.6326511,0.661081,0,0,0,0,0,0,0,0,0,0,0,0,0,0,0,0,0,0,0,0,0,0,0,0,0.720373,0.6964381,0.7009781,0.6869848,0.9419536,1,0.837015,0.7114881,0.6980169,0,0,0,0,0,0,0,0,0,0,0,0
0,0,0,0,0,0,0,0,0,0,0,0,0,0.6827942,0.7364771,0.9221095,1,0.895978,0,0,0.7282824,0.7420484,0.7406142,0.7504319,0.670462,0,0,0,0,0,0,0,0,0,0,0,0,0,0,0,0,0,0,0,0.7087538,0.8201393,0.8401717,0.7916052,0.8233816,1,0.9449454,0,0,0,0,0,0,0,0,0,0,0,0,0,0,0,0,0,0,0,0,0,0,0,0,0,0,0,0,0.6622301,0.7150645,0.9324138,1,0.8940909,0,0.6245691,0.6302059,0.6434503,0.6410271,0.6155078,0.6529696,0.595262,0,0,0,0,0,0,0,0,0,0,0,0,0,0,0,0,0,0,0,0,0.7365412,0.7622731,0.8061699,1,0.9759518,0.7202624,0,0.6147156,0.65536,0,0,0.602044,0.5924052,0.6072038,0,0,0,0,0,0,0,0,0,0,0,0,0,0,0,0,0,0,0.6556155,0.644738,0.6371454,0,0.9628537,1,0.8337756,0,0,0,0,0,0,0,0,0,0,0,0,0,0
0,0,0,0,0,0,0,0,0,0,0,0,0,0,0,0.9014416,1,0.9120152,0.6164198,0.6451285,0.7081607,0.712276,0.6658888,0,0,0,0,0,0,0,0,0,0,0,0,0,0,0,0,0,0,0,0,0.8647788,0.8468786,0.8214579,0,0.811078,1,0.9283975,0.9422674,0,0,0,0,0,0,0,0,0,0,0,0,0,0,0,0,0,0,0,0,0,0,0,0,0.5617935,0.6051433,0.6048307,0.6214588,0.5850845,0,0.9327478,1,0.8939775,0.6001336,0.6289044,0.661829,0.5769804,0,0,0,0,0,0,0,0,0,0,0,0,0,0,0,0,0,0,0,0,0,0,0,0,0.597028,0.6648085,0.8359904,1,0.9675806,0.7154444,0.6464438,0.6385777,0.620152,0,0,0,0,0,0,0,0,0,0,0,0,0,0,0,0,0,0,0,0,0,0,0,0,0.6660658,0,0.7889497,0.9742936,1,0.8426308,0.6236047,0.6322222,0.6617439,0,0,0,0,0,0,0,0,0,0,0
0,0,0,0,0,0,0,0,0,0,0,0,0,0,0,0.8860139,1,0.9141037,0,0,0,0,0,0,0,0,0,0,0,0,0,0,0,0,0,0,0,0,0,0,0,0,0,0,0.665889,0.7751625,0.7800711,0.7567496,0.8043659,1,0.9851177,0.7279052,0,0,0,0,0,0,0,0,0,0,0,0,0,0,0,0,0,0,0,0,0,0,0,0,0,0.5324376,0.5386564,0,0.5824614,0.9341059,1,0.8761064,0.5315976,0,0,0,0,0,0,0,0,0,0,0,0,0,0,0,0,0,0,0,0,0,0,0,0,0,0,0,0,0.5631058,0.8311629,1,0.9737744,0.7257937,0,0,0,0,0,0,0,0,0,0,0,0,0,0,0,0,0,0,0,0,0,0,0,0,0,0,0,0,0.7205619,0.8641859,0.9936686,1,0.818034,0,0,0,0,0,0,0,0,0,0,0,0,0,0
0,0,0,0,0,0,0,0,0,0,0,0,0,0,0.6584533,0.9101481,1,0.9187192,0.6585903,0,0,0,0,0,0,0,0,0,0,0,0,0,0,0,0,0,0,0,0,0,0,0,0,0,0,0,0,0,0,0.99933,1,0.7706087,0,0,0,0,0,0,0,0,0,0,0,0,0,0,0,0,0,0,0,0,0,0,0,0,0,0,0,0,0.5790108,0.9277605,1,0.8914419,0.5923451,0,0,0,0,0,0,0,0,0,0,0,0,0,0,0,0,0,0,0,0,0,0,0,0,0,0,0,0,0,0.8468487,1,0.9701996,0.6997225,0,0,0,0,0,0,0,0,0,0,0,0,0,0,0,0,0,0,0,0,0,0,0,0,0,0,0,0,0.7416722,0.8156272,0.8896677,1,0.9282387,0.7281808,0,0,0,0,0,0,0,0,0,0,0,0,0
0,0,0,0,0,0,0,0,0,0,0,0,0,0,0,0.9157372,1,0.8767981,0,0,0.6501529,0.6469398,0,0,0,0,0,0,0,0,0,0,0,0,0,0,0,0,0,0,0,0,0,0,0,0,0,0,0.8397174,1,0.9674953,0.7993797,0.704724,0,0,0,0,0,0,0,0,0,0,0,0,0,0,0,0,0,0,0,0,0,0,0,0,0,0,0,0.6221945,0.9312482,1,0.8819546,0.6257356,0.6766693,0.6312533,0.6113737,0,0,0,0,0,0,0,0,0,0,0,0,0,0,0,0,0,0,0,0,0,0,0,0,0,0,0.8202267,1,0.9702047,0.7139601,0,0,0,0,0,0,0,0,0,0,0,0,0,0,0,0,0,0,0,0,0,0,0,0,0,0,0,0,0,0.778711,0.9800338,1,0.8334716,0.7007079,0.7599287,0.6989088,0.6742281,0,0,0,0,0,0,0,0,0,0
0,0,0,0,0,0,0,0,0,0,0,0,0,0,0,0.9156469,1,0.8884264,0,0,0,0.7410719,0.7868032,0.6731012,0,0,0,0,0,0,0,0,0,0,0,0,0,0,0,0,0,0,0,0,0,0,0,0,0.8272328,1,0.9567996,0.7318938,0.6770604,0.6127957,0.6973203,0.6741647,0.6483446,0,0,0,0,0,0,0,0,0,0,0,0,0,0,0,0,0,0,0,0,0,0,0,0.634849,0.9500976,1,0.8533815,0.6156542,0.6746168,0.5756679,0.6484907,0.695589,0.5921833,0,0,0,0,0,0,0,0,0,0,0,0,0,0,0,0,0,0,0,0,0,0,0,0,0.8406013,1,0.948131,0,0,0.6301853,0.6621863,0.687793,0.6655593,0.6020345,0,0,0,0,0,0,0,0,0,0,0,0,0,0,0,0,0,0,0,0,0,0,0,0.7880719,1,0.9949731,0.8102604,0.7211457,0.6653436,0.6424562,0.639104,0.7207555,0.6485564,0,0,0,0,0,0,0,0
0,0,0,0,0,0,0,0,0,0,0,0,0,0,0,0.9187994,1,0.8926632,0,0,0,0,0.8206274,0.8753424,0.831578,0,0,0,0,0,0,0,0,0,0,0,0,0,0,0,0,0,0,0,0,0,0,0,0.8398704,1,0.9801887,0.7397006,0.7601054,0.7706007,0,0.7387744,0,0,0,0,0,0,0,0,0,0,0,0,0,0,0,0,0,0,0,0,0,0,0,0,0.7001896,0.962366,1,0.8749937,0.6889473,0,0,0,0.7388694,0.73381,0,0,0,0,0,0,0,0,0,0,0,0,0,0,0,0,0,0,0,0,0,0,0,0,0.8863534,1,0.948707,0.6915092,0.6974668,0,0,0,0,0,0,0,0,0,0,0,0,0,0,0,0,0,0,0,0,0,0,0,0,0,0,0,0,0.8229573,1,0.9994891,0.8073131,0,0,0,0.7419407,0,0,0.7644011,0.7428693,0,0,0,0,0,0
0,0,0,0,0,0,0,0,0,0,0,0,0,0,0,0.9330565,1,0.8801734,0,0,0,0,0,0.7976539,0.8340585,0.7513742,0,0,0,0,0,0,0,0,0,0,0,0,0,0,0,0,0,0,0,0,0,0,0.7975673,1,0.9961024,0.8374004,0.7801488,0.7967731,0,0,0,0,0,0,0,0,0,0,0,0,0,0,0,0,0,0,0,0,0,0,0,0,0,0,0,0.9578967,1,0.8687865,0,0,0,0,0.6957558,0.7168967,0,0,0,0,0,0,0,0,0,0,0,0,0,0,0,0,0,0,0,0,0,0,0,0,0.8860178,1,0.9537295,0.7147344,0,0,0,0,0,0.7088084,0.7331935,0.7265308,0,0,0,0,0,0,0,0,0,0,0,0,0,0,0,0,0,0,0,0,0,0.7715419,0.9672789,1,0.8852174,0,0,0,0,0,0,0,0,0,0,0,0,0,0
0,0,0,0,0,0,0,0,0,0,0,0,0,0,0,0.9471753,1,0.8884129,0,0,0.8225449,0.8240535,0,0,0.7727123,0,0,0,0,0,0,0,0,0,0,0,0,0,0,0,0,0,0,0,0,0,0,0,0.8644657,1,0.9567813,0.8715278,0,0,0,0,0,0,0,0,0,0,0,0,0,0,0,0,0,0,0,0,0,0,0,0,0,0,0,0,0,0.9530514,1,0.8952481,0,0,0,0.716192,0.7951949,0.7886269,0.7489589,0,0,0,0,0,0,0,0,0,0,0,0,0,0,0,0,0,0,0,0,0,0,0,0.8589444,1,0.9610956,0,0.7472379,0.8212735,0.8502362,0.866048,0.8517914,0.8128138,0,0,0,0,0,0,0,0,0,0,0,0,0,0,0,0,0,0,0,0,0,0,0,0,0.9412789,1,0.8411245,0,0.8400208,0.9195634,0.9585477,0.9367552,0.8490726,0,0,0,0,0,0,0,0
0,0,0,0,0,0,0,0,0,0,0,0,0,0,0.6408251,0.8967577,1,0.9096243,0.7993899,0.8302528,0.8099774,0.7355079,0.6192051,0,0,0,0,0,0,0,0,0,0,0,0,0,0,0,0,0,0,0,0,0,0,0,0,0,0.8060846,1,0.9570758,0.8593628,0.9022779,0.8290185,0.688169,0,0,0,0,0,0,0,0,0,0,0,0,0,0,0,0,0,0,0,0,0,0,0,0,0,0.6859804,0.9570048,1,0.8865311,0.7403728,0,0,0,0,0,0,0,0,0,0,0,0,0,0,0,0,0,0,0,0,0,0,0,0,0,0,0,0,0.5748383,0.8517985,1,0.9386731,0.6011804,0.6157779,0.7407058,0.6483043,0.6421338,0.6334658,0,0,0,0,0,0,0,0,0,0,0,0,0,0,0,0,0,0,0,0,0,0,0,0,0.794129,0.9595078,1,0.8550029,0.8436069,0.8155279,0.7890553,0.7990053,0.7058563,0,0,0,0,0,0,0,0,0
0,0,0,0,0,0,0,0,0,0,0,0,0,0,0.6831428,0.9700016,1,0.9054222,0.8771365,0.6837404,0,0,0,0,0,0,0,0,0,0,0,0,0,0,0,0,0,0,0,0,0,0,0,0,0,0,0,0,0.858379,1,0.960506,0.8299825,0.6943645,0,0,0,0,0,0,0,0,0,0,0,0,0,0,0,0,0,0,0,0,0,0,0,0,0,0,0,0,0.9442949,1,0.8931838,0.7757601,0.6365854,0.5915306,0,0,0,0,0,0,0,0,0,0,0,0,0,0,0,0,0,0,0,0,0,0,0,0,0,0,0,0.8781071,1,0.9533989,0.6766409,0.7337142,0.6414245,0,0,0,0,0,0,0,0,0,0,0,0,0,0,0,0,0,0,0,0,0,0,0,0,0,0,0,0.7953553,0.6960007,0.9122318,1,0.9251354,0.7999485,0.6789064,0,0,0,0,0,0,0,0,0,0,0
0,0,0,0,0,0,0,0,0,0,0,0,0,0,0,0.9121814,1,0.9341801,0,0,0,0,0,0,0,0,0,0,0,0,0,0,0,0,0,0,0,0,0,0,0,0,0,0,0,0,0,0,0.7418355,0.9875292,1,0.8840181,0.7414284,0,0,0,0,0,0,0,0,0,0,0,0,0,0,0,0,0,0,0,0,0,0,0,0,0,0,0,0.6425296,0.9477684,1,0.862123,0.7451427,0.6314728,0,0,0,0,0,0,0,0,0,0,0,0,0,0,0,0,0,0,0,0,0,0,0,0,0,0,0,0,0.8596901,1,0.9685278,0.8246633,0.6357184,0,0,0,0,0,0,0,0,0,0,0,0,0,0,0,0,0,0,0,0,0,0,0,0,0,0,0,0,0.7981779,0.9550693,1,0.9389883,0,0,0,0,0,0,0,0,0,0,0,0,0,0
0,0,0,0,0,0,0,0,0,0,0,0,0,0.5804345,0.676983,0.9249362,1,0.8957498,0.5476421,0,0,0,0,0,0,0,0,0,0,0,0,0,0,0,0,0,0,0,0,0,0,0,0,0,0,0,0,0,0.8553233,1,0.9432089,0.8493313,0.8301843,0,0,0.6579013,0.647928,0,0,0,0,0,0,0,0,0,0,0,0,0,0,0,0,0,0,0,0,0,0,0,0.7088647,0.954558,1,0.8739287,0,0.6699598,0.6855866,0.5459192,0,0,0,0,0,0,0,0,0,0,0,0,0,0,0,0,0,0,0,0,0,0,0,0,0.6042816,0.6665357,0.8695521,1,0.9377017,0.7265077,0.6300828,0.6492223,0.6241235,0.5898496,0,0,0,0,0,0,0,0,0,0,0,0,0,0,0,0,0,0,0,0,0,0,0,0,0.6485686,0.7674636,0.9973545,1,0.8830363,0.7586868,0.7617669,0.7161147,0.6678764,0.6115333,0,0,0,0,0,0,0,0,0
0,0,0,0,0,0,0,0,0,0,0,0,0,0,0.8074815,0.9348521,1,0.8929578,0,0,0,0,0,0,0,0,0,0,0,0,0,0,0,0,0,0,0,0,0,0,0,0,0,0,0,0,0,0,0,0.9525207,1,0.9409574,0.8927351,0,0,0,0.8775473,0,0,0,0,0,0,0,0,0,0,0,0,0,0,0,0,0,0,0,0,0,0,0.7612026,0.805945,0.9534279,1,0.8456982,0.7643426,0,0.7374852,0,0.7417942,0.7380913,0,0,0,0,0,0,0,0,0,0,0,0,0,0,0,0,0,0,0,0,0,0.7666954,0.8195322,0.8674291,0.8596698,1,0.9770666,0.833573,0,0,0,0,0,0,0,0,0,0,0,0,0,0,0,0,0,0,0,0,0,0,0,0,0,0,0,0,0.8057793,0,0.9575597,1,0.9375427,0.8488223,0.7933417,0,0,0,0,0,0,0,0,0,0,0,0
0,0,0,0,0,0,0,0,0,0.6411775,0.6688643,0.6919582,0,0,0.7437867,0.946085,1,0.876628,0,0,0,0,0,0,0,0,0,0,0,0,0,0,0,0,0,0,0,0,0,0,0,0,0,0,0,0,0,0,0.8580257,1,0.9570217,0.7309973,0.7189909,0.7598605,0.7635042,0.8219559,0.7640842,0,0,0,0,0,0,0,0,0,0,0,0,0,0,0,0,0,0,0.6428042,0.7209225,0.7610009,0.7412603,0.6534913,0.7104224,0.9650469,1,0.8622908,0.6577767,0.6810188,0.6408097,0.6730413,0.6494977,0,0,0,0,0,0,0,0,0,0,0,0,0,0,0,0,0,0,0,0.6762096,0.7988402,0.8307466,0.8581213,0.8143064,0,0.7930167,1,0.9582895,0.6792117,0.7283656,0.7885469,0.7874449,0.740872,0.6595494,0,0,0,0,0,0,0,0,0,0,0,0,0,0,0,0,0,0,0,0.6505667,0.6546599,0.6428585,0.6688736,0,0.7426166,0.9436721,1,0.8767515,0.7496397,0.7098562,0.7530959,0.7110178,0.6866893,0.621612,0,0,0,0,0,0,0,0
0,0,0,0,0,0,0,0,0,0,0.7323111,0.7590627,0.7818233,0.7330992,0,0.9308925,1,0.8911376,0,0,0,0,0,0,0,0,0,0,0,0,0,0,0,0,0,0,0,0,0,0,0,0,0,0,0,0,0,0,0.9043903,1,0.9313254,0.8404375,0.8357793,0.774797,0,0,0,0,0,0,0,0,0,0,0,0,0,0,0,0,0,0,0,0,0,0.7052522,0,0.7337182,0.689842,0,0.7545336,0.9314848,1,0.9060058,0.7594401,0.7713614,0.7005636,0,0,0,0,0,0,0,0,0,0,0,0,0,0,0,0,0,0,0,0,0.711571,0.8014655,0.7930512,0.7565881,0.7319857,0,0,0.9111611,1,0.9550936,0.806204,0.7658996,0.7296551,0.731189,0,0,0,0,0,0,0,0,0,0,0,0,0,0,0,0,0,0,0,0,0.7276574,0.7677433,0.7543707,0.7371496,0,0,0.8304318,0.9937229,1,0.8671427,0.7860035,0,0,0,0,0,0,0,0,0,0,0,0,0
0,0,0,0,0,0,0,0,0,0,0,0.7330515,0.7985724,0.8037284,0.6944795,0.9158798,1,0.8939347,0,0,0,0,0,0,0,0,0,0,0,0,0,0,0,0,0,0,0,0,0,0,0,0,0,0,0,0,0,0,0.8221329,0.9730414,1,0.849202,0.8131544,0,0,0,0,0,0,0,0,0,0,0,0,0,0,0,0,0,0,0,0,0,0,0.6246992,0.6752835,0.7118278,0.7143946,0.6876205,0.682632,0.9605408,1,0.8574221,0.6497107,0,0,0,0,0,0,0,0,0,0,0,0,0,0,0,0,0,0,0,0,0,0,0,0.6221057,0.7008114,0.7563304,0.734364,0.6805942,0,0.8867986,1,0.9491531,0.709776,0,0,0,0,0,0,0,0,0,0,0,0,0,0,0,0,0,0,0,0,0,0,0,0,0.6852542,0.7236031,0.7493492,0.7381386,0.8244944,0.8785147,1,0.9694057,0.8852469,0.8404055,0.7071528,0,0,0,0,0,0,0,0,0,0,0,0
0,0,0,0,0,0,0,0,0,0,0,0,0,0.8147359,0.8189948,0.9202802,1,0.9314947,0,0,0,0,0,0,0,0,0,0,0,0,0,0,0,0,0,0,0,0,0,0,0,0,0,0,0,0,0,0,0.888514,1,0.9968655,0,0,0,0,0,0,0,0,0,0,0,0,0,0,0,0,0,0,0,0,0,0,0,0,0,0,0,0,0,0,0.9539304,1,0.9098645,0,0,0,0,0,0,0,0,0,0,0,0,0,0,0,0,0,0,0,0,0,0,0,0,0,0,0,0,0.7539271,0.7596971,0.8624349,1,0.976877,0.7693349,0,0,0,0,0,0,0,0,0,0,0,0,0,0,0,0,0,0,0,0,0,0,0,0,0,0,0,0,0,0,0.9789495,1,0.8521953,0,0,0,0,0,0,0,0,0,0,0,0,0,0
0,0,0,0,0,0,0,0,0,0,0,0,0,0,0.7279435,0.870068,1,0.9215755,0,0,0,0,0,0,0,0,0,0,0,0,0,0,0,0,0,0,0,0,0,0,0,0,0,0,0,0,0,0,0.8277767,1,0.9884055,0.7843856,0,0,0,0,0,0,0,0,0,0,0,0,0,0,0,0,0,0,0,0,0,0,0,0,0,0,0,0,0.6380413,0.9341223,1,0.8841964,0.6156108,0,0,0,0,0,0,0,0,0,0,0,0,0,0,0,0,0,0,0,0,0,0,0,0,0,0,0,0,0.6836444,0.8516347,1,0.976066,0.7535945,0,0,0,0,0,0,0,0,0,0,0,0,0,0,0,0,0,0,0,0,0,0,0,0,0,0,0,0,0,0.7663905,0.8761988,1,0.9122723,0.654057,0,0,0,0,0,0,0,0,0,0,0,0,0
