GestureName: s
Duration(ms): 1410
Handedness: right

SpeakerAngles: 5
55
-55
0
0
110

SpeakerElevations: 5
-10
-10
-10
0
30

InterpretedPoints: 30
0,0,0
0,0,0
0,0,0
0,0,0
0,0,0
0,0,0
0,0,0
0,0,0
0,0,0
0,0,0
0,0,0
0,0,0
0,0,0
0,0,0
-1.62050496546097,-4.23827989476202,0.0209445330007911
-4.04771721503354,-5.9268895150482,-0.305407289332279
-3.24100993092194,-8.47655978952403,0.0418890660015822
-0.813797681349374,-0.703801867273976,-0.5
-8.85959933075204,-5.86665298950307,2.21553724366851
14.5632734974354,0.940392473256171,0.221629157329114
12.9356781347367,14.5175964917204,-0.952019020337816
8.90923211141646,8.58796539134596,1.45811093399842
2.43430264681035,2.95727400902378,0.652703644666139
1.62050496546097,-0.845868407201856,0.847296355333861
0,0,0
0,0,0
0,0,0
0.820888078587149,-0.0275337439884241,0.82635182233307
0,0,0
0,0,0

StrokePoints: 31
0,0,0
0,0,0
0,0,0
0,0,0
0,0,0
0,0,0
0,0,0
0,0,0
0,0,0
0,0,0
0,0,0
0,0,0
0,0,0
0,0,0
0,0,0
-1.62050496546097,-4.23827989476202,0.0209445330007911
-5.66822218049452,-10.1651694098102,-0.284462756331487
-8.90923211141646,-18.6417291993342,-0.242573690329905
-9.72302979276584,-19.3455310666082,-0.742573690329905
-18.5826291235179,-25.2121840561113,1.47296355333861
-4.01935562608245,-24.2717915828551,1.69459271066772
8.91632250865423,-9.7541950911347,0.742573690329905
17.8255546200707,-1.16622969978874,2.20068462432832
20.259857266881,1.79104430923505,2.85338826899446
21.880362232342,0.94517590203319,3.70068462432832
21.880362232342,0.94517590203319,3.70068462432832
21.880362232342,0.94517590203319,3.70068462432832
21.880362232342,0.94517590203319,3.70068462432832
22.7012503109292,0.917642158044766,4.52703644666139
22.7012503109292,0.917642158044766,4.52703644666139
22.7012503109292,0.917642158044766,4.52703644666139

Velocities: 30
0,0,0
0,0,0
0,0,0
0,0,0
0,0,0
0,0,0
0,0,0
0,0,0
0,0,0
0,0,0
0,0,0
0,0,0
0,0,0
0,0,0
-1,0,-2
-2,1,-3
-2,0,-4
0,0,0
-12,1,4
12,0,4
12,0,5
4,-2,4
1,0,1
0,-1,-1
0,0,0
0,0,0
0,0,0
0,1,0
0,0,0
0,0,0

InverseVelocities: 30
0,0,0
0,0,0
0,0,0
0,0,0
0,0,0
0,0,0
0,0,0
0,0,0
0,0,0
0,0,0
0,0,0
0,0,0
0,0,0
0,0,0
0,0,0
0,0,0
0,0,0
0,0,0
0,0,0
0,0,0
0,0,0
0,0,-2
0,0,-1
0,0,0
0,0,0
0,0,0
0,0,0
0,0,0
0,0,0
0,0,0

RawData: 30
0,0,0,0,0,0,0,0,0,0,0,0,0,0,0,0.9170429,1,0.9311073,0,0,0,0,0,0,0,0,0,0,0,0,0,0,0,0,0,0,0,0,0,0,0,0,0,0,0,0,0,0,0.7813542,0.9708539,1,0.8879166,0,0,0,0,0,0,0,0,0,0,0,0,0,0,0,0,0,0,0,0,0,0,0,0,0,0,0,0,0,0.9398168,1,0.9074159,0,0,0,0,0,0,0,0,0,0,0,0,0,0,0,0,0,0,0,0,0,0,0,0,0,0,0,0,0,0,0.8879109,1,0.8797585,0.8126056,0,0,0,0,0,0,0,0,0,0,0,0,0,0,0,0,0,0,0,0,0,0,0,0,0,0,0,0,0,0.7852916,0.9751579,1,0.9023644,0,0,0,0,0,0,0,0,0,0,0,0,0,0
0,0,0,0,0,0,0,0,0,0,0,0,0,0,0,0.9270546,1,0.8875508,0,0,0,0,0,0,0,0,0,0,0,0,0,0,0,0,0,0,0,0,0,0,0,0,0,0,0,0,0,0,0,0,1,0.9719973,0,0,0,0,0,0,0,0,0,0,0,0,0,0,0,0,0,0,0,0,0,0,0,0,0,0,0,0,0,0.9548203,1,0.8832818,0,0,0,0,0,0,0,0,0,0,0,0,0,0,0,0,0,0,0,0,0,0,0,0,0,0,0,0,0,0,0.8745655,1,0.9661231,0,0,0,0,0,0,0,0,0,0,0,0,0,0,0,0,0,0,0,0,0,0,0,0,0,0,0,0,0,0,0,1,0.9866366,0,0,0,0,0,0,0,0,0,0,0,0,0,0,0
0,0,0,0,0,0,0,0,0,0,0,0,0,0,0,0.9361755,1,0.8629791,0,0,0,0,0,0,0,0,0,0,0,0,0,0,0,0,0,0,0,0,0,0,0,0,0,0,0,0,0,0,0.7327887,0.9574924,1,0.8605015,0,0,0,0,0,0,0,0,0,0,0,0,0,0,0,0,0,0,0,0,0,0,0,0,0,0,0,0,0.6325659,0.9379461,1,0.8806685,0,0,0,0,0,0,0,0,0,0,0,0,0,0,0,0,0,0,0,0,0,0,0,0,0,0,0,0,0,0,0.8654639,1,0.9533299,0.6439145,0,0,0,0,0,0,0,0,0,0,0,0,0,0,0,0,0,0,0,0,0,0,0,0,0,0,0,0,0,0.6756725,0.9512344,1,0.8875175,0,0,0,0,0,0,0,0,0,0,0,0,0,0
0,0,0,0,0,0,0,0,0,0,0,0,0,0,0,0.9315956,1,0.8806474,0,0,0,0,0,0,0,0,0,0,0,0,0,0,0,0,0,0,0,0,0,0,0,0,0,0,0,0,0,0,0.7409364,0.9550838,1,0.8639873,0,0,0,0,0,0,0,0,0,0,0,0,0,0,0,0,0,0,0,0,0,0,0,0,0,0,0,0,0,0.9506135,1,0.8565877,0,0,0,0,0,0,0,0,0,0,0,0,0,0,0,0,0,0,0,0,0,0,0,0,0,0,0,0,0,0,0.8697716,1,0.9631124,0.7113272,0,0,0,0,0,0,0,0,0,0,0,0,0,0,0,0,0,0,0,0,0,0,0,0,0,0,0,0,0,0.6980803,0.9587175,1,0.8930137,0,0,0,0,0,0,0,0,0,0,0,0,0,0
0,0,0,0,0,0,0,0,0,0,0,0,0,0,0,0.9293493,1,0.8865921,0,0,0,0,0,0,0,0,0,0,0,0,0,0,0,0,0,0,0,0,0,0,0,0,0,0,0,0,0,0,0,0.8019181,1,0.8925773,0,0,0,0,0,0,0,0,0,0,0,0,0,0,0,0,0,0,0,0,0,0,0,0,0,0,0,0,0.6841814,0.9617793,1,0.8459581,0,0,0,0,0,0,0,0,0,0,0,0,0,0,0,0,0,0,0,0,0,0,0,0,0,0,0,0,0,0,0.8605487,1,0.9687039,0.7307206,0,0,0,0,0,0,0,0,0,0,0,0,0,0,0,0,0,0,0,0,0,0,0,0,0,0,0,0,0,0.7428102,1,0.9605272,0.8181331,0,0,0,0,0,0,0,0,0,0,0,0,0,0
0,0,0,0,0,0,0,0,0,0,0,0,0,0,0,0.9235736,1,0.9009765,0,0,0,0,0,0,0,0,0,0,0,0,0,0,0,0,0,0,0,0,0,0,0,0,0,0,0,0,0,0,0.7942455,0.9861211,1,0.8225965,0,0,0,0,0,0,0,0,0,0,0,0,0,0,0,0,0,0,0,0,0,0,0,0,0,0,0,0,0,0.9470131,1,0.8898236,0,0,0,0,0,0,0,0,0,0,0,0,0,0,0,0,0,0,0,0,0,0,0,0,0,0,0,0,0,0,0.8667547,1,0.9655111,0.7342753,0,0,0,0,0,0,0,0,0,0,0,0,0,0,0,0,0,0,0,0,0,0,0,0,0,0,0,0,0,0.7335073,0.9700593,1,0.8768209,0,0,0,0,0,0,0,0,0,0,0,0,0,0
0,0,0,0,0,0,0,0,0,0,0,0,0,0,0,0.9256224,1,0.8962998,0,0,0,0,0,0,0,0,0,0,0,0,0,0,0,0,0,0,0,0,0,0,0,0,0,0,0,0,0,0,0.7731487,0.997862,1,0.8047962,0,0,0,0,0,0,0,0,0,0,0,0,0,0,0,0,0,0,0,0,0,0,0,0,0,0,0,0,0.6371952,0.9439444,1,0.8918091,0,0,0,0,0,0,0,0,0,0,0,0,0,0,0,0,0,0,0,0,0,0,0,0,0,0,0,0,0,0,0.8890607,1,0.9234528,0.6871234,0,0,0,0,0,0,0,0,0,0,0,0,0,0,0,0,0,0,0,0,0,0,0,0,0,0,0,0,0,0.6931922,0.9548515,1,0.8827514,0,0,0,0,0,0,0,0,0,0,0,0,0,0
0,0,0,0,0,0,0,0,0,0,0,0,0,0,0,0.9190058,1,0.8844462,0,0,0,0,0,0,0,0,0,0,0,0,0,0,0,0,0,0,0,0,0,0,0,0,0,0,0,0,0,0,0.7971312,1,0.9826466,0.7064738,0,0,0,0,0,0,0,0,0,0,0,0,0,0,0,0,0,0,0,0,0,0,0,0,0,0,0,0,0.6076269,0.9417897,1,0.8756221,0,0,0,0,0,0,0,0,0,0,0,0,0,0,0,0,0,0,0,0,0,0,0,0,0,0,0,0,0,0,0.8797333,1,0.9129507,0.6855679,0,0,0,0,0,0,0,0,0,0,0,0,0,0,0,0,0,0,0,0,0,0,0,0,0,0,0,0,0,0.6129274,0.946817,1,0.8582566,0.5547547,0,0,0,0,0,0,0,0,0,0,0,0,0
0,0,0,0,0,0,0,0,0,0,0,0,0,0,0,0.9094818,1,0.8932852,0,0,0,0,0,0,0,0,0,0,0,0,0,0,0,0,0,0,0,0,0,0,0,0,0,0,0,0,0,0,0.8187609,1,0.9706303,0.6759385,0,0,0,0,0,0,0,0,0,0,0,0,0,0,0,0,0,0,0,0,0,0,0,0,0,0,0,0,0.605655,0.9506792,1,0.8573332,0,0,0,0,0,0,0,0,0,0,0,0,0,0,0,0,0,0,0,0,0,0,0,0,0,0,0,0,0,0,0.8530306,1,0.9623334,0.6976315,0,0,0,0,0,0,0,0,0,0,0,0,0,0,0,0,0,0,0,0,0,0,0,0,0,0,0,0,0,0.6784561,0.9615983,1,0.8490946,0,0,0,0,0,0,0,0,0,0,0,0,0,0
0,0,0,0,0,0,0,0,0,0,0,0,0,0,0,0.9232982,1,0.8891434,0,0,0,0,0,0,0,0,0,0,0,0,0,0,0,0,0,0,0,0,0,0,0,0,0,0,0,0,0,0,0.8374179,1,0.9666737,0.6943906,0,0,0,0,0,0,0,0,0,0,0,0,0,0,0,0,0,0,0,0,0,0,0,0,0,0,0,0,0.6463633,0.9584789,1,0.8406481,0,0,0,0,0,0,0,0,0,0,0,0,0,0,0,0,0,0,0,0,0,0,0,0,0,0,0,0,0,0,0.8570157,1,0.9622017,0.6859061,0,0,0,0,0,0,0,0,0,0,0,0,0,0,0,0,0,0,0,0,0,0,0,0,0,0,0,0,0,0.7244486,0.986481,1,0.8136863,0,0,0,0,0,0,0,0,0,0,0,0,0,0
0,0,0,0,0,0,0,0,0,0,0,0,0,0,0,0.913699,1,0.8859078,0,0,0,0,0,0,0,0,0,0,0,0,0,0,0,0,0,0,0,0,0,0,0,0,0,0,0,0,0,0,0.7987221,1,0.9810669,0.6833412,0,0,0,0,0,0,0,0,0,0,0,0,0,0,0,0,0,0,0,0,0,0,0,0,0,0,0,0,0.649839,0.9496591,1,0.8403857,0,0,0,0,0,0,0,0,0,0,0,0,0,0,0,0,0,0,0,0,0,0,0,0,0,0,0,0,0,0,0.8539934,1,0.9608864,0.6494385,0,0,0,0,0,0,0,0,0,0,0,0,0,0,0,0,0,0,0,0,0,0,0,0,0,0,0,0,0,0.720014,0.9921111,1,0.7194073,0,0,0,0,0,0,0,0,0,0,0,0,0,0
0,0,0,0,0,0,0,0,0,0,0,0,0,0,0,0.8871605,1,0.9157467,0,0,0,0,0,0,0,0,0,0,0,0,0,0,0,0,0,0,0,0,0,0,0,0,0,0,0,0,0,0,0,0.9653152,1,0.7776828,0,0,0,0,0,0,0,0,0,0,0,0,0,0,0,0,0,0,0,0,0,0,0,0,0,0,0,0,0,0.9311542,1,0.8757233,0,0,0,0,0,0,0,0,0,0,0,0,0,0,0,0,0,0,0,0,0,0,0,0,0,0,0,0,0,0,0.8171628,1,0.9828584,0.732983,0,0,0,0,0,0,0,0,0,0,0,0,0,0,0,0,0,0,0,0,0,0,0,0,0,0,0,0,0,0,0.9357406,1,0.8741487,0,0,0,0,0,0,0,0,0,0,0,0,0,0
0,0,0,0,0,0,0,0,0,0,0,0,0,0,0,0.8942392,1,0.9252203,0,0,0,0,0,0,0,0,0,0,0,0,0,0,0,0,0,0,0,0,0,0,0,0,0,0,0,0,0,0,0,0.9415653,1,0.8785089,0,0,0,0,0,0,0,0,0,0,0,0,0,0,0,0,0,0,0,0,0,0,0,0,0,0,0,0,0,0.9475695,1,0.8758687,0,0,0,0,0,0,0,0,0,0,0,0,0,0,0,0,0,0,0,0,0,0,0,0,0,0,0,0,0,0,0.8076858,1,0.9914833,0.772292,0,0,0,0,0,0,0,0,0,0,0,0,0,0,0,0,0,0,0,0,0,0,0,0,0,0,0,0,0,0,0.9279401,1,0.9184211,0,0,0,0,0,0,0,0,0,0,0,0,0,0
0,0,0,0,0,0,0,0,0,0,0,0,0,0,0.6796724,0.9192989,1,0.8915747,0,0,0,0,0,0,0,0,0,0,0,0,0,0,0,0,0,0,0,0,0,0,0,0,0,0,0,0,0,0,0.8451841,1,0.8620427,0.9610204,0.8034397,0,0,0,0,0,0,0,0,0,0,0,0,0,0,0,0,0,0,0,0,0,0,0,0,0,0,0,0.6784876,0.9325629,1,0.9088827,0.6401743,0,0,0,0,0,0,0,0,0,0,0,0,0,0,0,0,0,0,0,0,0,0,0,0,0,0,0,0.6300973,0.6641161,0.8593031,1,0.9638285,0.7174383,0,0,0,0,0,0,0,0,0,0,0,0,0,0,0,0,0,0,0,0,0,0,0,0,0,0,0,0,0,0.8359513,0.9250481,1,0.9310393,0,0,0,0,0,0,0,0,0,0,0,0,0,0
0,0,0,0,0,0,0,0,0,0,0,0,0.6285978,0.6653742,0.7757785,0.9450782,1,0.8875318,0.6705251,0,0,0,0,0,0,0,0,0,0,0,0,0,0,0,0,0,0,0,0,0,0,0,0,0,0,0,0,0,0.7393986,0.9690585,1,0.8495219,0,0,0,0,0,0,0,0,0,0,0,0,0,0,0,0,0,0,0,0,0,0,0,0,0,0.6673914,0.7887777,0.840521,0.8464494,0.9316766,1,0.8964834,0,0,0,0,0,0,0,0,0,0,0,0,0,0,0,0,0,0,0,0,0,0,0,0,0,0,0.629829,0.7745737,0.8703815,0.9094925,0.8813767,1,0.962435,0.6993653,0,0,0,0,0,0,0,0,0,0,0,0,0,0,0,0,0,0,0,0,0,0,0,0,0,0,0.7474377,0.8255178,0.8733046,0.9476741,1,0.9910629,0.882804,0.7804503,0,0,0,0,0,0,0,0,0,0,0,0,0
0,0,0,0,0,0,0,0,0,0,0,0.800424,0.8421717,0.8834546,0.8896173,0.8948619,1,0.9187283,0,0,0,0,0,0,0,0,0,0,0,0,0,0,0,0,0,0,0,0,0,0,0,0,0,0,0,0,0,0,0.7629657,0.9208606,1,0.9514433,0.8772916,0.7852294,0,0,0,0,0,0,0,0,0,0,0,0,0,0,0,0,0,0,0,0,0,0,0.7401972,0.8026462,0.7443634,0.8458078,0.7100118,0.9328766,1,0.8748047,0.7650369,0,0,0,0,0,0,0,0,0,0,0,0,0,0,0,0,0,0,0,0,0,0,0,0,0.8110287,0.9181873,0.9015507,0,0.8486199,0.7701229,1,0.9874761,0.7987848,0,0,0,0,0,0,0,0,0,0,0,0,0,0,0,0,0,0,0,0,0,0,0,0,0,0.8510062,0.9222559,0.9196342,0.89463,0.8005791,0.8877136,1,0.9564294,0.8019919,0,0,0,0,0,0,0,0,0,0,0,0,0
0,0,0,0,0,0,0,0,0,0,0,0.7251247,0.8151429,0.8136153,0.8603582,0.9404176,1,0.8940806,0.6669861,0,0,0,0,0,0,0,0,0,0,0,0,0,0,0,0,0,0,0,0,0,0,0,0,0,0,0,0,0,0,0.8750274,1,0.9428862,0.8020319,0,0,0,0,0,0,0,0,0,0,0,0,0,0,0,0,0,0,0,0,0,0,0.5894321,0.6954849,0.7293572,0.7673278,0.8081443,0.7902598,0.9298869,1,0.9085231,0.6667999,0.6534193,0,0,0,0,0,0,0,0,0,0,0,0,0,0,0,0,0,0,0,0,0,0,0.6842928,0.7478079,0.8709393,0.8524736,0.8593161,0.9318749,0.8934942,1,0.9853512,0.7666918,0,0,0,0,0,0,0,0,0,0,0,0,0,0,0,0,0,0,0,0,0,0,0,0,0,0.8745729,0.9435307,0.8768852,0.7152469,0.9290695,0.9097032,1,0.9459188,0.7526383,0.8060302,0.7799996,0,0,0,0,0,0,0,0,0,0,0
0,0,0,0,0,0,0,0,0,0,0,0,0,0.7997758,0.7849882,0.9019463,1,0.940167,0,0,0,0,0,0,0,0,0,0,0,0,0,0,0,0,0,0,0,0,0,0,0,0,0,0,0,0,0,0,0.7679853,0.970765,1,0.9059189,0.777242,0,0,0,0,0,0,0,0,0,0,0,0,0,0,0,0,0,0,0,0,0,0,0,0,0,0,0.7144009,0.7826455,0.8792475,1,0.9206408,0.6764967,0,0,0,0,0,0,0,0,0,0,0,0,0,0,0,0,0,0,0,0,0,0,0,0,0,0,0.7993512,0.8711339,0.8601173,0.9217783,1,0.9037124,0.7942896,0.7267765,0,0,0,0,0,0,0,0,0,0,0,0,0,0,0,0,0,0,0,0,0,0,0,0,0,0.8704582,0.937207,0.9493203,0.8715476,0.969566,1,0.9398767,0.8060768,0,0,0,0,0,0,0,0,0,0,0,0,0
0.7331174,0.7543963,0.7006652,0,0,0.7044075,0.6765851,0,0.6640221,0.6999141,0.6818212,0,0,0,0,0.9271006,1,0.8332543,0.8036401,0.6721497,0,0,0,0,0,0,0,0,0,0,0,0,0,0,0,0,0,0,0,0,0,0,0,0,0,0,0,0,0.7532855,0.9881777,1,0.7805064,0.7858372,0.7286533,0,0,0,0,0,0,0,0,0,0,0,0,0,0,0,0,0,0,0,0,0,0,0,0,0,0,0.6451527,0.9289416,1,0.9020708,0.6866589,0.626384,0.7414278,0.7328764,0.673548,0.5953355,0,0,0,0,0,0,0,0,0,0,0,0,0,0,0,0,0,0,0,0.6348277,0.6749334,0.6570285,0.6823686,0.6418076,0.7011316,0.9534524,1,0.9358339,0.8711263,0.8073605,0.7450635,0.717558,0,0,0,0,0,0,0,0,0,0,0,0,0,0,0,0,0,0,0,0,0,0,0,0,0,0.7670178,0.9604765,1,0.9467643,0.8838547,0.7939888,0.7354691,0,0,0,0,0,0,0,0,0,0,0
0,0,0,0,0,0,0,0,0,0,0,0,0,0,0,0.9123018,1,0.9044939,0.8080344,0.7776977,0,0.7769202,0.7809809,0,0,0,0,0,0,0,0.7880005,0.8201674,0.8212606,0,0,0,0,0,0,0,0,0,0,0,0,0,0,0,0.9008107,1,0.979314,0.8351476,0,0,0,0,0,0,0,0,0,0,0,0,0,0,0,0,0,0,0,0,0,0,0,0,0,0,0,0,0.7503576,0.9248994,1,0.8875292,0.7622294,0.7691456,0.7966592,0.8101329,0.7536278,0.7858666,0,0,0,0,0,0,0,0,0,0,0,0,0,0,0.7817078,0.8518682,0.866724,0.8271546,0,0,0,0,0,0,0.8665391,1,0.9697444,0.8027987,0,0.8107061,0.8827481,0.7762483,0.826646,0.7951788,0,0,0,0,0,0,0,0,0,0,0,0,0,0,0,0,0,0,0,0,0,0,0,0.9512289,1,0.9971489,0,0.9524907,0.9534797,0,0,0.9568073,0.9525944,0.8831857,0,0,0,0,0,0,0
0,0,0,0,0,0,0,0,0,0,0,0,0,0,0,0.9257905,1,0.90911,0.7811341,0.8030916,0,0,0.8379557,0.7701024,0,0,0,0,0,0,0,0.760652,0.7354196,0,0,0,0,0,0,0,0,0,0,0,0,0,0,0.8237128,0.8583985,1,0.9661248,0,0,0,0,0,0,0,0,0,0,0,0,0,0,0,0,0,0,0,0,0,0,0,0,0,0,0,0,0,0,0.9463271,1,0.8875793,0.7059644,0.7523551,0.7590917,0.7989544,0.8240514,0.7093794,0.712059,0,0,0,0,0,0,0,0,0,0,0,0,0,0,0,0,0,0,0,0,0,0,0,0.8814206,1,0.956221,0.7343784,0.8160027,0,0.7627606,0.8926419,0.7990167,0,0,0,0,0,0,0,0,0,0,0,0,0,0,0,0,0,0,0,0,0,0,0,0.7737058,0.8078638,0.9238757,1,0.9139552,0.7662901,0.7720205,0.8309615,0.7562811,0.7824719,0,0,0,0,0,0,0,0,0
0,0,0,0,0,0,0,0,0,0,0,0,0,0,0.681789,0.9137278,1,0.8516042,0.8083102,0.7349164,0.6602719,0.7870637,0.7748387,0.6605033,0,0,0,0,0,0,0,0,0,0,0,0,0,0,0,0,0,0,0,0,0.7106545,0.7581415,0.8843744,0.9379945,0.8383123,1,0.9977429,0.7757652,0,0,0,0,0,0,0,0,0,0,0,0,0,0,0,0,0,0,0,0,0,0,0,0,0,0.6607712,0.7285995,0.7763084,0.748141,0.953771,1,0.9082733,0.8024711,0.6339883,0.7052377,0.7000502,0.7521812,0.6796792,0,0,0,0,0,0,0,0,0,0,0,0,0,0,0,0,0,0,0,0,0,0.6342249,0.6409209,0.6107397,0.880151,1,0.9311744,0.8208991,0,0.7216543,0.7129664,0.7865765,0.7679678,0.6889647,0,0,0,0,0,0,0,0,0,0,0,0,0,0,0,0,0,0,0,0,0.6825778,0.794214,0.8082656,0.6947001,0.9089022,1,0.9472965,0.7741463,0.8042188,0.7643195,0.6947043,0.7348163,0.6617126,0,0,0,0,0,0,0,0
0,0,0,0,0,0,0,0,0,0,0,0,0,0.72399,0.7059349,0.9001503,1,0.9166828,0,0.7539858,0.6699736,0,0,0,0,0,0,0,0,0,0,0,0,0,0,0,0,0,0,0,0,0,0,0,0,0,0.9082354,0.8692531,0.9557996,1,0.9219118,0.7583052,0,0,0,0,0,0,0,0,0,0,0,0,0,0,0,0,0,0,0,0,0,0,0,0,0,0,0.7436915,0.8164768,0.782955,0.9735128,1,0.8379276,0.6835741,0.667987,0.6807685,0,0,0,0,0,0,0,0,0,0,0,0,0,0,0,0,0,0,0,0,0,0,0,0.6293923,0.667779,0.6648496,0.6332654,0.8600931,1,0.9631031,0.7823498,0.7735971,0.6982077,0.6895841,0,0,0,0,0,0,0,0,0,0,0,0,0,0,0,0,0,0,0,0,0,0,0.856671,0.9683966,0.9439999,0,0.8128369,0.9998594,1,0.8451705,0.9808215,0.9206067,0.8822469,0,0,0,0,0,0,0,0,0,0,0
0,0,0,0,0,0,0,0,0,0,0,0,0,0.7933132,0.7484719,0.9233211,1,0.8318909,0,0.7094313,0,0,0,0,0,0,0,0,0,0,0,0,0,0,0,0,0,0,0,0,0,0,0,0,0,0.8627687,0.9802309,0,0.8463207,0.9274014,1,0.8612904,0,0,0,0,0,0,0,0,0,0,0,0,0,0,0,0,0,0,0,0,0,0,0,0,0,0,0.7440328,0.8112013,0.743456,0.9580992,1,0.8724321,0.6702694,0.6910133,0,0,0,0,0,0,0,0,0,0,0,0,0,0,0,0,0,0,0,0,0,0,0,0,0,0,0.7114834,0.7988677,0.8958448,1,0.9534183,0.7637135,0.762594,0.6209633,0,0,0,0,0,0,0,0,0,0,0,0,0,0,0,0,0,0,0,0,0,0,0,0,0.7366338,0.7015838,0,0.8076802,0.9584081,1,0.9407691,0.8705486,0.7196411,0,0,0,0,0,0,0,0,0,0,0,0
0,0,0,0,0,0,0,0,0,0,0,0,0,0,0,0.9521754,1,0.8998289,0,0,0,0,0,0,0,0,0,0,0,0,0,0,0,0,0,0,0,0,0,0,0,0,0,0,0,0,0,0,0.9603316,1,0.955176,0.915291,0,0,0,0,0,0,0,0,0,0,0,0,0,0,0,0,0,0,0,0,0,0,0,0,0,0,0,0,0.8611156,0.9458974,1,0.8610988,0,0,0,0,0,0,0,0,0,0,0,0,0,0,0,0,0,0,0,0,0,0,0,0,0,0,0,0,0,0.8510876,0.9051091,1,0.9330741,0,0,0,0,0,0,0,0,0,0,0,0,0,0,0,0,0,0,0,0,0,0,0,0,0,0,0,0,0,0,0,0.9808183,1,0.9130133,0,0,0,0,0,0,0,0,0,0,0,0,0,0
0,0,0,0,0,0,0,0,0,0,0,0,0,0,0.8860973,0.9440354,1,0,0,0,0,0,0,0,0,0,0,0,0,0,0,0,0,0,0,0,0,0,0,0,0,0,0,0,0,0,0,0,0,1,0.9830604,0,0,0,0,0,0,0,0,0,0,0,0,0,0,0,0,0,0,0,0,0,0,0,0,0,0,0,0,0,0,0.9561399,1,0.9020948,0,0,0,0,0,0,0,0,0,0,0,0,0,0,0,0,0,0,0,0,0,0,0,0,0,0,0,0,0,0,0.8696586,1,0.9715277,0,0,0,0,0,0,0,0,0,0,0,0,0,0,0,0,0,0,0,0,0,0,0,0,0,0,0,0,0,0,0,0.9421395,1,0,0,0,0,0,0,0,0,0,0,0,0,0,0,0
0,0,0,0,0,0,0,0,0,0,0,0,0,0,0,0.9286315,1,0.8848383,0,0,0,0,0,0,0,0,0,0,0,0,0,0,0,0,0,0,0,0,0,0,0,0,0,0,0,0,0,0,0.8618464,1,0.9856451,0.8699095,0,0,0,0,0,0,0,0,0,0,0,0,0,0,0,0,0,0,0,0,0,0,0,0,0,0,0,0,0,0.9493936,1,0.8504884,0,0,0,0,0,0,0,0,0,0,0,0,0,0,0,0,0,0,0,0,0,0,0,0,0,0,0,0,0,0,0.8696327,1,0.9336836,0,0,0,0,0,0,0,0,0,0,0,0,0,0,0,0,0,0,0,0,0,0,0,0,0,0,0,0,0,0,0,0.9552309,1,0.8392835,0.843206,0,0,0,0,0,0,0,0,0,0,0,0,0
0,0,0,0,0,0,0,0,0,0,0,0,0,0,0,0.8851399,1,0.9150468,0,0,0,0,0,0,0,0,0,0,0,0,0,0,0,0,0,0,0,0,0,0,0,0,0,0,0,0,0,0,0,1,0.9957122,0.9299362,0.8656658,0.8312678,0,0,0,0,0,0,0,0,0,0,0,0,0,0,0,0,0,0,0,0,0,0,0,0,0,0,0.6442312,0.9434115,1,0.9014496,0.7432793,0.6269045,0,0,0,0,0,0,0,0,0,0,0,0,0,0,0,0,0,0,0,0,0,0,0,0,0,0,0,0,0.8848685,1,0.931,0.6499303,0.6272689,0,0,0,0,0,0,0,0,0,0,0,0,0,0,0,0,0,0,0,0,0,0,0,0,0,0.6698928,0.7087108,0,0.7230662,0.9630392,1,0.8308253,0,0.7118948,0.7212581,0,0,0,0,0,0,0,0,0,0,0
0,0,0,0,0,0,0,0,0,0,0,0,0,0,0,0.9258231,1,0.8574598,0,0,0,0,0,0,0,0,0,0,0,0,0,0,0,0,0,0,0,0,0,0,0,0,0,0,0,0,0,0,0.8245472,1,0.9458681,0.6850849,0,0,0,0,0,0,0,0,0,0,0,0,0,0,0,0,0,0,0,0,0,0,0,0,0,0,0,0,0.678966,0.9533396,1,0.8421741,0,0,0,0,0,0,0,0,0,0,0,0,0,0,0,0,0,0,0,0,0,0,0,0,0,0,0,0,0,0.6107217,0.866705,1,0.9521457,0.6909506,0,0,0,0,0,0,0,0,0,0,0,0,0,0,0,0,0,0,0,0,0,0,0,0,0,0,0,0,0.6012174,0.7777614,0.9879288,1,0.7633986,0.6881625,0,0,0,0,0,0,0,0,0,0,0,0,0
0,0,0,0,0,0,0,0,0,0,0,0,0,0,0,0.9328672,1,0.8856893,0,0,0,0,0,0,0,0,0,0,0,0,0,0,0,0,0,0,0,0,0,0,0,0,0,0,0,0,0,0,0,1,0.9836497,0,0,0,0,0,0,0,0,0,0,0,0,0,0,0,0,0,0,0,0,0,0,0,0,0,0,0,0,0,0,0.9431254,1,0.8821625,0,0,0,0,0,0,0,0,0,0,0,0,0,0,0,0,0,0,0,0,0,0,0,0,0,0,0,0,0,0,0.8619099,1,0.9499053,0,0,0,0,0,0,0,0,0,0,0,0,0,0,0,0,0,0,0,0,0,0,0,0,0,0,0,0,0,0,0,0.98023,1,0,0,0,0,0,0,0,0,0,0,0,0,0,0,0
