GestureName: star
Duration(ms): 1410
Handedness: right

SpeakerAngles: 5
55
-55
0
0
110

SpeakerElevations: 5
-10
-10
-10
0
30

InterpretedPoints: 30
5.69658376944562,12.2398269647606,1.58987004566377
5.69658376944562,12.0949096748456,1.7635182233307
4.87569569085847,12.4122779986641,0.589870045663766
0.820888078587149,4.08699905195103,0.305407289332279
-2.42721224957257,-5.78795016923785,0.368240888334652
-8.09543443006709,-15.0980368689631,0.257426309670095
-4.87569569085847,-15.641343590543,0.452019020337816
-9.75848177895471,-25.0476436451024,-0.985147380659811
4.84024370466959,-12.298021646855,2.08377813200316
-4.86151489638292,-6.76041642524942,-0.458110933998418
0.827978475824924,4.22593839776138,0.979055466999209
4.85442449914514,19.9498832202696,-1.95201902033782
10.5368274741152,21.4537003096517,0.374332801995254
10.5297370768774,16.0705031249747,0.568925512662975
3.24810032815972,1.66107587629776,1.15270364466614
0,0,0
0.0354519861888747,8.28255295573683,0.937166400997627
2.46975463299922,15.4840848036273,0.721629157329114
4.91114767704734,13.3512325665825,3.08987004566377
-1.556691390321,11.8139037891073,2.43716640099763
-6.44656787565502,-9.12051074004414,1.36824088833465
-5.67531257773229,-10.5787510884629,-0.437166400997627
0.806707284111599,-3.53447802748804,0.520944533000791
0,0,0
0.792526489636048,-5.07180680496324,-0.131759111665348
1.59923377374765,-8.63666932642686,0.0418890660015822
-3.26937151987305,-9.27657501163215,-1.78446275633149
-1.65595695164985,-9.42149230154718,-1.61081457866456
-0.835068873062699,-2.62432782942623,-0.958110933998418
0,0,0

StrokePoints: 31
0,0,0
5.69658376944562,12.2398269647606,1.58987004566377
11.3931675388912,24.3347366396062,3.35338826899446
16.2688632297497,36.7470146382703,3.94325831465823
17.0897513083368,40.8340136902213,4.24866560399051
14.6625390587643,35.0460635209835,4.61690649232516
6.56710462869719,19.9480266520204,4.87433280199525
1.69140893783872,4.30668306147737,5.32635182233307
-8.06707284111599,-20.740960583625,4.34120444167326
-3.2268291364464,-33.03898223048,6.42498257367642
-8.08834403282931,-39.7993986557294,5.96687163967801
-7.26036555700439,-35.573460257968,6.94592710667721
-2.40594105785924,-15.6235770376984,4.9939080863394
8.13088641625597,5.83012327195334,5.36824088833465
18.6606234931334,21.900626396928,5.93716640099763
21.9087238212931,23.5617022732258,7.08987004566377
21.9087238212931,23.5617022732258,7.08987004566377
21.944175807482,31.8442552289626,8.02703644666139
24.4139304404812,47.3283400325899,8.74866560399051
29.3250781175286,60.6795725991725,11.8385356496543
27.7683867272076,72.4934763882798,14.2757020506519
21.3218188515525,63.3729656482357,15.6439429389865
15.6465062738203,52.7942145597728,15.2067765379889
16.4532135579319,49.2597365322848,15.7277210709897
16.4532135579319,49.2597365322848,15.7277210709897
17.2457400475679,44.1879297273215,15.5959619593244
18.8449738213155,35.5512604008947,15.6378510253259
15.5756023014425,26.2746853892625,13.8533882689945
13.9196453497927,16.8531930877154,12.2425736903299
13.08457647673,14.2288652582891,11.2844627563315
13.08457647673,14.2288652582891,11.2844627563315

Velocities: 30
3,3,5
2,2,6
4,3,4
1,2,1
-2,0,-3
-6,0,-7
-6,-5,-6
-8,-7,-11
0,-6,-6
-3,0,-3
0,2,1
7,3,7
8,2,8
7,0,7
1,0,1
0,0,0
0,5,4
3,7,6
1,5,5
-3,7,5
-7,2,0
-4,-1,-4
0,-1,-2
0,0,0
0,-3,-2
0,-4,-2
0,-2,-5
0,-4,-4
-1,-4,-1
0,0,0

InverseVelocities: 30
0,0,0
0,0,0
0,0,0
0,0,0
0,0,0
0,0,0
0,0,0
0,1,0
0,0,0
0,0,0
0,0,0
0,0,0
0,0,0
0,0,-1
0,0,0
0,0,0
0,0,0
0,0,0
0,0,0
0,0,-1
0,0,0
0,0,0
0,0,0
0,0,0
0,0,0
0,0,0
0,0,0
0,0,0
0,0,0
0,0,0

RawData: 30
0,0,0,0,0,0,0,0,0,0,0,0,0,0,0,0.9470153,1,0.8599069,0,0.8025675,0.8440856,0.7509413,0.7438713,0,0,0,0,0,0,0,0,0,0,0,0,0,0,0,0,0,0,0,0,0,0,0,0,0,0.8285599,1,0.9912318,0,0,0.8197966,0,0.8237418,0,0,0,0,0,0,0,0,0,0,0,0,0,0,0,0,0,0,0,0,0,0,0,0,0,0.9525764,1,0.8805139,0,0.7267917,0.7242706,0.7435999,0.7869776,0.699432,0.6894921,0,0,0,0,0,0,0,0,0,0,0,0,0,0,0,0,0,0,0,0,0,0,0,0.9013262,1,0.933401,0.6747654,0.6961794,0.716961,0.6858407,0.8300576,0.8469456,0.7378564,0.6980239,0,0,0,0,0,0,0,0,0,0,0,0,0,0,0,0,0,0,0,0,0,0,0.7778041,0.9773834,1,0.8761503,0.7718766,0.7328782,0,0.711681,0.7422956,0.714746,0.7765156,0.7766123,0,0,0,0,0,0
0,0,0,0,0,0,0,0,0,0,0,0,0,0,0.6344255,0.9318174,1,0.8827499,0,0.7345423,0.8012518,0.7621071,0,0,0,0,0,0,0,0,0,0,0,0,0,0,0,0,0,0,0,0,0,0,0,0,0,0,0.7713162,0.994765,1,0.8368688,0.7847698,0.7714763,0.7473787,0,0,0,0,0,0,0,0,0,0,0,0,0,0,0,0,0,0,0,0,0,0,0,0,0,0.6645191,0.9545535,1,0.8790359,0.7100399,0.6392973,0.6843852,0.7101082,0.7446558,0.6163168,0.6611027,0.5939837,0,0,0,0,0,0,0,0,0,0,0,0,0,0,0,0,0,0,0,0,0,0.6298234,0.8836322,1,0.9390275,0.64563,0.7106816,0.7071956,0.7602583,0.777616,0.7748748,0.7233222,0.718207,0,0,0,0,0,0,0,0,0,0,0,0,0,0,0,0,0,0,0,0,0,0,0.7377438,0.9890429,1,0.8150111,0.7778393,0.715491,0.6296496,0.694854,0.6643094,0.7304279,0.8184289,0.7734961,0,0,0,0,0,0
0,0,0,0,0,0,0,0,0,0,0,0,0,0,0,0.9342341,1,0.8718414,0.8459542,0.818602,0.683048,0.785469,0.7668501,0.6801662,0,0,0,0,0,0,0,0,0,0,0,0,0,0,0,0,0,0,0,0,0,0,0,0,0.8234538,1,0.9804488,0.8680724,0.8033246,0.8387639,0.9112837,0.833725,0,0,0,0,0,0,0,0,0,0,0,0,0,0,0,0,0,0,0,0,0,0,0,0,0.6884065,0.9609891,1,0.878333,0.6926121,0,0.7094218,0.7025853,0.6589805,0.6710327,0,0,0,0,0,0,0,0,0,0,0,0,0,0,0,0,0,0,0,0,0,0,0,0,0.8564274,1,0.9512101,0.7473539,0.7793794,0.7671813,0.7864487,0.7377502,0.7405846,0.7292464,0.6820378,0,0,0,0,0,0,0,0,0,0,0,0,0,0,0,0,0,0,0,0,0,0,0.7294663,0.9720019,1,0.8478399,0.7055326,0.7911259,0.7017602,0,0,0.7667248,0,0,0,0,0,0,0,0
0,0,0,0,0,0,0,0,0,0,0,0,0,0,0,0.9314283,1,0.8934922,0.8156773,0.8141155,0.7732322,0,0,0,0,0,0,0,0,0,0,0,0,0,0,0,0,0,0,0,0,0,0,0,0,0,0,0,0.8501036,1,0.9388341,0.9638981,0.8627497,0.8894693,0.8633705,0,0,0,0,0,0,0,0,0,0,0,0,0,0,0,0,0,0,0,0,0,0,0,0,0,0,0.950142,1,0.9027892,0.7710167,0.7399616,0.7148946,0,0,0,0,0,0,0,0,0,0,0,0,0,0,0,0,0,0,0,0,0,0,0,0,0,0,0,0.9025475,1,0.922214,0.8109014,0.8449443,0.7972202,0.7376831,0,0,0,0,0,0,0,0,0,0,0,0,0,0,0,0,0,0,0,0,0,0,0,0,0,0,0,0.9639017,1,0.7939695,0.7827405,0.8252815,0.7752741,0,0,0,0,0,0,0,0,0,0,0
0,0,0,0,0,0,0,0,0,0,0,0.6318016,0.7257751,0.7013295,0.7124885,0.9171164,1,0.884656,0,0,0,0,0,0,0,0,0,0,0,0,0,0,0,0,0,0,0,0,0,0,0,0,0,0,0,0,0,0.641716,0.8364745,1,0.95277,0.8169551,0.7188752,0,0,0,0,0,0,0,0,0,0,0,0,0,0,0,0,0,0,0,0,0,0,0,0.5521926,0.649058,0.7166561,0.721786,0.5666335,0.9398794,1,0.8665806,0,0.5653285,0,0,0,0,0,0,0,0,0,0,0,0,0,0,0,0,0,0,0,0,0,0,0,0,0.6061782,0.6864686,0.7337516,0.6516545,0.8391533,1,0.9652585,0.6208437,0.6451286,0,0,0,0,0,0,0,0,0,0,0,0,0,0,0,0,0,0,0,0,0,0,0,0,0,0.6817483,0.7651759,0.8306987,0.7697136,0.975033,1,0.7025929,0.7593873,0,0,0,0,0,0,0,0,0,0,0,0,0
0,0,0,0,0,0,0,0.6214006,0.6926543,0.6539677,0.752624,0.8083394,0.7737005,0.7419572,0,0.9156083,1,0.8887627,0,0,0,0,0,0,0,0,0,0,0,0,0,0,0,0,0,0,0,0,0,0,0,0,0,0,0,0,0.6686972,0.6901094,0.7699332,1,0.9980503,0.8261015,0,0,0,0,0,0,0,0,0,0,0,0,0,0,0,0,0,0,0,0,0.5840934,0.6731813,0.7064309,0.73474,0.7490718,0.7182326,0.7563283,0.6120399,0.7236309,0.9435373,1,0.8990929,0.6794007,0,0,0,0,0,0,0,0,0,0,0,0,0,0,0,0,0,0,0,0,0,0.6063289,0.659858,0.6378518,0.7282791,0.7706181,0.7271685,0.6297877,0.6475717,0.8501401,1,0.9541348,0,0,0,0,0,0,0,0,0,0,0,0,0,0,0,0,0,0,0,0,0,0,0,0,0.6357372,0.7113554,0.7385566,0.7990349,0.8147973,0.7117651,0,0.960738,1,0.8818246,0.6809272,0.6420545,0,0,0,0,0,0,0,0,0,0,0,0
0,0,0,0,0,0,0,0.7214703,0.7406916,0,0.7912917,0.7949869,0,0,0,0.927884,1,0.9084336,0,0,0,0,0,0,0,0,0,0,0,0,0,0,0,0,0,0,0,0,0,0,0,0.737194,0.7367177,0.724359,0,0,0,0.7557839,0.8662227,1,0.982318,0.7949855,0,0,0,0,0,0,0,0,0,0,0,0,0,0,0,0,0,0,0,0,0,0.7894007,0.8102006,0.7740888,0.814887,0.7914817,0.751173,0.7938586,0.8129772,0.9642524,1,0.8155736,0.7589102,0,0,0,0,0,0,0,0,0,0,0,0,0,0,0,0,0,0,0,0,0,0,0.6926272,0,0,0.7132564,0,0,0,0.8854759,1,0.9636511,0.7199761,0.6740596,0,0,0,0,0,0,0,0,0,0,0,0,0,0,0,0,0,0,0,0,0,0.7309947,0.7372549,0,0,0.7294486,0,0,0.849879,0.9938821,1,0.8227748,0.7655079,0,0,0,0,0,0,0,0,0,0,0,0,0
0,0,0,0,0,0.6686925,0.6818356,0.6851982,0.6900725,0,0,0,0.7305623,0.6771522,0.7373335,0.9399424,1,0.9009861,0,0,0,0,0,0,0,0,0,0,0,0,0,0,0,0,0,0,0,0,0,0.8051141,0.8318307,0,0.7049819,0,0,0,0,0.76084,0.8455076,1,0.9615371,0,0.7330086,0.7347189,0,0,0,0,0,0,0,0,0,0,0,0,0,0,0.6848612,0.6961932,0.7177503,0.6819109,0.6884614,0.6881827,0.7114658,0.7417729,0.7438928,0.6919364,0.709842,0,0.6931112,0.9400567,1,0.8884078,0.6736882,0.6822551,0,0,0,0,0,0,0,0,0,0,0,0,0,0,0,0,0,0.7023985,0.6929764,0.6590425,0,0.6437076,0,0.6544656,0.7157191,0.6690459,0.651454,0.7399283,0.8898922,1,0.9387497,0.6925625,0,0,0,0,0,0,0,0,0,0,0,0,0,0,0,0,0.658204,0.692221,0.6993336,0,0,0,0.721107,0.7986134,0.7746899,0,0.6793181,0.659489,0.7689244,0.8252657,0.9649093,1,0.8903998,0,0,0,0,0,0,0,0,0,0,0,0,0,0
0,0,0,0,0,0,0,0,0,0,0,0,0,0,0,0.9190469,1,0.9155992,0,0,0,0,0,0,0,0,0,0,0,0,0,0,0,0,0,0,0,0,0,0,0.8713762,0.8552552,0,0.8507853,0.8587664,0,0,0,0.8599158,1,0.9822204,0,0,0,0,0,0,0,0,0,0,0,0,0,0,0,0,0,0,0,0,0,0,0.7875722,0,0,0.8003848,0,0,0,0,0.9420094,1,0.9221379,0,0,0,0,0,0,0,0,0,0,0,0,0,0,0,0,0,0,0,0,0,0,0,0,0,0.8132183,0,0,0,0.8162175,0,1,0.9691014,0,0,0,0,0,0,0,0,0,0,0,0,0,0,0,0,0,0,0,0,0,0,0,0,0,0,0,0,0,0,0,0.9380377,1,0.9267489,0,0,0,0,0,0,0,0,0,0,0,0,0,0
0,0,0,0,0,0,0,0,0,0,0.6724491,0.677008,0.6801596,0.7308624,0,0.9173967,1,0.910649,0,0,0,0,0,0,0,0,0,0,0,0,0,0,0,0,0,0,0,0,0,0,0,0,0,0,0,0,0.7665224,0.827384,0.8333758,0.9919969,1,0.8181975,0,0,0,0,0,0,0,0,0,0,0,0,0,0,0,0,0,0,0,0,0,0,0,0,0.7026923,0.6937668,0.6975953,0.7709244,0.8076149,0.8899513,1,0.8951429,0,0,0,0,0,0,0,0,0,0,0,0,0,0,0,0,0,0,0,0,0,0,0,0,0,0.6779613,0.7119257,0.698761,0.6950089,0.7060767,0.8770838,1,0.9668343,0.7185403,0,0,0,0,0,0,0,0,0,0,0,0,0,0,0,0,0,0,0,0,0,0,0,0,0.693732,0.7124915,0.7037584,0.7110201,0.7166514,0.7146955,0.9280257,1,0.8770148,0,0,0,0,0,0,0,0,0,0,0,0,0,0
0,0,0,0,0,0,0,0,0,0,0,0,0,0,0.7284637,0.8619864,1,0.908251,0,0,0,0,0,0,0,0,0,0,0,0,0,0,0,0,0,0,0,0,0,0,0,0,0,0,0,0,0,0,0.8157071,0.9942732,1,0.8631167,0.829801,0.8127158,0.7353703,0,0,0,0,0,0,0,0,0,0,0,0,0,0,0,0,0,0,0,0,0,0,0,0,0,0.6698193,0.9273815,1,0.8936597,0.7007601,0.734606,0.7004689,0,0,0,0,0,0,0,0,0,0,0,0,0,0,0,0,0,0,0,0,0,0,0,0,0,0,0.7369777,0.8251611,1,0.9698913,0.7359605,0.7726786,0.7052954,0.6835882,0.7237833,0,0,0,0,0,0,0,0,0,0,0,0,0,0,0,0,0,0,0,0,0,0,0,0,0,0,0.9528003,1,0.8861725,0.8502612,0.8167657,0.7428663,0.6928648,0,0,0,0,0,0,0,0,0,0
0,0,0,0,0,0,0,0,0,0,0,0,0,0,0,0.906332,1,0.9276902,0.7429001,0,0.7094923,0.7090135,0,0,0.8212138,0.8227829,0.7714677,0,0,0,0,0,0,0,0,0,0,0,0,0,0,0,0,0,0,0,0,0,0.7671924,1,0.9966852,0.7955846,0.8780837,0.8194444,0.8683864,0.8239929,0,0,0,0,0,0,0,0,0,0,0,0,0,0,0,0,0,0,0,0,0,0,0,0,0,0.9325667,1,0.8979684,0.7186343,0.7522455,0,0,0,0,0,0.7191818,0.7370282,0,0,0,0,0,0,0,0,0,0,0,0,0,0,0,0,0,0,0,0,0,0.8230118,1,0.9821433,0.7010314,0.7057594,0.7162486,0,0.7314768,0,0.7440477,0.7225733,0.7661551,0.7214385,0,0,0,0,0,0,0,0,0,0,0,0,0,0,0,0,0,0,0,0,0.7159101,0.9645511,1,0.8748294,0.7558251,0.8027523,0.7530918,0,0,0,0,0,0,0,0,0,0,0
0,0,0,0,0,0,0,0,0,0,0,0,0,0,0,0.9062938,1,0.9261472,0,0,0,0.738255,0.7752108,0.8133863,0,0,0.791126,0.7510338,0,0,0,0,0,0,0,0,0,0,0,0,0,0,0,0,0,0,0,0.7640998,0.8430839,1,0.9823792,0.8254648,0.8022771,0.8097218,0.7706562,0,0,0,0,0,0,0,0,0,0,0,0,0,0,0,0,0,0,0,0,0,0,0,0,0,0,0.9118785,1,0.9113917,0,0,0,0,0,0,0,0,0.8034033,0.7585337,0,0,0,0,0,0,0,0,0,0,0,0,0,0,0,0,0,0,0,0,0.8538718,1,0.9799436,0,0,0,0,0,0.725208,0.8224033,0.8132533,0.7376074,0.7997116,0.7729473,0.7265646,0,0,0,0,0,0,0,0,0,0,0,0,0,0,0,0,0,0,0.7878631,0.9294835,1,0.8402058,0.7738478,0.7772854,0.7990049,0,0,0,0.8142594,0.7862524,0,0,0,0,0,0
0,0,0,0,0,0,0,0,0,0,0,0,0,0,0,0.9029025,1,0.925414,0.684706,0,0,0.6802315,0.6653607,0.6817613,0.6969818,0,0.6743886,0,0,0,0,0,0,0,0,0,0,0,0,0,0,0,0,0,0,0,0.7442862,0.7409298,0.7218233,0.9973111,1,0.7460296,0.6787748,0,0,0,0,0,0,0,0,0,0,0,0,0,0,0,0,0,0,0,0,0,0,0,0,0,0.6804755,0.7411681,0.7069219,0.9252315,1,0.9001093,0.6846522,0.7333461,0.7677464,0.6752675,0.7481432,0.6720703,0.683202,0.7179832,0.6921846,0,0,0,0,0,0,0,0,0,0,0,0,0,0,0,0,0,0,0,0.6891937,0.6636987,0.8490553,1,0.9825959,0.7998459,0,0.7412852,0.6773109,0.6666121,0.766283,0,0.7378138,0.7385814,0,0,0,0,0,0,0,0,0,0,0,0,0,0,0,0,0,0,0,0,0,0.6891518,0.9596561,1,0.8592465,0,0,0.6753058,0,0,0,0.6857463,0,0,0,0,0,0,0
0,0,0,0,0,0,0,0,0,0,0,0,0,0,0,0.8961152,1,0.9474726,0.8417369,0.8108383,0.7148866,0,0,0,0,0,0,0,0,0,0,0,0,0,0,0,0,0,0,0,0,0,0,0,0,0,0.7287201,0,0.8379075,1,0.9885496,0.855185,0.7360668,0,0,0,0,0,0,0,0,0,0,0,0,0,0,0,0,0,0,0,0,0,0,0,0,0,0,0,0,0.9224848,1,0.9149888,0.8320944,0.8225366,0.781365,0,0,0,0,0,0,0,0,0,0,0,0,0,0,0,0,0,0,0,0,0,0,0,0,0,0,0.7599126,0.8653961,1,0.9894593,0.8639384,0.7689106,0.7610549,0,0,0,0,0,0,0,0,0,0,0,0,0,0,0,0,0,0,0,0,0,0,0,0,0,0.7409149,0.7446914,0.7862778,0.9485668,1,0.867317,0.7476384,0.7436651,0.7486129,0.7234567,0,0,0,0,0,0,0,0,0,0
0,0,0,0,0,0,0,0,0,0,0,0,0,0,0,0.9118729,1,0.9270214,0,0,0,0,0,0,0,0,0,0,0,0,0,0,0,0,0,0,0,0,0,0,0,0,0,0,0,0,0,0,0.8562461,1,0.9833528,0.7960436,0.8168523,0,0,0,0,0,0,0,0,0,0,0,0,0,0,0,0,0,0,0,0,0,0,0,0,0,0,0,0,0.9436467,1,0.897239,0.7934182,0,0,0,0,0,0,0,0,0,0,0,0,0,0,0,0,0,0,0,0,0,0,0,0,0,0,0,0,0,0.8660244,1,0.971081,0.8364775,0.8325871,0,0,0,0,0,0,0,0,0,0,0,0,0,0,0,0,0,0,0,0,0,0,0,0,0,0,0,0,0.7490475,0.9196842,1,0.9117197,0.7538989,0,0,0,0,0,0,0,0,0,0,0,0,0
0,0,0,0,0,0,0,0,0,0,0,0,0,0,0,0.8923321,1,0.8967481,0.8331271,0.7597449,0,0,0,0,0,0,0,0,0,0,0,0,0,0,0,0,0,0,0,0,0,0,0,0,0,0,0,0,0.7573395,0.9934403,1,0.7920573,0.8951709,0.8592691,0.7877567,0.7374734,0.6752756,0.612316,0,0,0,0,0,0,0,0,0,0,0,0,0,0,0,0,0,0,0,0,0,0,0.6012848,0.9267704,1,0.8793678,0.8367906,0.8057098,0.7094776,0.6736381,0.6366985,0.5828648,0,0,0,0,0,0,0,0,0,0,0,0,0,0,0,0,0,0,0,0,0,0,0,0,0.8335177,1,0.9683235,0.8322616,0.8376314,0.7566259,0.689408,0.6388826,0,0,0,0,0,0,0,0,0,0,0,0,0,0,0,0,0,0,0,0,0,0,0,0,0,0.6672056,0.9430626,1,0.841518,0.7760894,0.792922,0.7698258,0.7659228,0.7087229,0.623542,0,0,0,0,0,0,0,0
0,0,0,0,0,0,0,0,0,0,0,0,0,0,0,0.9235952,1,0.9000155,0.813338,0.9168531,0.8490186,0.759856,0.7051381,0,0,0,0,0,0,0,0,0,0,0,0,0,0,0,0,0,0,0,0,0,0,0,0,0,0.7509844,1,0.9912031,0.8179063,0.780142,0.8477587,0.806275,0,0.8024849,0.8343533,0.812669,0.7531003,0,0,0,0,0,0,0,0,0,0,0,0,0,0,0,0,0,0,0,0,0,0.954942,1,0.7985543,0.8835878,0.8503478,0.8205377,0.7574751,0.7023707,0.7460462,0.753836,0.7257312,0,0,0,0,0,0,0,0,0,0,0,0,0,0,0,0,0,0,0,0,0,0.6559381,0.8433397,1,0.978861,0.7781012,0.8210827,0.78854,0.7244497,0,0.702231,0.702945,0.6945258,0,0,0,0,0,0,0,0,0,0,0,0,0,0,0,0,0,0,0,0,0,0,0,0.9582822,1,0.7935569,0.8112359,0.7421952,0.8255525,0.7532704,0.7748823,0.7972708,0.8202358,0.7514302,0,0,0,0,0,0
0,0,0,0,0,0,0,0,0,0,0,0,0,0,0.7255682,0.9328328,1,0.922787,0.9134048,0.8704211,0.7495389,0,0,0,0,0,0,0,0,0,0,0,0,0,0,0,0,0,0,0,0,0,0,0,0,0,0,0,0.7966102,0.9976597,1,0.8718858,0.8064053,0.7226284,0.7366841,0.7597257,0.767211,0.7430179,0,0,0,0,0,0,0,0,0,0,0,0,0,0,0,0,0,0,0,0,0,0,0.713055,0.9537414,1,0.8647844,0.8523138,0.7996158,0.7833788,0.6223868,0.6487884,0,0.6446311,0,0,0,0,0,0,0,0,0,0,0,0,0,0,0,0,0,0,0,0,0,0,0,0.856298,1,0.9348892,0.8037053,0.7965561,0.7728551,0.7062428,0.612233,0,0,0.6109039,0.6258481,0.629995,0,0,0,0,0,0,0,0,0,0,0,0,0,0,0,0,0,0,0,0,0,0.9700261,1,0.8473885,0.8364688,0.7417651,0,0.7336425,0.6752638,0.6595953,0.702914,0.6968162,0.6863604,0.7041317,0.696966,0,0,0
0,0,0,0,0,0,0,0,0,0,0.7375408,0.777117,0.7881068,0.6875223,0.8196838,0.9535126,1,0.8919687,0,0,0,0,0,0,0,0,0,0,0,0,0,0,0,0,0,0,0,0,0,0,0,0,0,0,0,0,0.7166055,0.7184837,0.8112279,1,0.9956951,0.8150184,0,0.7650107,0,0.7736326,0.7326562,0.7068414,0.7683194,0.7086707,0,0,0,0,0,0,0,0,0,0,0,0,0,0,0,0,0,0,0.7249372,0.6801674,0.706263,0.9434844,1,0.8604531,0.704138,0,0,0,0.661381,0.6526857,0.641902,0,0,0,0,0,0,0,0,0,0,0,0,0,0,0,0,0,0,0.6426191,0.641375,0.6399383,0.7108351,0.750094,0.841083,1,0.949888,0.6426954,0.6541244,0.6608366,0.6281554,0.6387981,0.6736219,0.6852331,0.6773168,0.6401595,0,0,0,0,0,0,0,0,0,0,0,0,0,0,0.7288018,0.6990849,0,0.696433,0.7709096,0.7877274,0.7416425,0,0.9809195,1,0.8441961,0,0.7538436,0.7348365,0.8385682,0.8653452,0.8241725,0.7938385,0.7879501,0.7304738,0,0,0,0,0
0,0,0,0,0,0,0.7169976,0.6992908,0,0.7322911,0.732985,0,0.7692782,0.8076033,0.7360275,0.9311181,1,0.8898277,0,0,0,0,0,0,0,0,0,0,0,0,0,0,0,0,0,0,0,0,0,0,0,0,0,0,0,0,0,0,0,1,0.9548726,0.860095,0.9294198,0.9203194,0.8416544,0,0,0,0,0,0,0,0,0,0,0,0,0,0,0,0,0,0,0,0,0,0,0,0,0.6859683,0,0.953109,1,0.8680031,0.6976235,0.666864,0,0,0,0,0,0,0,0,0,0,0,0,0,0,0,0,0,0,0,0,0.6593825,0.645205,0.6663735,0,0,0.6437318,0.7052508,0.6896929,0.8713694,1,0.9663079,0.7942522,0.7391802,0,0,0,0,0,0,0,0,0,0,0,0,0,0,0,0,0,0,0,0,0.8015369,0.7878664,0.7864552,0,0.8031759,0,0.8589919,0.8554609,0.8597533,1,0.9789514,0.8776631,0.8992827,0.8240966,0,0,0,0,0,0,0,0,0,0,0,0
0,0,0,0,0,0,0,0,0,0.7617536,0.7614304,0,0.7371573,0.7841679,0,0.9237238,1,0.9132928,0,0,0,0,0,0,0,0,0,0,0,0,0,0,0,0,0,0,0,0,0,0,0,0,0,0,0,0.9393376,0.9674346,0,0.8922617,1,0.9444298,0,0,0,0,0,0,0,0,0,0,0,0,0,0,0,0,0,0,0,0,0,0,0,0,0.7497741,0.7432835,0.7583868,0.8137835,0.8121549,0.8235316,0.9722817,1,0.8760858,0.7193384,0,0,0,0,0,0,0,0,0,0,0,0,0,0,0,0,0,0,0,0,0,0,0.692387,0.7652164,0.7667925,0.7327207,0.7405624,0.791477,0.7391562,0.8601316,1,0.9735287,0.7100313,0,0,0,0,0,0,0,0,0,0,0,0,0,0,0,0,0,0,0,0,0,0,0,0.7650611,0.7552485,0,0.7590566,0.8715155,0.7930816,0.769057,0.9759628,1,0.8746303,0,0,0,0,0,0,0,0,0,0,0,0,0,0
0,0,0,0,0,0,0,0,0,0,0,0,0,0.7015073,0.6915331,0.9268647,1,0.8850873,0,0,0,0,0,0,0,0,0,0,0,0,0,0,0,0,0,0,0,0,0,0,0,0,0,0,0,0.7719067,0.9242276,0.9922364,1,0.9965436,0.9145728,0,0,0,0,0,0,0,0,0,0,0,0,0,0,0,0,0,0,0,0,0,0,0,0,0,0,0.6565508,0.7898191,0.8572264,0.849369,0.9358945,1,0.8712027,0,0,0,0,0,0,0,0,0,0,0,0,0,0,0,0,0,0,0,0,0,0,0,0,0,0,0,0.7323982,0.8239453,0.8306736,0.8846722,1,0.9599569,0.683512,0,0,0,0,0,0,0,0,0,0,0,0,0,0,0,0,0,0,0,0,0,0,0,0,0,0,0,0.8125188,0.8650728,0.7920739,0.9634904,1,0.8321931,0,0,0,0,0,0,0,0,0,0,0,0,0,0
0,0,0,0,0,0,0,0,0,0,0,0,0,0,0,0.9352479,1,0.9130318,0,0,0,0,0,0,0,0,0,0,0,0,0,0,0,0,0,0,0,0,0,0,0,0,0,0,0,0,0,0.8968936,0.9662317,0.9903612,1,0,0,0,0,0,0,0,0,0,0,0,0,0,0,0,0,0,0,0,0,0,0,0,0,0,0,0,0,0.8309558,0.843029,0.9492794,1,0.881234,0,0,0,0,0,0,0,0,0,0,0,0,0,0,0,0,0,0,0,0,0,0,0,0,0,0,0,0,0.7810923,0.7843385,0.8928581,1,0.9471217,0,0,0,0,0,0,0,0,0,0,0,0,0,0,0,0,0,0,0,0,0,0,0,0,0,0,0,0,0.786583,0.8473045,0.8526487,0.9651114,1,0.8634103,0,0,0,0,0,0,0,0,0,0,0,0,0,0
0,0,0,0,0,0,0,0,0,0,0,0,0,0.6795986,0.6705216,0.9269817,1,0.8837674,0.71402,0.6985359,0,0,0,0,0,0,0,0,0,0,0,0,0,0,0,0,0,0,0,0,0,0,0,0.7837061,0.8830237,0.8980644,0.9376077,0.9595293,0.9373718,1,0.8578476,0.7787156,0,0,0,0,0,0,0,0,0,0,0,0,0,0,0,0,0,0,0,0,0,0,0,0,0,0.66197,0.6839889,0.742267,0.7445743,0.932909,1,0.8969396,0.7269795,0,0,0,0,0,0,0,0,0,0,0,0,0,0,0,0,0,0,0,0,0,0,0,0,0,0.619219,0.6231468,0,0,0.8764965,1,0.944609,0.7488863,0.6332252,0,0,0,0,0,0,0,0,0,0,0,0,0,0,0,0,0,0,0,0,0,0,0,0,0.7278092,0.7663562,0.7162136,0.7339801,0.7976339,0.974474,1,0.7912593,0.6609441,0,0,0,0,0,0,0,0,0,0,0,0,0
0,0,0,0,0,0,0,0,0,0,0,0,0,0.7256923,0.7415987,0.9184243,1,0.890682,0.7191832,0,0,0,0,0,0,0,0,0,0,0,0,0,0,0,0,0,0,0,0,0,0,0,0.7443069,0.7706703,0.8534066,0.8286887,0.7629013,0.8200936,0.8472528,1,0.9734649,0.7475518,0,0,0,0,0,0,0,0,0,0,0,0,0,0,0,0,0,0,0,0,0,0,0,0,0,0.7562477,0.7857242,0.743172,0.6656339,0.9599773,1,0.8305018,0,0,0,0,0,0,0,0,0,0,0,0,0,0,0,0,0,0,0,0,0,0,0,0.6643377,0.6975967,0.7155766,0.7100343,0.7548695,0.7696328,0.6965056,0.886754,1,0.9570784,0.7657767,0.6886426,0.6886509,0,0,0,0,0,0,0,0,0,0,0,0,0,0,0,0,0,0,0,0,0,0,0,0.7553576,0.7161778,0.6865136,0,0.7776166,0.9715976,1,0.8624771,0,0,0,0,0,0,0,0,0,0,0,0,0,0
0,0,0,0,0,0,0,0,0,0,0,0,0,0,0,0.9366708,1,0.882533,0.7680443,0,0,0,0,0,0,0,0,0,0,0,0,0,0,0,0,0,0,0,0,0,0,0,0,0,0.7775928,0,0.7825624,0,0.8875216,1,0.9841704,0.8063427,0,0,0,0,0,0,0,0,0,0,0,0,0,0,0,0,0,0,0,0,0,0,0.7308335,0.7426345,0.6955097,0,0,0.6989183,0.7475486,0.9621992,1,0.8856218,0,0,0,0,0,0,0,0,0,0,0,0,0,0,0,0,0,0,0,0,0,0,0,0.7983217,0.7629209,0.7722386,0.7996535,0,0,0.7746802,0.8826489,1,0.9327711,0,0,0,0,0,0,0,0,0,0,0,0,0,0,0,0,0,0,0,0,0,0,0.7265942,0.7670502,0.8207831,0.8195456,0.798897,0.7222657,0,0,0,0.9599995,1,0.8721566,0,0,0,0,0,0,0,0,0,0,0,0,0,0
0,0,0,0,0,0,0,0,0,0,0,0,0,0,0.7729753,0.9348735,1,0.8995751,0,0,0,0,0,0,0,0,0,0,0,0,0,0,0,0,0,0,0,0,0,0,0,0,0.7918151,0.8391352,0.8402225,0,0,0,0.7729145,0.9482393,1,0.8418714,0,0,0,0,0,0,0,0,0,0,0,0,0,0,0,0,0,0,0,0,0,0,0,0.6515849,0,0.6947588,0.6553429,0.6810643,0,0.957545,1,0.8740552,0,0,0,0,0,0,0,0,0,0,0,0,0,0,0,0,0,0,0,0,0,0,0,0.6961649,0,0,0.7272629,0,0.6904922,0.7334259,0.8856348,1,0.9558619,0.7128808,0,0,0,0,0,0,0,0,0,0,0,0,0,0,0,0,0,0,0,0,0,0.7445178,0.739984,0,0,0.739097,0.7808256,0.7325281,0.7911446,0.7982429,0.9586363,1,0.8640441,0,0,0,0,0,0,0,0,0,0,0,0,0,0
0,0,0,0,0,0,0,0,0,0,0,0,0.7420349,0.7861546,0.792393,0.946577,1,0.8659253,0,0,0,0,0,0,0,0,0,0,0,0,0,0,0,0,0,0,0,0,0,0,0,0,0.8035315,0.81571,0.7890238,0,0,0,0.8944477,1,0.9362724,0,0,0,0,0,0,0,0,0,0,0,0,0,0,0,0,0,0,0,0,0,0,0,0,0,0,0,0.7046849,0,0,0.9460536,1,0.8865121,0,0,0,0,0,0,0,0,0,0,0,0,0,0,0,0,0,0,0,0,0,0,0,0,0,0,0,0,0.7185223,0,0.8846182,1,0.9581978,0,0,0,0,0,0,0,0,0,0,0,0,0,0,0,0,0,0,0,0,0,0,0,0,0.8025976,0.8209622,0.8025667,0,0,0,0,0.9897572,1,0.8187179,0,0,0,0,0,0,0,0,0,0,0,0,0,0
0,0,0,0,0,0,0,0,0,0,0,0,0,0,0.7777458,0.9499506,1,0.8916501,0,0,0,0,0,0,0,0,0,0,0,0,0,0,0,0,0,0,0,0,0,0,0,0,0,0,0,0,0,0.8200557,0.8591922,1,0.9443474,0,0,0,0,0,0,0,0,0,0,0,0,0,0,0,0,0,0,0,0,0,0,0,0,0,0,0,0,0,0.7518575,0.9541153,1,0.8907489,0,0,0,0,0,0,0,0,0,0,0,0,0,0,0,0,0,0,0,0,0,0,0,0,0,0,0,0,0,0.7637861,0.8983754,1,0.9596875,0,0,0,0,0,0,0,0,0,0,0,0,0,0,0,0,0,0,0,0,0,0,0,0,0,0,0,0,0.7832931,0.8099086,0,0.9807051,1,0.8533812,0,0,0,0,0,0,0,0,0,0,0,0,0,0
