GestureName: w
Duration(ms): 1222
Handedness: right

SpeakerAngles: 5
55
-55
0
0
110

SpeakerElevations: 5
-10
-10
-10
0
30

InterpretedPoints: 26
0.0141807944755501,1.5373287774752,0.652703644666139
0.820888078587149,1.95727400902378,0.652703644666139
0.820888078587149,0.972466256011576,0.82635182233307
0.820888078587149,0.972466256011576,0.82635182233307
-0.792526489636049,1.95727400902378,0.652703644666139
-2.41303145509702,-0.26581363875044,0.847296355333861
-1.5850529792721,-1.13921578994072,2.52094453300079
0.835068873062699,3.65471232340181,1.30540728933228
3.2835523143486,6.81390378910734,2.43716640099763
0.00709039723777505,0.2686643887376,0.32635182233307
8.10961522454264,10.4063000545594,1.43716640099763
8.07416323835376,0.978829808907522,0.67364817766693
2.42721224957257,-10.5638352856054,2.93107448733702
-0.799616886873824,-16.5790275325932,2.75742630967009
0,-0.984807753012208,0.17364817766693
0,0,0
0.813797681349374,-0.296198132726024,0.5
0.0141807944755501,5.50694428349962,0.305407289332279
7.30290794043104,10.1312721129258,1.2635182233307
4.85442449914514,8.49175203651182,0.131759111665348
4.04062681779577,-1.15128084281098,0.32635182233307
0.792526489636049,-1.95727400902378,-0.652703644666139
-1.6417761571743,-9.88416352407198,-0.958110933998418
-2.4484834412859,-8.57875108846285,-0.437166400997627
-3.23391953368417,-7.35281269070147,0.541889066001582
-0.806707284111599,-3.54967027447583,0.347296355333861

StrokePoints: 27
0,0,0
0.0141807944755501,1.5373287774752,0.652703644666139
0.835068873062699,3.49460278649898,1.30540728933228
1.65595695164985,4.46706904251056,2.13175911166535
2.476845030237,5.43953529852214,2.95811093399842
1.68431854060095,7.39680930754592,3.61081457866456
-0.728712914496073,7.13099566879548,4.45811093399842
-2.31376589376817,5.99177987885476,6.97905546699921
-1.47869702070547,9.64649220225657,8.28446275633149
1.80485529364312,16.4603959913639,10.7216291573291
1.8119456908809,16.7290603801015,11.0479809796622
9.92156091542354,27.1353604346609,12.4851473806598
17.9957241537773,28.1141902435684,13.1587955583267
20.4229364033499,17.550354957963,16.0898700456638
19.623319516476,0.971327425369783,18.8472963553339
19.623319516476,-0.0134803276424255,19.0209445330008
19.623319516476,-0.0134803276424255,19.0209445330008
20.4371171978254,-0.309678460368449,19.5209445330008
20.451297992301,5.19726582313117,19.8263518223331
27.754205932732,15.328537936057,21.0898700456638
32.6086304318771,23.8202899725688,21.2216291573291
36.6492572496729,22.6690091297579,21.5479809796622
37.441783739309,20.7117351207341,20.895277334996
35.8000075821347,10.8275715966621,19.9371664009976
33.3515241408488,2.24882050819923,19.5
30.1176046071646,-5.10399218250224,20.0418890660016
29.310897323053,-8.65366245697807,20.3891854213354

Velocities: 26
0,2,0
0,1,1
0,1,0
0,1,0
-1,2,1
-2,2,-2
-3,3,-3
1,4,-1
0,4,5
0,1,0
4,0,5
3,-6,2
-2,-4,-8
-4,-2,-7
0,0,-1
0,0,0
0,0,0
0,2,2
5,2,3
3,-1,3
3,-1,-1
1,-2,-1
0,-2,-4
-2,-3,-4
-3,0,-3
-1,0,-1

InverseVelocities: 26
0,0,0
0,0,0
0,0,0
0,0,0
0,0,-1
0,0,0
0,0,2
0,-1,1
0,-2,0
0,0,0
0,0,-1
-3,0,-4
0,1,0
0,0,0
0,0,0
0,0,0
0,0,0
0,0,0
0,0,-1
0,0,0
0,0,0
-1,0,1
0,0,0
0,0,0
0,0,0
0,0,0

RawData: 26
0,0,0,0,0,0,0,0,0,0,0,0,0,0,0,0.9002481,1,0.9311959,0.7852466,0.6808507,0,0,0,0,0,0,0,0,0,0,0,0,0,0,0,0,0,0,0,0,0,0,0,0,0,0,0,0,0.7768775,1,0.9922299,0.7429994,0.8500118,0.8432992,0.672018,0,0,0,0,0,0,0,0,0,0,0,0,0,0,0,0,0,0,0,0,0,0,0,0,0,0.6005622,0.9045687,1,0.945366,0.8562946,0.7019258,0,0,0,0,0,0,0,0,0,0,0,0,0,0,0,0,0,0,0,0,0,0,0,0,0,0,0,0.6332104,0.8366739,1,0.9852189,0.900122,0.8476924,0.7017227,0,0,0,0,0,0,0,0,0,0,0,0,0,0,0,0,0,0,0,0,0,0,0,0,0,0,0,0.6863218,0.8882604,0.9777816,1,0.8045279,0.8649658,0.7641796,0,0,0,0,0,0,0,0,0,0,0
0,0,0,0,0,0,0,0,0,0,0,0,0,0,0.673105,0.9307759,1,0.9245585,0.8166159,0,0,0,0,0,0,0,0,0,0,0,0,0,0,0,0,0,0,0,0,0,0,0,0,0,0,0,0,0,0.8290336,1,0.9834559,0.8934888,0.9132041,0.7830635,0,0,0,0,0,0,0,0,0,0,0,0,0,0,0,0,0,0,0,0,0,0,0,0,0,0,0.7448859,0.9791892,1,0.756357,0.8363814,0.842883,0.6543477,0,0,0,0,0,0,0,0,0,0,0,0,0,0,0,0,0,0,0,0,0,0,0,0,0,0,0,0.868297,1,0.9625822,0.7705441,0.8098663,0.7223181,0,0,0,0,0,0,0,0,0,0,0,0,0,0,0,0,0,0,0,0,0,0,0,0,0,0,0,0,0.9549009,0.9975492,1,0.9970341,0.8293472,0.7500302,0,0,0,0,0,0,0,0,0,0,0
0,0,0,0,0,0,0,0,0,0,0,0,0,0,0.6333536,0.9189164,1,0.8510528,0.7556573,0,0,0,0,0,0,0,0,0,0,0,0,0,0,0,0,0,0,0,0,0,0,0,0,0,0,0,0,0,0.8046872,0.9944163,1,0.9287832,0.8490126,0.6939037,0,0,0,0,0,0,0,0,0,0,0,0,0,0,0,0,0,0,0,0,0,0,0,0,0,0,0.6553335,0.9117692,1,0.9224504,0.8719333,0.7801091,0,0,0,0,0,0,0,0,0,0,0,0,0,0,0,0,0,0,0,0,0,0,0,0,0,0,0,0.5962979,0.9057759,1,0.9317687,0.7233056,0.7820348,0.6831712,0,0,0,0,0,0,0,0,0,0,0,0,0,0,0,0,0,0,0,0,0,0,0,0,0,0,0,0.8077074,0.9585274,1,0.9492716,0.9267755,0.8093095,0.6777495,0,0,0,0,0,0,0,0,0,0,0
0,0,0,0,0,0,0,0,0,0,0,0,0,0,0.7727016,0.907796,1,0.8958541,0.7074241,0,0,0,0,0,0,0,0,0,0,0,0,0,0,0,0,0,0,0,0,0,0,0,0,0,0,0,0,0,0.8228646,1,0.9234002,0.9090181,0.8253344,0.713684,0,0,0,0,0,0,0,0,0,0,0,0,0,0,0,0,0,0,0,0,0,0,0,0,0,0.7066114,0.8817653,0.9960322,1,0.8535904,0.677426,0,0,0,0,0,0,0,0,0,0,0,0,0,0,0,0,0,0,0,0,0,0,0,0,0,0,0,0.6723838,0.8820007,0.905745,1,0.9819089,0.8380082,0,0.7049413,0,0,0,0,0,0,0,0,0,0,0,0,0,0,0,0,0,0,0,0,0,0,0,0,0,0,0.7280841,0.9116532,1,0.9921235,0.9285778,0.8817611,0.7687941,0.6944026,0,0,0,0,0,0,0,0,0,0,0
0,0,0,0,0,0,0,0,0,0,0,0,0.7149472,0.8357233,0.8888322,0.8875515,1,0.8969113,0.7120305,0,0,0,0,0,0,0,0,0,0,0,0,0,0,0,0,0,0,0,0,0,0,0,0,0,0,0,0.6416469,0.731176,0.8518497,0.9871433,1,0.8681595,0.8417348,0.8109288,0.636464,0,0,0,0,0,0,0,0,0,0,0,0,0,0,0,0,0,0,0,0,0,0,0,0.7228507,0.7872792,0.827005,0.9319027,1,0.8398458,0.765274,0.689531,0.6653356,0,0,0,0,0,0,0,0,0,0,0,0,0,0,0,0,0,0,0,0,0,0,0,0,0.6287164,0.7725002,0.8161806,0.9133927,1,0.9445015,0.7401969,0.7769109,0.6429657,0,0,0,0,0,0,0,0,0,0,0,0,0,0,0,0,0,0,0,0,0,0,0,0,0.6761672,0.803875,0.9098289,0.8273208,0.9381144,1,0.7470502,0.9011331,0.8423942,0.7261217,0,0,0,0,0,0,0,0,0,0,0
0,0,0,0,0,0,0,0,0,0,0,0.7248361,0.7263055,0,0.8516167,0.9669496,1,0.9080719,0.7272816,0,0,0,0,0,0,0,0,0,0,0,0,0,0,0,0,0,0,0,0,0,0,0,0,0,0,0,0.7911089,0,0.8149874,1,0.9682801,0.9586793,0.7902055,0.8899111,0.8572511,0,0,0,0,0,0,0,0,0,0,0,0,0,0,0,0,0,0,0,0,0,0,0.7494466,0.7833164,0,0.81503,0.9671897,1,0.897319,0.8322622,0.7616899,0,0,0,0,0,0,0,0,0,0,0,0,0,0,0,0,0,0,0,0,0,0,0,0,0.7810072,0.7867482,0,0.7499208,0.8347301,1,0.9480116,0.8211731,0.7506788,0.6944697,0.6816604,0,0,0,0,0,0,0,0,0,0,0,0,0,0,0,0,0,0,0,0,0,0,0.7531531,0.8063908,0,0,0.8593258,0.9771658,1,0.8915533,0.8621143,0.7787218,0,0,0,0,0,0,0,0,0,0,0,0
0,0,0,0,0,0,0,0,0,0,0.6833938,0.7978536,0.8118573,0.8284749,0.8237697,0.8772567,1,0.9070806,0.7882364,0.7367979,0,0,0,0,0,0,0,0,0,0,0,0,0,0,0,0,0,0,0,0,0,0,0,0,0,0,0,0,0.8429425,1,0.9338983,0.8942065,0.7881553,0.7713354,0.7818398,0.7238749,0,0,0,0,0,0,0,0,0,0,0,0,0,0,0,0,0,0,0,0,0.5908749,0.6208169,0.5924419,0.7418168,0.8111038,0.9648116,1,0.8846152,0.7394556,0.7120855,0.6601581,0.5943291,0,0,0,0,0,0,0,0,0,0,0,0,0,0,0,0,0,0,0,0,0,0.637719,0.6897179,0,0.660155,0.7904735,0.9134239,1,0.937376,0.726506,0.7245216,0.6775781,0.6837482,0.6020018,0,0,0,0,0,0,0,0,0,0,0,0,0,0,0,0,0,0,0,0,0,0.6761206,0.7234337,0.7358186,0.7316237,0.8590533,0.9737886,1,0.9069666,0.7686942,0.7159694,0.6593388,0.6388809,0.7036745,0,0,0,0,0,0,0,0,0
0,0,0,0,0,0,0,0,0,0,0,0,0,0.7051601,0,0.9313734,1,0.8928326,0.6960979,0.7293589,0.7115724,0,0,0,0,0,0,0,0,0,0,0,0,0,0,0,0,0,0,0,0,0,0,0,0,0.7658948,0.8263278,0.8430414,0.8785388,1,0.9813577,0.8262534,0.709612,0,0.7612397,0.814463,0.7897123,0,0,0,0,0,0,0,0,0,0,0,0,0,0,0,0,0,0,0,0,0,0.6464431,0.6394542,0.7891204,0.9502674,1,0.8782037,0.7480313,0.6470174,0.6863525,0,0,0,0,0,0,0,0,0,0,0,0,0,0,0,0,0,0,0,0,0,0,0,0.6811471,0,0,0,0.8238961,1,0.9555501,0.7662145,0.7781285,0.7701896,0.7489529,0.6649595,0,0,0,0,0,0,0,0,0,0,0,0,0,0,0,0,0,0,0,0,0,0,0.764143,0.7635605,0.9453571,0.9724929,0.9578995,1,0.8530886,0.8683177,0.9104393,0.887715,0.8738052,0.8173452,0,0,0,0,0,0,0,0,0
0,0,0,0,0,0,0,0,0,0,0,0,0,0.6958594,0,0.9160291,1,0.9002019,0.6801077,0.6994851,0,0,0,0,0,0,0,0,0,0,0,0,0,0,0,0,0,0,0,0,0,0,0,0,0.6808835,0.702486,0.7180587,0.7485502,0.8851758,1,0.9702094,0.9045672,0.9215421,0.836049,0.7248076,0.7502536,0.7003906,0,0,0,0,0,0,0,0,0,0,0,0,0,0,0,0,0,0,0,0,0,0,0.7120139,0.7594161,0.9332371,1,0.848774,0.7557716,0.6350386,0,0,0.6575684,0.6784467,0.6315329,0,0,0,0,0,0,0,0,0,0,0,0,0,0,0,0,0,0,0,0,0,0,0.6924101,0.8986241,1,0.9428478,0.7161519,0.6606913,0,0.603976,0,0,0,0,0,0,0,0,0,0,0,0,0,0,0,0,0,0,0,0,0,0,0,0.7426708,0.7510203,0,0.940136,0.8209226,1,0.9739059,0.9444901,0.8388183,0.8398651,0.8612065,0.8225424,0.7487016,0.7931092,0.7845343,0.7395011,0,0,0,0,0
0,0,0,0,0,0,0,0,0,0,0,0,0,0,0,0.9299722,1,0.8711939,0,0,0,0,0,0,0,0,0,0,0,0,0,0,0,0,0,0,0,0,0,0,0,0,0,0,0,0,0,0.8259584,0.8892924,0.994266,0.8934537,0.9846636,1,0.9187518,0,0,0,0,0,0,0,0,0,0,0,0,0,0,0,0,0,0,0,0,0,0,0,0,0,0,0,0.9561811,1,0.8975185,0.7284848,0.7412143,0,0,0,0,0,0,0,0,0,0,0,0,0,0,0,0,0,0,0,0,0,0,0,0,0,0,0,0,0.8601699,1,0.9635019,0.7294359,0.7606971,0,0,0,0,0,0,0,0,0,0,0,0,0,0,0,0,0,0,0,0,0,0,0,0,0,0,0,0.7999519,0.8989881,1,0.981661,0.8645524,0.9361817,0.9089004,0,0,0,0,0,0,0,0,0,0,0,0
0,0,0,0,0,0,0,0,0,0,0,0,0,0,0,0.9233216,1,0.8601778,0.8309853,0.8005695,0.8333002,0.8818015,0.8717384,0.7720039,0,0,0,0,0,0,0,0,0,0,0,0,0,0,0,0,0,0,0,0,0,0,0.8753358,0.8725485,0.9218607,1,0.9680794,0,0,0,0,0,0,0,0,0,0,0,0,0,0,0,0,0,0,0,0,0,0,0,0,0,0,0,0.7100517,0.7370546,0.7289684,0.9621127,1,0.8805772,0.7979375,0.7828962,0.7780707,0.7483242,0.7449089,0.7425959,0.7369837,0,0,0,0,0,0,0,0,0,0,0,0,0,0,0,0,0,0,0,0,0,0,0,0.8769674,1,0.9611014,0.7205356,0.781434,0.7826079,0.7948256,0.7828436,0.7507998,0.7545987,0,0,0,0,0,0,0,0,0,0,0,0,0,0,0,0,0,0,0,0,0,0,0,0.8203885,0.9707956,1,0.9167157,0,0.7881969,0,0,0.7673141,0.7806617,0.7596028,0,0,0,0,0,0,0
0,0,0,0,0,0,0,0,0,0,0.6946772,0.7197058,0.7464061,0.6905136,0.701299,0.9377252,1,0.8901919,0.7506517,0.7927365,0.6505412,0.7258982,0.665615,0,0,0,0,0,0,0,0,0,0,0,0,0,0,0,0,0,0.6771697,0.7121996,0,0,0,0.7944902,0.8440529,0.842846,0.7525668,1,0.9733629,0.7130476,0,0,0,0,0,0,0,0,0,0,0,0,0,0,0,0,0,0,0,0,0,0,0,0.6600011,0.6868287,0,0,0.6597118,0,0.9485964,1,0.8620616,0.6947898,0,0,0.5965841,0,0,0,0,0,0,0,0,0,0,0,0,0,0,0,0,0,0,0,0,0,0,0,0.710146,0.7347149,0.7397801,0.8814136,1,0.9274856,0.8121812,0.7499987,0.6792588,0,0,0,0,0,0,0,0,0,0,0,0,0,0,0,0,0,0,0,0,0,0.741316,0.7343107,0.7820563,0.8416485,0.8447197,0.7718412,0.7818477,0.9696029,1,0.8369527,0.80339,0.713544,0,0,0,0,0,0,0,0,0,0,0,0
0,0,0,0,0,0,0,0,0,0,0,0.6095251,0.6372631,0.639318,0.7059734,0.9339901,1,0.8473964,0.7044901,0.6396129,0,0,0,0,0,0,0,0,0,0,0,0,0,0,0,0,0,0,0,0,0,0,0.7057387,0.6610767,0.7289676,0.8397073,0.768266,0,0.7982793,1,0.9718244,0,0.7312101,0.7046406,0,0,0,0,0,0,0,0,0,0,0,0,0,0,0,0,0,0.5951024,0.591889,0.5720409,0,0.6558553,0.6033316,0.7481146,0.7596678,0.6863011,0.6121721,0.9555299,1,0.8557983,0.6673043,0.5910302,0,0,0,0,0,0,0,0,0,0,0,0,0,0,0,0,0,0,0.5819438,0.5909472,0,0.6278617,0.7149069,0.6759372,0.7094777,0.7252622,0.6351414,0.7918818,0.8682784,1,0.9613447,0.6897883,0.6516179,0.56932,0,0,0,0,0,0,0,0,0,0,0,0,0,0,0,0,0,0,0,0,0,0.747493,0.7630485,0.7857286,0.8743433,0.898524,0.7563654,0.7314469,0.9831742,1,0.7514707,0,0.6459045,0,0,0,0,0,0,0,0,0,0,0,0
0,0,0,0,0,0,0,0,0,0.6231431,0.6562967,0,0.7283556,0.7976527,0.7493038,0.9106979,1,0.8835173,0,0,0,0,0,0,0,0,0,0,0,0,0,0,0,0,0,0,0,0,0,0,0,0,0,0,0.7188078,0.7435058,0.7858502,0.8640638,0.8911687,1,0.9841141,0.7735441,0,0,0,0,0,0,0,0,0,0,0,0,0,0,0,0,0,0,0,0,0.5629744,0,0,0.5555918,0.5770972,0.6192368,0.7184151,0.7882951,0.7470757,0.9557502,1,0.8579379,0.6353388,0.6226191,0,0,0,0,0,0,0,0,0,0,0,0,0,0,0,0,0,0,0,0,0.5811863,0.5947549,0.6316199,0.6706926,0.6584304,0.6219009,0.5756782,0.731364,0.860517,1,0.9488254,0.7024282,0,0,0,0,0,0,0,0,0,0,0,0,0,0,0,0,0,0,0,0,0,0,0,0,0,0,0.8182111,0.902512,0.885462,0.89699,1,0.9813918,0.798884,0.7675968,0.6613325,0,0,0,0,0,0,0,0,0,0,0,0
0,0,0,0,0,0,0,0,0,0,0,0,0,0.8127374,0.8515707,0.9038512,1,0.9277391,0,0,0,0,0,0,0,0,0,0,0,0,0,0,0,0,0,0,0,0,0,0,0,0,0,0,0,0,0,0.7662379,0.8799027,1,0.9919704,0.8121037,0,0,0,0,0,0,0,0,0,0,0,0,0,0,0,0,0,0,0,0,0,0,0,0,0,0,0.7252247,0.8111064,0.8713811,0.9222304,1,0.9084137,0,0,0,0,0,0,0,0,0,0,0,0,0,0,0,0,0,0,0,0,0,0,0,0,0,0,0,0,0.7702041,0.8628137,0.9164028,1,0.9747518,0.7905614,0,0,0,0,0,0,0,0,0,0,0,0,0,0,0,0,0,0,0,0,0,0,0,0,0,0,0,0.7895095,0.8511796,0.9557444,0.9773014,1,0.8743775,0,0,0,0,0,0,0,0,0,0,0,0,0,0
0,0,0,0,0,0,0,0,0,0,0,0,0,0,0,0.9028908,1,0.8999479,0,0,0,0,0,0,0,0,0,0,0,0,0,0,0,0,0,0,0,0,0,0,0,0,0,0,0,0,0,0,0.7934678,0.9972803,1,0.862123,0.7685425,0,0,0,0,0,0,0,0,0,0,0,0,0,0,0,0,0,0,0,0,0,0,0,0,0,0,0,0.6994678,0.9263777,1,0.9068213,0,0,0,0,0,0,0,0,0,0,0,0,0,0,0,0,0,0,0,0,0,0,0,0,0,0,0,0,0,0,0.8558213,1,0.967951,0.7716033,0,0,0,0,0,0,0,0,0,0,0,0,0,0,0,0,0,0,0,0,0,0,0,0,0,0,0,0,0,0.8108087,0.9778982,1,0.8711357,0,0,0,0,0,0,0,0,0,0,0,0,0,0
0,0,0,0,0,0,0,0,0,0,0,0,0,0,0,0.9260868,1,0.9510424,0,0,0,0,0,0,0,0,0,0,0,0,0,0,0,0,0,0,0,0,0,0,0,0,0,0,0,0,0,0,0,1,0.9703317,0.9529877,0.9468808,0,0,0,0,0,0,0,0,0,0,0,0,0,0,0,0,0,0,0,0,0,0,0,0,0,0,0,0,0.9355454,1,0.9399896,0.8619119,0.8330847,0,0,0,0,0,0,0,0,0,0,0,0,0,0,0,0,0,0,0,0,0,0,0,0,0,0,0,0,0.8999633,1,0.9716319,0.8641581,0,0,0,0,0,0,0,0,0,0,0,0,0,0,0,0,0,0,0,0,0,0,0,0,0,0,0,0,0,0,0.9488781,1,0.9626705,0.9245102,0.8941902,0,0,0,0,0,0,0,0,0,0,0,0
0,0,0,0,0,0,0,0,0,0,0,0,0,0,0,0.9070855,1,0.9026622,0.7584736,0,0,0,0,0,0,0,0,0,0,0,0,0,0,0,0,0,0,0,0,0,0,0,0,0,0,0,0,0,0,0.977233,1,0.7912049,0.8751137,0.8556473,0.8338885,0,0,0,0,0,0,0,0,0,0,0,0,0,0,0,0,0,0,0,0,0,0,0,0,0,0,0.9365994,1,0.8974722,0.7293638,0.7438393,0.7322949,0.7358658,0,0,0,0,0,0,0,0,0,0,0,0,0,0,0,0,0,0,0,0,0,0,0,0,0,0,0.8050556,1,0.9858663,0,0.8312222,0.7947958,0.7799193,0.740151,0,0,0,0,0,0,0,0,0,0,0,0,0,0,0,0,0,0,0,0,0,0,0,0,0,0,0,1,0.9887747,0.9682505,0.9845167,0.9023394,0,0,0,0,0,0,0,0,0,0,0
0,0,0,0,0,0,0,0,0,0,0,0,0,0.6008061,0.6970472,0.8658282,1,0.9039349,0.7406827,0.7441338,0.7189296,0.6860992,0.6492714,0.5867196,0.6517553,0,0,0,0,0,0,0,0,0,0,0,0,0,0,0,0,0,0,0,0,0,0.6916831,0.6782209,0.7933932,1,0.9484857,0,0.7607119,0.7590085,0.7852223,0,0,0,0,0,0,0,0,0,0,0,0,0,0,0,0,0,0,0,0,0,0,0,0.6083907,0.667515,0.716208,0.9116754,1,0.8688493,0.728886,0.7030131,0.6497347,0.7054322,0.634817,0,0,0,0,0,0,0,0,0,0,0,0,0,0,0,0,0,0,0,0,0,0,0,0.5927413,0.6529288,0.8439816,1,0.9623477,0.6388152,0.7388039,0.8177416,0.8015653,0.6749426,0.6964762,0.5836064,0,0,0,0,0,0,0,0,0,0,0,0,0,0,0,0,0,0,0,0,0.6913703,0.7342661,0.7679296,0.7501304,0.9860548,1,0.846417,0.8971997,0.8260705,0.8157727,0.7660329,0,0.7125379,0.6641765,0,0,0,0,0,0,0
0,0,0,0,0,0,0,0,0,0,0,0,0,0,0.7774197,0.9420242,1,0.865501,0.7518123,0,0.7248223,0.7422937,0.7174844,0,0,0,0,0,0,0,0,0,0,0,0,0,0,0,0,0,0,0,0,0,0,0.7906535,0.8338511,0.807071,0.8526639,1,0.9869303,0.8179659,0,0,0,0,0,0,0,0,0,0,0,0,0,0,0,0,0,0,0,0,0,0,0,0,0,0,0,0.6671436,0,0.9091919,1,0.9301983,0.7882106,0.6896141,0.6904891,0,0.6192039,0,0,0,0,0,0,0,0,0,0,0,0,0,0,0,0,0,0,0,0,0,0,0.6362916,0.6408779,0.6391805,0.8795423,1,0.9586018,0.8568664,0.7637988,0.7122638,0.7044047,0.7278398,0.687028,0.6514794,0,0,0,0,0,0,0,0,0,0,0,0,0,0,0,0,0,0,0,0,0.7733664,0,0.7770007,0.8735518,0.8686393,1,0,0.9193236,0.9133756,0.8838007,0,0,0,0,0,0,0,0,0,0,0
0,0,0,0,0,0,0,0,0,0,0,0,0,0,0.6975573,0.9043685,1,0.9396347,0.8902315,0.7860771,0.737821,0.7348743,0.7031797,0,0,0,0,0,0,0,0,0,0,0,0,0,0,0,0,0,0,0,0,0,0,0.8002856,0.8032445,0.8962318,0.8297943,0.9769421,1,0.8228812,0.7023596,0,0,0,0,0,0,0,0,0,0,0,0,0,0,0,0,0,0,0,0,0,0,0,0,0,0.6518512,0.7244853,0.7459525,0.9488148,1,0.8707765,0.7850522,0.7137753,0,0,0,0,0,0,0,0,0,0,0,0,0,0,0,0,0,0,0,0,0,0,0,0,0,0.7055439,0.7313691,0.7308581,0.8712536,1,0.9727477,0.8645701,0.8488483,0,0,0,0,0,0,0,0,0,0,0,0,0,0,0,0,0,0,0,0,0,0,0,0,0,0,0,0,0.797378,0.975557,1,0.8284206,0.8389009,0.7295309,0,0,0,0,0,0,0,0,0,0,0,0
0,0,0,0,0,0,0,0,0,0,0,0,0.7028786,0.6696196,0.7732379,0.8434253,1,0.906638,0.9185674,0.8732189,0.7575197,0,0,0,0,0,0,0,0,0,0,0,0,0,0,0,0,0,0,0,0,0,0,0,0.6587274,0.7502132,0.8502597,0.840923,0.6993983,0.9942895,1,0.7987431,0.6614145,0,0,0,0,0,0,0,0,0,0,0,0,0,0,0,0,0,0,0,0,0,0,0,0,0,0.5380232,0.6672521,0.6226852,0.9252987,1,0.8728526,0.6627907,0.5656204,0.5586118,0,0,0,0,0,0,0,0,0,0,0,0,0,0,0,0,0,0,0,0,0,0,0,0,0.6496456,0.709967,0.7699912,0.7545777,0.9841366,1,0.9281655,0.823314,0.6437228,0,0,0,0,0,0,0,0,0,0,0,0,0,0,0,0,0,0,0,0,0,0,0,0.6825091,0.7721249,0.7655705,0.7859243,0.7527394,0.9443633,1,0.764405,0.7934034,0,0,0,0,0,0,0,0,0,0,0,0,0
0,0,0,0,0,0,0,0,0,0,0,0,0,0.7309964,0.835772,0.8071272,1,0.9614618,0.8447639,0.7055374,0,0,0,0,0,0,0,0,0,0,0,0,0,0,0,0,0,0,0,0,0,0,0,0,0.7204405,0.7950619,0,0,0.7531148,0.9904435,1,0.8499416,0.781675,0,0,0,0,0,0,0,0,0,0,0,0,0,0,0,0,0,0,0,0,0,0,0.6233241,0.6143387,0,0.6409128,0.5759327,0.6847914,0.9328525,1,0.904258,0.7150686,0.6583721,0,0,0,0,0,0,0,0,0,0,0,0,0,0,0,0,0,0,0,0,0.6528587,0.7041545,0.7860876,0.7527443,0,0.7678109,0.7044518,0.8555892,0.8502697,1,0.9812635,0.8476014,0.7579081,0.7282988,0,0,0,0,0,0,0,0,0,0,0,0,0,0,0,0,0,0,0,0,0,0.7223736,0.7391755,0.7890788,0,0.83563,0.8702968,0.8030063,0.9202822,1,0.9082872,0.869131,0.7981998,0.6925962,0,0,0,0,0,0,0,0,0,0,0
0,0,0,0,0,0,0,0,0,0,0,0.7122952,0.7054839,0,0.7237064,0.9350792,1,0.9036124,0.7821693,0.6957973,0,0,0,0,0,0,0,0,0,0,0,0,0,0,0,0,0,0,0,0,0,0,0,0.769633,0.7791442,0,0,0,0.8651028,1,0.9398408,0,0,0,0,0,0,0,0,0,0,0,0,0,0,0,0,0,0,0,0,0,0,0,0,0.6342926,0,0.6646662,0.7581233,0.7110294,0.684399,0.9527828,1,0.8607614,0.7274024,0.7057791,0,0,0,0,0,0,0,0,0,0,0,0,0,0,0,0,0,0,0,0,0,0,0,0.7738648,0.8679011,0.8420319,0.8852138,0.8833895,0.8029531,0.9989093,1,0.890241,0.8166683,0.7515594,0,0,0,0,0,0,0,0,0,0,0,0,0,0,0,0,0,0,0,0,0,0.7321806,0,0.7611174,0.8014058,0.8092831,0.8941431,0.9186676,0.9946061,1,0.8759087,0.8206187,0.7797354,0,0,0,0,0,0,0,0,0,0,0,0
0,0,0,0,0,0,0,0,0,0,0.7110563,0.7469214,0.7378139,0.7311646,0.7215422,0.9356509,1,0.8819762,0,0,0,0,0,0,0,0,0,0,0,0,0,0,0,0,0,0,0,0,0,0,0,0,0,0,0,0,0,0,0,1,0.961529,0,0,0,0,0,0,0,0,0,0,0,0,0,0,0,0,0,0,0,0,0,0,0,0,0,0.7536099,0.781642,0.8150904,0.809063,0.7724527,0.9489845,1,0.8613276,0.6900412,0.7139081,0,0,0,0,0,0,0,0,0,0,0,0,0,0,0,0,0,0,0,0,0,0,0,0.7878329,0.8472925,0.9028636,0.8805838,0.9202892,0.9470709,1,0.955027,0,0,0,0,0,0,0,0,0,0,0,0,0,0,0,0,0,0,0,0,0,0,0,0,0,0,0,0.7310388,0.7946906,0.8991561,0.8741167,0.9604326,1,0.8488943,0,0,0,0,0,0,0,0,0,0,0,0,0,0
0,0,0,0,0,0,0,0,0,0,0,0,0.736718,0.8063262,0.8498171,0.9554744,1,0.9116642,0.7147876,0,0,0,0,0,0,0,0,0,0,0,0,0,0,0,0,0,0,0,0,0,0,0,0,0,0,0,0.8298069,0.8503562,0.9115328,1,0.9591447,0,0,0,0,0,0,0,0,0,0,0,0,0,0,0,0,0,0,0,0,0,0,0,0,0,0,0,0.7224427,0.8241791,0.8742954,0.9863002,1,0.8747886,0,0.6849018,0,0,0,0,0,0,0,0,0,0,0,0,0,0,0,0,0,0,0,0,0,0,0,0,0.7498344,0.7796244,0.8083885,0.926121,0.9755794,1,0.9233621,0.7190042,0.71334,0,0,0,0,0,0,0,0,0,0,0,0,0,0,0,0,0,0,0,0,0,0,0,0,0,0,0.7586105,0.7860342,0.7971553,0.9902819,1,0.8116942,0,0,0,0,0,0,0,0,0,0,0,0,0,0
