GestureName: z
Duration(ms): 1175
Handedness: right

SpeakerAngles: 5
55
-55
0
0
110

SpeakerElevations: 5
-10
-10
-10
0
30

InterpretedPoints: 25
0,0,0
0,0,0
0,0,0
0,0,0
0,0,0
0,0,0
2.43430264681035,2.95727400902378,0.652703644666139
3.24810032815972,4.77560867223722,0.631759111665348
10.5368274741152,7.73611904003942,3.15270364466614
8.90214171417869,9.02946642277828,1.47905546699921
1.59923377374765,-0.567713271450783,-1
0.813797681349374,-0.281005885738232,0.67364817766693
0.0212711917133253,3.79080091922501,0.805407289332278
-1.556691390321,8.79871154211955,2.2635182233307
-3.97681324265579,13.2186567736681,2.2635182233307
-5.63277019430564,4.79716447212095,0.652703644666139
-5.66822218049452,-14.5239600446164,1.10472266500396
-0.827978475824924,-6.32527894671305,-0.284462756331487
5.68240297497007,9.71769043427321,1.11081457866456
8.92341290589201,18.4840848036273,0.721629157329114
11.3506251554646,17.0429693809863,1.39527733499604
8.88796091970314,10.9268895150482,0.305407289332278
-0.827978475824924,-6.05063661387076,-0.805407289332278
0,-0.984807753012208,0.17364817766693
0,0,0

StrokePoints: 26
0,0,0
0,0,0
0,0,0
0,0,0
0,0,0
0,0,0
0,0,0
2.43430264681035,2.95727400902378,0.652703644666139
5.68240297497007,7.732882681261,1.28446275633149
16.2192304490853,15.4690017213004,4.43716640099763
25.121372163264,24.4984681440787,5.91622186799683
26.7206059370116,23.9307548726279,4.91622186799683
27.534403618361,23.6497489868897,5.58987004566376
27.5556748100743,27.4405499061147,6.39527733499604
25.9989834197533,36.2392614482342,8.65879555832674
22.0221701770975,49.4579182219024,10.9223137816574
16.3893999827919,54.2550826940233,11.5750174263236
10.7211778022974,39.731122649407,12.6797400913275
9.89319932647244,33.4058437026939,12.395277334996
15.5756023014425,43.1235341369671,13.5060919136606
24.4990152073345,61.6076189405944,14.2277210709897
35.8496403627991,78.6505883215807,15.6229984059858
44.7376012825022,89.5774778366289,15.928405695318
43.9096228066773,83.5268412227581,15.1229984059858
43.9096228066773,82.5420334697459,15.2966465836527
43.9096228066773,82.5420334697459,15.2966465836527

Velocities: 25
0,0,0
0,0,0
0,0,0
0,0,0
0,0,0
0,0,0
1,0,1
2,1,2
2,-4,4
2,-5,6
1,-3,2
0,0,-1
0,3,1
-3,7,6
-5,8,7
-5,4,3
-6,-2,-7
-1,-3,-3
3,1,4
7,3,6
7,1,7
5,-4,3
1,-1,-4
0,0,-1
0,0,0

InverseVelocities: 25
0,0,0
0,0,0
0,0,0
0,0,0
0,0,0
0,0,0
0,0,0
0,0,-2
-1,0,-3
0,0,-3
0,0,-2
0,0,0
0,0,0
1,0,-3
1,-1,-5
0,0,-5
0,0,0
0,0,0
0,0,0
0,-1,-1
0,-2,-4
0,0,-4
0,0,0
0,0,0
0,0,0

RawData: 25
0,0,0,0,0,0,0,0,0,0,0,0,0,0,0.7093452,0.8729168,1,0.8995267,0.6362762,0,0,0,0,0,0,0,0,0,0,0,0,0,0,0,0,0,0,0,0,0,0,0,0,0,0,0,0,0,0.7474455,0.9704819,1,0.9254515,0.7767416,0,0,0,0,0,0,0,0,0,0,0,0,0,0,0,0,0,0,0,0,0,0,0,0,0,0,0,0.7326165,0.9687552,1,0.8208739,0.7705652,0,0,0,0,0,0,0,0,0,0,0,0,0,0,0,0,0,0,0,0,0,0,0,0,0,0,0,0.6255518,0.7127175,0.8412511,1,0.9448465,0.8009945,0.6488566,0,0,0,0,0,0,0,0,0,0,0,0,0,0,0,0,0,0,0,0,0,0,0,0,0,0,0,0,0.8245947,1,0.9701334,0.6352329,0.6385292,0,0,0,0,0,0,0,0,0,0,0,0,0
0,0,0,0,0,0,0,0,0,0,0,0,0,0,0,0.9419062,1,0.8770072,0,0,0,0,0,0,0,0,0,0,0,0,0,0,0,0,0,0,0,0,0,0,0,0,0,0,0,0,0,0,0.8376441,1,0.9752063,0.9181443,0,0,0,0,0,0,0,0,0,0,0,0,0,0,0,0,0,0,0,0,0,0,0,0,0,0,0,0,0,0.9317456,1,0.926464,0.7212068,0,0,0,0,0,0,0,0,0,0,0,0,0,0,0,0,0,0,0,0,0,0,0,0,0,0,0,0,0,0.8226674,1,0.9771093,0.8041493,0,0,0,0,0,0,0,0,0,0,0,0,0,0,0,0,0,0,0,0,0,0,0,0,0,0,0,0,0,0,0.9430282,1,0.948137,0.7904108,0,0,0,0,0,0,0,0,0,0,0,0,0
0,0,0,0,0,0,0,0,0,0,0,0,0,0,0,0.955695,1,0.8718247,0,0,0,0,0,0,0,0,0,0,0,0,0,0,0,0,0,0,0,0,0,0,0,0,0,0,0,0,0,0,0.8132738,0.9852709,1,0.8845583,0,0,0,0,0,0,0,0,0,0,0,0,0,0,0,0,0,0,0,0,0,0,0,0,0,0,0,0,0.6780842,0.9618692,1,0.852657,0.7383298,0,0,0,0,0,0,0,0,0,0,0,0,0,0,0,0,0,0,0,0,0,0,0,0,0,0,0,0,0,0.9022773,1,0.9483295,0.7219198,0,0,0,0,0,0,0,0,0,0,0,0,0,0,0,0,0,0,0,0,0,0,0,0,0,0,0,0,0,0,0.97236,0.989616,1,0.83768,0,0,0,0,0,0,0,0,0,0,0,0,0
0,0,0,0,0,0,0,0,0,0,0,0,0,0,0,0.9219745,1,0.8993489,0,0,0,0,0,0,0,0,0,0,0,0,0,0,0,0,0,0,0,0,0,0,0,0,0,0,0,0,0,0,0.8463493,1,0.8507184,0.9220966,0,0,0,0,0,0,0,0,0,0,0,0,0,0,0,0,0,0,0,0,0,0,0,0,0,0,0,0,0,0.9313414,1,0.9206613,0.6894537,0,0,0,0,0,0,0,0,0,0,0,0,0,0,0,0,0,0,0,0,0,0,0,0,0,0,0,0,0,0.8656625,1,0.9401985,0.6821215,0,0,0,0,0,0,0,0,0,0,0,0,0,0,0,0,0,0,0,0,0,0,0,0,0,0,0,0,0,0,0.8796139,1,0.9759288,0.8023647,0,0,0,0,0,0,0,0,0,0,0,0,0
0,0,0,0,0,0,0,0,0,0,0,0,0,0,0,0.8738781,1,0.9453507,0.693621,0,0,0,0,0,0,0,0,0,0,0,0,0,0,0,0,0,0,0,0,0,0,0,0,0,0,0,0,0,0.7551064,0.9743171,1,0.868591,0,0,0,0,0,0,0,0,0,0,0,0,0,0,0,0,0,0,0,0,0,0,0,0,0,0,0,0,0,0.9163162,1,0.8985573,0.660045,0,0,0,0,0,0,0,0,0,0,0,0,0,0,0,0,0,0,0,0,0,0,0,0,0,0,0,0,0,0.8129855,0.9914567,1,0.878168,0.6654105,0,0,0,0,0,0,0,0,0,0,0,0,0,0,0,0,0,0,0,0,0,0,0,0,0,0,0,0,0,0.7836828,0.9716648,1,0.8030868,0,0,0,0,0,0,0,0,0,0,0,0,0
0,0,0,0,0,0,0,0,0,0,0,0,0,0,0,0.9049761,1,0.9778576,0.8744416,0,0,0,0,0,0,0,0,0,0,0,0,0,0,0,0,0,0,0,0,0,0,0,0,0,0,0,0,0,0.8031814,1,0.99501,0.7937241,0,0,0,0,0,0,0,0,0,0,0,0,0,0,0,0,0,0,0,0,0,0,0,0,0,0,0,0,0,0.9391118,1,0.9325814,0.8087537,0,0,0,0,0,0,0,0,0,0,0,0,0,0,0,0,0,0,0,0,0,0,0,0,0,0,0,0,0,0.8560764,1,0.9311226,0.9538215,0.8451111,0,0,0,0,0,0,0,0,0,0,0,0,0,0,0,0,0,0,0,0,0,0,0,0,0,0,0,0,0,0,0.9538158,1,0.9231782,0,0,0,0,0,0,0,0,0,0,0,0,0
0,0,0,0,0,0,0,0,0,0,0,0,0,0,0,0.8975929,1,0.9631227,0.8945455,0.8134372,0.7385898,0,0,0,0,0,0,0,0,0,0,0,0,0,0,0,0,0,0,0,0,0,0,0,0,0,0,0.7871674,0.8592302,1,0.9793046,0,0,0,0,0,0,0,0,0,0,0,0,0,0,0,0,0,0,0,0,0,0,0,0,0,0,0,0,0.6660308,0.6840206,0.9315187,1,0.9291525,0.881986,0.8394378,0.6771579,0,0,0,0,0,0,0,0,0,0,0,0,0,0,0,0,0,0,0,0,0,0,0,0,0,0,0,0.8513126,1,0.9796643,0.9298066,0.9452889,0.8525221,0.7502441,0,0,0,0,0,0,0,0,0,0,0,0,0,0,0,0,0,0,0,0,0,0,0,0,0,0.756133,0.8964662,0.819571,1,0.9278352,0.9649959,0.9571085,0.8328283,0,0,0,0,0,0,0,0,0,0,0
0,0,0,0,0,0,0,0,0,0,0,0,0,0,0,0.8910575,1,0.9173374,0.8970923,0.9241545,0.7948334,0.6563851,0,0,0,0,0,0,0,0,0,0,0,0,0,0,0,0,0,0,0,0,0,0,0,0,0.7188337,0.7341104,0.8337322,1,0.9760632,0.7321579,0.6954111,0.6661261,0,0,0,0,0,0,0,0,0,0,0,0,0,0,0,0,0,0,0,0,0,0,0,0.6534459,0.7400724,0.7744721,0.75528,0.9178073,1,0.9283887,0.8040516,0.7985715,0.8200703,0.731007,0,0,0,0,0,0,0,0,0,0,0,0,0,0,0,0,0,0,0,0,0,0,0,0,0.7165037,0.8056678,0.7909601,1,0.9754848,0.8838005,0.7796968,0.887516,0.7503023,0,0,0,0,0,0,0,0,0,0,0,0,0,0,0,0,0,0,0,0,0,0,0,0,0,0,0.8806173,0.9799557,1,0.8820907,0.9224057,0.94611,0.8868437,0.7689304,0,0,0,0,0,0,0,0,0,0
0,0,0,0,0,0,0,0,0,0,0,0,0.6258302,0.6311721,0,0.9217465,1,0.8278411,0.7427309,0.8690784,0.8350192,0.6455989,0,0,0,0,0,0,0,0,0,0,0,0,0,0,0,0,0,0,0,0,0.6836398,0.7566132,0.7525274,0.7746623,0.7649106,0.7551218,0.7352603,1,0.998623,0.8042889,0,0,0,0,0,0,0,0,0,0,0,0,0,0,0,0,0,0,0,0,0,0,0,0,0.6507635,0.7065389,0.7388849,0,0.6153603,0.9155822,1,0.9009253,0,0.7456391,0.8102566,0.736158,0.5760413,0.5956033,0,0,0,0,0,0,0,0,0,0,0,0,0,0,0,0,0,0,0,0,0.665728,0.7243353,0.5975226,0.6068811,0.8409312,1,0.9883405,0.836184,0.7619422,0.8194696,0.8245823,0.6391023,0,0.6010655,0.5775204,0.5799388,0,0,0,0,0,0,0,0,0,0,0,0,0,0,0,0,0,0.7092937,0.8633816,0.8876761,0.8775425,0.8609615,0.9462657,1,0.8999273,0.9178922,0.8862261,0.7523984,0.7814295,0.7270665,0,0.6462933,0.6529045,0,0,0,0,0,0
0,0,0,0,0,0,0,0,0,0,0,0,0,0,0,0.8400404,1,0.9740879,0.8526672,0.7531435,0.7271044,0.6632171,0,0,0,0,0,0,0,0,0,0,0,0,0,0,0,0,0,0,0,0.6366073,0.7136024,0.6930382,0.8532168,0.8461614,0.8140075,0.7797395,0.7834782,0.9932826,1,0.8040289,0.6330802,0,0,0,0,0,0,0,0,0,0,0,0,0,0,0,0,0,0,0,0,0,0,0,0.6784507,0.7186543,0,0.6991948,0.7445533,0.9277315,1,0.9016537,0.6887991,0.7195777,0.622003,0.6273819,0,0,0.6010595,0.6160919,0,0,0,0,0,0,0,0,0,0,0,0,0,0,0,0,0.6221998,0.6321681,0.7043737,0.6393878,0.7354293,0.7224738,0.7729517,1,0.9700085,0.8311666,0.8528134,0.7972205,0.7353566,0.696413,0.5918088,0.598009,0.6431067,0,0,0,0,0,0,0,0,0,0,0,0,0,0,0,0,0,0.7461597,0.8274308,0.8352718,0,0.7234849,0.6764939,0.9433846,1,0.9573447,0.9139758,0.809622,0.6646039,0,0.6372558,0,0,0,0,0,0,0,0,0
0,0,0,0,0,0,0,0,0,0,0,0,0,0,0.767314,0.9303182,1,0.9005347,0.793772,0,0.7361511,0,0,0,0,0,0,0,0,0,0,0,0,0,0,0,0,0,0,0,0,0,0,0.7490903,0.776062,0.8295562,0.8511755,0,0.8685386,1,0.998829,0.8387354,0,0,0,0,0,0,0,0,0,0,0,0,0,0,0,0,0,0,0,0,0,0,0,0,0,0.737247,0.7812189,0.7629526,0.7481334,0.9532172,1,0.88414,0,0,0,0.7146441,0,0,0,0,0,0,0,0,0,0,0,0,0,0,0,0,0,0,0,0,0,0,0.6770228,0,0.7117325,0.7948422,0.8409492,1,0.9881665,0.7972425,0,0,0,0,0,0,0,0,0,0,0,0,0,0,0,0,0,0,0,0,0,0,0,0,0,0.8379021,0.81736,0.8934903,0.9330236,0.8530905,1,0.9694235,0.9068847,0,0,0,0,0,0,0,0,0,0,0,0,0,0
0,0,0,0,0,0,0,0,0,0,0,0,0,0,0.7077028,0.916219,1,0.928247,0.6622696,0,0,0,0,0,0,0,0,0,0,0,0,0,0,0,0,0,0,0,0,0,0,0,0,0,0,0,0.7129437,0.8281488,0.8745856,1,0.9919085,0.7546424,0,0,0,0,0,0,0,0,0,0,0,0,0,0,0,0,0,0,0,0,0,0,0,0,0,0,0.6519411,0.6973805,0.7059625,0.9307462,1,0.9035421,0.6876763,0.6398908,0,0,0,0,0,0,0,0,0,0,0,0,0,0,0,0,0,0,0,0,0,0,0,0,0,0,0,0,0.8609037,1,0.9664542,0.6697294,0.680124,0.6138505,0,0,0,0,0,0,0,0,0,0,0,0,0,0,0,0,0,0,0,0,0,0,0,0,0,0,0,0.8479366,0.9691949,1,0.8354068,0.7958593,0.696414,0,0,0,0,0,0,0,0,0,0,0,0
0,0,0,0,0,0,0,0,0,0,0,0,0,0,0.7185608,0.927919,1,0.8735443,0.8231757,0.6897054,0,0,0,0,0,0,0,0,0,0,0,0,0,0,0,0,0,0,0,0,0,0,0,0,0,0,0,0,0.7985492,1,0.9958355,0.8491451,0.8546271,0.842408,0.7449143,0.6966957,0,0,0,0,0,0,0,0,0,0,0,0,0,0,0,0,0,0,0,0,0,0,0,0,0,0.9401301,1,0.8973668,0.8123337,0.8146985,0.7591973,0,0,0,0,0,0,0,0,0,0,0,0,0,0,0,0,0,0,0,0,0,0,0,0,0,0,0,0.8486515,1,0.9788646,0.8317491,0.8355222,0.7698648,0.6800728,0,0,0,0,0,0,0,0,0,0,0,0,0,0,0,0,0,0,0,0,0,0,0,0,0,0,0.6961276,0.9169582,1,0.9541593,0.8997123,0.8131799,0.7353284,0.7122277,0,0,0,0,0,0,0,0,0,0
0,0,0,0,0,0,0,0,0,0,0.5880955,0.6932684,0.6471397,0,0.6242813,0.9082906,1,0.8380655,0.6031677,0.7390857,0.7261364,0,0,0,0,0,0,0,0,0,0,0,0,0,0,0,0,0,0,0,0,0,0,0,0,0,0,0,0.7926611,1,0.9715823,0.7170637,0.756598,0.7158434,0.8109708,0.7757067,0.6982683,0.6430969,0.7302287,0.600704,0,0,0,0,0,0,0,0,0,0,0,0,0,0,0,0,0.5653902,0.6411592,0.6858636,0.7519557,0.816588,0.9283502,1,0.8396446,0.8511859,0.7810869,0.8057597,0.7878563,0.6681672,0.5729519,0.5637326,0.5630551,0,0,0,0,0,0,0,0,0,0,0,0,0,0,0,0,0,0,0,0.5966564,0.675358,0.7636982,0.896096,1,0.9483918,0.6922182,0.7795087,0.6645215,0.723916,0.6327249,0,0,0,0,0,0,0,0,0,0,0,0,0,0,0,0,0,0,0,0,0,0,0.6130003,0.563592,0.7640831,0.857335,0.975629,1,0.8334966,0.7751286,0.7996852,0.7013929,0.7146572,0.7015598,0.6522151,0.5419958,0.6582865,0.5777193,0,0,0,0,0
0,0,0,0,0,0,0,0,0.6280288,0.656379,0,0.7454682,0.7574428,0,0.6323345,0.9203652,1,0.8868818,0.7082823,0,0.6411926,0,0,0,0,0,0,0,0,0,0,0,0,0,0,0,0,0,0,0,0,0,0,0,0,0.6284001,0.6574115,0.6454647,0.8554907,1,0.9432578,0.6969186,0.7056683,0.8180384,0.8501236,0.8638704,0.8404164,0.8054945,0.6867642,0.704428,0.6566198,0,0,0,0,0,0,0,0,0,0,0,0,0,0.6685429,0.7356568,0.7287936,0.7068011,0.5951108,0.6269275,0.8304603,0.9688925,1,0.8820018,0.7025807,0.7524825,0.730906,0.7766704,0.7111297,0.6803396,0.6693062,0.6746804,0.5823947,0,0,0,0,0,0,0,0,0,0,0,0,0,0,0.7302228,0.7778909,0.8038437,0.7970835,0.6846089,0.7586045,0.9117999,0.8865858,1,0.9234238,0.7687081,0.7707756,0.7374631,0.7981343,0.7995181,0.7050347,0.7196128,0.7159804,0.6544691,0,0,0,0,0,0,0,0,0,0,0,0,0,0,0,0.642739,0.7121708,0.7403586,0.7483258,0.7840847,0.7995918,0.8859376,0.965713,1,0.8443586,0.7302737,0,0.7572766,0.7040073,0.6751243,0,0.7113413,0.7178876,0.6271405,0,0,0,0,0
0,0,0,0,0,0,0,0,0.7524914,0.7530258,0.791875,0.8116615,0,0,0,0.9413109,1,0.9140692,0,0,0,0,0,0,0,0,0,0,0,0,0,0,0,0,0,0,0,0,0,0,0,0,0,0,0,0,0,0,0.9111569,1,0.9625627,0.8538207,0.8810856,0.8850528,0.8896778,0.8738847,0.7943072,0,0,0,0,0,0,0,0,0,0,0,0,0,0,0,0,0,0.7510864,0.7956172,0,0.7304267,0.7796586,0.7641865,0,0.9567086,1,0.8840451,0.8190421,0.8119028,0.7555687,0.743268,0.7361777,0,0,0,0,0,0,0,0,0,0,0,0,0,0,0,0,0,0,0.8005836,0.8597368,0.7674951,0.773827,0.8008065,0.7878295,0,0.8942245,1,0.9563423,0.7971086,0.8238295,0.7960274,0.7674719,0.7476406,0,0,0,0,0,0,0,0,0,0,0,0,0,0,0,0,0,0,0.7691471,0.7950744,0,0.7397919,0,0.7524781,0,0.8565986,0.9808012,1,0.9108066,0.8620284,0.837734,0.7699757,0,0,0,0,0,0,0,0,0,0,0
0,0,0,0,0,0,0,0.7762062,0.7675829,0,0,0.7719936,0.8370783,0.8285803,0.8323749,0.8877555,1,0.9057084,0,0,0,0,0,0,0,0,0,0,0,0,0,0,0,0,0,0,0,0,0,0,0,0,0,0,0.9056244,0.9492898,0.8983837,0.8312903,0.8445939,0.991451,1,0.8719788,0.8032584,0,0,0,0,0,0,0,0,0,0,0,0,0,0,0,0,0,0,0,0.6868544,0.6965555,0.7016238,0.7180601,0.7004163,0.7075394,0.7613035,0.7987887,0.822501,0.9603364,1,0.8982329,0,0,0,0,0,0,0,0,0,0,0,0,0,0,0,0,0,0,0,0,0,0,0,0,0.7825689,0.8410266,0.807538,0,0.8394346,0.8209418,0.848732,1,0.976755,0,0.7798293,0,0,0,0,0,0,0,0,0,0,0,0,0,0,0,0,0,0,0,0,0,0,0,0.7893247,0.8419289,0.8096139,0,0.7965689,0.8293263,0.9735237,1,0.852079,0.7338472,0,0,0,0,0,0,0,0,0,0,0,0,0
0,0,0,0,0,0,0,0,0,0,0,0,0.7000682,0.6817163,0.6972773,0.9180193,1,0.8874348,0,0,0,0,0,0,0,0,0,0,0,0,0,0,0,0,0,0,0,0,0,0,0,0,0,0.7026895,0.8976853,0.9779245,0.9700587,0.9212814,0.8611875,1,0.9438226,0.8414929,0,0,0,0,0,0,0,0,0,0,0,0,0,0,0,0,0,0,0,0,0,0,0,0,0.5687599,0.6865544,0.6147736,0.7673852,0.7803137,0.9497697,1,0.8597991,0,0,0,0,0,0,0,0,0,0,0,0,0,0,0,0,0,0,0,0,0,0,0,0,0,0,0.7148936,0.7393259,0.6111208,0.8019716,0.8967609,1,0.9370955,0,0.6977651,0,0,0,0,0,0,0,0,0,0,0,0,0,0,0,0,0,0,0,0,0,0,0,0.5961437,0.6869769,0.7374509,0.7675527,0.7502617,0.8012267,0.9717895,1,0.8589224,0,0,0,0,0,0,0,0,0,0,0,0,0,0
0,0,0,0,0,0,0,0,0,0,0,0,0,0,0,0.9399512,1,0.8264171,0.7453721,0.7146919,0.7091832,0.7298187,0.6501873,0,0,0,0,0,0,0,0,0,0,0,0,0,0,0,0,0,0,0,0,0,0,0,0.7190031,0.8125416,0.6471769,0.943126,0.9954666,1,0.9217751,0.7639781,0,0,0,0,0,0,0,0,0,0,0,0,0,0,0,0,0,0,0,0,0,0,0,0,0,0.6535538,0.7093769,0.9592615,1,0.8362951,0.7035689,0.6905586,0.6465099,0.6497907,0.6427405,0.5667208,0,0,0,0,0,0,0,0,0,0,0,0,0,0,0,0,0,0,0,0,0,0,0,0.7233142,0.8914717,1,0.8789992,0.8402289,0.8049601,0.7893121,0.7781023,0.7822236,0.7430723,0.640355,0,0,0,0,0,0,0,0,0,0,0,0,0,0,0,0,0,0,0,0,0,0,0.6104833,0.6393457,0.9472095,1,0.8741372,0.7347476,0.6819174,0.6414165,0.6455783,0.6499498,0.6181924,0,0,0,0,0,0,0,0
0,0,0,0,0,0,0,0,0,0,0,0,0,0,0.6263627,0.9026796,1,0.8940275,0.7039492,0.7306232,0.7434672,0.7389689,0.8042849,0.7920976,0.7640502,0.7169697,0.5829719,0,0,0,0,0,0,0,0,0,0,0,0,0,0,0,0,0,0,0.6469558,0.6876873,0.6949077,0.7661038,0.9981703,1,0.9788468,0.9764752,0.816408,0.6528713,0.6634861,0,0,0,0,0,0,0,0,0,0,0,0,0,0,0,0,0,0,0,0,0,0,0.5714617,0.5856079,0.6731194,0.9503012,1,0.8606595,0.7458064,0.6932983,0.6467067,0.5532466,0.6864953,0.704059,0.6265122,0.5873303,0,0,0,0,0,0,0,0,0,0,0,0,0,0,0,0,0,0,0,0,0,0.6402825,0.8463838,1,0.949098,0.607149,0.6452435,0.6611491,0.6637488,0.6095943,0.7607226,0.724949,0.6537184,0,0.6059091,0.5841098,0,0,0,0,0,0,0,0,0,0,0,0,0,0,0.6234738,0.5883375,0.6236714,0,0.6364185,0.7183199,0.9834378,1,0.60532,0.8131507,0.7630693,0.7045754,0.6106925,0.6100553,0,0.7241571,0.7433146,0,0,0,0,0,0
0,0,0,0,0,0,0,0,0,0,0,0,0,0,0.6831805,0.938292,1,0.8834071,0,0.7265674,0.790125,0.7714646,0.7278337,0.7784835,0.7542884,0.7428997,0.6896151,0,0,0,0,0,0,0,0,0,0,0,0,0,0,0,0,0,0.7415992,0.7650607,0.8477055,0.8768618,0.8036044,1,0.9824206,0.7721471,0.7160305,0.7098334,0,0,0,0,0,0,0,0,0,0,0,0,0,0,0,0,0,0,0,0,0,0.608528,0.6444851,0.6608008,0.6636084,0.6950688,0,0.9477918,1,0.8657831,0.6890529,0.6179886,0.6371973,0.7158476,0.7514351,0.7561544,0.7364621,0.7189855,0.6419032,0,0,0,0,0,0,0,0,0,0,0,0,0,0,0,0,0,0,0,0.7055591,0.6492344,0.8963811,1,0.9411753,0.6666194,0,0,0.6302401,0.7576854,0.7577757,0.773725,0.7932159,0.7561526,0.6542338,0,0,0,0,0,0,0,0,0,0,0,0,0,0,0,0.7179515,0.7618397,0.7625335,0.823088,0.8028737,0.8040242,0.979665,1,0.8377951,0.7072996,0.7346984,0.7380456,0.6763508,0.7325694,0.7013462,0.7834272,0.8047164,0.7473298,0,0,0,0,0
0,0,0,0,0,0,0,0,0,0,0,0,0,0,0.7291371,0.9212265,1,0.8807249,0.7857646,0.7479222,0.8490278,0.8762681,0.822485,0.7614972,0.6785655,0,0,0,0,0,0,0,0,0,0,0,0,0,0,0,0,0,0.7511724,0.8134872,0.8443351,0.8607548,0.8519252,0.7095166,0.8831563,1,0.9450943,0.6915533,0.7164423,0,0,0,0,0,0,0,0,0,0,0,0,0,0,0,0,0,0,0,0,0,0,0.6777104,0.7258568,0.7593762,0.7704773,0.6923611,0,0.9555678,1,0.8831751,0.7678941,0.7349636,0.655922,0.6751419,0.6787741,0,0,0,0,0,0,0,0,0,0,0,0,0,0,0,0,0,0,0,0,0.729663,0.741353,0.7278011,0.6822155,0,0.8658129,1,0.9573783,0.7625387,0,0.694269,0.6635072,0.6547011,0.6794635,0,0.6596439,0,0.6529749,0,0,0,0,0,0,0,0,0,0,0,0,0,0,0,0.8030416,0.8608876,0.8546776,0.8042874,0.8314492,0.8639932,0.9640063,1,0.8654041,0.7872497,0.8376659,0.8019903,0,0,0,0,0,0,0,0,0,0,0
0,0,0,0,0,0,0,0,0,0,0,0,0,0,0.7121905,0.9324309,1,0.8924742,0.7498922,0.7187719,0.7055209,0,0,0,0,0,0,0,0,0,0,0,0,0,0,0,0,0,0,0,0,0,0,0,0,0.7894438,0,0.835665,0.8831171,1,0.9603395,0,0,0,0,0,0,0,0,0,0,0,0,0,0,0,0,0,0,0,0,0,0,0,0,0.6588807,0.70409,0.7489536,0.7470018,0,0.7767333,0.9712744,1,0.8558446,0.6602425,0,0,0,0,0,0,0,0,0,0,0,0,0,0,0,0,0,0,0,0,0,0,0,0,0.7040316,0.7218646,0.7491768,0.8067108,0.8299605,0.8724725,1,0.9723766,0.8253495,0.7156063,0,0,0,0,0,0,0,0,0,0,0,0,0,0,0,0,0,0,0,0,0,0,0,0.8115169,0.8370401,0.8617197,0.8425716,0.7549592,0,0.9795453,1,0.8321959,0,0,0,0,0,0,0,0,0,0,0,0,0,0
0,0,0,0,0,0,0,0,0,0,0,0,0,0.6954649,0.8122689,0.936037,1,0.9007921,0.6288481,0,0,0,0,0,0,0,0,0,0,0,0,0,0,0,0,0,0,0,0,0,0,0,0,0,0,0,0.8169548,0.8889409,0.9096572,1,0.9662249,0.6872701,0,0,0,0,0,0,0,0,0,0,0,0,0,0,0,0,0,0,0,0,0,0,0,0,0,0,0.6215212,0.6282466,0.6441746,0.9477202,1,0.8762876,0,0,0,0,0,0,0,0,0,0,0,0,0,0,0,0,0,0,0,0,0,0,0,0,0,0,0,0,0,0.7248026,0.8880251,1,0.9484162,0.7153543,0.6277689,0,0,0,0,0,0,0,0,0,0,0,0,0,0,0,0,0,0,0,0,0,0,0,0,0,0,0.703036,0.8131915,0.875832,0.9306343,1,0.8115456,0,0,0,0,0,0,0,0,0,0,0,0,0,0
0,0,0,0,0,0,0,0,0,0,0,0,0,0,0.7186934,0.9195952,1,0.8853682,0,0,0,0,0,0,0,0,0,0,0,0,0,0,0,0,0,0,0,0,0,0,0,0,0,0,0,0,0,0.7450687,0.7623442,1,0.9889205,0,0,0,0,0,0,0,0,0,0,0,0,0,0,0,0,0,0,0,0,0,0,0,0,0,0,0,0,0,0.7264585,0.9465819,1,0.8826352,0,0,0,0,0,0,0,0,0,0,0,0,0,0,0,0,0,0,0,0,0,0,0,0,0,0,0,0,0,0.6592858,0.8372275,1,0.9544517,0.6367486,0,0,0,0,0,0,0,0,0,0,0,0,0,0,0,0,0,0,0,0,0,0,0,0,0,0,0,0,0,0.8213168,0.994437,1,0.8279479,0,0,0,0,0,0,0,0,0,0,0,0,0,0
