GestureName: zigzag
Duration(ms): 1410
Handedness: right

SpeakerAngles: 5
55
-55
0
0
110

SpeakerElevations: 5
-10
-10
-10
0
30

InterpretedPoints: 30
0.0141807944755503,4.63666932642686,-0.0418890660015822
3.26937151987305,15.7802829363533,0.221629157329114
0.0212711917133248,14.8749492211889,-0.0628335990023732
6.49620065631944,22.0093485282323,-0.820259908672468
3.2551907253975,14.2733386528537,-0.0837781320031643
0.806707284111599,3.54967027447583,-0.347296355333861
-0.00709039723777505,-2.25347214174981,-0.152703644666139
2.4201218523348,-5.69458756439087,0.520944533000791
-4.06898840674687,-15.0764810690794,0.278370842670886
-0.0141807944755501,-9.75120212236632,0.562833599002373
-0.00709039723777505,-3.38319718467706,0.194592710667721
-0.806707284111599,2.56486252146362,-0.17364817766693
6.48201986184389,10.0138885669992,0.610814578664557
4.88278608809624,13.6657501404139,0.742573690329905
4.87569569085847,5.31293744971241,1.28446275633149
-1.6134145682232,4.11453279593946,-0.520944533000791
1.62050496546097,1.2686643887376,0.32635182233307
0,0,0
-0.820888078587149,-3.94208176203599,-0.479055466999209
-3.24810032815972,-8.87494922118888,0.0628335990023732
-4.86860529362069,-10.1436136099265,-0.263518223330696
-4.05480761227132,-7.32527894671305,-0.284462756331487
-2.42721224957257,-3.81833466321343,0.0209445330007911
0,0,0
3.24810032815972,5.77560867223722,0.631759111665348
4.06189800950909,8.59394333545065,0.610814578664557
6.47492946460611,9.87494922118888,-0.0628335990023732
6.49620065631944,10.5512173444744,1.2635182233307
4.05480761227132,4.21074615077359,0.805407289332278
0,0,0

StrokePoints: 31
0,0,0
0.0141807944755503,4.63666932642686,-0.0418890660015822
3.2835523143486,20.4169522627802,0.179740091327532
3.30482350606192,35.2919014839691,0.116906492325158
9.80102416238136,57.3012500122013,-0.703353416347309
13.0562148877789,71.5745886650551,-0.787131548350473
13.8629221718905,75.1242589395309,-1.13442790368433
13.8558317746527,72.8707867977811,-1.28713154835047
16.2759536269875,67.1761992333902,-0.766187015349682
12.2069652202406,52.0997181643108,-0.487816172678796
12.1927844257651,42.3485160419445,0.0750174263235768
12.1856940285273,38.9653188572675,0.269610136991298
11.3789867444157,41.5301813787311,0.0959619593243678
17.8610066062596,51.5440699457303,0.706776537988925
22.7437926943558,65.2098200861442,1.44935022831883
27.6194883852143,70.5227575358566,2.73381298465032
26.0060738169911,74.6372903317961,2.21286845164953
27.6265787824521,75.9059547205337,2.5392202739826
27.6265787824521,75.9059547205337,2.5392202739826
26.8056907038649,71.9638729584977,2.06016480698339
23.5575903757052,63.0889237373088,2.12299840598576
18.6889850820845,52.9453101273823,1.85948018265506
14.6341774698132,45.6200311806693,1.57501742632358
12.2069652202406,41.8016965174558,1.59596195932437
12.2069652202406,41.8016965174558,1.59596195932437
15.4550655484003,47.5773051896931,2.22772107098972
19.5169635579094,56.1712485251437,2.83853564965427
25.9918930225155,66.0461977463326,2.7757020506519
32.488093678835,76.597415090807,4.0392202739826
36.5429012911063,80.8081612415806,4.84462756331487
36.5429012911063,80.8081612415806,4.84462756331487

Velocities: 30
1,3,2
4,6,6
1,4,4
8,6,8
4,4,4
1,0,1
0,-1,-1
0,-3,0
-5,-5,-6
-2,-4,-3
-1,-2,-1
0,1,0
4,0,4
4,4,5
3,2,2
0,2,1
1,0,0
0,0,0
0,-1,-2
-3,-2,-4
-4,-2,-4
-3,-1,-3
-2,0,-1
0,0,0
2,1,2
3,2,3
5,0,4
4,2,4
2,0,2
0,0,0

InverseVelocities: 30
0,0,0
0,0,0
0,0,0
0,0,0
0,0,0
0,0,0
0,0,0
0,0,0
0,0,0
0,0,0
0,0,0
0,0,0
0,0,-1
0,0,0
0,0,0
0,0,0
0,0,0
0,0,0
0,0,0
0,0,0
0,0,0
0,0,0
0,0,0
0,0,0
0,0,0
0,0,0
0,0,0
0,0,0
0,0,0
0,0,0

RawData: 30
0,0,0,0,0,0,0,0,0,0,0,0,0,0,0,0.8980123,1,0.9211884,0.7835568,0.7723131,0.658726,0,0,0,0,0,0,0,0,0,0,0,0,0,0,0,0,0,0,0,0,0,0,0,0,0,0,0,0.763074,0.9957003,1,0.8119373,0.6873249,0.6600142,0.6536427,0.6218396,0,0,0,0,0,0,0,0,0,0,0,0,0,0,0,0,0,0,0,0,0,0,0,0,0,0.8970768,1,0.9277586,0.8132199,0.7756639,0.6991886,0.616272,0,0,0,0,0,0,0,0,0,0,0,0,0,0,0,0,0,0,0,0,0,0,0,0,0,0,0.8449171,1,0.9547551,0.7723185,0.7435151,0.6710314,0,0,0,0,0,0,0,0,0,0,0,0,0,0,0,0,0,0,0,0,0,0,0,0,0,0,0,0,0.9567291,1,0.87177,0.7542306,0.7483172,0.6773415,0,0,0,0,0,0,0,0,0,0,0
0,0,0,0,0,0,0,0,0,0,0,0,0,0,0,0.9045317,1,0.9032142,0.703761,0.7138685,0.7228689,0,0.6557075,0.6824595,0,0,0,0,0,0,0,0,0,0,0,0,0,0,0,0,0,0,0,0,0,0,0,0,0.8029572,1,0.9989337,0.7949114,0,0.7444493,0.8125653,0.8113577,0.8415135,0.77939,0.6773692,0,0,0,0,0,0,0,0,0,0,0,0,0,0,0,0,0,0,0,0,0,0.6414092,0.9270173,1,0.8684052,0.6795129,0.6756971,0,0.7577616,0.8231869,0.8141918,0.7631645,0.6671747,0,0,0,0,0,0,0,0,0,0,0,0,0,0,0,0,0,0,0,0,0,0.6237059,0.8247852,1,0.9770195,0.7323056,0.6922689,0.6374509,0.6775315,0.6849957,0.7333971,0.7429195,0.687305,0,0,0,0,0,0,0,0,0,0,0,0,0,0,0,0,0,0,0,0,0,0,0.6831268,0.9507837,1,0.8682855,0.6605064,0,0.7276677,0,0.6520087,0.6775123,0.6452805,0,0,0,0,0,0,0
0,0,0,0,0,0,0,0,0,0,0,0,0,0,0,0.9132605,1,0.9262445,0,0,0.7651647,0,0,0,0,0,0,0,0,0,0,0,0,0,0,0,0,0,0,0,0,0,0,0,0,0,0,0,0,1,0.9795598,0,0,0.7961943,0.8368315,0.8457326,0.8925378,0,0,0,0,0,0,0,0,0,0,0,0,0,0,0,0,0,0,0,0,0,0,0,0,0.9400252,1,0.9149884,0,0,0,0,0.7584739,0.7637253,0,0,0,0,0,0,0,0,0,0,0,0,0,0,0,0,0,0,0,0,0,0,0,0,0.8479881,1,0.9767177,0.7841262,0,0,0,0,0,0.7415417,0,0.7624285,0.7404363,0.7236581,0,0,0,0,0,0,0,0,0,0,0,0,0,0,0,0,0,0,0,0.7525969,0.9641108,1,0.8641758,0,0,0.7929167,0.7675551,0,0,0,0,0,0,0,0,0,0
0,0,0,0,0,0,0,0,0,0,0,0,0,0,0,0.9126676,1,0.9205722,0.7215313,0.7317336,0.7297591,0.7969173,0.7275869,0,0,0,0.7386168,0.7245873,0,0,0,0,0,0,0,0,0,0,0,0,0,0,0,0,0,0,0,0,0.8270704,0.9987364,1,0.8524684,0.7802432,0,0,0,0.8665331,0.8734526,0.8263553,0,0,0,0,0,0,0,0,0,0,0,0,0,0,0,0,0,0,0,0,0,0,0.9429409,1,0.8996052,0.6823192,0,0,0.7251971,0.7534652,0.7339675,0.7644129,0,0.7144266,0.6837178,0,0,0,0,0,0,0,0,0,0,0,0,0,0,0,0,0,0,0,0,0.8584708,1,0.9667898,0.7842633,0.7839966,0.7771695,0.700285,0.7624069,0.7720401,0.7684221,0.8040636,0.7164989,0.7261161,0,0,0,0,0,0,0,0,0,0,0,0,0,0,0,0,0,0,0,0,0.7627929,0.9712497,1,0.8067177,0.7950059,0.7214031,0.7336797,0.823192,0.7633328,0.7294619,0.746066,0,0,0,0,0,0,0
0,0,0,0,0,0,0,0,0,0,0,0,0,0,0,0.9278951,1,0.8981613,0,0,0.7057679,0.7338964,0.7647917,0.7053666,0,0,0,0,0,0,0,0,0,0,0,0,0,0,0,0,0,0,0,0,0,0,0,0,0,1,0.9976339,0.8543413,0.8094156,0,0.8471743,0.8579648,0.8007855,0,0,0,0,0,0,0,0,0,0,0,0,0,0,0,0,0,0,0,0,0,0,0,0.7564963,0.9724299,1,0.8616427,0.7225153,0.7289847,0.6784002,0.6829324,0.6813794,0.6793211,0,0,0,0,0,0,0,0,0,0,0,0,0,0,0,0,0,0,0,0,0,0,0,0,0.8458013,1,0.9662455,0.685682,0.6782744,0.7325511,0.6739911,0.7587683,0.7794237,0.728108,0.7061905,0.6800709,0,0,0,0,0,0,0,0,0,0,0,0,0,0,0,0,0,0,0,0,0,0.7359717,0.9827843,1,0.8385285,0,0.7703575,0.7272737,0.8075565,0.7650514,0,0,0,0,0,0,0,0,0
0,0,0,0,0,0,0,0,0,0,0,0,0,0,0.6742338,0.9442453,1,0.8521249,0.7896262,0.7452061,0.6781852,0,0,0,0,0,0,0,0,0,0,0,0,0,0,0,0,0,0,0,0,0,0,0,0,0,0.6813871,0.7923727,0.8961708,1,0.9882433,0.8236016,0,0,0,0,0,0,0,0,0,0,0,0,0,0,0,0,0,0,0,0,0,0,0,0,0,0,0,0,0.7703297,0.9204174,1,0.9232256,0.8424137,0.7875289,0.7092764,0,0,0,0,0,0,0,0,0,0,0,0,0,0,0,0,0,0,0,0,0,0,0,0,0,0,0.7432967,0.8272972,1,0.9632806,0.8319445,0.817721,0.7594105,0.6662491,0,0,0,0,0,0,0,0,0,0,0,0,0,0,0,0,0,0,0,0,0,0,0,0,0,0.7160519,0.6867895,0.9512329,1,0.8815952,0.6646389,0,0,0,0,0,0,0,0,0,0,0,0,0
0,0,0,0,0,0,0,0,0,0,0,0,0,0.7860463,0.7769084,0.9126456,1,0.9043654,0,0,0,0,0,0,0,0,0,0,0,0,0,0,0,0,0,0,0,0,0,0,0,0,0,0,0,0.7928518,0.8654624,0.8617347,0.8850141,1,0.9667917,0.7036659,0,0,0,0,0,0,0,0,0,0,0,0,0,0,0,0,0,0,0,0,0,0,0,0,0,0,0.7610415,0.8582673,0.8762739,0.9855142,1,0.8319419,0,0,0,0,0,0,0,0,0,0,0,0,0,0,0,0,0,0,0,0,0,0,0,0,0,0,0,0.7260486,0.8230852,0.8543063,0.9062635,1,0.9542499,0.6812641,0,0,0,0,0,0,0,0,0,0,0,0,0,0,0,0,0,0,0,0,0,0,0,0,0,0,0.7078819,0.7901822,0.8222044,0.8441197,0.9588935,1,0.8818247,0,0,0,0,0,0,0,0,0,0,0,0,0,0
0,0,0,0,0,0,0,0,0,0,0,0,0,0,0,0.94463,1,0.8957379,0,0,0,0,0,0,0,0,0,0,0,0,0,0,0,0,0,0,0,0,0,0,0,0,0,0.8451453,0.8563597,0,0.8049797,0.7996379,0.8006031,1,0.9800538,0,0,0,0,0,0,0,0,0,0,0,0,0,0,0,0,0,0,0,0,0,0,0,0,0,0,0,0,0,0.8226178,0.9780484,1,0.82003,0,0,0,0,0,0,0,0,0,0,0,0,0,0,0,0,0,0,0,0,0,0,0,0,0.8257713,0.8472074,0.8339663,0,0.7864627,0,0.8863153,1,0.9497214,0,0,0,0,0,0,0,0,0,0,0,0,0,0,0,0,0,0,0,0,0,0,0,0,0,0,0,0,0,0.7376716,0.8146543,0.9578305,1,0.9041843,0,0,0,0,0,0,0,0,0,0,0,0,0,0
0,0,0,0,0,0,0,0,0.6395894,0.717703,0,0.7142795,0.7687056,0.7071337,0,0.9416757,1,0.8625697,0,0,0,0,0,0,0,0,0,0,0,0,0,0,0,0,0,0,0,0,0,0,0,0.6894705,0.7977952,0,0.7972748,0.8364159,0.778419,0.7262165,0.8430023,1,0.9753152,0.7373672,0,0,0,0,0,0,0,0,0,0,0,0,0,0,0,0,0,0,0,0,0,0.6301425,0.7098603,0.7536279,0.7689493,0.7862949,0.8015486,0.7850019,0.726189,0.9510667,1,0.8523566,0.6817348,0.6275558,0,0,0,0,0,0,0,0,0,0,0,0,0,0,0,0,0,0,0,0,0,0.7278474,0.7805911,0.7513644,0.8168629,0.8485547,0.7415088,0.700605,0.8589496,1,0.9428498,0.6901801,0,0,0,0,0,0,0,0,0,0,0,0,0,0,0,0,0,0,0,0,0,0,0.6815898,0.7638035,0.7675585,0.7764791,0.81426,0.7239424,0,0.6772306,0.93703,1,0.8954993,0.6580917,0,0,0,0,0,0,0,0,0,0,0,0,0
0,0,0,0,0,0,0,0,0,0,0,0.7100469,0.6823942,0.7498001,0,0.9103984,1,0.9091611,0,0,0,0,0,0,0,0,0,0,0,0,0,0,0,0,0,0,0,0,0,0,0,0,0.7355846,0.8374761,0.8163872,0.7678067,0,0.7635383,0.8455947,1,0.9793695,0.7880965,0,0,0,0,0,0,0,0,0,0,0,0,0,0,0,0,0,0,0,0,0,0,0,0,0.710407,0.7200284,0.6973611,0.6637857,0.7874672,0.9575599,1,0.8815182,0,0,0,0,0,0,0,0,0,0,0,0,0,0,0,0,0,0,0,0,0,0,0,0,0.7197138,0.7176555,0.7098929,0.8098365,0,0.7330324,0.8408102,1,0.9549683,0,0,0,0,0,0,0,0,0,0,0,0,0,0,0,0,0,0,0,0,0,0,0,0,0,0,0.7621862,0.8915423,0.8130264,0.8349392,0.8620795,1,0.8597723,0.9154478,0.8121507,0,0,0,0,0,0,0,0,0,0,0,0,0
0,0,0,0,0,0,0,0,0,0,0,0,0.6882164,0.733549,0.7592447,0.9261853,1,0.8991125,0,0,0,0,0,0,0,0,0,0,0,0,0,0,0,0,0,0,0,0,0,0,0,0,0,0,0.7398813,0.7722808,0.816708,0.8644572,0.9050269,1,0.9463918,0.7042516,0,0,0,0,0,0,0,0,0,0,0,0,0,0,0,0,0,0,0,0,0,0,0,0,0,0,0.7027564,0.7762907,0.7520459,0.9375733,1,0.8811777,0,0,0,0,0,0,0,0,0,0,0,0,0,0,0,0,0,0,0,0,0,0,0,0,0,0,0,0.7290516,0.7565063,0.7695525,0.9115837,1,0.9466382,0,0,0,0,0,0,0,0,0,0,0,0,0,0,0,0,0,0,0,0,0,0,0,0,0,0,0,0.7947924,0.8721207,0.9214947,0.922488,0.9352469,1,0.8549749,0,0,0,0,0,0,0,0,0,0,0,0,0,0
0,0,0,0,0,0,0,0,0,0,0,0,0,0,0,0.9295627,1,0.856451,0.7063,0.6740924,0,0,0,0,0,0,0,0,0,0,0,0,0,0,0,0,0,0,0,0,0,0,0,0,0,0,0,0.7089804,0.6545765,1,0.9822776,0.8485329,0.7634313,0.6492949,0,0,0,0,0,0,0,0,0,0,0,0,0,0,0,0,0,0,0,0,0,0,0,0,0,0,0.7064832,0.9505417,1,0.8870757,0.7137542,0.6283768,0,0,0,0,0,0,0,0,0,0,0,0,0,0,0,0,0,0,0,0,0,0,0,0,0,0,0,0,0.8434225,1,0.9429491,0.6622692,0.6366711,0.6338174,0.5889122,0,0,0,0,0,0,0,0,0,0,0,0,0,0,0,0,0,0,0,0,0,0,0,0,0,0.6747821,0.7906544,0.9279868,1,0.8917356,0,0,0,0,0,0,0,0,0,0,0,0,0,0
0,0,0,0,0,0,0,0,0,0,0,0,0,0,0.6239663,0.9356263,1,0.8799692,0.6990952,0.6920828,0.7572562,0.7567926,0.722374,0.6117705,0,0,0,0,0,0,0,0,0,0,0,0,0,0,0,0,0,0,0,0,0,0,0,0,0.863323,1,0.9399436,0.7513173,0.7868959,0,0,0,0,0,0,0,0,0,0,0,0,0,0,0,0,0,0,0,0,0,0,0,0,0,0.6149557,0.6657336,0.7095395,0.9507715,1,0.8720772,0.6409459,0.638101,0.7467329,0.7154793,0.7259819,0.6781744,0,0,0,0,0,0,0,0,0,0,0,0,0,0,0,0,0,0,0,0,0,0,0.6143682,0.6974881,0.868769,1,0.9463101,0.7818955,0.6923591,0.792958,0.794341,0.7854166,0.7422923,0.6623373,0,0,0,0,0,0,0,0,0,0,0,0,0,0,0,0,0,0,0,0,0,0,0,0.861962,1,0.9774434,0.7882158,0.7690495,0.7626829,0.7381213,0.6089202,0.6378738,0,0,0,0,0,0,0,0,0
0,0,0,0,0,0,0,0,0,0,0,0,0,0,0,0.924163,1,0.9018854,0.6689674,0.7218863,0.6579832,0.7075282,0.763037,0.7019789,0,0,0,0,0,0,0,0,0,0,0,0,0,0,0,0,0,0,0,0,0,0,0,0,0.7945859,1,0.9691252,0.7493998,0.8068923,0.852428,0.7935183,0.8061332,0.7393605,0,0,0,0,0,0,0,0,0,0,0,0,0,0,0,0,0,0,0,0,0,0,0.6463626,0.7180775,0.9340018,1,0.8705189,0.6904032,0.7911695,0.7612147,0,0.7544632,0.7841295,0.7219918,0,0,0,0,0,0,0,0,0,0,0,0,0,0,0,0,0,0,0,0,0,0,0.6764719,0.8961757,1,0.946609,0.7110817,0.7522882,0.7930826,0.7336144,0,0.7375341,0.7546409,0.65185,0,0,0,0,0,0,0,0,0,0,0,0,0,0,0,0,0,0,0,0,0,0,0.877306,0.9578027,1,0.8800435,0.6991884,0.7824662,0.8514749,0.7686977,0.7000865,0.7586753,0.7278212,0,0,0,0,0,0,0
0,0,0,0,0,0,0,0,0,0,0,0,0,0,0,0.9291277,1,0.8812569,0.7583928,0,0.8058128,0.7881767,0.7276921,0,0,0,0,0,0,0,0,0,0,0,0,0,0,0,0,0,0,0,0,0,0,0,0,0,0.8632349,1,0.9857397,0.8370174,0.8459659,0.8462322,0.7339545,0,0,0,0,0,0,0,0,0,0,0,0,0,0,0,0,0,0,0,0,0,0,0,0,0,0.7256309,0.9591871,1,0.8856584,0.7577971,0,0.7685655,0.7070736,0,0,0,0,0,0,0,0,0,0,0,0,0,0,0,0,0,0,0,0,0,0,0,0,0,0,0.8864354,1,0.9443204,0,0,0.7363108,0.7571983,0,0,0,0,0,0,0,0,0,0,0,0,0,0,0,0,0,0,0,0,0,0,0,0,0,0,0.8794701,0.9998961,1,0.8058923,0,0.8300059,0.8791191,0.8369664,0.7389498,0.7498741,0,0,0,0,0,0,0,0
0,0,0,0,0,0,0,0,0,0,0,0,0,0,0,0.93247,1,0.8919417,0.8393016,0.8211837,0,0,0,0,0,0,0,0,0,0,0,0,0,0,0,0,0,0,0,0,0,0,0,0,0,0,0,0,0.8042167,1,0.9915901,0.8762631,0,0.7986693,0.7670013,0,0,0,0,0,0,0,0,0,0,0,0,0,0,0,0,0,0,0,0,0,0,0,0,0,0.7535158,0.9685957,1,0.8793325,0.722891,0.7307667,0.715898,0,0,0,0,0,0,0,0,0,0,0,0,0,0,0,0,0,0,0,0,0,0,0,0,0,0,0,0.8609623,1,0.9634436,0.7750277,0.6950869,0.7533257,0.7084754,0,0,0,0,0,0,0,0,0,0,0,0,0,0,0,0,0,0,0,0,0,0,0,0,0,0,0.7897319,0.9858166,1,0.8728797,0.7598811,0,0,0,0,0,0,0,0,0,0,0,0,0
0,0,0,0,0,0,0,0,0,0,0,0,0,0,0,0.9308084,1,0.8660521,0.8136176,0.6795026,0.642281,0,0,0,0,0,0,0,0,0,0,0,0,0,0,0,0,0,0,0,0,0,0,0,0,0,0,0,0.8355542,1,0.9680199,0.7102323,0.6915584,0,0,0,0,0,0,0,0,0,0,0,0,0,0,0,0,0,0,0,0,0,0,0,0,0,0,0,0.6396615,0.9433122,1,0.8520095,0.6971602,0,0,0,0,0,0,0,0,0,0,0,0,0,0,0,0,0,0,0,0,0,0,0,0,0,0,0,0,0,0.8274335,1,0.9848003,0.8088328,0.7617661,0.6713866,0,0,0,0,0,0,0,0,0,0,0,0,0,0,0,0,0,0,0,0,0,0,0,0,0,0,0,0.7572387,0.9725043,1,0.877279,0.7440325,0.5975754,0,0,0,0,0,0,0,0,0,0,0,0
0,0,0,0,0,0,0,0,0,0,0,0,0,0,0.7074314,0.9151988,1,0.9396256,0,0,0,0,0,0,0,0,0,0,0,0,0,0,0,0,0,0,0,0,0,0,0,0,0,0,0,0,0,0.8519026,0.9174151,1,0.9834894,0,0,0,0,0,0,0,0,0,0,0,0,0,0,0,0,0,0,0,0,0,0,0,0,0,0,0,0,0,0.7704886,0.945069,1,0.9018354,0,0,0,0,0,0,0,0,0,0,0,0,0,0,0,0,0,0,0,0,0,0,0,0,0,0,0,0,0.7382684,0.8048502,0.8310136,1,0.9783735,0.7476441,0,0,0,0,0,0,0,0,0,0,0,0,0,0,0,0,0,0,0,0,0,0,0,0,0,0,0,0,0,0,0.947522,1,0.8941464,0,0,0,0,0,0,0,0,0,0,0,0,0,0
0,0,0,0,0,0,0,0,0,0,0,0,0,0,0.7434949,0.9059822,1,0.9088857,0.6635555,0,0,0,0,0,0,0,0,0,0,0,0,0,0,0,0,0,0,0,0,0,0,0,0,0,0,0.7035326,0.7916279,0.7217917,0.8131714,1,0.9826723,0.7632151,0,0,0,0,0,0,0,0,0,0,0,0,0,0,0,0,0,0,0,0,0,0,0,0,0,0.6537763,0.7051443,0,0,0.9090589,1,0.9032837,0.6769266,0,0,0,0,0,0,0,0,0,0,0,0,0,0,0,0,0,0,0,0,0,0,0,0,0,0.6701615,0.7889284,0.8478531,0.814985,0.8508417,1,0.9689805,0.7282442,0,0,0,0,0,0,0,0,0,0,0,0,0,0,0,0,0,0,0,0,0,0,0,0,0,0.7258092,0.7843751,0.8460525,0.8497133,0.7931811,0.9433147,1,0.8957552,0,0,0,0,0,0,0,0,0,0,0,0,0,0
0,0,0,0,0,0,0,0,0,0,0.7127137,0.8009928,0.7190606,0.7749808,0.8075095,0.9141491,1,0.9170135,0,0,0,0,0,0,0,0,0,0,0,0,0,0,0,0,0,0,0,0,0,0,0,0,0,0,0.7088704,0.7425945,0,0.7014861,0.7261011,0.9549735,1,0.860598,0,0,0,0,0,0,0,0,0,0,0,0,0,0,0,0,0,0,0,0,0,0,0,0.6010366,0.6847954,0.7585331,0.7546946,0.6825806,0.7564675,0.9248309,1,0.8967992,0,0,0,0,0,0,0,0,0,0,0,0,0,0,0,0,0,0,0,0,0,0,0,0,0,0.7800088,0.8833436,0.8795733,0.7373819,0.7591986,0.8485867,1,0.9979959,0.8121848,0,0,0,0,0,0,0,0,0,0,0,0,0,0,0,0,0,0,0,0,0,0,0,0,0.7175668,0.862536,0.8786298,0,0.7781105,0.6371812,0.9748125,1,0.7290817,0.6921486,0,0,0,0,0,0,0,0,0,0,0,0,0
0,0,0,0,0,0,0,0,0,0.6416911,0.8078945,0.835563,0.707898,0.7692253,0.7497014,0.9061432,1,0.908407,0,0,0,0,0,0,0,0,0,0,0,0,0,0,0,0,0,0,0,0,0,0,0,0,0,0,0.7758459,0.7813623,0.7786891,0.7193252,0.8289175,1,0.9804946,0.6551958,0,0,0,0,0,0,0,0,0,0,0,0,0,0,0,0,0,0,0,0,0,0,0,0.6910736,0.8101269,0.812755,0.828659,0.810215,0.6390502,0.9382349,1,0.8836226,0.6230736,0,0,0,0,0,0,0,0,0,0,0,0,0,0,0,0,0,0,0,0,0,0,0,0.723313,0.87843,0.831443,0.8690392,0.8905718,0.817941,0.8216142,1,0.9639705,0.7453821,0,0,0,0,0,0,0,0,0,0,0,0,0,0,0,0,0,0,0,0,0,0,0,0.6203637,0.7835659,0.8039266,0.6823217,0.7437575,0.7344011,0.7134534,0.9219244,1,0.9361402,0.7134316,0,0,0,0,0,0,0,0,0,0,0,0,0
0,0,0,0,0,0,0,0,0,0,0.7288016,0.8108431,0.7888345,0.8502522,0.8521258,0.9181672,1,0.9226398,0,0,0,0,0,0,0,0,0,0,0,0,0,0,0,0,0,0,0,0,0,0,0,0,0,0,0,0.7252616,0.7119825,0.7279148,0.8236536,0.9857333,1,0.8589844,0,0,0,0,0,0,0,0,0,0,0,0,0,0,0,0,0,0,0,0,0,0,0,0,0.7243808,0,0.7370554,0.7480704,0.7653578,0.9401561,1,0.8927488,0,0,0,0,0,0,0,0,0,0,0,0,0,0,0,0,0,0,0,0,0,0,0,0,0,0.7942526,0.7981112,0.7091363,0.794626,0.7354174,0.8775015,1,0.9674232,0.8701411,0.7317003,0,0,0,0,0,0,0,0,0,0,0,0,0,0,0,0,0,0,0,0,0,0,0,0.7198957,0.7169816,0,0.7426795,0.8142899,0.8403594,0.9351101,1,0.7695379,0.8287129,0,0,0,0,0,0,0,0,0,0,0,0,0
0,0,0,0,0,0,0,0,0,0,0,0.6304176,0.7653865,0.8434843,0.8024946,0.9121697,1,0.9138286,0.5813271,0,0,0,0,0,0,0,0,0,0,0,0,0,0,0,0,0,0,0,0,0,0,0,0,0,0,0,0.6423826,0.7316235,0.8472701,1,0.9577163,0.7985835,0,0,0,0,0,0,0,0,0,0,0,0,0,0,0,0,0,0,0,0,0,0,0,0,0,0,0.7013178,0.7985194,0.8302911,0.9095036,1,0.9009957,0,0,0,0,0,0,0,0,0,0,0,0,0,0,0,0,0,0,0,0,0,0,0,0,0,0,0.5847884,0.6724385,0.7838581,0.8350353,0.8326597,1,0.9873026,0.7361906,0,0,0,0,0,0,0,0,0,0,0,0,0,0,0,0,0,0,0,0,0,0,0,0,0,0,0.6214539,0.7297596,0.8109666,0.7515011,0.9372798,1,0.9180902,0.6185091,0,0,0,0,0,0,0,0,0,0,0,0,0
0,0,0,0,0,0,0,0,0,0,0,0,0,0.6263639,0.7710111,0.9148844,1,0.8486332,0.7379535,0,0,0,0,0,0,0,0,0,0,0,0,0,0,0,0,0,0,0,0,0,0,0,0,0,0,0,0,0,0.7570186,1,0.9707299,0.717142,0,0,0,0,0,0,0,0,0,0,0,0,0,0,0,0,0,0,0,0,0,0,0,0,0,0,0,0.6227302,0.7748981,0.9127707,1,0.8822599,0.6851843,0,0,0,0,0,0,0,0,0,0,0,0,0,0,0,0,0,0,0,0,0,0,0,0,0,0,0,0.5928155,0.6797759,0.873696,1,0.9762728,0.7781203,0.5919699,0,0,0,0,0,0,0,0,0,0,0,0,0,0,0,0,0,0,0,0,0,0,0,0,0,0,0,0.694167,0.8119472,0.9250044,1,0.9035764,0.7053547,0,0,0,0,0,0,0,0,0,0,0,0,0
0,0,0,0,0,0,0,0,0,0,0,0,0,0,0,0.8867912,1,0.9470684,0.8131522,0.8358809,0.7996057,0.6944441,0,0,0,0,0,0,0,0,0,0,0,0,0,0,0,0,0,0,0,0,0,0,0,0,0,0,0.8477587,1,0.9951771,0.8534248,0.7765491,0.6667666,0,0,0,0,0,0,0,0,0,0,0,0,0,0,0,0,0,0,0,0,0,0,0,0,0,0,0.6211857,0.9205191,1,0.9016573,0.7578496,0.7628159,0.6962175,0.6072038,0,0,0,0,0,0,0,0,0,0,0,0,0,0,0,0,0,0,0,0,0,0,0,0,0,0,0.8208154,1,0.9718589,0.7658179,0.7995274,0.7647531,0.6518911,0.6022589,0,0,0,0,0,0,0,0,0,0,0,0,0,0,0,0,0,0,0,0,0,0,0,0,0,0.7124278,0.9727007,1,0.7857735,0.8373343,0.8370879,0.7538257,0.6231568,0,0,0,0,0,0,0,0,0,0
0,0,0,0,0,0,0,0,0,0,0,0,0,0,0,0.9039845,1,0.9307892,0.7998352,0.8688544,0.9043591,0.9031973,0.8507566,0,0,0,0,0,0,0,0,0,0,0,0,0,0,0,0,0,0,0,0,0,0,0,0,0,0,0.9500013,1,0.8764653,0.8570762,0.8169282,0.781776,0,0,0,0,0,0,0,0,0,0,0,0,0,0,0,0,0,0,0,0,0,0,0,0,0,0,0.9423151,1,0.8871123,0.7927924,0.7531927,0.7667187,0.7877946,0.7582718,0,0,0,0,0,0,0,0,0,0,0,0,0,0,0,0,0,0,0,0,0,0,0,0,0,0.8582471,1,0.97713,0.8413405,0.793593,0.7098739,0,0.7803839,0.7342581,0,0,0,0,0,0,0,0,0,0,0,0,0,0,0,0,0,0,0,0,0,0,0,0,0.7972016,0.9826812,1,0.8181853,0.8339161,0.7622461,0,0.71239,0.7138592,0,0,0,0,0,0,0,0,0
0,0,0,0,0,0,0,0,0,0,0,0,0,0,0,0.9214483,1,0.8900862,0.7318663,0.7414926,0.8181452,0.8468642,0.8909963,0.8531278,0.7245042,0,0,0,0,0,0,0,0,0,0,0,0,0,0,0,0,0,0,0,0,0,0,0,0.8577556,0.9979427,1,0.8435835,0.7835226,0,0,0,0,0,0,0,0,0,0,0,0,0,0,0,0,0,0,0,0,0,0,0,0,0,0,0.6929575,0.8119989,0.9743612,1,0.8572142,0.7307371,0.6836924,0.7459304,0.7926827,0.789552,0.7048357,0,0,0,0,0,0,0,0,0,0,0,0,0,0,0,0,0,0,0,0,0,0,0,0,0.8952959,1,0.9543451,0,0.740307,0.8035717,0.8660095,0.839589,0.7410509,0,0,0,0,0,0,0,0,0,0,0,0,0,0,0,0,0,0,0,0,0,0,0,0.7471069,0.8274804,0.9785878,1,0.8802043,0.7419838,0,0.7699479,0.7545566,0,0,0,0,0,0,0,0,0,0
0,0,0,0,0,0,0,0,0,0,0,0,0,0,0.6219921,0.9325007,1,0.8978314,0.6461987,0.6376625,0.6671483,0.6371257,0.7253992,0.6433613,0,0,0,0,0,0,0,0,0,0,0,0,0,0,0,0,0,0,0,0,0,0,0,0.6411112,0.8953933,1,0.931812,0.7679475,0.7095314,0.7196554,0.6697618,0,0,0,0,0,0,0,0,0,0,0,0,0,0,0,0,0,0,0,0,0,0,0,0,0.6215258,0.7348821,0.9373971,1,0.8762339,0.703578,0.7437779,0.7555725,0.761761,0.740476,0.6354486,0,0,0,0,0,0,0,0,0,0,0,0,0,0,0,0,0,0,0,0,0,0,0,0,0.8018548,1,0.9652387,0,0.7225642,0.7159293,0.7167686,0.733412,0.6569635,0.6729541,0,0,0,0,0,0,0,0,0,0,0,0,0,0,0,0,0,0,0,0,0,0,0.7749241,0.8967419,0.8907529,1,0.8315338,0.6681092,0.6980936,0.660845,0.7541789,0.704761,0.6902322,0.6691817,0,0,0,0,0,0,0
0,0,0,0,0,0,0,0,0,0,0,0,0,0,0,0.9212836,1,0.9234952,0.8493977,0.8337554,0.7789567,0.7140307,0,0,0,0,0,0,0,0,0,0,0,0,0,0,0,0,0,0,0,0,0,0,0,0,0,0,0.8732212,1,0.9653449,0.8298439,0,0,0,0,0,0,0,0,0,0,0,0,0,0,0,0,0,0,0,0,0,0,0,0,0,0,0,0,0,0.9410184,1,0.8910652,0.7866044,0.7830119,0.7577441,0.7237789,0,0,0,0,0,0,0,0,0,0,0,0,0,0,0,0,0,0,0,0,0,0,0,0,0,0.6950852,0.8655537,1,0.9680214,0.7273746,0.7512839,0.7905364,0.7338855,0,0,0,0,0,0,0,0,0,0,0,0,0,0,0,0,0,0,0,0,0,0,0,0,0,0,0.8324905,0.9965518,1,0.8556918,0.769912,0.7624947,0.7733398,0.7422578,0,0,0,0,0,0,0,0,0,0
0,0,0,0,0,0,0,0,0,0,0,0,0,0,0,0.9319153,1,0.8966157,0.6874364,0.7084353,0,0,0,0,0,0,0,0,0,0,0,0,0,0,0,0,0,0,0,0,0,0,0,0,0,0,0,0,0.8488949,1,0.9720268,0.828697,0,0,0,0,0,0,0,0,0,0,0,0,0,0,0,0,0,0,0,0,0,0,0,0,0,0,0,0,0.6881824,0.9479508,1,0.9231074,0.8101414,0.6954709,0,0,0,0,0,0,0,0,0,0,0,0,0,0,0,0,0,0,0,0,0,0,0,0,0,0,0,0,0.8713292,1,0.969479,0.8205051,0.7128922,0,0,0,0,0,0,0,0,0,0,0,0,0,0,0,0,0,0,0,0,0,0,0,0,0,0,0,0,0.7517231,0.979187,1,0.8543404,0.6567871,0,0,0,0,0,0,0,0,0,0,0,0,0
