GestureName: c
Duration(ms): 1269
Handedness: right

SpeakerAngles: 2
55
-55

InterpretedPoints: 27
0.806707284111599,1.69458756439087
0,0
0.806707284111599,0.564862521463624
0.806707284111599,0.564862521463624
0,1.12972504292725
0,1.12972504292725
-0.806707284111599,6.21348773609986
0,5.64862521463624
0.806707284111599,6.21348773609986
3.22682913644639,4.51890017170899
3.22682913644639,4.51890017170899
14.5207311140088,0
12.9073165457856,-4.51890017170899
11.2939019775624,-5.64862521463624
12.100609261674,-5.08376269317261
10.4871946934508,-5.08376269317261
0,-11.2972504292725
0.806707284111599,-9.6026628648816
0.806707284111599,-6.21348773609986
0.806707284111599,-1.69458756439087
-6.45365827289279,2.25945008585449
-4.84024370466959,1.12972504292725
1.6134145682232,2.25945008585449
0,2.25945008585449
0.806707284111599,0.564862521463624
0,0
0,0

StrokePoints: 28
177.666666666667,130.277777777778
176.859959382555,128.583190213387
176.859959382555,128.583190213387
176.053252098443,128.018327691923
175.246544814332,127.45346517046
175.246544814332,126.323740127532
175.246544814332,125.194015084605
176.053252098443,118.980527348505
176.053252098443,113.331902133869
175.246544814332,107.118414397769
172.019715677885,102.59951422606
168.792886541439,98.0806140543512
154.27215542743,98.0806140543512
141.364838881645,102.59951422606
130.070936904082,108.248139440696
117.970327642408,113.331902133869
107.483132948958,118.415664827042
107.483132948958,129.712915256314
106.676425664846,139.315578121196
105.869718380734,145.529065857296
105.063011096623,147.223653421687
111.516669369516,144.964203335832
116.356913074185,143.834478292905
114.743498505962,141.57502820705
114.743498505962,139.315578121196
113.93679122185,138.750715599732
113.93679122185,138.750715599732
113.93679122185,138.750715599732

Velocities: 27
2,1
0,0
1,0
1,0
1,1
1,1
5,6
5,5
6,5
6,2
6,2
9,-9
4,-12
2,-12
3,-12
2,-11
-10,-10
-8,-9
-5,-6
-1,-2
-2,6
-2,4
3,1
2,2
1,0
0,0
0,0

InverseVelocities: 27
0,0
0,0
0,0
0,0
0,0
0,0
0,0
0,0
-3,0
0,-1
0,-4
-4,0
-8,0
-12,0
-12,0
-12,0
0,0
3,2
5,7
6,7
5,0
3,0
0,0
0,0
0,0
0,0
0,0

RawData: 27
0,0,0,0,0,0,0,0,0,0,0,0,0,0,0,0.8382273,1,0.9717484,0.8448405,0.8385392,0.6611363,0.6646783,0,0,0,0,0,0,0,0,0,0,0,0,0,0,0,0,0,0,0,0,0,0,0,0,0,0,0.9457788,1,0.8810477,0,0.7397866,0.6913098,0,0,0,0,0,0,0,0,0,0,0,0
0,0,0,0,0,0,0,0,0,0,0,0,0,0,0,0.8529403,1,0.9913785,0.8599759,0.6765401,0,0,0,0,0,0,0,0,0,0,0,0,0,0,0,0,0,0,0,0,0,0,0,0,0,0,0,0.648814,0.9471136,1,0.905509,0.7621621,0.6954221,0,0,0,0,0,0,0,0,0,0,0,0,0
0,0,0,0,0,0,0,0,0,0,0,0,0,0,0,0.8523538,1,0.9657525,0.8477466,0.7413812,0.5910174,0,0,0,0,0,0,0,0,0,0,0,0,0,0,0,0,0,0,0,0,0,0,0,0,0,0,0.6400254,0.9514085,1,0.8744013,0.6287778,0,0,0,0,0,0,0,0,0,0,0,0,0,0
0,0,0,0,0,0,0,0,0,0,0,0,0,0,0,0.8073505,0.9909086,1,0.9176387,0.7311848,0.6153865,0,0,0,0,0,0,0,0,0,0,0,0,0,0,0,0,0,0,0,0,0,0,0,0,0,0,0.594795,0.9411441,1,0.8892783,0.7707333,0.6789654,0,0,0,0,0,0,0,0,0,0,0,0,0
0,0,0,0,0,0,0,0,0,0,0,0,0,0,0,0.8433053,1,0.9962822,0.9433958,0.8759462,0.6841546,0,0,0,0,0,0,0,0,0,0,0,0,0,0,0,0,0,0,0,0,0,0,0,0,0,0,0.5807152,0.9318639,1,0.9290764,0.8474828,0.7686236,0.6819872,0,0,0,0,0,0,0,0,0,0,0,0
0,0,0,0,0,0,0,0,0,0,0,0,0,0,0,0.8680941,1,0.9932924,0.9628343,0.948243,0.8374116,0,0,0,0,0,0,0,0,0,0,0,0,0,0,0,0,0,0,0,0,0,0,0,0,0,0,0,0.9561473,1,0.8950251,0.8465658,0.812932,0.7704669,0,0,0,0,0,0,0,0,0,0,0,0
0,0,0,0,0,0,0,0,0,0,0,0,0,0,0,0.8003717,1,0.9710789,0.8036353,0.8643592,0.9044507,0.787673,0.7268366,0.66991,0.6925122,0,0,0,0,0,0,0,0,0,0,0,0,0,0,0,0,0,0,0,0,0,0,0.6775382,0.9523642,1,0.8889216,0.7239308,0.7789069,0.8223411,0.776971,0.6295818,0.659663,0.7138782,0.6416939,0,0,0,0,0,0,0
0,0,0,0,0,0,0,0,0,0,0,0,0,0,0,0.837493,0.9943461,1,0.9363965,0.951673,0.9204565,0.7032359,0.7547473,0.7756188,0.6710488,0,0,0,0,0,0,0,0,0,0,0,0,0,0,0,0,0,0,0,0,0,0,0.6681237,0.9487928,1,0.8930612,0.7511109,0.8460422,0.7497305,0.8166676,0.7543834,0.7297402,0.717566,0,0,0,0,0,0,0,0
0,0,0,0,0,0,0,0,0,0,0.5575113,0.5425084,0.5586843,0.5661728,0,0.8380471,1,0.9805222,0.8544983,0.9283678,0.9177482,0.7338167,0.7156506,0.674846,0.570758,0.6393788,0,0,0,0,0,0,0,0,0,0,0,0,0,0,0,0,0,0,0,0,0,0.6108032,0.9353863,1,0.8620987,0.9085861,0.9202206,0.8249512,0.6919305,0.6871853,0.6840105,0.6049336,0,0,0,0,0,0,0,0
0,0,0,0,0,0,0,0,0,0,0,0,0,0,0,0.8454299,0.9981725,0.9873548,0.9037739,0.9643887,1,0.9490669,0.7999244,0.784475,0.7576447,0.6943584,0,0,0,0,0,0,0,0,0,0,0,0,0,0,0,0,0,0,0,0.6482577,0.645661,0.8216716,0.9559571,1,0.9729441,0.9413148,0.8017819,0.7987264,0.7643405,0,0,0,0,0,0,0,0,0,0,0
0,0,0,0,0,0,0,0,0,0,0,0,0,0,0,0.8416356,1,0.9922025,0.8536105,0.90486,0.8671507,0.9139013,0.8650022,0.7878528,0.7463295,0.7496439,0,0,0,0,0,0,0,0,0,0,0,0,0,0,0,0,0.7270275,0.829045,0.9090335,0.96779,0.9659017,0.9521219,0.9717067,1,0.9333828,0.815486,0.7087984,0.7348325,0.7683019,0,0,0,0,0,0,0,0,0,0,0
0,0,0,0,0,0,0,0,0,0.6387421,0.7016026,0.7437837,0.7729868,0.7438535,0.8446904,0.8841064,1,0.9921584,0.8648317,0.943995,0.9693108,0.9156326,0.8070517,0.7823033,0.7532465,0.6917032,0.7236167,0.7066275,0.675611,0,0,0,0,0,0,0,0,0.6074373,0.6512855,0.6873646,0.7672376,0.816589,0.8273276,0.9167359,0.9736207,0.9691007,0.9089262,0.8353357,0.9620348,1,0.8802952,0,0,0,0,0,0,0,0,0,0,0,0,0,0,0
0,0,0,0,0,0.6872596,0.7349489,0.7559524,0.7772251,0.8230807,0.8273175,0.8658637,0.8034229,0.7593935,0.8703951,0.9289031,1,0.9627702,0.8437109,0.859852,0.8259595,0.7506915,0.6454964,0.6132013,0,0,0,0,0,0,0,0,0,0.6467558,0.6910867,0.6697339,0.7412218,0.7834555,0.7947707,0.8135006,0.8540797,0.8387941,0.6984584,0.7847048,0.6858869,0.7002262,0.6584402,0.6985556,0.9413115,1,0.9018734,0,0,0,0,0,0,0,0,0,0,0,0,0,0,0
0.6286915,0.7204017,0.7233419,0.7186904,0.7710893,0.7777548,0.8256495,0.8610368,0.8443006,0.7597365,0.8745852,0.8185184,0.7841709,0.7831756,0.7779414,0.8263578,1,0.9916975,0.8052958,0.6251168,0.6326324,0.6444526,0,0,0,0,0,0,0,0,0,0,0,0.7555326,0.7694104,0.7448677,0.7234764,0.7313797,0.6938295,0.6924021,0.7429138,0.6160324,0.7393825,0.7732026,0.7050277,0,0,0,0.9458287,1,0.8910705,0.6337842,0,0,0,0,0,0,0,0,0,0,0,0,0,0
0.5769963,0.7455851,0.7713861,0.716721,0.6875495,0.7624464,0.7736352,0.8012975,0.8185461,0.8001031,0.7710167,0.7197623,0.7453592,0.6202376,0.6948029,0.8526016,1,0.9804729,0.7407901,0.637537,0,0.5428366,0.5271224,0,0,0,0,0,0,0,0,0,0,0.6100838,0.6745627,0.7349199,0.792123,0.6061768,0.7999093,0.8303866,0.7999229,0.72205,0.7311607,0.7133861,0.5836971,0.7022568,0.6715191,0.6398216,0.939363,1,0.884762,0.5447643,0,0,0,0,0,0,0,0,0,0,0,0,0,0
0.6025545,0.6822619,0.7911062,0.8101336,0.7463894,0.703887,0.6600926,0.7853751,0.8437556,0.7167602,0.80152,0.7449334,0.6813877,0.6906288,0.6744497,0.8124844,1,0.9864841,0.7205822,0,0,0.5972162,0,0,0,0,0,0,0,0,0,0,0,0.5478266,0,0.6414565,0.7231108,0.7785267,0.7692407,0.7736089,0.6955302,0.7302544,0.7535328,0.6539203,0.6716407,0.6757637,0.6195056,0.6059523,0.9376001,1,0.9058189,0,0,0,0,0,0,0,0,0,0,0,0,0,0,0
0.602951,0,0,0.6561352,0.7218456,0.7709882,0.8573056,0.9111079,0.8977857,0.798744,0.7939793,0.6878988,0.5894284,0.6391125,0.6370511,0.8382773,1,0.990522,0.7986543,0,0,0,0,0,0,0,0,0,0,0,0,0,0,0,0,0,0.5556958,0.6268766,0.7032791,0.7093754,0.8149834,0.774502,0.6679727,0.6652421,0.7055923,0.6900448,0.6222663,0.6831665,0.9438693,1,0.8916472,0.567943,0,0,0,0,0,0,0,0,0,0,0,0,0,0
0,0,0,0,0,0.5491369,0.6214977,0.7422585,0.737703,0.7903162,0.8441486,0.750517,0.8020731,0.7917371,0.7637249,0.7391984,1,0.9984498,0.6468304,0.6641361,0.5768249,0.5780786,0.61148,0,0,0,0,0,0,0,0,0,0,0,0,0,0,0.4945184,0.5725404,0.522296,0.7258701,0.7275954,0.7074792,0.5211201,0.7001862,0.7638368,0.6422915,0.6478233,0.932389,1,0.8859428,0.5821807,0.6186517,0.5568529,0.5194162,0,0,0,0,0,0,0,0,0,0,0
0,0,0,0,0,0,0,0,0.6675321,0.7319405,0.6903659,0.728731,0.7886422,0.7777103,0.6970187,0.8846624,1,0.9788303,0.8033569,0.779018,0.7676626,0.7490324,0,0.6472358,0.6447623,0,0,0,0,0,0,0,0,0,0,0,0,0,0,0,0.616597,0.6744031,0.6856243,0.6389639,0.6692919,0.7521936,0.6295627,0.7141008,0.9470526,1,0.9123207,0.7629381,0.6125586,0.7234693,0.7501714,0.7294444,0.6972317,0.6168625,0.6012044,0.5970773,0,0,0,0,0,0
0,0,0,0,0,0,0,0,0,0,0,0,0.6331417,0.7126816,0.6541634,0.8110602,1,0.9783961,0.614927,0.7250498,0.7239053,0.781778,0.7555977,0.6576311,0.6522947,0.6109161,0,0,0,0,0,0,0,0,0,0,0,0,0,0,0,0,0,0,0.6136755,0.6962574,0.7183849,0.6561725,0.9474092,1,0.8850812,0.5767267,0.6629409,0.6656218,0.6935573,0.67485,0.5685973,0.6336282,0.6844629,0.6501303,0,0,0,0,0,0
0,0,0,0,0,0,0,0,0,0,0,0.6407154,0.7222453,0.7563767,0.6923826,0.8243684,1,0.9940538,0.8398092,0.7784334,0.7824523,0.8019931,0.6803311,0,0.5472802,0,0,0,0,0,0,0,0,0,0,0,0,0,0,0,0,0,0,0,0,0,0.5642502,0.7129768,0.9450386,1,0.8784051,0.6973029,0.5674417,0.6052023,0.6398808,0.6447607,0,0,0.600835,0,0,0,0,0,0,0
0,0,0,0,0,0,0,0,0,0,0,0.6096544,0.6345103,0.6812705,0.6615206,0.8603247,1,0.9636826,0.8223213,0.7151133,0.779997,0.7893932,0.6520656,0,0,0,0,0,0,0,0,0,0,0,0,0,0,0,0,0,0,0,0,0,0,0,0,0.6591139,0.9416587,1,0.9043956,0.6643995,0.6981091,0.7280706,0.7487947,0.7398636,0.6698569,0,0,0,0,0,0,0,0,0
0,0,0,0,0,0,0,0,0,0,0,0,0,0,0,0.8414242,1,0.9908437,0.8390843,0.7455493,0.800768,0.7704458,0.6953103,0,0,0,0,0,0,0,0,0,0,0,0,0,0,0,0,0,0,0,0,0,0,0,0,0,0.9478163,1,0.8965621,0.7468078,0.7989147,0.7227288,0,0,0,0,0,0,0,0,0,0,0,0
0,0,0,0,0,0,0,0,0,0,0,0,0,0,0,0.8431438,1,0.9812692,0.8183634,0.8281905,0.777309,0.6446531,0,0,0,0,0,0,0,0,0,0,0,0,0,0,0,0,0,0,0,0,0,0,0,0,0,0.6007639,0.9457163,1,0.8804045,0.7384441,0.723677,0.6979228,0.5967587,0,0,0,0,0,0,0,0,0,0,0
0,0,0,0,0,0,0,0,0,0,0,0,0,0,0,0.7973511,0.9904166,1,0.8803291,0.7585691,0.6250756,0,0,0,0,0,0,0,0,0,0,0,0,0,0,0,0,0,0,0,0,0,0,0,0,0,0,0.5980927,0.9316646,1,0.9018199,0,0,0,0,0,0,0,0,0,0,0,0,0,0,0
0,0,0,0,0,0,0,0,0,0,0,0,0,0,0,0.7885236,1,0.9965854,0.7954054,0,0,0,0,0,0,0,0,0,0,0,0,0,0,0,0,0,0,0,0,0,0,0,0,0,0,0,0,0.671032,0.9425301,1,0.8918099,0,0,0,0,0,0,0,0,0,0,0,0,0,0,0
0,0,0,0,0,0,0,0,0,0,0,0,0,0,0,0.8380914,1,0.9749563,0.6490268,0,0,0,0,0,0,0,0,0,0,0,0,0,0,0,0,0,0,0,0,0,0,0,0,0,0,0,0,0.6253153,0.9442821,1,0.8851892,0,0,0,0,0,0,0,0,0,0,0,0,0,0,0
