GestureName: double_arch
Duration(ms): 1410
Handedness: right

SpeakerAngles: 2
55
-55

InterpretedPoints: 30
8.06707284111599,-1.12972504292725
3.2268291364464,-5.64862521463624
2.4201218523348,-3.95403765024536
0.806707284111599,-1.69458756439087
3.2268291364464,0
3.2268291364464,0
2.4201218523348,0.564862521463624
7.26036555700439,1.69458756439087
5.64695098878119,2.82431260731812
3.2268291364464,1.12972504292725
0.806707284111599,-0.564862521463624
1.6134145682232,-3.38917512878174
0,-3.38917512878174
-1.6134145682232,-2.25945008585449
-0.806707284111599,-2.82431260731812
-0.806707284111599,-1.69458756439087
0.806707284111599,-1.69458756439087
0.806707284111599,-7.34321277902711
-0.806707284111599,-5.08376269317261
-1.6134145682232,-2.25945008585449
-2.4201218523348,-1.69458756439087
-4.84024370466959,0
-5.64695098878119,1.69458756439087
-7.26036555700439,2.82431260731812
-7.26036555700439,1.69458756439087
-11.2939019775624,0
-4.84024370466959,0
1.6134145682232,-3.38917512878174
0,0
0,0

StrokePoints: 31
177.666666666667,130.277777777778
169.599593825551,131.407502820705
166.372764689104,137.056128035341
163.95264283677,141.010165685587
163.145935552658,142.704753249978
159.919106416212,142.704753249978
156.692277279765,142.704753249978
154.27215542743,142.139890728514
147.011789870426,140.445303164123
141.364838881645,137.620990556805
138.138009745198,136.491265513878
137.331302461087,137.056128035341
135.717887892864,140.445303164123
135.717887892864,143.834478292905
137.331302461087,146.093928378759
138.138009745198,148.918240986077
138.94471702931,150.612828550468
138.138009745198,152.307416114859
137.331302461087,159.650628893886
138.138009745198,164.734391587059
139.751424313422,166.993841672913
142.171546165756,168.688429237304
147.011789870426,168.688429237304
152.658740859207,166.993841672913
159.919106416212,164.169529065595
167.179471973216,162.474941501204
178.473373950778,162.474941501204
183.313617655448,162.474941501204
181.700203087225,165.864116629986
181.700203087225,165.864116629986
181.700203087225,165.864116629986

Velocities: 30
4,-6
-3,-7
-2,-5
-1,-2
2,-2
2,-2
2,-1
6,-3
6,-1
3,-1
0,-1
-2,-4
-3,-3
-3,-1
-3,-2
-2,-1
-1,-2
-6,-7
-5,-4
-3,-1
-3,0
-3,3
-2,5
-2,7
-3,6
-7,7
-3,3
-2,-4
0,0
0,0

InverseVelocities: 30
-4,0
0,0
0,0
1,0
0,0
0,1
-2,0
-2,2
-3,5
0,1
0,0
0,0
2,0
2,1
0,2
3,3
4,3
2,4
2,1
0,0
0,0
2,-1
1,0
3,-1
6,-1
4,-3
3,-4
0,0
0,0
0,0

RawData: 30
0,0,0,0,0,0,0,0,0,0.6319318,0.5739845,0.5614486,0.7096225,0.7776809,0.8367212,0.7605166,0.9978429,1,0.8379794,0.7581002,0,0,0,0.6037812,0,0,0,0,0,0,0,0,0,0,0,0,0,0,0,0,0.6366786,0.6692638,0.6568149,0.7674289,0.7706431,0.7434942,0.677919,0.7973248,0.9549468,1,0.8755519,0.6715092,0.5982918,0,0,0,0,0,0,0,0,0,0,0,0,0
0,0,0,0,0,0,0,0,0,0,0.6470667,0.6222333,0,0.6707761,0.7948022,0.854364,1,0.9800757,0.7965901,0.6851844,0,0,0,0,0,0,0,0,0,0,0,0,0,0,0,0,0,0,0,0.6443703,0.6932536,0.6647995,0.7397661,0.7422101,0.7789069,0.6736972,0.703491,0.6653082,0.9552192,1,0.8717986,0.6760161,0.6422741,0,0,0,0,0,0,0,0,0,0,0,0,0
0,0,0,0,0,0,0,0,0,0,0,0.6267425,0.7358029,0.7282312,0.7217435,0.8319384,1,0.99826,0.8586097,0.7299933,0,0,0,0,0,0,0,0,0,0,0,0,0,0,0,0,0,0,0,0,0,0.6487827,0.7315844,0.7666833,0.7199554,0.7194651,0.6675019,0.7674384,0.9293724,1,0.9077256,0.6461605,0,0,0,0,0,0,0,0,0,0,0,0,0,0
0,0,0,0,0,0,0,0,0,0,0,0,0.6385701,0.7398472,0.8189088,0.8038828,1,0.9803027,0.8202493,0.6666058,0.6837406,0,0,0,0,0,0,0,0,0,0,0,0,0,0,0,0,0,0,0,0,0,0,0,0.6947277,0.713497,0,0.7955105,0.9554592,1,0.8833826,0.617228,0.6149517,0,0,0,0,0,0,0,0,0,0,0,0,0
0,0,0,0,0,0,0,0,0,0,0,0,0,0.6343814,0.7939219,0.7006563,1,0.9801306,0.8930571,0.8235328,0.6536453,0.5468403,0,0,0,0,0,0,0,0,0,0,0,0,0,0,0,0,0,0,0,0,0,0,0.5416068,0.6255645,0,0.7042319,0.9458679,1,0.8708208,0.7196333,0,0,0,0,0,0,0,0,0,0,0,0,0,0
0,0,0,0,0,0,0,0,0,0,0,0,0,0.5965793,0.7241347,0.8058156,1,0.9948966,0.7591823,0.7312965,0.663473,0.6155704,0,0,0,0,0,0,0,0,0,0,0,0,0,0,0,0,0,0,0,0,0,0,0.6164327,0.5898544,0,0.7591149,0.9424316,1,0.9107317,0.6267114,0.6873738,0.6012397,0,0,0,0,0,0,0,0,0,0,0,0
0,0,0,0,0,0,0,0,0,0,0,0.5987986,0.6103058,0.7354201,0.7849012,0.8504493,1,0.9769284,0.8527942,0.8095877,0.7093441,0.6652244,0,0,0,0,0,0,0,0,0,0,0,0,0,0,0,0,0,0,0,0,0,0,0,0.7141908,0.8000181,0.8407453,0.9262598,1,0.8925359,0.7625475,0,0,0,0,0,0,0,0,0,0,0,0,0,0
0,0,0,0,0,0,0,0,0,0,0,0.6300371,0,0.7539282,0.8005577,0.8530653,1,0.9785865,0.7769458,0.859063,0.8383892,0.7877581,0.7549428,0.7751832,0.7320673,0.6610634,0,0,0,0,0,0,0,0,0,0,0,0,0,0,0,0,0,0.6535601,0.7070771,0.7709091,0.7580821,0.7299118,0.9479185,1,0.8593838,0.8313526,0.7626245,0.7186256,0.6663471,0,0,0,0,0,0,0,0,0,0,0
0,0,0,0,0,0,0,0,0,0,0.6138294,0.6647825,0.6831311,0.6568189,0.7048831,0.7864223,1,0.9860881,0.7351242,0.8430468,0.8180069,0.7863534,0.7141752,0.7192073,0.6721627,0.6627738,0,0,0,0,0,0,0,0,0,0,0,0,0,0,0,0,0,0,0,0.6289657,0.6613726,0.5715848,0.9354202,1,0.8718924,0.7959406,0.7409008,0.7881755,0.7381724,0.6141232,0.581867,0.6119817,0,0,0,0,0,0,0,0
0,0,0,0,0,0,0,0,0,0,0,0,0,0.6578618,0,0.8166899,1,0.992725,0.8141474,0.7331008,0.7792243,0.7521747,0.7186382,0,0,0,0,0,0,0,0,0,0,0,0,0,0,0,0,0,0,0,0,0,0,0.6120211,0.6637452,0.732251,0.9411585,1,0.9097136,0.7530982,0.7593238,0.7161436,0,0,0,0,0,0,0,0,0,0,0,0
0,0,0,0,0,0,0,0,0,0,0,0,0,0.7301521,0.8238837,0.8963821,1,0.9891649,0.7878953,0,0,0,0,0,0,0,0,0,0,0,0,0,0,0,0,0,0,0,0,0,0,0,0,0,0,0.6931053,0.7425864,0.7230884,0.9443266,1,0.9079291,0,0,0,0,0,0,0,0,0,0,0,0,0,0,0
0,0,0,0,0,0,0,0,0,0,0,0.6343929,0.7146063,0.8295194,0.8022536,0.8631248,1,0.9859357,0.7457777,0.6649283,0,0,0,0,0,0,0,0,0,0,0,0,0,0,0,0,0,0,0,0,0,0,0.6391074,0.7430875,0.790259,0.7721446,0.7682692,0.7404343,0.9453773,1,0.8803055,0.6444219,0,0,0,0,0,0,0,0,0,0,0,0,0,0
0,0,0,0,0,0,0,0,0,0,0.7002007,0.7535604,0.8223623,0.8023567,0.7334492,0.8197049,1,0.9855458,0.7745742,0,0.642379,0.6334677,0,0,0,0,0,0,0,0,0,0,0,0,0,0,0,0,0,0,0,0,0,0.7462273,0.7510716,0.7045405,0.6812009,0.7144291,0.9320956,1,0.9019715,0.6562789,0,0,0,0,0,0,0,0,0,0,0,0,0,0
0,0,0,0,0,0,0,0,0,0,0.7261827,0.7559437,0.8391821,0.8486232,0.8391266,0.898816,1,0.9835799,0.7896968,0.7144303,0.6817235,0.6919959,0,0,0,0,0,0,0,0,0,0,0,0,0,0,0,0,0,0,0,0,0,0,0,0.7711432,0.7795867,0.6841792,0.9588616,1,0.8282747,0.8411394,0.7866405,0.6829438,0,0,0,0,0,0,0,0,0,0,0,0
0,0,0,0,0,0,0,0,0,0,0.6220434,0,0.7424065,0.7722597,0.8316187,0.897581,1,0.9679165,0.8468621,0.7257881,0,0,0,0,0,0,0,0,0,0,0,0,0,0,0,0,0,0,0,0,0,0,0,0,0.6332692,0.716937,0.6486563,0.5832201,0.9377247,1,0.8935051,0.7814035,0.7858618,0.7936256,0.6972802,0,0,0,0,0,0,0,0,0,0,0
0,0,0,0,0,0,0,0,0,0,0,0.639251,0.6436851,0.6712173,0.6731762,0.8136515,0.9956436,1,0.849047,0.7928508,0.6579166,0.6211832,0.5783486,0,0,0,0,0,0,0,0,0,0,0,0,0,0,0,0,0,0,0,0,0,0,0.6652983,0.6306509,0.7091413,0.9483236,1,0.8436572,0.7880546,0.7116752,0.7829268,0.7914822,0.6985328,0,0,0,0,0,0,0,0,0,0
0,0,0,0,0,0,0,0,0,0,0,0,0.6388692,0.7461308,0.8177542,0.6166832,1,0.9814132,0.7369236,0.8836777,0.9152063,0.851277,0.742263,0.6352946,0,0,0,0,0,0,0,0,0,0,0,0,0,0,0,0,0,0,0,0,0.5960663,0.6654181,0.7720364,0.841703,0.9513222,1,0.86984,0.7971275,0.7786674,0.7789524,0.7659882,0.6149883,0,0,0,0,0,0,0,0,0,0
0,0,0,0,0,0,0,0.5788238,0.6270259,0.6717367,0.6636589,0.6120649,0.7331378,0.7008265,0.7671852,0.8590602,0.9959773,1,0.8734563,0.767239,0.7441705,0.6713552,0,0,0,0,0,0,0,0,0,0,0,0,0,0,0,0,0,0.5505432,0.5609852,0,0,0.5549025,0.5218673,0.6920331,0.7419546,0.7526419,0.9316273,1,0.8937348,0.6501493,0.7188439,0.6967758,0.6064728,0.538106,0.5453537,0,0,0,0,0,0,0,0,0
0,0,0,0,0,0,0,0,0.643761,0.5637431,0.6450491,0.6699552,0.7979757,0.8516935,0.8545954,0.8444165,1,0.9766254,0.7157695,0,0,0.5790932,0,0,0,0,0,0,0,0,0,0,0,0,0,0,0,0,0,0,0,0,0.5502517,0.510843,0.6230512,0.5699352,0.7553982,0.7718442,0.9437353,1,0.8761526,0.6650838,0.5568753,0.5122885,0,0,0,0,0,0,0,0,0,0,0,0
0,0,0,0,0,0,0,0,0,0,0.6701786,0.6557441,0.7022938,0.6986425,0.8054278,0.8653533,1,0.9870756,0.7828784,0,0,0,0,0,0,0,0,0,0,0,0,0,0,0,0,0,0,0,0,0,0,0,0,0,0,0.6173691,0.7188199,0.8381428,0.9072087,1,0.9031737,0.6713413,0,0,0,0,0,0,0,0,0,0,0,0,0,0
0,0,0,0,0,0,0,0,0,0,0.6877687,0.6873565,0.8005381,0.8498727,0.8481817,0.8929235,1,0.9843251,0.7628064,0,0,0,0,0,0,0,0,0,0,0,0,0,0,0,0,0,0,0,0,0,0,0,0,0,0,0,0.6508024,0.7871122,0.966871,1,0.8906791,0.7827064,0.6425204,0,0,0,0,0,0,0,0,0,0,0,0,0
0,0,0,0,0,0,0,0,0,0,0.5478765,0.6041412,0.5403534,0.8050503,0.800045,0.8486878,1,0.9774857,0.7115271,0.5795224,0.5338076,0.5447099,0,0,0,0,0,0,0,0,0,0,0,0,0,0,0,0,0,0,0,0,0,0,0,0.5572808,0.5883591,0.6592622,0.9262612,1,0.8859695,0.7057084,0.7093789,0.7324831,0.6907786,0.5861785,0,0,0,0,0,0,0,0,0,0
0,0,0,0,0,0,0,0,0,0,0,0.689499,0.7324184,0.8330465,0.8335049,0.8346798,1,0.9876304,0.7236652,0.6761041,0.7069423,0,0,0,0,0,0,0,0,0,0,0,0,0,0,0,0,0,0,0,0,0,0,0,0,0,0.7084414,0.8117436,0.9671885,1,0.8865578,0.7169898,0.702749,0.760952,0.7478718,0.6393937,0.6783092,0.6281882,0,0,0,0,0,0,0,0
0,0,0,0,0,0,0,0,0,0,0,0.6566446,0.7247306,0.7459992,0.82547,0.7610394,1,0.9982225,0.8537685,0.819443,0.8088627,0.7017613,0.7228681,0,0,0,0,0,0,0,0,0,0,0,0,0,0,0,0,0,0,0,0,0,0,0.6590363,0.6466457,0.7594597,0.9406236,1,0.8986159,0.6997513,0.7264403,0,0,0.6532443,0.7615745,0.7389759,0.6785828,0.6436671,0,0,0,0,0,0
0,0,0,0,0,0,0,0,0,0,0.600415,0.5421972,0.5967308,0.7393386,0.7458179,0.8426312,1,0.9664119,0.7392583,0.7688723,0.7262025,0.7674154,0.7337362,0.6556191,0.559607,0.5864735,0,0,0,0,0,0,0,0,0,0,0,0,0,0,0,0,0,0,0,0.5734619,0.6606474,0.6674265,0.9320324,1,0.8998613,0.7475191,0.6489067,0.7099639,0.6667195,0.5942929,0.6551385,0.5947061,0.5736764,0,0,0,0,0,0,0
0,0,0,0,0,0,0.5681837,0.6007233,0.6117754,0.6799649,0.6501183,0.6489667,0.701781,0.691784,0.7747794,0.8399044,0.9969069,1,0.8380679,0.7426158,0.6387228,0.7051848,0.6602575,0.5548397,0,0,0,0,0,0,0,0,0,0,0,0,0,0,0,0,0,0,0,0.6235544,0.6894726,0.7006989,0.5505843,0.7339054,0.9423178,1,0.88686,0.6878811,0.7032938,0.5425129,0.6012359,0.6244383,0.5807127,0,0.5589191,0.6000887,0,0,0,0,0,0
0,0,0,0,0,0,0,0,0,0,0.7168127,0.7693288,0.797759,0.7678069,0.822822,0.8181261,1,0.9781656,0.7663601,0.6468482,0.7027144,0.6962244,0.6106192,0,0,0,0,0,0,0,0,0,0,0,0,0,0,0,0,0,0,0,0.6815266,0.718647,0.7608536,0.6779143,0.7077855,0.7325814,0.9424322,1,0.9120107,0.7670828,0.7367976,0.7219291,0.6748291,0.5966819,0,0,0,0,0,0,0,0,0,0
0,0,0,0,0,0,0,0,0,0,0,0.7116042,0.7768816,0.8073119,0.7394302,0.7623494,1,0.9894211,0.7957054,0.6878391,0,0,0,0,0,0,0,0,0,0,0,0,0,0,0,0,0,0,0,0,0,0,0.6199306,0.6674752,0.6941231,0.6831159,0.7033108,0.8140494,0.9565278,1,0.8898363,0,0,0,0,0,0,0,0,0,0,0,0,0,0,0
0,0,0,0,0,0,0,0,0,0,0,0,0,0.6054743,0.6748396,0.8731647,1,0.9788482,0.7882935,0,0,0,0,0,0,0,0,0,0,0,0,0,0,0,0,0,0,0,0,0,0,0,0,0,0,0,0,0.7932785,0.9223125,1,0.8918526,0.6165917,0,0,0,0,0,0,0,0,0,0,0,0,0,0
0,0,0,0,0,0,0,0,0,0,0,0,0,0,0.5893025,0.7911724,1,0.9926392,0.7911894,0,0,0,0,0,0,0,0,0,0,0,0,0,0,0,0,0,0,0,0,0,0,0,0,0,0,0,0,0.7601855,0.957194,1,0.8852064,0,0,0,0,0,0,0,0,0,0,0,0,0,0,0
