GestureName: z
Duration(ms): 1410
Handedness: right

SpeakerAngles: 2
55
-55

InterpretedPoints: 30
0.806707284111599,-1.69458756439087
1.6134145682232,-1.12972504292725
0,0
3.2268291364464,2.25945008585449
1.6134145682232,6.77835025756348
2.4201218523348,7.34321277902711
-2.4201218523348,11.8621129507361
-2.4201218523348,10.7323879078088
-4.03353642055799,5.08376269317261
-3.2268291364464,-9.03780034341798
0,-6.77835025756348
0.806707284111599,-2.82431260731812
2.4201218523348,3.95403765024536
1.6134145682232,6.77835025756348
4.03353642055799,8.47293782195435
2.4201218523348,10.7323879078088
0.806707284111599,6.21348773609986
0.806707284111599,3.95403765024536
0.806707284111599,-7.34321277902711
0.806707284111599,-2.82431260731812
0,5.64862521463624
0,9.03780034341798
-3.2268291364464,9.03780034341798
-1.6134145682232,9.03780034341798
0,3.38917512878174
-0.806707284111599,-9.6026628648816
-1.6134145682232,-6.77835025756348
1.6134145682232,-1.12972504292725
0,0
1.6134145682232,1.12972504292725

StrokePoints: 31
177.666666666667,130.277777777778
176.859959382555,131.972365342169
175.246544814332,133.102090385096
175.246544814332,133.102090385096
172.019715677886,130.842640299241
170.406301109662,124.064290041678
167.986179257328,116.721077262651
170.406301109662,104.858964311915
172.826422961997,94.1265764041059
176.859959382555,89.0428137109333
180.086788519001,98.0806140543512
180.086788519001,104.858964311915
179.28008123489,107.683276919233
176.859959382555,103.729239268987
175.246544814332,96.950889011424
171.213008393774,88.4779511894697
168.792886541439,77.7455632816608
167.986179257327,71.5320755455609
167.179471973216,67.5780378953156
166.372764689104,74.9212506743427
165.566057404993,77.7455632816608
165.566057404993,72.0969380670246
165.566057404993,63.0591377236066
168.792886541439,54.0213373801886
170.406301109662,44.9835370367706
170.406301109662,41.5943619079889
171.213008393774,51.1970247728705
172.826422961997,57.975375030434
171.213008393774,59.1051000733612
171.213008393774,59.1051000733612
169.599593825551,57.975375030434

Velocities: 30
-1,-2
0,-2
0,0
4,0
7,5
8,5
9,12
8,11
2,7
-10,-6
-6,-6
-2,-3
5,2
7,5
10,5
11,8
6,5
4,3
-6,-7
-2,-3
5,5
8,8
6,10
7,9
3,3
-9,-8
-7,-5
0,-2
0,0
2,0

InverseVelocities: 30
0,0
0,0
0,0
0,0
0,0
0,0
-2,-2
-6,0
-9,-4
0,0
0,0
0,0
0,0
0,0
0,0
-2,-5
-7,-10
-10,-10
0,0
0,0
0,0
-1,-1
0,0
-7,-4
-12,-8
0,0
0,0
0,0
0,0
0,0

RawData: 30
0,0,0,0,0,0,0,0,0,0,0,0,0.6378294,0.7878793,0.8606398,0.8463091,1,0.9754214,0.748543,0.6070382,0,0,0,0,0,0,0,0,0,0,0,0,0,0,0,0,0,0,0,0,0,0,0,0,0.6248344,0.6815771,0,0.7601994,0.912467,1,0.885691,0.5310647,0,0,0,0,0,0,0,0,0,0,0,0,0,0
0,0,0,0,0,0,0,0,0,0,0,0,0,0.6626948,0.8274783,0.9093004,0.9505978,1,0.7963482,0,0,0,0,0,0,0,0,0,0,0,0,0,0,0,0,0,0,0,0,0,0,0,0,0,0.6139944,0.6761907,0.6783337,0.7941511,0.9604656,1,0.8757893,0.6376836,0,0,0,0,0,0,0,0,0,0,0,0,0,0
0,0,0,0,0,0,0,0,0,0,0,0,0,0.5438591,0.6734636,0.8860666,1,0.9762851,0.8179237,0.5915213,0,0,0,0,0,0,0,0,0,0,0,0,0,0,0,0,0,0,0,0,0,0,0,0,0,0,0.5571962,0.622193,0.9305029,1,0.8792154,0.5894524,0,0,0,0,0,0,0,0,0,0,0,0,0,0
0,0,0,0,0,0,0,0,0,0,0,0,0,0,0,0.8594279,1,0.9638074,0.8906112,0.8447948,0.7871273,0.6942506,0.6162642,0.5680093,0,0,0,0,0,0,0,0,0,0,0,0,0,0,0,0,0,0,0,0,0,0,0,0.6569017,0.9386257,1,0.9215822,0.8056493,0.679184,0,0,0,0,0,0,0,0,0,0,0,0,0
0,0,0,0,0,0,0,0,0,0,0,0,0,0,0.6465545,0.8725096,1,0.9820594,0.8091314,0.8140473,0.8705976,0.8365204,0.8140284,0.7956135,0.6853145,0.6110595,0.591866,0,0,0,0,0,0,0,0,0,0,0,0,0,0,0,0,0,0,0,0,0,0.9397954,1,0.8680995,0.7383254,0.7759721,0.680352,0,0.6671227,0.6344454,0.6027856,0,0,0,0,0,0,0,0
0,0,0,0,0,0,0,0,0,0,0,0,0,0,0.7111732,0.81273,1,0.9919059,0.8328122,0.832585,0.8837345,0.7998446,0.7609282,0.7271544,0.8187319,0.8001348,0.7626256,0.6660871,0,0,0,0,0,0,0,0,0,0,0,0,0,0,0,0,0,0,0,0.7231269,0.948379,1,0.895507,0.8508961,0.8659273,0.8200802,0.7825566,0.7536268,0.725909,0.6831964,0,0,0,0,0,0,0,0
0,0,0,0,0,0,0,0,0,0,0,0.63248,0.5564545,0,0,0.8215269,1,0.9898465,0.8032036,0.753184,0.8104228,0.7656548,0,0,0.7058604,0.6367238,0.6250475,0.5762769,0.5624024,0,0,0,0,0,0,0,0,0,0,0,0,0,0,0,0.5550451,0.5867043,0,0.688966,0.940286,1,0.8709955,0.7842395,0.7281975,0.8363646,0.8095633,0.6973534,0.6408418,0,0.6012427,0.59352,0.6417922,0.7243212,0.7273077,0.7502989,0.6830397,0
0,0,0,0,0,0,0,0.6893128,0.7201316,0.7087054,0.7056093,0.7257779,0.7793143,0.788613,0.795159,0.8099867,1,0.9925075,0.8463495,0.7565984,0.7401547,0.7929356,0.7221388,0.6966988,0.6941367,0,0,0.680144,0,0,0,0,0,0,0,0,0,0,0,0,0,0,0,0,0,0,0,0.7045994,0.9503701,1,0.8862284,0.7782754,0.7693125,0.8166615,0.8078453,0.7206929,0.7616565,0.755897,0,0.7836533,0.8007926,0.7662624,0.729171,0.6833023,0,0
0,0,0,0,0.6600347,0.6745064,0,0.7106519,0.7774869,0.8010522,0.8370709,0.8447767,0.8431571,0.7245646,0.7099308,0.8578752,1,0.9715595,0.7332693,0,0.6701481,0.615501,0,0,0,0,0,0,0,0,0,0,0,0,0,0,0,0,0,0,0,0,0.6474947,0.7314672,0.6934095,0.6379327,0.7290229,0.7761423,0.9242467,1,0.9017447,0.7761321,0.7317857,0.6649056,0.5963626,0.6817034,0.6822944,0.6800852,0.6104433,0.6193522,0,0,0,0,0,0
0,0,0,0.6315772,0.709374,0.7134259,0,0.7385532,0.7743801,0.7410153,0.7121208,0.8090939,0.8267933,0.6967376,0.6232332,0.8084701,1,0.9886715,0.7432334,0,0,0,0,0,0,0,0,0,0,0,0,0,0,0,0,0,0,0,0,0,0.6795583,0.7074149,0.7129683,0.7805507,0.8034005,0.7924803,0.8024968,0.8002965,0.9445727,1,0.8810475,0,0.6839578,0,0,0,0,0,0,0,0,0,0,0,0,0
0,0,0,0,0,0,0,0.6538858,0.6898266,0.7294676,0.7125949,0.7023505,0,0.6209013,0.7750048,0.8206788,1,0.9902377,0.779502,0,0,0,0,0,0,0,0,0,0,0,0,0,0,0,0,0,0,0,0,0,0.6062358,0.6631498,0.6884556,0.6489121,0.746005,0.8150517,0.8136161,0.6165006,0.9422972,1,0.8843347,0.6413944,0,0,0,0,0,0,0,0,0,0,0,0,0,0
0,0,0,0,0,0,0,0,0,0,0,0.6394036,0.6466041,0.7283059,0.7856594,0.8865894,1,0.9763354,0.7410985,0.6268862,0,0,0,0,0,0,0,0,0,0,0,0,0,0,0,0,0,0,0,0,0,0,0,0.6129766,0.6593339,0.7149662,0.7069036,0.7294494,0.9474447,1,0.8870876,0.6272295,0,0,0,0,0,0,0,0,0,0,0,0,0,0
0,0,0,0,0,0,0,0,0,0,0,0,0,0,0,0.8005888,0.9967339,1,0.8358069,0.792805,0.7933784,0.7586699,0.6542442,0.5928683,0.6007518,0,0,0,0,0,0,0,0,0,0,0,0,0,0,0,0,0,0,0,0,0,0,0.6047614,0.9391503,1,0.8843012,0.7356256,0.7138322,0.610853,0.5873507,0,0,0,0,0,0,0,0,0,0,0
0,0,0,0,0,0,0,0,0,0,0,0,0,0,0,0.8073925,1,0.9878908,0.7126039,0.67413,0.7797059,0.7411247,0.6797488,0.7514313,0.7542897,0.5869684,0.6156934,0,0,0,0,0,0,0,0,0,0,0,0,0,0,0,0,0,0,0,0.5535378,0.6064588,0.9466879,1,0.8824075,0.7044445,0.7120784,0.7469367,0.6838282,0.6389996,0.6388263,0.6359871,0,0,0,0,0,0,0,0
0,0,0,0,0,0,0,0,0,0,0,0,0,0,0,0.8526846,1,0.9896535,0.8528935,0.79144,0.7897397,0.8213103,0.8190122,0.8900612,0.8978785,0.8394433,0.75608,0.7706237,0.7345271,0.7009516,0,0,0,0,0,0,0,0,0,0,0,0,0,0,0,0,0.7501276,0.715294,0.9504789,1,0.9108444,0.8535933,0.842979,0.8014097,0,0.7018625,0.7782907,0.7420682,0,0,0,0,0,0,0,0
0,0,0,0,0,0,0,0,0,0,0,0.5992622,0.6162523,0.6882437,0.6888708,0.839399,1,0.9698042,0.7182473,0.6284138,0.8003902,0.8086522,0.7568862,0.7848309,0,0.7304001,0.6531644,0.6306303,0.6179606,0.5735676,0.5690261,0,0,0,0,0,0,0,0,0,0,0.6016373,0.66409,0.6423197,0.6847512,0.7292947,0.7595233,0.7365125,0.9540249,1,0.9018654,0.6667939,0.6789263,0.6160073,0.674794,0.5940617,0.6429819,0,0.5815189,0.6013678,0.5462062,0,0,0,0,0
0,0,0,0,0,0,0.5623763,0.5712162,0.6398829,0.5986282,0.7231743,0.7071747,0.7976578,0.8224513,0.7740926,0.836031,1,0.9927483,0.8203247,0.7758292,0.8010068,0.7690052,0.7268274,0.6382726,0.6671471,0.6272922,0,0,0,0,0,0,0,0,0,0,0.5434178,0.6216154,0.6377226,0.6040227,0.5780051,0.7098495,0.7599479,0.7208351,0.6549889,0.6850382,0.7849485,0.7945083,0.9278783,1,0.8873639,0.6537569,0.6041462,0,0,0.5509319,0.5605276,0.5559115,0,0,0,0,0,0,0,0
0,0,0,0.6182116,0.6739962,0,0.6385011,0.6966947,0.7305593,0.8111262,0.8423239,0.7603058,0.8133284,0.8567842,0.8488537,0.8912366,1,0.9771941,0.7142993,0.6717473,0.6652349,0.6900401,0.6268289,0.6194614,0,0,0,0,0,0,0,0,0,0,0,0,0.6608462,0.6723569,0.721602,0.7131428,0,0.6628915,0.7379024,0.750779,0.8081866,0.8326554,0.768733,0.7015336,0.9474702,1,0.8887524,0.690809,0,0,0.6328999,0.6329925,0,0,0,0,0,0,0,0,0,0
0,0,0,0,0,0,0,0.732868,0.7862357,0.7548156,0.8267522,0.8608978,0.8222539,0.8169664,0.6908809,0.8341825,1,0.9923734,0.8039321,0,0,0,0,0,0,0,0,0,0,0,0,0,0,0,0,0,0,0,0,0.5950066,0.6921391,0.7550243,0.7162315,0.642741,0.8043879,0.7965254,0.7192012,0.704658,0.9314802,1,0.8937013,0,0,0,0,0,0,0,0,0,0,0,0,0,0,0
0,0,0,0,0,0,0,0,0,0,0,0.7693826,0.8223064,0.8177395,0,0.8729489,1,0.9690503,0,0,0,0,0,0,0,0,0,0,0,0,0,0,0,0,0,0,0,0,0,0,0,0,0,0.6924441,0.7366286,0.7705455,0.8191095,0.8757985,0.9766176,1,0.8775098,0.6846251,0,0,0,0,0,0,0,0,0,0,0,0,0,0
0,0,0,0,0,0,0,0,0,0,0,0,0,0,0.7397795,0.8337384,1,0.9936445,0.8416341,0.8033893,0.7400202,0.6765307,0.749777,0.7137462,0.6744573,0,0,0,0,0,0,0,0,0,0,0,0,0,0,0,0,0,0,0,0,0,0,0.6210211,0.9285517,1,0.914661,0.7603883,0.8021327,0.7996286,0.7791446,0.747254,0.6846471,0.6177207,0,0,0,0,0,0,0,0
0,0,0,0,0,0,0,0,0,0,0,0,0.7115047,0.7286975,0.7413031,0.8340487,1,0.995834,0.8201478,0.7767527,0.8576754,0.8904583,0.880213,0.8163409,0.7295654,0.7552274,0.640439,0.6455252,0,0,0,0,0,0,0,0,0,0,0,0,0,0,0,0,0,0.6711123,0.7139837,0.6640511,0.9423229,1,0.8838935,0.7101303,0.8355438,0.8148746,0.7966102,0.808004,0.7846021,0.7213271,0.7013591,0.7175468,0.6903365,0,0,0,0,0
0,0,0,0,0,0,0,0,0,0,0,0,0,0,0.744422,0.8795576,1,0.9760803,0.8169554,0.8147956,0,0.8349814,0.7879652,0.7681362,0.7661754,0.7008296,0,0,0,0,0,0,0,0,0,0,0,0,0,0,0,0,0,0,0,0,0.67487,0.6357809,0.9475375,1,0.8828011,0,0.7367243,0.7360786,0.7289216,0.8249957,0.8418807,0.794805,0.7546344,0.7881626,0.7877307,0.7013944,0.6789292,0,0,0
0,0,0,0,0,0,0.7292528,0.7332225,0.7883315,0.8199695,0.795072,0.7263195,0.7495369,0.7699939,0.7835319,0.8438592,1,0.9851102,0.7785874,0.8085647,0.7945617,0.7444504,0.6967896,0.6648936,0.6962984,0.7362133,0.6781344,0,0,0,0,0,0,0,0,0,0,0,0,0,0,0,0.630827,0.6513029,0,0,0,0.7187756,0.9426306,1,0.9037157,0.6409487,0.7723866,0.7620909,0.7332487,0.6805106,0.7978579,0.7763073,0.6999881,0.6799631,0.7246137,0.6503807,0,0,0,0
0,0.6092252,0.6476108,0.7277708,0.8156598,0.8476257,0.8124775,0.5708495,0.7987432,0.7905375,0.7833847,0.7781104,0.6907206,0.6529602,0.6935579,0.833303,1,0.9941669,0.8088453,0.6573795,0.6388403,0.5924642,0.5850781,0,0,0,0,0,0,0,0,0,0,0,0,0,0,0,0.6134873,0.6733138,0.7051253,0.7822004,0.8074957,0.7727904,0.7366269,0.7414584,0.7953803,0.8157958,0.9279656,1,0.8761753,0.724327,0.6521733,0.6822935,0.6530195,0.6120687,0,0,0,0,0,0,0,0,0,0
0,0,0,0,0.7452245,0.768744,0.7406411,0.8377641,0.845379,0.8243392,0,0.7499432,0,0.7656859,0,0.8356267,1,0.9919263,0.8055131,0,0,0,0,0,0,0,0,0,0,0,0,0,0,0,0,0,0,0,0.738342,0.7779701,0.7936368,0.7743059,0.7420921,0.8203149,0.7800028,0.7136555,0.7176736,0.7543063,0.9490911,1,0.9061798,0.7380529,0,0,0,0,0,0,0,0,0,0,0,0,0,0
0,0,0,0,0,0,0.6073189,0.6577049,0.6755533,0.6729045,0.7775215,0.7724096,0.720874,0.7252123,0.8043948,0.8582918,1,0.9847457,0.7681028,0,0,0,0,0,0,0,0,0,0,0,0,0,0,0,0,0,0,0,0,0,0,0.6343054,0.7415821,0.694266,0.7898184,0.8591735,0.8145553,0.6159776,0.9355698,1,0.8854256,0,0,0,0,0,0,0,0,0,0,0,0,0,0,0
0,0,0,0,0,0,0,0,0,0,0,0,0,0,0.6786661,0.8477515,1,0.9926387,0.784349,0,0,0,0,0,0,0,0,0,0,0,0,0,0,0,0,0,0,0,0,0,0,0,0,0,0.6686669,0.7856398,0.8551522,0.8737153,0.9562744,1,0.8880484,0,0,0,0,0,0,0,0,0,0,0,0,0,0,0
0,0,0,0,0,0,0,0,0,0,0,0,0,0,0,0.8368693,1,0.9830447,0.7524633,0,0,0,0,0,0,0,0,0,0,0,0,0,0,0,0,0,0,0,0,0,0,0,0,0,0,0,0,0.7663394,0.9522191,1,0.9018422,0.7105998,0,0,0,0,0,0,0,0,0,0,0,0,0,0
0,0,0,0,0,0,0,0,0,0,0,0,0,0,0,0.8522803,1,0.9773368,0.6913817,0.7564111,0.7589726,0.6997062,0,0,0,0,0,0,0,0,0,0,0,0,0,0,0,0,0,0,0,0,0,0,0,0,0,0,0.9492165,1,0.8746247,0.8007208,0.7404107,0,0,0,0,0,0,0,0,0,0,0,0,0
