GestureName: p
Duration(ms): 1081
Handedness: right

SpeakerAngles: 5
55
-55
0
0
110

SpeakerElevations: 5
-10
-10
-10
0
30

InterpretedPoints: 23
0,0,0
0,0,0
0,0,0
0,0,0
0,0,0
0,0,0
4.86860529362069,5.92974026503536,1.47905546699921
8.10961522454264,7.43668454853498,1.78446275633149
9.71593939552806,8.02310286988234,1.63175911166535
4.85442449914514,-6.92080240628262,2.7364817766693
-7.29581754319326,-14.0916733160672,0.104722665003956
-7.29581754319326,-14.9467560261521,-0.0689255126629749
0,-9.92403876506104,0.868240888334652
0.0141807944755501,-1.47786346951259,0.479055466999209
1.63468575993652,1.66107587629776,1.15270364466614
3.26228112263527,9.28255295573683,0.937166400997627
4.88987648533402,14.9192222821637,0.895277334996045
4.88278608809624,15.7954751833411,0.395277334996044
1.62050496546097,4.36800493768926,-0.368240888334652
-3.23391953368417,2.00597794410469,-0.847296355333861
0,-0.855082710084961,-0.17364817766693
0,0,0
0,0,0

StrokePoints: 24
0,0,0
0,0,0
0,0,0
0,0,0
0,0,0
0,0,0
0,0,0
4.86860529362069,5.92974026503536,1.47905546699921
12.9782205181633,13.3664248135703,3.2635182233307
22.6941599136914,21.3895276834527,4.89527733499604
27.5485844128365,14.4687252771701,7.63175911166535
20.2527668696433,0.377051961102897,7.7364817766693
12.95694932645,-14.5697040650492,7.66755626400633
12.95694932645,-24.4937428301103,8.53579715234098
12.9711301209256,-25.9716062996229,9.01485261934019
14.6058158808621,-24.3105304233251,10.1675562640063
17.8680970034973,-15.0279774675883,11.104722665004
22.7579734888314,-0.108755185424572,12
27.6407595769276,15.6867199979166,12.395277334996
29.2612645423886,20.0547249356058,12.0270364466614
26.0273450087044,22.0607028797105,11.1797400913275
26.0273450087044,21.2056201696255,11.0060919136606
26.0273450087044,21.2056201696255,11.0060919136606
26.0273450087044,21.2056201696255,11.0060919136606

Velocities: 23
0,0,0
0,0,0
0,0,0
0,0,0
0,0,0
0,0,0
2,0,1
4,0,3
4,-3,4
-1,-5,-4
-7,-3,-5
-6,-2,-6
0,0,-5
0,2,1
0,1,1
2,3,4
4,5,6
5,5,5
2,1,2
0,3,-1
1,1,-1
0,0,0
0,0,0

InverseVelocities: 23
0,0,0
0,0,0
0,0,0
0,0,0
0,0,0
0,0,0
0,0,0
0,0,0
-1,0,-2
0,0,0
0,0,0
0,1,0
0,0,0
0,0,0
0,0,0
0,0,0
0,0,0
0,0,0
0,-1,-1
0,-1,0
0,-1,0
0,0,0
0,0,0

RawData: 23
0,0,0,0,0,0,0,0,0,0,0,0,0,0,0,0.8612601,1,0.9468243,0,0,0,0,0,0,0,0,0,0,0,0,0,0,0,0,0,0,0,0,0,0,0,0,0,0,0,0,0,0,0.8528834,1,0.9703798,0.9561409,0,0,0,0,0,0,0,0,0,0,0,0,0,0,0,0,0,0,0,0,0,0,0,0,0,0,0,0,0,0.9190202,1,0.9087145,0,0,0,0,0,0,0,0,0,0,0,0,0,0,0,0,0,0,0,0,0,0,0,0,0,0,0,0,0,0,0.8557209,1,0.9735515,0.7679124,0,0,0,0,0,0,0,0,0,0,0,0,0,0,0,0,0,0,0,0,0,0,0,0,0,0,0,0,0,0.7463975,0.9654152,1,0.8729616,0,0,0,0,0,0,0,0,0,0,0,0,0,0
0,0,0,0,0,0,0,0,0,0,0,0,0,0,0,0.8965636,1,0.9365281,0,0,0,0,0,0,0,0,0,0,0,0,0,0,0,0,0,0,0,0,0,0,0,0,0,0,0,0,0,0,0,0.9627189,1,0.8605084,0,0,0,0,0,0,0,0,0,0,0,0,0,0,0,0,0,0,0,0,0,0,0,0,0,0,0,0,0,0.9312556,1,0.9151194,0,0,0,0,0,0,0,0,0,0,0,0,0,0,0,0,0,0,0,0,0,0,0,0,0,0,0,0,0,0,0.863656,1,0.9783513,0.8035083,0,0,0,0,0,0,0,0,0,0,0,0,0,0,0,0,0,0,0,0,0,0,0,0,0,0,0,0,0,0.7552236,0.9846447,1,0.8073622,0,0,0,0,0,0,0,0,0,0,0,0,0,0
0,0,0,0,0,0,0,0,0,0,0,0,0,0,0,0.9222983,1,0.8710225,0,0,0,0,0,0,0,0,0,0,0,0,0,0,0,0,0,0,0,0,0,0,0,0,0,0,0,0,0,0,0.7411531,0.976001,1,0.8205307,0,0,0,0,0,0,0,0,0,0,0,0,0,0,0,0,0,0,0,0,0,0,0,0,0,0,0,0,0,0.9175708,1,0.8670641,0,0,0,0,0,0,0,0,0,0,0,0,0,0,0,0,0,0,0,0,0,0,0,0,0,0,0,0,0,0,0.8263958,1,0.9565912,0.623628,0,0,0,0,0,0,0,0,0,0,0,0,0,0,0,0,0,0,0,0,0,0,0,0,0,0,0,0,0,0,0.9533296,1,0.8587748,0,0,0,0,0,0,0,0,0,0,0,0,0,0
0,0,0,0,0,0,0,0,0,0,0,0,0,0,0,0.9126272,1,0.8861206,0,0,0,0,0,0,0,0,0,0,0,0,0,0,0,0,0,0,0,0,0,0,0,0,0,0,0,0,0,0,0,0.9759899,1,0.8051454,0,0,0,0,0,0,0,0,0,0,0,0,0,0,0,0,0,0,0,0,0,0,0,0,0,0,0,0,0,0.9283797,1,0.8876589,0,0,0,0,0,0,0,0,0,0,0,0,0,0,0,0,0,0,0,0,0,0,0,0,0,0,0,0,0,0,0.812268,1,0.9830375,0.7480687,0,0,0,0,0,0,0,0,0,0,0,0,0,0,0,0,0,0,0,0,0,0,0,0,0,0,0,0,0,0,0.9545938,1,0.8290654,0,0,0,0,0,0,0,0,0,0,0,0,0,0
0,0,0,0,0,0,0,0,0,0,0,0,0,0,0,0.8790257,1,0.9120353,0,0,0,0,0,0,0,0,0,0,0,0,0,0,0,0,0,0,0,0,0,0,0,0,0,0,0,0,0,0,0.7916204,1,0.987437,0,0,0,0,0,0,0,0,0,0,0,0,0,0,0,0,0,0,0,0,0,0,0,0,0,0,0,0,0,0,0.9282174,1,0.864581,0,0,0,0,0,0,0,0,0,0,0,0,0,0,0,0,0,0,0,0,0,0,0,0,0,0,0,0,0,0,0.8120338,1,0.9799088,0.7677468,0,0,0,0,0,0,0,0,0,0,0,0,0,0,0,0,0,0,0,0,0,0,0,0,0,0,0,0,0,0,0.8769674,1,0.8595029,0,0,0,0,0,0,0,0,0,0,0,0,0,0
0,0,0,0,0,0,0,0,0,0,0,0,0,0,0,0,1,0.9311262,0,0,0,0,0,0,0,0,0,0,0,0,0,0,0,0,0,0,0,0,0,0,0,0,0,0,0,0,0,0,0,0,0,0,0,0,0,0,0,0,0,0,0,0,0,0,0,0,0,0,0,0,0,0,0,0,0,0,0,0,0,0,0,0,1,0,0,0,0,0,0,0,0,0,0,0,0,0,0,0,0,0,0,0,0,0,0,0,0,0,0,0,0,0,0,0,0,1,0.9821129,0,0,0,0,0,0,0,0,0,0,0,0,0,0,0,0,0,0,0,0,0,0,0,0,0,0,0,0,0,0,0,0.9465543,1,0,0,0,0,0,0,0,0,0,0,0,0,0,0,0
0,0,0,0,0,0,0,0,0,0,0,0,0,0,0,0.9130813,1,0.9403709,0.8135036,0.8385456,0.8255647,0.7586629,0,0,0,0,0,0,0,0,0,0,0,0,0,0,0,0,0,0,0,0,0,0,0,0,0,0,0.8181943,0.9219276,1,0.9236874,0.7820117,0,0,0,0,0,0,0,0,0,0,0,0,0,0,0,0,0,0,0,0,0,0,0,0,0,0,0,0.7616523,0.9237394,1,0.9415412,0.7812364,0.7094142,0.7075368,0,0,0,0,0,0,0,0,0,0,0,0,0,0,0,0,0,0,0,0,0,0,0,0,0,0,0,0.7718533,0.994345,1,0.8907891,0.8006993,0.7364167,0.7908673,0,0.7639585,0.7239845,0,0,0,0,0,0,0,0,0,0,0,0,0,0,0,0,0,0,0,0,0,0,0.7247733,0.8007023,0.9822215,1,0.8077235,0,0.7249372,0.7502806,0.7696085,0.7622246,0,0,0,0,0,0,0,0,0
0,0,0,0,0,0,0,0,0,0,0,0,0,0,0,0.8934518,1,0.9123998,0,0,0.7708612,0,0.7935694,0.7956714,0,0,0,0,0,0,0,0,0,0,0,0,0,0,0,0,0,0,0,0,0,0,0,0.9032686,1,0.996421,0.9980972,0.9670854,0,0,0,0,0,0,0,0,0,0,0,0,0,0,0,0,0,0,0,0,0,0,0,0,0,0,0,0,0.8491192,0.963779,1,0.8671445,0,0,0.7529862,0.8398799,0.8103281,0,0,0,0,0,0,0,0,0,0,0,0,0,0,0,0,0,0,0,0,0,0,0,0,0.7846127,0.8970849,1,0.967527,0.7797725,0.7969548,0.8031791,0.860782,0.8416184,0.7690696,0,0,0,0,0,0,0,0,0,0,0,0,0,0,0,0,0,0,0,0,0,0,0,0.8304747,0.8406267,0.9344544,1,0.8980091,0.8160335,0.8681823,0.8451368,0.8694963,0.8337051,0.8154498,0.8363452,0,0,0,0,0,0,0
0,0,0,0,0,0,0,0,0,0,0,0,0.6496615,0.6392535,0.6794654,0.872443,1,0.919207,0,0.7998244,0.8097888,0.8462471,0.8232405,0.7179949,0,0,0,0,0,0,0,0,0,0,0,0,0,0,0,0,0,0,0,0.76897,0.8252687,0.839896,0.7710518,0.7899868,0.9504229,1,0.8883854,0.9254113,0,0,0,0,0,0,0,0,0,0,0,0,0,0,0,0,0,0,0,0,0,0,0,0,0,0.6455726,0.7740861,0,0.7210993,0.9029606,1,0.9035683,0.7346354,0.6905776,0.8331875,0.8467836,0.7932804,0.6962113,0,0,0,0,0,0,0,0,0,0,0,0,0,0,0,0,0,0,0,0,0,0.6867244,0.6215094,0.6946086,0.8357587,1,0.9737113,0.7745644,0.7193223,0.7231019,0.8650871,0.8518685,0.7686681,0.6412268,0,0,0,0,0,0,0,0,0,0,0,0,0,0,0,0,0,0,0,0,0.6758128,0.8554935,0.8092896,0.8463145,0.9515294,1,0.8816085,0.8537252,0.8223553,0.6824726,0.8810822,0.8467761,0.7750626,0,0,0,0,0,0,0,0
0,0,0,0,0,0,0,0,0,0,0,0,0.7442247,0.8299494,0.8441585,0.926228,1,0.9077276,0.7251405,0.6883448,0,0,0,0,0,0,0,0,0,0,0,0,0,0,0,0,0,0,0,0,0,0.7962126,0.8194932,0.7609932,0,0.8018253,0.8767768,0.8332362,0.8813022,0.9875684,1,0.8882148,0.7313179,0,0,0,0,0,0,0,0,0,0,0,0,0,0,0,0,0,0,0,0,0,0,0.6115211,0.724859,0.7701932,0,0.7281497,0.8650336,0.9657086,1,0.8748271,0.6437826,0.6972069,0,0,0,0,0,0,0,0,0,0,0,0,0,0,0,0,0,0,0,0,0,0,0,0.7708405,0.8318951,0.8840666,0.8953033,0.9482496,0.9478565,1,0.9796597,0,0.7381866,0.711745,0,0,0,0,0,0,0,0,0,0,0,0,0,0,0,0,0,0,0,0,0,0.7794463,0.7878554,0.8356591,0.908456,0.9344247,0.9521486,0.9258353,0.9838933,1,0.8623312,0.7953204,0,0.6869287,0,0,0,0,0,0,0,0,0,0,0
0,0,0,0,0,0,0.7441187,0.7797582,0,0,0.7554843,0.8156552,0.7761485,0.8186778,0.7945865,0.9221986,1,0.850486,0,0,0,0,0,0,0,0,0,0,0,0,0,0,0,0,0,0,0,0,0,0,0,0,0,0.8401876,0,0.8263735,0.9199401,0.8820704,0,1,0.9033034,0,0,0,0,0,0,0,0,0,0,0,0,0,0,0,0,0,0,0,0,0,0,0,0.6896144,0.7774603,0.7729833,0.8493555,0.9172291,0.9104766,0.8459569,0.9178938,1,0.8758245,0,0,0,0,0,0,0,0,0,0,0,0,0,0,0,0,0,0,0,0,0,0,0,0.7672806,0.7376623,0.8043365,0.7780967,0.9078285,0.9426059,0.9315737,0.8983377,1,0.9408539,0,0,0,0,0,0,0,0,0,0,0,0,0,0,0,0,0,0,0,0,0,0,0,0.7788898,0.8636687,0,0,0.9556285,0.9918658,0.9690312,0.8830051,0.9354423,1,0.8143483,0,0,0,0,0,0,0,0,0,0,0,0,0,0
0,0,0,0,0,0,0,0.7982618,0.8609955,0.8286601,0.7561565,0,0.7401989,0.8480833,0.7838148,0.9108736,1,0.867557,0.7166818,0.6999621,0,0,0,0,0,0,0,0,0,0,0,0,0,0,0,0,0,0,0,0,0,0,0,0,0.8156363,0.9069127,0.8751081,0.8965147,0.9222428,1,0.9678097,0,0.7552148,0.7444264,0,0,0,0,0,0,0,0,0,0,0,0,0,0,0,0,0,0,0,0.7910424,0.8566007,0.7579045,0.7836722,0.879644,0.8605633,0,0,0.9296837,1,0.8649465,0,0,0,0,0,0,0,0,0,0,0,0,0,0,0,0,0,0,0,0,0,0,0.7762738,0.8636803,0.8112713,0.7867553,0.8622554,0.80132,0.8119571,0.7215821,0.8800234,1,0.9389595,0,0,0,0,0,0,0,0,0,0,0,0,0,0,0,0,0,0,0,0,0,0,0,0.7906039,0.7816144,0.7639205,0.7919396,0.7588176,0.9274007,0.8616834,0.7579566,0.9620937,1,0.8740536,0,0,0,0,0,0,0,0,0,0,0,0,0,0
0,0,0,0,0,0,0,0,0,0,0,0,0,0.8237994,0.8909859,0.9189528,1,0.9100534,0,0,0,0,0,0,0,0,0,0,0,0,0,0,0,0,0,0,0,0,0,0,0,0,0,0,0,0,0,0.8650848,0.9469739,1,0.9447452,0,0,0,0,0,0,0,0,0,0,0,0,0,0,0,0,0,0,0,0,0,0,0,0.7382997,0.7593545,0,0.7383249,0,0.7989168,0.8040866,0.9352,1,0.9068603,0.722324,0,0,0,0,0,0,0,0,0,0,0,0,0,0,0,0,0,0,0,0,0,0,0.7787091,0.8164544,0.8019795,0.7719605,0,0.7717764,0.8457388,0.8263845,1,0.9246624,0.7542449,0,0,0,0,0,0,0,0,0,0,0,0,0,0,0,0,0,0,0,0,0,0,0,0,0,0,0,0.909944,0.8341689,0,0.9560314,1,0.8262748,0,0,0,0,0,0,0,0,0,0,0,0,0,0
0,0,0,0,0,0,0,0,0,0,0,0,0,0.7423102,0.792981,0.9109436,1,0.8412177,0.684967,0,0,0,0,0,0,0,0,0,0,0,0,0,0,0,0,0,0,0,0,0,0,0,0,0,0,0,0,0,0.8525344,1,0.8925428,0.9864174,0.9569791,0.8232185,0.7359787,0,0,0,0,0,0,0,0,0,0,0,0,0,0,0,0,0,0,0,0,0,0,0,0,0.7614939,0.784402,0.9646164,1,0.886238,0.7970713,0.6946483,0.6451344,0,0,0,0,0,0,0,0,0,0,0,0,0,0,0,0,0,0,0,0,0,0,0.6679201,0.6756284,0.7730609,0.864171,0.9242626,0.8999823,1,0.949608,0.7606171,0.76693,0.7052252,0.6674601,0,0,0,0,0,0,0,0,0,0,0,0,0,0,0,0,0,0,0,0,0,0,0,0.6755664,0.758145,0.8060479,0.8792741,0.9862446,1,0.9445547,0.8959306,0.8353666,0.7374809,0,0,0,0,0,0,0,0,0,0,0
0,0,0,0,0,0,0,0,0,0,0,0,0,0,0,0.928546,1,0.9302481,0.8539342,0,0,0,0,0,0,0,0,0,0,0,0,0,0,0,0,0,0,0,0,0,0,0,0,0,0,0,0,0,0,0.9480217,0.9273112,0.960786,1,0.9682447,0,0,0,0,0,0,0,0,0,0,0,0,0,0,0,0,0,0,0,0,0,0,0,0,0,0,0,0.9503149,1,0.8900617,0.8765125,0.8821285,0.8344426,0,0,0,0,0,0,0,0,0,0,0,0,0,0,0,0,0,0,0,0,0,0,0,0,0,0,0,0.8939844,1,0.91612,0.8578731,0.8264028,0.8149532,0,0,0,0,0,0,0,0,0,0,0,0,0,0,0,0,0,0,0,0,0,0,0,0,0,0,0,0,0.9475555,1,0.8591468,0.8085571,0.7438117,0.8094189,0.7779757,0,0,0,0,0,0,0,0,0,0
0,0,0,0,0,0,0,0,0,0,0,0,0,0,0,0.924669,1,0.9307607,0.8334894,0.7438888,0.7373319,0.7392721,0,0,0,0,0,0,0,0,0,0,0,0,0,0,0,0,0,0,0,0,0,0,0,0,0,0,0,0,0,0,0.9229724,0.992012,0.954692,1,0,0,0,0,0,0,0,0,0,0,0,0,0,0,0,0,0,0,0,0,0,0,0,0,0.6877854,0.9471764,1,0.8754879,0.775577,0.8238981,0.8005872,0.6779056,0.7333522,0.696428,0,0,0,0,0,0,0,0,0,0,0,0,0,0,0,0,0,0,0,0,0,0,0,0,0.857674,1,0.951547,0.7161745,0.746955,0.7272799,0,0.7891641,0.6876374,0,0,0,0,0,0,0,0,0,0,0,0,0,0,0,0,0,0,0,0,0,0,0,0,0,0.9618044,1,0.7891288,0.799962,0.8530622,0.8699598,0.8862329,0.8256609,0.7512173,0,0,0,0,0,0,0,0
0,0,0,0,0,0,0,0,0,0,0,0,0,0,0.7202753,0.9118491,1,0.8756165,0.6814501,0.8068113,0.7196814,0.7798064,0.7820537,0.7031459,0,0,0,0,0,0,0,0,0,0,0,0,0,0,0,0,0,0,0,0,0,0,0,0.8324034,0.8684712,0.9070216,0.9482226,0.8064187,0.9360518,0.9471968,0.9977665,0.9111446,1,0.8366922,0,0,0,0,0,0,0,0,0,0,0,0,0,0,0,0,0,0,0,0,0,0,0,0.9376017,1,0.8783747,0.8374305,0.9016068,0.851426,0.7600217,0.8291691,0.7308741,0.7418445,0.7042235,0,0,0,0,0,0,0,0,0,0,0,0,0,0,0,0,0,0,0,0,0,0,0.8300409,1,0.958744,0.7739529,0.8773097,0.9110215,0.8601704,0.8204721,0.7739757,0.7686349,0.712816,0,0,0,0,0,0,0,0,0,0,0,0,0,0,0,0,0,0,0,0,0,0,0,1,0.9992578,0.7689399,0.8442361,0.9236237,0.9299498,0.7562664,0.9134732,0.9175909,0.8376547,0.8195607,0,0,0,0,0,0
0,0,0,0,0,0,0,0,0,0,0,0,0,0,0,0.9093837,1,0.9370124,0.8607605,0.8034592,0,0.6624407,0.7138401,0.7193059,0.683565,0,0,0,0,0,0,0,0,0,0,0,0,0,0,0,0,0,0,0,0,0,0,0,0.7142298,0.7786366,0.9217391,1,0.9733135,0.8255875,0.8906389,0.8573772,0.8250226,0.7357258,0,0,0,0,0,0,0,0,0,0,0,0,0,0,0,0,0,0,0,0,0,0,0,0.9446391,1,0.9114215,0.8779908,0.8428316,0.7406611,0,0.7054055,0.7933753,0.7338476,0,0,0,0,0,0,0,0,0,0,0,0,0,0,0,0,0,0,0,0,0,0,0,0.8254386,1,0.9825462,0.8855743,0.8937328,0.8176161,0.8255695,0,0.7979541,0.8180724,0.7366416,0.6602297,0,0,0,0,0,0,0,0,0,0,0,0,0,0,0,0,0,0,0,0,0,0,0.9316211,1,0.9401744,0.9226283,0.8488624,0.8278124,0.8366563,0.7682528,0.7893147,0.7206891,0,0,0,0,0,0,0
0,0,0,0,0,0,0,0,0,0,0,0,0,0,0,0.9395582,1,0.8821342,0,0.7673562,0,0.7466891,0,0,0,0,0,0,0,0,0,0,0,0,0,0,0,0,0,0,0,0,0,0,0,0.8653206,0.8285662,0.9138989,1,0.9853448,0.9128166,0.9338235,0.9410732,0.8710626,0,0,0,0,0,0,0,0,0,0,0,0,0,0,0,0,0,0,0,0,0,0,0,0,0.7766655,0.7381228,0.8394605,0.968968,1,0.7840503,0.8914969,0.8671407,0.8556173,0.7957487,0,0,0,0,0,0,0,0,0,0,0,0,0,0,0,0,0,0,0,0,0,0,0,0,0,0,0.9085552,1,0.959186,0.9044327,0.8966669,0.8495581,0,0,0,0,0,0,0,0,0,0,0,0,0,0,0,0,0,0,0,0,0,0,0,0,0,0,0,0.8487246,0.949145,1,0.9230881,0.8641376,0.7837708,0,0,0,0,0,0,0,0,0,0,0,0
0,0,0,0,0,0,0,0,0,0,0,0,0,0,0.6608186,0.9226982,1,0.8390298,0.6675767,0,0,0,0,0,0,0,0,0,0,0,0,0,0,0,0,0,0,0,0,0,0,0,0,0,0,0.8881699,0.9981006,1,0.8764659,0.9659206,0.9303639,0,0.7996021,0.7309764,0.7179288,0.7204551,0,0,0,0,0,0,0,0,0,0,0,0,0,0,0,0,0,0,0,0,0,0,0.7856795,0.8271564,0.7947062,0.9387175,1,0.8907857,0,0.6237164,0,0,0,0,0,0,0,0,0,0,0,0,0,0,0,0,0,0,0,0,0,0,0,0,0,0.7582904,0.7699431,0.7908552,0,1,0.958468,0.7303964,0,0.6955316,0,0,0,0,0,0,0,0,0,0,0,0,0,0,0,0,0,0,0,0,0,0,0,0,0.7843809,0.8115449,0.8583223,0.9609786,1,0.9765366,0.90758,0.8278176,0,0,0,0,0,0,0,0,0,0,0,0,0
0,0,0,0,0,0,0,0,0,0,0,0,0,0,0,0.9330979,1,0.9236023,0.7028666,0.6933581,0.6732023,0,0,0,0,0,0,0,0,0,0,0,0,0,0,0,0,0,0,0,0,0,0,0,0,0.8338946,0.892081,0.8724087,0.9545525,1,0,0,0,0.8256373,0,0,0,0,0,0,0,0,0,0,0,0,0,0,0,0,0,0,0,0,0,0,0,0,0.6656107,0.7259712,0.7997856,0.968423,1,0.889009,0,0,0,0,0,0,0,0,0,0,0,0,0,0,0,0,0,0,0,0,0,0,0,0,0,0,0,0.7421831,0.8305796,0.78461,0.8712654,1,0.9706745,0.799336,0,0,0,0,0,0,0,0,0,0,0,0,0,0,0,0,0,0,0,0,0,0,0,0,0,0,0,0.8605004,0.9495864,0.9242392,0.9663473,1,0.9303563,0,0,0,0,0,0,0,0,0,0,0,0,0,0
0,0,0,0,0,0,0,0,0,0,0,0,0,0,0.6935085,0.9439195,1,0.8905787,0,0,0,0,0,0,0,0,0,0,0,0,0,0,0,0,0,0,0,0,0,0,0,0,0,0,0,0,0,0.9126331,0.8834856,1,0.9862888,0.8115612,0,0,0,0,0,0,0,0,0,0,0,0,0,0,0,0,0,0,0,0,0,0,0,0,0,0,0,0.7375865,0.8381311,0.9365939,1,0.8623132,0,0,0,0,0,0,0,0,0,0,0,0,0,0,0,0,0,0,0,0,0,0,0,0,0,0,0,0,0,0.818274,0.9191834,1,0,0.8335631,0,0,0,0,0,0,0,0,0,0,0,0,0,0,0,0,0,0,0,0,0,0,0,0,0,0,0,0,0.7697507,0.8239215,0.9524826,1,0.899385,0,0,0,0,0,0,0,0,0,0,0,0,0,0
0,0,0,0,0,0,0,0,0,0,0,0,0,0,0,0.8189426,1,0.9142794,0,0,0,0,0,0,0,0,0,0,0,0,0,0,0,0,0,0,0,0,0,0,0,0,0,0,0,0,0,0.8049303,1,0.9875699,0.8810188,0,0,0,0,0,0,0,0,0,0,0,0,0,0,0,0,0,0,0,0,0,0,0,0,0,0,0,0,0,0.8025984,0.9682759,1,0.8639418,0,0,0,0,0,0,0,0,0,0,0,0,0,0,0,0,0,0,0,0,0,0,0,0,0,0,0,0,0,0,0.7475893,1,0.9908679,0.753469,0,0,0,0,0,0,0,0,0,0,0,0,0,0,0,0,0,0,0,0,0,0,0,0,0,0,0,0,0,0.7583929,0.9714691,1,0.861684,0,0,0,0,0,0,0,0,0,0,0,0,0,0
