GestureName: p
Duration(ms): 987
Handedness: right

SpeakerAngles: 5
55
-55
0
0
110

SpeakerElevations: 5
-10
-10
-10
0
30

InterpretedPoints: 21
0,1,0
3.24810032815972,3.64588362930997,0.979055466999209
5.67531257773229,5.49460278649898,1.30540728933228
4.86151489638292,2.66107587629776,1.15270364466614
4.04771721503354,5.08699905195103,0.305407289332279
0.813797681349374,1.68860962028618,0.32635182233307
-0.827978475824924,-8.39423500168913,0.757426309670095
-5.67531257773229,-16.8078166803418,0.604722665003955
-9.71593939552806,-13.2521684617612,-0.589870045663766
-7.29581754319326,-10.7024981872854,-0.937166400997627
0.00709039723777505,-4.83067616021406,1.02094453300079
0.0141807944755501,0.522136530487408,0.479055466999209
-1.59214337650987,3.90533371516446,0.284462756331487
2.46266423576145,8.13127211292585,1.2635182233307
0.835068873062699,10.7236683783779,0.263518223330696
0.827978475824924,7.32527894671305,0.284462756331487
3.24810032815972,3.79080091922501,0.805407289332278
0,-0.984807753012208,0.17364817766693
0,0,0
0,0,0
0,0,0

StrokePoints: 22
0,0,0
0,1,0
3.24810032815972,4.64588362930997,0.979055466999209
8.92341290589201,10.140486415809,2.28446275633149
13.7849278022749,12.8015622921067,3.43716640099763
17.8326450173085,17.8885613440577,3.74257369032991
18.6464426986578,19.5771709643439,4.06892551266298
17.8184642228329,11.1829359626548,4.82635182233307
12.1431516451006,-5.62488071768697,5.43107448733702
2.42721224957257,-18.8770491794482,4.84120444167326
-4.86860529362069,-29.5795473667336,3.90403804067563
-4.86151489638292,-34.4102235269477,4.92498257367642
-4.84733410190737,-33.8880869964603,5.40403804067563
-6.43947747841724,-29.9827532812958,5.68850079700712
-3.97681324265579,-21.85148116837,6.95201902033782
-3.14174436959309,-11.1278127899921,7.21553724366851
-2.31376589376817,-3.80253384327903,7.5
0.93433443439155,-0.0117329240540229,8.30540728933228
0.93433443439155,-0.996540677066231,8.47905546699921
0.93433443439155,-0.996540677066231,8.47905546699921
0.93433443439155,-0.996540677066231,8.47905546699921
0.93433443439155,-0.996540677066231,8.47905546699921

Velocities: 21
0,0,0
1,0,2
3,0,1
2,-1,1
3,0,1
0,0,1
-2,-4,-7
-6,-3,-6
-6,1,-6
-4,0,-5
-1,0,-2
0,2,1
0,5,2
2,5,3
2,5,3
1,3,3
2,1,1
0,0,-1
0,0,0
0,0,0
0,0,0

InverseVelocities: 21
0,0,0
0,0,0
0,0,-1
0,0,0
0,0,-2
0,0,-1
0,0,0
0,0,0
0,0,0
0,0,0
0,0,0
0,0,0
0,0,0
0,0,0
0,0,0
0,0,0
0,0,0
0,0,0
0,0,0
0,0,0
0,0,0

RawData: 21
0,0,0,0,0,0,0,0,0,0,0,0,0,0,0,0.9270422,1,0.8963371,0.829942,0.7904142,0,0,0,0,0,0,0,0,0,0,0,0,0,0,0,0,0,0,0,0,0,0,0,0,0,0,0,0,0.8242822,0.9901424,1,0.8979126,0.804247,0,0,0,0,0,0,0,0,0,0,0,0,0,0,0,0,0,0,0,0,0,0,0,0,0,0,0,0,0.9692115,1,0.8874727,0.9260244,0,0,0,0,0,0,0,0,0,0,0,0,0,0,0,0,0,0,0,0,0,0,0,0,0,0,0,0,0,0.8306491,1,0.9770674,0.9635426,0.9324188,0.7815086,0,0,0,0,0,0,0,0,0,0,0,0,0,0,0,0,0,0,0,0,0,0,0,0,0,0,0,0,0.9883579,1,0.9200678,0.926724,0,0,0,0,0,0,0,0,0,0,0,0,0
0,0,0,0,0,0,0,0,0,0,0,0,0,0,0,0.933822,1,0.8903195,0.7758372,0.7714918,0.7770373,0,0,0,0,0,0,0,0,0,0,0,0,0,0,0,0,0,0,0,0,0,0,0,0,0,0,0,0.8245502,1,0.8455153,0.9329562,0,0,0,0,0,0,0,0,0,0,0,0,0,0,0,0,0,0,0,0,0,0,0,0,0,0,0,0,0,0.9305692,1,0.898724,0,0.7594947,0.7578357,0.7245326,0,0,0,0,0,0,0,0,0,0,0,0,0,0,0,0,0,0,0,0,0,0,0,0,0,0.7104402,0.8073934,1,0.9486282,0.7056854,0.8806273,0.9115053,0.8147768,0,0,0,0,0,0,0,0,0,0,0,0,0,0,0,0,0,0,0,0,0,0,0,0,0,0,0.7067674,0.9725395,1,0.8983671,0.7180333,0.8359449,0.7990948,0.7244447,0,0,0,0,0,0,0,0,0,0
0,0,0,0,0,0,0,0,0,0,0,0,0,0,0,0.9050602,1,0.8934299,0.8607802,0.8888513,0.8217328,0.7877761,0.7234534,0,0,0,0,0,0,0,0,0,0,0,0,0,0,0,0,0,0,0,0,0,0,0,0.7984504,0.7967975,0.8540857,1,0.9891936,0.8395241,0,0,0,0,0,0,0,0,0,0,0,0,0,0,0,0,0,0,0,0,0,0,0,0,0,0,0.6910043,0.761099,0.76986,0.9415665,1,0.8770319,0.7801235,0.7324697,0.7476389,0,0,0,0,0,0,0,0,0,0,0,0,0,0,0,0,0,0,0,0,0,0,0,0,0,0,0.7795299,0.932914,1,0.9276698,0.7225894,0.72126,0.7734424,0.7580531,0.6609802,0.6992967,0,0,0,0,0,0,0,0,0,0,0,0,0,0,0,0,0,0,0,0,0,0.7871834,0.8182797,0.9265191,0.9584408,0.9264244,1,0.7580816,0.7720932,0.751421,0.8784778,0.896271,0.8468501,0,0,0,0,0,0,0,0,0
0,0,0,0,0,0,0,0,0,0,0,0,0,0,0,0.9266438,1,0.8713657,0.9237862,0.9045396,0.8036156,0.7485482,0,0,0,0,0,0,0,0,0,0,0,0,0,0,0,0,0,0,0,0,0,0,0,0.8587896,0.9126391,0.8645398,0,0.9979031,1,0.8845031,0,0,0,0,0,0,0,0,0,0,0,0,0,0,0,0,0,0,0,0,0,0,0,0,0,0,0,0.7914084,0.784476,0.9297776,1,0.9072168,0,0.8440991,0.7788607,0,0,0,0,0,0,0,0,0,0,0,0,0,0,0,0,0,0,0,0,0,0,0,0,0,0,0,0.8383677,1,0.968253,0.8121096,0.8755695,0.9002956,0.8238268,0,0,0,0,0,0,0,0,0,0,0,0,0,0,0,0,0,0,0,0,0,0,0,0,0,0.8349247,0.8457919,1,0.9767623,0,0,0.8365852,0,0.8116302,0,0,0,0,0,0,0,0,0,0
0,0,0,0,0,0,0,0,0,0,0,0,0,0,0.7598405,0.9220988,1,0.9226702,0.8388419,0.771809,0.8136402,0.6527029,0.5948345,0,0,0,0,0,0,0,0,0,0,0,0,0,0,0,0,0,0,0,0,0,0,0,0.7538515,0.6876646,0.8425156,1,0.9704906,0.7823899,0,0,0,0,0,0,0,0,0,0,0,0,0,0,0,0,0,0,0,0,0,0,0,0,0,0.608241,0.6585352,0,0.7374748,0.956176,1,0.8970302,0.7680644,0.8109637,0.7582667,0,0,0,0,0,0,0,0,0,0,0,0,0,0,0,0,0,0,0,0,0,0,0,0,0,0,0.6096389,0.8566545,1,0.9892812,0.9227178,0.8707255,0.7915085,0.670922,0.5861291,0,0,0,0,0,0,0,0,0,0,0,0,0,0,0,0,0,0,0,0,0,0,0.7948047,0.8926178,0.9708377,0.820149,0.961455,0.98505,0.8437276,1,0.9165447,0.7745683,0,0,0,0,0,0,0,0,0,0,0
0,0,0,0,0,0,0,0,0,0,0,0,0,0.7063308,0.7670549,0.9271845,1,0.8650251,0.9444538,0.8761556,0,0,0,0,0,0,0,0,0,0,0,0,0,0,0,0,0,0,0,0,0,0,0,0,0,0,0,0.7407876,0.8811939,1,0.9422281,0.7255529,0,0,0,0,0,0,0,0,0,0,0,0,0,0,0,0,0,0,0,0,0,0,0,0,0,0,0.6872998,0.7575805,0.6749032,0.8602908,1,0.9224835,0.829823,0.7807931,0.6863514,0,0,0,0,0,0,0,0,0,0,0,0,0,0,0,0,0,0,0,0,0,0,0,0,0,0.7528404,0.830524,0.7877116,1,0.8892595,0.902297,0.803184,0.6779766,0,0,0,0,0,0,0,0,0,0,0,0,0,0,0,0,0,0,0,0,0,0,0,0,0.8265654,0.7983196,0.9471923,1,0.866441,0.8804638,0.9921003,0.9970338,0.8560882,0,0,0,0,0,0,0,0,0,0,0,0
0,0,0,0,0,0,0,0,0,0,0,0.6543376,0.6502247,0.6950188,0.7909899,0.9060726,1,0.9575031,0.8209049,0.7072069,0,0,0,0,0,0,0,0,0,0,0,0,0,0,0,0,0,0,0,0,0,0,0.7438423,0.7643302,0.812999,0.7622418,0,0,0.7851953,0.961872,1,0.8530287,0.7960782,0,0,0,0,0,0,0,0,0,0,0,0,0,0,0,0,0,0,0,0.6575412,0.6625261,0,0,0,0.6334559,0.7137112,0.8112637,0.8581469,0.9332564,1,0.9077143,0.7161382,0.626844,0,0,0,0,0,0,0,0,0,0,0,0,0,0,0,0,0.6431941,0.6707086,0,0,0,0,0.6868881,0.682442,0.7372285,0.7131488,0.7944471,0.9250926,0.8574255,1,0.9947379,0,0.7788838,0.711095,0,0,0,0,0,0,0,0,0,0,0,0,0,0,0,0,0,0,0,0,0,0,0.8210047,0.8252157,0.9033005,0.9368271,0,0.9350563,1,0.9757476,0.8247333,0.8263457,0,0,0,0,0,0,0,0,0,0,0,0,0
0,0,0,0,0,0,0,0.6672194,0.6949204,0.690401,0.7462773,0.6999193,0.7205998,0.7073604,0.793377,0.9068323,1,0.9011054,0,0,0,0,0,0,0,0,0,0,0,0,0,0,0,0,0,0,0,0,0,0,0,0,0,0.8068982,0.830806,0.8467779,0.8871076,0.8656002,0.8523553,0.9796374,1,0.893975,0,0,0,0,0,0,0,0,0,0,0,0,0,0,0,0,0,0,0,0,0,0.6744681,0.7275438,0.6693099,0.7556756,0.8515532,0.8486963,0.8510234,0.8535308,0.9231272,1,0.8907501,0.7179241,0,0,0,0,0,0,0,0,0,0,0,0,0,0,0,0,0,0,0,0,0.6716204,0.6838508,0.6962274,0.809081,0.8910879,0.9312042,0.9349642,0.8397669,0.8947523,0.9210095,1,0.9464692,0.6542058,0,0,0,0,0,0,0,0,0,0,0,0,0,0,0,0,0,0,0,0,0,0,0,0.8326416,0.9529812,0.9945192,1,0.9699047,0.8245898,0.9568287,0.9390505,0.9681808,0.8124309,0.7635251,0,0,0,0,0,0,0,0,0,0,0,0,0
0,0,0,0,0,0,0,0.6601216,0.7446854,0.8192349,0.8383623,0.7663515,0.7710032,0.7437137,0.8256875,0.8837648,1,0.8833568,0.7043189,0,0,0,0,0,0,0,0,0,0,0,0,0,0,0,0,0,0,0,0,0,0,0,0,0,0,0,0.7240598,0.8168101,0.9353753,1,0.9278769,0.744473,0.7994999,0.7425587,0,0,0,0,0,0,0,0,0,0,0,0,0,0,0,0,0,0,0,0.6531324,0.7637809,0.8537616,0.8455483,0.7176481,0.9031603,0.9147849,0.9274342,0.9284486,1,0.8536228,0.7289411,0,0,0,0,0,0,0,0,0,0,0,0,0,0,0,0,0,0,0,0,0,0.7543035,0.8625698,0.9018269,0.9405728,0.8782893,0.8863249,0.9837631,0.9835245,0.9300496,0.9997848,1,0.7795607,0.7492889,0,0,0,0,0,0,0,0,0,0,0,0,0,0,0,0,0,0,0,0,0,0.7703193,0.838921,0.9279486,0.9256301,0.8629264,0.9654948,0.9895524,0.9114761,0.949043,1,0.8711097,0.7067696,0,0,0,0,0,0,0,0,0,0,0,0,0
0,0,0,0,0,0,0,0,0,0.7323869,0.8165555,0.7930632,0,0.7193865,0.7121032,0.9204772,1,0.9201764,0.7322775,0,0,0,0,0,0,0,0,0,0,0,0,0,0,0,0,0,0,0,0,0,0,0,0,0,0,0,0.8264942,0.9323086,0.9696078,1,0.979346,0.7590277,0,0,0,0,0,0,0,0,0,0,0,0,0,0,0,0,0,0,0,0,0,0,0.755116,0.8341355,0.8437699,0.8020815,0.7616673,0.8407095,0.7592981,0.929296,1,0.9074667,0,0,0,0,0,0,0,0,0,0,0,0,0,0,0,0,0,0,0,0,0,0,0,0.7067652,0.8833061,0.9038333,0.8369703,0.767159,0.8343203,0.8514452,0.8792486,1,0.9702321,0.7577567,0,0,0,0,0,0,0,0,0,0,0,0,0,0,0,0,0,0,0,0,0,0,0.6980182,0.791504,0.8471402,0.7953363,0.7948029,0.736955,0.7608946,0.7724005,0.950282,1,0.916321,0.7724559,0.6829824,0,0,0,0,0,0,0,0,0,0,0,0
0,0,0,0,0,0,0,0,0,0,0,0,0.7768815,0.7529757,0,0.9082449,1,0.930254,0,0,0,0,0,0,0,0,0,0,0,0,0,0,0,0,0,0,0,0,0,0,0,0,0,0,0,0,0,0,0.839892,0.9795575,1,0.9220295,0.7886149,0,0,0,0,0,0,0,0,0,0,0,0,0,0,0,0,0,0,0,0,0,0,0,0,0.7862732,0.8677306,0.8872721,0.8276278,0.9362222,1,0.8583289,0.7953454,0,0,0,0,0,0,0,0,0,0,0,0,0,0,0,0,0,0,0,0,0,0,0,0,0,0.7879152,0.8919796,0.9319068,0.9369652,0.86301,0.9962985,1,0.8762102,0.7753211,0,0,0,0,0,0,0,0,0,0,0,0,0,0,0,0,0,0,0,0,0,0,0,0,0,0,0.7699939,0.7770782,0.8182688,0.9543451,1,0.9524291,0.9042033,0.8171254,0,0,0,0,0,0,0,0,0,0,0,0
0,0,0,0,0,0,0,0,0,0,0,0,0,0,0.6471775,0.8769574,1,0.903697,0.643747,0,0,0,0,0,0,0,0,0,0,0,0,0,0,0,0,0,0,0,0,0,0,0,0,0,0,0,0,0,0.738773,0.9835334,1,0.8655848,0.9615932,0.8868376,0.7549675,0,0,0,0,0,0,0,0,0,0,0,0,0,0,0,0,0,0,0,0,0,0,0,0,0,0.74767,0.940207,1,0.8959374,0.8186187,0.7848834,0.6308346,0,0,0,0,0,0,0,0,0,0,0,0,0,0,0,0,0,0,0,0,0,0,0,0,0.6827132,0.7159399,0.8256798,0.8465478,0.9898874,1,0.7826857,0.9025989,0.8097982,0,0,0,0,0,0,0,0,0,0,0,0,0,0,0,0,0,0,0,0,0,0,0,0,0,0,0.7478515,0.7737144,0.9293109,0.9848391,0.8070142,1,0.9618812,0.7543744,0,0,0,0,0,0,0,0,0,0,0
0,0,0,0,0,0,0,0,0,0,0,0,0,0,0,0.8942693,1,0.9281392,0.8288404,0.8055534,0,0,0,0,0,0,0,0,0,0,0,0,0,0,0,0,0,0,0,0,0,0,0,0,0,0,0,0,0.8415638,0.997795,0.9920936,0.8517642,1,0.849648,0.8635905,0.8370733,0.8641823,0.8252723,0,0,0,0,0,0,0,0,0,0,0,0,0,0,0,0,0,0,0,0,0,0,0,0.9264231,1,0.9144118,0.8719444,0.8602932,0.7640877,0.761774,0,0,0,0,0,0,0,0,0,0,0,0,0,0,0,0,0,0,0,0,0,0,0,0,0,0,0.8786379,1,0.9751256,0.9135701,0.9079224,0,0,0,0,0,0,0,0,0,0,0,0,0,0,0,0,0,0,0,0,0,0,0,0,0,0,0,0,0,0.9206781,1,0.9358363,0.9678397,0.9428485,0.8203592,0.8410718,0,0,0,0,0,0,0,0,0,0
0,0,0,0,0,0,0,0,0,0,0,0,0,0.6846933,0.7346331,0.9113616,1,0.9487446,0.9065847,0.9016374,0.821872,0.7645912,0,0,0,0,0,0,0,0,0,0,0,0,0,0,0,0,0,0,0,0,0,0,0,0,0,0,0.7017849,0.9096754,0.9673293,1,0.9241318,0.8816089,0.8754851,0.6994306,0.7154465,0.6859395,0,0,0,0,0,0,0,0,0,0,0,0,0,0,0,0,0,0,0,0,0,0,0.7001404,0.927963,1,0.8121499,0.8924792,0.8400108,0.829405,0.6878272,0.6753665,0,0,0,0,0,0,0,0,0,0,0,0,0,0,0,0,0,0,0,0,0,0,0,0,0.6825046,0.8165601,0.9902139,1,0.9268826,0.8111765,0.8687468,0.7968557,0.694803,0,0,0,0,0,0,0,0,0,0,0,0,0,0,0,0,0,0,0,0,0,0,0,0,0,0.696318,0.9507483,1,0.9596248,0.8845347,0.9382977,0.9075171,0.8644981,0.7910648,0.6883777,0.6950228,0,0,0,0,0,0,0
0,0,0,0,0,0,0,0,0,0,0,0,0,0,0.7158821,0.9233725,1,0.8634393,0.7187071,0.7408379,0.8896518,0.7948478,0,0,0,0,0,0,0,0,0,0,0,0,0,0,0,0,0,0,0,0,0,0,0,0,0,0,0.8399866,0.9172488,0.809876,1,0.9470854,0.9632223,0.9829116,0.8468157,0.7885739,0.7614723,0,0,0,0,0,0,0,0,0,0,0,0,0,0,0,0,0,0,0,0,0,0,0.6677576,0.9331546,1,0.937859,0.9145824,0.8840477,0.7509276,0.704381,0.7240589,0,0,0,0,0,0,0,0,0,0,0,0,0,0,0,0,0,0,0,0,0,0,0,0,0,0.8830231,1,0.9605097,0.9430066,0.9324133,0.8363307,0.774178,0.7606553,0.7051314,0.6914267,0,0,0,0,0,0,0,0,0,0,0,0,0,0,0,0,0,0,0,0,0,0,0.720571,0.7930447,0.9089192,0.961678,0.9707695,1,0.9391856,0.7482466,0.8271046,0.8057996,0,0,0,0,0,0,0,0,0
0,0,0,0,0,0,0,0,0,0,0,0,0,0,0.682245,0.9249954,1,0.9139428,0.7758364,0.8429207,0.7623357,0,0,0,0,0,0,0,0,0,0,0,0,0,0,0,0,0,0,0,0,0,0,0,0,0,0.7289714,0.8596501,0.9514393,1,0.9123892,0.8176759,0.7156721,0.748802,0.8143587,0.7640843,0,0,0,0,0,0,0,0,0,0,0,0,0,0,0,0,0,0,0,0,0,0,0,0.7052612,0.8202422,0.9630352,1,0.901403,0.8181639,0.7317542,0.74509,0.7105606,0.655096,0,0,0,0,0,0,0,0,0,0,0,0,0,0,0,0,0,0,0,0,0,0,0,0.6825759,0.7682644,0.8030682,1,0.9231335,0.8620577,0.7987763,0,0.6828853,0.730139,0,0,0,0,0,0,0,0,0,0,0,0,0,0,0,0,0,0,0,0,0,0,0,0,0.776695,0.9040841,1,0.9849048,0.8595192,0.8538393,0.8271187,0.8523142,0.8403756,0,0,0,0,0,0,0,0,0,0
0,0,0,0,0,0,0,0,0,0,0,0,0,0,0.7568683,0.9491902,1,0.8842567,0,0.815917,0.8333519,0.7428191,0,0,0,0,0,0,0,0,0,0,0,0,0,0,0,0,0,0,0,0,0,0,0,0,0.7633765,0,0.8505971,1,0.9800149,0.739077,0.7389039,0.7394406,0,0,0,0,0,0,0,0,0,0,0,0,0,0,0,0,0,0,0,0,0,0,0,0,0,0,0.8123056,0.968993,1,0.8336813,0,0.7563241,0.6979916,0,0,0,0,0,0,0,0,0,0,0,0,0,0,0,0,0,0,0,0,0,0,0,0,0,0.740243,0,0.8715496,1,0.9634527,0.8017944,0.7780185,0,0.7060352,0,0,0,0,0,0,0,0,0,0,0,0,0,0,0,0,0,0,0,0,0,0,0,0,0,0.8001036,0.8172691,0.9547448,1,0.9612072,0.8778959,0,0.7671282,0.7827587,0,0,0,0,0,0,0,0,0,0
0,0,0,0,0,0,0,0,0,0,0,0,0,0,0,0.909155,1,0.9135764,0.8099755,0.7836847,0,0,0,0,0,0,0,0,0,0,0,0,0,0,0,0,0,0,0,0,0,0,0,0,0,0,0.8805109,0.9388052,0.9154264,1,0.991676,0.838822,0.7891631,0,0,0,0,0,0,0,0,0,0,0,0,0,0,0,0,0,0,0,0,0,0,0,0,0,0.708014,0.788785,0.6861224,0.9483762,1,0.851774,0,0.7082857,0,0,0,0,0,0,0,0,0,0,0,0,0,0,0,0,0,0,0,0,0,0,0,0,0,0,0.7458394,0.7754657,0.8509996,1,0.9564365,0,0,0,0,0,0,0,0,0,0,0,0,0,0,0,0,0,0,0,0,0,0,0,0,0,0,0,0,0,0.7942661,0.8967633,0.9906343,1,0,0.7574706,0,0,0,0,0,0,0,0,0,0,0,0,0
0,0,0,0,0,0,0,0,0,0,0,0,0,0,0.7633642,0.9372481,1,0.8989888,0.6940675,0.6448009,0,0,0,0,0,0,0,0,0,0,0,0,0,0,0,0,0,0,0,0,0,0,0,0,0,0,0,0.9080182,1,0.9238903,0.8331611,0.8343689,0.8340759,0,0,0,0,0,0,0,0,0,0,0,0,0,0,0,0,0,0,0,0,0,0,0,0,0,0,0.6530485,0.8200272,0.9671406,1,0.8782049,0.7019521,0,0,0,0,0,0,0,0,0,0,0,0,0,0,0,0,0,0,0,0,0,0,0,0,0,0,0,0,0.7499167,0.771095,1,0.9631135,0.7343614,0,0,0,0,0,0,0,0,0,0,0,0,0,0,0,0,0,0,0,0,0,0,0,0,0,0,0,0,0.6602114,0.7840017,0.9927449,1,0.7946752,0,0,0,0,0,0,0,0,0,0,0,0,0,0
0,0,0,0,0,0,0,0,0,0,0,0,0,0,0,0.8886558,1,0.8884832,0,0,0,0,0,0,0,0,0,0,0,0,0,0,0,0,0,0,0,0,0,0,0,0,0,0,0,0,0,0,0,0,0,0,0,0,0,0,0,0,0,0,0,0,0,0,0,0,0,0,0,0,0,0,0,0,0,0,0,0,0,0,0.7980085,0.932061,1,0.8506824,0,0,0,0,0,0,0,0,0,0,0,0,0,0,0,0,0,0,0,0,0,0,0,0,0,0,0,0,0,0,0.9244695,1,0.9218733,0,0,0,0,0,0,0,0,0,0,0,0,0,0,0,0,0,0,0,0,0,0,0,0,0,0,0,0,0,0,0.904691,0,1,0.9158849,0,0,0,0,0,0,0,0,0,0,0,0,0,0
0,0,0,0,0,0,0,0,0,0,0,0,0,0,0.6441196,0.9371013,1,0.8669738,0,0,0,0,0,0,0,0,0,0,0,0,0,0,0,0,0,0,0,0,0,0,0,0,0,0,0,0,0,0,0.8526288,1,0.9587524,0.7608553,0,0,0,0,0,0,0,0,0,0,0,0,0,0,0,0,0,0,0,0,0,0,0,0,0,0,0,0,0.6552277,0.9518719,1,0.8532491,0,0,0,0,0,0,0,0,0,0,0,0,0,0,0,0,0,0,0,0,0,0,0,0,0,0,0,0,0,0,0.835673,1,0.9460462,0,0,0,0,0,0,0,0,0,0,0,0,0,0,0,0,0,0,0,0,0,0,0,0,0,0,0,0,0,0,0.7706141,0.9945177,1,0.7863898,0,0,0,0,0,0,0,0,0,0,0,0,0,0
