GestureName: p
Duration(ms): 1081
Handedness: right

SpeakerAngles: 5
55
-55
0
0
110

SpeakerElevations: 5
-10
-10
-10
0
30

InterpretedPoints: 23
0.813797681349374,0.703801867273976,0.5
4.05480761227132,5.37085568767642,0.805407289332278
8.10961522454264,12.3911078075716,1.2635182233307
0,0,0
5.66822218049452,5.1955539037858,0.631759111665348
-1.60632417098542,-0.00597794410468638,0.847296355333861
-5.67531257773229,-16.6628993904267,0.431074487337025
-7.30290794043104,-19.0553108779869,-0.395277334996045
-8.91632250865424,-16.0553108779869,-0.395277334996045
-8.10252482730486,-11.267360708749,-0.763518223330696
1.62759536269875,-6.54681952448867,1.52094453300079
0.0141807944755501,1.5373287774752,0.652703644666139
4.89696688257179,7.95882107902238,2.2635182233307
4.88278608809624,7.56640959146222,1.43716640099763
4.06898840674687,9.87779997117604,1.11081457866456
1.63468575993652,9.90533371516446,0.284462756331487
0,0,0
0,0,0
0,0,0
0,0,0
0,0,0
0,0,0
0,0,0

StrokePoints: 24
0,0,0
0.813797681349374,0.703801867273976,0.5
4.86860529362069,6.0746575549504,1.30540728933228
12.9782205181633,18.465765362522,2.56892551266297
12.9782205181633,18.465765362522,2.56892551266297
18.6464426986578,23.6613192663078,3.20068462432832
17.0401185276724,23.6553413222031,4.04798097966218
11.3648059499401,6.99244193177639,4.47905546699921
4.0618980095091,-12.0628689462105,4.08377813200316
-4.85442449914514,-28.1181798241974,3.68850079700712
-12.95694932645,-39.3855405329464,2.92498257367642
-11.3293539637513,-45.9323600574351,4.44592710667721
-11.3151731692757,-44.3950312799599,5.09863075134335
-6.41820628670391,-36.4362102009375,7.36214897467405
-1.53542019860767,-28.8698006094753,8.79931537567168
2.5335682081392,-18.9920006382992,9.91012995433623
4.16825396807572,-9.08666692313478,10.1945927106677
4.16825396807572,-9.08666692313478,10.1945927106677
4.16825396807572,-9.08666692313478,10.1945927106677
4.16825396807572,-9.08666692313478,10.1945927106677
4.16825396807572,-9.08666692313478,10.1945927106677
4.16825396807572,-9.08666692313478,10.1945927106677
4.16825396807572,-9.08666692313478,10.1945927106677
4.16825396807572,-9.08666692313478,10.1945927106677

Velocities: 23
0,0,0
3,1,0
4,0,6
0,0,0
3,-1,3
-3,0,1
-5,-2,-7
-5,-2,-8
-6,-1,-8
-5,0,-5
0,0,-3
0,2,0
2,4,4
3,3,3
3,3,2
2,3,2
0,0,0
0,0,0
0,0,0
0,0,0
0,0,0
0,0,0
0,0,0

InverseVelocities: 23
0,0,0
0,0,0
0,0,0
0,0,0
0,0,-2
0,0,-3
0,0,0
0,0,0
0,0,0
0,0,0
0,0,0
0,0,0
0,0,0
0,0,0
0,0,0
0,-1,-1
0,0,0
0,0,0
0,0,0
0,0,0
0,0,0
0,0,0
0,0,0

RawData: 23
0,0,0,0,0,0,0,0,0,0,0,0,0,0,0,0.8888194,1,0.9071776,0.8215073,0.8013017,0,0,0,0,0,0,0,0,0,0,0,0,0,0,0,0,0,0,0,0,0,0,0,0,0,0,0,0,0,0.9401111,1,0.9480386,0.7380956,0,0,0,0,0,0,0,0,0,0,0,0,0,0,0,0,0,0,0,0,0,0,0,0,0,0,0,0,0.9336431,1,0.9095303,0,0,0,0,0,0,0,0,0,0,0,0,0,0,0,0,0,0,0,0,0,0,0,0,0,0,0,0,0,0,0.8350993,1,0.9700345,0.8623268,0.8393703,0.735002,0,0,0,0,0,0,0,0,0,0,0,0,0,0,0,0,0,0,0,0,0,0,0,0,0,0,0,0,0.8976824,1,0.9100837,0.7683635,0.7016769,0,0,0,0,0,0,0,0,0,0,0,0
0,0,0,0,0,0,0,0,0,0,0,0,0,0,0,0.8911673,1,0.9194751,0.7750134,0.8761876,0.882667,0.8137099,0.7119785,0,0,0,0,0,0,0,0,0,0,0,0,0,0,0,0,0,0,0,0,0,0,0,0,0,0.7911057,0.8390191,0.9473144,1,0.9550307,0.8248596,0,0,0,0,0,0,0,0,0,0,0,0,0,0,0,0,0,0,0,0,0,0,0,0,0,0,0.7197758,0.8980981,1,0.7372102,0.8961251,0.7806862,0,0,0,0,0,0,0,0,0,0,0,0,0,0,0,0,0,0,0,0,0,0,0,0,0,0,0,0,0.8443763,1,0.971542,0.8561016,0.8046687,0.7196073,0.8093576,0.7735246,0.6613399,0,0,0,0,0,0,0,0,0,0,0,0,0,0,0,0,0,0,0,0,0,0,0,0,0.67746,0.9054483,1,0.8832278,0.8665532,0.8497058,0.8481102,0.7637216,0,0,0,0,0,0,0,0,0,0
0,0,0,0,0,0,0,0,0,0,0,0,0,0,0.7369169,0.9207358,1,0.8788188,0.7156926,0.7711765,0.8335548,0.8237961,0.746208,0.7462175,0,0,0,0,0,0,0,0,0,0,0,0,0,0,0,0,0,0,0,0,0,0,0,0.9129096,0.9309767,1,0.9760756,0.8723356,0.9754158,0,0,0,0,0,0,0,0,0,0,0,0,0,0,0,0,0,0,0,0,0,0,0,0,0,0,0,0.710009,0.9301273,1,0.8869046,0.8205016,0.8139715,0.8061184,0.7889276,0.7750573,0.8111253,0.7923505,0.7029253,0,0,0,0,0,0,0,0,0,0,0,0,0,0,0,0,0,0,0,0,0,0,0.8589959,1,0.9730179,0.8083081,0,0,0.7590525,0.8227158,0.8481049,0.834446,0.7066981,0,0,0,0,0,0,0,0,0,0,0,0,0,0,0,0,0,0,0,0,0,0.755345,0.8771254,0.9713812,1,0.865698,0.8414537,0.7603356,0.844251,0.9031462,0.8861431,0.8448459,0.7926519,0,0,0,0,0,0,0
0,0,0,0,0,0,0,0,0,0,0,0,0,0,0,0,0,0,0,0,0,0,0,0,0,0,0,0,0,0,0,0,0,0,0,0,0,0,0,0,0,0,0,0,0,0,0,0,0,0,0,0,0,0,0,0,0,0,0,0,0,0,0,0,0,0,0,0,0,0,0,0,0,0,0,0,0,0,0,0,0,0,0,0,0,0,0,0,0,0,0,0,0,0,0,0,0,0,0,0,0,0,0,0,0,0,0,0,0,0,0,0,0,0,0,0,0,0,0,0,0,0,0,0,0,0,0,0,0,0,0,0,0,0,0,0,0,0,0,0,0,0,0,0,0,0,0,0,0,0,0,0,0,0,0,0,0,0,0,0,0,0,0,0,0
0,0,0,0,0,0,0,0,0,0,0,0,0,0,0,0.898402,1,0.9094708,0.8252384,0.7925931,0.8830765,0.8423083,0.715765,0,0,0,0,0,0,0,0,0,0,0,0,0,0,0,0,0,0,0,0,0,0,0.8528141,0.8938784,0,0.888359,1,0.945398,0,0,0,0,0,0,0,0,0,0,0,0,0,0,0,0,0,0,0,0,0,0,0,0,0,0,0.7301506,0.7234687,0.7043497,0.8126477,0.9048615,1,0.9090753,0.8375961,0.8606358,0.8206108,0.7790448,0.6815277,0,0,0,0,0,0,0,0,0,0,0,0,0,0,0,0,0,0,0,0,0,0,0,0.7067828,0.7798272,0.8505324,1,0.9612689,0.8164383,0.8460734,0.8524557,0.7685786,0,0,0,0,0,0,0,0,0,0,0,0,0,0,0,0,0,0,0,0,0,0,0,0,0.8904222,0.9056706,0.865225,0,0.9409107,0.9311417,1,0.9217994,0.9508441,0.8391424,0,0,0,0,0,0,0,0,0,0
0,0,0,0,0,0,0,0,0,0,0.7132329,0.7524709,0.759261,0.8082505,0.8059506,0.9147103,1,0.9440724,0.8674924,0.8038242,0,0,0,0,0,0,0,0,0,0,0,0,0,0,0,0,0,0,0,0,0,0,0,0,0,0,0,0.8479539,0.8972412,1,0.9751042,0.8332089,0,0,0,0,0,0,0,0,0,0,0,0,0,0,0,0,0,0,0,0,0,0,0,0,0.6958596,0.8138947,0.8194242,0.7602924,0.8871155,0.9707753,1,0.899494,0.7780612,0.7679431,0.6649411,0,0,0,0,0,0,0,0,0,0,0,0,0,0,0,0,0,0,0,0,0,0,0,0,0.8261314,0.8162931,0.7630736,0.8403265,0.989597,1,0.8781238,0.8078175,0.6925011,0,0,0,0,0,0,0,0,0,0,0,0,0,0,0,0,0,0,0,0,0,0,0,0.7785221,0.8501235,0,0.8654783,0.9396808,0.9820662,1,0.8879806,0.8875313,0.7782112,0,0,0,0,0,0,0,0,0,0,0,0
0,0,0,0,0,0,0,0,0.7739487,0.7620037,0.7343236,0,0.7352784,0.8843925,0.9219833,0.9395552,1,0.8964105,0.725686,0,0,0,0,0,0,0,0,0,0,0,0,0,0,0,0,0,0,0,0,0,0,0,0,0,0.877323,0.9418877,0.9552577,0.8743579,0.9986669,0.8639748,1,0.9350173,0.8783389,0,0,0,0,0,0,0,0,0,0,0,0,0,0,0,0,0,0,0,0.7092444,0.7428443,0,0.8078467,0.8187479,0.8070572,0.9053379,0.9177088,0.8993202,0.9208962,1,0.9190588,0,0.7095224,0,0,0,0,0,0,0,0,0,0,0,0,0,0,0,0,0,0,0,0.7003633,0.742633,0.6888248,0.737714,0.8944954,0.8983314,0.9368308,1,0.9808853,0.930894,0.9801838,0.9289655,0.6977834,0.7084013,0,0,0,0,0,0,0,0,0,0,0,0,0,0,0,0,0,0,0,0,0,0,0.8137514,0.8178778,0.7390081,0.9108729,0.9596271,0.9793889,0.918273,0.9362824,1,0.8901922,0,0,0,0,0,0,0,0,0,0,0,0,0,0
0,0,0,0,0,0,0,0,0.8512416,0.7676113,0.7923538,0.8273463,0.8172607,0.8688607,0.8389338,0.9282992,1,0.9241865,0,0,0,0,0,0,0,0,0,0,0,0,0,0,0,0,0,0,0,0,0,0,0,0,0,0,0.834139,0.9487267,1,0.9620916,0.9343804,0.9606139,0.8616374,0.9366448,0.8243515,0,0,0,0,0,0,0,0,0,0,0,0,0,0,0,0,0,0,0.7271116,0.7262944,0,0.7451112,0.8551862,0.8854642,0.9028677,0.9299868,0.956445,0.9129825,0.9504638,1,0.8766288,0.7566442,0,0,0,0,0,0,0,0,0,0,0,0,0,0,0,0,0,0,0.7306736,0.754544,0.8089002,0.8992583,0.9112167,0.916245,0.9374182,0.9529673,0.9463912,1,0.9934094,0.9272962,0.9695162,0.9338958,0.8235922,0.7212471,0,0,0,0,0,0,0,0,0,0,0,0,0,0,0,0,0,0,0,0,0.7232512,0.7704246,0.8323947,0.8958279,0.8376505,0.9153599,0.9374281,0.9617834,0.908928,0.922662,1,0.925558,0.8177977,0.7443917,0,0,0,0,0,0,0,0,0,0,0,0
0,0,0,0,0,0,0,0.7636831,0.8685984,0.8489548,0,0.7085574,0.8138845,0.842478,0,0.8995655,1,0.9130006,0,0,0,0,0,0,0,0,0,0,0,0,0,0,0,0,0,0,0,0,0,0,0,0,0,0,0,0.8242932,0.818886,0.8026108,0.9490233,1,0.9649035,0.8322086,0,0,0,0,0,0,0,0,0,0,0,0,0,0,0,0,0,0,0,0.6771777,0.6738953,0.7940891,0.8702873,0.8519133,0.7979785,0.8186091,0.7688183,0.7399659,0.7895514,0.9182826,1,0.9024743,0.7666251,0,0,0,0,0,0,0,0,0,0,0,0,0,0,0,0,0,0,0,0,0,0.8722161,0.9649201,0.9309018,0.7376311,0.9209984,0.8635923,0.8151755,0.8326362,0.7989825,1,0.979863,0.857234,0.7463163,0,0,0,0,0,0,0,0,0,0,0,0,0,0,0,0,0,0,0,0,0.7662987,0.8626001,0.874303,0.8316881,0.8501701,0.8586521,0.7083882,0.7414975,0.7884238,0.9284489,1,0.8967427,0.8431963,0,0,0,0,0,0,0,0,0,0,0,0,0
0,0,0,0,0,0,0,0,0.6995102,0.7974809,0.8300244,0.7902791,0,0.7648753,0.7410136,0.9152122,1,0.91148,0,0,0,0,0,0,0,0,0,0,0,0,0,0,0,0,0,0,0,0,0,0,0,0,0,0,0,0,0.8074297,0.8869052,0.9051194,1,0.8986498,0.797156,0,0,0,0,0,0,0,0,0,0,0,0,0,0,0,0,0,0,0,0,0,0,0.74409,0.7974631,0.740545,0.7742347,0.80486,0.742578,0.8072561,0.9529318,1,0.9159408,0,0,0,0,0,0,0,0,0,0,0,0,0,0,0,0,0,0,0,0,0,0,0,0.8576303,0.918151,0.8775334,0.7624407,0.8429815,0.8009521,0.8698785,0,1,0.9734475,0.8363807,0.7244027,0,0,0,0,0,0,0,0,0,0,0,0,0,0,0,0,0,0,0,0,0,0.7484709,0.8521085,0.8776722,0.8899849,0.9073045,0.9011379,0.7993454,0.789442,0.991974,1,0,0.7730824,0.7415309,0,0,0,0,0,0,0,0,0,0,0,0
0,0,0,0,0,0,0,0,0,0,0,0,0,0,0.7090907,0.935802,1,0.8881644,0,0,0,0,0,0,0,0,0,0,0,0,0,0,0,0,0,0,0,0,0,0,0,0,0,0,0,0,0,0,0,0.9500581,1,0.9564616,0.8169766,0,0,0,0,0,0,0,0,0,0,0,0,0,0,0,0,0,0,0,0,0,0,0,0.7019938,0.7225305,0.7074875,0.7090041,0.7557095,0.9781683,1,0.8080817,0.8384391,0,0,0,0,0,0,0,0,0,0,0,0,0,0,0,0,0,0,0,0,0,0,0,0,0.6846163,0.7211628,0.7973226,0.8785707,0.9198271,0.7766942,1,0.9816487,0.9165002,0.8208795,0,0,0,0,0,0,0,0,0,0,0,0,0,0,0,0,0,0,0,0,0,0,0,0,0,0,0.748123,0.8270541,0.8355145,0.9851108,1,0.8971469,0.9684172,0.8927932,0.7579379,0,0,0,0,0,0,0,0,0,0,0
0,0,0,0,0,0,0,0,0,0,0,0,0,0,0,0.9199895,1,0.8958697,0.7661564,0.7330816,0,0,0,0,0,0,0,0,0,0,0,0,0,0,0,0,0,0,0,0,0,0,0,0,0,0,0,0,0,0.9765369,0.9843689,1,0.950244,0.8645338,0.887069,0,0,0,0,0,0,0,0,0,0,0,0,0,0,0,0,0,0,0,0,0,0,0,0,0,0,0.9431704,1,0.8196163,0.8472686,0.7489645,0,0,0,0,0,0,0,0,0,0,0,0,0,0,0,0,0,0,0,0,0,0,0,0,0,0,0,0.720796,0.8305897,1,0.9908577,0.9535339,0.8867951,0.7675357,0,0,0,0,0,0,0,0,0,0,0,0,0,0,0,0,0,0,0,0,0,0,0,0,0,0,0,0.7847601,0.9577979,1,0.9347296,0.8771461,0.8238643,0.8275895,0,0,0,0,0,0,0,0,0,0,0
0,0,0,0,0,0,0,0,0,0,0,0,0,0,0.680985,0.9349142,1,0.8843991,0.7480099,0.8177007,0.8061663,0.6976416,0,0,0,0,0,0,0,0,0,0,0,0,0,0,0,0,0,0,0,0,0,0,0,0,0,0,0.8158057,0.9550761,0.9480312,0.9789256,1,0.9184816,0,0.881116,0.836603,0,0,0,0,0,0,0,0,0,0,0,0,0,0,0,0,0,0,0,0,0,0,0,0.7377319,0.9495146,1,0.8686321,0.7141458,0,0,0.6926283,0.6861608,0.6406243,0,0,0,0,0,0,0,0,0,0,0,0,0,0,0,0,0,0,0,0,0,0,0,0.6546065,0.8992135,1,0.9001431,0.7133954,0.7187438,0.7785919,0.7812222,0.7562071,0,0,0,0,0,0,0,0,0,0,0,0,0,0,0,0,0,0,0,0,0,0,0,0,0,0,0.9560772,1,0.7561075,0.7729063,0.8905848,0.9114074,0.8416902,0.8350596,0.7463909,0.7250199,0.7664804,0.7071285,0,0,0,0,0
0,0,0,0,0,0,0,0,0,0,0,0,0,0,0,0.9044012,1,0.9363286,0.8662656,0,0.7897108,0.8236415,0.7734978,0,0,0,0,0,0,0,0,0,0,0,0,0,0,0,0,0,0,0,0,0,0,0,0,0,0.810142,0.9332899,0.8781931,0.9500712,1,0.944064,0.9191138,0.9173398,0,0,0,0,0,0,0,0,0,0,0,0,0,0,0,0,0,0,0,0,0,0,0,0,0,0.9332976,1,0.887666,0.8969692,0.8954965,0.8382376,0.8360081,0.7809366,0,0,0,0,0,0,0,0,0,0,0,0,0,0,0,0,0,0,0,0,0,0,0,0,0,0.8599198,1,0.9519488,0.770921,0.8410739,0.7920109,0.7259561,0.7417004,0,0,0,0,0,0,0,0,0,0,0,0,0,0,0,0,0,0,0,0,0,0,0,0,0,0.764707,0.9642544,1,0.9034179,0.879883,0.9138627,0.898868,0.860929,0.842529,0.8341016,0.7951313,0,0,0,0,0,0,0
0,0,0,0,0,0,0,0,0,0,0,0,0,0,0,0.9261605,1,0.9118225,0.8049476,0.8022324,0.712157,0.7166523,0.7821316,0,0,0,0,0,0,0,0,0,0,0,0,0,0,0,0,0,0,0,0,0,0,0,0,0,0,0.9222695,1,0.9898044,0,0.9177406,0.8475975,0.9279656,0,0,0,0,0,0,0,0,0,0,0,0,0,0,0,0,0,0,0,0,0,0,0,0,0.7795721,0.9648581,1,0.8481703,0.8617218,0.8420623,0.7959156,0.7701533,0,0,0,0,0,0,0,0,0,0,0,0,0,0,0,0,0,0,0,0,0,0,0,0,0,0,0.8329696,1,0.9644671,0.7705328,0.7918708,0.835331,0.7618756,0,0.7893322,0.7929476,0.7391784,0,0,0,0,0,0,0,0,0,0,0,0,0,0,0,0,0,0,0,0,0.7714733,0.8280654,0.8370506,0.9791923,1,0.96817,0.9286874,0.8957243,0.8300881,0,0.8131358,0.8377505,0,0,0,0,0,0,0,0
0,0,0,0,0,0,0,0,0,0,0,0,0,0,0,0.9429152,1,0.8501065,0.6562476,0,0.698697,0.7234894,0,0,0,0,0,0,0,0,0,0,0,0,0,0,0,0,0,0,0,0,0,0,0,0.912163,1,0.9729149,0.9219038,0.9970021,0,0.9369527,0.9673229,0.9155747,0.9101174,0.8649114,0,0,0,0,0,0,0,0,0,0,0,0,0,0,0,0,0,0,0,0,0,0,0.686679,0.7061327,0.6959494,0.9385721,1,0.896111,0.7391507,0.7953207,0.7457391,0.6364706,0,0,0,0,0,0,0,0,0,0,0,0,0,0,0,0,0,0,0,0,0,0,0,0,0.6760712,0.7412471,0.8854955,1,0.9515185,0.8169301,0.8210288,0.7687772,0,0.6717886,0.6471232,0,0.6303065,0,0,0,0,0,0,0,0,0,0,0,0,0,0,0,0,0,0,0,0,0.8042725,0.7871422,0.8142607,0.9653296,1,0.8920485,0.8081807,0,0.7244354,0.7416346,0,0,0,0,0,0,0,0,0,0
0,0,0,0,0,0,0,0,0,0,0,0,0,0,0,0.9069481,1,0.901273,0,0,0,0,0,0,0,0,0,0,0,0,0,0,0,0,0,0,0,0,0,0,0,0,0,0,0,0,0.8775645,0.9871941,1,0.9648201,0.9973622,0.9703239,0.8791969,0,0,0,0,0,0,0,0,0,0,0,0,0,0,0,0,0,0,0,0,0,0,0,0,0,0,0.7565797,0.7769517,0.9643489,1,0.8458733,0.7091407,0,0,0,0,0,0,0,0,0,0,0,0,0,0,0,0,0,0,0,0,0,0,0,0,0,0,0,0.7176259,0.7837,0.8828882,1,0.952665,0.7300702,0,0,0,0,0,0,0,0,0,0,0,0,0,0,0,0,0,0,0,0,0,0,0,0,0,0,0,0,0.8674068,0.862213,0.9495788,1,0.7997953,0,0,0,0,0,0,0,0,0,0,0,0,0,0
0,0,0,0,0,0,0,0,0,0,0,0,0,0,0.8423438,0.945774,1,0.9284921,0,0,0,0,0,0,0,0,0,0,0,0,0,0,0,0,0,0,0,0,0,0,0,0,0,0,0,0,0,0,1,0.9346245,0,0,0,0,0,0,0,0,0,0,0,0,0,0,0,0,0,0,0,0,0,0,0,0,0,0,0,0,0,0,0,0.9478202,1,0.8790553,0,0,0,0,0,0,0,0,0,0,0,0,0,0,0,0,0,0,0,0,0,0,0,0,0,0,0,0,0,0,0.912869,1,0.9560164,0,0,0,0,0,0,0,0,0,0,0,0,0,0,0,0,0,0,0,0,0,0,0,0,0,0,0,0,0,0,0,0.9691442,1,0.9194347,0,0,0,0,0,0,0,0,0,0,0,0,0,0
0,0,0,0,0,0,0,0,0,0,0,0,0,0,0,0.8992313,1,0.9085913,0,0,0,0,0,0,0,0,0,0,0,0,0,0,0,0,0,0,0,0,0,0,0,0,0,0,0,0,0,0,0.9367603,1,0.8792955,0,0,0,0,0,0,0,0,0,0,0,0,0,0,0,0,0,0,0,0,0,0,0,0,0,0,0,0,0,0.7273123,0.9589986,1,0.8749015,0,0,0,0,0,0,0,0,0,0,0,0,0,0,0,0,0,0,0,0,0,0,0,0,0,0,0,0,0,0,0.8561457,1,0.9584428,0.6951579,0,0,0,0,0,0,0,0,0,0,0,0,0,0,0,0,0,0,0,0,0,0,0,0,0,0,0,0,0,0.8667521,1,0.9856885,0.8271123,0,0,0,0,0,0,0,0,0,0,0,0,0,0
0,0,0,0,0,0,0,0,0,0,0,0,0,0,0,0.9126971,1,0.8879039,0,0,0,0,0,0,0,0,0,0,0,0,0,0,0,0,0,0,0,0,0,0,0,0,0,0,0,0,0,0,0.876101,1,0.9250992,0,0,0,0,0,0,0,0,0,0,0,0,0,0,0,0,0,0,0,0,0,0,0,0,0,0,0,0,0,0.6935003,0.958665,1,0.8580316,0,0,0,0,0,0,0,0,0,0,0,0,0,0,0,0,0,0,0,0,0,0,0,0,0,0,0,0,0,0,0.8774512,1,0.9479636,0.6281366,0,0,0,0,0,0,0,0,0,0,0,0,0,0,0,0,0,0,0,0,0,0,0,0,0,0,0,0,0,0.9104754,1,0.8091331,0.8671427,0,0,0,0,0,0,0,0,0,0,0,0,0,0
0,0,0,0,0,0,0,0,0,0,0,0,0,0,0,0.9678317,1,0.8278953,0,0,0,0,0,0,0,0,0,0,0,0,0,0,0,0,0,0,0,0,0,0,0,0,0,0,0,0,0,0,0.8879285,1,0.9485642,0,0,0,0,0,0,0,0,0,0,0,0,0,0,0,0,0,0,0,0,0,0,0,0,0,0,0,0,0,0,0.9532023,1,0.8745633,0,0,0,0,0,0,0,0,0,0,0,0,0,0,0,0,0,0,0,0,0,0,0,0,0,0,0,0,0,0,0.8932301,1,0.958266,0.7045997,0,0,0,0,0,0,0,0,0,0,0,0,0,0,0,0,0,0,0,0,0,0,0,0,0,0,0,0,0,0.8357561,1,0.9840806,0,0,0,0,0,0,0,0,0,0,0,0,0,0,0
0,0,0,0,0,0,0,0,0,0,0,0,0,0,0,0.9318535,1,0.9013474,0,0,0,0,0,0,0,0,0,0,0,0,0,0,0,0,0,0,0,0,0,0,0,0,0,0,0,0,0,0.7123718,0.8697668,1,0.9641263,0.7463531,0,0,0,0,0,0,0,0,0,0,0,0,0,0,0,0,0,0,0,0,0,0,0,0,0,0,0,0,0.7251179,0.9483238,1,0.8815002,0,0,0,0,0,0,0,0,0,0,0,0,0,0,0,0,0,0,0,0,0,0,0,0,0,0,0,0,0,0.6959746,0.8809476,1,0.9522305,0,0,0,0,0,0,0,0,0,0,0,0,0,0,0,0,0,0,0,0,0,0,0,0,0,0,0,0,0,0,0.8383203,1,0.9778952,0.7897812,0,0,0,0,0,0,0,0,0,0,0,0,0,0
0,0,0,0,0,0,0,0,0,0,0,0,0,0,0,0.9090779,1,0.9137248,0,0,0,0,0,0,0,0,0,0,0,0,0,0,0,0,0,0,0,0,0,0,0,0,0,0,0,0,0,0,0.8494325,1,0.9769058,0.7261119,0,0,0,0,0,0,0,0,0,0,0,0,0,0,0,0,0,0,0,0,0,0,0,0,0,0,0,0,0.7341319,0.9439021,1,0.8860975,0,0,0,0,0,0,0,0,0,0,0,0,0,0,0,0,0,0,0,0,0,0,0,0,0,0,0,0,0,0.7128957,0.8593389,1,0.9628852,0,0,0,0,0,0,0,0,0,0,0,0,0,0,0,0,0,0,0,0,0,0,0,0,0,0,0,0,0,0,0.7586604,0.9806243,1,0.83561,0,0,0,0,0,0,0,0,0,0,0,0,0,0
