GestureName: q
Duration(ms): 1222
Handedness: right

SpeakerAngles: 5
55
-55
0
0
110

SpeakerElevations: 5
-10
-10
-10
0
30

InterpretedPoints: 26
0,0,0
0,0,0
0,0,0
0,0,0
0.813797681349374,-0.296198132726024,0.5
0.835068873062699,-3.45982047253764,1.82635182233307
-3.21264834197084,-8.54681952448867,1.52094453300079
-5.66822218049452,-10.2948944527375,0.0628335990023732
-3.23391953368417,-9.33762044371368,0.715537243668512
-1.64886655441207,-10.2521684617612,-0.589870045663766
-3.26937151987305,-14.6505578934261,-0.568925512662975
-0.827978475824924,-6.1955539037858,-0.631759111665348
-0.820888078587149,0.0123414970006321,-1
4.87569569085847,9.28255295573683,0.937166400997627
4.88278608809624,13.6657501404139,0.742573690329905
5.69658376944562,19.5986175995668,0.200684624328323
1.64886655441207,14.5420030415913,0.242573690329905
0.00709039723777505,2.39838943166485,-0.0209445330007911
5.68949337220784,13.1008876189503,0.916221867996835
2.42721224957257,0.848719157189015,0.32635182233307
0,0,0
0,0,0
0,0,0
0,0,0
0,0,0
0,0,0

StrokePoints: 27
0,0,0
0,0,0
0,0,0
0,0,0
0,0,0
0.813797681349374,-0.296198132726024,0.5
1.64886655441207,-3.75601860526366,2.32635182233307
-1.56378178755877,-12.3028381297523,3.84729635533386
-7.23200396805329,-22.5977325824898,3.91012995433623
-10.4659235017375,-31.9353530262035,4.62566719800475
-12.1147900561495,-42.1875214879647,4.03579715234098
-15.3841615760226,-56.8380793813908,3.466871639678
-16.2121400518475,-63.0336332851766,2.83511252801266
-17.0330281304346,-63.021291788176,1.83511252801266
-12.1573324395762,-53.7387388324392,2.77227892901028
-7.27454635147994,-40.0729886920253,3.51485261934019
-1.57796258203432,-20.4743710924585,3.71553724366851
0.0709039723777507,-5.93236805086717,3.95811093399842
0.0779943696155257,-3.53397861920232,3.93716640099763
5.76748774182337,9.56690899974794,4.85338826899446
8.19469999139594,10.415628156937,5.17974009132753
8.19469999139594,10.415628156937,5.17974009132753
8.19469999139594,10.415628156937,5.17974009132753
8.19469999139594,10.415628156937,5.17974009132753
8.19469999139594,10.415628156937,5.17974009132753
8.19469999139594,10.415628156937,5.17974009132753
8.19469999139594,10.415628156937,5.17974009132753

Velocities: 26
0,0,0
0,0,0
0,0,0
0,0,0
0,0,0
0,3,-2
-3,3,-3
-4,0,-5
-3,0,-4
-1,-4,-6
-3,-5,-6
0,-2,-3
0,-1,1
3,2,4
4,4,5
6,6,7
3,6,4
1,2,0
4,3,5
2,0,-1
0,0,0
0,0,0
0,0,0
0,0,0
0,0,0
0,0,0

InverseVelocities: 26
0,0,0
0,0,0
0,0,0
0,0,0
0,0,0
0,0,0
0,0,2
0,0,0
0,0,0
0,0,0
0,0,0
0,0,0
0,0,0
0,0,0
0,0,0
0,0,0
0,0,0
0,0,0
-1,-2,-1
0,0,0
0,0,0
0,0,0
0,0,0
0,0,0
0,0,0
0,0,0

RawData: 26
0,0,0,0,0,0,0,0,0,0,0,0,0,0,0,0.9010218,1,0.9198164,0,0,0,0,0,0,0,0,0,0,0,0,0,0,0,0,0,0,0,0,0,0,0,0,0,0,0,0,0,0,0.8157122,0.9895087,1,0.8482092,0,0,0,0,0,0,0,0,0,0,0,0,0,0,0,0,0,0,0,0,0,0,0,0,0,0,0,0,0,0.9591094,1,0.8423805,0.6544152,0,0,0,0,0,0,0,0,0,0,0,0,0,0,0,0,0,0,0,0,0,0,0,0,0,0,0,0,0,0.8795258,1,0.9590304,0.6885644,0,0,0,0,0,0,0,0,0,0,0,0,0,0,0,0,0,0,0,0,0,0,0,0,0,0,0,0,0,0,0.931457,1,0.8985506,0,0,0,0,0,0,0,0,0,0,0,0,0,0
0,0,0,0,0,0,0,0,0,0,0,0,0,0,0,0.9308011,1,0.8809906,0.7275422,0,0,0,0,0,0,0,0,0,0,0,0,0,0,0,0,0,0,0,0,0,0,0,0,0,0,0,0,0,0.8570158,0.9778029,1,0.9096524,0,0,0,0,0,0,0,0,0,0,0,0,0,0,0,0,0,0,0,0,0,0,0,0,0,0,0,0,0.7009246,0.9491792,1,0.8932472,0.6683266,0,0,0,0,0,0,0,0,0,0,0,0,0,0,0,0,0,0,0,0,0,0,0,0,0,0,0,0,0.6530542,0.9070045,1,0.9085425,0.7691524,0,0,0,0,0,0,0,0,0,0,0,0,0,0,0,0,0,0,0,0,0,0,0,0,0,0,0,0,0,0.709359,0.9400712,1,0.8799881,0,0,0,0,0,0,0,0,0,0,0,0,0,0
0,0,0,0,0,0,0,0,0,0,0,0,0,0,0,0.9338728,1,0.8888872,0,0,0,0,0,0,0,0,0,0,0,0,0,0,0,0,0,0,0,0,0,0,0,0,0,0,0,0,0,0,0.8133764,1,0.9688062,0,0,0,0,0,0,0,0,0,0,0,0,0,0,0,0,0,0,0,0,0,0,0,0,0,0,0,0,0,0,0.9622437,1,0.7913637,0,0,0,0,0,0,0,0,0,0,0,0,0,0,0,0,0,0,0,0,0,0,0,0,0,0,0,0,0,0,0.8877025,1,0.9428394,0.7143678,0,0,0,0,0,0,0,0,0,0,0,0,0,0,0,0,0,0,0,0,0,0,0,0,0,0,0,0,0,0,0.9320483,1,0.8951306,0,0,0,0,0,0,0,0,0,0,0,0,0,0
0,0,0,0,0,0,0,0,0,0,0,0,0,0,0,0.9162529,1,0.9096976,0,0,0,0,0,0,0,0,0,0,0,0,0,0,0,0,0,0,0,0,0,0,0,0,0,0,0,0,0,0,0.7781407,0.9895528,1,0.8615077,0,0,0,0,0,0,0,0,0,0,0,0,0,0,0,0,0,0,0,0,0,0,0,0,0,0,0,0,0,0.9407321,1,0.9134163,0.7104108,0,0,0,0,0,0,0,0,0,0,0,0,0,0,0,0,0,0,0,0,0,0,0,0,0,0,0,0,0,0.8695732,1,0.9539149,0.7895881,0,0,0,0,0,0,0,0,0,0,0,0,0,0,0,0,0,0,0,0,0,0,0,0,0,0,0,0,0,0.7357452,1,0.9743964,0.8717463,0.7575809,0,0,0,0,0,0,0,0,0,0,0,0,0
0,0,0,0,0,0,0,0,0,0,0,0,0,0,0,0.9445245,1,0.9026682,0,0,0,0,0,0,0,0,0,0,0,0,0,0,0,0,0,0,0,0,0,0,0,0,0,0,0,0,0,0,0.7962421,0.9742344,1,0.936346,0,0,0,0,0,0,0,0,0,0,0,0,0,0,0,0,0,0,0,0,0,0,0,0,0,0,0,0,0.7249187,0.9568752,1,0.8834484,0.8543618,0.7581248,0,0,0,0,0,0,0,0,0,0,0,0,0,0,0,0,0,0,0,0,0,0,0,0,0,0,0,0,0.8833284,1,0.9576275,0.8505795,0.7659256,0,0,0,0,0,0,0,0,0,0,0,0,0,0,0,0,0,0,0,0,0,0,0,0,0,0,0,0,0.7905361,0.9773198,1,0.8672449,0.8151225,0.7431343,0,0,0,0,0,0,0,0,0,0,0,0
0,0,0,0,0,0,0,0,0,0,0,0,0,0.6992888,0.8278754,0.8111635,1,0.91417,0,0,0,0,0,0,0,0,0,0,0,0,0,0,0,0,0,0,0,0,0,0,0,0,0,0,0,0,0,0.7858629,0.8233708,0.9741922,1,0.9748452,0.8365665,0.8480689,0.8813217,0.7783725,0,0,0,0,0,0,0,0,0,0,0,0,0,0,0,0,0,0,0,0,0,0.6553094,0.7180317,0.6822791,0.7304623,0.9464957,1,0.828931,0.8419957,0.7601604,0,0,0,0,0,0,0,0,0,0,0,0,0,0,0,0,0,0,0,0,0,0,0,0,0.655853,0.7339496,0.7347135,0.7405329,0.8074952,1,0.9655671,0.8161027,0.7640114,0.657009,0,0,0,0,0,0,0,0,0,0,0,0,0,0,0,0,0,0,0,0,0,0,0,0,0.6601675,0.7375106,0.8019083,0.865864,1,0.965001,0.7987587,0.8536282,0.718928,0.7750855,0.7445225,0.6695942,0,0,0,0,0,0,0,0,0
0,0,0,0,0,0,0,0,0,0,0.6977378,0.7555696,0.835439,0.8306856,0.7732698,0.9478284,1,0.8418689,0.6915421,0,0,0,0,0,0,0,0,0,0,0,0,0,0,0,0,0,0,0,0,0,0,0,0,0,0,0,0,0.7079525,0.8765169,0.9667462,1,0.8947874,0,0.7468048,0.7920505,0.7233812,0,0,0,0,0,0,0,0,0,0,0,0,0,0,0,0,0,0,0,0,0.6083028,0.6127291,0.7776007,0.7771019,0.7305567,0.9358617,1,0.8914983,0.7556395,0.7793529,0.7518384,0.6213227,0,0,0,0,0,0,0,0,0,0,0,0,0,0,0,0,0,0,0,0.6660838,0.662308,0,0,0.7791698,0.8044783,0.7941101,0.9095029,1,0.9201868,0.8098009,0.7595463,0.7496724,0.6707572,0,0,0,0,0,0,0,0,0,0,0,0,0,0,0,0,0,0,0,0,0.7829439,0.8500985,0.8523668,0.7959321,0.7631631,0.8139727,0.9404857,0.976993,1,0.9021056,0.9482376,0.8963052,0.8069547,0,0,0,0,0,0,0,0,0,0,0
0,0,0,0,0,0,0,0,0,0.7285884,0.7677518,0.7704729,0.7885172,0,0,0.9089771,1,0.8890309,0,0,0,0,0,0,0,0,0,0,0,0,0,0,0,0,0,0,0,0,0,0,0,0,0,0,0,0,0.8225225,0.8682519,0.9605045,1,0.855491,0.8524872,0.7617355,0,0,0,0,0,0,0,0,0,0,0,0,0,0,0,0,0,0,0,0,0,0.6411874,0.6667892,0.7521729,0.7293353,0.722654,0.6424004,0.7287376,0.9575149,1,0.8711097,0,0,0,0,0,0,0,0,0,0,0,0,0,0,0,0,0,0,0,0,0,0,0,0,0.7374783,0.7948764,0.8182967,0.8236361,0.7440624,0.8362264,0.8536772,1,0.9414261,0.7180078,0,0,0,0,0,0,0,0,0,0,0,0,0,0,0,0,0,0,0,0,0,0,0,0,0.7396333,0.7973281,0.9176435,0.930082,0.968963,1,0.965526,0.9894568,0.9535401,0.7675523,0,0,0,0,0,0,0,0,0,0,0,0,0
0,0,0,0,0,0,0,0,0,0,0.7785836,0.7802756,0.8658378,0.8568241,0.7542402,0.9048196,1,0.9060287,0,0,0,0,0,0,0,0,0,0,0,0,0,0,0,0,0,0,0,0,0,0,0,0,0,0,0,0,0.9221932,0.9919533,1,0.8517017,0.7996974,0.9095091,0.7948857,0,0,0,0,0,0,0,0,0,0,0,0,0,0,0,0,0,0,0,0,0,0,0.7470089,0,0.7103798,0.7305814,0.8006884,0.8625531,0.9443873,1,0.9115261,0.7040067,0,0,0,0,0,0,0,0,0,0,0,0,0,0,0,0,0,0,0,0,0,0,0,0.8123277,0.8266439,0,0.8048353,0.8437935,0.7822524,0.8937718,1,0.9665301,0,0,0,0,0,0,0,0,0,0,0,0,0,0,0,0,0,0,0,0,0,0,0,0,0,0,0,0.8701414,0.8860427,0.9187108,0.8346441,0.9848947,1,0.9155576,0,0,0,0,0,0,0,0,0,0,0,0,0,0
0,0,0,0,0,0,0,0,0,0,0,0,0.7695477,0.8859473,0.9191788,0.8340096,1,0.8876222,0.7013909,0,0,0,0,0,0,0,0,0,0,0,0,0,0,0,0,0,0,0,0,0,0,0,0.7242589,0.7236681,0,0.8692392,0.9130601,0.8817976,0.8622829,1,0.9966727,0.8139797,0,0,0,0,0,0,0,0,0,0,0,0,0,0,0,0,0,0,0,0,0,0.6385556,0.7026636,0.6872758,0.7777047,0.7880659,0.7591872,0.7826256,0.8306464,0.901107,1,0.8773527,0,0,0,0,0,0,0,0,0,0,0,0,0,0,0,0,0,0,0,0,0,0,0,0,0,0.7794665,0.855113,0.8376663,0.7222387,0.7893069,0.8105965,1,0.9944421,0.821867,0.6781108,0,0,0,0,0,0,0,0,0,0,0,0,0,0,0,0,0,0,0,0,0,0.7602063,0.7484666,0.8088822,0.9742768,0.9811926,0.7734553,0.8616676,0.9605337,1,0.9619953,0.8002328,0.7763754,0,0,0,0,0,0,0,0,0,0,0,0,0
0,0,0,0,0,0,0,0,0,0,0.6937333,0.7600479,0.7696033,0.7710099,0.9706239,1,0.9995741,0.9187902,0.7912442,0.6757804,0,0,0,0,0,0,0,0,0,0,0,0,0,0,0,0,0,0,0,0,0,0.7646077,0.7597978,0,0.7515357,0.7687067,0.8714342,0.935666,0.9335361,1,0.8544595,0.8166989,0.7161419,0,0,0,0,0,0,0,0,0,0,0,0,0,0,0,0,0,0,0,0,0.6253383,0.6594375,0.6522704,0.6997779,0.7749372,0.7675689,0.8473674,0.8449316,0.9444202,1,0.8971123,0.6465092,0,0,0,0,0,0,0,0,0,0,0,0,0,0,0,0,0,0,0,0,0,0.5774981,0.5822961,0.6474779,0.7299898,0.8271372,0.781499,0.7613757,0.8183911,0.8617021,0.9970586,1,0.847116,0.672932,0,0,0,0,0,0,0,0,0,0,0,0,0,0,0,0,0,0,0,0,0.6510955,0.6344964,0,0.8485657,0.9929757,1,0.8638849,0.8364304,0.9322051,0.9894785,0.985524,0.8219635,0.740451,0.7111569,0.6225638,0,0,0,0,0,0,0,0,0,0,0
0,0,0,0,0,0,0,0,0,0,0,0,0,0.7268041,0.8347598,0.9439578,1,0.9229825,0,0,0,0,0,0,0,0,0,0,0,0,0,0,0,0,0,0,0,0,0,0,0,0,0,0,0.8442332,0.9107963,0.9157237,0.95386,0.9636148,0.9436489,1,0.8431785,0,0,0,0,0,0,0,0,0,0,0,0,0,0,0,0,0,0,0,0,0,0,0,0,0.7404658,0.7688932,0.7774978,0.8335235,0.783141,0.8767576,1,0.9237719,0.6839215,0,0,0,0,0,0,0,0,0,0,0,0,0,0,0,0,0,0,0,0,0,0,0,0,0.7468644,0.8049999,0.8044409,0.7324937,0.7924089,0.7793252,1,0.9767566,0.8567148,0,0,0,0,0,0,0,0,0,0,0,0,0,0,0,0,0,0,0,0,0,0,0,0,0.7982183,0.8939826,0.8476037,0.8596839,0.8964748,0.9065612,0.9118778,1,0.9159526,0,0,0,0,0,0,0,0,0,0,0,0,0,0
0,0,0,0,0,0,0,0,0,0,0,0,0,0,0,0.8789845,1,0.9317983,0.8315688,0.6991043,0,0,0,0,0,0,0,0,0,0,0,0,0,0,0,0,0,0,0,0,0,0,0,0,0,0.6724589,0.6495197,0.7050118,0.815305,0.9720878,1,0.8108143,0,0,0,0,0,0,0,0,0,0,0,0,0,0,0,0,0,0,0,0,0,0,0,0,0,0,0,0.6733795,0.7191213,0.9427654,1,0.7984246,0.8319256,0.6622384,0.6166462,0,0,0,0,0,0,0,0,0,0,0,0,0,0,0,0,0,0,0,0,0,0,0,0,0.6394453,0.7119644,0.8104884,0.915199,1,0.9786184,0.9005987,0.7491834,0.6119192,0,0,0,0,0,0,0,0,0,0,0,0,0,0,0,0,0,0,0,0,0,0,0,0.6360946,0,0.8310307,0.928827,0.9761204,0.998763,1,0.8385274,0.7653875,0.6507667,0.6532087,0,0,0,0,0,0,0,0,0,0,0
0,0,0,0,0,0,0,0,0,0,0,0,0,0,0,0.8853707,1,0.9842762,0.9192458,0.8272552,0.816164,0.7839733,0.6652706,0,0,0,0,0,0,0,0,0,0,0,0,0,0,0,0,0,0,0,0,0,0,0,0.5982574,0.6204132,0.8310212,0.9923382,1,0.8475316,0.7112114,0.6408314,0.625712,0,0,0,0,0,0,0,0,0,0,0,0,0,0,0,0,0,0,0,0,0,0,0,0,0.6035165,0.5668324,0.9203855,1,0.8846855,0.8236456,0.8301286,0.7531858,0.7623335,0.6991375,0.5806072,0,0,0,0,0,0,0,0,0,0,0,0,0,0,0,0,0,0,0,0,0,0,0,0.6660125,0.5919276,0.979736,1,0.8688645,0.929966,0.8910465,0.8367546,0.8027447,0.7178906,0,0,0,0,0,0,0,0,0,0,0,0,0,0,0,0,0,0,0,0,0,0,0.6285546,0.7467036,0.8205408,0.9481211,1,0.7125472,0.8922244,0.8764642,0.7379886,0.7122553,0.6889526,0.6027176,0,0,0,0,0,0,0,0
0,0,0,0,0,0,0,0,0,0,0,0,0,0,0,0.9159982,1,0.9002059,0.9153351,0.8168784,0,0,0.8564832,0.8585484,0,0,0,0,0,0,0,0,0,0,0,0,0,0,0,0,0,0,0,0,0,0,0,0,0,0.9804371,1,0.8707578,0.8972562,0.8139471,0.7976448,0.8338478,0.7785577,0,0,0,0,0,0,0,0,0,0,0,0,0,0,0,0,0,0,0,0,0,0,0,0,0.9348398,1,0.8839691,0.8173566,0.8615009,0.757295,0,0.8096021,0.8402266,0.7955507,0,0,0,0,0,0,0,0,0,0,0,0,0,0,0,0,0,0,0,0,0,0,0,0.8644044,1,0.9568175,0.7622701,0.9122792,0,0.8560592,0.8219324,0.8812854,0.8882692,0.8170903,0,0,0,0,0,0,0,0,0,0,0,0,0,0,0,0,0,0,0,0,0,0,0.7647168,0.9156097,1,0.9492304,0.7966075,0.7586108,0.8076797,0,0.7888677,0.8269058,0.8126729,0,0,0,0,0,0,0
0,0,0,0,0,0,0,0,0,0,0,0,0,0,0,0.9118453,1,0.8764491,0,0.8493359,0.8018171,0.7559159,0.7568184,0.7982325,0.8415737,0.7481977,0,0,0,0,0,0,0,0,0,0,0,0,0,0,0,0,0,0,0,0,0,0,0.8052443,1,0.9802989,0.9478763,0.952982,0.9425799,0.8352093,0.8285419,0.751985,0.7624485,0.7564845,0,0,0,0,0,0,0,0,0,0,0,0,0,0,0,0,0,0,0,0,0,0.6778945,0.9319568,1,0.9321918,0.8320564,0.8416618,0.7629458,0.7074116,0,0.7602877,0.8232535,0.7792795,0.6600184,0,0,0,0,0,0,0,0,0,0,0,0,0,0,0,0,0,0,0,0,0,0.8723515,1,0.970479,0.8360394,0.819414,0.9126209,0.7923328,0.8006575,0.7723642,0.8728814,0.8849323,0.8272281,0.6893535,0,0,0,0,0,0,0,0,0,0,0,0,0,0,0,0,0,0,0,0.738739,0.7610785,0.9356871,1,0.9111028,0.8569587,0.9300023,0.9353091,0.8822751,0.8668234,0.8499529,0.8636701,0.7870126,0,0,0,0,0,0
0,0,0,0,0,0,0,0,0,0,0,0,0,0,0,0.8777124,1,0.9182566,0,0.8225142,0.8180726,0.9153243,0.876507,0,0,0,0,0,0,0,0,0,0,0,0,0,0,0,0,0,0,0,0,0,0,0,0,0,0.8467848,1,0.9898204,0.9335318,0.8750306,0.9306012,0.9827143,0.8929639,0.8142239,0.7961829,0.7831947,0,0,0,0,0,0,0,0,0,0,0,0,0,0,0,0,0,0,0,0,0,0,0.9210675,1,0.9292129,0.8371223,0.8343849,0.8347825,0.7952015,0.8039244,0.7420409,0,0,0,0,0,0,0,0,0,0,0,0,0,0,0,0,0,0,0,0,0,0,0,0,0.8330578,1,0.9628536,0.7809781,0.906024,0.8890027,0,0.8222227,0.8901849,0.8125576,0,0.7951642,0,0,0,0,0,0,0,0,0,0,0,0,0,0,0,0,0,0,0,0,0,0,0.9121315,0.9433455,0,0.8780479,1,0.9906827,0.8938022,0.8553212,0.8183818,0,0,0,0,0,0,0,0
0,0,0,0,0,0,0,0,0,0,0,0,0,0,0,0,1,0.9631066,0,0,0.8801598,0,0,0,0,0,0,0,0,0,0,0,0,0,0,0,0,0,0,0,0,0,0,0,0,0,0,0,0.9527641,0.9911851,0.9891372,0.9851534,0.9675895,1,0.9677814,0,0,0,0,0,0,0,0,0,0,0,0,0,0,0,0,0,0,0,0,0,0,0,0,0,0,0.9367191,1,0.9068297,0,0,0,0,0,0,0,0,0,0,0,0,0,0,0,0,0,0,0,0,0,0,0,0,0,0,0,0,0,0,0.9145409,1,0.9570662,0,0,0.8618667,0,0,0,0,0,0,0,0,0,0,0,0,0,0,0,0,0,0,0,0,0,0,0,0,0,0,0,0,0.9498886,1,0.9368033,0,0.8840121,0,0,0,0,0,0,0,0,0,0,0,0
0,0,0,0,0,0,0,0,0,0,0,0,0.7128118,0.8812723,0.9307028,0.9571806,1,0.8409585,0.6895298,0.8020831,0.7542707,0.7380292,0.7926517,0.7211125,0,0,0,0,0,0,0,0,0,0,0,0,0,0,0,0,0,0,0,0,0.743635,0.8154922,0.7404769,0.8906993,0.9453722,1,0.9830209,0.8543712,0.9323832,0.8613333,0.7664136,0.7428122,0,0,0,0,0,0,0,0,0,0,0,0,0,0,0,0,0,0,0,0,0,0,0.7453825,0.7444937,0.7619584,0.9693463,1,0.8434875,0.7342601,0.6957411,0.608748,0.6423143,0.6851438,0.6907488,0.6279532,0,0,0,0,0,0,0,0,0,0,0,0,0,0,0,0,0,0,0,0,0.7206599,0.8253832,0.7494971,0.7468095,1,0.9683053,0.7815917,0.774213,0.7128798,0.7552687,0.7630957,0.7427258,0.7173857,0.6533418,0,0,0,0,0,0,0,0,0,0,0,0,0,0,0,0,0,0,0,0,0.7151314,0.7197921,0.6376001,0.938621,1,0.8942325,0.821905,0.7246165,0,0,0.6543722,0.709737,0.6365985,0,0,0,0,0,0,0
0,0,0,0,0,0,0,0,0,0,0,0,0,0.7266429,0.7042298,0.9527797,1,0.9208509,0.8209786,0.732684,0,0.702188,0,0,0,0,0,0,0,0,0,0,0,0,0,0,0,0,0,0,0,0,0,0,0,0,0.8072285,0.8091931,0.9170919,1,0.9476946,0.8049505,0.7860068,0,0,0,0,0,0,0,0,0,0,0,0,0,0,0,0,0,0,0,0,0,0,0,0,0,0.7074552,0.7894416,0.7637634,0.9227669,1,0.9053376,0.8076813,0.6879053,0,0,0,0,0,0,0,0,0,0,0,0,0,0,0,0,0,0,0,0,0,0,0,0,0,0,0.7310537,0.832415,0.866811,1,0.9434097,0.7301764,0.7641214,0.6825836,0,0,0,0,0,0,0,0,0,0,0,0,0,0,0,0,0,0,0,0,0,0,0,0,0,0,0.7964329,0.8844072,0.9751206,1,0.9188819,0.8288838,0.7208018,0,0,0,0,0,0,0,0,0,0,0,0
0,0,0,0,0,0,0,0,0,0,0,0,0,0.6986096,0.7807242,0.9496388,1,0.8839247,0,0,0,0,0,0,0,0,0,0,0,0,0,0,0,0,0,0,0,0,0,0,0,0,0,0,0,0,0,0,0.7702496,0.9792319,1,0.8741091,0,0,0,0,0,0,0,0,0,0,0,0,0,0,0,0,0,0,0,0,0,0,0,0,0,0,0,0.7009279,0.8254995,0.9832838,1,0.8195487,0,0,0,0,0,0,0,0,0,0,0,0,0,0,0,0,0,0,0,0,0,0,0,0,0,0,0,0,0,0.7806187,0.8916556,1,0.9705017,0.7934821,0.6790368,0,0,0,0,0,0,0,0,0,0,0,0,0,0,0,0,0,0,0,0,0,0,0,0,0,0,0,0,0.8866036,1,0.9570202,0.8704988,0,0,0,0,0,0,0,0,0,0,0,0,0,0
0,0,0,0,0,0,0,0,0,0,0,0,0,0,0,0.8972992,1,0.8882208,0,0,0,0,0,0,0,0,0,0,0,0,0,0,0,0,0,0,0,0,0,0,0,0,0,0,0,0,0,0,0.8671983,1,0.9310089,0,0,0,0,0,0,0,0,0,0,0,0,0,0,0,0,0,0,0,0,0,0,0,0,0,0,0,0,0,0.679372,0.9482347,1,0.8499784,0,0,0,0,0,0,0,0,0,0,0,0,0,0,0,0,0,0,0,0,0,0,0,0,0,0,0,0,0,0,0.8185326,1,0.9679842,0.6622924,0,0,0,0,0,0,0,0,0,0,0,0,0,0,0,0,0,0,0,0,0,0,0,0,0,0,0,0,0,0.8733381,1,0.960487,0.7493876,0,0,0,0,0,0,0,0,0,0,0,0,0,0
0,0,0,0,0,0,0,0,0,0,0,0,0,0,0,0.9145386,1,0.8855081,0,0,0,0,0,0,0,0,0,0,0,0,0,0,0,0,0,0,0,0,0,0,0,0,0,0,0,0,0,0,0.8658044,1,0.9588203,0,0,0,0,0,0,0,0,0,0,0,0,0,0,0,0,0,0,0,0,0,0,0,0,0,0,0,0,0,0.7271407,0.9557611,1,0.8601666,0,0,0,0,0,0,0,0,0,0,0,0,0,0,0,0,0,0,0,0,0,0,0,0,0,0,0,0,0,0,0.8856424,1,0.9402013,0,0,0,0,0,0,0,0,0,0,0,0,0,0,0,0,0,0,0,0,0,0,0,0,0,0,0,0,0,0,0.9459715,1,0.9586464,0.908172,0,0,0,0,0,0,0,0,0,0,0,0,0,0
0,0,0,0,0,0,0,0,0,0,0,0,0,0,0,0.9362135,1,0,0,0,0,0,0,0,0,0,0,0,0,0,0,0,0,0,0,0,0,0,0,0,0,0,0,0,0,0,0,0,0,1,0.9699374,0,0,0,0,0,0,0,0,0,0,0,0,0,0,0,0,0,0,0,0,0,0,0,0,0,0,0,0,0,0,0.9630678,1,0,0,0,0,0,0,0,0,0,0,0,0,0,0,0,0,0,0,0,0,0,0,0,0,0,0,0,0,0,0,0,0.895441,1,0.9564585,0,0,0,0,0,0,0,0,0,0,0,0,0,0,0,0,0,0,0,0,0,0,0,0,0,0,0,0,0,0,0,0,0,0,0,0,0,0,0,0,0,0,0,0,0,0,0,0
0,0,0,0,0,0,0,0,0,0,0,0,0,0,0.7772248,0.9500565,1,0.9053039,0,0,0,0,0,0,0,0,0,0,0,0,0,0,0,0,0,0,0,0,0,0,0,0,0,0,0,0,0,0,0.8435007,1,0.9806993,0,0,0,0,0,0,0,0,0,0,0,0,0,0,0,0,0,0,0,0,0,0,0,0,0,0,0,0,0,0.7730582,0.957258,1,0.8937551,0,0,0,0,0,0,0,0,0,0,0,0,0,0,0,0,0,0,0,0,0,0,0,0,0,0,0,0,0,0.6985471,0.9150825,1,0.9465145,0.7313164,0,0,0,0,0,0,0,0,0,0,0,0,0,0,0,0,0,0,0,0,0,0,0,0,0,0,0,0,0,0.8425508,1,0.9869778,0.7842276,0,0,0,0,0,0,0,0,0,0,0,0,0,0
0,0,0,0,0,0,0,0,0,0,0,0,0,0,0.669377,0.8431197,1,0.8920797,0,0,0,0,0,0,0,0,0,0,0,0,0,0,0,0,0,0,0,0,0,0,0,0,0,0,0,0,0,0.6573462,0.8013841,1,0.952454,0,0,0,0,0,0,0,0,0,0,0,0,0,0,0,0,0,0,0,0,0,0,0,0,0,0,0,0,0.6060081,0.7053869,0.9003422,1,0.8737933,0,0,0,0,0,0,0,0,0,0,0,0,0,0,0,0,0,0,0,0,0,0,0,0,0,0,0,0,0.577512,0.5992761,0.8740672,1,0.9307864,0,0,0,0,0,0,0,0,0,0,0,0,0,0,0,0,0,0,0,0,0,0,0,0,0,0,0,0,0,0,0,0.9898281,1,0.6962774,0,0,0,0,0,0,0,0,0,0,0,0,0,0
