GestureName: s
Duration(ms): 940
Handedness: right

SpeakerAngles: 5
55
-55
0
0
110

SpeakerElevations: 5
-10
-10
-10
0
30

InterpretedPoints: 20
0,0,0
0,0,0
0.00709039723777505,0.283856635725392,0.5
0.820888078587149,-0.0123414970006321,1
-2.41303145509702,-8.3651541877021,1.54188906600158
-3.21973873920862,-9.93001670916573,1.71553724366851
-6.48201986184389,-9.99869632001144,-0.437166400997627
1.62759536269875,-2.56201177147646,1.34729635533386
-0.792526489636048,6.07180680496324,0.131759111665348
6.49620065631944,10.5512173444744,1.2635182233307
9.73721058724139,13.9284365850468,1.91622186799684
8.09543443006709,9.04427306097482,0.958110933998418
3.24100993092194,4.26268644463291,1.17364817766693
0.813797681349374,-0.281005885738232,0.67364817766693
0,0,0
0.820888078587149,-1.15725878691567,1.17364817766693
0.813797681349374,0.703801867273976,0.5
0.813797681349374,-0.26581363875044,0.847296355333861
-1.6134145682232,-3.11453279593946,0.520944533000791
0,0,0

StrokePoints: 21
0,0,0
0,0,0
0,0,0
0.00709039723777505,0.283856635725392,0.5
0.827978475824924,0.27151513872476,1.5
-1.5850529792721,-8.09363904897734,3.04188906600158
-4.80479171848072,-18.0236557581431,4.75742630967009
-11.2868115803246,-28.0223520781545,4.32025990867247
-9.65921621762586,-30.584363849631,5.66755626400633
-10.4517427072619,-24.5125570446677,5.79931537567168
-3.95554205094247,-13.9613397001933,7.06283359900237
5.78166853629892,-0.0329031151465067,8.97905546699921
13.877102966366,9.01136994582831,9.93716640099763
17.118112897288,13.2740563904612,11.1108145786646
17.9319105786373,12.993050504723,11.7844627563315
17.9319105786373,12.993050504723,11.7844627563315
18.7527986572245,11.8357917178073,12.9581109339984
19.5665963385738,12.5395935850813,13.4581109339984
20.3803940199232,12.2737799463309,14.3054072893323
18.7669794517,9.1592471503914,14.8263518223331
18.7669794517,9.1592471503914,14.8263518223331

Velocities: 20
0,0,0
0,0,0
0,1,-1
0,1,-1
-3,1,-4
-4,1,-4
-4,0,-5
0,0,-2
0,3,2
4,2,4
5,1,6
5,-1,2
0,-2,1
0,0,-1
0,0,0
-1,0,0
0,0,0
0,0,-2
-2,0,-1
0,0,0

InverseVelocities: 20
0,0,0
0,0,0
0,0,0
0,0,1
0,0,0
0,-2,0
0,0,0
0,0,0
0,0,0
0,0,0
0,-1,-1
0,0,-2
0,0,-2
0,0,0
0,0,0
0,0,0
0,0,0
0,0,0
0,0,0
0,0,0

RawData: 20
0,0,0,0,0,0,0,0,0,0,0,0,0,0,0,0.9063749,1,0.933771,0,0,0,0,0,0,0,0,0,0,0,0,0,0,0,0,0,0,0,0,0,0,0,0,0,0,0,0,0,0,0.8558682,1,0,0.923892,0,0,0,0,0,0,0,0,0,0,0,0,0,0,0,0,0,0,0,0,0,0,0,0,0,0,0,0,0.7233787,0.9699652,1,0.9289514,0,0,0,0,0,0,0,0,0,0,0,0,0,0,0,0,0,0,0,0,0,0,0,0,0,0,0,0,0,0,0.8755944,1,0.9698324,0.7771839,0,0,0,0,0,0,0,0,0,0,0,0,0,0,0,0,0,0,0,0,0,0,0,0,0,0,0,0,0,0.852028,1,0.9816167,0.9087977,0.7714945,0,0,0,0,0,0,0,0,0,0,0,0,0
0,0,0,0,0,0,0,0,0,0,0,0,0,0,0,0.9341719,1,0.8766729,0,0,0,0,0,0,0,0,0,0,0,0,0,0,0,0,0,0,0,0,0,0,0,0,0,0,0,0,0,0,0.8523801,1,0.9756879,0.8893603,0.7656572,0,0,0,0,0,0,0,0,0,0,0,0,0,0,0,0,0,0,0,0,0,0,0,0,0,0,0,0,0.9493359,1,0.9579897,0.8314186,0,0,0,0,0,0,0,0,0,0,0,0,0,0,0,0,0,0,0,0,0,0,0,0,0,0,0,0,0,0.8190216,0.9893339,1,0.8893756,0.7165732,0,0,0,0,0,0,0,0,0,0,0,0,0,0,0,0,0,0,0,0,0,0,0,0,0,0,0,0,0.7535669,0.9650726,1,0.8664113,0.7544276,0,0,0,0,0,0,0,0,0,0,0,0,0
0,0,0,0,0,0,0,0,0,0,0,0,0,0.7339666,0.7871202,0.9421637,1,0.8996461,0,0,0,0,0,0,0,0,0,0,0,0,0,0,0,0,0,0,0,0,0,0,0,0,0,0,0,0,0,0.6373695,0.7528403,0.9603755,1,0.959745,0.8882883,0.7634609,0,0,0,0,0,0,0,0,0,0,0,0,0,0,0,0,0,0,0,0,0,0,0,0,0.6196947,0.6929291,0.7740843,0.9307049,1,0.9115412,0.8289883,0.7644503,0,0,0,0,0,0,0,0,0,0,0,0,0,0,0,0,0,0,0,0,0,0,0,0,0,0,0,0.6530418,0.8603654,1,0.8954231,0.7330359,0.819752,0.6743881,0,0,0,0,0,0,0,0,0,0,0,0,0,0,0,0,0,0,0,0,0,0,0,0,0,0,0.7321859,0.8343541,1,0.9757386,0.8852204,0.9265149,0.7589458,0,0,0,0,0,0,0,0,0,0,0,0
0,0,0,0,0,0,0,0,0,0,0,0,0,0,0.8767781,0.9581217,1,0.8144013,0.7734563,0,0,0,0,0,0,0,0,0,0,0,0,0,0,0,0,0,0,0,0,0,0,0,0,0,0,0,0,0,0,1,0.9287072,0.9324901,0.9358224,0.9371724,0,0,0,0,0,0,0,0,0,0,0,0,0,0,0,0,0,0,0,0,0,0,0,0,0.7692144,0.8206642,0.8820552,0.9194652,1,0.8078919,0.8757902,0.905673,0.7894291,0,0,0,0,0,0,0,0,0,0,0,0,0,0,0,0,0,0,0,0,0,0,0,0,0.7994571,0.8331068,0.8725923,0.9426579,1,0.9722941,0.8621597,0.8386043,0.7922848,0,0,0,0,0,0,0,0,0,0,0,0,0,0,0,0,0,0,0,0,0,0,0,0,0,0.8342591,0.9104215,0.9042832,0.917451,1,0.8328881,0.9288645,0.954163,0.8164979,0,0,0,0,0,0,0,0,0,0,0
0,0,0,0,0,0,0,0,0,0,0.7667689,0.8313326,0.8111176,0.8615775,0.8727539,0.9288402,1,0.8996417,0,0,0,0,0,0,0,0,0,0,0,0,0,0,0,0,0,0,0,0,0,0,0,0,0,0,0,0,0,0,0,0.9207291,1,0.9269989,0.8981973,0.8225901,0,0,0,0,0,0,0,0,0,0,0,0,0,0,0,0,0,0,0,0,0,0.7336193,0.7875458,0.8279102,0.8416938,0.821705,0.825845,0.9211089,1,0.9404042,0.8286733,0.77982,0,0,0,0,0,0,0,0,0,0,0,0,0,0,0,0,0,0,0,0,0,0,0,0.8180339,0.8286477,0.9295836,0.8787238,0.8241946,0.9099826,1,0.9115835,0.8810683,0.8121279,0,0,0,0,0,0,0,0,0,0,0,0,0,0,0,0,0,0,0,0,0,0,0.710967,0.7670045,0.7352726,0,0.7903254,0.838993,0.8311765,0.9605978,1,0.9229354,0.8754287,0.8055072,0,0,0,0,0,0,0,0,0,0,0,0
0,0,0,0,0,0,0,0,0,0.8314149,0.8981228,0.818607,0.7818953,0,0.8282976,0.9245429,1,0.8924396,0,0,0,0,0,0,0,0,0,0,0,0,0,0,0,0,0,0,0,0,0,0,0,0,0,0,0.8402555,0.8671853,0.8314018,0.9069078,0.9745248,0.9727771,1,0,0.8675681,0.8139031,0,0,0,0,0,0,0,0,0,0,0,0,0,0,0,0,0,0,0,0,0,0.794733,0.8940228,0.9003567,0.8279623,0.8047127,0.8173094,0.9848308,1,0.7851506,0.7253245,0,0,0,0,0,0,0,0,0,0,0,0,0,0,0,0,0,0,0,0,0,0,0,0.7322394,0.8939049,0.9398316,0.9097991,0.8358522,0.8381819,0.9279528,1,0.9537683,0.7166082,0.7152647,0,0,0,0,0,0,0,0,0,0,0,0,0,0,0,0,0,0,0,0,0,0,0.7482781,0.7542703,0.7214143,0.7289051,0,0,0.8903615,1,0.9966185,0.8502766,0.7146063,0.7139425,0,0,0,0,0,0,0,0,0,0,0,0
0,0,0,0,0,0,0,0,0,0.7876607,0.8750449,0.8940524,0.8814017,0.8631245,0.8406339,0.8931584,1,0.8788826,0,0,0,0,0,0,0,0,0,0,0,0,0,0,0,0,0,0,0,0,0,0,0,0,0,0,0,0,0.8035228,0.8807014,0.9407482,0.9744955,1,0.8202052,0.7390258,0,0,0,0,0,0,0,0,0,0,0,0,0,0,0,0,0,0,0,0,0,0.6637532,0.7000614,0.7227589,0.8965477,0.8735226,0.7485483,0.8944862,0.9429461,1,0.8619071,0.7137293,0,0,0,0,0,0,0,0,0,0,0,0,0,0,0,0,0,0,0,0,0,0,0,0.7368953,0,0.8953775,0.9276584,0,0.9296418,0.9528098,1,0.9058456,0.8447235,0.7194014,0,0,0,0,0,0,0,0,0,0,0,0,0,0,0,0,0,0,0,0,0,0,0.6621704,0.7382609,0.8280568,0.8798192,0.8508987,0.6987581,0.9105954,0.8997806,1,0.8171673,0.6848589,0,0,0,0,0,0,0,0,0,0,0,0,0
0,0,0,0,0,0,0,0,0,0,0,0,0,0.7675251,0.8178356,0.9252074,1,0.9072708,0,0,0,0,0,0,0,0,0,0,0,0,0,0,0,0,0,0,0,0,0,0,0,0,0,0,0,0,0,0.7721119,0.9201822,1,0.9952827,0.8793471,0.7452167,0,0,0,0,0,0,0,0,0,0,0,0,0,0,0,0,0,0,0,0,0,0,0,0,0.7156805,0.7863845,0.8266493,0.8238381,0.9540727,1,0.9059115,0.7236109,0,0,0,0,0,0,0,0,0,0,0,0,0,0,0,0,0,0,0,0,0,0,0,0,0,0,0,0.7968928,0.8628479,0.9269437,1,0.988562,0.85799,0.6886859,0,0,0,0,0,0,0,0,0,0,0,0,0,0,0,0,0,0,0,0,0,0,0,0,0,0,0.7065026,0.6960992,0.886745,1,0.977753,0.8531095,0.7137849,0.7188933,0.7162295,0,0,0,0,0,0,0,0,0,0,0
0,0,0,0,0,0,0,0,0,0,0,0,0,0,0,0.8618592,1,0.9292138,0.7703488,0.7540448,0,0,0,0,0,0,0,0,0,0,0,0,0,0,0,0,0,0,0,0,0,0,0,0,0,0,0,0,0.7926309,1,0.9283036,0.7722951,0.8999909,0.7628849,0.6641598,0.671598,0,0,0,0,0,0,0,0,0,0,0,0,0,0,0,0,0,0,0,0,0,0,0,0,0.7180004,0.8840604,1,0.8933778,0.8147592,0.8134184,0.7653136,0.6894547,0,0,0,0,0,0,0,0,0,0,0,0,0,0,0,0,0,0,0,0,0,0,0,0,0,0,0.8201039,1,0.9561778,0.8115339,0.8650578,0.7839672,0.6433822,0.6121342,0,0,0,0,0,0,0,0,0,0,0,0,0,0,0,0,0,0,0,0,0,0,0,0,0.6806763,0.800478,0.8134942,1,0.9812244,0.899993,0.7129279,0.6734747,0,0,0,0,0,0,0,0,0,0,0
0,0,0,0,0,0,0,0,0,0,0,0,0,0,0,0.892161,1,0.9330001,0.844919,0.8087686,0.8288735,0.8115086,0.7385356,0.7549022,0,0,0,0,0,0,0,0,0,0,0,0,0,0,0,0,0,0,0,0,0,0,0,0.7528181,0.9023416,0.904276,1,0.9482179,0.8786077,0.7984672,0.7614969,0,0,0,0,0,0,0,0,0,0,0,0,0,0,0,0,0,0,0,0,0,0,0,0,0.6325516,0.7680067,0.950719,1,0.7889463,0.8226249,0.7766643,0.8047163,0.7856924,0.7931319,0.6828653,0,0,0,0,0,0,0,0,0,0,0,0,0,0,0,0,0,0,0,0,0,0,0,0.7189033,0.8164765,1,0.999538,0.9289519,0.9397165,0.901498,0.8765001,0.8645576,0.8134502,0.659236,0,0,0,0,0,0,0,0,0,0,0,0,0,0,0,0,0,0,0,0,0,0,0.7374739,0.6987375,0.9672875,1,0.9040618,0.9564217,0.901196,0.7852464,0.7524955,0.7678928,0.7011606,0.6672521,0,0,0,0,0,0,0
0,0,0,0,0,0,0,0,0,0,0,0,0,0,0,0.8938605,1,0.9089006,0.714264,0.8729141,0.8973886,0.7997199,0.8041856,0.8739761,0.8020881,0,0,0,0,0,0,0,0,0,0,0,0,0,0,0,0,0,0,0,0,0.6974366,0.8189367,0.9056792,0.9234798,1,0.9453515,0.690299,0.7503603,0.7593816,0,0,0,0,0,0,0,0,0,0,0,0,0,0,0,0,0,0,0,0,0,0,0,0,0.7310435,0.8146184,0.806029,0.9115089,1,0.8505353,0.7467228,0,0.7838938,0.7265147,0.7539757,0.6421764,0.6415644,0.6596877,0,0,0,0,0,0,0,0,0,0,0,0,0,0,0,0,0,0,0,0.6984383,0.7425218,0.7828491,0.8929043,1,0.9651634,0.8203381,0.8238502,0.7233989,0.8707026,0.7436195,0.7653781,0.6689226,0.7398977,0.6865705,0,0,0,0,0,0,0,0,0,0,0,0,0,0,0,0,0,0,0,0.696014,0.7485983,0.8802648,0.9870412,1,0.9787205,0.900871,0.8266778,0.8666607,0.6969633,0.8381121,0.8210456,0.6958171,0.7206277,0.6735459,0,0,0,0,0
0,0,0,0,0,0,0,0,0,0,0,0,0,0,0,0.9029876,1,0.9144146,0.8063591,0.7998301,0,0.7708285,0,0.783432,0.7567187,0,0,0,0,0,0,0,0,0,0,0,0,0,0,0,0,0,0,0,0,0.8257515,0.788619,0.824788,0.8473328,1,0.9826047,0.7898039,0,0,0,0,0,0,0,0,0,0,0,0,0,0,0,0,0,0,0,0,0,0,0,0,0,0.7399132,0.7257526,0.7123161,0.823345,0.9360358,1,0.8776696,0.8538458,0.8259268,0,0.7439781,0,0,0,0,0,0,0,0,0,0,0,0,0,0,0,0,0,0,0,0,0,0,0.771518,0.8188346,0,0.7770554,0.735347,1,0.9906047,0.8859096,0.9035318,0.8331532,0.886458,0.8789725,0.7900872,0.7890717,0.7545846,0,0,0,0,0,0,0,0,0,0,0,0,0,0,0,0,0,0,0.7706079,0.8529548,0.8049511,0,0.7972762,0.8979742,1,0.9444111,0.8806106,0.8559793,0.8537558,0.8443246,0.7798141,0,0,0,0,0,0,0,0,0
0,0,0,0,0,0,0,0,0,0,0,0,0,0,0.8150553,0.931987,1,0.9546752,0.8484422,0,0,0,0,0,0,0,0,0,0,0,0,0,0,0,0,0,0,0,0,0,0,0,0,0,0.8322908,0.8916253,0.9280024,0.8676997,0.8329774,1,0.9759759,0.7551539,0,0,0,0,0,0,0,0,0,0,0,0,0,0,0,0,0,0,0,0,0,0,0,0,0,0.773747,0.7811753,0.7486696,0.7276754,0.9146253,1,0.9165879,0.7372922,0.688843,0.6976938,0,0,0,0,0,0,0,0,0,0,0,0,0,0,0,0,0,0,0,0,0,0,0,0.6983966,0,0,0,0.8780682,1,0.982238,0.8411775,0.6980143,0.7786932,0.6908472,0,0,0.6844099,0,0,0,0,0,0,0,0,0,0,0,0,0,0,0,0,0,0,0,0,0.7607704,0.8112354,0.7932873,0.7965231,0.8863582,1,0.9712429,0.8786391,0.7862508,0.7785551,0,0,0,0,0,0,0,0,0,0,0
0,0,0,0,0,0,0,0,0,0,0,0,0,0.8837757,0.9500342,0.9653939,1,0.9180011,0.7799003,0,0,0,0,0,0,0,0,0,0,0,0,0,0,0,0,0,0,0,0,0,0,0,0,0,0,0,0.8428583,0.8680927,0.754471,1,0.9933774,0.7934205,0,0,0,0,0,0,0,0,0,0,0,0,0,0,0,0,0,0,0,0,0,0,0,0,0,0,0.7056214,0.7129915,0.8222541,0.9359084,1,0.9150588,0,0,0,0,0,0,0,0,0,0,0,0,0,0,0,0,0,0,0,0,0,0,0,0,0,0,0,0,0.8700423,0.9191732,0.8605973,1,0.9482999,0.8286204,0.8312851,0.7596412,0,0,0,0,0,0,0,0,0,0,0,0,0,0,0,0,0,0,0,0,0,0,0,0,0,0.8091967,0.9133871,0.9579857,1,0.9874874,0.9182902,0.8850256,0.7720132,0,0,0,0,0,0,0,0,0,0,0,0
0,0,0,0,0,0,0,0,0,0,0,0,0,0.9011367,0.924626,0.9649074,1,0.9058974,0,0,0,0,0,0,0,0,0,0,0,0,0,0,0,0,0,0,0,0,0,0,0,0,0,0,0,0,0,0,0,0.9547333,1,0,0,0,0,0,0,0,0,0,0,0,0,0,0,0,0,0,0,0,0,0,0,0,0,0,0,0,0,0.8583493,0.8747368,0.9480495,1,0.8983209,0,0,0,0,0,0,0,0,0,0,0,0,0,0,0,0,0,0,0,0,0,0,0,0,0,0,0,0,0.8996738,0.9375551,0,1,0.9849051,0.787586,0,0,0,0,0,0,0,0,0,0,0,0,0,0,0,0,0,0,0,0,0,0,0,0,0,0,0,0,0.9682024,0.9131764,1,0.9731192,0,0,0,0,0,0,0,0,0,0,0,0,0,0,0
0,0,0,0,0,0,0,0,0,0,0,0,0.8170098,0.8803824,0.883289,0.9257505,1,0.9414215,0,0,0,0,0,0,0,0,0,0,0,0,0,0,0,0,0,0,0,0,0,0,0,0,0,0,0,0,0,0,0,0.9863427,1,0.8619488,0.9293704,0,0,0,0,0,0,0,0,0,0,0,0,0,0,0,0,0,0,0,0,0,0,0,0,0,0,0.8405802,0.7725326,0.9362245,1,0.9044208,0,0,0,0,0,0,0,0,0,0,0,0,0,0,0,0,0,0,0,0,0,0,0,0,0,0,0,0,0.8234791,0,0.8312599,1,0.9751141,0.7855418,0,0,0,0,0,0,0,0,0,0,0,0,0,0,0,0,0,0,0,0,0,0,0,0,0,0,0,0,0,0.8565747,0.9367642,1,0.9211053,0.8844837,0.9273092,0.8590074,0,0,0,0,0,0,0,0,0,0,0
0,0,0,0,0,0,0,0,0,0,0,0,0,0.8172442,0.8339336,0.9515725,1,0.8806095,0,0,0,0,0,0,0,0,0,0,0,0,0,0,0,0,0,0,0,0,0,0,0,0,0,0,0,0,0,0,0.8043404,1,0.9738987,0.9276682,0.9276978,0,0,0,0,0,0,0,0,0,0,0,0,0,0,0,0,0,0,0,0,0,0,0,0,0,0,0.8191782,0.7668288,0.9345565,1,0.9168779,0.8198438,0.7581638,0,0,0,0,0,0,0,0,0,0,0,0,0,0,0,0,0,0,0,0,0,0,0,0,0,0,0.8004284,0.815258,0.8497595,1,0.9672251,0.8195456,0.8202242,0.7651966,0,0,0,0,0,0,0,0,0,0,0,0,0,0,0,0,0,0,0,0,0,0,0,0,0,0,0,0,0.9591755,0.9699025,0,1,0.9755759,0,0,0,0,0,0,0,0,0,0,0,0
0,0,0,0,0,0,0,0,0,0,0,0,0,0.7356883,0.7984539,0.9007667,1,0.9195686,0,0,0,0,0,0,0,0,0,0,0,0,0,0,0,0,0,0,0,0,0,0,0,0,0,0,0,0,0,0,0.865625,1,0.9275657,0.8652828,0,0,0,0,0,0,0,0,0,0,0,0,0,0,0,0,0,0,0,0,0,0,0,0,0,0.6792606,0.6953647,0,0.8224341,0.9684472,1,0.8794983,0.72667,0,0,0,0,0,0,0,0,0,0,0,0,0,0,0,0,0,0,0,0,0,0,0,0,0,0.6861017,0.7856927,0.8100478,0.7875462,0.8854452,1,0.9631637,0.8102691,0.7189716,0.7012404,0.6732008,0,0,0,0,0,0,0,0,0,0,0,0,0,0,0,0,0,0,0,0,0,0,0,0,0.9089504,0.9631694,0.8578012,0.9581046,0,0.9220726,1,0.8814286,0,0,0,0,0,0,0,0,0,0,0,0
0,0,0,0,0,0,0,0,0,0,0,0.6145813,0.691157,0.6482632,0.6661378,0.9165882,1,0.8708223,0.678232,0,0,0,0,0,0,0,0,0,0,0,0,0,0,0,0,0,0,0,0,0,0,0,0,0,0,0,0,0,0.844203,1,0.9276929,0.8621212,0.805176,0,0,0,0,0,0,0,0,0,0,0,0,0,0,0,0,0,0,0,0,0,0,0,0,0,0.6963978,0.7704127,0.752333,0.9484345,1,0.8836083,0.6833047,0.5958888,0,0,0,0,0,0,0,0,0,0,0,0,0,0,0,0,0,0,0,0,0,0,0,0,0,0.6801282,0.7532075,0.6997164,0.8668959,1,0.9439191,0.647607,0.5819601,0,0,0,0,0,0,0,0,0,0,0,0,0,0,0,0,0,0,0,0,0,0,0,0,0,0,0.7279096,0.7062126,0.7503772,0.9550579,1,0.9474463,0.7874781,0,0,0,0,0,0,0,0,0,0,0,0,0
0,0,0,0,0,0,0,0,0,0,0,0,0,0.7165989,0.7194113,0.9324608,1,0.8886988,0,0,0,0,0,0,0,0,0,0,0,0,0,0,0,0,0,0,0,0,0,0,0,0,0,0,0,0,0,0,0.749914,0.9601718,1,0.9079799,0,0,0,0,0,0,0,0,0,0,0,0,0,0,0,0,0,0,0,0,0,0,0,0,0,0,0,0.6959158,0.7915951,0.9792316,1,0.8224351,0.7137711,0,0,0,0,0,0,0,0,0,0,0,0,0,0,0,0,0,0,0,0,0,0,0,0,0,0,0,0,0,0.8898707,1,0.9533648,0.7266098,0,0,0,0,0,0,0,0,0,0,0,0,0,0,0,0,0,0,0,0,0,0,0,0,0,0,0,0,0,0.8744444,1,0.932227,0.8318196,0.7199206,0,0,0,0,0,0,0,0,0,0,0,0,0
