GestureName: triangle
Duration(ms): 1410
Handedness: right

SpeakerAngles: 5
55
-55
0
0
110

SpeakerElevations: 5
-10
-10
-10
0
30

InterpretedPoints: 30
0,0,0
0,0,0
0,0,0
0,0,0
0,0,0
0,0,0
0,0,0
0,0,0
0,0,0
0,0,0
0,0,0
-1.62050496546097,-6.36800493768926,0.368240888334652
-4.06898840674687,-9.732882681261,-1.28446275633149
-8.12379601901819,-23.4017600157924,-0.00609191366060191
0.764164900684949,-20.0401186309991,-0.221629157329114
-4.08316920122242,-14.4840848036273,-0.721629157329114
0.806707284111599,-3.54967027447583,0.347296355333861
1.62759536269875,4.34683474659678,0.305407289332279
0.813797681349374,6.6582251263106,-0.0209445330007911
6.47492946460611,6.76041642524942,0.458110933998418
6.47492946460611,2.64588362930997,0.979055466999209
-1.63468575993652,0.33892412370224,-1.15270364466614
0,0,0
2.43430264681035,4.07180680496324,0.131759111665348
1.64886655441207,14.6565358375308,-0.278370842670886
3.2835523143486,19.3024194668408,0.700684624328323
2.476845030237,16.6078319024499,1.22162915732911
4.89696688257179,15.1878866709013,1.22162915732911
0.835068873062699,5.47941053951119,1.13175911166535
0.813797681349374,-0.296198132726024,0.5

StrokePoints: 31
0,0,0
0,0,0
0,0,0
0,0,0
0,0,0
0,0,0
0,0,0
0,0,0
0,0,0
0,0,0
0,0,0
0,0,0
-1.62050496546097,-6.36800493768926,0.368240888334652
-5.68949337220784,-16.1008876189503,-0.916221867996835
-13.813289391226,-39.5026476347427,-0.922313781657437
-13.0491244905411,-59.5427662657418,-1.14394293898655
-17.1322936917635,-74.0268510693691,-1.86557209631567
-16.3255864076519,-77.5765213438449,-1.5182757409818
-14.6979910449532,-73.2296865972481,-1.21286845164953
-13.8841933636038,-66.5714614709375,-1.23381298465032
-7.40926389899766,-59.8110450456881,-0.7757020506519
-0.934334434391547,-57.1651614163781,0.203353416347309
-2.56902019432807,-56.8262372926759,-0.94935022831883
-2.56902019432807,-56.8262372926759,-0.94935022831883
-0.134717547517723,-52.7544304877127,-0.817591116653482
1.51414900689435,-38.0978946501819,-1.09596195932437
4.79770132124294,-18.7954751833411,-0.395277334996045
7.27454635147994,-2.18764328089126,0.82635182233307
12.1715132340517,13.00024339001,2.04798097966218
13.0065821071144,18.4796539295212,3.17974009132753
13.8203797884638,18.1834557967952,3.67974009132753

Velocities: 30
0,0,0
0,0,0
0,0,0
0,0,0
0,0,0
0,0,0
0,0,0
0,0,0
0,0,0
0,0,0
0,0,0
-2,-1,-2
-2,-2,-3
-8,-6,-9
0,-7,-9
-4,-6,-6
0,-1,-1
0,0,4
0,0,3
4,-1,3
3,-2,2
0,-1,-1
0,0,0
2,1,2
4,7,5
4,8,7
2,7,7
4,6,6
0,3,2
0,0,0

InverseVelocities: 30
0,0,0
0,0,0
0,0,0
0,0,0
0,0,0
0,0,0
0,0,0
0,0,0
0,0,0
0,0,0
0,0,0
0,0,0
0,0,0
0,1,0
0,0,0
0,0,0
0,0,0
0,0,0
0,0,0
0,0,0
0,0,0
0,0,0
0,0,0
0,0,0
0,0,0
0,0,0
0,0,0
-1,0,0
0,0,0
0,0,0

RawData: 30
0,0,0,0,0,0,0,0,0,0,0,0,0,0,0,0.9419881,1,0.9202144,0,0,0,0,0,0,0,0,0,0,0,0,0,0,0,0,0,0,0,0,0,0,0,0,0,0,0,0,0,0,0.8673941,1,0.9802667,0,0,0,0,0,0,0,0,0,0,0,0,0,0,0,0,0,0,0,0,0,0,0,0,0,0,0,0,0,0,0.9612253,1,0.8910622,0,0,0,0,0,0,0,0,0,0,0,0,0,0,0,0,0,0,0,0,0,0,0,0,0,0,0,0,0,0,0,1,0.9690338,0,0,0,0,0,0,0,0,0,0,0,0,0,0,0,0,0,0,0,0,0,0,0,0,0,0,0,0,0,0,0,0.9862824,1,0.861261,0,0,0,0,0,0,0,0,0,0,0,0,0,0
0,0,0,0,0,0,0,0,0,0,0,0,0,0,0,0.9230382,1,0.8984092,0,0,0,0,0,0,0,0,0,0,0,0,0,0,0,0,0,0,0,0,0,0,0,0,0,0,0,0,0,0,0.8226249,1,0.9744918,0.7035325,0,0,0,0,0,0,0,0,0,0,0,0,0,0,0,0,0,0,0,0,0,0,0,0,0,0,0,0,0,0.946951,1,0.8632832,0,0,0,0,0,0,0,0,0,0,0,0,0,0,0,0,0,0,0,0,0,0,0,0,0,0,0,0,0,0,0.8630647,1,0.9411731,0,0,0,0,0,0,0,0,0,0,0,0,0,0,0,0,0,0,0,0,0,0,0,0,0,0,0,0,0,0,0.7050429,0.9703268,1,0.8251402,0,0,0,0,0,0,0,0,0,0,0,0,0,0
0,0,0,0,0,0,0,0,0,0,0,0,0,0,0,0.927992,1,0.8981538,0,0,0,0,0,0,0,0,0,0,0,0,0,0,0,0,0,0,0,0,0,0,0,0,0,0,0,0,0,0,0.8268062,1,0.9749489,0,0,0,0,0,0,0,0,0,0,0,0,0,0,0,0,0,0,0,0,0,0,0,0,0,0,0,0,0,0,0.9535266,1,0.8741042,0,0,0,0,0,0,0,0,0,0,0,0,0,0,0,0,0,0,0,0,0,0,0,0,0,0,0,0,0,0,0.8772655,1,0.9266388,0,0,0,0,0,0,0,0,0,0,0,0,0,0,0,0,0,0,0,0,0,0,0,0,0,0,0,0,0,0,0,0.9669172,1,0.8372499,0,0,0,0,0,0,0,0,0,0,0,0,0,0
0,0,0,0,0,0,0,0,0,0,0,0,0,0,0,0.9262403,1,0.8848033,0,0,0,0,0,0,0,0,0,0,0,0,0,0,0,0,0,0,0,0,0,0,0,0,0,0,0,0,0,0,0.8391458,1,0.962471,0,0,0,0,0,0,0,0,0,0,0,0,0,0,0,0,0,0,0,0,0,0,0,0,0,0,0,0,0,0.7246163,0.9518204,1,0.8669273,0,0,0,0,0,0,0,0,0,0,0,0,0,0,0,0,0,0,0,0,0,0,0,0,0,0,0,0,0,0,0.873042,1,0.9299737,0,0,0,0,0,0,0,0,0,0,0,0,0,0,0,0,0,0,0,0,0,0,0,0,0,0,0,0,0,0,0,0.9667128,1,0.8067404,0,0,0,0,0,0,0,0,0,0,0,0,0,0
0,0,0,0,0,0,0,0,0,0,0,0,0,0,0,0.9119228,1,0.8781185,0,0,0,0,0,0,0,0,0,0,0,0,0,0,0,0,0,0,0,0,0,0,0,0,0,0,0,0,0,0,0.8310258,1,0.9536349,0,0,0,0,0,0,0,0,0,0,0,0,0,0,0,0,0,0,0,0,0,0,0,0,0,0,0,0,0,0,0.9428346,1,0.8474559,0,0,0,0,0,0,0,0,0,0,0,0,0,0,0,0,0,0,0,0,0,0,0,0,0,0,0,0,0,0,0.8143191,1,0.9234807,0,0,0,0,0,0,0,0,0,0,0,0,0,0,0,0,0,0,0,0,0,0,0,0,0,0,0,0,0,0,0,0.9771569,1,0,0,0,0,0,0,0,0,0,0,0,0,0,0,0
0,0,0,0,0,0,0,0,0,0,0,0,0,0,0,0.9258607,1,0.9056803,0,0,0,0,0,0,0,0,0,0,0,0,0,0,0,0,0,0,0,0,0,0,0,0,0,0,0,0,0,0,0.8557578,1,0.9675482,0,0,0,0,0,0,0,0,0,0,0,0,0,0,0,0,0,0,0,0,0,0,0,0,0,0,0,0,0,0,0.9555379,1,0.8781108,0,0,0,0,0,0,0,0,0,0,0,0,0,0,0,0,0,0,0,0,0,0,0,0,0,0,0,0,0,0,0.8844829,1,0.9148182,0,0,0,0,0,0,0,0,0,0,0,0,0,0,0,0,0,0,0,0,0,0,0,0,0,0,0,0,0,0,0,0.9874931,1,0.8319018,0,0,0,0,0,0,0,0,0,0,0,0,0,0
0,0,0,0,0,0,0,0,0,0,0,0,0,0,0,0.926271,1,0.9017658,0,0,0,0,0,0,0,0,0,0,0,0,0,0,0,0,0,0,0,0,0,0,0,0,0,0,0,0,0,0,0.857563,1,0.9715713,0,0,0,0,0,0,0,0,0,0,0,0,0,0,0,0,0,0,0,0,0,0,0,0,0,0,0,0,0,0,0.9543883,1,0.8860372,0,0,0,0,0,0,0,0,0,0,0,0,0,0,0,0,0,0,0,0,0,0,0,0,0,0,0,0,0,0,0.8792181,1,0.9542656,0,0,0,0,0,0,0,0,0,0,0,0,0,0,0,0,0,0,0,0,0,0,0,0,0,0,0,0,0,0,0.7942911,0.9973519,1,0.801268,0,0,0,0,0,0,0,0,0,0,0,0,0,0
0,0,0,0,0,0,0,0,0,0,0,0,0,0,0,0.8876483,1,0.9140432,0,0,0,0,0,0,0,0,0,0,0,0,0,0,0,0,0,0,0,0,0,0,0,0,0,0,0,0,0,0,0.8032773,1,0.9798797,0,0,0,0,0,0,0,0,0,0,0,0,0,0,0,0,0,0,0,0,0,0,0,0,0,0,0,0,0,0.6810095,0.9237654,1,0.8965755,0,0,0,0,0,0,0,0,0,0,0,0,0,0,0,0,0,0,0,0,0,0,0,0,0,0,0,0,0,0,0.8238308,1,0.9743022,0.7187374,0,0,0,0,0,0,0,0,0,0,0,0,0,0,0,0,0,0,0,0,0,0,0,0,0,0,0,0,0,0,0.9613025,1,0.8573149,0,0,0,0,0,0,0,0,0,0,0,0,0,0
0,0,0,0,0,0,0,0,0,0,0,0,0,0,0,0.9051504,1,0.9051444,0,0,0,0,0,0,0,0,0,0,0,0,0,0,0,0,0,0,0,0,0,0,0,0,0,0,0,0,0,0,0.8342955,1,0.9889367,0.7561674,0,0,0,0,0,0,0,0,0,0,0,0,0,0,0,0,0,0,0,0,0,0,0,0,0,0,0,0,0.6771749,0.9295951,1,0.9003975,0,0,0,0,0,0,0,0,0,0,0,0,0,0,0,0,0,0,0,0,0,0,0,0,0,0,0,0,0,0,0.8494161,1,0.976342,0.7846715,0,0,0,0,0,0,0,0,0,0,0,0,0,0,0,0,0,0,0,0,0,0,0,0,0,0,0,0,0,0.7521343,0.9587753,1,0.8732685,0,0,0,0,0,0,0,0,0,0,0,0,0,0
0,0,0,0,0,0,0,0,0,0,0,0,0,0,0,0.8781179,1,0.9051103,0,0,0,0,0,0,0,0,0,0,0,0,0,0,0,0,0,0,0,0,0,0,0,0,0,0,0,0,0,0,0.752791,0.9965777,1,0.7402688,0,0,0,0,0,0,0,0,0,0,0,0,0,0,0,0,0,0,0,0,0,0,0,0,0,0,0,0,0,0.9296082,1,0.8803489,0,0,0,0,0,0,0,0,0,0,0,0,0,0,0,0,0,0,0,0,0,0,0,0,0,0,0,0,0,0,0.8225777,1,0.9732581,0.6973317,0,0,0,0,0,0,0,0,0,0,0,0,0,0,0,0,0,0,0,0,0,0,0,0,0,0,0,0,0,0,0.9150125,1,0.8566388,0,0,0,0,0,0,0,0,0,0,0,0,0,0
0,0,0,0,0,0,0,0,0,0,0,0,0,0,0.7869806,0.9413093,1,0.9052552,0,0,0,0,0,0,0,0,0,0,0,0,0,0,0,0,0,0,0,0,0,0,0,0,0,0,0,0,0,0,0.8410756,1,0.9857249,0.7557656,0,0,0,0,0,0,0,0,0,0,0,0,0,0,0,0,0,0,0,0,0,0,0,0,0,0,0,0,0,0,1,0.9185753,0,0,0,0,0,0,0,0,0,0,0,0,0,0,0,0,0,0,0,0,0,0,0,0,0,0,0,0,0.6790043,0.8148211,0.8800789,1,0.9793752,0.7505776,0,0,0,0,0,0,0,0,0,0,0,0,0,0,0,0,0,0,0,0,0,0,0,0,0,0,0,0,0.7037811,0.8579181,0.9633504,1,0.8711615,0,0,0,0,0,0,0,0,0,0,0,0,0,0
0,0,0,0,0,0,0,0,0,0,0,0.682052,0.8101708,0.8820795,0.9101682,0.9425337,1,0.9006019,0,0,0,0,0,0,0,0,0,0,0,0,0,0,0,0,0,0,0,0,0,0,0,0,0,0,0,0.7268555,0.7751709,0.7746806,0.7917917,0.9640687,1,0.8253548,0,0,0,0,0,0,0,0,0,0,0,0,0,0,0,0,0,0,0,0,0,0,0,0,0,0.7928431,0.868506,0.8745768,0.8071919,0.9323594,1,0.8797438,0,0,0,0,0,0,0,0,0,0,0,0,0,0,0,0,0,0,0,0,0,0,0,0,0,0.7504188,0.8204873,0.8938389,0.9555792,0.972343,0.8802195,0.9932946,1,0.8221981,0,0,0,0,0,0,0,0,0,0,0,0,0,0,0,0,0,0,0,0,0,0,0,0,0,0,0.7401597,0.8091315,0.8391276,0.7162306,0.939176,1,0.8846142,0,0,0,0,0,0,0,0,0,0,0,0,0,0
0,0,0,0,0,0,0,0,0,0,0,0.8242865,0,0,0,0.9115946,1,0.8978644,0,0,0,0,0,0,0,0,0,0,0,0,0,0,0,0,0,0,0,0,0,0,0,0,0,0,0.8068461,0.8108243,0.8211752,0,0,0.9814534,1,0.8464683,0,0,0,0,0,0,0,0,0,0,0,0,0,0,0,0,0,0,0,0,0,0,0,0,0.8172956,0.8290876,0.8134559,0.789637,0,0.9380694,1,0.8695078,0.762483,0,0,0,0,0,0,0,0,0,0,0,0,0,0,0,0,0,0,0,0,0,0.8580788,0.8768685,0.8574442,0.8952861,0.931174,0.8946107,0,0,0.8767322,1,0,0,0,0,0,0,0,0,0,0,0,0,0,0,0,0,0,0,0,0,0,0,0,0,0.7997442,0.8006006,0,0,0.842938,0,0,0,0.9228102,1,0.8894473,0,0,0,0,0,0,0,0,0,0,0,0,0,0
0,0,0,0,0,0.6870267,0.7081256,0.7157089,0.6843576,0,0.6577843,0.6694058,0.714094,0.7269735,0.6919716,0.898213,1,0.9218407,0,0,0,0,0,0,0,0,0,0,0,0,0,0,0,0,0,0,0,0,0,0,0.7461374,0.7832803,0.7557922,0.7600411,0.7957265,0.8040651,0.773285,0.7584289,0.6738078,0.9537476,1,0.8608657,0.6771942,0.6569589,0,0,0,0,0,0,0,0,0,0,0,0,0,0,0,0,0.6373411,0.7070989,0.745111,0.6619296,0.7110629,0.710575,0.7772203,0.8057243,0.7695467,0.6546679,0.6843681,0.914818,1,0.9308068,0.684956,0,0,0,0,0,0,0,0,0,0,0,0,0,0,0,0,0,0,0.7415283,0.8376389,0.8435029,0.8422089,0.7284499,0.7008784,0.8007069,0.7963531,0.7610619,0.6613255,0.7228774,0.861948,1,0.9905974,0.8251367,0.6865392,0,0,0,0,0,0,0,0,0,0,0,0,0,0,0,0,0,0,0.7989916,0.8266341,0,0.8033697,0.6944176,0,0.7163934,0.7648245,0.7326305,0.8362496,0.8619868,0.988395,1,0.8924606,0.8023201,0,0,0,0,0,0,0,0,0,0,0,0,0
0,0,0,0,0,0,0,0,0,0,0,0,0,0,0,0.8742514,1,0.9215072,0,0,0,0,0,0,0,0,0,0,0,0,0,0,0,0,0,0,0,0,0,0.7957162,0.8973448,0.7791693,0.862502,0.8453842,0,0,0,0,0.7544587,1,0.9847931,0.7953814,0,0,0,0,0,0,0,0,0,0,0,0,0,0,0,0,0,0,0.7017596,0.7178574,0.7607972,0.7752044,0.6849297,0.7996718,0.7736355,0.7275428,0.6998769,0.7156338,0,0.949829,1,0.7666026,0.750872,0,0,0,0,0,0,0,0,0,0,0,0,0,0,0,0,0,0,0.7105207,0.6975504,0.6858358,0.716643,0.7070774,0.7589247,0.7632961,0.6908356,0.6719882,0,0,0.8106773,1,0.9983558,0.8466959,0,0,0,0,0,0,0,0,0,0,0,0,0,0,0,0,0,0,0,0,0,0.772007,0.7646565,0,0,0.7154726,0.6400056,0.6500258,0,0.6935371,0.9097074,1,0.9342565,0.6714649,0,0,0,0,0,0,0,0,0,0,0,0,0
0,0,0,0,0,0,0,0,0,0.6963496,0.727771,0.7145162,0.6897475,0,0,0.8911843,1,0.9146985,0,0,0,0,0,0,0,0,0,0,0,0,0,0,0,0,0,0,0,0,0,0,0.8302895,0.9031395,0.9421387,0.8675654,0.7929346,0,0,0,0.8535628,1,0.9479858,0.7448636,0,0,0,0,0,0,0,0,0,0,0,0,0,0,0,0,0,0,0,0,0,0.6665617,0.733462,0.7717196,0.6992915,0.6768616,0,0,0.6890735,0.911798,1,0.9196086,0.7137493,0,0,0,0,0,0,0,0,0,0,0,0,0,0,0,0,0,0,0,0,0,0,0.7231435,0.8074837,0.7969555,0,0.7220774,0.6645699,0.7059491,0.8264459,1,0.9562643,0.8023999,0,0,0,0,0,0,0,0,0,0,0,0,0,0,0,0,0,0,0,0,0.6602881,0.7444177,0.7986085,0.7997369,0.7984268,0.8078632,0.7470643,0.6667571,0.6848782,0,0.9116683,1,0.9391553,0.7076276,0,0,0,0,0,0,0,0,0,0,0,0,0
0,0,0,0,0,0,0,0,0,0,0,0,0,0,0.7292706,0.9385435,1,0.8988897,0.6927876,0,0,0,0,0,0,0,0,0,0,0,0,0,0,0,0,0,0,0,0,0,0,0,0,0,0,0.7697028,0.7915756,0.7826541,0.8576517,1,0.98831,0.7742644,0,0,0,0,0,0,0,0,0,0,0,0,0,0,0,0,0,0,0,0,0,0,0,0,0,0,0.7201392,0.7067063,0.8098829,0.9719253,1,0.8342566,0.7447298,0,0,0,0,0,0,0,0,0,0,0,0,0,0,0,0,0,0,0,0,0,0,0,0,0,0.6683707,0.6731699,0.7349027,0,0.8357975,1,0.9894496,0.8258474,0,0,0,0,0,0,0,0,0,0,0,0,0,0,0,0,0,0,0,0,0,0,0,0,0,0,0,0,0,0.8387929,1,0.9826187,0.8200895,0.7925981,0,0,0,0,0,0,0,0,0,0,0,0,0
0,0,0,0,0,0,0,0,0,0,0,0,0,0,0.690019,0.9288487,1,0.9106525,0.7530084,0.680278,0,0,0,0,0,0,0,0,0,0,0,0,0,0,0,0,0,0,0,0,0,0,0,0,0,0,0,0.7247257,0.8337699,0.999405,1,0.8800001,0.7865562,0,0,0,0,0,0,0,0,0,0,0,0,0,0,0,0,0,0,0,0,0,0,0,0,0,0,0.6632578,0,0.9387524,1,0.8732108,0.8379315,0.727064,0,0.7038569,0.6935337,0.6721864,0,0,0,0,0,0,0,0,0,0,0,0,0,0,0,0,0,0,0,0,0,0,0,0,0.8869649,1,0.9350373,0.675756,0.7543062,0.6942634,0,0,0,0,0,0,0,0,0,0,0,0,0,0,0,0,0,0,0,0,0,0,0,0,0,0,0,0.6547638,0.9655446,1,0.8858185,0.7140207,0.6506776,0.6905354,0,0,0,0,0,0,0,0,0,0,0
0,0,0,0,0,0,0,0,0,0,0,0,0,0,0,0.9413582,1,0.8931346,0,0,0,0,0,0,0,0,0,0,0,0,0,0,0,0,0,0,0,0,0,0,0,0,0,0,0,0,0,0.8348644,0.8166331,1,0.9859785,0,0.8550324,0,0,0,0,0,0,0,0,0,0,0,0,0,0,0,0,0,0,0,0,0,0,0,0,0,0,0,0,0.9404207,1,0.8876663,0.8335838,0.7984101,0,0,0.7644246,0,0,0,0,0,0,0,0,0,0,0,0,0,0,0,0,0,0,0,0,0,0,0,0,0,0.9055081,1,0.955488,0.8335705,0.8106552,0,0,0.7853887,0.7935429,0,0,0,0,0,0,0,0,0,0,0,0,0,0,0,0,0,0,0,0,0,0,0,0,0,0.9724272,1,0.8484788,0.8045992,0.7835518,0,0,0,0,0,0,0,0,0,0,0,0
0,0,0,0,0,0,0,0,0,0,0,0,0,0,0,0.9300023,1,0.9078582,0,0.7700985,0.7552591,0.8116711,0.822203,0.7293239,0,0,0,0,0,0,0,0,0,0,0,0,0,0,0,0,0,0,0,0,0,0.7693503,0.7965959,0.8941289,0.9225145,1,0.9696108,0,0,0,0,0,0,0,0,0,0,0,0,0,0,0,0,0,0,0,0,0,0,0,0,0,0,0,0,0,0,0.9479011,1,0.8723214,0,0,0,0,0.7161735,0,0,0,0,0,0,0,0,0,0,0,0,0,0,0,0,0,0,0,0,0,0,0,0.8152803,0.8031265,0.8653868,1,0.9696143,0,0.8168896,0.8008518,0.8072485,0.8029884,0,0,0,0,0,0,0,0,0,0,0,0,0,0,0,0,0,0,0,0,0,0.737703,0.7741129,0.8040333,0.759464,0,0.9837313,1,0.834501,0.7459575,0,0.7542686,0.7656815,0,0,0,0,0,0,0,0,0,0
0,0,0,0,0,0,0,0,0,0,0,0,0,0,0.7736774,0.9016799,1,0.8826093,0,0.8186109,0.8095545,0.7481514,0.7176318,0,0,0,0,0,0,0,0,0,0,0,0,0,0,0,0,0,0,0,0,0,0.7437764,0.7500355,0.7897544,0.8209648,0.8676007,1,0.9677725,0.756961,0,0,0,0,0,0,0,0,0,0,0,0,0,0,0,0,0,0,0,0,0,0,0,0,0,0,0,0.7492211,0.6994839,0.9453226,1,0.8813878,0,0.7532903,0.7748584,0.7373781,0,0,0,0,0,0,0,0,0,0,0,0,0,0,0,0,0,0,0,0,0,0,0,0,0,0.7216747,0.8945878,1,0.9191663,0.7834501,0.7750129,0.7511649,0,0,0,0,0,0,0,0,0,0,0,0,0,0,0,0,0,0,0,0,0,0,0,0,0,0.7760297,0,0.8674525,0.9963095,1,0.8819125,0.7433137,0.7975599,0.7669944,0.7447349,0,0,0,0,0,0,0,0,0,0
0,0,0,0,0,0,0,0,0,0,0,0,0,0,0.6925628,0.9368897,1,0.8983412,0.8354919,0.7918957,0,0,0,0,0,0,0,0,0,0,0,0,0,0,0,0,0,0,0,0,0,0,0,0,0,0.7426807,0.8087265,0.8179764,0.9104061,1,0.9564472,0.7210076,0,0,0,0,0,0,0,0,0,0,0,0,0,0,0,0,0,0,0,0,0,0,0,0,0,0,0.7125636,0.7900658,0.7367067,0.9517952,1,0.8562418,0.6698719,0,0,0,0,0,0,0,0,0,0,0,0,0,0,0,0,0,0,0,0,0,0,0,0,0,0,0,0.7126005,0.7711492,0.935923,1,0.9090405,0.7305115,0.6741006,0.6933315,0,0,0,0,0,0,0,0,0,0,0,0,0,0,0,0,0,0,0,0,0,0,0.8215098,0.8568676,0.8877906,0.8851996,0,0.9040459,0,1,0,0,0,0,0,0,0,0,0,0,0,0,0,0,0
0,0,0,0,0,0,0,0,0,0,0,0,0,0,0,0.9631855,1,0,0.9004843,0,0,0,0,0,0,0,0,0,0,0,0,0,0,0,0,0,0,0,0,0,0,0,0,0,0,0,0,0,0.9045044,1,0.9658104,0,0,0,0,0,0,0,0,0,0,0,0,0,0,0,0,0,0,0,0,0,0,0,0,0,0,0,0,0,0.8170642,0.9855371,1,0.8189946,0.7703334,0,0,0,0,0,0,0,0,0,0,0,0,0,0,0,0,0,0,0,0,0,0,0,0,0,0,0,0,0.7837383,0.9298354,0.9130617,1,0.9238709,0.8159333,0,0,0,0,0,0,0,0,0,0,0,0,0,0,0,0,0,0,0,0,0,0,0,0,0,0,0,0,0.8903305,1,0.9838683,0.7981386,0.796137,0,0,0,0,0,0,0,0,0,0,0,0,0
0,0,0,0,0,0,0,0,0,0,0,0,0,0,0.6941356,0.8899141,1,0.8661745,0.8649144,0.885815,0.8504327,0.7606621,0,0,0,0,0,0,0,0,0,0,0,0,0,0,0,0,0,0,0,0,0,0,0,0,0,0,0.8944548,1,0.9055726,0.7685428,0.7921386,0.8002217,0,0,0,0,0,0,0,0,0,0,0,0,0,0,0,0,0,0,0,0,0,0,0,0,0,0,0.800276,0.8665421,1,0.8846911,0.7795302,0.7957622,0.776399,0.739172,0,0,0,0,0,0,0,0,0,0,0,0,0,0,0,0,0,0,0,0,0,0,0,0,0,0.6963477,0.9411964,1,0.9145936,0.750616,0.8376049,0.7526023,0,0,0,0,0,0,0,0,0,0,0,0,0,0,0,0,0,0,0,0,0,0,0,0,0,0,0,0.8589367,0.9966459,1,0.8337678,0.8528411,0.7466276,0.7012507,0,0,0,0,0,0,0,0,0,0,0
0,0,0,0,0,0,0,0,0,0,0,0,0,0,0.6939607,0.9475973,1,0.861197,0.6680114,0.7338251,0.8866909,0.9362471,0.8674318,0.7106985,0,0,0,0,0,0,0,0,0,0,0,0,0,0,0,0,0,0,0,0,0,0,0,0,0.8270392,1,0.9471542,0,0.8017527,0.7992249,0.8177894,0.7088814,0.8006566,0.8358476,0.7812743,0.7258583,0,0,0,0,0,0,0,0,0,0,0,0,0,0,0,0,0,0,0,0,0.7925709,0.9733799,1,0.8641966,0.7445324,0.8029234,0.7757251,0.8570815,0.8492946,0.741488,0.6771176,0,0,0,0,0,0,0,0,0,0,0,0,0,0,0,0,0,0,0,0,0,0,0.7053729,0.9276426,1,0.9226099,0.7204319,0.7749904,0.7700427,0.8060119,0.8083954,0.7575863,0.6385158,0,0,0,0,0,0,0,0,0,0,0,0,0,0,0,0,0,0,0,0,0,0,0,0.9126892,0.9784361,1,0.845607,0.6893464,0.7409767,0.7917778,0.8090878,0.7897132,0.7594412,0,0,0,0,0,0,0,0
0,0,0,0,0,0,0,0,0,0,0,0,0,0,0.758678,0.9039932,1,0.8917764,0.7780076,0.7544737,0.8446242,0.855957,0.8387826,0.7487718,0,0,0,0,0,0,0,0,0,0,0,0,0,0,0,0,0,0,0,0,0,0,0,0,0.9086767,1,0.9616508,0.8055698,0,0,0.7832463,0.808078,0,0.8212203,0,0.8658153,0.7734064,0,0,0,0,0,0,0,0,0,0,0,0,0,0,0,0,0,0,0,0.810832,0.8916268,1,0.8579494,0.8128229,0.8007694,0.8181444,0.8423333,0,0.7736807,0,0.7913258,0.7758554,0,0,0,0,0,0,0,0,0,0,0,0,0,0,0,0,0,0,0,0,0.7310603,0.7599508,1,0.966822,0.7988002,0.8178594,0.781486,0,0.7883447,0.8378451,0,0.71255,0.7712092,0.7217721,0,0,0,0,0,0,0,0,0,0,0,0,0,0,0,0,0,0,0,0,0.8757681,1,0.9727192,0,0.6935051,0,0.7111857,0.7489677,0.7869238,0.7507939,0,0.7267058,0.7654584,0,0,0,0,0
0,0,0,0,0,0,0,0,0,0,0,0,0,0,0,0.9435782,1,0.8511641,0.8253393,0.742603,0.7728871,0.7405561,0,0,0,0,0,0,0,0,0,0,0,0,0,0,0,0,0,0,0,0,0,0,0,0,0,0,0.9657475,0.8882751,0.9533513,0,0.9225088,0.9335461,0,0.8872309,0.9440423,0.9105722,1,0.943872,0,0,0,0,0,0,0,0,0,0,0,0,0,0,0,0,0,0,0,0,0.7975575,0.9709289,1,0.8666602,0,0.7468947,0,0.767803,0,0.7496189,0.8330887,0.866573,0.7985032,0,0,0,0,0,0,0,0,0,0,0,0,0,0,0,0,0,0,0,0,0.7500839,0.8942015,1,0.9509358,0.8289726,0.8662351,0.7132144,0,0,0.7716966,0.8221776,0.8181191,0.8068283,0,0,0,0,0,0,0,0,0,0,0,0,0,0,0,0,0,0,0,0,0,0.8066223,0.9850044,1,0.8271078,0.7719327,0.8077353,0.7878373,0,0.7562855,0.7603539,0.8721939,0.9127771,0.8568619,0,0,0,0,0
0,0,0,0,0,0,0,0,0,0,0,0,0.6954226,0.6770776,0,0.9287086,1,0.9303177,0.7879066,0,0,0.6667248,0.6618832,0.6553832,0,0,0,0,0,0,0,0,0,0,0,0,0,0,0,0,0,0,0,0,0,0,0,0.8049842,0.9327663,1,0.9649783,0.8946954,0.8612204,0.8540806,0.9097589,0.9009938,0.9036932,0.7632372,0.8019468,0,0,0,0,0,0,0,0,0,0,0,0,0,0,0,0,0,0,0,0,0,0.8781388,0.995503,1,0.9578926,0.9105403,0.845484,0,0.941255,0.9767022,0.9312498,0.860065,0.7525445,0,0,0,0,0,0,0,0,0,0,0,0,0,0,0,0,0,0,0,0,0,0.7095471,0.8992833,1,0.960273,0.9754096,0.9076675,0.8282788,0.8294262,0.8157547,0.7556456,0.7889203,0.7605699,0,0,0,0,0,0,0,0,0,0,0,0,0,0,0,0,0,0,0,0,0,0.7640539,0.8414571,0.9325129,1,0.943603,0.8773718,0,0,0.8277551,0.8904782,0.9017698,0.903483,0.8397869,0.7179019,0,0,0,0,0
0,0,0,0,0,0,0,0,0,0,0,0,0,0,0.7388692,0.9321465,1,0.9104205,0.7697824,0,0,0,0,0,0,0,0,0,0,0,0,0,0,0,0,0,0,0,0,0,0,0,0,0,0,0,0,0,0.8487719,0,0.9752844,0.9571735,0.9694047,1,0.8919458,0.8156541,0,0,0,0,0,0,0,0,0,0,0,0,0,0,0,0,0,0,0,0,0,0,0,0,0.8266906,0.9445755,1,0.9483143,0.8216033,0.9230225,0.8823721,0.7346603,0,0,0,0,0,0,0,0,0,0,0,0,0,0,0,0,0,0,0,0,0,0,0,0,0.7105361,0.7053321,0.8529548,1,0.9595391,0.7531711,0.8109687,0.847968,0.7946346,0.7547354,0,0,0,0,0,0,0,0,0,0,0,0,0,0,0,0,0,0,0,0,0,0,0,0,0,0.787281,1,0.9787234,0.8568225,0.8628688,0.8628424,0.861897,0.8445339,0.7565783,0,0,0,0,0,0,0,0,0
0,0,0,0,0,0,0,0,0,0,0,0,0,0,0,0.9271923,1,0.9216462,0,0,0,0,0,0,0,0,0,0,0,0,0,0,0,0,0,0,0,0,0,0,0,0,0,0,0,0,0,0,0.9069227,1,0.9643892,0.9335342,0.9438258,0,0,0,0,0,0,0,0,0,0,0,0,0,0,0,0,0,0,0,0,0,0,0,0,0,0,0,0.886959,0.9665333,1,0.9031748,0.8582725,0.8368977,0,0,0,0,0,0,0,0,0,0,0,0,0,0,0,0,0,0,0,0,0,0,0,0,0,0,0,0.8470342,0.9583137,1,0.9742189,0.8652587,0.8597705,0,0,0,0,0,0,0,0,0,0,0,0,0,0,0,0,0,0,0,0,0,0,0,0,0,0,0,0,0.9427982,0.9949303,1,0.9006329,0.9695334,0.8851446,0,0,0,0,0,0,0,0,0,0,0,0
