GestureName: w
Duration(ms): 1081
Handedness: right

SpeakerAngles: 5
55
-55
0
0
110

SpeakerElevations: 5
-10
-10
-10
0
30

InterpretedPoints: 23
0,0,0
0,0,0
0,0,0
0,0,0
1.63468575993652,1.79080091922501,0.805407289332278
1.62759536269875,1.50694428349962,0.305407289332279
1.62759536269875,1.39241148756016,0.82635182233307
0.0283615889511002,7.02908081398702,0.784462756331487
5.68240297497007,16.0916733160672,-0.104722665003956
8.12379601901819,17.1878866709013,1.22162915732911
4.86860529362069,7.91454801804757,1.30540728933228
-3.2551907253975,0.0702597349646401,-1.47905546699921
0,-1.98480775301221,0.17364817766693
0,0,0
0.792526489636049,6.96676475603726,-1.52094453300079
2.41303145509702,8.3803464346899,-1.36824088833465
6.48911025908166,7.16802015979738,1.45811093399842
4.05480761227132,5.21074615077359,0.805407289332278
1.62759536269875,3.52213653048741,0.479055466999209
4.04771721503354,3.81235671910874,0.82635182233307
-2.42721224957257,-5.80314241622564,0.194592710667721
-2.43430264681035,-5.9268895150482,-0.305407289332279
0,-0.984807753012208,0.17364817766693

StrokePoints: 24
0,0,0
0,0,0
0,0,0
0,0,0
0,0,0
1.63468575993652,1.79080091922501,0.805407289332278
3.26228112263527,3.29774520272462,1.11081457866456
4.88987648533402,4.69015669028478,1.93716640099763
4.91823807428512,11.7192375042718,2.72162915732911
10.6006410492552,27.810910820339,2.61690649232516
18.7244370682734,44.9987974912403,3.83853564965427
23.5930423618941,52.9133455092878,5.14394293898655
20.3378516364966,52.9836052442525,3.66488747198734
20.3378516364966,50.9987974912403,3.83853564965427
20.3378516364966,50.9987974912403,3.83853564965427
21.1303781261326,57.9655622472775,2.31759111665348
23.5434095812296,66.3459086819674,0.94935022831883
30.0325198403113,73.5139288417648,2.40746116231725
34.0873274525826,78.7246749925384,3.21286845164953
35.7149228152814,82.2468115230258,3.69192391864873
39.7626400303149,86.0591682421345,4.5182757409818
37.3354277807423,80.2560258259089,4.71286845164953
34.901125133932,74.3291363108607,4.40746116231725
34.901125133932,73.3443285578485,4.58110933998418

Velocities: 23
0,0,0
0,0,0
0,0,0
0,0,0
1,2,1
1,1,2
0,0,1
0,4,3
6,4,5
6,4,6
2,0,2
-1,-1,-1
0,0,-1
0,0,0
1,-2,4
3,-1,3
3,0,3
2,0,2
1,1,1
1,-2,2
-2,0,-2
-1,0,-3
0,0,-1

InverseVelocities: 23
0,0,0
0,0,0
0,0,0
0,0,0
0,0,-1
-2,0,-2
0,0,-1
0,0,-1
0,0,0
0,0,0
0,0,-1
0,0,0
0,0,0
0,0,0
0,1,-2
0,0,-2
0,0,0
0,0,-1
0,0,0
-7,0,-9
0,0,0
0,0,0
0,0,0

RawData: 23
0,0,0,0,0,0,0,0,0,0,0,0,0,0.5990173,0.7454633,0.9334737,1,0.8851144,0.6199473,0,0,0,0,0,0,0,0,0,0,0,0,0,0,0,0,0,0,0,0,0,0,0,0,0,0,0,0,0,0.8031739,1,0.9569718,0.7210135,0,0,0,0,0,0,0,0,0,0,0,0,0,0,0,0,0,0,0,0,0,0,0,0,0,0,0,0,0.7097028,0.9518638,1,0.8259835,0.5728251,0,0,0,0,0,0,0,0,0,0,0,0,0,0,0,0,0,0,0,0,0,0,0,0,0,0,0,0,0.6501749,0.831637,1,0.9728483,0.7432989,0,0,0,0,0,0,0,0,0,0,0,0,0,0,0,0,0,0,0,0,0,0,0,0,0,0,0,0,0.6950045,0.8603199,1,0.9949719,0.7867037,0,0,0,0,0,0,0,0,0,0,0,0,0,0
0,0,0,0,0,0,0,0,0,0,0,0,0,0,0,0.931805,1,0.8869911,0,0,0,0,0,0,0,0,0,0,0,0,0,0,0,0,0,0,0,0,0,0,0,0,0,0,0,0,0,0,0.7785718,1,0.9824102,0.7900442,0,0,0,0,0,0,0,0,0,0,0,0,0,0,0,0,0,0,0,0,0,0,0,0,0,0,0,0,0.7042841,0.9507157,1,0.8938155,0,0,0,0,0,0,0,0,0,0,0,0,0,0,0,0,0,0,0,0,0,0,0,0,0,0,0,0,0,0,0.8680037,1,0.9489216,0.7839425,0,0,0,0,0,0,0,0,0,0,0,0,0,0,0,0,0,0,0,0,0,0,0,0,0,0,0,0,0,0.7006938,0.9598351,1,0.8717767,0,0,0,0,0,0,0,0,0,0,0,0,0,0
0,0,0,0,0,0,0,0,0,0,0,0,0,0,0,0.9169372,1,0.8908238,0,0,0,0,0,0,0,0,0,0,0,0,0,0,0,0,0,0,0,0,0,0,0,0,0,0,0,0,0,0,0.8017683,0.9991895,1,0.7832543,0.6115243,0,0,0,0,0,0,0,0,0,0,0,0,0,0,0,0,0,0,0,0,0,0,0,0,0,0,0,0.5577711,0.9345805,1,0.8911733,0,0,0,0,0,0,0,0,0,0,0,0,0,0,0,0,0,0,0,0,0,0,0,0,0,0,0,0,0,0,0.8801494,1,0.9206798,0.7500472,0,0,0,0,0,0,0,0,0,0,0,0,0,0,0,0,0,0,0,0,0,0,0,0,0,0,0,0,0,0.6658935,0.9597114,1,0.8599923,0,0,0,0,0,0,0,0,0,0,0,0,0,0
0,0,0,0,0,0,0,0,0,0,0,0,0,0,0,0.9166114,1,0.8998855,0,0,0,0,0,0,0,0,0,0,0,0,0,0,0,0,0,0,0,0,0,0,0,0,0,0,0,0,0,0,0.8264942,0.9936996,1,0.8796791,0,0,0,0,0,0,0,0,0,0,0,0,0,0,0,0,0,0,0,0,0,0,0,0,0,0,0,0,0,0.9635002,1,0.8405117,0,0,0,0,0,0,0,0,0,0,0,0,0,0,0,0,0,0,0,0,0,0,0,0,0,0,0,0,0,0,0.8974773,1,0.9665877,0.7683411,0,0,0,0,0,0,0,0,0,0,0,0,0,0,0,0,0,0,0,0,0,0,0,0,0,0,0,0,0,0,0.9696465,1,0.8801204,0.7891735,0,0,0,0,0,0,0,0,0,0,0,0,0
0,0,0,0,0,0,0,0,0,0,0,0,0,0.5942886,0.7379569,0.9206611,1,0.9068912,0.7259774,0.6788282,0.595247,0,0,0,0,0,0,0,0,0,0,0,0,0,0,0,0,0,0,0,0,0,0,0,0,0,0,0,0.8181117,1,0.9423283,0.9010598,0.7732987,0.7042951,0.6558583,0,0,0,0,0,0,0,0,0,0,0,0,0,0,0,0,0,0,0,0,0,0,0,0.665394,0.7443166,0.7928559,0.9499269,1,0.8922239,0.7530414,0.7101277,0.6432849,0,0,0,0,0,0,0,0,0,0,0,0,0,0,0,0,0,0,0,0,0,0,0,0,0,0.664989,0.8095573,0.8444665,1,0.9457444,0.786004,0.6821607,0,0,0,0,0,0,0,0,0,0,0,0,0,0,0,0,0,0,0,0,0,0,0,0,0,0,0.6355333,0.668249,0.8087005,0.9581024,1,0.8533581,0.8236553,0.7980542,0.6846308,0.6322988,0,0,0,0,0,0,0,0,0,0
0,0,0,0,0,0,0,0,0,0,0,0.6453719,0.7585715,0.7860388,0.84267,0.8854572,1,0.9417642,0.6621234,0,0.6749138,0,0,0,0,0,0,0,0,0,0,0,0,0,0,0,0,0,0,0,0,0,0,0,0,0,0.666063,0.7223163,0.8851524,0.9963963,1,0.726135,0.6872886,0.664804,0,0,0,0,0,0,0,0,0,0,0,0,0,0,0,0,0,0,0,0,0,0,0,0.6287652,0.7127341,0.8369196,0.8278939,0.9107657,1,0.9148845,0.7010694,0.691869,0.6465688,0.6230612,0,0,0,0,0,0,0,0,0,0,0,0,0,0,0,0,0,0,0,0,0,0,0,0.7015907,0.773473,0.7595983,0.9008632,1,0.9767183,0.7946557,0.6904319,0,0,0,0,0,0,0,0,0,0,0,0,0,0,0,0,0,0,0,0,0,0,0,0,0,0,0.7261761,0.860502,0.8310007,0.9094992,1,0.861518,0.7612077,0.7706919,0.7092121,0,0,0,0,0,0,0,0,0,0,0
0,0,0,0,0,0,0,0,0,0,0,0,0,0.8419741,0.8842409,0.9206078,1,0.9455057,0,0,0,0,0,0,0,0,0,0,0,0,0,0,0,0,0,0,0,0,0,0,0,0,0,0,0,0,0.8617724,0.9145752,0.8464609,1,0.9938181,0.8738183,0.8947269,0,0,0,0,0,0,0,0,0,0,0,0,0,0,0,0,0,0,0,0,0,0,0,0,0,0.8015382,0.8808193,0,0.9535207,1,0.9035317,0.841481,0.8081293,0.7423152,0,0,0,0,0,0,0,0,0,0,0,0,0,0,0,0,0,0,0,0,0,0,0,0,0,0.8364466,0.803178,0.8718659,1,0.9900392,0.8165843,0.7861906,0.7293474,0,0,0,0,0,0,0,0,0,0,0,0,0,0,0,0,0,0,0,0,0,0,0,0,0,0.853167,0.9052488,0.8715955,0.9542103,1,0.8798535,0.8223779,0.8437086,0.7705616,0,0,0,0,0,0,0,0,0,0,0
0,0,0,0,0,0,0,0,0,0,0,0,0,0,0.7490975,0.9416926,1,0.8863185,0.7887919,0.7439069,0,0,0,0,0,0,0,0,0,0,0,0,0,0,0,0,0,0,0,0,0,0,0,0,0,0,0.8355837,0.9434195,0.9377324,1,0.9862508,0.7986485,0.9070597,0.7455454,0.8545659,0.7987177,0.7169463,0,0,0,0,0,0,0,0,0,0,0,0,0,0,0,0,0,0,0,0,0,0.6959231,0.7236263,0.8087705,0.9127241,1,0.8864614,0.7161444,0.7056473,0.7899793,0.6804891,0.6278541,0,0,0,0,0,0,0,0,0,0,0,0,0,0,0,0,0,0,0,0,0,0,0,0.6567154,0.7457359,0.7148773,1,0.9871069,0.8217229,0.6835507,0.6182112,0.7246515,0.7078241,0,0,0,0,0,0,0,0,0,0,0,0,0,0,0,0,0,0,0,0,0,0,0,0.674278,0.8206919,0.8897254,1,0.9711863,0.8901582,0.8820709,0.8249133,0.800486,0.8140642,0.7197956,0,0,0,0,0,0,0,0,0
0,0,0,0,0,0,0,0,0,0,0,0,0,0,0.7139257,0.9139429,1,0.8661014,0,0,0.7481951,0.7510324,0.7141579,0,0.7334762,0.7522793,0,0,0,0,0,0,0,0,0,0,0,0,0,0,0,0,0,0,0,0,0,0,0,0.906846,0.9386688,0.9162704,1,0.9800357,0.9213948,0.9022036,0.8277366,0,0,0,0,0,0,0,0,0,0,0,0,0,0,0,0,0,0,0,0,0,0,0,0.7039795,0.9256507,1,0.8752288,0.8726215,0.8916553,0.7641835,0,0.7480575,0.7232433,0.6837282,0,0,0,0,0,0,0,0,0,0,0,0,0,0,0,0,0,0,0,0,0,0.6620818,0,0.8435995,1,0.9751853,0.7843889,0.8159773,0.820209,0.7712957,0.7033038,0.7132984,0.6986124,0.7355661,0.7064949,0,0,0,0,0,0,0,0,0,0,0,0,0,0,0,0,0,0,0,0,0,0,0.9001132,1,0.9025194,0.8417061,0.8896545,0.9256651,0.8975372,0.8763087,0.8272629,0,0,0,0,0,0,0,0
0,0,0,0,0,0,0,0,0,0,0,0,0,0,0,0.9083831,1,0.9234796,0.719452,0,0.7489493,0.7813413,0.6923895,0,0,0.7199825,0,0,0,0,0,0,0,0,0,0,0,0,0,0,0,0,0,0,0,0,0,0.7333894,0.8281484,0.7500056,0.8851569,0.7887076,0.9841145,1,0.924308,0.8760843,0.8146176,0,0,0,0,0,0,0,0,0,0,0,0,0,0,0,0,0,0,0,0,0,0,0,0.7246307,0.9296135,1,0.911096,0.8262709,0.8736891,0.8186556,0.7135385,0.7818562,0.7522781,0.7146432,0.6762066,0,0,0,0,0,0,0,0,0,0,0,0,0,0,0,0,0,0,0,0.6768495,0.6783743,0,0.8143809,1,0.9861178,0.8124816,0.7447744,0.7535472,0.8539703,0.8712274,0.8888798,0.8633861,0.8291457,0.7179369,0.7129803,0,0,0,0,0,0,0,0,0,0,0,0,0,0,0,0,0,0,0,0,0,0.9063708,1,0.9569187,0.8815433,0.9179255,0.9318971,0.8821371,0.7667684,0.7520884,0,0.7010134,0.6885119,0,0,0,0,0
0,0,0,0,0,0,0,0,0,0,0,0,0,0,0.6850505,0.8809803,1,0.9183484,0.6796371,0.6680779,0.7263941,0.6439667,0,0,0,0,0,0,0,0,0,0,0,0,0,0,0,0,0,0,0,0,0,0,0,0,0.7148145,0.6788858,0.8969716,1,0.9452466,0.8278384,0.8371494,0,0,0,0,0,0,0,0,0,0,0,0,0,0,0,0,0,0,0,0,0,0,0,0,0,0.6026715,0.7308187,0.7972161,0.9397243,1,0.9090261,0.7385949,0.6149292,0.6696693,0.6219082,0,0,0,0,0,0,0,0,0,0,0,0,0,0,0,0,0,0,0,0,0,0,0,0,0.7540702,0.8182234,0.8561533,1,0.9282035,0.931162,0.8684331,0.7107871,0.6795128,0,0,0.6647895,0.685408,0,0,0,0,0,0,0,0,0,0,0,0,0,0,0,0,0,0,0,0,0,0.782914,0.8560627,0.9559402,1,0.9298417,0.8459371,0.7477981,0.8350188,0.8132025,0.7099993,0,0,0,0,0,0,0,0,0
0,0,0,0,0,0,0,0,0,0,0,0,0.6595713,0.7026703,0.8389812,0.9174292,1,0.929313,0.6839226,0,0,0,0,0,0,0,0,0,0,0,0,0,0,0,0,0,0,0,0,0,0,0,0,0,0,0.6952543,0.6694481,0.9288427,1,0.9214474,0.8987512,0.8054871,0,0,0,0,0,0,0,0,0,0,0,0,0,0,0,0,0,0,0,0,0,0,0,0,0,0,0.7294179,0.760336,0.8605446,0.9323991,1,0.8906751,0.7073253,0.6580003,0,0,0,0,0,0,0,0,0,0,0,0,0,0,0,0,0,0,0,0,0,0,0,0,0.7274333,0.6785931,0.7670325,0.7698146,0.7333329,0.9930383,1,0.7977765,0.7252681,0.6612651,0,0,0,0,0,0,0,0,0,0,0,0,0,0,0,0,0,0,0,0,0,0.7093549,0.7398189,0.7535235,0.8013997,0.7796099,0.944051,1,0.8965118,0.9210181,0.8509662,0,0,0,0,0,0,0,0,0,0,0,0,0,0
0,0,0,0,0,0,0,0,0,0,0,0,0,0,0.7913585,0.9468336,1,0.9225098,0,0,0,0,0,0,0,0,0,0,0,0,0,0,0,0,0,0,0,0,0,0,0,0,0,0,0,0,0.789148,0.9363402,1,0.9733136,0.9060653,0.7612984,0,0,0,0,0,0,0,0,0,0,0,0,0,0,0,0,0,0,0,0,0,0,0,0,0,0,0.7333227,0.8259728,0.955081,0.8392829,1,0.912641,0,0,0,0,0,0,0,0,0,0,0,0,0,0,0,0,0,0,0,0,0,0,0,0,0,0,0,0.7439892,0.7687919,0.9020425,0.9652837,1,0.9600987,0.7555169,0,0,0,0,0,0,0,0,0,0,0,0,0,0,0,0,0,0,0,0,0,0,0,0,0,0,0,0,0.8970069,0.9996801,1,0.9981252,0.8682151,0,0,0,0,0,0,0,0,0,0,0,0,0,0
0,0,0,0,0,0,0,0,0,0,0,0,0,0,0.8114967,0.9424258,1,0.911292,0,0,0,0,0,0,0,0,0,0,0,0,0,0,0,0,0,0,0,0,0,0,0,0,0,0,0,0,0.7767081,0.9485985,1,0.9605292,0.9287474,0.8369973,0,0,0,0,0,0,0,0,0,0,0,0,0,0,0,0,0,0,0,0,0,0,0,0,0,0,0,0.8195215,0.9175993,0.9637135,1,0.9124228,0,0,0,0,0,0,0,0,0,0,0,0,0,0,0,0,0,0,0,0,0,0,0,0,0,0,0,0,0,0.9193674,0.953815,1,0.988072,0,0,0,0,0,0,0,0,0,0,0,0,0,0,0,0,0,0,0,0,0,0,0,0,0,0,0,0,0,0.9032625,0.9670928,0.9144568,1,0.909144,0,0,0,0,0,0,0,0,0,0,0,0,0,0
0,0,0,0,0,0,0,0,0,0,0,0,0,0,0.6851512,0.9088439,1,0.9177393,0,0.7468212,0.6507486,0,0,0,0,0,0,0,0,0,0,0,0,0,0,0,0,0,0,0,0,0,0,0,0.7143636,0.8238888,0.9478304,0.969171,1,0.9870425,0.8774502,0.8350211,0.8022189,0.7340335,0,0,0,0,0,0,0,0,0,0,0,0,0,0,0,0,0,0,0,0,0,0,0,0.6289862,0.737999,0.7470579,0.7484023,0.9555174,1,0.8783777,0.7370617,0.6792918,0,0,0.5781996,0.5793973,0,0,0,0,0,0,0,0,0,0,0,0,0,0,0,0,0,0,0,0,0,0.6865977,0.6859136,0.7202249,0.885533,1,0.9557889,0.7748984,0.835125,0.713056,0.6225027,0.6269395,0,0,0,0,0,0,0,0,0,0,0,0,0,0,0,0,0,0,0,0,0,0.6798273,0.7974221,0.8894258,0.8877501,0.9581786,1,0.9218106,0.7698609,0.800029,0.7529989,0,0,0,0,0,0,0,0,0,0,0,0
0,0,0,0,0,0,0,0,0,0,0,0,0,0.6518585,0.6979544,0.9376013,1,0.8770411,0.8533337,0.8965343,0.8283021,0.7541109,0.6687519,0,0,0,0,0,0,0,0,0,0,0,0,0,0,0,0,0,0,0,0,0,0,0.805087,0.9263551,0.7986679,0.9178579,0.9896192,1,0.8175254,0.7150713,0,0,0,0,0,0,0,0,0,0,0,0,0,0,0,0,0,0,0,0,0,0,0,0,0.6207166,0,0.7149116,0.6904503,0.9494978,1,0.8541268,0.7894176,0.7035481,0.7364978,0,0.6195471,0,0,0,0,0,0,0,0,0,0,0,0,0,0,0,0,0,0,0,0,0,0,0.6060134,0.619848,0.6390514,0.9222341,1,0.9358418,0.8200796,0.8051033,0.6970215,0.8097941,0.7594532,0.6288483,0,0,0,0,0,0,0,0,0,0,0,0,0,0,0,0,0,0,0,0,0,0.7812269,0.8343441,0.9597338,0,0.9873259,0.9552141,0.9759889,0.9362022,0.9625407,1,0.9941438,0.8613099,0.7879446,0,0,0,0,0,0,0,0
0,0,0,0,0,0,0,0,0,0,0,0,0,0,0,0.9405772,1,0.9298294,0.8699548,0.868924,0.7373112,0,0.7479962,0,0,0,0,0,0,0,0,0,0,0,0,0,0,0,0,0,0,0,0,0,0,0,0.7794659,0.8998336,0,1,0.9947892,0.8461765,0,0,0,0,0,0,0,0,0,0,0,0,0,0,0,0,0,0,0,0,0,0,0,0,0,0,0,0,0.7334653,0.9609566,1,0.8661192,0.7090572,0.8065019,0.7743699,0.8013919,0.7205308,0,0,0,0,0,0,0,0,0,0,0,0,0,0,0,0,0,0,0,0,0,0,0,0,0.7134395,0.9066876,1,0.9387507,0.768652,0.8219695,0.868271,0.8301703,0.7349989,0.7367776,0,0,0,0,0,0,0,0,0,0,0,0,0,0,0,0,0,0,0,0,0,0,0.783636,0.7887632,0.8958996,1,0.9597918,0.8970972,0.8757378,0.894084,0.9057546,0.9052572,0.8154322,0.7589916,0,0,0,0,0,0,0,0
0,0,0,0,0,0,0,0,0,0,0,0,0,0,0,0.9441883,1,0.9107052,0.8706215,0.8398425,0.8474919,0.7473888,0,0,0,0,0,0,0,0,0,0,0,0,0,0,0,0,0,0,0,0,0,0,0,0,0,0,0,0,1,0,0,0,0,0,0,0,0,0,0,0,0,0,0,0,0,0,0,0,0,0,0,0,0,0,0,0,0.7453367,0.7637101,0.7543482,0.9619745,1,0.8862614,0.792847,0.7790403,0.8363323,0.7814702,0,0,0,0,0,0,0,0,0,0,0,0,0,0,0,0,0,0,0,0,0,0,0,0,0,0.7855228,0.8853257,1,0.9207875,0.8898134,0.85231,0.87393,0.8439659,0.7835985,0,0,0,0,0,0,0,0,0,0,0,0,0,0,0,0,0,0,0,0,0,0,0,0.7753412,0.7849147,0.8206139,0.9428231,1,0.9299134,0.8541073,0.8282408,0.8231607,0.7936397,0,0,0,0,0,0,0,0,0,0
0,0,0,0,0,0,0,0,0,0,0,0,0,0,0.6910465,0.9173259,1,0.9144709,0.843697,0.8174265,0.7199076,0,0,0,0,0,0,0,0,0,0,0,0,0,0,0,0,0,0,0,0,0,0,0,0,0,0,0,0.9076703,1,0.9358615,0,0.8059347,0.7569069,0,0,0,0,0,0,0,0,0,0,0,0,0,0,0,0,0,0,0,0,0,0,0,0,0,0.7333877,0.7693761,0.9425092,1,0.9089484,0.8062204,0.7926307,0.6806134,0,0,0,0,0,0,0,0,0,0,0,0,0,0,0,0,0,0,0,0,0,0,0,0,0.7651232,0.7766972,0,0.8667215,1,0.909407,0.9062245,0.8987315,0.8586768,0.7330021,0,0,0,0,0,0,0,0,0,0,0,0,0,0,0,0,0,0,0,0,0,0,0,0,0,0.7603034,0.7754501,0.9695905,1,0.8662995,0.8443339,0.8376545,0.7401535,0,0,0,0,0,0,0,0,0,0,0
0,0,0,0,0,0,0.6530902,0.645335,0,0,0.6937395,0.7683455,0.7651878,0.7694317,0.8535532,0.9629053,1,0.8391418,0.7685735,0.7059054,0.6561452,0,0,0,0,0,0,0,0,0,0,0,0,0,0,0,0,0,0,0,0,0,0,0,0.7564418,0.7983069,0.8085053,0.8795572,0.9449411,1,0.9736337,0.8010377,0,0,0,0,0,0,0,0,0,0,0,0,0,0,0,0,0,0,0.6139672,0.648717,0.6316993,0,0,0.6265401,0.6575239,0.7087475,0.7610982,0.7716407,0.8977,1,0.9894869,0.7755693,0.7630828,0.737363,0.7232664,0.6724944,0,0,0,0,0,0,0,0,0,0,0,0,0,0,0,0,0,0,0,0,0,0.6688731,0.8016099,0.8649039,0.9071843,0.9826258,1,0.9054906,0.9792706,0.8987553,0.7906651,0.6887076,0.6459225,0.661001,0,0,0,0,0,0,0,0,0,0,0,0,0,0,0,0,0,0,0,0,0.6841509,0.7192912,0.7658529,0.7843353,0.8620596,0.950257,1,0.9512201,0.7213855,0.7177156,0.7345997,0.6763889,0,0,0,0,0,0,0,0,0,0,0
0,0,0,0,0,0,0,0,0,0,0,0.7778888,0.7805497,0.7622073,0.8136265,0.9001472,1,0.9070112,0,0,0,0,0,0,0,0,0,0,0,0,0,0,0,0,0,0,0,0,0,0,0,0,0,0,0,0,0.8295451,0.9384328,1,0.9799468,0.8787375,0,0,0,0,0,0,0,0,0,0,0,0,0,0,0,0,0,0,0,0,0,0,0,0,0,0,0.765285,0.8568464,0.8477518,0.8869346,0.714195,1,0.9011818,0,0,0,0,0,0,0,0,0,0,0,0,0,0,0,0,0,0,0,0,0,0,0,0,0,0.6556957,0.7085619,0.7981231,0.8663232,0.8404348,0.9789516,1,0.8910158,0,0,0,0,0,0,0,0,0,0,0,0,0,0,0,0,0,0,0,0,0,0,0,0,0,0,0,0.8236151,0.9592075,0.9832808,0.9230095,0.9261182,1,0.7541098,0.7600282,0,0,0,0,0,0,0,0,0,0,0,0,0
0,0,0,0,0,0,0,0,0,0,0,0,0.6595619,0.826772,0.8736908,0.9241993,1,0.8761753,0,0,0,0,0,0,0,0,0,0,0,0,0,0,0,0,0,0,0,0,0,0,0,0,0,0,0,0,0,0.7667659,0.9567376,1,0.9698012,0.8381795,0,0,0,0,0,0,0,0,0,0,0,0,0,0,0,0,0,0,0,0,0,0,0,0,0.6285753,0.6500059,0.6354772,0.8293098,0.9141076,0.9840487,1,0.8630419,0,0,0,0,0,0,0,0,0,0,0,0,0,0,0,0,0,0,0,0,0,0,0,0,0,0.6934237,0.7429985,0.7685305,0.8720217,1,0.992326,0.9337013,0.9262102,0.6754984,0,0,0,0,0,0,0,0,0,0,0,0,0,0,0,0,0,0,0,0,0,0,0,0,0,0.7244469,0.8023617,0.8549,0.909866,0.9751726,1,0.9905552,0.8799374,0,0,0,0,0,0,0,0,0,0,0,0,0,0
0,0,0,0,0,0,0,0,0,0,0,0,0,0.7182181,0.8089869,0.9655709,1,0.879719,0,0,0,0,0,0,0,0,0,0,0,0,0,0,0,0,0,0,0,0,0,0,0,0,0,0,0,0,0,0.7544422,0.8663348,1,0.9744802,0.725007,0,0,0,0,0,0,0,0,0,0,0,0,0,0,0,0,0,0,0,0,0,0,0,0,0,0,0.6183518,0.7439913,0.8251927,0.9560949,1,0.8931292,0,0,0,0,0,0,0,0,0,0,0,0,0,0,0,0,0,0,0,0,0,0,0,0,0,0,0,0,0.7293025,0.8376341,0.7979349,1,0.9309202,0,0,0,0,0,0,0,0,0,0,0,0,0,0,0,0,0,0,0,0,0,0,0,0,0,0,0,0,0,0.7318185,0.756308,0.9176337,1,0.8870645,0,0,0,0,0,0,0,0,0,0,0,0,0,0
