GestureName: w
Duration(ms): 1081
Handedness: right

SpeakerAngles: 5
55
-55
0
0
110

SpeakerElevations: 5
-10
-10
-10
0
30

InterpretedPoints: 23
0,0,0
0,0,0
-0.806707284111599,-1.56486252146362,0.17364817766693
-2.42721224957257,-3.80314241622564,0.194592710667721
-1.62050496546097,-5.35281269070147,0.541889066001582
0,-0.984807753012208,0.17364817766693
5.69658376944562,16.4840848036273,0.721629157329114
8.11670562178041,22.9881783371398,-0.146611731005537
7.30999833766881,15.6290020935424,0.547980979662184
0.00709039723777505,4.35281269070147,-0.541889066001582
0.820888078587149,0.957274009023784,0.652703644666139
-0.813797681349374,-1.81833466321343,0.0209445330007911
-0.813797681349374,-1.68860962028618,-0.32635182233307
0,0,0
1.62050496546097,-1.84586840720186,0.847296355333861
4.04771721503354,3.00285074998716,1.17364817766693
4.86860529362069,0.975317005998736,2
3.24100993092194,2.39241148756016,0.82635182233307
-4.04062681779577,-2.81833466321343,0.0209445330007911
-1.6134145682232,-7.08414830196387,0.868240888334652
-2.43430264681035,-2.94208176203599,-0.479055466999209
0,-1,0
0,0,0

StrokePoints: 24
0,0,0
0,0,0
0,0,0
-0.806707284111599,-1.56486252146362,0.17364817766693
-3.23391953368417,-5.36800493768926,0.368240888334652
-4.85442449914514,-10.7208176283907,0.910129954336234
-4.85442449914514,-11.7056253814029,1.08377813200316
0.842159270300473,4.77845942222438,1.80540728933228
8.95886489208089,27.7666377593642,1.65879555832674
16.2688632297497,43.3956398529065,2.20677653798892
16.2759536269875,47.748452543608,1.66488747198734
17.0968417055746,48.7057265526318,2.31759111665348
16.2830440242252,46.8873918894183,2.33853564965427
15.4692463428759,45.1987822691321,2.0121838273212
15.4692463428759,45.1987822691321,2.0121838273212
17.0897513083368,43.3529138619303,2.85948018265506
21.1374685233704,46.3557646119174,4.03312836032199
26.0060738169911,47.3310816179162,6.03312836032199
29.247083747913,49.7234931054763,6.85948018265506
25.2064569301173,46.9051584422629,6.88042471565586
23.5930423618941,39.821010140299,7.74866560399051
21.1587397150837,36.878928378263,7.2696101369913
21.1587397150837,35.878928378263,7.2696101369913
21.1587397150837,35.878928378263,7.2696101369913

Velocities: 23
0,0,0
0,0,0
-1,0,0
-2,0,-2
-2,-1,-3
0,0,-1
5,5,6
7,4,10
7,5,5
1,2,3
0,1,1
-1,-1,-1
0,0,-1
0,0,0
0,-1,-1
2,-1,-2
2,0,-2
1,-1,1
-3,1,-1
-2,0,-3
-1,0,-2
0,0,0
0,0,0

InverseVelocities: 23
0,0,0
0,0,0
0,0,0
0,0,0
0,0,0
0,0,0
0,-1,0
0,0,-1
0,0,-1
0,0,0
0,-1,-1
0,0,0
0,0,0
0,0,0
0,0,0
0,0,1
-1,0,2
0,0,0
0,0,0
0,0,0
0,0,0
0,0,0
0,0,0

RawData: 23
0,0,0,0,0,0,0,0,0,0,0,0,0,0,0,0.9269559,1,0.9017093,0,0,0,0,0,0,0,0,0,0,0,0,0,0,0,0,0,0,0,0,0,0,0,0,0,0,0,0,0,0,0.8207374,1,0.9898781,0.9182121,0,0,0,0,0,0,0,0,0,0,0,0,0,0,0,0,0,0,0,0,0,0,0,0,0,0,0,0,0,0.9512205,1,0.8644902,0.7318813,0,0,0,0,0,0,0,0,0,0,0,0,0,0,0,0,0,0,0,0,0,0,0,0,0,0,0,0,0,0.8503301,1,0.9168099,0,0,0,0,0,0,0,0,0,0,0,0,0,0,0,0,0,0,0,0,0,0,0,0,0,0,0,0,0,0,0,0.9512737,1,0.9176918,0,0,0,0,0,0,0,0,0,0,0,0,0,0
0,0,0,0,0,0,0,0,0,0,0,0,0,0,0.7908421,0.893515,1,0.9041415,0,0,0,0,0,0,0,0,0,0,0,0,0,0,0,0,0,0,0,0,0,0,0,0,0,0,0,0,0,0,0.7289237,0.9970002,1,0.8865508,0,0,0,0,0,0,0,0,0,0,0,0,0,0,0,0,0,0,0,0,0,0,0,0,0,0,0,0,0.7107633,0.9164433,1,0.9092893,0.6930956,0,0,0,0,0,0,0,0,0,0,0,0,0,0,0,0,0,0,0,0,0,0,0,0,0,0,0,0,0.7920722,0.8260434,1,0.9589816,0.7556518,0,0,0,0,0,0,0,0,0,0,0,0,0,0,0,0,0,0,0,0,0,0,0,0,0,0,0,0,0.7076096,0.8646562,0.9665536,1,0.9549593,0.6932743,0,0,0,0,0,0,0,0,0,0,0,0,0
0,0,0,0,0,0,0,0,0,0,0,0,0.7873357,0.8422453,0.8021562,0.9406589,1,0.8942003,0,0,0,0,0,0,0,0,0,0,0,0,0,0,0,0,0,0,0,0,0,0,0,0,0,0,0,0,0,0.7948562,0.9307105,1,0.9613007,0.8654831,0.8172538,0,0,0,0,0,0,0,0,0,0,0,0,0,0,0,0,0,0,0,0,0,0,0,0,0,0,0,0.8264243,0.9614761,1,0.9019397,0,0,0,0,0,0,0,0,0,0,0,0,0,0,0,0,0,0,0,0,0,0,0,0,0,0,0,0.7936634,0.8345332,0.821175,0.9352139,1,0.9329651,0,0,0,0,0,0,0,0,0,0,0,0,0,0,0,0,0,0,0,0,0,0,0,0,0,0,0,0,0,0.9682118,0,0.9343218,0.9582588,1,0,0,0,0,0,0,0,0,0,0,0,0,0,0
0,0,0,0,0,0,0,0,0,0,0,0.7711579,0.8768365,0.9335428,0.8895782,0.9230112,1,0.8924429,0,0,0,0,0,0,0,0,0,0,0,0,0,0,0,0,0,0,0,0,0,0,0,0,0,0,0,0,0,0.8934999,0.9314197,1,0.9893051,0,0,0,0,0,0,0,0,0,0,0,0,0,0,0,0,0,0,0,0,0,0,0,0,0,0,0.7039386,0.7192373,0.7989052,0.7957346,0.9595942,1,0.8604097,0,0,0,0,0,0,0,0,0,0,0,0,0,0,0,0,0,0,0,0,0,0,0,0,0,0,0,0.7646871,0.8121353,0.9043358,0.7316669,1,0.9751966,0.7220623,0,0,0,0,0,0,0,0,0,0,0,0,0,0,0,0,0,0,0,0,0,0,0,0,0,0,0.9209664,0.9640506,0.8593376,0.9119394,0.9477056,1,0.9756705,0,0,0,0,0,0,0,0,0,0,0,0,0,0
0,0,0,0,0,0,0,0,0,0,0,0.7146567,0.8136567,0.7150061,0.8687054,0.9281051,1,0.9206605,0,0,0,0,0,0,0,0,0,0,0,0,0,0,0,0,0,0,0,0,0,0,0,0,0,0,0,0.7839901,0.8131905,0.9114669,0.8246831,1,0.9234707,0.8726364,0.8499902,0,0,0,0,0,0,0,0,0,0,0,0,0,0,0,0,0,0,0,0,0,0,0,0.6885308,0.7741348,0.8234115,0.8076431,0.8059453,0.9507534,1,0.8878705,0,0,0,0,0,0,0,0,0,0,0,0,0,0,0,0,0,0,0,0,0,0,0,0,0,0,0,0.7464313,0.7785091,0.8209688,0.858009,1,0.9930968,0.8087205,0,0,0,0,0,0,0,0,0,0,0,0,0,0,0,0,0,0,0,0,0,0,0,0,0,0,0.9035428,0.8532057,0.880443,0.8888289,1,0,0.9773189,0,0.8327173,0.83068,0,0,0,0,0,0,0,0,0,0,0
0,0,0,0,0,0,0,0,0,0,0,0,0,0,0.8322784,0.9338464,1,0.9158322,0,0,0,0,0,0,0,0,0,0,0,0,0,0,0,0,0,0,0,0,0,0,0,0,0,0,0,0,0.881258,0.9343092,0.9473359,1,0.9894009,0,0,0,0,0,0,0,0,0,0,0,0,0,0,0,0,0,0,0,0,0,0,0,0,0,0,0,0.8079135,0.8161414,0,0.9232891,1,0.9126422,0.8576142,0,0,0,0,0,0,0,0,0,0,0,0,0,0,0,0,0,0,0,0,0,0,0,0,0,0,0,0,0,0.8518624,1,0.9667813,0,0,0,0,0,0,0,0,0,0,0,0,0,0,0,0,0,0,0,0,0,0,0,0,0,0,0,0,0.8769096,0.9088974,0.8998218,0.8966863,1,0.9410028,0,0,0,0,0,0,0,0,0,0,0,0,0,0
0,0,0,0,0,0,0,0,0,0,0,0,0,0,0,0.9071605,1,0.8778363,0,0.7177367,0.7332299,0.7672548,0.7094796,0.6879174,0.7114114,0,0,0,0,0,0,0,0,0,0,0,0,0,0,0,0,0,0,0,0,0.7430966,0.7173803,0,0,0.9815001,1,0.8339884,0.8300804,0.8400521,0.7473235,0.7125116,0.7536113,0.6986572,0,0,0,0,0,0,0,0,0,0,0,0,0,0,0,0,0,0,0,0,0,0,0.7082474,0.8971894,1,0.8861364,0.7334175,0.8142006,0.8257028,0.7301705,0.7729201,0.6889306,0.6416178,0.6321184,0,0,0,0,0,0,0,0,0,0,0,0,0,0,0,0,0,0,0,0.6951056,0.6774074,0,0.8434982,1,0.9658375,0.7303687,0.7014143,0.7533621,0.7867861,0.7563877,0.7181838,0.6718801,0.6872296,0.6288673,0,0,0,0,0,0,0,0,0,0,0,0,0,0,0,0,0,0,0.7564371,0.7926036,0,0.7656896,1,0.9914467,0.8750168,0.8806875,0.8893914,0,0,0,0.815398,0.8439584,0.7745688,0,0,0,0,0,0
0,0,0,0,0,0,0,0,0,0,0,0,0,0,0.6581528,0.922546,1,0.9238945,0.6392891,0.6701116,0.6683344,0,0.6993623,0.8358496,0.850319,0.8027608,0.6818008,0,0,0,0,0,0,0,0,0,0,0,0,0,0,0,0,0,0,0,0.7132092,0.7426972,0.835138,1,0.9904347,0.8871953,0.8802783,0.8751236,0.8875147,0.840088,0.7202091,0,0,0,0,0,0,0,0,0,0,0,0,0,0,0,0,0,0,0,0,0,0.6617584,0.7110874,0.748458,0.9465895,1,0.9059572,0.6677047,0.7911841,0.8147249,0.7929034,0.7400569,0.620779,0.7067392,0.6784773,0.643602,0,0.6408998,0.6350051,0,0,0,0,0,0,0,0,0,0,0,0,0,0,0,0.608107,0.6835881,0,0.8505782,1,0.9793539,0.7665705,0,0.715178,0.7262188,0.6611696,0.692027,0.7558483,0.7548457,0.6756236,0.70135,0.6642405,0,0,0,0,0,0,0,0,0,0,0,0,0,0,0,0,0,0,0,0.7561927,0.9355823,1,0.8974565,0.8819102,0.9369604,0.9363673,0.8353589,0.7699112,0.8247912,0.7733933,0.7490638,0,0,0,0,0,0
0,0,0,0,0,0,0,0,0,0,0,0,0,0,0,0.911397,1,0.8971597,0.7502306,0,0.7588004,0.7991209,0.7219071,0.7702321,0.7161207,0.7310133,0.6919016,0,0,0,0,0,0,0,0,0,0,0,0,0,0,0,0,0,0,0,0,0,0.8717409,1,0.9575825,0.8430298,0.9187263,0.9760137,0.9458216,0.8225882,0.7889304,0.7294798,0,0,0,0,0,0,0,0,0,0,0,0,0,0,0,0,0,0,0,0,0.6470158,0,0.7138174,0.9209719,1,0.8911656,0.8231391,0.8412876,0.9155269,0.8864312,0.7826399,0.670475,0.6513463,0,0,0,0,0,0,0,0,0,0,0,0,0,0,0,0,0,0,0,0,0,0,0.6589884,0.8057589,1,0.9822446,0.7880319,0.7957865,0.845164,0.8521643,0.8355141,0.7540503,0,0.7118119,0,0,0,0,0,0,0,0,0,0,0,0,0,0,0,0,0,0,0,0,0,0,0.7881203,0.9648513,1,0.8870707,0.8178205,0.8077733,0.9064299,0.91944,0.8628318,0.757246,0.6845816,0.6787135,0,0,0,0,0,0
0,0,0,0,0,0,0,0,0,0,0,0,0,0,0,0.9196522,1,0.9241284,0.7668776,0.8468735,0.8243496,0,0,0,0,0,0,0,0,0,0,0,0,0,0,0,0,0,0,0,0,0,0,0,0,0,0.8373089,0.8697808,0.8650365,0.9402304,0.921347,0.9820473,0.8914822,1,0.9316076,0,0,0,0,0,0,0,0,0,0,0,0,0,0,0,0,0,0,0,0,0,0,0,0,0,0.7267655,0.9398065,1,0.9445273,0.8143117,0.7852699,0.805387,0.7682562,0.714985,0,0,0,0,0,0,0,0,0,0,0,0,0,0,0,0,0,0,0,0,0,0,0,0,0,0.7836924,1,0.9983666,0.8662713,0.8021218,0,0,0,0,0,0,0,0,0,0,0,0,0,0,0,0,0,0,0,0,0,0,0,0,0,0,0,0,0.8221481,0.8532161,1,0.8975806,0.8866783,0.8355917,0,0,0,0,0,0,0,0,0,0,0,0
0,0,0,0,0,0,0,0,0,0,0,0,0,0,0.817279,0.9205734,1,0.9360389,0.7815629,0.7482648,0,0,0,0,0,0,0,0,0,0,0,0,0,0,0,0,0,0,0,0,0,0,0,0,0,0.7835261,0.747896,0.8595888,0.9728244,1,0.939502,0.8636944,0.8878976,0.8295209,0,0,0,0,0,0,0,0,0,0,0,0,0,0,0,0,0,0,0,0,0,0,0,0,0.7169148,0.7536381,0.7697889,0.9068371,1,0.8794126,0.8007017,0.7208387,0.6642431,0,0,0,0,0,0,0,0,0,0,0,0,0,0,0,0,0,0,0,0,0,0,0,0,0,0.7156335,0.7148433,0.862342,1,0.9646764,0.771641,0.7496645,0,0,0,0,0,0,0,0,0,0,0,0,0,0,0,0,0,0,0,0,0,0,0,0,0,0,0.7355477,0.8622283,0.8525465,0.9495521,1,0.8881309,0.7518022,0.7474768,0.7145338,0,0,0,0,0,0,0,0,0,0,0
0,0,0,0,0,0,0,0,0,0,0,0,0.6586432,0.68262,0.820403,0.8206562,1,0.9286655,0,0,0,0,0,0,0,0,0,0,0,0,0,0,0,0,0,0,0,0,0,0,0,0,0,0,0,0.6976898,0.6428825,0.9031813,1,0.9175917,0.8270224,0.7982535,0,0,0,0,0,0,0,0,0,0,0,0,0,0,0,0,0,0,0,0,0,0,0,0,0,0,0.6458422,0.8229923,0.9006116,0.9335197,1,0.9084767,0.6206787,0,0,0,0,0,0,0,0,0,0,0,0,0,0,0,0,0,0,0,0,0,0,0,0,0,0,0,0.6311896,0.7533324,0.9288985,1,0.9441411,0.62074,0.6089819,0,0,0,0,0,0,0,0,0,0,0,0,0,0,0,0,0,0,0,0,0,0,0,0,0,0.6664885,0.8161563,0.7688867,0.9895623,0.970374,1,0.8178125,0,0,0,0,0,0,0,0,0,0,0,0,0,0
0,0,0,0,0,0,0,0,0,0,0,0,0,0.6894068,0.829003,0.9374377,1,0.896428,0.7319188,0,0,0,0,0,0,0,0,0,0,0,0,0,0,0,0,0,0,0,0,0,0,0,0,0,0,0,0.7414827,0.8705959,1,0.9071629,0.9574463,0.8839329,0,0,0,0,0,0,0,0,0,0,0,0,0,0,0,0,0,0,0,0,0,0,0,0,0,0,0.7234269,0.81082,0.8430352,0.9757682,1,0.8572705,0.7154231,0,0,0,0,0,0,0,0,0,0,0,0,0,0,0,0,0,0,0,0,0,0,0,0,0,0,0.6440684,0.7247522,0.8280029,0.899439,0.9973488,1,0.7996203,0.6603671,0,0,0,0,0,0,0,0,0,0,0,0,0,0,0,0,0,0,0,0,0,0,0,0,0,0.6342871,0.782447,0.8597531,0.9471308,1,0.9915135,0.8839452,0.6826858,0.6542106,0,0,0,0,0,0,0,0,0,0,0,0
0,0,0,0,0,0,0,0,0,0,0,0,0,0,0,0.9105167,1,0.9461361,0,0,0,0,0,0,0,0,0,0,0,0,0,0,0,0,0,0,0,0,0,0,0,0,0,0,0,0,0.8829347,0.9670248,1,0.9729318,0.9230945,0,0,0,0,0,0,0,0,0,0,0,0,0,0,0,0,0,0,0,0,0,0,0,0,0,0,0,0,0.8897123,0.9082049,0.9652745,1,0.8995199,0,0,0,0,0,0,0,0,0,0,0,0,0,0,0,0,0,0,0,0,0,0,0,0,0,0,0,0,0.8877886,0.9119411,0.9022824,1,0.9493936,0.8153796,0,0,0,0,0,0,0,0,0,0,0,0,0,0,0,0,0,0,0,0,0,0,0,0,0,0,0,0.9139464,0.9421101,0.912451,0.9313647,1,0,0.8605617,0,0,0,0,0,0,0,0,0,0,0,0,0
0,0,0,0,0,0,0,0,0,0,0,0,0,0,0.7277463,0.9416358,1,0.9151013,0,0,0,0,0,0,0,0,0,0,0,0,0,0,0,0,0,0,0,0,0,0,0,0,0,0,0,0.8645008,0.9478573,0.829541,0.9979566,1,0.9332845,0,0,0,0,0,0,0,0,0,0,0,0,0,0,0,0,0,0,0,0,0,0,0,0,0,0,0,0.7657865,0.8554756,0.8759398,0.9422717,1,0.9234335,0.7710753,0,0,0,0,0,0,0,0,0,0,0,0,0,0,0,0,0,0,0,0,0,0,0,0,0,0,0,0.8691016,0.9243411,0.8677588,1,0.9131653,0.8833156,0.8221213,0,0,0,0,0,0,0,0,0,0,0,0,0,0,0,0,0,0,0,0,0,0,0,0,0,0,0.9108502,0.9739702,0.9551068,0.9996951,1,0.8922849,0.8433495,0.8302434,0,0,0,0,0,0,0,0,0,0,0,0
0,0,0,0,0,0,0,0,0,0,0,0,0,0,0,0.9309371,1,0.8393163,0.7492508,0.6413532,0.6798381,0.6499631,0,0,0,0,0,0,0,0,0,0,0,0,0,0,0,0,0,0,0,0,0,0,0,0.6904785,0.6976649,0.8233133,0.9126608,0.9696502,1,0.8219047,0,0,0,0,0,0,0,0,0,0,0,0,0,0,0,0,0,0,0,0,0,0,0,0,0,0.5975083,0.6432228,0.7134032,0.5993739,0.9681551,1,0.8157887,0.60795,0.638895,0.692941,0,0,0,0,0,0,0,0,0,0,0,0,0,0,0,0,0,0,0,0,0,0,0,0,0.6077438,0.7293881,0.6967009,0.8616218,1,0.9700593,0.9267778,0.9247667,0.8105785,0.6848799,0.6684696,0.6223601,0.6045208,0,0,0,0,0,0,0,0,0,0,0,0,0,0,0,0,0,0,0,0,0,0,0.6956535,0.6912417,0.9751341,1,0.9562222,0.9396548,0.8849816,0.7654906,0,0,0,0,0,0,0,0,0,0,0
0,0,0,0,0,0,0,0,0,0,0,0,0.6904121,0.7156309,0.7394197,0.9254176,1,0.8757537,0.8505291,0.798769,0.8291106,0.8151036,0,0,0,0,0,0,0,0,0,0,0,0,0,0,0,0,0,0,0,0,0,0,0,0,0.7143815,0.7344109,0.8698207,1,0.9570031,0,0,0,0,0,0,0,0,0,0,0,0,0,0,0,0,0,0,0,0,0,0,0,0,0,0,0.6835386,0.6718889,0.7238801,0.7910948,0.9709006,1,0.7382226,0.848848,0.8080404,0.7790218,0.7918828,0,0,0,0,0,0,0,0,0,0,0,0,0,0,0,0,0,0,0,0,0,0,0,0.6901507,0.7219661,0.7203842,0.7005461,0.9924828,1,0.9031358,0.882381,0.8014508,0.8557131,0.8246136,0,0,0,0,0,0,0,0,0,0,0,0,0,0,0,0,0,0,0,0,0,0.6675822,0.7015111,0.7305059,0.7277597,0.8165534,0.9885457,1,0.8638291,0.6626446,0.7060038,0.789018,0.79638,0.7213662,0,0,0,0,0,0,0,0,0
0,0,0,0,0,0,0,0,0,0,0,0,0,0,0.7237421,0.9100756,1,0.8073681,0.8731053,0.8372145,0.7717522,0,0,0,0,0,0,0,0,0,0,0,0,0,0,0,0,0,0,0,0,0,0,0,0,0.7278945,0.7436493,0.7380766,0.8586256,1,0.9703026,0.7764139,0.7647743,0,0,0,0,0,0,0,0,0,0,0,0,0,0,0,0,0,0,0,0,0,0,0,0,0,0,0,0.7265211,0.9288678,1,0.9262129,0.6762784,0.7272486,0.7013799,0,0,0,0,0,0,0,0,0,0,0,0,0,0,0,0,0,0,0,0,0,0,0,0,0.7063898,0.7894492,0.7631597,0.9431057,1,0.9602135,0.9337555,0,0.809132,0.7538537,0,0,0,0,0,0,0,0,0,0,0,0,0,0,0,0,0,0,0,0,0,0,0,0.7174878,0,0.7217668,0.7778096,0.871708,1,0.929554,0.7080656,0.7092994,0.767889,0,0,0,0,0,0,0,0,0,0,0
0,0,0,0,0,0,0,0,0,0,0.7137738,0.7313678,0.7560319,0.7607677,0.8383793,0.9534991,1,0.8459694,0.7519981,0,0,0,0,0,0,0,0,0,0,0,0,0,0,0,0,0,0,0,0,0,0,0,0,0,0,0,0.8537241,0.8301805,0.9046708,0.9681541,1,0.841329,0.8441027,0.8158587,0,0,0,0,0,0,0,0,0,0,0,0,0,0,0,0,0,0,0,0,0,0,0,0,0.7860198,0.8169002,0.860671,0.9448786,1,0.8319944,0.7933647,0,0,0,0,0,0,0,0,0,0,0,0,0,0,0,0,0,0,0,0,0,0,0,0,0,0,0.8027982,0.8413987,0.7886878,0.9015483,1,0.9939443,0.8556669,0,0,0,0,0,0,0,0,0,0,0,0,0,0,0,0,0,0,0,0,0,0,0,0,0,0,0.7946289,0.7688901,0.8382668,0.9360725,1,0.9553282,0.7809547,0,0,0,0,0,0,0,0,0,0,0,0,0,0
0,0,0,0,0,0,0,0,0,0,0,0.7755672,0.8604481,0.8494649,0.7895938,0.8886755,1,0.9184724,0,0,0,0,0,0,0,0,0,0,0,0,0,0,0,0,0,0,0,0,0,0,0,0,0,0,0,0,0,0,0.9141256,1,0.9844491,0,0,0,0,0,0,0,0,0,0,0,0,0,0,0,0,0,0,0,0,0,0,0,0,0,0.7489061,0.8347819,0.8743925,0.8226536,0,0.9335408,1,0.8824843,0,0,0,0,0,0,0,0,0,0,0,0,0,0,0,0,0,0,0,0,0,0,0,0,0,0.73714,0.7865536,0.8255293,0.8198712,0.808954,0.9271133,1,0.9312555,0,0,0,0,0,0,0,0,0,0,0,0,0,0,0,0,0,0,0,0,0,0,0,0,0,0,0,0,0.8527022,0.8545055,0,0.9093534,1,0.8992244,0,0,0,0,0,0,0,0,0,0,0,0,0,0
0,0,0,0,0,0,0,0,0,0,0,0,0.8063905,0.8050763,0.7308561,0.9431238,1,0.8874187,0,0,0,0,0,0,0,0,0,0,0,0,0,0,0,0,0,0,0,0,0,0,0,0,0,0,0,0,0.9240387,1,0.9788196,0,0.8883272,0.857812,0,0,0,0,0,0,0,0,0,0,0,0,0,0,0,0,0,0,0,0,0,0,0,0,0,0.759388,0.8269356,0.8374472,0.782514,0.987038,1,0.8548267,0,0,0,0,0,0,0,0,0,0,0,0,0,0,0,0,0,0,0,0,0,0,0,0,0,0,0,0.839532,0.8870335,0.8881356,0.9557621,1,0.978429,0.7111894,0,0,0,0,0,0,0,0,0,0,0,0,0,0,0,0,0,0,0,0,0,0,0,0,0,0.7579337,0.8071898,0.8662542,0.9178329,0.9454889,0.9890272,1,0.8589504,0,0,0,0,0,0,0,0,0,0,0,0,0,0
0,0,0,0,0,0,0,0,0,0,0,0,0,0.7887904,0.9055545,0.9176905,1,0.9152839,0,0,0,0,0,0,0,0,0,0,0,0,0,0,0,0,0,0,0,0,0,0,0,0,0,0,0,0,0,0,0.9267923,1,0.96873,0.8130246,0,0,0,0,0,0,0,0,0,0,0,0,0,0,0,0,0,0,0,0,0,0,0,0,0,0,0,0.8197959,0.910313,0.9946324,1,0.8726885,0.7141196,0,0,0,0,0,0,0,0,0,0,0,0,0,0,0,0,0,0,0,0,0,0,0,0,0,0,0.7106295,0.7571736,0.8888044,0.9746535,1,0.9404051,0.7520073,0,0,0,0,0,0,0,0,0,0,0,0,0,0,0,0,0,0,0,0,0,0,0,0,0,0,0,0,0.7158999,0.8687241,1,0.9701389,0.7761953,0,0,0,0,0,0,0,0,0,0,0,0,0,0
0,0,0,0,0,0,0,0,0,0,0,0,0,0,0.7767085,0.9687469,1,0.8661885,0,0,0,0,0,0,0,0,0,0,0,0,0,0,0,0,0,0,0,0,0,0,0,0,0,0,0,0,0,0,0.8647732,0.9277324,1,0.8000413,0,0,0,0,0,0,0,0,0,0,0,0,0,0,0,0,0,0,0,0,0,0,0,0,0,0,0,0,0.844929,0.8211135,1,0.9166075,0,0,0,0,0,0,0,0,0,0,0,0,0,0,0,0,0,0,0,0,0,0,0,0,0,0,0,0,0,0.743789,0.8650783,1,0.941934,0,0,0,0,0,0,0,0,0,0,0,0,0,0,0,0,0,0,0,0,0,0,0,0,0,0,0,0,0,0,0.8823002,1,0.9749597,0.7589689,0,0,0,0,0,0,0,0,0,0,0,0,0,0
