GestureName: x
Duration(ms): 1222
Handedness: right

SpeakerAngles: 5
55
-55
0
0
110

SpeakerElevations: 5
-10
-10
-10
0
30

InterpretedPoints: 26
0,0,0
0,0,0
0,0,0
0,0,0
0,0,0
0,0,0
0,0,0
0,0,0
0,-0.984807753012208,0.17364817766693
-0.0425423834266496,-15.6505578934261,-0.568925512662975
-1.66304734888762,-15.9192222821637,-0.895277334996045
-0.870520859251574,-19.8461117972119,-1.20068462432832
-3.26937151987305,-11.6657501404139,-0.742573690329905
-0.813797681349374,-2.81833466321343,0.0209445330007911
-4.84733410190737,-3.10855485183477,-0.32635182233307
-6.46783906736834,-3.24749419764512,-1
-5.66113178325674,-3.82754896609654,-1
-6.47492946460611,-2.53135083337051,-1.5
2.46266423576145,12.1160798659381,1.08987004566377
5.69658376944562,18.728342642494,-0.146611731005537
8.95886489208089,25.7818300063519,1.83244373599367
8.13797681349374,24.6644464604253,1.17974009132753
8.93050330312979,12.2490412676437,2.61081457866456
0,2.98480775301221,-0.17364817766693
0.813797681349374,0.703801867273976,0.5
0,0,0

StrokePoints: 27
0,0,0
0,0,0
0,0,0
0,0,0
0,0,0
0,0,0
0,0,0
0,0,0
0,0,0
0,-0.984807753012208,0.17364817766693
-0.0425423834266496,-16.6353656464383,-0.395277334996045
-1.70558973231427,-32.554587928602,-1.29055466999209
-2.57611059156585,-52.4006997258139,-2.49123929432041
-5.84548211143889,-64.0664498662278,-3.23381298465032
-6.65927979278826,-66.8847845294412,-3.21286845164953
-11.5066138946956,-69.993339381276,-3.5392202739826
-17.974452962064,-73.2408335789211,-4.5392202739826
-23.6355847453207,-77.0683825450177,-5.5392202739826
-30.1105142099268,-79.5997333783882,-7.0392202739826
-27.6478499741654,-67.4836535124501,-5.94935022831883
-21.9512662047198,-48.7553108699561,-6.09596195932437
-12.9924013126389,-22.9734808636041,-4.26351822333069
-4.85442449914514,1.69096559682118,-3.08377813200316
4.07607880398465,13.9400068644649,-0.472963553338607
4.07607880398465,16.9248146174771,-0.646611731005537
4.88987648533402,17.6286164847511,-0.146611731005537
4.88987648533402,17.6286164847511,-0.146611731005537

Velocities: 26
0,0,0
0,0,0
0,0,0
0,0,0
0,0,0
0,0,0
0,0,0
0,0,0
0,0,-1
-1,-7,-6
-2,-7,-6
-1,-9,-9
-3,-5,-5
-1,-1,-1
-2,3,-2
-2,4,-2
-2,3,-1
-2,3,-1
2,5,4
7,7,7
7,8,9
6,6,10
3,0,5
0,0,1
0,0,0
0,0,0

InverseVelocities: 26
0,0,0
0,0,0
0,0,0
0,0,0
0,0,0
0,0,0
0,0,0
0,0,0
0,0,0
0,1,1
0,0,0
0,0,0
0,0,0
0,0,0
1,0,0
0,0,3
0,0,3
0,0,3
0,0,0
0,0,0
0,0,0
0,-1,0
0,0,0
0,0,0
0,0,0
0,0,0

RawData: 26
0,0,0,0,0,0,0,0,0,0,0,0,0,0,0,0.8970661,1,0.9254841,0,0,0,0,0,0,0,0,0,0,0,0,0,0,0,0,0,0,0,0,0,0,0,0,0,0,0,0,0,0,0.871998,1,0.9511214,0.9293782,0,0,0,0,0,0,0,0,0,0,0,0,0,0,0,0,0,0,0,0,0,0,0,0,0,0,0,0,0,0.9222814,1,0.8947434,0,0,0,0,0,0,0,0,0,0,0,0,0,0,0,0,0,0,0,0,0,0,0,0,0,0,0,0,0,0,0.8348563,0.9792117,1,0.8781157,0,0,0,0,0,0,0,0,0,0,0,0,0,0,0,0,0,0,0,0,0,0,0,0,0,0,0,0,0,0.7824317,0.979677,1,0.8637812,0.7513905,0,0,0,0,0,0,0,0,0,0,0,0,0
0,0,0,0,0,0,0,0,0,0,0,0,0,0,0,0.8979057,1,0.9232291,0,0,0,0,0,0,0,0,0,0,0,0,0,0,0,0,0,0,0,0,0,0,0,0,0,0,0,0,0,0,0.795488,0.9677309,1,0.9026009,0,0,0,0,0,0,0,0,0,0,0,0,0,0,0,0,0,0,0,0,0,0,0,0,0,0,0,0,0,0.9322132,1,0.8835718,0.6456273,0,0,0,0,0,0,0,0,0,0,0,0,0,0,0,0,0,0,0,0,0,0,0,0,0,0,0,0,0,0.8113754,0.9997379,1,0.8470869,0,0,0,0,0,0,0,0,0,0,0,0,0,0,0,0,0,0,0,0,0,0,0,0,0,0,0,0,0,0.788379,0.982104,1,0.8996763,0.6682929,0,0,0,0,0,0,0,0,0,0,0,0,0
0,0,0,0,0,0,0,0,0,0,0,0,0,0,0,0.8990302,1,0.9259149,0,0,0,0,0,0,0,0,0,0,0,0,0,0,0,0,0,0,0,0,0,0,0,0,0,0,0,0,0,0,0.7009779,0.9433005,1,0.8657033,0,0,0,0,0,0,0,0,0,0,0,0,0,0,0,0,0,0,0,0,0,0,0,0,0,0,0,0,0,0.9187556,1,0.9153144,0,0,0,0,0,0,0,0,0,0,0,0,0,0,0,0,0,0,0,0,0,0,0,0,0,0,0,0,0,0,0.8693809,1,0.9487957,0.7393817,0,0,0,0,0,0,0,0,0,0,0,0,0,0,0,0,0,0,0,0,0,0,0,0,0,0,0,0,0,0.8502374,1,0.9090052,0.8745008,0,0,0,0,0,0,0,0,0,0,0,0,0,0
0,0,0,0,0,0,0,0,0,0,0,0,0,0,0,0.8924121,1,0.9251554,0,0,0,0,0,0,0,0,0,0,0,0,0,0,0,0,0,0,0,0,0,0,0,0,0,0,0,0,0,0,0.7149032,0.9751109,1,0.8224221,0,0,0,0,0,0,0,0,0,0,0,0,0,0,0,0,0,0,0,0,0,0,0,0,0,0,0,0,0,0.9278919,1,0.8998405,0,0,0,0,0,0,0,0,0,0,0,0,0,0,0,0,0,0,0,0,0,0,0,0,0,0,0,0,0,0,0.8522687,1,0.9678976,0.705219,0,0,0,0,0,0,0,0,0,0,0,0,0,0,0,0,0,0,0,0,0,0,0,0,0,0,0,0,0,0.718972,0.9432673,1,0.8670269,0,0,0,0,0,0,0,0,0,0,0,0,0,0
0,0,0,0,0,0,0,0,0,0,0,0,0,0,0,0.9214034,1,0.9362857,0,0,0,0,0,0,0,0,0,0,0,0,0,0,0,0,0,0,0,0,0,0,0,0,0,0,0,0,0,0,0.8121467,0.9828162,1,0.873614,0,0,0,0,0,0,0,0,0,0,0,0,0,0,0,0,0,0,0,0,0,0,0,0,0,0,0,0,0,0.9313325,1,0.9270787,0,0,0,0,0,0,0,0,0,0,0,0,0,0,0,0,0,0,0,0,0,0,0,0,0,0,0,0,0,0,0.8766683,1,0.9808345,0.8166409,0,0,0,0,0,0,0,0,0,0,0,0,0,0,0,0,0,0,0,0,0,0,0,0,0,0,0,0,0,0,0.9179196,1,0.9382558,0,0,0,0,0,0,0,0,0,0,0,0,0,0
0,0,0,0,0,0,0,0,0,0,0,0,0,0,0,0.8937488,1,0.914463,0,0,0,0,0,0,0,0,0,0,0,0,0,0,0,0,0,0,0,0,0,0,0,0,0,0,0,0,0,0,0.6867182,0.9630668,1,0.8329284,0,0,0,0,0,0,0,0,0,0,0,0,0,0,0,0,0,0,0,0,0,0,0,0,0,0,0,0,0,0.8986422,1,0.9052556,0,0,0,0,0,0,0,0,0,0,0,0,0,0,0,0,0,0,0,0,0,0,0,0,0,0,0,0,0,0,0.804085,1,0.9844574,0.7157047,0,0,0,0,0,0,0,0,0,0,0,0,0,0,0,0,0,0,0,0,0,0,0,0,0,0,0,0,0,0,0.9233896,1,0.9008244,0,0,0,0,0,0,0,0,0,0,0,0,0,0
0,0,0,0,0,0,0,0,0,0,0,0,0,0,0,0.903607,1,0.9128887,0,0,0,0,0,0,0,0,0,0,0,0,0,0,0,0,0,0,0,0,0,0,0,0,0,0,0,0,0,0,0,0.9678488,1,0.8560037,0,0,0,0,0,0,0,0,0,0,0,0,0,0,0,0,0,0,0,0,0,0,0,0,0,0,0,0,0,0.9296637,1,0.8975546,0,0,0,0,0,0,0,0,0,0,0,0,0,0,0,0,0,0,0,0,0,0,0,0,0,0,0,0,0,0,0.8248623,1,0.9905874,0.7727036,0,0,0,0,0,0,0,0,0,0,0,0,0,0,0,0,0,0,0,0,0,0,0,0,0,0,0,0,0,0,0.9278328,1,0.906,0,0,0,0,0,0,0,0,0,0,0,0,0,0
0,0,0,0,0,0,0,0,0,0,0,0,0,0,0,0.9274852,1,0.9042595,0,0,0,0,0,0,0,0,0,0,0,0,0,0,0,0,0,0,0,0,0,0,0,0,0,0,0,0,0,0,0,0.9858538,1,0,0,0,0,0,0,0,0,0,0,0,0,0,0,0,0,0,0,0,0,0,0,0,0,0,0,0,0,0,0,0.9505875,1,0.8448999,0,0,0,0,0,0,0,0,0,0,0,0,0,0,0,0,0,0,0,0,0,0,0,0,0,0,0,0,0,0,0.8123434,1,0.9972363,0.819159,0,0,0,0,0,0,0,0,0,0,0,0,0,0,0,0,0,0,0,0,0,0,0,0,0,0,0,0,0,0,0.9314457,1,0.9038301,0,0,0,0,0,0,0,0,0,0,0,0,0,0
0,0,0,0,0,0,0,0,0,0,0,0,0,0,0,0.9240685,1,0.9162558,0.7842019,0,0,0,0,0,0,0,0,0,0,0,0,0,0,0,0,0,0,0,0,0,0,0,0,0,0,0,0,0.8925781,0.9854883,1,0.8478308,0,0,0,0,0,0,0,0,0,0,0,0,0,0,0,0,0,0,0,0,0,0,0,0,0,0,0,0.7235223,0.8212701,0.8887423,0.965055,1,0.8831447,0.7229863,0,0,0,0,0,0,0,0,0,0,0,0,0,0,0,0,0,0,0,0,0,0,0,0,0,0,0,0.7478529,0.8364117,0.9460718,1,0.9399564,0.7990865,0,0,0,0,0,0,0,0,0,0,0,0,0,0,0,0,0,0,0,0,0,0,0,0,0,0,0,0.7421987,0.8574276,0.9235187,0.991473,1,0.8640538,0,0,0,0,0,0,0,0,0,0,0,0,0,0
0,0,0,0,0,0,0,0,0,0,0,0,0.6306386,0.6702701,0,0.9143469,1,0.9414087,0.7719011,0.6778973,0,0,0,0,0,0,0,0,0,0,0,0,0,0,0,0,0,0,0,0.6813558,0.7491528,0.7518691,0.7456589,0.8957691,0.9678106,0.9850363,0.9611535,0.8622257,0.8538581,1,0.990591,0.8365638,0.7282604,0.7201235,0,0,0,0,0,0,0,0,0,0,0,0,0,0,0,0,0,0,0,0.657348,0.6655769,0.6229522,0.784834,0.8357236,0.8406962,0.8327574,0.7876381,0.9380381,1,0.9251474,0.7035463,0.6961637,0.6042424,0,0,0,0,0,0,0,0,0,0,0,0,0,0,0,0,0,0,0.680892,0.6981462,0.7241007,0.7284419,0.7465983,0.861243,0.8796535,0.8597547,0.8020318,0.8451974,1,0.9855127,0.9237333,0.7793039,0.6758111,0.7013584,0,0,0,0,0,0,0,0,0,0,0,0,0,0,0,0,0,0,0.6881514,0.8034363,0.8502539,0.7416105,0.9270242,0.990382,1,0.9607628,0.8863468,0.9759586,0.9846255,0.9652029,0.8885261,0.7100639,0,0,0,0,0,0,0,0,0,0,0,0
0,0,0,0,0,0,0,0,0,0,0,0.6985011,0.7275662,0.7329588,0.753543,0.9348926,1,0.8652862,0.734013,0,0,0,0,0,0,0,0,0,0,0,0,0,0,0,0,0,0,0,0,0.7895761,0,0.8783615,0.9121453,0.8964948,0.8097236,0.8457933,0,0.8036056,0.9203168,1,0.9489496,0.889195,0.7599518,0,0,0,0,0,0,0,0,0,0,0,0,0,0,0,0,0,0,0,0,0.7685691,0.7694361,0.7365341,0.7209509,0.7286422,0.7055366,0,0,0.9575956,1,0.9124022,0.8657934,0,0,0,0,0,0,0,0,0,0,0,0,0,0,0,0,0,0,0,0,0.7083411,0.7548191,0.7060153,0.7744285,0.819506,0.6963079,0.8097011,0.8347562,0.8232985,0.8780913,1,0.9681779,0.9482478,0.7189272,0,0,0,0,0,0,0,0,0,0,0,0,0,0,0,0,0,0,0,0.6913614,0.7387195,0.8542985,0.825203,0.7920114,0.7865763,0.7897957,0.7181387,0.7751969,0.7929139,0.9569199,1,0.9515559,0.7654674,0.6841061,0,0,0,0,0,0,0,0,0,0,0,0
0,0,0,0,0,0,0,0,0,0,0,0,0.7451321,0.7376124,0,0.9312498,1,0.8970647,0,0,0,0,0,0,0,0,0,0,0,0,0,0,0,0,0,0,0,0.7723936,0.8735732,0.8971996,0.9100641,0.8570166,0.7883778,0,0,0,0.7581905,0.7689413,0.8081148,1,0.9446737,0.8736638,0.8368078,0,0,0,0,0,0,0,0,0,0,0,0,0,0,0,0,0,0.7092596,0.7492748,0.7408959,0.6904432,0.681023,0,0.6856313,0.7435863,0.7782311,0.7678868,0.7667335,0.9729137,1,0.8508437,0.8496046,0,0,0,0,0,0,0,0,0,0,0,0,0,0,0,0,0,0,0,0.6760495,0.693099,0.6900098,0,0.7090101,0.6815083,0,0.7316307,0.7458107,0.7702405,0.8284268,0.9717598,1,0.9459723,0.7840582,0,0,0,0,0,0,0,0,0,0,0,0,0,0,0,0,0,0.7514531,0.765563,0,0.862345,0.8782914,0,0,0.7444379,0.7673306,0.8563467,0.8277166,0,0.996478,1,0.918959,0.8731,0.7252339,0,0,0,0,0,0,0,0,0,0,0,0
0,0,0,0,0,0,0,0,0,0,0.7910545,0.8290477,0.7819614,0.7373909,0.7616569,0.9322932,1,0.9129534,0,0,0,0,0,0,0,0,0,0,0,0,0,0,0,0,0,0,0,0,0,0,0,0.7950387,0,0,0.8532864,0.8607466,0.7769728,0,0.8574871,1,0.9897859,0.9029788,0.7852693,0,0,0,0,0,0,0,0,0,0,0,0,0,0,0,0,0,0,0,0,0,0.7182045,0,0.7487811,0.7157666,0.7750472,0.8032891,0.8078316,0.951471,1,0.9531019,0.8685735,0,0,0,0,0,0,0,0,0,0,0,0,0,0,0,0,0,0,0,0,0,0,0,0.8007999,0.8755278,0.8807987,0.8687198,0,0.8598068,0.8822812,0.9857996,0.8811285,1,0.8705671,0,0,0,0,0,0,0,0,0,0,0,0,0,0,0,0,0,0,0,0,0.7843494,0.7692454,0,0,0.8301495,0.8505896,0.8499094,0,0,0.9280195,1,0.927797,0.7967855,0,0,0,0,0,0,0,0,0,0,0,0,0
0,0,0,0,0,0,0,0,0,0,0,0,0.7664322,0,0.8583909,0.9646786,1,0.8397726,0.7983263,0,0,0,0,0,0,0,0,0,0,0,0,0,0,0,0,0,0,0,0,0,0,0,0,0,0,0.8409144,0.8689237,0.8837651,0,1,0.9663338,0.8166956,0,0,0,0,0,0,0,0,0,0,0,0,0,0,0,0,0,0,0,0,0,0,0,0,0,0,0.851889,0.8653038,0,0.9600968,1,0.9234863,0.8117751,0,0,0,0,0,0,0,0,0,0,0,0,0,0,0,0,0,0,0,0,0,0,0,0,0,0,0.9044757,0.9641501,0.9119452,0.8828405,1,0.913781,0.9547877,0,0,0,0,0,0,0,0,0,0,0,0,0,0,0,0,0,0,0,0,0,0,0,0,0,0,0.838231,0.916681,0.9048286,0.8335714,0.9643738,1,0.836405,0,0,0,0,0,0,0,0,0,0,0,0,0,0
0,0,0,0,0,0,0,0,0,0,0,0.6763631,0.7392778,0.7550042,0.8247196,0.9462678,1,0.9251698,0.7594802,0.6877212,0.6687159,0,0,0,0,0,0,0,0,0,0,0,0,0,0,0,0,0,0,0,0,0,0,0,0,0,0,0.7825984,0.9723673,1,0.9870355,0.9229726,0.9447697,0.8965935,0.8274021,0.7770711,0,0,0,0,0,0,0,0,0,0,0,0,0,0,0,0,0,0,0,0,0,0.6791583,0.8097783,0.8786544,0.8148271,0.9547296,1,0.8908907,0.7317047,0.7474147,0,0,0,0,0,0,0,0,0,0,0,0,0,0,0,0,0,0,0,0,0,0,0,0,0.6306866,0.7557257,0.8426843,0.8074356,0.8605947,1,0.9909081,0.8549468,0.7320567,0.7570472,0.6926224,0,0,0,0,0,0,0,0,0,0,0,0,0,0,0,0,0,0,0,0,0,0,0,0.7381845,0.8432313,0.8724008,0.895326,1,0.9954238,0.8444617,0.7231486,0,0,0,0,0,0,0,0,0,0,0,0,0
0,0,0,0,0,0,0,0,0,0,0,0.7913272,0.8072988,0.6626276,0.7702512,0.893342,1,0.8908489,0,0.637569,0,0,0,0,0,0,0,0,0,0,0,0,0,0,0,0,0,0,0,0,0,0,0,0,0,0,0,0,0.9356049,1,0.9247904,0.8050583,0.9491886,0.9327294,0.7309487,0.7840504,0.709164,0,0,0,0,0,0,0,0,0,0,0,0,0,0,0,0,0,0,0,0,0.8084412,0.8774674,0.8915138,0.8076708,0.9146808,1,0.8851823,0.8183538,0.8402098,0.7841108,0.8492129,0.7902491,0,0,0,0,0,0,0,0,0,0,0,0,0,0,0,0,0,0,0,0,0.6129836,0.7070991,0.7066908,0.7177011,0.725736,0.8920943,1,0.9533499,0.6719383,0.7332927,0.7917597,0.7538609,0.6700712,0,0,0,0,0,0,0,0,0,0,0,0,0,0,0,0,0,0,0,0,0,0.6975678,0.806119,0.7422267,0,0.7954661,0.9958807,1,0.8260764,0.8022141,0.8629969,0.8633763,0.7723364,0,0,0,0,0,0,0,0,0,0
0,0,0,0,0,0,0,0,0,0,0,0.7158805,0,0.7039996,0,0.9304008,1,0.9035549,0,0,0,0,0,0,0,0,0,0,0,0,0,0,0,0,0,0,0,0,0,0,0,0,0,0,0,0,0,0,0.8731846,1,0.9446657,0.7406172,0.7934564,0.7651256,0.7735013,0.7405404,0,0,0,0,0,0,0,0,0,0,0,0,0,0,0,0,0,0,0,0,0,0,0.725383,0,0.7363443,0.9524345,1,0.8954542,0,0,0,0.7248175,0.7341356,0,0,0,0,0,0,0,0,0,0,0,0,0,0,0,0,0,0,0,0.6573402,0.6631551,0,0,0.7254305,0,0.90606,1,0.934698,0,0.6551696,0,0.6886819,0,0,0,0,0,0,0,0,0,0,0,0,0,0,0,0,0,0,0,0,0,0,0.8288388,0,0,0.8355005,0.905302,0.947239,1,0.9316673,0.8451351,0.815168,0,0,0,0,0,0,0,0,0,0,0,0
0,0,0,0,0,0,0,0,0,0,0,0.640369,0,0.5987245,0.6406432,0.9320349,1,0.8909076,0.6196548,0.634549,0,0,0,0,0,0,0,0,0,0,0,0,0,0,0,0,0,0,0,0,0,0,0,0,0,0,0,0,0.8789439,1,0.9344052,0.837872,0.8457803,0.7140248,0.7191167,0.6845849,0,0,0,0,0,0,0,0,0,0,0,0,0,0,0,0,0,0,0,0,0,0,0.6353791,0.6210234,0.6512297,0.9506536,1,0.896504,0.7850087,0.7500078,0.7163946,0.7160699,0.6492277,0,0,0,0,0,0,0,0,0,0,0,0,0,0,0,0,0,0,0,0,0.6494095,0.69604,0.7141539,0.6582399,0.6111203,0.8823826,1,0.9368058,0.7214041,0.7491907,0.6285046,0.6815714,0.6469915,0,0,0,0,0,0,0,0,0,0,0,0,0,0,0,0,0,0,0,0,0.7569268,0.8261345,0.8203448,0.7571937,0.803804,0.7409688,1,0.9981494,0.7480448,0.9302357,0.9387411,0.7138808,0.7971241,0.7202911,0,0,0,0,0,0,0,0,0
0,0,0,0,0,0,0,0,0,0,0,0,0,0.6268016,0.6303319,0.9316391,1,0.8790123,0.736113,0.7181001,0.6414673,0.6284473,0,0,0,0,0,0,0,0,0,0,0,0,0,0,0,0,0,0,0,0,0,0,0,0,0,0,0.8441637,1,0.9628097,0.6899931,0.8432624,0.871969,0.8886522,0.8587773,0.8034669,0.6997119,0,0,0,0,0,0,0,0,0,0,0,0,0,0,0,0,0,0,0,0,0,0,0.6289721,0.9545413,1,0.8457638,0.7621067,0.8112676,0.8075925,0.80834,0.7662648,0.6971259,0,0,0,0,0,0,0,0,0,0,0,0,0,0,0,0,0,0,0,0,0,0,0.6198077,0.6324069,0.8603626,1,0.9414155,0.671831,0.7126946,0.7999457,0.8394347,0.7887147,0.7228249,0.6555456,0.6216455,0,0,0,0,0,0,0,0,0,0,0,0,0,0,0,0,0,0,0,0,0,0.6616864,0.7800595,0.9947708,1,0.8377833,0.806833,0.9051793,0.8952001,0.8689516,0.8279637,0.7547187,0.704068,0,0,0,0,0,0,0
0,0,0,0,0,0,0,0,0,0,0,0,0,0,0.7523094,0.9323555,1,0.8912343,0.749058,0,0.7324828,0.7743257,0,0,0,0.7219661,0.7068834,0,0,0,0,0,0,0,0,0,0,0,0,0,0,0,0,0,0,0,0,0,0.8280036,1,0.9603678,0,0.796081,0.7593977,0,0.9320996,0.8889306,0.9377338,0.8961539,0.8027942,0,0,0,0,0,0,0,0,0,0,0,0,0,0,0,0,0,0,0,0,0,0.9588657,1,0.8202119,0.7772908,0,0.7078014,0.7867604,0.7299424,0.8033988,0.7648697,0.705515,0.6841503,0,0,0,0,0,0,0,0,0,0,0,0,0,0,0,0,0,0,0,0,0.7015464,0.8781544,1,0.9588264,0.8384245,0.7613659,0.7790315,0.7890086,0.7475722,0.7654002,0.7934359,0.7377648,0,0,0,0,0,0,0,0,0,0,0,0,0,0,0,0,0,0,0,0,0,0,0.794223,0.9804899,1,0.8132802,0.7606255,0,0,0.7552806,0.8536831,0.8478894,0.8516474,0.7986299,0,0,0,0,0,0
0,0,0,0,0,0,0,0,0,0,0,0,0,0,0,0.9318984,1,0.8707302,0.6596848,0.6544859,0.6929724,0.6605402,0,0.7079195,0.7058889,0.7177117,0.6307672,0,0,0,0,0,0,0,0,0,0,0,0,0,0,0,0,0,0,0,0,0.7567096,0.7969823,0.9963301,0.9772085,0.7610177,0.7646728,0.9125134,0.9216509,1,0.9735691,0.8631169,0.8459859,0.8415791,0.7883828,0,0,0,0,0,0,0,0,0,0,0,0,0,0,0,0,0,0,0.6090444,0.6660446,0.9505391,1,0.8691323,0,0.6138436,0.7005367,0.7314764,0.7320731,0.6510105,0.6660112,0.6147794,0.6353522,0.6105205,0.6387998,0,0,0,0,0,0,0,0,0,0,0,0,0,0,0,0,0,0,0,0.8553643,1,0.9384747,0.8115994,0.7512656,0.7485443,0.7818309,0.6833472,0.8116949,0.7360047,0,0,0,0,0,0.7401706,0.7292953,0,0,0,0,0,0,0,0,0,0,0,0,0,0,0.698029,0.6642544,0.7821357,0.9944382,1,0.7493902,0.8376085,0.7454435,0.7895368,0.84059,0.8217554,0.6921721,0.8112357,0.7041991,0.7773529,0.7442531,0.6547626,0.7117967,0.7405853,0.7155963
0,0,0,0,0,0,0,0,0,0,0,0,0,0,0.6843092,0.8999026,1,0.9082305,0.7519134,0.6876612,0.6783132,0.7102193,0.6509614,0.6636742,0.6535504,0.6712013,0,0,0,0,0,0,0,0,0,0,0,0,0,0,0,0,0,0,0,0.7474737,0.7262135,0.7411187,0.7260415,0.9878984,1,0.7384586,0,0.7261209,0.8422141,0.9355586,0.9706272,0.9692022,0.8644966,0,0,0,0,0,0,0,0,0,0,0,0,0,0,0,0,0,0,0,0,0,0,0.9248033,1,0.8874221,0.7452782,0.7247357,0.6543714,0.7088414,0.7117469,0.7723652,0.7725676,0.7401007,0.6636552,0,0.6198412,0.6299297,0,0,0,0,0,0,0,0,0,0,0,0,0,0,0,0,0,0.7104048,0.8801281,1,0.9597229,0.6877566,0.7056202,0,0.7219062,0.7990627,0.7463731,0.6772748,0.6715302,0.6612394,0.7566179,0.7167757,0.7131617,0.7118119,0,0,0,0,0,0,0,0,0,0,0,0,0,0,0,0,0.6904581,0.7553485,0.9835162,1,0.750979,0.7748026,0.7389865,0.7687284,0.6655107,0.7171872,0.7833129,0.7665163,0.7419987,0.7874525,0.7448665,0.6769802,0,0,0
0,0,0,0,0,0,0,0,0,0,0,0,0,0,0,0.9104563,1,0.9221119,0,0.7947283,0,0.748121,0.7893899,0,0,0,0,0,0,0,0,0,0,0,0,0,0,0,0,0,0,0,0,0,0,0,0,0,0.8200532,1,0.9799893,0.8693071,0.8172871,0,0,0,0,0,0,0,0,0,0,0,0,0,0,0,0,0,0,0,0,0,0,0,0,0,0,0,0,0.9288653,1,0.9315466,0.7781482,0.8437617,0.8519856,0.7730949,0.7769615,0.7930229,0.766821,0,0,0,0,0,0,0,0,0,0,0,0,0,0,0,0,0,0,0,0,0,0,0,0.7959993,1,0.9926677,0.8181502,0.7552602,0,0,0,0.8280329,0.8619116,0.8542275,0.8360628,0.7743504,0,0,0,0,0,0,0,0,0,0,0,0,0,0,0,0,0,0,0,0,0.8052325,0.9399024,1,0.9215166,0.7953917,0.78019,0,0,0,0.8244111,0.8589481,0.8518599,0.8108027,0,0,0,0,0
0,0,0,0,0,0,0,0,0,0,0,0,0,0,0,0.9337647,1,0.9677383,0.9449514,0.9096878,0,0,0,0,0,0,0,0,0,0,0,0,0,0,0,0,0,0,0,0,0,0,0,0,0,0,0,0,0.9054205,1,0.9891006,0.8955006,0,0,0,0,0,0,0,0,0,0,0,0,0,0,0,0,0,0,0,0,0,0,0,0,0,0,0,0,0,0.9624954,1,0.9391521,0.8795182,0.8955921,0.8943726,0,0,0,0,0,0,0,0,0,0,0,0,0,0,0,0,0,0,0,0,0,0,0,0,0,0,0,0.8954048,1,0.9955555,0.8772234,0.8294843,0.8551843,0.8309233,0,0,0,0,0,0,0,0,0,0,0,0,0,0,0,0,0,0,0,0,0,0,0,0,0,0,0.8802336,0.971183,1,0.8877677,0,0,0,0,0,0,0,0,0,0,0,0,0,0
0,0,0,0,0,0,0,0,0,0,0,0,0,0,0,0.8960607,1,0.9773437,0.880923,0.7294852,0,0,0,0,0,0,0,0,0,0,0,0,0,0,0,0,0,0,0,0,0,0,0,0,0,0,0,0,0.9299372,1,0.9892462,0,0,0,0,0,0,0,0,0,0,0,0,0,0,0,0,0,0,0,0,0,0,0,0,0,0,0,0,0,0.7760534,0.9551918,1,0.9442427,0.8796566,0.8070089,0,0,0,0,0,0,0,0,0,0,0,0,0,0,0,0,0,0,0,0,0,0,0,0,0,0,0,0.7466392,0.818161,1,0.9945172,0.921306,0.8249103,0.7539585,0,0,0,0,0,0,0,0,0,0,0,0,0,0,0,0,0,0,0,0,0,0,0,0,0,0,0,0.7680883,0.9127122,1,0.9656763,0.8415975,0.7679415,0,0,0,0,0,0,0,0,0,0,0,0
0,0,0,0,0,0,0,0,0,0,0,0,0,0,0,0.9044472,1,0.9352879,0.6852044,0,0,0,0,0,0,0,0,0,0,0,0,0,0,0,0,0,0,0,0,0,0,0,0,0,0,0,0,0,0.8748201,1,0.9900802,0.8325936,0,0,0,0,0,0,0,0,0,0,0,0,0,0,0,0,0,0,0,0,0,0,0,0,0,0,0,0,0,0.9292254,1,0.9300268,0,0,0,0,0,0,0,0,0,0,0,0,0,0,0,0,0,0,0,0,0,0,0,0,0,0,0,0,0,0,0.8911724,1,0.938985,0,0,0,0,0,0,0,0,0,0,0,0,0,0,0,0,0,0,0,0,0,0,0,0,0,0,0,0,0,0,0,1,0.9995826,0.9545113,0,0,0,0,0,0,0,0,0,0,0,0,0,0
