GestureName: y
Duration(ms): 1081
Handedness: right

SpeakerAngles: 5
55
-55
0
0
110

SpeakerElevations: 5
-10
-10
-10
0
30

InterpretedPoints: 23
0,-1.98480775301221,0.17364817766693
0,0,0
0,0,0
0.813797681349374,0.703801867273976,0.5
4.86151489638292,7.76041642524942,0.458110933998418
5.69658376944562,15.4840848036273,0.721629157329114
4.06189800950909,13.6932838844023,-0.0837781320031643
6.48201986184389,8.01388856699923,0.610814578664557
2.44139304404812,3.35566344068863,0.631759111665348
3.99808443436912,-4.05310175506666,-1.28446275633149
-1.67722814336317,-2.05918886383224,-4.32635182233307
-2.45557383852367,-15.0764810690794,0.278370842670886
0.799616886873824,-4.78795016923785,0.368240888334652
0.813797681349374,-0.296198132726024,0.5
1.62759536269875,1.40760373454795,1
1.6417761571743,12.2733386528537,-0.0837781320031643
4.06898840674687,9.71769043427321,1.11081457866456
4.06189800950909,4.34968549658394,1.47905546699921
4.04771721503354,3.10219129893882,0.479055466999209
0,0,0
0,0,0
0,0,0
0,0,0

StrokePoints: 24
0,0,0
0,-1.98480775301221,0.17364817766693
0,-1.98480775301221,0.17364817766693
0,-1.98480775301221,0.17364817766693
0.813797681349374,-1.28100588573823,0.67364817766693
5.67531257773229,6.47941053951119,1.13175911166535
11.3718963471779,21.9634953431385,1.85338826899446
15.433794356687,35.6567792275408,1.7696101369913
21.9158142185309,43.6706677945401,2.38042471565585
24.357207262579,47.0263312352287,3.0121838273212
28.3552916969481,42.973229480162,1.72772107098972
26.678063553585,40.9140406163298,-2.59863075134335
24.2224897150613,25.8375595472504,-2.32025990867247
25.0221066019351,21.0496093780126,-1.95201902033782
25.8359042832845,20.7534112452865,-1.45201902033782
27.4634996459832,22.1610149798345,-0.452019020337815
29.1052758031575,34.4343536326882,-0.53579715234098
33.1742642099044,44.1520440669614,0.575017426323577
37.2361622194135,48.5017295635454,2.05407289332279
41.283879434447,51.6039208624842,2.533128360322
41.283879434447,51.6039208624842,2.533128360322
41.283879434447,51.6039208624842,2.533128360322
41.283879434447,51.6039208624842,2.533128360322
41.283879434447,51.6039208624842,2.533128360322

Velocities: 23
0,0,-1
0,0,0
0,0,0
0,0,0
3,0,3
5,5,6
4,3,5
4,0,4
2,2,1
1,-9,1
2,-5,2
-4,-6,-6
0,-2,-3
0,0,0
0,0,0
3,5,4
2,2,4
1,0,2
3,0,0
0,0,0
0,0,0
0,0,0
0,0,0

InverseVelocities: 23
0,0,0
0,0,0
0,0,0
0,0,0
0,0,0
-1,0,0
0,0,0
0,0,0
0,-2,-2
-1,0,-7
-5,2,-8
0,0,0
0,0,0
0,0,0
0,0,0
0,0,0
0,0,0
0,0,0
0,0,0
0,0,0
0,0,0
0,0,0
0,0,0

RawData: 23
0,0,0,0,0,0,0,0,0,0,0,0,0,0.7478001,0.8543103,0.9562969,1,0.8866908,0,0,0,0,0,0,0,0,0,0,0,0,0,0,0,0,0,0,0,0,0,0,0,0,0,0,0,0,0,0.9362614,1,0.9727885,0.8606095,0.7801216,0,0,0,0,0,0,0,0,0,0,0,0,0,0,0,0,0,0,0,0,0,0,0,0,0,0,0.7283279,0.7837065,0,0.9331748,1,0.8840598,0.647566,0,0,0,0,0,0,0,0,0,0,0,0,0,0,0,0,0,0,0,0,0,0,0,0,0,0,0.7800385,0.900156,1,0.9667552,0.9894755,0.9783694,0,0,0,0,0,0,0,0,0,0,0,0,0,0,0,0,0,0,0,0,0,0,0,0,0,0,0,0,0.7439325,0.6840289,0.8645201,1,0.9931059,0.8283592,0.7164693,0,0,0,0,0,0,0,0,0,0,0,0,0
0,0,0,0,0,0,0,0,0,0,0,0,0,0,0.8263607,0.9415689,1,0.8704471,0,0,0,0,0,0,0,0,0,0,0,0,0,0,0,0,0,0,0,0,0,0,0,0,0,0,0,0,0,0,0.9072684,1,0.9835459,0,0,0,0,0,0,0,0,0,0,0,0,0,0,0,0,0,0,0,0,0,0,0,0,0,0,0,0,0,0.824397,0.9848412,1,0.8523642,0,0,0,0,0,0,0,0,0,0,0,0,0,0,0,0,0,0,0,0,0,0,0,0,0,0,0,0,0,0.8236532,0.9792628,1,0.9007258,0,0,0,0,0,0,0,0,0,0,0,0,0,0,0,0,0,0,0,0,0,0,0,0,0,0,0,0,0,0,0.8391111,0.9644993,1,0.8731485,0,0,0,0,0,0,0,0,0,0,0,0,0,0
0,0,0,0,0,0,0,0,0,0,0,0,0,0,0,0.9331158,1,0.8822728,0,0,0,0,0,0,0,0,0,0,0,0,0,0,0,0,0,0,0,0,0,0,0,0,0,0,0,0,0,0,0,0.9533947,1,0.9219075,0,0,0,0,0,0,0,0,0,0,0,0,0,0,0,0,0,0,0,0,0,0,0,0,0,0,0,0,0,0.9513868,1,0.8488963,0,0,0,0,0,0,0,0,0,0,0,0,0,0,0,0,0,0,0,0,0,0,0,0,0,0,0,0,0,0,0.8861997,1,0.9460238,0.7722195,0,0,0,0,0,0,0,0,0,0,0,0,0,0,0,0,0,0,0,0,0,0,0,0,0,0,0,0,0,0,0.9205211,1,0.9573175,0.7676931,0,0,0,0,0,0,0,0,0,0,0,0,0
0,0,0,0,0,0,0,0,0,0,0,0,0,0,0.7045377,0.9348285,1,0.8295397,0.8131577,0,0,0,0,0,0,0,0,0,0,0,0,0,0,0,0,0,0,0,0,0,0,0,0,0,0,0,0,0,0.8371751,0.9665852,0.9230292,1,0.9252034,0,0,0,0,0,0,0,0,0,0,0,0,0,0,0,0,0,0,0,0,0,0,0,0,0,0,0,0,0.922844,1,0.9017391,0.794282,0.7226663,0,0,0,0,0,0,0,0,0,0,0,0,0,0,0,0,0,0,0,0,0,0,0,0,0,0,0,0,0.9012275,1,0.956439,0.7768241,0.7158282,0.6698293,0,0,0,0,0,0,0,0,0,0,0,0,0,0,0,0,0,0,0,0,0,0,0,0,0,0,0,0,0.9760991,1,0.9891872,0.9152227,0.914887,0,0,0,0,0,0,0,0,0,0,0,0
0,0,0,0,0,0,0,0,0,0,0,0,0,0.7138643,0.6777379,0.912409,1,0.9251402,0.8743704,0.7220011,0.7275389,0.7390561,0.6948622,0,0,0,0,0,0,0,0,0,0,0,0,0,0,0,0,0,0,0,0,0,0,0,0,0,0.7970512,0.9846914,1,0.9418433,0,0,0,0,0,0,0,0,0,0,0,0,0,0,0,0,0,0,0,0,0,0,0,0,0,0,0,0,0.7000283,0.9629679,1,0.8614212,0.856228,0.8037946,0.668037,0.6702651,0.6572367,0,0,0,0,0,0,0,0,0,0,0,0,0,0,0,0,0,0,0,0,0,0,0,0.6861181,0.7099829,0.8684354,1,0.9538059,0.8782023,0.7702685,0.8347269,0.7930353,0.749373,0.6750358,0,0,0,0,0,0,0,0,0,0,0,0,0,0,0,0,0,0,0,0,0,0,0,0,0,0.9601341,0.941337,0.9594754,0.9503627,1,0.9742535,0.8675069,0,0,0,0,0,0,0,0,0,0
0,0,0,0,0,0,0,0,0,0,0,0,0.7115451,0.7100381,0,0.9209678,1,0.928148,0.7690163,0.6960743,0.8150951,0.7874566,0.776888,0.8205392,0.7654334,0,0,0,0,0,0,0,0,0,0,0,0,0,0,0,0,0,0,0,0,0,0,0.7485932,0.7503115,0.9682574,1,0.9485724,0.8992409,0.7424761,0.8357693,0.8800704,0.8886836,0.8309548,0,0,0,0,0,0,0,0,0,0,0,0,0,0,0,0,0,0,0,0,0,0,0.691431,0.9422338,1,0.9099024,0.7824697,0.8581925,0.8327421,0.7559422,0.8031064,0.7908679,0.7270138,0.6641685,0,0,0,0,0,0,0,0,0,0,0,0,0,0,0,0,0,0,0,0,0.6683812,0,0.8566806,1,0.9806876,0.7868904,0,0.8423097,0.8325062,0.8338002,0.7529921,0.7181802,0.7103649,0,0,0,0,0,0,0,0,0,0,0,0,0,0,0,0,0,0,0,0,0,0.6884103,0.7434868,0.9278901,1,0.9542661,0.927267,0.7945058,0.8809804,0.8720333,0.739648,0.8151894,0.7723223,0.6872684,0,0,0,0,0,0
0,0,0,0,0,0,0,0,0,0,0,0,0,0,0,0.9214208,1,0.9378136,0,0,0,0.8617095,0.8478433,0.8436158,0,0,0,0,0,0,0,0,0,0,0,0,0,0,0,0,0,0,0,0,0,0,0,0,0,0.9756573,1,0.9336621,0,0,0.9288552,0.9199445,0,0,0,0,0,0,0,0,0,0,0,0,0,0,0,0,0,0,0,0,0,0,0,0,0,0.9191366,1,0.9409881,0.8793142,0.8617876,0,0,0,0,0.8266029,0,0,0,0,0,0,0,0,0,0,0,0,0,0,0,0,0,0,0,0,0,0,0,0,0.9994012,1,0.9238883,0.9041708,0.8806376,0.8777761,0.8837012,0,0.9079606,0.8751632,0,0,0,0,0,0,0,0,0,0,0,0,0,0,0,0,0,0,0,0,0,0,0,0.982979,1,0,0.9152335,0.8941445,0.8910609,0.9288593,0.9148212,0,0,0,0,0,0,0,0,0
0,0,0,0,0,0,0,0,0,0,0,0,0,0,0,0.9084086,1,0.9399196,0.8204196,0,0.8525308,0.879645,0.8547171,0.8241274,0,0,0,0,0,0,0,0,0,0,0,0,0,0,0,0,0,0,0,0,0,0,0,0,0.9438476,1,0.9242176,0,0,0,0,0,0,0,0,0,0,0,0,0,0,0,0,0,0,0,0,0,0,0,0,0,0,0,0,0,0,0.9418794,1,0.8884395,0,0,0,0,0.8016428,0.8148723,0,0,0,0,0,0,0,0,0,0,0,0,0,0,0,0,0,0,0,0,0,0,0,0,0,1,0.9938373,0.9434355,0,0,0.8948753,0.8962815,0,0,0,0,0,0,0,0,0,0,0,0,0,0,0,0,0,0,0,0,0,0,0,0,0,0,0.9440942,1,0.9686501,0.9263339,0.8784871,0.8723372,0.8868355,0.8471643,0,0,0,0,0,0,0,0,0
0,0,0,0,0,0,0,0,0,0,0,0,0,0.7240163,0.7156712,0.9170762,1,0.8510407,0.798453,0.8024764,0.8205085,0.7132664,0,0,0,0,0,0,0,0,0,0,0,0,0,0,0,0,0,0,0,0,0,0,0.8000442,0.8551794,0.8791443,0.832355,0.9250736,1,0.9810162,0.8069094,0.7501462,0.7763713,0.7384838,0,0,0,0,0,0,0,0,0,0,0,0,0,0,0,0,0,0,0,0,0,0,0.7000169,0.7954272,0.7968535,0.7834204,0.9571097,1,0.8977118,0.81116,0.7877873,0.6810752,0,0,0,0,0,0,0,0,0,0,0,0,0,0,0,0,0,0,0,0,0,0,0,0,0.7671845,0.7676659,0.8022554,0.7343242,1,0.9948355,0.7540254,0.841563,0.7996463,0,0,0,0,0,0,0,0,0,0,0,0,0,0,0,0,0,0,0,0,0,0,0,0,0,0.876986,0.9330363,0.9580821,1,0.9432275,0.8899896,0.9905127,0.9805403,0.9296817,0.8649213,0,0,0,0,0,0,0,0,0,0
0,0,0,0,0,0,0,0,0,0,0,0,0.7934126,0.7010952,0.7472935,0.8707458,1,0.9070651,0.7281247,0,0.6921861,0,0,0,0,0,0,0,0,0,0,0,0,0,0,0,0,0.7183126,0.711839,0,0,0.7058445,0.7683675,0.8335469,0,1,0.9820202,0.9601277,0.9329594,0.9834266,0.9268785,0.8135436,0,0,0,0,0,0,0,0,0,0,0,0,0,0,0,0,0,0,0,0,0.6541612,0.6487931,0,0.6677634,0.7841923,0.8066186,0.8809686,0.8319106,0.7478801,0.8762386,1,0.9252872,0,0.6348346,0.6568722,0,0,0,0,0,0,0,0,0,0,0,0,0,0,0,0,0,0,0,0,0,0,0,0.8053858,0.797802,0.6298851,0.7196042,0.9112145,1,0.9446512,0.7027452,0.6557415,0,0,0,0,0,0,0,0,0,0,0,0,0,0,0,0,0,0,0,0,0,0.7971505,0.9113048,0.9361662,0.9451981,0.989526,1,0.9739245,0.9606322,0.9923599,0.9437441,0.8387455,0.9436001,0,0,0,0,0,0,0,0,0,0,0,0,0
0,0,0,0,0,0,0,0,0.6675226,0.6304747,0.7332065,0.8054557,0.8465295,0.8155726,0.7632275,0.9157127,1,0.9118118,0,0.6632707,0.6868997,0.6304569,0,0,0,0,0,0,0,0,0,0,0,0,0,0,0,0,0,0,0,0.7561159,0.8010699,0.8626081,0.9699244,1,0.9433357,0.9363968,0.9120613,0.9734462,0.9228256,0.8171932,0.7149502,0.7231306,0.6385937,0,0,0,0,0,0,0,0,0,0,0,0,0,0,0,0,0.6210866,0.6559843,0.6081724,0,0,0.8208196,0.8903917,0.7417801,0.8806098,0.8171126,0.9191558,1,0.885539,0.7080803,0.6219943,0.6221238,0.6529325,0,0,0,0,0,0,0,0,0,0,0,0,0,0,0,0,0,0,0,0.7752851,0.8349482,0.7755923,0.8722872,0.8805944,0.8246686,0.927339,0.8583981,0.9989516,1,0.853248,0.7932559,0.7380692,0.688545,0,0,0,0,0,0,0,0,0,0,0,0,0,0,0,0.6811067,0.6737245,0.6837326,0.6709112,0.7574147,0.7572715,0.8547526,0.867893,0.9725706,0.802175,0.9244433,0.9431251,1,0.9916555,0.8531987,0.8250962,0.7609004,0.6762514,0.6651173,0,0,0,0,0,0,0,0,0,0
0,0,0,0,0,0,0,0,0,0.7135886,0.751285,0.7335645,0,0.7178457,0.7829388,0.9201422,1,0.9168052,0.6942757,0,0,0,0,0,0,0,0,0,0,0,0,0,0,0,0,0,0,0,0,0,0.7655256,0.8625854,0.8223467,0,0.9497713,0.8383417,0.9991932,1,0,0.9140773,0.9077582,0.9231629,0.877544,0,0,0,0,0,0,0,0,0,0,0,0,0,0,0,0,0,0,0,0,0.6481899,0.6718016,0.6632916,0.6360369,0.8479304,0.7895344,0.7720943,0.8080375,0.9462299,1,0.8759428,0.7549779,0.6794837,0,0,0,0,0,0,0,0,0,0,0,0,0,0,0,0,0,0,0,0,0,0.736354,0.7356169,0.7432913,0.8460535,0.8317735,0.8464444,0.8640501,0.8512199,1,0.9762684,0.6790653,0,0,0,0,0,0,0,0,0,0,0,0,0,0,0,0,0,0,0,0,0,0,0.7197674,0.7784753,0.7325945,0.8415183,0.9537771,0.9056244,0.8315917,0.9081917,0.984351,1,0.8886349,0.8957719,0.7640947,0,0,0,0,0,0,0,0,0,0,0,0
0,0,0,0,0,0,0,0,0,0,0,0,0,0,0.6648433,0.8892376,1,0.921177,0,0,0,0,0,0,0,0,0,0,0,0,0,0,0,0,0,0,0,0,0,0,0,0,0,0,0.7497804,0,0.8633541,0.9980751,1,0.9001268,0.8308662,0.9688058,0.8725675,0,0,0,0,0,0,0,0,0,0,0,0,0,0,0,0,0,0,0,0,0,0,0,0.6767186,0.7498983,0.8130621,0.8459533,0.8599511,0.955014,1,0.8767329,0.7406299,0,0,0,0,0,0,0,0,0,0,0,0,0,0,0,0,0,0,0,0,0,0,0,0,0,0,0.7700375,0.8574584,0.9073676,0.8195754,1,0.9742641,0.7618265,0.7819611,0,0,0,0,0,0,0,0,0,0,0,0,0,0,0,0,0,0,0,0,0,0,0,0,0,0.8302308,0.8791445,0.910503,0.9249299,0.971562,1,0.9689468,0.8808414,0,0,0,0,0,0,0,0,0,0,0,0,0
0,0,0,0,0,0,0,0,0,0,0,0,0,0,0,0.9041645,1,0.90749,0.729063,0,0,0,0,0,0,0,0,0,0,0,0,0,0,0,0,0,0,0,0,0,0,0,0,0,0,0,0,0,0.8388069,0.9690803,1,0.8982954,0,0,0,0,0,0,0,0,0,0,0,0,0,0,0,0,0,0,0,0,0,0,0,0,0,0,0,0,0,0.9118113,1,0.9216961,0.7509644,0,0,0,0,0,0,0,0,0,0,0,0,0,0,0,0,0,0,0,0,0,0,0,0,0,0,0,0,0,0.8614601,1,0.9749358,0.7004431,0,0,0,0,0,0,0,0,0,0,0,0,0,0,0,0,0,0,0,0,0,0,0,0,0,0,0,0,0,0.9152462,0.8238129,0.9421101,0.8681293,1,0.8361392,0,0,0,0,0,0,0,0,0,0,0,0
0,0,0,0,0,0,0,0,0,0,0,0,0,0,0,0.9269181,1,0.9161292,0,0,0,0,0,0,0,0,0,0,0,0,0,0,0,0,0,0,0,0,0,0,0,0,0,0,0,0,0,0,0,0,0.9703904,1,0.8783284,0,0,0,0,0,0,0,0,0,0,0,0,0,0,0,0,0,0,0,0,0,0,0,0,0,0,0,0.8099263,0.9504712,1,0.9209647,0.7858675,0,0,0,0,0,0,0,0,0,0,0,0,0,0,0,0,0,0,0,0,0,0,0,0,0,0,0,0,0,0.849219,1,0.9386085,0.9024205,0.8703829,0.8314953,0.8063656,0,0,0,0,0,0,0,0,0,0,0,0,0,0,0,0,0,0,0,0,0,0,0,0,0,0,0,0.9489113,1,0.9818414,0.9635627,0.911234,0.8265119,0,0,0,0,0,0,0,0,0,0,0
0,0,0,0,0,0,0,0,0,0,0,0,0,0,0.6977156,0.9161105,1,0.8268125,0.8585655,0.8090177,0.6866125,0.7055809,0.7078817,0,0,0,0,0,0,0,0,0,0,0,0,0,0,0,0,0,0,0,0,0,0,0,0,0,0.7594948,0.9117999,0.9889851,1,0.9202681,0.9315202,0.8039926,0.7714761,0.7993191,0.7805116,0,0,0,0,0,0,0,0,0,0,0,0,0,0,0,0,0,0,0,0,0,0.6639867,0.6811466,0.9448824,1,0.7933775,0.8263607,0.8177776,0.8046476,0.7298971,0.7022315,0.6539079,0,0,0,0,0,0,0,0,0,0,0,0,0,0,0,0,0,0,0,0,0,0,0.7263362,0.7596067,0.850213,1,0.9649679,0.9076459,0.830595,0.8673151,0.7882459,0.6739112,0.7730823,0.7637138,0,0,0,0,0,0,0,0,0,0,0,0,0,0,0,0,0,0,0,0,0,0,0.6713012,0.7802203,0.9551499,1,0.9099244,0.7657656,0.683601,0.8085163,0.8454826,0.7035705,0,0,0,0,0,0,0,0,0
0,0,0,0,0,0,0,0,0,0,0,0,0,0,0,0.9387263,1,0.9000063,0.7137347,0,0.7355788,0.7669981,0,0,0,0,0,0,0,0,0,0,0,0,0,0,0,0,0,0,0,0,0,0,0,0,0,0,0,0.8898351,0.9565257,1,0.9920968,0.8936105,0.8125054,0,0,0,0,0,0,0,0,0,0,0,0,0,0,0,0,0,0,0,0,0,0,0,0,0,0.6969511,0.9636005,1,0.8098723,0.8770363,0.8798611,0.8221974,0.8208694,0.771465,0.7413563,0,0,0,0,0,0,0,0,0,0,0,0,0,0,0,0,0,0,0,0,0,0,0,0,0.8486051,0.9920896,1,0.9114118,0.9124714,0.8944977,0.7961574,0.6966743,0.7845786,0.7710761,0,0,0,0,0,0,0,0,0,0,0,0,0,0,0,0,0,0,0,0,0,0,0,0.7206478,0.9415926,1,0.9890358,0.8983236,0.9015582,0.8832943,0.8182425,0.8174269,0.7115507,0,0,0,0,0,0,0,0
0,0,0,0,0,0,0,0,0,0,0,0,0,0,0.701872,0.9278638,1,0.8660704,0.7430059,0.6601983,0.729022,0,0,0,0,0,0,0,0,0,0,0,0,0,0,0,0,0,0,0,0,0,0,0,0,0,0,0.7201536,0.8069999,0.993833,1,0.9269797,0.8390062,0,0,0,0,0,0,0,0,0,0,0,0,0,0,0,0,0,0,0,0,0,0,0,0,0,0,0.7107395,0.8054849,0.9478872,1,0.847399,0.7310084,0.7485265,0.650795,0.6439936,0,0,0,0,0,0,0,0,0,0,0,0,0,0,0,0,0,0,0,0,0,0,0,0,0.65626,0.743821,0.9043862,1,0.9572524,0.8888553,0.8974478,0.786642,0.7444112,0.693475,0,0,0,0,0,0,0,0,0,0,0,0,0,0,0,0,0,0,0,0,0,0,0,0,0.7363,0.7942531,0.9536755,1,0.9969171,0.9497045,0.7899549,0,0.8056509,0.7138559,0,0,0,0,0,0,0,0,0
0,0,0,0,0,0,0,0,0,0,0,0,0,0.7200981,0.847416,0.9528616,1,0.9237819,0.8088797,0.7393726,0.6591417,0.6768619,0.6721801,0,0,0,0,0,0,0,0,0,0,0,0,0,0,0,0,0,0,0,0,0,0,0,0.7666293,0.8475921,0.9030918,0.9949308,1,0.8693811,0,0,0,0,0,0,0,0,0,0,0,0,0,0,0,0,0,0,0,0,0,0,0,0,0,0,0,0.7352342,0.8636019,0.9707134,1,0.8593753,0.7996179,0.7459123,0,0,0,0,0,0,0,0,0,0,0,0,0,0,0,0,0,0,0,0,0,0,0,0,0,0,0,0.8602015,0.8771395,1,0.9494945,0.8908893,0.8359458,0.7726924,0.7263542,0,0,0,0,0,0,0,0,0,0,0,0,0,0,0,0,0,0,0,0,0,0,0,0,0,0.8547103,0.9409834,0.9432212,1,0.9861354,0.9666498,0.8747265,0.8143377,0,0,0,0,0,0,0,0,0,0,0
0,0,0,0,0,0,0,0,0,0,0,0,0,0.7430267,0.9089314,0.9195807,1,0.9124179,0,0,0,0,0,0,0,0,0,0,0,0,0,0,0,0,0,0,0,0,0,0,0,0,0,0,0,0,0,0,0.9222026,1,0.9260381,0,0,0,0,0,0,0,0,0,0,0,0,0,0,0,0,0,0,0,0,0,0,0,0,0,0,0,0,0.8109179,0.8909689,0.9691767,1,0.8898788,0,0,0,0,0,0,0,0,0,0,0,0,0,0,0,0,0,0,0,0,0,0,0,0,0,0,0,0,0.7531301,0.8704165,0.881493,1,0.9676699,0.8044392,0,0,0,0,0,0,0,0,0,0,0,0,0,0,0,0,0,0,0,0,0,0,0,0,0,0,0,0,0.8605897,0.9812823,1,0.944056,0.8720322,0.8342173,0,0,0,0,0,0,0,0,0,0,0,0,0
0,0,0,0,0,0,0,0,0,0,0,0,0,0.6648423,0.8814442,0.8958803,1,0.8738558,0.6492376,0,0,0,0,0,0,0,0,0,0,0,0,0,0,0,0,0,0,0,0,0,0,0,0,0,0,0,0,0.6971989,0.9008077,1,0.9540269,0,0,0,0,0,0,0,0,0,0,0,0,0,0,0,0,0,0,0,0,0,0,0,0,0,0,0,0,0.7268866,0.8938348,0.9306945,1,0.8211916,0,0,0,0,0,0,0,0,0,0,0,0,0,0,0,0,0,0,0,0,0,0,0,0,0,0,0,0,0,0.763455,0.896431,1,0.9244571,0.7011021,0.6649984,0,0,0,0,0,0,0,0,0,0,0,0,0,0,0,0,0,0,0,0,0,0,0,0,0,0,0,0.766536,0.8553212,0.9963349,1,0.8276449,0,0,0,0,0,0,0,0,0,0,0,0,0,0
0,0,0,0,0,0,0,0,0,0,0,0,0,0,0.8114622,0.9730408,1,0.8835616,0,0,0,0,0,0,0,0,0,0,0,0,0,0,0,0,0,0,0,0,0,0,0,0,0,0,0,0,0,0,0.8603087,1,0.9878381,0,0,0,0,0,0,0,0,0,0,0,0,0,0,0,0,0,0,0,0,0,0,0,0,0,0,0,0,0,0.8370857,0.9641882,1,0.8783388,0,0,0,0,0,0,0,0,0,0,0,0,0,0,0,0,0,0,0,0,0,0,0,0,0,0,0,0,0,0,0.9008136,1,0.9415313,0,0,0,0,0,0,0,0,0,0,0,0,0,0,0,0,0,0,0,0,0,0,0,0,0,0,0,0,0,0,0.8487499,0.936763,1,0.8648612,0,0,0,0,0,0,0,0,0,0,0,0,0,0
0,0,0,0,0,0,0,0,0,0,0,0,0,0,0.7211756,0.9500014,1,0.8769844,0,0,0,0,0,0,0,0,0,0,0,0,0,0,0,0,0,0,0,0,0,0,0,0,0,0,0,0,0,0,0.8373458,1,0.9687529,0,0,0,0,0,0,0,0,0,0,0,0,0,0,0,0,0,0,0,0,0,0,0,0,0,0,0,0,0,0.7537495,0.92133,1,0.8800019,0,0,0,0,0,0,0,0,0,0,0,0,0,0,0,0,0,0,0,0,0,0,0,0,0,0,0,0,0,0,0.902366,1,0.9328971,0,0,0,0,0,0,0,0,0,0,0,0,0,0,0,0,0,0,0,0,0,0,0,0,0,0,0,0,0,0,0.818836,1,0.9875408,0.7800388,0,0,0,0,0,0,0,0,0,0,0,0,0,0
