GestureName: zigzag
Duration(ms): 1410
Handedness: right

SpeakerAngles: 5
55
-55
0
0
110

SpeakerElevations: 5
-10
-10
-10
0
30

InterpretedPoints: 30
-1.62759536269875,0.592396265452048,-1
0,0,0
0,0,0
1.63468575993652,2.66107587629776,1.15270364466614
0.856340064776023,13.3695520076879,1.2425736903299
4.11153079017352,23.4979733706266,1.33244373599367
4.91823807428512,22.9483030961507,1.67974009132753
3.27646191711082,10.819881733212,1.58987004566377
0.799616886873824,-0.673417373298392,-0.152703644666139
0.792526489636048,-2.10219129893882,-0.479055466999209
0.778345695160498,-9.59394333545065,-0.610814578664557
4.03353642055799,-2.82431260731812,0.868240888334652
1.59923377374765,-9.72081762839074,0.910129954336234
0.00709039723777505,1.25347214174981,0.152703644666139
4.08316920122242,16.4840848036273,0.721629157329114
5.71076456392117,20.135946377042,0.853388268994462
4.87569569085847,15.6717280845186,-0.104722665003956
0.835068873062699,10.6932838844023,-0.0837781320031643
3.24810032815972,-1.4382646726539,1.84729635533386
-0.820888078587149,-11.3008723968422,0.910129954336234
-3.2551907253975,-13.2581464058659,0.257426309670095
-7.29581754319326,-8.68730594029762,-0.763518223330696
-2.4484834412859,-6.47941053951119,-1.13175911166535
-0.00709039723777505,-2.36800493768926,0.368240888334652
4.05480761227132,8.31008669972526,0.110814578664557
8.91632250865424,11.971162576023,1.2635182233307
5.68949337220784,8.98635482301081,1.43716640099763
4.05480761227132,6.21074615077359,0.805407289332278
0,0.984807753012208,-0.17364817766693
0,0,0

StrokePoints: 31
0,0,0
-1.62759536269875,0.592396265452048,-1
-1.62759536269875,0.592396265452048,-1
-1.62759536269875,0.592396265452048,-1
0.00709039723777494,3.25347214174981,0.152703644666139
0.863430462013798,16.6230241494377,1.39527733499604
4.97496125218732,40.1209975200642,2.72772107098972
9.89319932647243,63.0693006162149,4.40746116231725
13.1696612435833,73.889182349427,5.99733120798101
13.9692781304571,73.2157649761286,5.84462756331487
14.7618046200931,71.1135736771898,5.36557209631567
15.5401503152536,61.5196303417391,4.75475751765111
19.5736867358116,58.695317734421,5.62299840598576
21.1729205095593,48.9745001060303,6.53312836032199
21.180010906797,50.2279722477801,6.68583200498813
25.2631801080195,66.7120570514074,7.40746116231725
30.9739446719406,86.8480034284494,8.26084943131171
35.8496403627991,102.519731512968,8.15612676630775
36.6847092358618,113.21301539737,8.07234863430459
39.9328095640215,111.774750724716,9.91964498963845
39.1119214854344,100.473878327874,10.8297749439747
35.8567307600369,87.2157319220083,11.0872012536448
28.5609132168436,78.5284259817106,10.3236830303141
26.1124297755577,72.0490154421994,9.19192391864873
26.1053393783199,69.6810105045102,9.56016480698339
30.1601469905913,77.9910972042354,9.67097938564794
39.0764694992455,89.9622597802585,10.9344976089786
44.7659628714533,98.9486146032693,12.3716640099763
48.8207704837247,105.159360754043,13.1770712993085
48.8207704837247,106.144168507055,13.0034231216416
48.8207704837247,106.144168507055,13.0034231216416

Velocities: 30
0,0,0
0,0,0
0,0,0
0,1,1
1,7,5
4,10,10
4,9,9
2,5,4
1,-1,-2
0,-3,0
0,-5,-3
0,-5,0
-1,-5,-5
0,1,1
4,6,6
6,8,7
6,5,4
2,5,5
0,-1,-1
-3,-4,-4
-4,-4,-5
-4,0,-6
-1,-2,-2
-1,-2,-2
3,1,4
5,0,5
3,2,4
2,0,2
0,0,1
0,0,0

InverseVelocities: 30
0,0,0
0,0,0
0,0,0
0,0,0
0,0,0
0,0,0
0,0,0
0,0,0
0,0,0
0,0,0
0,0,0
0,0,0
0,0,0
0,0,0
0,0,0
0,0,-2
0,0,0
0,0,0
0,0,0
0,0,0
0,0,0
0,0,0
0,0,0
1,0,1
0,0,0
0,0,-1
0,-1,-1
0,0,0
0,0,0
0,0,0

RawData: 30
0,0,0,0,0,0,0,0,0,0,0,0,0,0,0.7616705,0.9367957,1,0.8863215,0.6345232,0,0,0,0,0,0,0,0,0,0,0,0,0,0,0,0,0,0,0,0,0,0,0,0,0,0,0,0,0.7670326,0.8551373,1,0.9875668,0.7534028,0,0,0,0,0,0,0,0,0,0,0,0,0,0,0,0,0,0,0,0,0,0,0,0,0,0,0,0,0.7321902,0.9575362,1,0.8734753,0.6468987,0,0,0,0,0,0,0,0,0,0,0,0,0,0,0,0,0,0,0,0,0,0,0,0,0,0,0,0,0.7485898,0.8673754,1,0.9463677,0.6895285,0.6185005,0,0,0,0,0,0,0,0,0,0,0,0,0,0,0,0,0,0,0,0,0,0,0,0,0.6201476,0.6376323,0.6472379,0.7959933,0.8960932,0.9879609,1,0.8334346,0.6841697,0,0,0,0,0,0,0,0,0,0,0,0,0
0,0,0,0,0,0,0,0,0,0,0,0,0,0,0.7217139,0.9145298,1,0.9066838,0,0,0,0,0,0,0,0,0,0,0,0,0,0,0,0,0,0,0,0,0,0,0,0,0,0,0,0,0,0,0,1,0.9841085,0.7544296,0,0,0,0,0,0,0,0,0,0,0,0,0,0,0,0,0,0,0,0,0,0,0,0,0,0,0,0,0.7411567,0.9165484,1,0.8971383,0.645714,0,0,0,0,0,0,0,0,0,0,0,0,0,0,0,0,0,0,0,0,0,0,0,0,0,0,0,0.6724578,0.8108564,0.8687176,1,0.9754909,0.7349166,0,0,0,0,0,0,0,0,0,0,0,0,0,0,0,0,0,0,0,0,0,0,0,0,0,0,0,0,0.7423842,0.864547,0.9659467,1,0.8483934,0.6968122,0,0,0,0,0,0,0,0,0,0,0,0,0
0,0,0,0,0,0,0,0,0,0,0,0,0,0,0,0.8933031,1,0.9091704,0,0,0,0,0,0,0,0,0,0,0,0,0,0,0,0,0,0,0,0,0,0,0,0,0,0,0,0,0,0,0.8581178,1,0.9871243,0.8042172,0,0,0,0,0,0,0,0,0,0,0,0,0,0,0,0,0,0,0,0,0,0,0,0,0,0,0,0,0,0.9395008,1,0.8818895,0,0,0,0,0,0,0,0,0,0,0,0,0,0,0,0,0,0,0,0,0,0,0,0,0,0,0,0,0,0,0.8682337,1,0.9790031,0.7787545,0,0,0,0,0,0,0,0,0,0,0,0,0,0,0,0,0,0,0,0,0,0,0,0,0,0,0,0,0,0.7737201,0.9166965,1,0.8988868,0,0,0,0,0,0,0,0,0,0,0,0,0,0
0,0,0,0,0,0,0,0,0,0,0,0,0,0,0,0.8794529,1,0.9499308,0.7362463,0,0,0,0,0,0,0,0,0,0,0,0,0,0,0,0,0,0,0,0,0,0,0,0,0,0,0,0,0,0,1,0.9648843,0.8886475,0.8652277,0.807756,0,0,0,0,0,0,0,0,0,0,0,0,0,0,0,0,0,0,0,0,0,0,0,0,0,0,0.7014403,0.9530305,1,0.8963325,0,0.6846777,0.699477,0,0,0,0,0,0,0,0,0,0,0,0,0,0,0,0,0,0,0,0,0,0,0,0,0,0,0,0.8172362,1,0.974763,0.7557081,0.8223156,0.792793,0.7411325,0,0,0,0,0,0,0,0,0,0,0,0,0,0,0,0,0,0,0,0,0,0,0,0,0,0,0.7611816,0.9550015,1,0.8897766,0.8539855,0.8678673,0.8279366,0.7581129,0,0,0,0,0,0,0,0,0,0
0,0,0,0,0,0,0,0,0,0,0,0,0,0,0,0.9000247,1,0.9046423,0,0.6634024,0.6547123,0,0,0,0,0,0,0,0,0,0,0,0,0,0,0,0,0,0,0,0,0,0,0,0,0,0,0.6581337,0.8262807,1,0.9915341,0.8236191,0.7507021,0.6645777,0.6779249,0.6602233,0.7073356,0.7636767,0.7493358,0.6667335,0,0,0,0,0,0,0,0,0,0,0,0,0,0,0,0,0,0,0,0,0.7325613,0.9418945,1,0.8832439,0.6669866,0.7587376,0.7275562,0.7937865,0.7781892,0.7082754,0.6313238,0,0,0,0,0,0,0,0,0,0,0,0,0,0,0,0,0,0,0,0,0,0,0,0.8468276,1,0.9639602,0.7088632,0.7243292,0.7482728,0.7736959,0.7230857,0.6853742,0.6693326,0.6477573,0,0,0,0,0,0,0,0,0,0,0,0,0,0,0,0,0,0,0,0,0,0,0.7660895,0.8945107,1,0.8920156,0.7841097,0.7301008,0.6776763,0.8082736,0.9020819,0.8914397,0.8286158,0.7249236,0,0,0,0,0,0
0,0,0,0,0,0,0,0,0,0,0,0,0,0,0.6613292,0.9187537,1,0.9176561,0,0,0.7335016,0.7546413,0.7344664,0.6779779,0,0,0,0,0,0,0,0,0,0,0,0,0,0,0,0,0,0,0,0,0,0,0,0.7711276,0.9086819,1,0.962827,0.7828529,0.7892017,0.770884,0,0.7140404,0,0.79915,0.8529654,0.745464,0.8145732,0.7898588,0.6613114,0,0,0,0,0,0,0,0,0,0,0,0,0,0,0,0,0,0.7221292,0.8572896,1,0.9173937,0,0.6952521,0,0.7035189,0.7097535,0.7034805,0.7619088,0.8044877,0.772629,0.8096722,0.7818679,0.6782408,0,0,0,0,0,0,0,0,0,0,0,0,0,0,0,0,0,0.6321248,0.8279828,1,0.9886354,0.775098,0,0.7096323,0.7466033,0.7423565,0.7214881,0.7411978,0.722658,0.7351779,0.6730691,0.6768495,0,0,0,0,0,0,0,0,0,0,0,0,0,0,0,0,0,0.668533,0.6573224,0.8483778,0.9940588,1,0.8714863,0.7512926,0.7622316,0.7750905,0.7890524,0,0.7626923,0.6642502,0.8187529,0.7976584,0.7670772,0.7663383,0.7119237,0,0
0,0,0,0,0,0,0,0,0,0,0,0,0,0,0,0.9204514,1,0.8782094,0.7465323,0.6511565,0.7522427,0.7853001,0.717959,0.6914843,0,0,0,0,0,0,0,0,0,0,0,0,0,0,0,0,0,0,0,0,0,0,0.7502776,0.8016484,0.8856564,0.9137361,1,0.8332757,0,0.823953,0.8733692,0,0.8403981,0.8828706,0.8552553,0.8664159,0.8941608,0.8022134,0,0,0,0,0,0,0,0,0,0,0,0,0,0,0,0,0,0.6463871,0.7300185,0.9514777,1,0.8697206,0,0,0.668497,0.6870314,0.7438928,0.7671624,0.7645393,0.8122734,0.793235,0.7668586,0.7160113,0,0,0,0,0,0,0,0,0,0,0,0,0,0,0,0,0,0,0.6564471,0.822988,1,0.9826165,0.7245404,0.718915,0.7093514,0.6934077,0,0.7936265,0.7705924,0.7043348,0.733674,0.7566053,0.7269826,0.6462595,0,0,0,0,0,0,0,0,0,0,0,0,0,0,0,0,0,0.7132838,0.7928539,0.9160805,1,0.809567,0,0.7673677,0.8477062,0.8258367,0.7761945,0.7421468,0,0.8724472,0.8240209,0.7386888,0.7763648,0.7408552,0,0
0,0,0,0,0,0,0,0,0,0,0,0,0,0,0,0.8698875,1,0.9483091,0.8185677,0.7070259,0.7710444,0.7257891,0,0,0,0,0,0,0,0,0,0,0,0,0,0,0,0,0,0,0,0,0,0,0,0,0,0,0.8226338,0.9984866,1,0.9072936,0.8461216,0.7749779,0,0,0.7169759,0.7522973,0,0,0,0,0,0,0,0,0,0,0,0,0,0,0,0,0,0,0,0,0,0,0,0.9443212,1,0.8504598,0.7643354,0.7426221,0.7852351,0.802241,0.7631131,0.6682308,0,0,0,0,0,0,0,0,0,0,0,0,0,0,0,0,0,0,0,0,0,0,0,0,0.8551707,1,0.9564442,0.7194622,0.7958191,0.7720003,0.7003158,0.6861952,0.730673,0.70966,0,0,0,0,0,0,0,0,0,0,0,0,0,0,0,0,0,0,0,0,0,0,0,0.7317632,0.8943025,1,0.8854638,0.8231465,0.7991045,0.7745022,0.8886565,0.8924079,0.8570333,0.8104147,0.732451,0,0,0,0,0,0
0,0,0,0,0,0,0,0,0,0,0,0,0,0,0,0.920679,1,0.9172538,0.7610384,0.7278655,0.6972515,0,0,0,0,0,0,0,0,0,0,0,0,0,0,0,0,0,0,0,0,0,0,0,0,0.7193591,0.7638421,0.7719524,0.767821,0.9877594,1,0.8386882,0,0,0,0,0,0,0,0,0,0,0,0,0,0,0,0,0,0,0,0,0,0,0,0,0,0.6318832,0.704705,0.7782603,0.7891122,0.9143929,1,0.9131049,0.6415849,0,0,0,0,0,0,0,0,0,0,0,0,0,0,0,0,0,0,0,0,0,0,0,0,0,0,0.6839036,0.7550055,0.7348227,0.8636906,1,0.9741962,0.6856533,0.7467462,0.6957275,0,0,0,0,0,0,0,0,0,0,0,0,0,0,0,0,0,0,0,0,0,0,0,0,0.6474658,0.7051554,0.7491735,0.8443357,0.9748968,1,0.8700181,0.6993119,0,0,0,0,0,0,0,0,0,0,0,0,0
0,0,0,0,0,0,0,0,0,0,0,0,0,0,0,0.9175543,1,0.8956556,0,0,0,0,0,0,0,0,0,0,0,0,0,0,0,0,0,0,0,0,0,0,0,0,0,0.7978522,0.8140419,0.8171576,0.8926522,0.8147326,0.8819194,0.9999033,1,0.8665035,0,0,0,0,0,0,0,0,0,0,0,0,0,0,0,0,0,0,0,0,0,0,0,0,0,0,0,0.7361807,0.7209378,0.9201379,1,0.9289415,0,0,0,0,0,0,0,0,0,0,0,0,0,0,0,0,0,0,0,0,0,0,0,0,0,0,0,0.810656,0.8377736,0.8041092,0.8650789,1,0.9814894,0.764192,0,0,0,0,0,0,0,0,0,0,0,0,0,0,0,0,0,0,0,0,0,0,0,0,0,0.782819,0.8249707,0,0,0,0.950473,1,0.9163823,0,0,0,0,0,0,0,0,0,0,0,0,0,0
0,0,0,0,0,0,0,0,0,0,0,0,0,0,0.8007119,0.9262296,1,0.9408001,0.7901697,0,0,0,0,0,0,0,0,0,0,0,0,0,0,0,0,0,0,0,0,0,0,0.8049189,0.755784,0,0,0,0.8519073,0.8096799,0.8302582,1,0.9967923,0.9056204,0.7985379,0,0,0,0,0,0,0,0,0,0,0,0,0,0,0,0,0,0,0,0,0,0,0,0.7260722,0.7419973,0.6823599,0.6295316,0.7635664,0.9382007,1,0.9071562,0.6304734,0,0,0,0,0,0,0,0,0,0,0,0,0,0,0,0,0,0,0,0,0,0,0.6628793,0.6602871,0,0.6909611,0.6852891,0.7048376,0.7912811,0.8917189,1,0.9748594,0.8385319,0.7312347,0,0,0,0,0,0,0,0,0,0,0,0,0,0,0,0,0,0,0,0,0,0,0.8263272,0.8920878,0.860602,0.8673547,0.7433818,0.7444112,0.7823892,0.9788478,1,0.8804432,0.8158734,0,0,0,0,0,0,0,0,0,0,0,0,0
0,0,0,0,0,0,0,0,0,0,0,0,0,0,0,0.9334491,1,0,0,0,0,0,0,0,0,0,0,0,0,0,0,0,0,0,0,0,0,0,0,0,0,0.8994029,0.9056615,0,0,0,0,0,0,0.9617418,1,0.9334723,0,0,0,0,0,0,0,0,0,0,0,0,0,0,0,0,0,0,0,0,0,0,0,0,0,0,0,0,0,0.9497369,1,0.9132073,0,0,0,0,0,0,0,0,0,0,0,0,0,0,0,0,0,0,0,0,0,0,0,0,0,0,0,0,0,0,0.8965884,1,0.955627,0,0,0,0,0,0,0,0,0,0,0,0,0,0,0,0,0,0,0,0,0,0,0,0,0,0,0,0,0,0,0,1,0.9524876,0,0,0,0,0,0,0,0,0,0,0,0,0,0,0
0,0,0,0,0,0,0,0,0,0,0,0,0.6598518,0.6561741,0,0.9156083,1,0.9156241,0.7003504,0,0,0,0,0,0,0,0,0,0,0,0,0,0,0,0,0,0,0,0,0,0,0.7941496,0.8907713,0.9479086,0.9731396,1,0.9401783,0,0,0.9661459,0.8902031,0.8472977,0,0,0,0,0,0,0,0,0,0,0,0,0,0,0,0,0,0,0,0,0,0,0.65511,0.708007,0.6711974,0.6645414,0.767046,0.7542663,0.6287317,0.9377447,1,0.8654097,0.6883311,0,0,0,0,0,0,0,0,0,0,0,0,0,0,0,0,0,0,0,0,0,0,0,0,0,0.6179388,0.6574299,0,0.5975293,0.8813341,1,0.9441716,0.7253418,0.6032516,0,0,0,0,0,0,0,0,0,0,0,0,0,0,0,0,0,0,0,0,0,0,0,0,0.7138758,0.6675045,0.7166498,0.8102981,0,0.9559481,1,0.8606115,0,0,0,0,0,0,0,0,0,0,0,0,0,0
0,0,0,0,0,0,0,0,0,0,0,0,0,0,0,0.9156614,1,0.8838097,0.7338047,0,0,0,0,0,0,0,0,0,0,0,0,0,0,0,0,0,0,0,0,0,0,0,0,0,0,0,0.8370017,0.8844218,0.9103526,1,0.95854,0.9176269,0.8832071,0.8591501,0,0,0,0,0,0,0,0,0,0,0,0,0,0,0,0,0,0,0,0,0,0,0,0,0,0.6917304,0.836466,0.9785282,1,0.8358378,0.7909818,0.742492,0.7126644,0,0,0,0,0,0,0,0,0,0,0,0,0,0,0,0,0,0,0,0,0,0,0,0,0,0,0,0.9168429,1,0.9328074,0.7376187,0,0,0,0,0,0,0,0,0,0,0,0,0,0,0,0,0,0,0,0,0,0,0,0,0,0,0,0,0,0.7794983,0.8378521,1,0.9233757,0.7775704,0.7365208,0,0,0,0,0,0,0,0,0,0,0,0
0,0,0,0,0,0,0,0,0,0,0,0,0,0,0.7509385,0.9571861,1,0.8748298,0.7121102,0.7480986,0.7117265,0.7646747,0.7213899,0.7349885,0,0,0,0,0,0,0,0,0,0,0,0,0,0,0,0,0,0,0,0,0,0,0,0.7630341,0.9280124,1,0.93244,0.7875533,0.7696211,0.7419318,0.7664604,0.7434494,0.8572928,0.8607432,0.812116,0,0,0,0,0,0,0,0,0,0,0,0,0,0,0,0,0,0,0,0,0,0.8168517,0.9799686,1,0.8556048,0.7294664,0,0.7896375,0.6919592,0.7627729,0.8196986,0.798575,0.7200226,0,0,0,0,0,0,0,0,0,0,0,0,0,0,0,0,0,0,0,0,0,0.7946696,0.8685555,1,0.9746501,0,0,0,0,0.7671852,0.843579,0.8494295,0.8134342,0.7410996,0,0,0,0,0,0,0,0,0,0,0,0,0,0,0,0,0,0,0,0,0,0.9005684,1,0.9868368,0.8204735,0,0.7322639,0.7250129,0.7343828,0.8128754,0.8457946,0.8251135,0.7722298,0,0,0,0,0,0
0,0,0,0,0,0,0,0,0,0,0,0,0,0.7065843,0.8314283,0.9584845,1,0.9074631,0.7471599,0.7586337,0.7287091,0.7044067,0.6776664,0,0.7904704,0.7750105,0,0,0,0,0,0,0,0,0,0,0,0,0,0,0,0,0,0,0,0,0,0.6761932,0.8811847,1,0.9445121,0.7935008,0.7554782,0.7445182,0,0,0.7949163,0.9095013,0.9230965,0.8111898,0.6761357,0,0,0,0,0,0,0,0,0,0,0,0,0,0,0,0,0.6659512,0.6440417,0.676524,0.8255751,0.9480103,1,0.8726608,0.7350512,0.7442005,0.7632826,0.7150412,0.7987666,0.7955161,0.8286199,0.7905495,0.6421127,0,0,0,0,0,0,0,0,0,0,0,0,0,0,0,0,0,0,0,0,0.8191109,0.8864035,1,0.9604049,0.6595345,0.6477051,0.6570058,0.7364147,0.7851972,0.7046772,0.79519,0.8658274,0.8381252,0.7331056,0,0,0,0,0,0,0,0,0,0,0,0,0,0,0,0,0,0,0,0.7883791,0.9246901,0.9748961,1,0.828862,0.6559531,0.6654683,0.719685,0.6982396,0.8073775,0.8639071,0.8184063,0.8540671,0.7857223,0.6750193,0,0,0,0
0,0,0,0,0,0,0,0,0,0,0,0,0,0,0,0.8987692,1,0.9060783,0,0,0,0.792515,0,0.8124569,0.8592129,0.8454483,0,0,0,0,0,0,0,0,0,0,0,0,0,0,0,0,0,0,0,0,0,0,0.9269997,1,0.9152901,0,0,0,0.8095645,0.8448486,0.8898836,0.861379,0,0,0,0,0,0,0,0,0,0,0,0,0,0,0,0,0,0,0,0,0,0,0.8853324,0.8907056,1,0.9026055,0,0.7876471,0.7571638,0.7743907,0.7661772,0.8129599,0,0,0,0,0,0,0,0,0,0,0,0,0,0,0,0,0,0,0,0,0,0,0,0,0.9251627,1,0.937931,0,0,0,0,0,0,0,0,0.7201344,0,0,0,0,0,0,0,0,0,0,0,0,0,0,0,0,0,0,0,0,0.7671849,0.902437,0.9996501,1,0.8678439,0,0,0,0.7932734,0.8206792,0.8329042,0,0,0,0,0,0,0,0
0,0,0,0,0,0,0,0,0,0,0,0,0,0,0.7074947,0.9444342,1,0.9015549,0,0.7121863,0.7589947,0.7092677,0,0,0,0,0,0,0,0,0,0,0,0,0,0,0,0,0,0,0,0,0,0,0,0,0,0,0.9269003,1,0.8513762,0.8025492,0.8919227,0.9020771,0.9234987,0.9155778,0.8619269,0.7681266,0,0,0,0,0,0,0,0,0,0,0,0,0,0,0,0,0,0,0,0,0,0,0.7601956,0.9681044,1,0.8853299,0.7982913,0.8071716,0.8070047,0.7694594,0,0.6857024,0.6931445,0,0,0,0,0,0,0,0,0,0,0,0,0,0,0,0,0,0,0,0,0,0,0.6713253,0.9171813,1,0.9486413,0.8002821,0,0.8041666,0.7968101,0.7020564,0,0,0,0,0,0,0,0,0,0,0,0,0,0,0,0,0,0,0,0,0,0,0,0,0,0.7618429,0.9303021,1,0.8772915,0.8284392,0,0.812564,0.881151,0.8405344,0,0,0,0,0,0,0,0,0
0,0,0,0,0,0,0,0,0,0,0,0,0,0,0,0.9326351,1,0.888019,0,0,0,0,0,0,0,0,0,0,0,0,0,0,0,0,0,0,0,0,0,0,0,0,0,0,0,0.7603787,0.8334128,0.9002055,0.946229,1,0.984172,0.7814878,0,0,0,0,0,0,0,0,0,0,0,0,0,0,0,0,0,0,0,0,0,0,0,0,0,0,0.6798825,0.7206777,0.8257307,0.972139,1,0.8955533,0.6929159,0.6141459,0,0,0,0,0,0,0,0,0,0,0,0,0,0,0,0,0,0,0,0,0,0,0,0,0,0,0,0,0.7773238,1,0.9771147,0.799311,0.8328197,0.7875603,0,0,0,0,0,0,0,0,0,0,0,0,0,0,0,0,0,0,0,0,0,0,0,0,0,0.7388846,0.7285236,0.8645229,1,0.9586849,0.8848419,0.8772572,0.8347119,0.784707,0.744531,0,0,0,0,0,0,0,0,0,0
0,0,0,0,0,0,0,0,0,0,0.7006609,0.7929857,0.8502119,0.8389528,0.7308744,0.9232535,1,0.9241576,0.7057146,0,0,0,0,0,0,0,0,0,0,0,0,0,0,0,0,0,0,0,0,0,0,0,0.7847084,0.8509094,0.8311886,0.8689201,0.8876422,0.8352052,0.805582,0.8761539,1,0.9021075,0,0,0,0,0,0,0,0,0,0,0,0,0,0,0,0,0,0,0,0,0,0,0,0.6903855,0.7527939,0.775914,0.7964755,0.7379987,0,0.9716608,1,0.8406434,0,0,0,0,0,0,0,0,0,0,0,0,0,0,0,0,0,0,0,0,0,0,0,0,0.6864883,0.7722742,0.8087888,0.800446,0.7516345,0.7775803,0.9234766,1,0.9561704,0.7811018,0,0,0,0,0,0,0,0,0,0,0,0,0,0,0,0,0,0,0,0,0,0,0,0,0,0.7441941,0.7929177,0.8120746,0.7419512,0.7689564,0.9491392,1,0.922244,0.7486809,0,0,0,0,0,0,0,0,0,0,0,0,0
0,0,0,0,0,0,0,0,0,0.8197976,0.8657566,0.9039199,0.864057,0.8139604,0.7734784,0.952864,1,0,0.8084512,0,0,0,0,0,0,0,0,0,0,0,0,0,0,0,0,0,0,0,0,0,0,0,0.8280965,0.8872381,0.9012586,0.8726668,0,0.8054302,0.8849179,1,0.997346,0.8556098,0,0,0,0,0,0,0,0,0,0,0,0,0,0,0,0,0,0,0,0,0,0,0.7660514,0.7820583,0,0.751374,0.7465831,0,0,0.9407442,1,0.9273245,0.7572383,0,0,0,0,0,0,0,0,0,0,0,0,0,0,0,0,0,0,0,0,0,0,0.678445,0.7116137,0.6990521,0.7668547,0.6930379,0,0,0.8756322,1,0.9535151,0.7238367,0,0,0,0,0,0,0,0,0,0,0,0,0,0,0,0,0,0,0,0,0,0,0,0.7555234,0.782498,0.7533633,0,0,0.7099166,0.710928,0.9352396,1,0.9584608,0.7632835,0,0,0,0,0,0,0,0,0,0,0,0,0
0,0,0,0,0,0,0,0,0,0.7828027,0.787066,0,0,0,0,0.9300624,1,0.9201965,0,0,0,0,0,0,0,0,0,0,0,0,0,0,0,0,0,0,0,0,0,0,0,0,0,0,0,0,0,0,0.8079178,0.9939237,1,0.8911344,0,0,0,0,0,0,0,0,0,0,0,0,0,0,0,0,0,0,0,0,0,0.7801498,0.8099554,0.8039837,0,0,0,0,0.7765207,0.974314,1,0,0.8186883,0,0,0,0,0,0,0,0,0,0,0,0,0,0,0,0,0,0,0,0,0,0,0,0,0,0.7553222,0.8011987,0.7864704,0,0.8899019,1,0.9743266,0.8218785,0,0,0,0,0,0,0,0,0,0,0,0,0,0,0,0,0,0,0,0,0,0,0.8457943,0.8949643,0.9207031,0.898515,0.8227058,0.834689,0.8199433,0,0.9730767,0.981684,1,0.8552415,0,0,0,0,0,0,0,0,0,0,0,0,0
0,0,0,0,0,0,0,0,0,0,0,0,0.8143302,0.8192564,0,0.9289001,1,0.8865669,0.7569472,0,0,0,0,0,0,0,0,0,0,0,0,0,0,0,0,0,0,0,0,0,0,0,0,0,0.8118616,0.8175355,0.765583,0,0,0.9655259,1,0.8747427,0,0,0,0,0,0,0,0,0,0,0,0,0,0,0,0,0,0,0,0,0,0,0,0,0,0.7094116,0.791774,0.8130871,0.7851758,0.9448929,1,0.9183388,0,0,0,0,0,0,0,0,0,0,0,0,0,0,0,0,0,0,0,0,0,0,0,0,0.7533783,0.8235028,0.8424726,0.8106891,0.8505538,0.8321826,0.9203548,1,0.9128536,0.781792,0,0,0,0,0,0,0,0,0,0,0,0,0,0,0,0,0,0,0,0,0,0,0,0.7718988,0.7714958,0.7772955,0.7979981,0.7810996,0.7969465,0.7696227,0.9578977,1,0.9372035,0.7808198,0,0,0,0,0,0,0,0,0,0,0,0,0
0,0,0,0,0,0,0,0,0,0,0,0,0.687219,0.7480758,0.7202439,0.915546,1,0.9223844,0.7447782,0.7217089,0.6385425,0,0,0,0,0,0,0,0,0,0,0,0,0,0,0,0,0,0,0,0,0,0,0,0.7494604,0.7258239,0.7882915,0.8874594,0.901608,1,0.9849187,0.8421455,0,0,0,0,0,0,0,0,0,0,0,0,0,0,0,0,0,0,0,0,0,0,0,0,0,0.6473277,0.6345935,0.6499988,0.7272993,0.9434214,1,0.8742298,0.673924,0.6613608,0.6236659,0,0,0,0,0,0,0,0,0,0,0,0,0,0,0,0,0,0,0,0,0,0,0,0,0,0,0.7823411,0.7342145,1,0.9558915,0.8457202,0.8391196,0.7550631,0,0,0,0,0,0,0,0,0,0,0,0,0,0,0,0,0,0,0,0,0,0,0,0,0.7049658,0.7801452,0.8049757,0.704169,0.982413,1,0.9047458,0.8069683,0.7088365,0,0,0,0,0,0,0,0,0,0,0,0
0,0,0,0,0,0,0,0,0,0,0,0,0,0.7053888,0.8013337,0.9364738,1,0.919571,0.7358247,0,0.7873366,0.7365568,0.7121093,0,0,0,0,0,0,0,0,0,0,0,0,0,0,0,0,0,0,0,0,0,0,0,0.8719756,0.8624448,0.8480899,1,0.9879752,0.9530494,0.9081709,0.8779938,0,0,0,0,0,0,0,0,0,0,0,0,0,0,0,0,0,0,0,0,0,0,0,0,0,0.7247286,0.7914062,0.9383146,1,0.9146916,0.75628,0.8377512,0.8404557,0.7796774,0.6520899,0.6691794,0,0,0,0,0,0,0,0,0,0,0,0,0,0,0,0,0,0,0,0,0,0.6997754,0.7268858,0.7642187,0.8621368,1,0.9998122,0.8427632,0.8541112,0.907492,0.8792114,0.7946388,0,0,0,0,0,0,0,0,0,0,0,0,0,0,0,0,0,0,0,0,0,0,0,0,0,0.7951661,0.9495386,1,0.8648714,0,0.7723399,0.7913072,0.7245878,0,0,0,0,0,0,0,0,0,0
0,0,0,0,0,0,0,0,0,0,0,0,0,0,0.7760687,0.9167466,1,0.9038378,0.7755212,0.774902,0.7639506,0.8194913,0.8690856,0.8527346,0.7798199,0,0,0,0,0,0,0,0,0,0,0,0,0,0,0,0,0,0,0,0,0,0.8007108,0.8281712,0.8949591,1,0.9480547,0.9026725,0.9010753,0,0,0,0,0,0,0,0,0,0,0,0,0,0,0,0,0,0,0,0,0,0,0,0,0,0.7162496,0.6998068,0.7842512,0.9604433,1,0.8448374,0.8013767,0.7552538,0.7653756,0,0.7789837,0.7970918,0.7186033,0,0,0,0,0,0,0,0,0,0,0,0,0,0,0,0,0,0,0,0,0,0,0.7100781,0.8659255,1,0.9660255,0.8076673,0,0.7829103,0.8117912,0.7631137,0.8189254,0.8150665,0.6750526,0,0,0,0,0,0,0,0,0,0,0,0,0,0,0,0,0,0,0,0,0,0,0.7715361,0.9718455,1,0.9026358,0.7160217,0,0.7066244,0.786117,0.737529,0.7701366,0.7495655,0,0,0,0,0,0,0
0,0,0,0,0,0,0,0,0,0,0,0,0,0,0.6747797,0.928322,1,0.9121955,0.7722502,0.734634,0.7857549,0.8075073,0.7052042,0,0,0,0,0,0,0,0,0,0,0,0,0,0,0,0,0,0,0,0,0,0,0.8024271,0.8181063,0.8946525,1,0.9620517,0.8542977,0.8239498,0.8718064,0.9256576,0.8661317,0,0,0,0,0,0,0,0,0,0,0,0,0,0,0,0,0,0,0,0,0,0,0,0.6666358,0.6878218,0.8024828,0.8807207,1,0.9107208,0.7129958,0.7396459,0.7824377,0.7823179,0,0.7071449,0,0,0,0,0,0,0,0,0,0,0,0,0,0,0,0,0,0,0,0,0,0,0,0.6595838,0.8856586,1,0.9621711,0.6770487,0.7419284,0.6976475,0.8056443,0.7885893,0.7668209,0,0,0,0,0,0,0,0,0,0,0,0,0,0,0,0,0,0,0,0,0,0,0.7390413,0.7458623,0.9049242,0,1,0.8865727,0.8113358,0.8130567,0.7138367,0.7364591,0.7933751,0,0.7466633,0,0,0,0,0,0,0
0,0,0,0,0,0,0,0,0,0,0,0,0,0,0.7476759,0.8118128,1,0.9346783,0.7789363,0.8283821,0.8390983,0.7869833,0,0,0,0,0,0,0,0,0,0,0,0,0,0,0,0,0,0,0,0,0,0,0,0,0,0,0.8930438,1,0.9422582,0.7704585,0,0,0,0,0,0,0,0,0,0,0,0,0,0,0,0,0,0,0,0,0,0,0,0,0,0,0,0,0.8311985,0.9798551,1,0.9000844,0.843957,0.8705998,0.8372489,0.7615054,0,0,0,0,0,0,0,0,0,0,0,0,0,0,0,0,0,0,0,0,0,0,0,0,0.7048839,0.7054024,0.8778949,1,0.972556,0.7748352,0.8817768,0.8931519,0.8371707,0.7535721,0.6916918,0,0,0,0,0,0,0,0,0,0,0,0,0,0,0,0,0,0,0,0,0,0,0.7396661,0,0.7904764,0.909865,1,0.8451419,0.8022564,0.8674961,0.8243582,0.769825,0,0,0,0,0,0,0,0,0,0
0,0,0,0,0,0,0,0,0,0,0,0,0,0,0,0.8984512,1,0.93582,0.7643886,0,0,0,0,0,0,0,0,0,0,0,0,0,0,0,0,0,0,0,0,0,0,0,0,0,0,0,0,0,0.8995251,1,0.9796795,0.8067888,0,0,0,0,0,0,0,0,0,0,0,0,0,0,0,0,0,0,0,0,0,0,0,0,0,0,0,0,0.8456665,0.8217446,1,0.9078972,0.8140827,0.7868013,0.7495537,0,0,0,0,0,0,0,0,0,0,0,0,0,0,0,0,0,0,0,0,0,0,0,0,0,0,0,0.8503047,1,0.958252,0.8063301,0,0,0,0,0,0,0,0,0,0,0,0,0,0,0,0,0,0,0,0,0,0,0,0,0,0,0,0,0,0.8158743,0.9827995,1,0.828764,0.7940937,0,0,0,0,0,0,0,0,0,0,0,0,0
0,0,0,0,0,0,0,0,0,0,0,0,0,0,0,0.8977772,1,0.906374,0,0,0,0,0,0,0,0,0,0,0,0,0,0,0,0,0,0,0,0,0,0,0,0,0,0,0,0,0,0,0.9035606,0,1,0,0,0,0,0,0,0,0,0,0,0,0,0,0,0,0,0,0,0,0,0,0,0,0,0,0,0,0,0,0.7189217,0.9361892,1,0.9019532,0,0,0,0,0,0,0,0,0,0,0,0,0,0,0,0,0,0,0,0,0,0,0,0,0,0,0,0,0,0,0.8034163,1,0.982414,0.7452589,0,0,0,0,0,0,0,0,0,0,0,0,0,0,0,0,0,0,0,0,0,0,0,0,0,0,0,0,0,0.7987099,0.9746169,1,0.8645653,0,0,0,0,0,0,0,0,0,0,0,0,0,0
