GestureName: c
Duration(ms): 1410
Handedness: right

SpeakerAngles: 2
55
-55

InterpretedPoints: 30
0,0
0,0
0,0
1.6134145682232,1.12972504292725
0,0
0,0
0,0
0,0
0.806707284111599,0.564862521463624
0.806707284111599,2.82431260731812
0.806707284111599,3.95403765024536
1.6134145682232,4.51890017170899
3.2268291364464,3.38917512878174
11.2939019775624,-3.38917512878174
8.06707284111599,-3.38917512878174
1.6134145682232,-6.77835025756348
0.806707284111599,-6.21348773609986
0,-4.51890017170899
0,-4.51890017170899
0,-3.38917512878174
-0.806707284111599,-1.69458756439087
0,-1.12972504292725
-1.6134145682232,3.38917512878174
-3.2268291364464,5.64862521463624
-3.2268291364464,5.64862521463624
-1.6134145682232,2.25945008585449
0,0
0,0
0,0
0,0

StrokePoints: 31
177.666666666667,130.277777777778
177.666666666667,130.277777777778
177.666666666667,130.277777777778
177.666666666667,130.277777777778
176.053252098443,129.148052734851
176.053252098443,129.148052734851
176.053252098443,129.148052734851
176.053252098443,129.148052734851
176.053252098443,129.148052734851
175.246544814332,128.583190213387
174.43983753022,125.758877606069
173.633130246109,121.804839955823
172.019715677885,117.285939784114
168.792886541439,113.896764655333
157.498984563877,117.285939784114
149.431911722761,120.675114912896
147.818497154538,127.45346517046
147.011789870426,133.66695290656
147.011789870426,138.185853078269
147.011789870426,142.704753249978
147.011789870426,146.093928378759
147.818497154538,147.78851594315
147.818497154538,148.918240986077
149.431911722761,145.529065857296
152.658740859207,139.880440642659
155.885569995653,134.231815428023
157.498984563877,131.972365342169
157.498984563877,131.972365342169
157.498984563877,131.972365342169
157.498984563877,131.972365342169
157.498984563877,131.972365342169

Velocities: 30
0,0
0,0
0,0
2,0
0,0
0,0
0,0
0,0
1,0
3,2
4,3
5,3
5,1
4,-10
2,-8
-5,-7
-5,-6
-4,-4
-4,-4
-3,-3
-2,-1
-1,-1
2,4
3,7
3,7
1,3
0,0
0,0
0,0
0,0

InverseVelocities: 30
0,0
0,0
0,0
0,0
0,0
0,0
0,0
0,0
0,0
0,0
0,0
-2,-1
-1,-6
-3,0
-5,0
0,0
0,0
0,0
0,0
0,0
0,0
0,3
0,0
0,-1
-3,0
0,0
0,0
0,0
0,0
0,0

RawData: 30
0,0,0,0,0,0,0,0,0,0,0,0,0,0,0,0.8546315,1,0.9772628,0.7493842,0,0,0,0,0,0,0,0,0,0,0,0,0,0,0,0,0,0,0,0,0,0,0,0,0,0,0,0,0.6422954,0.9513636,1,0.8833376,0,0,0,0,0,0,0,0,0,0,0,0,0,0,0
0,0,0,0,0,0,0,0,0,0,0,0,0,0,0,0.8512869,1,0.9803979,0.7618563,0,0,0,0,0,0,0,0,0,0,0,0,0,0,0,0,0,0,0,0,0,0,0,0,0,0,0,0,0.6314027,0.9474112,1,0.8897631,0,0,0,0,0,0,0,0,0,0,0,0,0,0,0
0,0,0,0,0,0,0,0,0,0,0,0,0,0,0,0.8395173,1,0.9823343,0.7559202,0,0,0,0,0,0,0,0,0,0,0,0,0,0,0,0,0,0,0,0,0,0,0,0,0,0,0,0,0.5863805,0.9416562,1,0.8908709,0,0,0,0,0,0,0,0,0,0,0,0,0,0,0
0,0,0,0,0,0,0,0,0,0,0,0,0,0,0,0.8302056,1,0.9832883,0.7545688,0,0.5232459,0.5300909,0,0,0,0,0,0,0,0,0,0,0,0,0,0,0,0,0,0,0,0,0,0,0,0,0,0.604153,0.9407391,1,0.8829136,0,0,0,0,0,0,0,0,0,0,0,0,0,0,0
0,0,0,0,0,0,0,0,0,0,0,0,0,0,0,0.8515122,1,0.9864153,0.7907063,0,0,0,0,0,0,0,0,0,0,0,0,0,0,0,0,0,0,0,0,0,0,0,0,0,0,0,0,0,0.9472005,1,0.9029587,0,0,0,0,0,0,0,0,0,0,0,0,0,0,0
0,0,0,0,0,0,0,0,0,0,0,0,0,0,0,0.8360955,1,0.9857222,0.7704787,0,0,0,0,0,0,0,0,0,0,0,0,0,0,0,0,0,0,0,0,0,0,0,0,0,0,0,0,0.6157515,0.941862,1,0.8909032,0,0,0,0,0,0,0,0,0,0,0,0,0,0,0
0,0,0,0,0,0,0,0,0,0,0,0,0,0,0,0.8352929,1,0.9908885,0.7974666,0,0,0,0,0,0,0,0,0,0,0,0,0,0,0,0,0,0,0,0,0,0,0,0,0,0,0,0,0,0.9333248,1,0.8987455,0,0,0,0,0,0,0,0,0,0,0,0,0,0,0
0,0,0,0,0,0,0,0,0,0,0,0,0,0,0,0.8214913,1,0.989176,0.7529186,0,0,0,0,0,0,0,0,0,0,0,0,0,0,0,0,0,0,0,0,0,0,0,0,0,0,0,0,0,0.9312544,1,0.9177631,0.6473162,0,0,0,0,0,0,0,0,0,0,0,0,0,0
0,0,0,0,0,0,0,0,0,0,0,0,0,0,0,0.8289928,1,0.9893258,0.8706471,0.7831892,0.6678113,0,0,0,0,0,0,0,0,0,0,0,0,0,0,0,0,0,0,0,0,0,0,0,0,0,0,0.6385266,0.9553489,1,0.8416508,0.8334326,0.7205653,0,0,0,0,0,0,0,0,0,0,0,0,0
0,0,0,0,0,0,0,0,0,0,0,0,0,0,0,0.8386654,1,0.985401,0.8359344,0.9024289,0.8682298,0.7619345,0.6265562,0,0,0,0,0,0,0,0,0,0,0,0,0,0,0,0,0,0,0,0,0,0,0,0,0.6418954,0.9403769,1,0.8867814,0.7531933,0.8522217,0.8051746,0.6997742,0,0,0,0,0,0,0,0,0,0,0
0,0,0,0,0,0,0,0,0,0,0,0,0,0,0,0.8261729,1,0.9841772,0.6910517,0.8373052,0.7964,0.836153,0.7568197,0.5809681,0,0,0,0,0,0,0,0,0,0,0,0,0,0,0,0,0,0,0,0,0,0,0,0.6450771,0.9414892,1,0.8827697,0.814005,0.8144058,0.8299996,0.7966964,0.6525669,0,0,0,0,0,0,0,0,0,0
0,0,0,0,0,0,0,0,0,0,0,0.5061911,0.4977581,0.5405758,0.6230785,0.812687,1,0.9864689,0.7280083,0.7460635,0.8442304,0.8776103,0.8469867,0.7562516,0.6144886,0,0,0,0,0,0,0,0,0,0,0,0,0,0,0,0,0,0,0,0,0.555721,0.6770353,0.7414454,0.9582848,1,0.8123102,0.8845106,0.7869975,0.844443,0.7481961,0.5629923,0,0,0,0,0,0,0,0,0,0
0,0,0,0,0,0,0,0,0,0,0,0,0.5817946,0.6217262,0.6855703,0.8339866,1,0.9873246,0.8179348,0.7507842,0.8916429,0.861051,0.8075244,0.7619755,0.6724669,0,0,0,0,0,0,0,0,0,0,0,0,0,0,0,0.6274987,0.7089787,0.7510558,0.7875801,0.8441544,0.8896282,0.8929051,0.8141627,0.9290971,1,0.9134963,0.8226321,0.7484527,0.6607817,0,0,0,0,0,0,0,0,0,0,0,0
0,0,0,0,0,0,0,0,0,0,0.6526869,0.7550721,0.8170128,0.8258885,0.8229134,0.856966,1,0.9819311,0.8256676,0.8027659,0.7093139,0.6665745,0.664896,0.5921015,0,0,0,0,0,0,0,0,0,0,0,0,0.5570819,0.6316041,0.694598,0.7236889,0.7172241,0.7920112,0.8720765,0.8364894,0.7716103,0.8517289,0.84866,0.7711207,0.940898,1,0.8893039,0.636256,0.5633953,0,0,0,0,0,0,0,0,0,0,0,0,0
0,0,0,0,0,0,0,0,0.7630277,0.7465457,0.8563183,0.9274982,0.9218209,0.8571679,0.8183149,0.751546,1,0.9992763,0.8047017,0.6309189,0.6314603,0.6351429,0,0,0,0,0,0,0,0,0,0,0,0,0,0,0,0,0.7363945,0.7779746,0.7801333,0.7075493,0.776132,0.6875027,0.6156717,0.6687992,0.6110131,0.691756,0.9422994,1,0.9011035,0.6332604,0,0,0,0,0,0,0,0,0,0,0,0,0,0
0,0,0,0,0,0,0,0,0.8588667,0.8561662,0.8579562,0.8588864,0.9318902,0.885875,0,0.895085,1,0.98985,0.837234,0,0,0,0,0,0,0,0,0,0,0,0,0,0,0,0,0,0,0,0,0.8331012,0.8821016,0.8305348,0.8343447,0.8612113,0.8305498,0,0,0,0.9587703,1,0.91513,0,0,0,0,0,0,0,0,0,0,0,0,0,0,0
0,0,0,0,0,0,0,0,0.7788889,0.8628881,0.8546417,0.8405722,0.9171857,0.8391778,0.8095626,0.8055919,1,0.9909875,0.7303721,0,0,0,0,0,0,0,0,0,0,0,0,0,0,0,0,0,0,0,0,0,0.7221242,0.8102683,0.7621115,0.7140422,0.8131331,0.8488092,0.8039963,0.74146,0.9548973,1,0.8935435,0,0,0,0,0,0,0,0,0,0,0,0,0,0,0
0,0,0,0,0,0,0,0,0,0.7490832,0.7639666,0.8222726,0.8466621,0.668471,0,0.8465248,1,0.9861345,0.7869793,0,0,0,0,0,0,0,0,0,0,0,0,0,0,0,0,0,0,0,0,0,0,0,0.7771829,0.8588833,0.8559315,0.8165709,0.7034435,0.7004946,0.9427186,1,0.8865676,0,0,0,0,0,0,0,0,0,0,0,0,0,0,0
0,0,0,0,0,0,0,0,0,0.6001993,0.7390749,0.6908329,0.7592683,0.8015689,0.7754495,0.857221,1,0.9796675,0.7572528,0.6371832,0,0,0,0,0,0,0,0,0,0,0,0,0,0,0,0,0,0,0,0,0,0,0.6023371,0.8061721,0.8118739,0.817508,0.8629791,0.7337187,0.9148605,1,0.8874589,0,0,0,0,0,0,0,0,0,0,0,0,0,0,0
0,0,0,0,0,0,0,0,0,0,0.6413247,0.7064052,0.8056815,0.7797232,0.6752303,0.783782,1,0.9814958,0.7090014,0,0,0,0,0,0,0,0,0,0,0,0,0,0,0,0,0,0,0,0,0,0,0,0,0.6302046,0.7256203,0.767167,0.5992533,0.6898593,0.9491661,1,0.8720968,0.5824255,0.5913162,0,0,0,0,0,0,0,0,0,0,0,0,0
0,0,0,0,0,0,0,0,0,0,0,0.6285137,0,0.8287438,0.8140173,0.8105334,1,0.9909707,0.7709127,0,0,0,0,0,0,0,0,0,0,0,0,0,0,0,0,0,0,0,0,0,0,0,0,0,0,0.7110807,0.7290414,0.7791882,0.9261697,1,0.8666151,0.6574157,0,0,0,0,0,0,0,0,0,0,0,0,0,0
0,0,0,0,0,0,0,0,0,0,0,0,0.5538362,0.7126122,0.76739,0.8533579,1,0.9851195,0.7705931,0.6431063,0,0,0,0,0,0,0,0,0,0,0,0,0,0,0,0,0,0,0,0,0,0,0,0,0,0.6519896,0.7246861,0.7190393,0.9366277,1,0.9043524,0.798891,0.7616051,0.694919,0.6009104,0.5499264,0,0,0,0,0,0,0,0,0,0
0,0,0,0,0,0,0,0,0,0,0,0,0,0,0,0.7956899,1,0.9962457,0.8232749,0.7697968,0.660972,0.6410323,0,0,0,0,0,0,0,0,0,0,0,0,0,0,0,0,0,0,0,0,0,0,0,0,0,0,0.9421034,1,0.8930917,0.6819705,0.7068072,0.8164486,0.8228416,0.7816264,0.6627854,0,0,0,0,0,0,0,0,0
0,0,0,0,0,0,0,0,0,0,0,0,0,0.6197708,0.6409804,0.8405115,1,0.9834275,0.7370628,0.7668981,0,0.7439454,0.6587768,0,0,0,0,0,0,0,0,0,0,0,0,0,0,0,0,0,0,0,0,0,0,0.6269392,0.6621631,0.6972625,0.9450148,1,0.8890922,0,0.6497407,0.6888924,0.7516475,0.7790818,0.7839849,0.6801136,0.668428,0.6501489,0,0,0,0,0,0
0,0,0,0,0,0,0,0,0,0,0.6800194,0.6495027,0.6933738,0.6438661,0,0.8361006,1,0.9886615,0.7840617,0.7254499,0.6763046,0.7109011,0.7203854,0,0,0,0,0,0,0,0,0,0,0,0,0,0,0,0,0,0,0,0,0,0,0,0,0,0.9369614,1,0.9004154,0.6936604,0.7393448,0.800782,0.760748,0.7897882,0.7646358,0.7122011,0.7111198,0.6626711,0,0,0,0,0,0
0,0,0,0,0,0,0,0,0,0,0,0,0,0,0.6450858,0.829304,1,0.9897761,0.8275846,0.7091037,0.6494316,0,0,0,0,0,0,0,0,0,0,0,0,0,0,0,0,0,0,0,0,0,0,0,0,0,0,0.662826,0.9411654,1,0.8783473,0.8227731,0.8025967,0.6945724,0,0.596761,0,0,0,0,0,0,0,0,0,0
0,0,0,0,0,0,0,0,0,0,0,0,0,0,0,0.8753164,1,0.9742722,0.7544377,0,0,0,0,0,0,0,0,0,0,0,0,0,0,0,0,0,0,0,0,0,0,0,0,0,0,0,0.6661851,0.7273626,0.940097,1,0.9090027,0.6976402,0,0,0,0,0,0,0,0,0,0,0,0,0,0
0,0,0,0,0,0,0,0,0,0,0,0,0,0,0,0.8459712,1,0.9874556,0.7794904,0,0,0,0,0,0,0,0,0,0,0,0,0,0,0,0,0,0,0,0,0,0,0,0,0,0,0,0,0.8043216,0.96444,1,0.9088286,0,0,0,0,0,0,0,0,0,0,0,0,0,0,0
0,0,0,0,0,0,0,0,0,0,0,0,0,0,0,0.8623655,1,0.9780344,0.7579952,0,0,0,0,0,0,0,0,0,0,0,0,0,0,0,0,0,0,0,0,0,0,0,0,0,0,0,0,0.6491728,0.951279,1,0.8921871,0,0,0,0,0,0,0,0,0,0,0,0,0,0,0
0,0,0,0,0,0,0,0,0,0,0,0,0,0,0,0.8534756,1,0.9821383,0.775581,0,0,0,0,0,0,0,0,0,0,0,0,0,0,0,0,0,0,0,0,0,0,0,0,0,0,0,0,0.6424398,0.9475553,1,0.8874879,0,0,0,0,0,0,0,0,0,0,0,0,0,0,0
