GestureName: c
Duration(ms): 1222
Handedness: right

SpeakerAngles: 2
55
-55

InterpretedPoints: 26
1.6134145682232,1.12972504292725
0,0
0,0
0,0
0,0
0,0
0.806707284111599,0.564862521463624
1.6134145682232,0
4.03353642055799,-0.564862521463623
7.26036555700439,-1.69458756439087
8.06707284111599,-3.38917512878174
7.26036555700439,-2.82431260731812
5.64695098878119,-2.82431260731812
0,-5.64862521463624
-0.806707284111599,-5.08376269317261
0,-4.51890017170899
-0.806707284111599,-0.564862521463624
-2.4201218523348,0.564862521463624
-1.6134145682232,2.25945008585449
-2.4201218523348,3.95403765024536
-4.03353642055799,1.69458756439087
-1.6134145682232,2.25945008585449
-0.806707284111599,1.69458756439087
0,0
0,0
0,0

StrokePoints: 27
177.666666666667,130.277777777778
176.053252098443,129.148052734851
176.053252098443,129.148052734851
176.053252098443,129.148052734851
176.053252098443,129.148052734851
176.053252098443,129.148052734851
176.053252098443,129.148052734851
175.246544814332,128.583190213387
173.633130246109,128.583190213387
169.599593825551,129.148052734851
162.339228268546,130.842640299241
154.27215542743,134.231815428023
147.011789870426,137.056128035341
141.364838881645,139.880440642659
141.364838881645,145.529065857296
142.171546165756,150.612828550468
142.171546165756,155.131728722177
142.978253449868,155.696591243641
145.398375302203,155.131728722177
147.011789870426,152.872278636323
149.431911722761,148.918240986077
153.465448143319,147.223653421687
155.078862711542,144.964203335832
155.885569995654,143.269615771441
155.885569995654,143.269615771441
155.885569995654,143.269615771441
155.885569995654,143.269615771441

Velocities: 26
2,0
0,0
0,0
0,0
0,0
0,0
1,0
1,-1
2,-3
3,-6
2,-8
2,-7
1,-6
-5,-5
-5,-4
-4,-4
-1,0
-1,2
1,3
2,5
-1,4
1,3
1,2
0,0
0,0
0,0

InverseVelocities: 26
0,0
0,0
0,0
0,0
0,0
0,0
0,0
0,0
0,0
0,0
-5,0
-5,0
-4,0
0,0
0,0
0,0
0,0
1,0
0,0
-1,-1
0,0
0,0
0,0
0,0
0,0
0,0

RawData: 26
0,0,0,0,0,0,0,0,0,0,0,0,0,0,0,0.801006,1,0.9716178,0.8509732,0.7273882,0.597142,0.5994641,0,0,0,0,0,0,0,0,0,0,0,0,0,0,0,0,0,0,0,0,0,0,0,0,0,0.8088055,0.9550815,1,0.8637932,0.6145375,0.6810458,0,0,0,0,0,0,0,0,0,0,0,0,0
0,0,0,0,0,0,0,0,0,0,0,0,0,0,0,0.8028585,0.9930917,1,0.8413188,0.6801105,0,0,0,0,0,0,0,0,0,0,0,0,0,0,0,0,0,0,0,0,0,0,0,0,0,0,0.5919894,0.8848354,0.9753723,1,0.9010983,0.6633344,0,0,0,0,0,0,0,0,0,0,0,0,0,0
0,0,0,0,0,0,0,0,0,0,0,0,0,0,0,0.8870603,1,0.9676816,0.7529423,0,0,0,0,0,0,0,0,0,0,0,0,0,0,0,0,0,0,0,0,0,0,0,0,0,0,0,0,0.8608686,0.9881725,1,0.8756124,0.6066065,0,0,0,0,0,0,0,0,0,0,0,0,0,0
0,0,0,0,0,0,0,0,0,0,0,0,0,0,0,0.9066605,1,0.986182,0.7923248,0,0,0,0,0,0,0,0,0,0,0,0,0,0,0,0,0,0,0,0,0,0,0,0,0,0,0,0,0.8182824,0.8685672,1,0.9252103,0,0,0,0,0,0,0,0,0,0,0,0,0,0,0
0,0,0,0,0,0,0,0,0,0,0,0,0,0,0,0.8131198,0.9580967,1,0.827798,0,0,0,0,0,0,0,0,0,0,0,0,0,0,0,0,0,0,0,0,0,0,0,0,0,0,0,0,0.6971511,0.9435559,1,0.9025235,0.5989898,0,0,0,0,0,0,0,0,0,0,0,0,0,0
0,0,0,0,0,0,0,0,0,0,0,0,0,0,0,0.8594104,1,0.9722279,0.8407623,0.6460131,0,0,0,0,0,0,0,0,0,0,0,0,0,0,0,0,0,0,0,0,0,0,0,0,0,0,0,0.6516402,0.9543426,1,0.9105178,0.6906908,0,0,0,0,0,0,0,0,0,0,0,0,0,0
0,0,0,0,0,0,0,0,0,0,0,0,0,0,0.6315607,0.847443,1,0.9935634,0.9534815,0.8433473,0.6884838,0,0,0,0,0,0,0,0,0,0,0,0,0,0,0,0,0,0,0,0,0,0,0,0,0,0.5985847,0.5772991,0.9494244,1,0.9368487,0.8379616,0.6229631,0,0,0,0,0,0,0,0,0,0,0,0,0
0,0,0,0,0,0,0,0,0,0,0,0,0,0,0.7748159,0.8581857,1,0.9887094,0.9469206,0.9333338,0.7965341,0,0,0,0,0,0,0,0,0,0,0,0,0,0,0,0,0,0,0,0,0,0,0,0,0.7250667,0.8141657,0.7561646,0.9340955,1,0.9919208,0.8980976,0,0,0,0,0,0,0,0,0,0,0,0,0,0
0,0,0,0,0,0,0,0,0,0,0,0,0,0,0.7551172,0.8415021,1,0.9888969,0.8540995,0.8773102,0.7461891,0.604543,0,0,0,0,0,0,0,0,0,0,0,0,0,0,0,0,0,0,0,0,0,0.6406449,0.7968692,0.7769026,0.8780574,0.9523668,0.9663882,1,0.9790235,0.8730224,0.6462783,0,0,0,0,0,0,0,0,0,0,0,0,0
0,0,0,0,0,0,0,0,0,0,0,0,0,0.7127645,0.8205568,0.7982295,0.9986147,1,0.8865241,0.8352329,0.6208747,0.7135749,0.6163976,0,0,0,0,0,0,0,0,0,0,0,0,0,0,0,0,0,0.616783,0.663112,0.7470448,0.8467356,0.8751138,0.8193943,0.7623511,0.7867143,0.9462014,1,0.8989415,0,0,0,0,0,0,0,0,0,0,0,0,0,0,0
0,0,0,0,0,0,0,0,0.5649983,0.6760421,0.7103455,0.7112036,0.7842688,0.8551286,0.8033749,0.8386533,1,0.978024,0.7479256,0.7385321,0.6962646,0.6143241,0,0,0,0,0,0,0,0,0,0,0,0,0,0,0,0,0.5536266,0.7229339,0.8407783,0.8733403,0.7903724,0.7433094,0.7279456,0.7122928,0.5821198,0.5678891,0.9406292,1,0.8809794,0.6053401,0,0,0,0,0,0,0,0,0,0,0,0,0,0
0,0,0,0,0,0,0,0,0.7120102,0.732956,0.7575296,0.8233194,0.8366221,0.8071078,0.856326,0.8608959,1,0.9809569,0.6987925,0.6477698,0.6669469,0.671457,0,0,0,0,0,0,0,0,0,0,0,0,0,0,0,0,0,0.7357184,0.8212663,0.8330601,0.799903,0.7612426,0.7592664,0.753305,0.7719175,0.7832428,0.9588208,1,0.8869194,0,0,0,0,0,0,0,0,0,0,0,0,0,0,0
0,0,0,0,0,0,0,0,0,0.795093,0.7783137,0.7917356,0.8107905,0.8050481,0.6774281,0.8717822,1,0.9881365,0.8319471,0.7195578,0.6855351,0,0,0,0,0,0,0,0,0,0,0,0,0,0,0,0,0,0,0,0.7198133,0.7360118,0.7399324,0.7464992,0.7218034,0.8136598,0.815334,0.8238605,0.9260461,1,0.9032707,0,0,0,0,0,0,0,0,0,0,0,0,0,0,0
0,0,0,0,0,0,0,0,0.7930542,0.8495497,0.7924826,0.7288131,0.8297209,0.7790654,0.7638988,0.8386807,1,0.9894006,0.795821,0.6654373,0,0,0,0,0,0,0,0,0,0,0,0,0,0,0,0,0,0,0,0,0,0.6909706,0,0,0.7411565,0.7238593,0.7337808,0.6921635,0.9472327,1,0.8937114,0,0,0,0,0,0,0,0,0,0,0,0,0,0,0
0,0,0,0,0,0,0,0,0.6786597,0.8312844,0.8358761,0.7030811,0.7509272,0.8078877,0.7492517,0.8262509,1,0.9878022,0.7584776,0.6921707,0,0,0,0,0,0,0,0,0,0,0,0,0,0,0,0,0,0,0,0,0,0,0.7130024,0.808463,0.8379768,0.782268,0.7144887,0.6823214,0.9459759,1,0.89362,0.6709095,0,0,0,0,0,0,0,0,0,0,0,0,0,0
0,0,0,0,0,0,0,0,0,0.6721022,0.7518758,0.7254903,0.7038324,0.7042926,0.7378924,0.783136,1,0.9907393,0.7880042,0,0,0,0,0,0,0,0,0,0,0,0,0,0,0,0,0,0,0,0,0,0,0,0.5921141,0,0.7639748,0.7887253,0.7871017,0.6957625,0.937238,1,0.9027913,0.5980281,0,0,0,0,0,0,0,0,0,0,0,0,0,0
0,0,0,0,0,0,0,0,0,0,0,0,0.7939063,0,0.8120511,0.89382,1,0.9780605,0.7864023,0,0,0,0,0,0,0,0,0,0,0,0,0,0,0,0,0,0,0,0,0,0,0,0,0,0,0,0,0.8143654,0.9605191,1,0.8927309,0,0,0,0,0,0,0,0,0,0,0,0,0,0,0
0,0,0,0,0,0,0,0,0,0,0,0,0.6735233,0.7610962,0.7947046,0.8417445,1,0.9914075,0.7959362,0.6599387,0.636518,0,0,0,0,0,0,0,0,0,0,0,0,0,0,0,0,0,0,0,0,0,0,0,0,0,0,0,0.9353707,1,0.8817219,0.7383974,0.7055436,0.6681396,0.5862807,0,0,0,0,0,0,0,0,0,0,0
0,0,0,0,0,0,0,0,0,0,0,0,0,0.6025578,0,0.8472565,1,0.9780681,0.7706599,0.7556615,0.6543496,0,0,0,0,0,0,0,0,0,0,0,0,0,0,0,0,0,0,0,0,0,0,0,0,0,0,0.6201533,0.9345925,1,0.8945158,0.7138805,0.6954356,0.6995851,0.7334581,0.6452953,0,0,0,0,0,0,0,0,0,0
0,0,0,0,0,0,0,0,0,0,0,0,0.6005732,0.5737026,0.5761197,0.7618794,1,0.9986122,0.8581527,0.8120067,0.6855939,0.5584636,0,0,0,0,0,0,0,0,0,0,0,0,0,0,0,0,0,0,0,0,0,0,0,0.5654678,0.586162,0.5836679,0.9396443,1,0.8721041,0.640327,0.675261,0.7163526,0.7181073,0.6228155,0.5991672,0.5137476,0,0,0,0,0,0,0,0
0,0,0,0,0,0,0,0,0,0,0,0,0.6838003,0.6527481,0,0.8184156,1,0.9909066,0.8416773,0.7816706,0,0,0,0,0,0,0,0,0,0,0,0,0,0,0,0,0,0,0,0,0,0,0,0,0,0,0,0.6510195,0.948105,1,0.8858469,0.6805121,0.7022164,0.7173698,0.6820456,0.6999705,0.6528369,0,0,0,0,0,0,0,0,0
0,0,0,0,0,0,0,0,0,0,0,0,0,0.6170733,0.6462353,0.7992361,1,0.9860035,0.7622862,0.7906873,0.7617698,0,0,0,0,0,0,0,0,0,0,0,0,0,0,0,0,0,0,0,0,0,0,0,0,0,0,0.6359944,0.9485782,1,0.8843061,0.6115035,0.7360283,0.7838742,0.6820541,0.5961572,0,0,0,0,0,0,0,0,0,0
0,0,0,0,0,0,0,0,0,0,0,0,0,0,0,0.8547767,1,0.9995793,0.8817606,0.7987023,0.6810787,0,0,0,0,0,0,0,0,0,0,0,0,0,0,0,0,0,0,0,0,0,0,0,0,0,0,0.6555745,0.9459732,1,0.902736,0.7114229,0.6559731,0.6840341,0.624993,0,0,0,0,0,0,0,0,0,0,0
0,0,0,0,0,0,0,0,0,0,0,0,0,0,0,0.839379,1,0.9386391,0.8453603,0.7040216,0,0,0,0,0,0,0,0,0,0,0,0,0,0,0,0,0,0,0,0,0,0,0,0,0,0,0,0.6283115,0.9427923,1,0.9002725,0.642885,0,0,0,0,0,0,0,0,0,0,0,0,0,0
0,0,0,0,0,0,0,0,0,0,0,0,0,0,0,0.8422353,1,0.9883164,0.7944179,0,0,0,0,0,0,0,0,0,0,0,0,0,0,0,0,0,0,0,0,0,0,0,0,0,0,0,0,0.595212,0.9414563,1,0.8922205,0.5962168,0,0,0,0,0,0,0,0,0,0,0,0,0,0
0,0,0,0,0,0,0,0,0,0,0,0,0,0,0,0.8192165,1,0.987726,0.7724069,0,0,0,0,0,0,0,0,0,0,0,0,0,0,0,0,0,0,0,0,0,0,0,0,0,0,0,0,0.5749604,0.9295343,1,0.9017963,0,0,0,0,0,0,0,0,0,0,0,0,0,0,0
