GestureName: p
Duration(ms): 1363
Handedness: right

SpeakerAngles: 2
55
-55

InterpretedPoints: 29
0,0
0,0
0,0
0,0
0.806707284111599,0.564862521463624
0,0
0,1.12972504292725
0,0
0,0
0,0
0,0
-0.806707284111599,3.95403765024536
0.806707284111599,5.08376269317261
-3.2268291364464,6.77835025756348
-1.6134145682232,2.25945008585449
0.806707284111599,1.69458756439087
0.806707284111599,1.69458756439087
3.2268291364464,-5.64862521463624
0,-1.12972504292725
0.806707284111599,-0.564862521463624
3.2268291364464,2.25945008585449
1.6134145682232,7.90807530049073
0,0
2.4201218523348,8.47293782195435
1.6134145682232,12.4269754721997
3.2268291364464,1.12972504292725
1.6134145682232,-1.12972504292725
0.806707284111599,-0.564862521463624
0,-1.12972504292725

StrokePoints: 30
177.666666666667,130.277777777778
177.666666666667,130.277777777778
177.666666666667,130.277777777778
177.666666666667,130.277777777778
177.666666666667,130.277777777778
176.859959382555,129.712915256314
176.859959382555,129.712915256314
176.859959382555,128.583190213387
176.859959382555,128.583190213387
176.859959382555,128.583190213387
176.859959382555,128.583190213387
176.859959382555,128.583190213387
177.666666666667,124.629152563142
176.859959382555,119.545389869969
180.086788519001,112.767039612405
181.700203087225,110.507589526551
180.893495803113,108.81300196216
180.086788519001,107.118414397769
176.859959382555,112.767039612405
176.859959382555,113.896764655333
176.053252098443,114.461627176796
172.826422961997,112.202177090942
171.213008393774,104.294101790451
171.213008393774,104.294101790451
168.792886541439,95.8211639684967
167.179471973216,83.394188496297
163.952642836769,82.2644634533698
162.339228268546,83.394188496297
161.532520984435,83.9590510177606
161.532520984435,85.0887760606879

Velocities: 29
0,0
0,0
0,0
0,0
1,0
0,0
1,1
0,0
0,0
0,0
0,0
3,4
5,4
4,8
1,3
2,1
2,1
-3,-7
-1,-1
0,-1
4,0
8,6
0,0
9,6
12,10
3,-1
0,-2
0,-1
-1,-1

InverseVelocities: 29
0,0
0,0
0,0
0,0
0,0
0,0
0,0
0,0
0,0
0,0
0,0
0,0
-1,0
-2,-2
-3,-3
-4,-4
-4,-7
0,0
0,0
0,0
0,0
-2,-2
0,0
-2,-2
-2,-5
-1,0
0,0
0,0
0,0

RawData: 29
0,0,0,0,0,0,0,0,0,0,0,0,0,0,0,0.8392304,1,0.9903351,0.7990715,0,0,0,0,0,0,0,0,0,0,0,0,0,0,0,0,0,0,0,0,0,0,0,0,0,0,0,0,0,0.9420897,1,0.8989877,0,0,0,0,0,0,0,0,0,0,0,0,0,0,0
0,0,0,0,0,0,0,0,0,0,0,0,0,0,0,0.8290629,1,0.9895941,0.7894024,0,0,0,0,0,0,0,0,0,0,0,0,0,0,0,0,0,0,0,0,0,0,0,0,0,0,0,0,0.5978666,0.936291,1,0.8992626,0,0,0,0,0,0,0,0,0,0,0,0,0,0,0
0,0,0,0,0,0,0,0,0,0,0,0,0,0,0,0.8308716,1,0.9845948,0.7578067,0,0,0,0,0,0,0,0,0,0,0,0,0,0,0,0,0,0,0,0,0,0,0,0,0,0,0,0,0.5700995,0.9369834,1,0.8984135,0.5782987,0,0,0,0,0,0,0,0,0,0,0,0,0,0
0,0,0,0,0,0,0,0,0,0,0,0,0,0,0,0.8273893,1,0.984909,0.7638378,0,0,0,0,0,0,0,0,0,0,0,0,0,0,0,0,0,0,0,0,0,0,0,0,0,0,0,0,0.5659567,0.9348592,1,0.9089015,0.6722525,0,0,0,0,0,0,0,0,0,0,0,0,0,0
0,0,0,0,0,0,0,0,0,0,0,0,0,0,0.6181524,0.7958884,1,0.9868441,0.7270676,0.6803831,0.5940287,0,0,0,0,0,0,0,0,0,0,0,0,0,0,0,0,0,0,0,0,0,0,0,0,0,0.6161966,0.6315148,0.9523047,1,0.8847991,0.8115607,0.6800948,0,0,0,0,0,0,0,0,0,0,0,0,0
0,0,0,0,0,0,0,0,0,0,0,0,0,0,0,0.8687301,1,0.9849314,0.7927476,0.67504,0,0,0,0,0,0,0,0,0,0,0,0,0,0,0,0,0,0,0,0,0,0,0,0,0,0,0,0.7912452,0.9449894,1,0.898171,0.8140194,0.7854627,0,0,0,0,0,0,0,0,0,0,0,0,0
0,0,0,0,0,0,0,0,0,0,0,0,0,0.59394,0.6736605,0.8195885,1,0.986991,0.8028738,0.7503885,0.6705807,0,0,0,0,0,0,0,0,0,0,0,0,0,0,0,0,0,0,0,0,0,0,0,0,0,0.613144,0.7520291,0.9330992,1,0.8933498,0.6842093,0.7706658,0.6837251,0,0,0,0,0,0,0,0,0,0,0,0
0,0,0,0,0,0,0,0,0,0,0,0,0,0,0,0.8486437,1,0.9953042,0.8611944,0.7392717,0,0,0,0,0,0,0,0,0,0,0,0,0,0,0,0,0,0,0,0,0,0,0,0,0,0,0,0.7231674,0.9470394,1,0.9003316,0.7608832,0.7180024,0,0,0,0,0,0,0,0,0,0,0,0,0
0,0,0,0,0,0,0,0,0,0,0,0,0,0,0,0.8469197,1,0.9671531,0.8128596,0.685795,0,0,0,0,0,0,0,0,0,0,0,0,0,0,0,0,0,0,0,0,0,0,0,0,0,0,0,0.6488571,0.9517516,1,0.8761013,0,0,0,0,0,0,0,0,0,0,0,0,0,0,0
0,0,0,0,0,0,0,0,0,0,0,0,0,0,0,0.8160268,1,0.998728,0.8094311,0,0,0,0,0,0,0,0,0,0,0,0,0,0,0,0,0,0,0,0,0,0,0,0,0,0,0,0,0,0.9468966,1,0.8966408,0,0,0,0,0,0,0,0,0,0,0,0,0,0,0
0,0,0,0,0,0,0,0,0,0,0,0,0,0,0,0.8321742,1,0.9966134,0.8906908,0,0,0,0,0,0,0,0,0,0,0,0,0,0,0,0,0,0,0,0,0,0,0,0,0,0,0,0,0,0.9515435,1,0.8750214,0.7094449,0,0,0,0,0,0,0,0,0,0,0,0,0,0
0,0,0,0,0,0,0,0,0,0,0,0,0,0,0.5655674,0.8081699,0.9859666,1,0.9645643,0.8978127,0.7835519,0.7039947,0.6608267,0,0,0,0,0,0,0,0,0,0,0,0,0,0,0,0,0,0,0,0,0,0,0,0.5656457,0.661684,0.944094,1,0.8772894,0.7139776,0.7178908,0.6625538,0.6488615,0.614405,0.546241,0,0,0,0,0,0,0,0,0
0,0,0,0,0,0,0,0,0,0,0,0,0.6782495,0.6993585,0.7857799,0.702879,1,0.9700723,0.914001,0.9889618,0.9145989,0.6895342,0.666933,0.6315796,0.6494373,0,0,0,0,0,0,0,0,0,0,0,0,0,0,0,0,0,0,0,0,0,0.5664768,0.7314371,0.9480387,1,0.9012615,0.7953684,0.7875671,0.6205955,0.7488813,0.7391822,0.6608532,0,0,0,0,0,0,0,0,0
0,0,0,0,0,0,0,0,0,0,0,0.7225952,0.7620794,0.7717974,0.6914335,0.8588858,1,0.9723241,0.8741336,0.8277277,0.7974859,0.7226517,0.6084552,0.6239567,0,0,0,0,0,0,0,0,0,0,0,0,0,0,0,0,0,0,0,0,0.6124749,0.6640255,0.7584175,0.7523011,0.942046,1,0.8914314,0.6309224,0.8376059,0.878342,0.8594747,0.7613879,0.6893628,0,0,0.6222578,0.6028045,0,0,0,0,0
0,0,0,0,0,0,0,0,0,0,0.8079658,0.8621002,0.8264908,0.926506,0.8823296,0.9433557,1,0.9229525,0.7771001,0.8226934,0.7472326,0,0,0,0,0,0,0,0,0,0,0,0,0,0,0,0,0,0,0,0,0,0,0.707562,0.7011781,0.6966286,0.7523872,0.8604197,0.957468,1,0.9243647,0.8202779,0.7675581,0.7537104,0.717589,0.6622549,0,0,0,0,0,0,0,0,0,0
0,0,0,0,0,0,0,0,0,0.7015865,0.7860143,0.9382635,0.9750171,0.9132918,0.8341789,0.901802,0.9955367,1,0.8575674,0.7796117,0.6854735,0.6827253,0,0,0,0,0,0,0,0,0,0,0,0,0,0,0,0,0,0,0,0,0.775676,0.8475318,0.8814381,0.8296725,0.8322264,0.8772948,0.9480416,1,0.8487192,0.7073593,0.6359547,0.6385888,0,0,0,0,0,0,0,0,0,0,0,0
0,0,0,0,0,0,0,0,0,0.6453629,0.6345489,0.770232,0.7865837,0.8390354,0.8650409,0.9262972,1,0.9805332,0.7560429,0,0,0.6210434,0,0,0,0,0,0,0,0,0,0,0,0,0,0,0,0,0,0.6309757,0.6003275,0.6573983,0.6718879,0.706295,0.7343187,0.8223132,0.9143555,0.8724204,0.918552,1,0.8882329,0.6325347,0.5989368,0.6049776,0,0,0,0,0,0,0,0,0,0,0,0
0,0,0,0,0,0,0,0,0,0,0.6787059,0.7866068,0.804142,0.7816341,0.8888461,0.9003665,1,0.9978222,0.8510873,0,0,0,0,0,0,0,0,0,0,0,0,0,0,0,0,0,0,0,0,0.6338492,0.6977802,0.7077734,0.6461437,0,0.6879416,0,0.8219166,0.8623164,0.9445916,1,0.9006114,0.6754105,0,0,0,0,0,0,0,0,0,0,0,0,0,0
0,0,0,0,0,0,0,0,0,0,0,0,0.6056356,0.7072802,0.6808583,0.8596019,1,0.9702107,0.7872962,0.6323494,0,0,0,0,0,0,0,0,0,0,0,0,0,0,0,0,0,0,0,0,0,0,0,0,0,0.6635465,0.7859287,0.8613423,0.9416767,1,0.8771146,0,0,0,0,0,0,0,0,0,0,0,0,0,0,0
0,0,0,0,0,0,0,0,0,0,0,0,0,0,0,0.8295183,1,0.9899324,0.7578122,0.7166481,0,0,0,0,0,0,0,0,0,0,0,0,0,0,0,0,0,0,0,0,0,0,0,0,0,0.7217046,0.7252742,0.7943489,0.9615856,1,0.8595238,0,0,0,0,0,0,0,0,0,0,0,0,0,0,0
0,0,0,0,0,0,0,0,0,0,0,0,0,0,0.6619714,0.8489344,1,0.984476,0.8179102,0.8935032,0.7787731,0.730653,0.7360663,0.681262,0,0,0,0,0,0,0,0,0,0,0,0,0,0,0,0,0,0,0,0,0,0,0.6142226,0.6219519,0.9310991,1,0.9079618,0.6369886,0,0,0,0,0,0,0,0,0,0,0,0,0,0
0,0,0,0,0,0,0,0,0,0,0,0.5730256,0.5766391,0,0.5972866,0.779915,1,0.9819038,0.7835382,0.9084879,0.8231104,0.7197859,0.6618136,0.7285165,0.7460424,0.7455257,0.6677179,0.6057882,0,0,0,0,0,0,0,0,0,0,0,0,0,0,0,0,0.5641175,0.6402802,0.6193281,0.7009951,0.9398848,1,0.8737295,0.7400885,0.6007022,0.6423993,0,0.6779736,0.7075536,0.6577668,0.5256941,0,0,0,0,0,0,0
0,0,0,0,0,0,0,0,0,0,0,0,0,0,0,0.9269295,1,0.9800622,0,0,0,0,0,0,0,0,0,0,0,0,0,0,0,0,0,0,0,0,0,0,0,0,0,0,0,0,0,0,0.9589344,1,0.9026408,0.8951507,0,0,0,0,0,0,0,0,0,0,0,0,0,0
0,0,0,0,0,0,0,0,0,0,0,0.6753701,0.8094791,0.8499442,0.8009899,0.8427375,1,0.9851996,0.857179,0.8370178,0.7682258,0.7591281,0.6675777,0.7893715,0.8292448,0.8167303,0.7523567,0.7334236,0.7035964,0,0,0,0,0,0,0,0,0,0,0,0,0,0,0,0.6715706,0.6494194,0.6778211,0.6987246,0.9310115,1,0.9112206,0.7853671,0.8208335,0.7780213,0.7494023,0.652524,0.7492582,0.713564,0.716162,0,0,0,0,0,0,0
0,0,0,0,0,0,0,0,0,0,0,0.6686203,0.7822193,0.7618672,0.8071955,0.7178769,0.992641,1,0.8291357,0.802273,0.8278586,0.6026471,0.6795622,0.7369697,0.7785087,0.7338749,0.7054082,0.6253185,0.6071537,0.6636996,0.6400881,0.6252303,0.6077911,0,0,0,0,0,0,0,0,0.5950433,0.6547729,0.7237802,0.6745212,0.6025333,0.707791,0.7721896,0.9517066,1,0.8751955,0.6592066,0.6435803,0,0.6635802,0.7330111,0.6981921,0.6213169,0.5865098,0,0.6343539,0.6337366,0.5631188,0,0,0
0,0,0,0,0,0,0,0,0,0,0,0,0.7705615,0.8098452,0.830279,0.8023323,1,0.9871836,0.7699777,0.7971678,0.7861844,0.7849575,0.7736409,0,0,0,0,0,0,0,0,0,0,0,0,0,0,0,0,0,0,0,0,0,0,0.7627442,0.7862783,0.7865965,0.9518142,1,0.8972374,0,0,0,0,0,0,0,0,0,0,0,0,0,0,0
0,0,0,0,0,0,0,0,0,0,0,0,0,0.7113087,0.8509803,0.9115608,1,0.9745486,0.7481486,0,0,0,0,0,0,0,0,0,0,0,0,0,0,0,0,0,0,0,0,0,0,0,0,0,0.5722942,0.6248711,0.7430169,0.6872337,0.9348005,1,0.8834512,0,0,0,0,0,0,0,0,0,0,0,0,0,0,0
0,0,0,0,0,0,0,0,0,0,0,0,0,0,0.8538659,0.8947895,1,0.9848344,0.8377348,0,0,0,0,0,0,0,0,0,0,0,0,0,0,0,0,0,0,0,0,0,0,0,0,0,0,0.732538,0.8123213,0.8722469,0.9143683,1,0.9139597,0.6952319,0,0,0,0,0,0,0,0,0,0,0,0,0,0
0,0,0,0,0,0,0,0,0,0,0,0,0.5699625,0.5777341,0.8108398,0.9109623,0.9995744,1,0.8624646,0.6698131,0,0,0,0,0,0,0,0,0,0,0,0,0,0,0,0,0,0,0,0,0,0,0,0,0,0.5951657,0.7473854,0.6898205,0.9550164,1,0.8257518,0.746859,0.5682794,0,0,0,0,0,0,0,0,0,0,0,0,0
