GestureName: p
Duration(ms): 1175
Handedness: right

SpeakerAngles: 2
55
-55

InterpretedPoints: 25
0,0
3.2268291364464,-1.12972504292725
0,-1.12972504292725
-0.806707284111599,-0.564862521463624
1.6134145682232,1.12972504292725
0,1.12972504292725
0,0
-0.806707284111599,0.564862521463624
-0.806707284111599,1.69458756439087
-0.806707284111599,1.69458756439087
-0.806707284111599,-5.08376269317261
0,-4.51890017170899
2.4201218523348,-3.95403765024536
2.4201218523348,-5.08376269317261
2.4201218523348,-2.82431260731812
1.6134145682232,0
1.6134145682232,0
5.64695098878119,2.82431260731812
8.87378012522759,3.95403765024536
8.87378012522759,3.95403765024536
8.87378012522759,5.08376269317261
8.06707284111599,3.38917512878174
0,0
-0.806707284111599,-1.69458756439087
-0.806707284111599,-0.564862521463624

StrokePoints: 26
177.666666666667,130.277777777778
177.666666666667,130.277777777778
174.43983753022,131.407502820705
174.43983753022,132.537227863632
175.246544814332,133.102090385096
173.633130246109,131.972365342169
173.633130246109,130.842640299241
173.633130246109,130.842640299241
174.43983753022,130.277777777778
175.246544814332,128.583190213387
176.053252098444,126.888602648996
176.859959382555,131.972365342169
176.859959382555,136.491265513878
174.43983753022,140.445303164123
172.019715677886,145.529065857296
169.599593825551,148.353378464614
167.986179257328,148.353378464614
166.372764689104,148.353378464614
160.725813700323,145.529065857296
151.852033575096,141.57502820705
142.978253449868,137.620990556805
134.10447332464,132.537227863632
126.037400483524,129.148052734851
126.037400483524,129.148052734851
126.844107767636,130.842640299241
127.650815051748,131.407502820705

Velocities: 25
0,0
1,-3
-1,-1
-1,0
2,0
1,1
0,0
0,1
1,2
1,2
-5,-4
-4,-4
-2,-5
-3,-6
-1,-4
1,-1
1,-1
6,-1
9,-2
9,-2
10,-1
8,-2
0,0
-2,-1
-1,0

InverseVelocities: 25
0,0
-1,0
0,0
0,0
0,0
0,0
0,0
0,0
0,0
-1,0
0,0
0,0
0,0
1,0
0,0
0,0
0,0
0,1
0,8
-2,9
-1,7
-2,6
0,0
0,0
0,0

RawData: 25
0,0,0,0,0,0,0,0,0,0,0,0,0,0,0.7901844,0.870113,1,0.9716154,0,0,0,0,0,0,0,0,0,0,0,0,0,0,0,0,0,0,0,0,0,0,0,0,0,0,0,0,0,0.7824098,0.9586756,1,0.8479304,0,0,0,0,0,0,0,0,0,0,0,0,0,0,0
0,0,0,0,0,0,0,0,0,0,0,0,0.6562175,0.7022509,0.8157127,0.8926498,1,0.9959983,0.8417102,0.6460821,0.6102595,0,0,0,0,0,0,0,0,0,0,0,0,0,0,0,0,0,0,0,0,0,0,0.6399308,0.6735679,0.6963026,0.7239883,0.8445548,0.95091,1,0.8803947,0.6545935,0,0,0,0,0,0,0,0,0,0,0,0,0,0
0,0,0,0,0,0,0,0,0,0,0,0,0.7068369,0.7450655,0.6707262,0.8611236,1,0.9773345,0.7492975,0,0,0,0,0,0,0,0,0,0,0,0,0,0,0,0,0,0,0,0,0,0,0,0,0,0,0.6874328,0.7515654,0.7224386,0.9365478,1,0.8884872,0,0,0,0,0,0,0,0,0,0,0,0,0,0,0
0,0,0,0,0,0,0,0,0,0,0,0,0.6421101,0.6945893,0.6782076,0.8561171,1,0.9777195,0.7623875,0,0,0,0,0,0,0,0,0,0,0,0,0,0,0,0,0,0,0,0,0,0,0,0,0,0,0,0,0.6804454,0.9436235,1,0.8950045,0.6336326,0,0,0,0,0,0,0,0,0,0,0,0,0,0
0,0,0,0,0,0,0,0,0,0,0,0,0,0,0,0.7921431,1,0.9771433,0.6991087,0.7116643,0.6213935,0.56623,0,0,0,0,0,0,0,0,0,0,0,0,0,0,0,0,0,0,0,0,0,0,0,0,0,0.6269783,0.9636877,1,0.8093714,0.7216018,0,0,0,0,0,0,0,0,0,0,0,0,0,0
0,0,0,0,0,0,0,0,0,0,0,0,0,0,0,0.8030095,0.9944246,1,0.8793789,0.8520045,0.7499738,0,0,0,0,0,0,0,0,0,0,0,0,0,0,0,0,0,0,0,0,0,0,0,0,0,0,0.5832766,0.9301304,1,0.9198207,0.6802037,0.6725204,0.5468719,0,0,0,0,0,0,0,0,0,0,0,0
0,0,0,0,0,0,0,0,0,0,0,0,0,0,0,0.822892,1,0.9463712,0.8941809,0.7859541,0,0,0,0,0,0,0,0,0,0,0,0,0,0,0,0,0,0,0,0,0,0,0,0,0,0,0,0.5284397,0.9234514,1,0.9224792,0.6883559,0.6639147,0,0,0,0,0,0,0,0,0,0,0,0,0
0,0,0,0,0,0,0,0,0,0,0,0,0,0,0.6417763,0.8378642,1,0.9962003,0.8184814,0,0,0,0,0,0,0,0,0,0,0,0,0,0,0,0,0,0,0,0,0,0,0,0,0,0,0,0,0.6689733,0.9582904,1,0.8851369,0.8342158,0.8041026,0.6619493,0,0,0,0,0,0,0,0,0,0,0,0
0,0,0,0,0,0,0,0,0,0,0,0,0,0.6135588,0.7172738,0.8288043,1,0.9883766,0.7768092,0.6387274,0.6460601,0,0,0,0,0,0,0,0,0,0,0,0,0,0,0,0,0,0,0,0,0,0,0,0,0,0,0.6175442,0.9372888,1,0.8976967,0.6802179,0.779272,0.7564694,0.6652641,0,0,0,0,0,0,0,0,0,0,0
0,0,0,0,0,0,0,0,0,0,0,0,0.6294448,0.6824952,0.8026805,0.9245817,1,0.9704298,0.8262305,0.7462472,0.6542088,0,0,0,0,0,0,0,0,0,0,0,0,0,0,0,0,0,0,0,0,0,0,0,0,0,0,0.6441093,0.9432199,1,0.8895185,0,0.7201643,0.7368452,0.6384404,0,0,0,0,0,0,0,0,0,0,0
0,0,0,0,0,0,0,0,0.6223493,0.6603191,0.7520488,0.8063392,0.8190732,0.7736219,0.8323671,0.8742236,0.9979069,1,0.7872462,0.6791274,0,0,0,0,0,0,0,0,0,0,0,0,0,0,0,0,0,0,0,0,0,0,0.6293976,0.7288285,0.788694,0.8029255,0.762514,0.7439703,0.9427496,1,0.9069079,0.7454154,0.6306407,0,0,0,0,0,0,0,0,0,0,0,0,0
0,0,0,0,0,0,0,0,0,0.7072836,0.7817571,0.8279769,0.795487,0.837694,0.8912743,0.8357165,1,0.9906837,0.7697503,0,0,0,0,0,0,0,0,0,0,0,0,0,0,0,0,0,0,0,0,0,0,0,0.7017729,0.7997802,0.823386,0.8153563,0.7875795,0.7756306,0.9615789,1,0.8852547,0,0,0,0,0,0,0,0,0,0,0,0,0,0,0
0,0,0,0,0,0,0,0,0,0,0,0.7333184,0.7703251,0,0.7638156,0.8582885,1,0.9864324,0.808563,0,0,0,0,0,0,0,0,0,0,0,0,0,0,0,0,0,0,0,0,0,0,0.7166523,0.7863858,0.8028711,0.7928134,0.7308526,0.7772143,0.8451604,0.9365497,1,0.9087749,0.7313125,0,0,0,0,0,0,0,0,0,0,0,0,0,0
0,0,0,0,0,0,0,0,0,0,0.6045374,0.6413293,0.705399,0.6370205,0.7989863,0.7891014,1,0.9994649,0.7869835,0.7007694,0.6090335,0,0,0,0,0,0,0,0,0,0,0,0,0,0,0,0,0,0,0,0.5262839,0.5344294,0.6581209,0.6653841,0.7041866,0.7632651,0.6846758,0.824143,0.907535,1,0.8854393,0.6551828,0,0,0,0,0,0,0,0,0,0,0,0,0,0
0,0,0,0,0,0,0,0,0,0,0,0,0.6397443,0.6963075,0.6440862,0.8789654,1,0.9834795,0.8245667,0,0,0,0,0,0,0,0,0,0,0,0,0,0,0,0,0,0,0,0,0,0,0,0.644287,0.7174715,0.7497697,0.7020714,0.80117,0.8022428,0.9621567,1,0.9015434,0,0,0,0,0,0,0,0,0,0,0,0,0,0,0
0,0,0,0,0,0,0,0,0,0,0,0,0,0,0.6346764,0.8152992,0.9920574,1,0.8603966,0.7438591,0.6173053,0,0,0,0,0,0,0,0,0,0,0,0,0,0,0,0,0,0,0,0,0,0,0,0,0.6996127,0.7523493,0.7398878,0.9223931,1,0.9113212,0,0,0,0,0,0,0,0,0,0,0,0,0,0,0
0,0,0,0,0,0,0,0,0,0,0,0,0,0,0.676335,0.7497633,1,0.9563928,0.8796147,0.8179215,0.6960604,0,0,0,0,0,0,0,0,0,0,0,0,0,0,0,0,0,0,0,0,0,0,0,0,0.5913379,0,0.6060809,0.9439176,1,0.8044643,0.7594975,0.6451536,0,0,0,0,0,0,0,0,0,0,0,0,0
0,0,0,0,0,0,0,0,0,0,0,0,0,0,0,0.8727222,1,0.9787317,0.766546,0.8643579,0.8671829,0.8146551,0.7799758,0.7777117,0.7524657,0.7220771,0,0,0,0,0,0,0,0,0,0,0,0,0,0,0,0,0,0,0,0.6645198,0.6680989,0.7488427,0.9602726,1,0.8810637,0.9013667,0.8223233,0.730466,0,0,0,0,0,0,0,0,0,0,0,0
0,0,0,0,0,0,0,0,0,0,0,0,0,0.611453,0.6780881,0.8218957,1,0.9725595,0.7506486,0.8620948,0.8679132,0.7978146,0.8116257,0.764504,0.789544,0.7781273,0.8157813,0.7614765,0.6686781,0,0,0,0,0,0,0,0,0,0,0,0,0,0,0,0.5911615,0.6606519,0.6583999,0,0.9351939,1,0.936042,0.9008429,0.7979815,0.6432577,0.7214013,0.6975059,0.6900979,0.6935717,0.6684809,0.663274,0.6448933,0,0,0,0,0
0,0,0,0,0,0,0,0,0,0,0,0.6252635,0.6853613,0.719127,0.8478711,0.8634776,1,0.9955332,0.8119566,0.8757796,0.8558012,0.8643575,0.7953852,0.7692658,0.8360169,0.8194837,0.8156937,0.7446036,0.5964824,0,0,0,0,0,0,0,0,0,0,0,0,0,0,0,0.6250873,0.717495,0.7196314,0.587755,0.9350828,1,0.9105681,0.7966561,0.8316309,0.773352,0.815707,0.7710076,0.7645757,0.7371354,0.637704,0.6113759,0.6051267,0.5707042,0,0,0,0
0,0,0,0,0,0,0,0,0,0,0,0,0.6583622,0.7874196,0.7758504,0.885213,1,0.9812128,0.7288006,0.7933064,0.699215,0.7390695,0,0.7539234,0.7752038,0.6855615,0.6885269,0.6667944,0.6728907,0.6118456,0,0,0,0,0,0,0,0,0,0,0,0,0,0,0,0.7282345,0.7723897,0.7865496,0.9454681,1,0.8640561,0.8117523,0.7499802,0.7927687,0.7874194,0.6738592,0.7141714,0.6535433,0.6284223,0.6390057,0,0,0,0,0,0
0,0,0,0,0,0,0,0,0,0,0,0.621605,0.6618195,0.69226,0.8189872,0.8103132,1,0.9873978,0.8276907,0.7556032,0.8196963,0.8082986,0.7412694,0.7498402,0.7522386,0.7042959,0.6726008,0.601409,0,0,0,0,0,0,0,0,0,0,0,0,0,0,0,0,0.6340451,0.6207685,0,0.6037697,0.9259575,1,0.8717783,0.800605,0.796405,0.7207883,0.6281145,0,0.5651572,0.5840158,0.6018459,0,0,0,0,0,0,0
0,0,0,0,0,0,0,0,0,0,0,0,0,0,0.8682666,0.9507721,0.9786822,1,0,0,0,0,0,0,0,0,0,0,0,0,0,0,0,0,0,0,0,0,0,0,0,0,0,0,0,0,0,0,0.9559003,1,0.9213595,0.7948686,0,0,0,0,0,0,0,0,0,0,0,0,0,0
0,0,0,0,0,0,0,0,0,0,0,0.6048533,0.6242686,0.6081202,0.8086091,0.8622844,1,0.967427,0.7292541,0,0,0,0,0,0,0,0,0,0,0,0,0,0,0,0,0,0,0,0,0,0,0,0,0,0,0.6443729,0.7360436,0.7829872,0.9363166,1,0.8772618,0.5740511,0,0,0,0,0,0,0,0,0,0,0,0,0,0
0,0,0,0,0,0,0,0,0,0,0,0,0.5328404,0.6643711,0.8404078,0.9226927,1,0.9922852,0.7676288,0,0,0,0,0,0,0,0,0,0,0,0,0,0,0,0,0,0,0,0,0,0,0,0,0,0,0,0.5853888,0.7675076,0.9597489,1,0.8766203,0.5611278,0,0,0,0,0,0,0,0,0,0,0,0,0,0
