GestureName: x
Duration(ms): 1410
Handedness: right

SpeakerAngles: 2
55
-55

InterpretedPoints: 30
0,0
0,0
0,0
0,0
0,0
0,0
0,0
-0.806707284111599,-0.564862521463624
-1.6134145682232,-1.12972504292725
0.806707284111599,-3.95403765024536
-1.6134145682232,-5.64862521463624
-0.806707284111599,-6.21348773609986
0,-3.38917512878174
0,0
0,0
0,0
1.6134145682232,1.12972504292725
3.2268291364464,-1.12972504292725
7.26036555700439,-1.69458756439087
6.45365827289279,-2.25945008585449
1.6134145682232,-2.25945008585449
0,0
0.806707284111599,1.69458756439087
1.6134145682232,4.51890017170899
-1.6134145682232,9.03780034341798
0,10.1675253863452
-3.22682913644639,11.2972504292725
-4.84024370466959,7.90807530049073
-2.4201218523348,5.08376269317261
-0.806707284111599,1.69458756439087

StrokePoints: 31
177.666666666667,130.277777777778
177.666666666667,130.277777777778
177.666666666667,130.277777777778
177.666666666667,130.277777777778
177.666666666667,130.277777777778
177.666666666667,130.277777777778
177.666666666667,130.277777777778
177.666666666667,130.277777777778
178.473373950778,130.842640299241
180.086788519001,131.972365342169
179.28008123489,135.926402992414
180.893495803113,141.57502820705
181.700203087225,147.78851594315
181.700203087225,151.177691071932
181.700203087225,151.177691071932
181.700203087225,151.177691071932
181.700203087225,151.177691071932
180.086788519001,150.047966029005
176.859959382555,151.177691071932
169.599593825551,152.872278636323
163.145935552658,155.131728722177
161.532520984435,157.391178808032
161.532520984435,157.391178808032
160.725813700323,155.696591243641
159.1123991321,151.177691071932
160.725813700323,142.139890728514
160.725813700323,131.972365342169
163.95264283677,120.675114912896
168.792886541439,112.767039612405
171.213008393774,107.683276919233
172.019715677886,105.988689354842

Velocities: 30
0,0
0,0
0,0
0,0
0,0
0,0
0,0
-1,0
-2,0
-3,-4
-6,-4
-6,-5
-3,-3
0,0
0,0
0,0
2,0
1,-3
3,-6
2,-6
-1,-3
0,0
2,1
5,3
7,9
9,9
8,12
4,10
3,6
1,2

InverseVelocities: 30
0,0
0,0
0,0
0,0
0,0
0,0
0,0
0,0
0,0
0,0
0,1
0,1
0,0
0,0
0,0
0,0
0,0
0,0
0,0
-2,0
0,0
0,0
0,0
0,0
0,0
0,0
-3,0
-1,0
-2,0
-1,0

RawData: 30
0,0,0,0,0,0,0,0,0,0,0,0,0,0,0,0.8771265,1,0.9648761,0.8813047,0,0,0,0,0,0,0,0,0,0,0,0,0,0,0,0,0,0,0,0,0,0,0,0,0,0,0,0,0,0.9576355,1,0.9018462,0,0,0,0,0,0,0,0,0,0,0,0,0,0,0
0,0,0,0,0,0,0,0,0,0,0,0,0,0,0,0.8428463,1,0.9956298,0.8301498,0,0,0,0,0,0,0,0,0,0,0,0,0,0,0,0,0,0,0,0,0,0,0,0,0,0,0,0,0.6577353,0.9477746,1,0.8979387,0,0,0,0,0,0,0,0,0,0,0,0,0,0,0
0,0,0,0,0,0,0,0,0,0,0,0,0,0,0,0.8554946,1,0.986706,0.7943769,0,0,0,0,0,0,0,0,0,0,0,0,0,0,0,0,0,0,0,0,0,0,0,0,0,0,0,0,0.6464035,0.9497464,1,0.897344,0,0,0,0,0,0,0,0,0,0,0,0,0,0,0
0,0,0,0,0,0,0,0,0,0,0,0,0,0,0,0.8630862,1,0.9797291,0.7721933,0,0,0,0,0,0,0,0,0,0,0,0,0,0,0,0,0,0,0,0,0,0,0,0,0,0,0,0,0.6291223,0.9446303,1,0.89189,0,0,0,0,0,0,0,0,0,0,0,0,0,0,0
0,0,0,0,0,0,0,0,0,0,0,0,0,0,0,0.8507412,0.9846244,1,0.8066109,0,0,0,0,0,0,0,0,0,0,0,0,0,0,0,0,0,0,0,0,0,0,0,0,0,0,0,0,0,0.9422182,1,0.8999186,0,0,0,0,0,0,0,0,0,0,0,0,0,0,0
0,0,0,0,0,0,0,0,0,0,0,0,0,0,0.6809883,0.8989902,1,0.9814047,0.780826,0,0,0,0,0,0,0,0,0,0,0,0,0,0,0,0,0,0,0,0,0,0,0,0,0,0,0,0,0.6596387,0.9471802,1,0.8949267,0,0,0,0,0,0,0,0,0,0,0,0,0,0,0
0,0,0,0,0,0,0,0,0,0,0,0,0,0.6625758,0.8320342,0.8618577,1,0.9846734,0.7555032,0,0,0,0,0,0,0,0,0,0,0,0,0,0,0,0,0,0,0,0,0,0,0,0,0,0,0,0,0.7014421,0.9560527,1,0.8913591,0.5914746,0,0,0,0,0,0,0,0,0,0,0,0,0,0
0,0,0,0,0,0,0,0,0,0,0,0,0.7156551,0.8322973,0.9026498,0.8697082,1,0.9879199,0.7781752,0.5868433,0,0,0,0,0,0,0,0,0,0,0,0,0,0,0,0,0,0,0,0,0,0,0,0,0,0,0.5872296,0.6650013,0.9443751,1,0.8839263,0.6101099,0,0,0,0,0,0,0,0,0,0,0,0,0,0
0,0,0,0,0,0,0,0,0,0,0,0.721331,0.7400749,0.7558124,0.8086501,0.8404149,1,0.9907227,0.8109375,0,0,0,0,0,0,0,0,0,0,0,0,0,0,0,0,0,0,0,0,0,0,0,0,0,0,0,0.7108408,0.7745985,0.9154658,1,0.8955252,0.7001807,0.6763321,0,0,0,0,0,0,0,0,0,0,0,0,0
0,0,0,0,0,0,0,0,0,0,0.6777076,0.7469159,0.7429705,0.7599947,0,0.8254437,1,0.9920045,0.7812493,0,0,0,0,0,0,0,0,0,0,0,0,0,0,0,0,0,0,0,0,0,0,0,0.6386973,0.6761619,0.6656346,0.6473072,0.8108227,0.8729076,0.929834,1,0.9078119,0,0.6305624,0,0,0,0,0,0,0,0,0,0,0,0,0
0,0,0,0,0,0,0,0.5709349,0.6082065,0.6473807,0.6966751,0.7099733,0.682229,0.7210823,0.7847881,0.7881979,1,0.9878297,0.7905501,0,0,0,0,0,0,0,0,0,0,0,0,0,0,0,0,0,0,0,0,0,0,0,0.6773564,0.7101043,0.711385,0.7314216,0.8008269,0.8385502,0.9496865,1,0.8746329,0,0.5461339,0.5429526,0,0,0,0,0,0,0,0,0,0,0,0
0,0,0,0,0,0,0,0.5948889,0,0.6426091,0.6797864,0.8011445,0.7966933,0.5961506,0.7220025,0.8342094,1,0.9629229,0.6398016,0.5835775,0,0,0,0,0,0,0,0,0,0,0,0,0,0,0,0,0,0,0,0,0,0.6033564,0.6723579,0.7356793,0.7364187,0.7216053,0.7549791,0.77592,0.9496448,1,0.8862242,0.6462283,0.6180317,0.5850098,0,0,0,0,0,0,0,0,0,0,0,0
0,0,0,0,0,0,0,0,0,0,0.6379279,0.7101929,0.7738135,0.7891493,0.755564,0.8290077,1,0.9855728,0.7892139,0,0,0,0,0,0,0,0,0,0,0,0,0,0,0,0,0,0,0,0,0,0,0,0,0.6485951,0.736458,0.7292224,0.67757,0,0.9430211,1,0.8994724,0.6156318,0,0,0,0,0,0,0,0,0,0,0,0,0,0
0,0,0,0,0,0,0,0,0,0,0,0,0,0.6184899,0.741434,0.8748636,1,0.989886,0.8061255,0,0,0,0,0,0,0,0,0,0,0,0,0,0,0,0,0,0,0,0,0,0,0,0,0,0,0,0.6126995,0.7047316,0.9444067,1,0.8894861,0,0,0,0,0,0,0,0,0,0,0,0,0,0,0
0,0,0,0,0,0,0,0,0,0,0,0,0,0,0,0.7998503,1,0.9831392,0.76077,0.6041029,0,0,0,0,0,0,0,0,0,0,0,0,0,0,0,0,0,0,0,0,0,0,0,0,0,0,0,0.7103223,0.949764,1,0.8831009,0.5624059,0,0,0,0,0,0,0,0,0,0,0,0,0,0
0,0,0,0,0,0,0,0,0,0,0,0,0,0,0,0.8265725,1,0.9958971,0.841288,0.6776736,0,0,0,0,0,0,0,0,0,0,0,0,0,0,0,0,0,0,0,0,0,0,0,0,0,0,0,0.6443092,0.9440031,1,0.9002694,0.6282506,0,0,0,0,0,0,0,0,0,0,0,0,0,0
0,0,0,0,0,0,0,0,0,0,0,0,0,0,0,0.8304285,1,0.9805408,0.7835172,0.8084942,0.7584601,0.6395616,0,0,0,0,0,0,0,0,0,0,0,0,0,0,0,0,0,0,0,0,0,0,0,0,0.6162181,0.695582,0.9482501,1,0.8888009,0.6755604,0,0,0,0,0,0,0,0,0,0,0,0,0,0
0,0,0,0,0,0,0,0,0,0,0,0,0,0,0.6547428,0.8289382,1,0.9941059,0.8090104,0.7249383,0.6253275,0,0,0,0,0,0,0,0,0,0,0,0,0,0,0,0,0,0,0,0,0,0,0.6546494,0.6532256,0.6824762,0.6856974,0.7312111,0.9481973,1,0.8984175,0,0,0,0,0,0,0,0,0,0,0,0,0,0,0
0,0,0,0,0,0,0,0,0,0,0,0,0,0.6665527,0.6656317,0.8399438,1,0.985282,0.7210037,0.6024919,0.5862137,0.6048208,0.5667962,0,0,0,0,0,0,0,0,0,0,0,0,0,0,0,0,0,0.6027447,0.6654069,0.6405538,0.5854452,0.7475703,0.7377483,0.6780908,0,0.9299455,1,0.8982292,0.6754968,0.5748395,0,0,0,0,0,0,0,0,0,0,0,0,0
0,0,0,0,0,0,0,0,0,0,0,0.6234478,0.7657635,0.7794138,0.73874,0.8488359,1,0.9927039,0.7762451,0.7680376,0.6702708,0.580779,0,0,0,0,0,0,0,0,0,0,0,0,0,0,0,0,0,0,0.5780163,0.6975858,0.7537715,0.7864594,0.7668998,0.6044063,0.6489686,0.731007,0.9495941,1,0.8721423,0.7432309,0.5652105,0,0,0,0,0,0,0,0,0,0,0,0,0
0,0,0,0,0,0,0,0,0,0,0,0,0.7402176,0.7964419,0.8283953,0.8846945,1,0.9817196,0.7831219,0.7568586,0,0,0,0,0,0,0,0,0,0,0,0,0,0,0,0,0,0,0,0,0,0,0,0.7094691,0.7517412,0,0.7491143,0.7395719,0.9482859,1,0.894753,0.7709524,0,0,0,0,0,0,0,0,0,0,0,0,0,0
0,0,0,0,0,0,0,0,0,0,0,0,0,0,0.6587332,0.8394666,1,0.9927676,0.8279071,0.6479543,0,0,0,0,0,0,0,0,0,0,0,0,0,0,0,0,0,0,0,0,0,0,0,0,0,0,0.6250675,0.7029564,0.9458808,1,0.8970838,0.6785406,0,0,0,0,0,0,0,0,0,0,0,0,0,0
0,0,0,0,0,0,0,0,0,0,0,0,0,0,0,0.8445066,1,0.9845355,0.8175352,0.7339544,0.6767341,0.6681275,0,0,0,0,0,0,0,0,0,0,0,0,0,0,0,0,0,0,0,0,0,0,0,0,0,0.6787702,0.9483473,1,0.9105129,0.7941037,0.7595612,0.6984264,0,0,0,0,0,0,0,0,0,0,0,0
0,0,0,0,0,0,0,0,0,0,0,0,0,0,0,0.8422713,1,0.9799123,0.7366189,0.7680753,0.7858936,0.8103512,0.7925076,0.7665339,0.7031153,0,0,0,0,0,0,0,0,0,0,0,0,0,0,0,0,0,0,0,0,0,0,0.6299853,0.9439134,1,0.8992489,0.7491733,0.7764788,0.747558,0.6187294,0.6508083,0,0,0,0,0,0,0,0,0,0
0,0,0,0,0,0,0,0,0,0,0,0,0,0.6258462,0.6771426,0.7852311,1,0.9914089,0.815577,0.7886547,0.78294,0.7161055,0.7342517,0.7073817,0.8060933,0.7763739,0.701014,0,0,0,0,0,0,0,0,0,0,0,0,0,0,0,0,0,0,0,0.5557212,0.6148826,0.9354923,1,0.8892598,0.6474211,0.6679011,0.6095415,0.6358653,0.5818749,0.6243981,0.6141158,0.6560286,0.6382398,0.5730323,0.5598544,0,0,0,0
0,0,0,0,0,0,0,0,0,0,0,0,0,0,0.6408343,0.8423879,1,0.9805712,0.8009924,0.7985697,0.8141193,0.8034325,0.727869,0.7492557,0.793814,0.7172483,0.651811,0.6917647,0.660207,0,0,0,0,0,0,0,0,0,0,0,0,0,0,0,0,0,0,0,0.9475254,1,0.8949055,0,0.7589312,0.7830787,0.7445199,0.6229142,0.6736186,0.7409781,0.7218571,0.6918446,0.7795073,0.7549424,0,0,0,0
0,0,0,0,0,0,0,0,0,0,0.5839355,0.6114638,0.6329491,0.7172672,0.707235,0.85985,1,0.9823442,0.7693331,0.7621305,0.7293075,0.7384005,0.7626878,0.7372255,0.7904532,0.7199908,0.6371601,0.5943304,0,0,0,0,0,0,0,0,0,0,0,0,0,0,0,0,0,0,0,0.6676556,0.9427342,1,0.8959975,0.6718798,0.5754389,0.7356886,0,0.769488,0.796606,0.8024131,0.763324,0.7760251,0.8269376,0.7257811,0.7728688,0.7335259,0.6263627,0
0,0,0,0,0,0,0,0,0,0,0,0,0.6805942,0.6586485,0.7821257,0.8682813,1,0.9725144,0.7558835,0.7458076,0,0.7266294,0.7520081,0.6708191,0,0,0,0,0,0,0,0,0,0,0,0,0,0,0,0,0,0,0,0,0,0,0.6372178,0.7218093,0.9450856,1,0.8982358,0.6379917,0.6914545,0.8203821,0.8414683,0.790018,0.7514589,0.74726,0.7872646,0.6524988,0.7276921,0.7626997,0.6990082,0,0,0
0,0,0,0,0,0,0,0,0,0,0,0.5924504,0.6289026,0.6673698,0.7549396,0.7839835,1,0.9985115,0.8217244,0.7876272,0.673183,0.6160257,0.6114854,0,0,0,0,0,0,0,0,0,0,0,0,0,0,0,0,0,0,0,0,0,0,0,0,0.6190062,0.93489,1,0.8767421,0.7788888,0.6658947,0.7894684,0.7374891,0.6283714,0.6834682,0.7173936,0.6651176,0,0,0,0,0,0,0
0,0,0,0,0,0,0,0,0,0,0,0,0.6011048,0,0.5741012,0.821953,1,0.9818439,0.7458667,0.6069235,0.5667503,0,0,0,0,0,0,0,0,0,0,0,0,0,0,0,0,0,0,0,0,0,0,0,0,0,0,0,0.9303227,1,0.8968801,0.7700797,0.7748121,0.7556146,0.6210108,0,0,0,0,0,0,0,0,0,0,0
