GestureName: mu
Duration(ms): 1410
Handedness: right

SpeakerAngles: 2
55
-55

InterpretedPoints: 30
0,0
0,0
0,0
0,0
0,0
0,0
0,0
0,2.25945008585449
1.6134145682232,4.51890017170899
0,7.90807530049073
1.6134145682232,9.03780034341798
3.22682913644639,11.2972504292725
1.6134145682232,10.1675253863452
2.4201218523348,3.95403765024536
1.6134145682232,3.38917512878174
0.806707284111599,5.08376269317261
6.45365827289279,-1.12972504292725
-3.2268291364464,-3.38917512878174
-0.806707284111599,-5.08376269317261
1.6134145682232,-1.12972504292725
0.806707284111599,0.564862521463624
0.806707284111599,2.82431260731812
0.806707284111599,5.08376269317261
-3.2268291364464,9.03780034341798
-0.806707284111599,6.21348773609986
0.806707284111599,3.95403765024536
0,0
0,0
0,0
0,0

StrokePoints: 31
177.666666666667,130.277777777778
177.666666666667,130.277777777778
177.666666666667,130.277777777778
177.666666666667,130.277777777778
177.666666666667,130.277777777778
177.666666666667,130.277777777778
177.666666666667,130.277777777778
177.666666666667,130.277777777778
177.666666666667,128.018327691923
176.053252098443,123.499427520214
176.053252098443,115.591352219724
174.43983753022,106.553551876306
171.213008393774,95.2563014470332
169.599593825551,85.0887760606879
167.179471973216,81.1347384104426
165.566057404993,77.7455632816608
164.759350120881,72.6618005884882
158.305691847988,73.7915256314155
161.532520984435,77.1807007601972
162.339228268546,82.2644634533698
160.725813700323,83.3941884962971
159.919106416212,82.8293259748334
159.1123991321,80.0050133675153
158.305691847988,74.9212506743427
161.532520984435,65.8834503309247
162.339228268546,59.6699625948249
161.532520984435,55.7159249445795
161.532520984435,55.7159249445795
161.532520984435,55.7159249445795
161.532520984435,55.7159249445795
161.532520984435,55.7159249445795

Velocities: 30
0,0
0,0
0,0
0,0
0,0
0,0
0,0
2,2
5,3
7,7
9,7
12,8
10,8
5,2
4,2
5,4
3,-5
-5,-1
-5,-4
0,-2
1,0
3,2
5,4
6,10
5,6
4,3
0,0
0,0
0,0
0,0

InverseVelocities: 30
0,0
0,0
0,0
0,0
0,0
0,0
0,0
0,0
0,0
0,0
0,0
-1,-4
-2,-5
-1,-5
-3,-4
-7,-5
-6,0
0,0
0,0
0,0
0,0
0,0
0,0
-4,0
-4,-5
0,-3
0,0
0,0
0,0
0,0

RawData: 30
0,0,0,0,0,0,0,0,0,0,0,0,0,0,0.8920987,0.953014,1,0.9944342,0,0,0,0,0,0,0,0,0,0,0,0,0,0,0,0,0,0,0,0,0,0,0,0,0,0,0,0,0,0,0.9446829,1,0.9184437,0,0,0,0,0,0,0,0,0,0,0,0,0,0,0
0,0,0,0,0,0,0,0,0,0,0,0,0,0,0.7139465,0.9107763,1,0.9653254,0.7321813,0,0,0,0,0,0,0,0,0,0,0,0,0,0,0,0,0,0,0,0,0,0,0,0,0,0,0,0,0.6586561,0.9374008,1,0.8928596,0,0,0,0,0,0,0,0,0,0,0,0,0,0,0
0,0,0,0,0,0,0,0,0,0,0,0,0,0,0,0.8376751,1,0.9830876,0.7372948,0,0,0,0,0,0,0,0,0,0,0,0,0,0,0,0,0,0,0,0,0,0,0,0,0,0,0,0,0.5852488,0.9343808,1,0.8835138,0,0,0,0,0,0,0,0,0,0,0,0,0,0,0
0,0,0,0,0,0,0,0,0,0,0,0,0,0,0,0.7820514,1,0.9947217,0.7223802,0,0,0,0,0,0,0,0,0,0,0,0,0,0,0,0,0,0,0,0,0,0,0,0,0,0,0,0,0.6677451,0.9515077,1,0.8769741,0,0,0,0,0,0,0,0,0,0,0,0,0,0,0
0,0,0,0,0,0,0,0,0,0,0,0,0,0,0,0.8532032,1,0.9822556,0.7781522,0,0,0,0,0,0,0,0,0,0,0,0,0,0,0,0,0,0,0,0,0,0,0,0,0,0,0,0,0.6801508,0.9496735,1,0.8897603,0,0,0,0,0,0,0,0,0,0,0,0,0,0,0
0,0,0,0,0,0,0,0,0,0,0,0,0,0,0,0.8158681,1,0.9864599,0.7835267,0,0,0,0,0,0,0,0,0,0,0,0,0,0,0,0,0,0,0,0,0,0,0,0,0,0,0,0,0,0.9309694,1,0.9171097,0.6671688,0,0,0,0,0,0,0,0,0,0,0,0,0,0
0,0,0,0,0,0,0,0,0,0,0,0,0,0,0,0.8031512,1,0.9742309,0.8196211,0.7500039,0,0,0,0,0,0,0,0,0,0,0,0,0,0,0,0,0,0,0,0,0,0,0,0,0,0,0,0,0.9438042,1,0.8701891,0.8673509,0.755976,0,0,0,0,0,0,0,0,0,0,0,0,0
0,0,0,0,0,0,0,0,0,0,0,0,0,0,0,0.8013226,1,0.9850047,0,0.7487978,0.793707,0.694666,0,0,0,0,0,0,0,0,0,0,0,0,0,0,0,0,0,0,0,0,0,0,0,0,0,0,0.9344996,1,0.868608,0.7837685,0.81978,0.6756602,0.6524421,0,0,0,0,0,0,0,0,0,0,0
0,0,0,0,0,0,0,0,0,0,0,0,0,0,0,0.8084019,1,0.9807015,0.6771677,0.6701087,0.757215,0.7387441,0.7117215,0.6778131,0.6055542,0,0,0,0,0,0,0,0,0,0,0,0,0,0,0,0,0,0,0,0,0,0,0,0.9268682,1,0.8693345,0.712189,0.8270546,0.8145674,0.7547131,0.7583275,0,0,0,0,0,0,0,0,0,0
0,0,0,0,0,0,0,0,0,0,0,0,0,0,0.604798,0.782748,1,0.9987854,0.8269033,0.7116762,0.6656286,0.6893814,0.7322937,0,0.7150307,0.6062635,0.6677628,0,0,0,0,0,0,0,0,0,0,0,0,0,0,0,0,0,0,0,0,0.5997338,0.9283069,1,0.8757281,0.7739688,0.7178033,0.7846675,0.7724937,0.8034267,0.8029252,0.8081104,0.7672383,0.6433813,0,0,0,0,0,0
0,0,0,0,0,0,0,0,0,0,0,0,0,0.6913748,0.6891554,0.8092707,1,0.9882488,0.7526779,0,0.7897738,0.8387837,0.8092834,0.7755744,0.6676711,0.7863742,0.7766727,0.702214,0.6388126,0,0,0,0,0,0,0,0,0,0,0,0,0,0,0,0,0,0,0,0.9391299,1,0.8349771,0.8065356,0.6853458,0.642534,0.7363401,0.739983,0.7230016,0.7155366,0.7572584,0.6733233,0,0,0,0,0,0
0,0,0,0,0,0,0,0,0,0,0,0,0.6888795,0.730855,0.68351,0.8036851,0.996856,1,0.8651792,0.8005539,0.7921591,0.6137857,0.7226442,0.8053114,0.8323313,0.8346304,0.7493738,0.6105654,0.6671605,0,0.5866646,0.6045246,0.6388606,0,0,0,0,0,0,0,0,0,0.5717157,0.6051483,0.5951199,0.6383922,0.6799741,0.727626,0.9558349,1,0.8791654,0.8176062,0.8247948,0.741443,0.7465359,0.7244033,0.7408989,0.7193787,0.6917821,0.6710274,0.6438284,0,0,0,0,0
0,0,0,0,0,0,0,0,0,0,0,0.66574,0.6667588,0.6277711,0.6583714,0.8282031,1,0.9597983,0.8261552,0.8301921,0.8568561,0.7126359,0.6756944,0.6869242,0.7337717,0.632632,0.6873377,0.7163283,0.7097929,0.6334336,0,0,0,0,0,0,0,0,0,0,0,0.6361544,0.7015633,0.7134665,0.6580569,0.7813466,0.8649413,0.7753402,0.9151788,1,0.8856003,0.7644967,0.7921692,0.6926587,0,0.6898606,0,0,0.6196594,0.6695234,0.6650566,0,0,0,0,0
0,0,0,0,0,0,0,0,0,0,0,0,0.6139169,0.6255164,0.7086126,0.8269165,1,0.9803106,0.7665023,0.8044901,0.8104123,0.7360595,0.6953248,0.6833808,0.6148429,0,0,0,0,0,0,0,0,0,0,0,0,0,0,0,0,0.6505175,0.6762275,0.7336343,0.754315,0.8485707,0.8712769,0.7574555,0.9330449,1,0.880792,0,0,0.627076,0.5972627,0,0,0,0,0,0,0,0,0,0,0
0,0,0,0,0,0,0,0,0,0,0.617433,0.6143842,0,0,0.6603597,0.8242344,1,0.9971201,0.8548611,0.7838822,0.6833238,0.7947216,0.7901976,0.7301999,0,0,0,0,0,0,0,0,0,0,0,0,0,0,0,0,0,0,0.5962152,0.648597,0,0.680037,0.7198222,0.598232,0.9390827,1,0.8975143,0.6084079,0.7136725,0.7585597,0.7078432,0,0,0,0,0,0,0,0,0,0,0
0,0,0,0,0,0,0.6523943,0.6388671,0.717795,0.7302694,0.6593562,0.6893434,0,0.6656188,0.6390141,0.8468593,1,0.9874544,0.7987712,0.7742683,0.7388553,0.9037824,0.8853953,0.7317144,0.6640682,0,0,0,0,0,0,0,0,0,0,0,0,0,0,0,0,0.7238368,0.7472546,0,0.6491785,0.6828099,0.7534594,0.7346516,0.942641,1,0.8854485,0.6693294,0.6723316,0.784972,0.7634411,0.6741536,0.6430737,0,0,0,0,0,0,0,0,0
0,0,0,0,0,0,0,0.7130067,0,0.7274571,0.7069075,0,0,0,0.7888774,0.8673677,1,0.988417,0.8574112,0.8482502,0.8413001,0.799081,0.7521775,0,0,0,0,0,0,0,0,0,0,0,0,0,0,0,0,0,0,0.7477019,0.7765116,0,0.8042527,0.7558799,0.8059162,0.7585843,0.948841,1,0.8794403,0.750877,0,0,0,0,0,0,0,0,0,0,0,0,0,0
0,0,0,0,0,0,0,0,0.7010428,0.7506817,0.7372523,0,0,0.7313527,0.7043118,0.8433313,1,0.9901615,0.8037228,0,0,0,0,0,0,0,0,0,0,0,0,0,0,0,0,0,0,0,0,0,0,0,0,0,0,0.8002251,0.7605681,0.7825044,0.9316525,1,0.9065349,0.7781843,0.6979377,0,0,0,0,0,0,0,0,0,0,0,0,0
0,0,0,0,0,0,0,0,0.6775979,0.7913225,0.7868056,0.7579049,0.7888376,0.8186151,0.8379741,0.90439,1,0.9681502,0.7558105,0,0,0,0,0,0,0,0,0,0,0,0,0,0,0,0,0,0,0,0,0,0,0,0.6526579,0.7036461,0.7324548,0.7742284,0.7783121,0.7465657,0.9393998,1,0.8952787,0.6918158,0,0,0,0,0,0,0,0,0,0,0,0,0,0
0,0,0,0,0,0,0,0,0,0,0,0,0,0.8601592,0.872445,0.8793131,1,0.9815527,0.7812893,0,0,0,0,0,0,0,0,0,0,0,0,0,0,0,0,0,0,0,0,0,0,0,0,0,0.7698493,0.8138639,0.8415238,0.8395014,0.9554791,1,0.892465,0,0,0,0,0,0,0,0,0,0,0,0,0,0,0
0,0,0,0,0,0,0,0,0,0,0,0,0,0,0,0.8556415,1,0.9797106,0,0.8310162,0.8158151,0,0,0,0,0,0,0,0,0,0,0,0,0,0,0,0,0,0,0,0,0,0,0,0,0,0,0,0.9434488,1,0.8971349,0,0,0,0,0,0,0,0,0,0,0,0,0,0,0
0,0,0,0,0,0,0,0,0,0,0,0,0,0,0,0.8325244,1,0.9853317,0.8917103,0.9304668,0.8880299,0.8105327,0.8350996,0,0,0,0,0,0,0,0,0,0,0,0,0,0,0,0,0,0,0,0,0,0,0,0,0.7357553,0.9464133,1,0.8732838,0.8042997,0.7995712,0.7772623,0.7019035,0,0,0,0,0,0,0,0,0,0,0
0,0,0,0,0,0,0,0,0,0,0,0,0,0.6582961,0.6526405,0.7993262,1,0.9976457,0.8562756,0.7297887,0.7242691,0.8708299,0.8289328,0.6966881,0.6526223,0,0,0,0,0,0,0,0,0,0,0,0,0,0,0,0,0,0,0,0,0,0,0,0.9419875,1,0.8806309,0.6971563,0.6956667,0.7934909,0.8211756,0.6986197,0.6467713,0,0,0,0,0,0,0,0,0
0,0,0,0,0,0,0,0,0,0.6788752,0.7588741,0.8201517,0.8011336,0.7851142,0.8179229,0.8832949,1,0.9678268,0.7586349,0.7354716,0.8233999,0.8586182,0.8316074,0.7503204,0.7543862,0.7660679,0,0,0,0,0,0,0,0,0,0,0,0,0,0,0,0,0,0,0,0,0.6646543,0.6813722,0.9455608,1,0.9115115,0.7673724,0,0.6739204,0.7446447,0.8170909,0.7933345,0.6864513,0,0,0.6870039,0.7003976,0.6619893,0,0,0
0,0,0,0,0,0,0,0,0,0.7152377,0.7699367,0.8356344,0.8208452,0.7453409,0.8461848,0.9167971,1,0.9851767,0.6708145,0.7506504,0,0.6715445,0.7098796,0.6863791,0.7644482,0,0,0,0,0,0,0,0,0,0,0,0,0,0,0,0,0.6612794,0.7294189,0.664782,0,0,0.7180087,0.7430975,0.9540355,1,0.8796471,0.6990365,0.6791039,0.7347074,0.7084293,0.7719817,0.7089301,0.6638632,0.6697022,0,0,0,0,0,0,0
0,0,0,0,0,0,0,0,0,0,0,0,0,0.8012358,0.8449075,0.8219793,1,0.9943483,0.8261963,0.7627189,0.7602448,0.7620674,0.7534581,0.7303842,0,0,0,0,0,0,0,0,0,0,0,0,0,0,0,0,0,0,0,0.738067,0.791055,0.8259545,0.8214443,0,0.9390655,1,0.886552,0.7917602,0.7923319,0.7586325,0.7206066,0.6975368,0,0,0,0,0,0,0,0,0,0
0,0,0,0,0,0,0,0,0,0,0,0,0,0.6914654,0.8126481,0.9161908,1,0.9698839,0.6869524,0,0,0,0,0,0,0,0,0,0,0,0,0,0,0,0,0,0,0,0,0,0,0,0,0,0,0,0.6943952,0.7541412,0.9521347,1,0.8525236,0.6905857,0,0,0,0,0,0,0,0,0,0,0,0,0,0
0,0,0,0,0,0,0,0,0,0,0,0,0,0,0,0.8970366,1,0.9821742,0.7902299,0,0,0,0,0,0,0,0,0,0,0,0,0,0,0,0,0,0,0,0,0,0,0,0,0,0,0,0,0.7052397,0.9425642,1,0.9423831,0.8225114,0,0,0,0,0,0,0,0,0,0,0,0,0,0
0,0,0,0,0,0,0,0,0,0,0,0,0,0,0.6470206,0.827577,1,0.9774053,0.7761049,0.6483374,0,0,0,0,0,0,0,0,0,0,0,0,0,0,0,0,0,0,0,0,0,0,0,0,0,0,0.5920774,0.6594812,0.9430779,1,0.8893814,0.8647625,0.6846015,0,0,0,0,0,0,0,0,0,0,0,0,0
0,0,0,0,0,0,0,0,0,0,0,0,0,0,0,0.8216174,1,0.9966132,0.8401646,0.6678659,0,0,0,0,0,0,0,0,0,0,0,0,0,0,0,0,0,0,0,0,0,0,0,0,0,0,0,0,0.9542467,1,0.77123,0.8573036,0,0,0,0,0,0,0,0,0,0,0,0,0,0
