GestureName: mu
Duration(ms): 1316
Handedness: right

SpeakerAngles: 2
55
-55

InterpretedPoints: 28
0,0
0,0
0,0
0,0
0,0
0,0
0,0
0.806707284111599,0.564862521463624
-0.806707284111599,1.69458756439087
0.806707284111599,6.21348773609986
-0.806707284111599,8.47293782195435
0.806707284111599,8.47293782195435
-1.6134145682232,12.4269754721997
10.4871946934508,3.95403765024536
9.68048740933918,0
8.87378012522759,-1.69458756439087
8.06707284111599,-2.25945008585449
8.06707284111599,-4.51890017170899
0,-6.77835025756348
0,-4.51890017170899
0,0
0.806707284111599,2.82431260731812
1.6134145682232,6.77835025756348
1.6134145682232,10.1675253863452
1.6134145682232,7.90807530049073
0.806707284111599,5.08376269317261
1.6134145682232,3.38917512878174
-1.6134145682232,-3.38917512878174

StrokePoints: 29
177.666666666667,130.277777777778
177.666666666667,130.277777777778
177.666666666667,130.277777777778
177.666666666667,130.277777777778
177.666666666667,130.277777777778
177.666666666667,130.277777777778
177.666666666667,130.277777777778
177.666666666667,130.277777777778
176.859959382555,129.712915256314
177.666666666667,128.018327691923
176.859959382555,121.804839955823
177.666666666667,113.331902133869
176.859959382555,104.858964311915
178.473373950778,92.431988839715
167.986179257327,88.4779511894696
158.305691847988,88.4779511894696
149.431911722761,90.1725387538605
141.364838881645,92.431988839715
133.297766040529,96.950889011424
133.297766040529,103.729239268987
133.297766040529,108.248139440696
133.297766040529,108.248139440696
132.491058756417,105.423826833378
130.877644188194,98.6454765758149
129.264229619971,88.4779511894697
127.650815051748,80.5698758889789
126.844107767636,75.4861131958063
125.230693199413,72.0969380670246
126.844107767636,75.4861131958063

Velocities: 28
0,0
0,0
0,0
0,0
0,0
0,0
0,0
1,0
1,2
6,5
7,8
8,7
10,12
10,-3
6,-6
4,-7
3,-7
1,-9
-6,-6
-4,-4
0,0
3,2
7,5
10,8
8,6
5,4
4,2
-4,-2

InverseVelocities: 28
0,0
0,0
0,0
0,0
0,0
0,0
0,0
0,0
0,0
0,0
0,0
0,0
0,-3
0,0
-3,0
-6,3
-8,3
-7,1
0,0
0,0
0,0
0,0
0,0
-3,0
-3,0
-6,-2
-6,-2
0,0

RawData: 28
0,0,0,0,0,0,0,0,0,0,0,0,0,0,0,0.8184143,1,0.9813377,0,0,0,0,0,0,0,0,0,0,0,0,0,0,0,0,0,0,0,0,0,0,0,0,0,0,0,0,0,0,0.9330612,1,0.8856273,0,0,0,0,0,0,0,0,0,0,0,0,0,0,0
0,0,0,0,0,0,0,0,0,0,0,0,0,0,0,0.8188101,1,0.9874607,0.7657167,0,0,0,0,0,0,0,0,0,0,0,0,0,0,0,0,0,0,0,0,0,0,0,0,0,0,0,0,0,0.9229218,1,0.9100738,0,0,0,0,0,0,0,0,0,0,0,0,0,0,0
0,0,0,0,0,0,0,0,0,0,0,0,0,0,0,0.8035209,1,0.9968217,0.7918718,0,0,0,0,0,0,0,0,0,0,0,0,0,0,0,0,0,0,0,0,0,0,0,0,0,0,0,0,0,0.9297605,1,0.9123769,0,0,0,0,0,0,0,0,0,0,0,0,0,0,0
0,0,0,0,0,0,0,0,0,0,0,0,0,0,0,0.7982767,1,0.9926433,0.7643687,0,0,0,0,0,0,0,0,0,0,0,0,0,0,0,0,0,0,0,0,0,0,0,0,0,0,0,0,0,0.9376535,1,0.8764584,0,0,0,0,0,0,0,0,0,0,0,0,0,0,0
0,0,0,0,0,0,0,0,0,0,0,0,0,0,0,0.8148698,1,0.9845187,0.7479773,0,0,0,0,0,0,0,0,0,0,0,0,0,0,0,0,0,0,0,0,0,0,0,0,0,0,0,0,0,0.9459872,1,0.8650418,0,0,0,0,0,0,0,0,0,0,0,0,0,0,0
0,0,0,0,0,0,0,0,0,0,0,0,0,0,0,0.8344465,1,0.9788552,0.731313,0,0,0,0,0,0,0,0,0,0,0,0,0,0,0,0,0,0,0,0,0,0,0,0,0,0,0,0,0,0.9478548,1,0.8862184,0,0,0,0,0,0,0,0,0,0,0,0,0,0,0
0,0,0,0,0,0,0,0,0,0,0,0,0,0,0,0.8180672,1,0.9849399,0.7542127,0,0,0,0,0,0,0,0,0,0,0,0,0,0,0,0,0,0,0,0,0,0,0,0,0,0,0,0,0.6022922,0.9389474,1,0.8914396,0.6918015,0,0,0,0,0,0,0,0,0,0,0,0,0,0
0,0,0,0,0,0,0,0,0,0,0,0,0,0,0,0.8050151,1,0.9936257,0.8725802,0.7464193,0.58395,0,0,0,0,0,0,0,0,0,0,0,0,0,0,0,0,0,0,0,0,0,0,0,0,0,0,0,0.9406223,1,0.8022608,0.8643632,0.7634692,0,0,0,0,0,0,0,0,0,0,0,0,0
0,0,0,0,0,0,0,0,0,0,0,0,0,0,0,0.8401945,1,0.9850633,0.8432004,0.7729883,0.8073818,0,0,0,0,0,0,0,0,0,0,0,0,0,0,0,0,0,0,0,0,0,0,0,0,0,0,0,0.9407413,1,0.8739739,0.8800707,0.8190852,0.7444916,0.7391903,0,0,0,0,0,0,0,0,0,0,0
0,0,0,0,0,0,0,0,0,0,0,0,0,0,0,0.8337775,1,0.9790263,0.7546785,0,0.7711183,0.7765678,0.7430089,0.7014171,0.658888,0.6769558,0,0,0,0,0,0,0,0,0,0,0,0,0,0,0,0,0,0,0,0,0,0.6524848,0.9457799,1,0.8523965,0.7528638,0.8153976,0.8452904,0.8082564,0.6573539,0.7030532,0.7024798,0,0,0,0,0,0,0,0
0,0,0,0,0,0,0,0,0,0,0,0,0,0.6999035,0.7029662,0.8255858,1,0.9958905,0.8433502,0.763778,0,0.6962724,0.7779953,0.760177,0,0.6765143,0.7023342,0,0,0,0,0,0,0,0,0,0,0,0,0,0,0,0,0,0,0,0,0.6874778,0.9502408,1,0.8612608,0.8143235,0.7608734,0.7372005,0.7686266,0.8128799,0.7173432,0.7329861,0,0.6590918,0.66864,0,0,0,0,0
0,0,0,0,0,0,0,0,0,0,0,0,0,0.6902182,0.6602609,0.8317829,1,0.9924008,0.8938434,0.8824503,0.8154399,0.8236741,0.8576016,0.7795094,0.7462225,0.8118453,0.7651696,0.6610577,0,0,0,0,0,0,0,0,0,0,0,0,0,0,0,0,0,0,0.6765287,0.6603181,0.9371247,1,0.8948909,0.6572405,0.7086734,0,0.6733225,0.7604161,0.745125,0,0,0.6903547,0,0,0,0,0,0
0,0,0,0,0,0,0,0,0,0,0,0,0,0.7224705,0.7316518,0.812462,1,0.9766913,0.8260059,0.8322985,0.8302289,0.8289446,0.795255,0.7279794,0.6499614,0.7882008,0.8089126,0.7668559,0.7322686,0.6530856,0,0,0,0,0,0,0,0,0,0,0,0,0,0.6449211,0.7016122,0.7249595,0,0.8161933,0.9650173,1,0.8796728,0.6787382,0.7275055,0.6719897,0.6690865,0.6628225,0.7012725,0.7305209,0.7114611,0.6963254,0,0,0,0.64585,0.6131986,0
0,0,0,0,0,0,0,0,0,0,0,0,0,0,0.6800371,0.8300475,1,0.9937215,0.8579642,0.7906646,0.8174466,0.8087243,0.7589767,0.750494,0.6339691,0.7095138,0.6475397,0.6472459,0.6942086,0.6518567,0,0,0,0,0,0,0,0,0,0,0,0,0,0.6549476,0.7175297,0.714744,0,0.7633058,0.9311109,1,0.8716465,0,0.6630678,0,0,0,0,0,0,0,0,0,0,0,0,0
0,0,0,0,0,0,0,0,0,0,0.6320119,0.6288924,0.7035558,0.7897789,0.8392965,0.7660655,1,0.9896507,0.834195,0.8209828,0.8279728,0.8137913,0.6805546,0.6025414,0.6702002,0.6012405,0,0,0,0,0,0,0,0,0,0,0,0,0,0,0.6298987,0.679147,0.662703,0.7764137,0.8317358,0.7931509,0.5967774,0.6742887,0.9099997,1,0.908686,0.7341631,0.6795548,0,0,0,0,0,0,0,0,0,0,0,0,0
0,0,0,0,0,0,0,0.6934795,0.711791,0,0.7241227,0.7667663,0.7080557,0.6952031,0.7207386,0.8200532,1,0.9880395,0.7860005,0.7660514,0.8544403,0.8372124,0.8004125,0.744684,0,0,0,0,0,0,0,0,0,0,0,0,0,0,0,0.6844336,0.7331805,0.6714552,0.7020051,0.713326,0.7155638,0.7153329,0.7886236,0.6824385,0.9392949,1,0.9040679,0,0.7169694,0.7133145,0.6763542,0.6824526,0,0,0,0,0,0,0,0,0,0
0,0,0,0,0,0.6471713,0.6735901,0,0.7074832,0.6555852,0.7687131,0.6957954,0,0.6982909,0.7191591,0.8812826,1,0.9813675,0.824456,0.6732797,0.6734366,0.7021828,0.5958543,0,0,0,0,0,0,0,0,0,0,0,0,0,0,0,0,0.6038937,0.6752775,0.7172945,0.7729065,0.7985677,0,0.7751623,0.817285,0.6896254,0.9341547,1,0.8669924,0.7110795,0,0,0.6465632,0.6710789,0,0,0,0,0,0,0,0,0,0
0,0,0,0,0,0,0.5897825,0.6256791,0.6611617,0.7579078,0.6400493,0.7882397,0.7920617,0.7974333,0.7961285,0.783902,1,0.9720526,0.6329413,0,0.6214245,0,0,0,0,0,0,0,0,0,0,0,0,0,0,0,0,0.5806963,0.6422176,0.6886555,0.749439,0.7799201,0.7471527,0.7141609,0.7236266,0.5584642,0.7894647,0.8828552,0.9465355,1,0.8898509,0.5999711,0.6058383,0.5656517,0,0,0,0,0,0,0,0,0,0,0,0
0,0,0,0,0,0,0,0.6639601,0.7235127,0.8097926,0.7687358,0,0.767044,0.785161,0.80819,0.744534,0.9921544,1,0.7854178,0,0,0,0,0,0,0,0,0,0,0,0,0,0,0,0,0,0,0,0,0,0.7236504,0.7861824,0.7493151,0,0.6375325,0.8005381,0.744906,0.8122422,0.9596244,1,0.8756415,0.682864,0,0,0,0,0,0,0,0,0,0,0,0,0,0
0,0,0,0,0,0,0,0,0,0.6324225,0.6948138,0.714344,0.7787393,0.7768744,0.7975423,0.8891999,1,0.975167,0.7720925,0,0,0,0,0,0,0,0,0,0,0,0,0,0,0,0,0,0,0,0,0,0,0,0.6282594,0.6873143,0.7393267,0.7555922,0.601147,0.7813432,0.9530573,1,0.8809301,0,0,0,0,0,0,0,0,0,0,0,0,0,0,0
0,0,0,0,0,0,0,0,0,0,0,0,0,0,0.7737358,0.8710327,1,0.9818228,0.7664512,0,0,0,0,0,0,0,0,0,0,0,0,0,0,0,0,0,0,0,0,0,0,0,0,0,0,0,0,0,0.949488,1,0.8862314,0.6968286,0,0,0,0,0,0,0,0,0,0,0,0,0,0
0,0,0,0,0,0,0,0,0,0,0,0,0,0,0.601601,0.8262365,0.9951425,1,0.8537202,0,0,0.6377631,0.6000742,0,0,0,0,0,0,0,0,0,0,0,0,0,0,0,0,0,0,0,0,0,0,0,0,0.6361346,0.9430418,1,0.8840774,0.7273571,0.7378344,0.6940763,0.6063362,0,0,0,0,0,0,0,0,0,0,0
0,0,0,0,0,0,0,0,0,0,0,0,0,0,0.6565737,0.8146979,1,0.9915448,0.8409042,0.7652847,0.6804882,0.8038052,0.8278907,0.810948,0.7613326,0.6898661,0.6733286,0,0,0,0,0,0,0,0,0,0,0,0,0,0,0,0,0,0,0,0,0.6777405,0.9307615,1,0.9306186,0.8541265,0.7201148,0.6204197,0.7733911,0.7878089,0.7297512,0.6250951,0,0,0,0,0,0,0,0
0,0,0,0,0,0,0,0,0,0,0.6500516,0.6722699,0,0,0.6558617,0.815032,1,0.9851834,0.7508014,0.7134236,0,0.7807541,0.8323694,0.7907249,0.8040187,0.7368617,0.7639568,0.7118477,0.6696457,0.6426364,0,0,0,0,0,0,0,0,0,0,0,0,0,0,0,0,0,0,0.9406953,1,0.9038054,0.756268,0.75684,0.7831927,0.6683096,0.7658828,0.7108703,0.7397074,0.6567924,0.6190187,0.6392018,0,0,0,0,0
0,0,0,0,0,0,0,0,0,0,0.7482601,0.7745186,0,0.8052394,0.8421663,0.8860033,1,0.9931861,0.8519055,0.8289925,0.8259513,0.7850683,0.7420245,0.8349341,0.7889314,0.7791523,0.7704503,0.7482495,0,0,0,0,0,0,0,0,0,0,0,0,0,0,0,0,0,0,0,0,0.9457471,1,0.8970576,0.7327896,0.7479551,0.751584,0,0.7644309,0,0,0.7341019,0,0,0,0,0,0,0
0,0,0,0,0,0,0,0.720167,0.7869517,0.7040213,0.6537148,0.7674575,0.736921,0,0.7105869,0.8764402,1,0.9695055,0.8027188,0.8097015,0.7860765,0.8186304,0.8336317,0.7883354,0.6702605,0,0,0,0,0,0,0,0,0,0,0,0,0,0,0,0,0,0,0,0.7145507,0.7644699,0.791765,0.6966896,0.9307178,1,0.9002767,0.6775895,0.6029288,0.6081882,0.7109926,0.6721354,0.6244308,0,0,0,0,0,0,0,0,0
0,0,0,0,0,0,0,0.7303347,0.8493183,0.863407,0.7876298,0.7903594,0.8602949,0.8331973,0.8143806,0.8535903,1,0.9826348,0.7911183,0,0,0,0,0.6657631,0,0,0,0,0,0,0,0,0,0,0,0,0,0,0,0,0,0,0,0,0.7329587,0.6655363,0.7343584,0.7129611,0.9411938,1,0.8911742,0.7192926,0,0.6655525,0.6839697,0,0,0,0,0,0,0,0,0,0,0
0,0,0,0,0,0,0,0,0,0.7639626,0.7979869,0.8144485,0.7755913,0.8054063,0.8669809,0.8816542,1,0.9994525,0.7889851,0,0,0,0,0,0,0,0,0,0,0,0,0,0,0,0,0,0,0,0,0,0,0,0,0,0.7454835,0.7607818,0.7565362,0.7594865,0.9265176,1,0.9085311,0,0,0,0,0,0,0,0,0,0,0,0,0,0,0
