GestureName: p
Duration(ms): 1316
Handedness: right

SpeakerAngles: 2
55
-55

InterpretedPoints: 28
0,0
0,0
0,0
0,0
0,0
0,0
0,0
0,0
0,0
0,0
-0.806707284111599,0.564862521463624
-0.806707284111599,5.08376269317261
-2.4201218523348,5.08376269317261
-2.4201218523348,-0.564862521463624
0,-2.25945008585449
1.6134145682232,-3.38917512878174
-1.6134145682232,-4.51890017170899
0,-3.38917512878174
0,0
3.2268291364464,-1.12972504292725
2.4201218523348,1.69458756439087
4.84024370466959,3.38917512878174
4.03353642055799,3.95403765024536
2.4201218523348,7.34321277902711
2.4201218523348,7.34321277902711
1.6134145682232,7.90807530049073
0,1.12972504292725
0.806707284111599,-3.95403765024536

StrokePoints: 29
177.666666666667,130.277777777778
177.666666666667,130.277777777778
177.666666666667,130.277777777778
177.666666666667,130.277777777778
177.666666666667,130.277777777778
177.666666666667,130.277777777778
177.666666666667,130.277777777778
177.666666666667,130.277777777778
177.666666666667,130.277777777778
177.666666666667,130.277777777778
177.666666666667,130.277777777778
178.473373950778,129.712915256314
179.28008123489,124.629152563142
181.700203087225,119.545389869969
184.12032493956,120.110252391433
184.12032493956,122.369702477287
182.506910371336,125.758877606069
184.12032493956,130.277777777778
184.12032493956,133.66695290656
184.12032493956,133.66695290656
180.893495803113,134.796677949487
178.473373950778,133.102090385096
173.633130246109,129.712915256314
169.599593825551,125.758877606069
167.179471973216,118.415664827042
164.759350120881,111.072452048015
163.145935552658,103.164376747524
163.145935552658,102.034651704597
162.339228268546,105.988689354842

Velocities: 28
0,0
0,0
0,0
0,0
0,0
0,0
0,0
0,0
0,0
0,0
0,1
4,5
3,6
-2,1
-2,-2
-2,-4
-5,-3
-3,-3
0,0
1,-3
3,0
6,0
6,1
8,5
8,5
8,6
1,1
-3,-4

InverseVelocities: 28
0,0
0,0
0,0
0,0
0,0
0,0
0,0
0,0
0,0
0,0
0,0
-2,0
-2,-1
0,-1
0,0
2,0
0,0
0,0
0,0
0,0
0,0
0,0
0,0
-2,-1
-3,0
-5,-1
-4,-5
0,0

RawData: 28
0,0,0,0,0,0,0,0,0,0,0,0,0,0.7803692,0.8024322,0.8428394,1,0.994217,0.831884,0,0,0,0,0,0,0,0,0,0,0,0,0,0,0,0,0,0,0,0,0,0,0,0,0,0,0,0,0.7223561,0.9344981,1,0.9048644,0,0,0,0,0,0,0,0,0,0,0,0,0,0,0
0,0,0,0,0,0,0,0,0,0,0,0,0,0,0,0,1,0.9987822,0,0,0,0,0,0,0,0,0,0,0,0,0,0,0,0,0,0,0,0,0,0,0,0,0,0,0,0,0,0,0.9462048,1,0.8762237,0.7909616,0,0,0,0,0,0,0,0,0,0,0,0,0,0
0,0,0,0,0,0,0,0,0,0,0,0,0,0,0,0.8306584,0.9840035,1,0.9200963,0,0,0,0,0,0,0,0,0,0,0,0,0,0,0,0,0,0,0,0,0,0,0,0,0,0,0,0,0,0.952436,1,0.9132012,0.7926597,0,0,0,0,0,0,0,0,0,0,0,0,0,0
0,0,0,0,0,0,0,0,0,0,0,0,0,0,0,0.8490255,1,0.9088352,0.8244328,0,0,0,0,0,0,0,0,0,0,0,0,0,0,0,0,0,0,0,0,0,0,0,0,0,0,0,0,0,0.9477944,1,0.895896,0,0,0,0,0,0,0,0,0,0,0,0,0,0,0
0,0,0,0,0,0,0,0,0,0,0,0,0,0,0,0.8173817,1,0.9922924,0.7881058,0,0,0,0,0,0,0,0,0,0,0,0,0,0,0,0,0,0,0,0,0,0,0,0,0,0,0,0,0.6369045,0.9477608,1,0.8778068,0,0,0,0,0,0,0,0,0,0,0,0,0,0,0
0,0,0,0,0,0,0,0,0,0,0,0,0,0,0,0.6025506,0.987468,1,0.7505688,0,0,0,0,0,0,0,0,0,0,0,0,0,0,0,0,0,0,0,0,0,0,0,0,0,0,0,0,0,0.9285472,1,0.8847995,0,0,0,0,0,0,0,0,0,0,0,0,0,0,0
0,0,0,0,0,0,0,0,0,0,0,0,0,0,0,0.8482654,1,0.9889853,0.7855893,0,0,0,0,0,0,0,0,0,0,0,0,0,0,0,0,0,0,0,0,0,0,0,0,0,0,0,0,0,0.9380018,1,0.8983133,0,0,0,0,0,0,0,0,0,0,0,0,0,0,0
0,0,0,0,0,0,0,0,0,0,0,0,0,0,0,0.8308911,1,0.9819956,0.7515619,0,0,0,0,0,0,0,0,0,0,0,0,0,0,0,0,0,0,0,0,0,0,0,0,0,0,0,0,0.6421307,0.9436476,1,0.8828841,0,0,0,0,0,0,0,0,0,0,0,0,0,0,0
0,0,0,0,0,0,0,0,0,0,0,0,0,0,0,0.851984,1,0.9815516,0.7864076,0,0,0,0,0,0,0,0,0,0,0,0,0,0,0,0,0,0,0,0,0,0,0,0,0,0,0,0,0,0.948642,1,0.8974494,0,0,0,0,0,0,0,0,0,0,0,0,0,0,0
0,0,0,0,0,0,0,0,0,0,0,0,0,0,0,0.8359203,1,0.9935407,0.8342589,0.7027128,0,0,0,0,0,0,0,0,0,0,0,0,0,0,0,0,0,0,0,0,0,0,0,0,0,0,0,0.6449742,0.944574,1,0.8865981,0,0,0,0,0,0,0,0,0,0,0,0,0,0,0
0,0,0,0,0,0,0,0,0,0,0,0,0,0.7096623,0.7754439,0.7188457,1,0.9769748,0.9319112,0.7118179,0,0,0,0,0,0,0,0,0,0,0,0,0,0,0,0,0,0,0,0,0,0,0,0,0,0,0,0.6970037,0.9452155,1,0.9088258,0.8118624,0.7758086,0.6584958,0,0,0,0,0,0,0,0,0,0,0,0
0,0,0,0,0,0,0,0,0,0,0,0.6053237,0.7065659,0.7829779,0.8171456,0.883299,0.9889428,1,0.9275439,0.767493,0.7302395,0.7196857,0.6190023,0.6512338,0,0,0,0,0,0,0,0,0,0,0,0,0,0,0,0,0,0,0,0,0,0,0.653916,0.6936287,0.9472167,1,0.8689796,0.7568194,0.8112454,0.7007948,0.6740187,0.6509677,0.6526537,0.6425472,0,0,0,0,0,0,0,0
0,0,0,0,0,0,0,0,0,0,0,0.7907475,0.9093558,0.9135678,0.8712172,0.8942697,1,0.9844022,0.8117022,0.8243139,0.7262734,0,0.6758918,0,0,0,0,0,0,0,0,0,0,0,0,0,0,0,0,0,0,0,0,0,0,0.6329827,0.6396779,0.7878515,0.9592199,1,0.864324,0.8100134,0.7755399,0.7066403,0.7332675,0.7208368,0.679499,0.6586664,0.6084355,0,0,0,0,0,0,0
0,0,0,0,0,0,0,0,0,0,0,0.7768641,0.8962479,0.9618825,0.9397399,0.9492981,1,0.9720675,0.7840409,0,0,0,0,0,0,0,0,0,0,0,0,0,0,0,0,0,0,0,0,0,0,0,0,0,0,0.6667452,0.7347469,0.7715269,0.9509552,1,0.8957565,0.6966813,0.7121926,0.7132793,0,0,0,0,0,0,0,0,0,0,0,0
0,0,0,0,0,0,0,0,0,0,0,0.7524051,0.85378,0.7495559,0.9333555,0.9229964,1,0.9935588,0.8365018,0.740952,0,0,0,0,0,0,0,0,0,0,0,0,0,0,0,0,0,0,0,0,0,0,0,0,0.710893,0.7787923,0.7272947,0.7683044,0.9465548,1,0.8919142,0.7059291,0,0,0,0,0,0,0,0,0,0,0,0,0,0
0,0,0,0,0,0,0,0,0,0,0,0.7069632,0.8094658,0.7572819,0.8166131,0.8665009,1,0.9723443,0.748092,0.7528394,0.7746814,0.701229,0,0,0,0,0,0,0,0,0,0,0,0,0,0,0,0,0,0,0,0,0.6300216,0.7550436,0.791535,0.7842169,0.7461507,0,0.9429625,1,0.9177163,0.8212139,0.7019606,0,0,0,0,0,0,0,0,0,0,0,0,0
0,0,0,0,0,0,0,0,0.6818215,0.6755256,0,0.7658644,0.7712368,0.8376457,0.7915899,0.878911,1,0.9738867,0.7835134,0.807554,0,0,0,0,0,0,0,0,0,0,0,0,0,0,0,0,0,0,0,0,0,0,0,0.7267292,0.7015005,0,0.7466714,0.7913733,0.9506358,1,0.9027078,0,0.700641,0,0,0,0,0,0,0,0,0,0,0,0,0
0,0,0,0,0,0,0,0,0,0,0.6971006,0.6836026,0,0.7612621,0.7867994,0.8558018,1,0.9994017,0.8346817,0.750477,0,0,0,0,0,0,0,0,0,0,0,0,0,0,0,0,0,0,0,0,0,0,0,0.7101797,0.7352145,0.7397908,0.6991562,0.7571607,0.9371951,1,0.8781042,0.7943676,0.6993457,0,0,0,0,0,0,0,0,0,0,0,0,0
0,0,0,0,0,0,0,0,0,0,0,0,0,0,0,0.8955829,1,0.9897621,0.8246191,0,0,0,0,0,0,0,0,0,0,0,0,0,0,0,0,0,0,0,0,0,0,0,0,0,0,0,0,0.7903687,0.9494145,1,0.9184486,0.7778643,0,0,0,0,0,0,0,0,0,0,0,0,0,0
0,0,0,0,0,0,0,0,0,0,0,0,0,0.5898318,0.6659427,0.8014135,1,0.9600091,0.8514886,0.8628996,0.7581922,0,0,0,0,0,0,0,0,0,0,0,0,0,0,0,0,0,0,0,0,0,0,0.5358376,0.5833889,0.6844355,0.7566825,0.7068932,0.9284849,1,0.8880312,0.6785425,0.580452,0,0,0,0,0,0,0,0,0,0,0,0,0
0,0,0,0,0,0,0,0,0,0,0,0,0,0.6117734,0,0.7922513,0.9934427,1,0.8682842,0.8866901,0.8470803,0.6733024,0.6299956,0,0,0,0,0,0,0,0,0,0,0,0,0,0,0,0,0,0,0,0,0,0,0,0.6602224,0.7448363,0.9533445,1,0.9068238,0.7580978,0.6215138,0,0,0,0,0,0,0,0,0,0,0,0,0
0,0,0,0,0,0,0,0,0,0,0,0,0,0,0.6503513,0.8470004,1,0.9790858,0.7529564,0.8377062,0.8574471,0.6813332,0.741007,0.7480012,0.6858776,0.6499735,0,0,0,0,0,0,0,0,0,0,0,0,0,0,0,0,0,0,0,0,0,0.6230293,0.9443451,1,0.9048371,0.8052832,0.726464,0,0,0,0,0,0,0,0,0,0,0,0,0
0,0,0,0,0,0,0,0,0,0,0,0,0,0,0.6041894,0.8013526,1,0.9901718,0.8078685,0.8153753,0.8432276,0.781538,0.645655,0.7678788,0.7873909,0.6861324,0,0,0,0,0,0,0,0,0,0,0,0,0,0,0,0,0,0,0,0,0,0.5849774,0.9289052,1,0.9095189,0.7790866,0.6972034,0.541928,0,0,0,0,0,0,0,0,0,0,0,0
0,0,0,0,0,0,0,0,0,0,0,0.62033,0.6399341,0,0.6693482,0.8501304,1,0.9754261,0.8455222,0.8617045,0.7738163,0.7441075,0.8346466,0.7957621,0,0.6959407,0.7112264,0.691782,0,0,0,0,0,0,0,0,0,0,0,0,0,0,0,0,0,0.5936148,0.6711262,0.658654,0.9442773,1,0.8682396,0.7686553,0.7770827,0.7421799,0,0.7123544,0.7325829,0.6429827,0,0,0,0,0,0,0,0
0,0,0,0,0,0,0,0,0,0,0.7703543,0.8557274,0.8916016,0.8716091,0,0.7578158,0.9908591,1,0.8755925,0.8545954,0.761124,0.7658625,0.8084381,0.7996541,0.8524042,0.7358361,0.7781457,0.8182259,0,0,0,0,0,0,0,0,0,0,0,0,0,0,0,0,0,0,0,0,0.9335105,1,0.882023,0.6952755,0.6849546,0.6973105,0,0.758406,0.7592657,0.6888984,0,0,0,0,0,0,0,0
0,0,0,0,0,0,0,0,0.6694413,0.6694187,0.8238269,0.807879,0.642877,0.8097623,0.8702843,0.8130966,1,0.9698293,0.7737028,0,0.7561555,0.7854681,0.7818394,0.7013054,0.7987508,0.8277731,0.7710547,0.7162217,0,0,0,0,0,0,0,0,0,0,0,0,0,0,0,0,0,0.6761408,0.7180201,0.6094046,0.9404801,1,0.8912743,0.7234768,0.6712347,0.6178872,0.6079613,0.6892344,0,0.6083357,0.6562653,0,0,0,0,0,0,0
0,0,0,0,0,0,0,0,0,0.6779355,0.730236,0.7130241,0.7201905,0.6960229,0.7229038,0.8105774,1,0.9765631,0,0,0.6770769,0,0,0,0,0,0,0,0,0,0,0,0,0,0,0,0,0,0,0,0,0.748708,0.7866938,0.7721691,0.6836193,0,0.7162054,0,0.9471552,1,0.8736879,0.6677576,0.6660203,0.6712204,0,0,0,0,0,0,0,0,0,0,0,0
0,0,0,0,0,0,0,0,0,0,0.6424524,0.707381,0.7986851,0.8307607,0.7979134,0.8570443,1,0.9832289,0.7672637,0,0,0,0,0,0,0,0,0,0,0,0,0,0,0,0,0,0,0,0,0,0,0,0.6502294,0.7382372,0.777107,0.7594847,0.6465806,0.7701071,0.9561105,1,0.8710758,0,0,0,0,0,0,0,0,0,0,0,0,0,0,0
