GestureName: y
Duration(ms): 1410
Handedness: right

SpeakerAngles: 2
55
-55

InterpretedPoints: 30
0,0
0,0
0,0
0,0
0,0
0,0
0,0
0.806707284111599,0.564862521463624
0,1.12972504292725
1.6134145682232,2.25945008585449
2.4201218523348,5.08376269317261
0.806707284111599,5.08376269317261
-0.806707284111599,3.95403765024536
-0.806707284111599,7.34321277902711
-3.2268291364464,2.25945008585449
-4.84024370466959,-2.25945008585449
0.806707284111599,-8.47293782195435
0.806707284111599,-9.6026628648816
3.2268291364464,-10.1675253863452
1.6134145682232,-7.90807530049073
2.4201218523348,-5.08376269317261
1.6134145682232,-1.12972504292725
0,0
-0.806707284111599,6.21348773609986
-0.806707284111599,9.6026628648816
-0.806707284111598,12.9918379936633
-0.806707284111598,12.9918379936633
-0.806707284111599,3.95403765024536
1.6134145682232,4.51890017170899
5.64695098878119,-2.82431260731812

StrokePoints: 31
177.666666666667,130.277777777778
177.666666666667,130.277777777778
177.666666666667,130.277777777778
177.666666666667,130.277777777778
177.666666666667,130.277777777778
177.666666666667,130.277777777778
177.666666666667,130.277777777778
177.666666666667,130.277777777778
176.859959382555,129.712915256314
176.859959382555,128.583190213387
175.246544814332,126.323740127532
172.826422961997,121.23997743436
172.019715677885,116.156214741187
172.826422961997,112.202177090942
173.633130246109,104.858964311915
176.859959382555,102.59951422606
181.700203087225,104.858964311915
180.893495803113,113.331902133869
180.086788519001,122.934564998751
176.859959382555,133.102090385096
175.246544814332,141.010165685587
172.826422961997,146.093928378759
171.213008393774,147.223653421687
171.213008393774,147.223653421687
172.019715677886,141.010165685587
172.826422961997,131.407502820705
173.633130246109,118.415664827042
174.43983753022,105.423826833378
175.246544814332,101.469789183133
173.633130246109,96.950889011424
167.986179257328,99.7752016187421

Velocities: 30
0,0
0,0
0,0
0,0
0,0
0,0
0,0
1,0
1,1
3,1
6,3
5,4
3,4
6,7
0,4
-5,1
-7,-8
-8,-9
-7,-11
-6,-8
-3,-6
0,-2
0,0
5,6
8,9
11,12
11,12
3,4
5,3
1,-6

InverseVelocities: 30
0,0
0,0
0,0
0,0
0,0
0,0
0,0
0,0
0,0
0,0
0,0
0,-1
0,0
0,0
0,0
0,-6
0,0
0,0
0,0
0,0
0,0
0,0
0,0
0,0
0,0
0,0
-1,0
-3,0
-5,-8
-3,0

RawData: 30
0,0,0,0,0,0,0,0,0,0,0,0,0,0,0,0.8158504,1,0.9879468,0.7607135,0,0,0,0,0,0,0,0,0,0,0,0,0,0,0,0,0,0,0,0,0,0,0,0,0,0,0,0.7286087,0.678968,0.9518899,1,0.8837186,0,0,0,0,0,0,0,0,0,0,0,0,0,0,0
0,0,0,0,0,0,0,0,0,0,0,0,0,0,0,0.8647479,1,0.9884509,0.8105384,0,0,0,0,0,0,0,0,0,0,0,0,0,0,0,0,0,0,0,0,0,0,0,0,0,0,0,0.7469969,0.8031999,0.9535627,1,0.8917494,0,0,0,0,0,0,0,0,0,0,0,0,0,0,0
0,0,0,0,0,0,0,0,0,0,0,0,0,0,0,0.8041784,1,0.9860185,0.7789672,0,0,0,0,0,0,0,0,0,0,0,0,0,0,0,0,0,0,0,0,0,0,0,0,0,0,0,0,0.7210885,0.9453958,1,0.88005,0,0,0,0,0,0,0,0,0,0,0,0,0,0,0
0,0,0,0,0,0,0,0,0,0,0,0,0,0,0,0.8416883,1,0.9701149,0.6819354,0,0,0,0,0,0,0,0,0,0,0,0,0,0,0,0,0,0,0,0,0,0,0,0,0,0,0,0,0.5836238,0.9255067,1,0.8664895,0.5613927,0,0,0,0,0,0,0,0,0,0,0,0,0,0
0,0,0,0,0,0,0,0,0,0,0,0,0,0,0,0.8822928,1,0.9905967,0.8300596,0,0,0,0,0,0,0,0,0,0,0,0,0,0,0,0,0,0,0,0,0,0,0,0,0,0,0,0,0,0.9333197,1,0.938009,0.754662,0,0,0,0,0,0,0,0,0,0,0,0,0,0
0,0,0,0,0,0,0,0,0,0,0,0,0,0,0.6766962,0.8524236,0.9993826,1,0.7595655,0,0,0,0,0,0,0,0,0,0,0,0,0,0,0,0,0,0,0,0,0,0,0,0,0,0,0,0,0.6876275,0.9459746,1,0.8498506,0.8215585,0,0,0,0,0,0,0,0,0,0,0,0,0,0
0,0,0,0,0,0,0,0,0,0,0,0,0,0,0,0.8788255,1,0.9489359,0.7090464,0.7434968,0,0,0,0,0,0,0,0,0,0,0,0,0,0,0,0,0,0,0,0,0,0,0,0,0,0,0,0,0.9461589,1,0.7938997,0.8915198,0.7782037,0,0,0,0,0,0,0,0,0,0,0,0,0
0,0,0,0,0,0,0,0,0,0,0,0,0,0,0,0.8389286,1,0.9961696,0.8732098,0.8111042,0.7129728,0,0,0,0,0,0,0,0,0,0,0,0,0,0,0,0,0,0,0,0,0,0,0,0,0,0,0.6610812,0.9375291,1,0.9059957,0.8159249,0.7357242,0,0,0,0,0,0,0,0,0,0,0,0,0
0,0,0,0,0,0,0,0,0,0,0,0,0,0,0,0.7563756,1,0.9785711,0.8169319,0.8088592,0.7636615,0,0,0,0,0,0,0,0,0,0,0,0,0,0,0,0,0,0,0,0,0,0,0,0,0,0,0.653374,0.9531113,1,0.898832,0.7946341,0.81778,0.6485876,0,0,0,0,0,0,0,0,0,0,0,0
0,0,0,0,0,0,0,0,0,0,0,0,0,0,0,0.825644,1,0.9951239,0.9003237,0.8502631,0,0.7390438,0.6815282,0,0,0,0,0,0,0,0,0,0,0,0,0,0,0,0,0,0,0,0,0,0,0,0,0,0.9365274,1,0.9452231,0.8777242,0.7891822,0.6684858,0,0,0,0,0,0,0,0,0,0,0,0
0,0,0,0,0,0,0,0,0,0,0,0,0,0,0,0.8298529,1,0.9869012,0.856584,0.8698671,0.8222747,0.7818353,0.693647,0.7831365,0.7581303,0.6996896,0,0,0,0,0,0,0,0,0,0,0,0,0,0,0,0,0,0,0,0,0.6715222,0.6456,0.9453387,1,0.9020821,0.8197294,0.8090397,0.776575,0.7451541,0.7295334,0,0,0,0,0,0,0,0,0,0
0,0,0,0,0,0,0,0,0,0,0,0,0,0,0.7430223,0.8384816,1,0.9954609,0.8821753,0.7906461,0.7455652,0.8012287,0.734141,0.6522512,0.6498744,0,0,0,0,0,0,0,0,0,0,0,0,0,0,0,0,0,0,0,0,0.6399516,0.6643413,0.6780671,0.9233885,1,0.8863573,0.7248604,0.7606451,0.773923,0.8001536,0.7633666,0.7070953,0,0,0,0,0,0,0,0,0
0,0,0,0,0,0,0,0,0,0,0,0,0,0,0.7856201,0.8741273,1,0.9801492,0.7796054,0.8731495,0.8469569,0.789336,0.8011007,0,0,0,0,0,0,0,0,0,0,0,0,0,0,0,0,0,0,0,0,0,0,0,0,0.7401465,0.9563507,1,0.8968616,0,0,0.7763167,0.7678111,0.7741874,0.7986426,0,0,0,0,0,0,0,0,0
0,0,0,0,0,0,0,0,0,0,0,0,0,0.7837924,0.815071,0.8324387,0.9959253,1,0.9026542,0.7972916,0.8555949,0.8622226,0.8415167,0.8027133,0.759337,0.719997,0,0,0,0,0,0,0,0,0,0,0,0,0,0,0,0,0,0,0,0,0,0,0.948979,1,0.897644,0,0.7278913,0.7117095,0.7178357,0.7851416,0.7843869,0.7626621,0.7504378,0.7273701,0,0,0,0,0,0
0,0,0,0,0,0,0,0,0,0,0,0,0,0.7434727,0.7820177,0.8844154,1,0.9790443,0.887277,0.8185549,0,0,0,0,0,0,0,0,0,0,0,0,0,0,0,0,0,0,0,0,0,0,0,0,0,0,0,0,0.952759,1,0.9330862,0.9029764,0.8861691,0.8343807,0.7831492,0.7499152,0.6992871,0,0,0,0,0,0,0,0,0
0,0,0,0,0,0,0,0,0.7593499,0.7719557,0.6695573,0.7569367,0.806494,0.7846546,0.7294741,0.7558882,0.9995753,1,0.8089284,0,0,0,0,0,0,0,0,0,0,0,0,0,0,0,0,0,0,0,0,0,0.5951396,0.6839838,0.6327127,0.6356062,0.7151384,0.7469553,0.8149503,0.8464106,0.8989782,1,0.9256174,0.7535293,0.7120938,0.5866575,0,0,0,0,0,0,0,0,0,0,0,0
0,0,0,0,0,0,0.682643,0.7469109,0.7557625,0.8532943,0.8566725,0.83358,0.8043489,0.8690759,0.8928324,0.9056526,1,0.9845946,0.8064538,0.7155401,0,0,0,0,0,0,0,0,0,0,0,0,0,0,0,0,0,0,0.6464931,0.6284722,0.637455,0.6681986,0.711343,0.7877043,0.8104227,0.823994,0.8209694,0.7298455,0.9394954,1,0.907892,0,0,0,0,0,0,0,0,0,0,0,0,0,0,0
0,0,0,0,0,0.6910819,0.6945603,0.7121331,0.7388968,0.7301938,0.7737429,0.7121066,0.6740116,0.6617153,0.7466692,0.8510897,1,0.9812686,0.7521071,0.6674638,0,0,0,0,0,0,0,0,0,0,0,0,0,0,0,0,0,0.6161941,0.7198954,0.6440315,0.6873675,0.7555718,0.7531082,0.6858053,0,0.705138,0.7606341,0.704256,0.9503741,1,0.8758027,0.6151846,0,0,0,0,0,0,0,0,0,0,0,0,0,0
0,0,0,0,0,0,0.7471178,0,0,0.7068632,0.7858124,0.7372446,0.7345586,0.7112109,0.776228,0.8580132,1,0.9834431,0.7734768,0,0,0,0,0,0,0,0,0,0,0,0,0,0,0,0,0.628988,0.6995003,0.707943,0.7350895,0.7941577,0.7750164,0.7615817,0.7545707,0.6971774,0,0.6417785,0.7463315,0.725552,0.9499443,1,0.871043,0.6573575,0,0,0,0,0,0,0,0,0,0,0,0,0,0
0,0,0,0,0,0,0,0.6884198,0.7031204,0.6867894,0.6932389,0.7406327,0.7237734,0.7164741,0.7472267,0.6592315,1,0.9983314,0.7597825,0,0,0,0,0,0,0,0,0,0,0,0,0,0,0,0,0,0,0,0.6366037,0.7346818,0.6982827,0.7120683,0.7165187,0,0.6420622,0.7033385,0.6836012,0.6245025,0.929356,1,0.8980243,0,0,0,0,0,0,0,0,0,0,0,0,0,0,0
0,0,0,0,0,0,0,0,0,0,0.6678494,0.7762328,0.7731574,0.8242097,0.7803909,0.8790639,1,0.9853653,0.7994809,0,0,0,0,0,0,0,0,0,0,0,0,0,0,0,0,0,0,0,0,0,0.6798878,0.7136595,0.6788953,0.7476509,0.7540602,0.7683778,0.7994734,0.6318089,0.9432416,1,0.8862908,0,0,0,0,0,0,0,0,0,0,0,0,0,0,0
0,0,0,0,0,0,0,0,0,0,0,0,0,0.7880452,0.8343175,0.8985406,1,0.988518,0.7485204,0,0,0,0,0,0,0,0,0,0,0,0,0,0,0,0,0,0,0,0,0,0,0,0,0,0.702861,0.7447913,0.7560337,0.7259928,0.936682,1,0.9001495,0,0,0,0,0,0,0,0,0,0,0,0,0,0,0
0,0,0,0,0,0,0,0,0,0,0,0,0,0,0,0.8173315,1,0.9824442,0.7662966,0,0,0,0,0,0,0,0,0,0,0,0,0,0,0,0,0,0,0,0,0,0,0,0,0,0,0,0,0.6815573,0.9464986,1,0.8705148,0.7302233,0,0,0,0,0,0,0,0,0,0,0,0,0,0
0,0,0,0,0,0,0,0,0,0,0,0,0,0,0,0.8117523,1,0.9845325,0.8180428,0.8105425,0.8167965,0.7832413,0.6798148,0.6298707,0.6193984,0,0,0,0,0,0,0,0,0,0,0,0,0,0,0,0,0,0,0,0,0,0,0,0.9340836,1,0.8920971,0.7365563,0.7595266,0.7780007,0.773073,0.7473113,0.7146014,0.651984,0.6039257,0,0,0,0,0,0,0
0,0,0,0,0,0,0,0,0,0,0,0,0,0,0,0.8241147,1,0.9798858,0.8349049,0.7009383,0.7516441,0.8113224,0.729799,0.7744603,0.7958497,0.7254563,0.6427015,0.6389161,0,0,0,0,0,0,0,0,0,0,0,0,0,0,0,0,0,0,0,0.6170911,0.9380659,1,0.8888947,0.6842944,0.7030165,0.7581885,0.7648116,0.7233216,0.6898345,0.6600792,0.6443026,0.6423896,0.5891221,0.6301951,0,0,0,0
0,0,0,0,0,0,0,0,0,0,0,0,0,0,0.684141,0.7835353,1,0.9911252,0.848429,0.7936391,0.6676885,0,0.7334312,0,0.6601463,0.802628,0.7844621,0.6893917,0.745836,0.6799381,0.6691888,0,0,0,0,0,0,0,0,0,0,0,0,0,0,0,0,0,0.9374582,1,0.892857,0.6735263,0,0.6675969,0.7837542,0.7236443,0.6869687,0.7113363,0.7067479,0.6273414,0.7451279,0.7585041,0.6829567,0.6551566,0.6603469,0.62442
0,0,0,0,0,0,0,0,0,0,0,0,0.7369488,0.6842775,0.7122347,0.8164484,1,0.9838181,0.7429345,0.7698487,0.7442708,0.6892114,0.815648,0.789529,0.7453399,0.7273206,0.6393893,0.7128346,0.6398954,0.6060002,0.6437664,0,0,0,0,0,0,0,0,0,0,0,0,0,0,0,0.5788891,0.6167721,0.9425836,1,0.8526548,0.7248933,0.7560843,0.8004884,0.7085948,0.7005233,0.7623492,0.7048709,0.6060511,0.6261972,0.6616247,0.6250146,0.6022736,0.7348928,0.7237411,0
0,0,0,0,0,0,0,0,0,0,0.8185322,0.8013533,0.7985299,0.7827455,0.8417082,0.8547398,1,0.990159,0.8485747,0.8507917,0.8197212,0.7851004,0.8361462,0,0,0,0,0,0,0,0,0,0,0,0,0,0,0,0,0,0,0,0,0,0,0,0,0.8205199,0.9570849,1,0.9335555,0,0.8263111,0.8124482,0,0,0.7561275,0,0,0,0,0,0,0,0,0
0,0,0,0,0,0,0,0,0.6291849,0.7026404,0.7410112,0.8072191,0.7787296,0.8458861,0.9106587,0.7993852,1,0.9820591,0.7729886,0.6947077,0,0.7663676,0.7274839,0.5915069,0.6363757,0,0,0,0,0,0,0,0,0,0,0,0,0,0.6052872,0.7274446,0.7780757,0.7099418,0.7119282,0.7788885,0.7958184,0.6513693,0.6310494,0.6576673,0.9360496,1,0.8563922,0.7208796,0.6903958,0.6003567,0.6431767,0.652817,0,0,0,0,0,0,0,0,0,0
0,0,0,0,0,0,0,0,0,0,0.7005388,0.7257573,0.7449102,0.8474966,0.6921791,0.9259971,0.995456,1,0.8401793,0.7678596,0.6845385,0,0,0,0,0,0,0,0,0,0,0,0,0,0,0,0,0,0,0,0.6715794,0.7265655,0.7857055,0.6912897,0.8407379,0.882379,0.8541873,0.775712,0.9516718,1,0.8835591,0,0,0,0,0,0,0,0,0,0,0,0,0,0,0
