GestureName: c
Duration(ms): 1410
Handedness: right

SpeakerAngles: 5
55
-55
0
0
110

SpeakerElevations: 5
-10
-10
-10
0
30

InterpretedPoints: 30
0,0,0
0,0,0
0,0,0
0.813797681349374,-0.296198132726024,0.5
0.813797681349374,-0.296198132726024,0.5
0.813797681349374,2.68860962028618,0.32635182233307
0,0,0
0,0,0
0,0,0
0,0,0
0,0,0
0,0,0
0,0,0
0,0,0
1.63468575993652,-0.323731876714448,1.32635182233307
0.0283615889511002,-6.00949074701347,2.17364817766693
-7.24618476252884,-18.4400881867829,3.43107448733702
-16.2121400518475,-22.5287434733934,-2.37433280199525
-3.2835523143486,-24.4017600157924,-0.00609191366060191
-2.48393542747477,-22.9606445931514,-0.679740091327532
-3.27646191711082,-18.0185628311154,-0.200684624328324
-1.63468575993652,-11.9742897701405,0.757426309670095
0,-0.114532795939455,0.520944533000791
5.66113178325674,6.11738354592662,0.652703644666139
5.67531257773229,20.0672667661963,-1.29931537567168
3.24100993092194,17.9650754672574,-1.77837084267089
6.48911025908166,16.5116185476157,-0.104722665003955
5.68949337220784,13.2306126618775,0.568925512662975
3.24810032815972,6.90533371516446,0.284462756331487
0.0141807944755501,2.52213653048741,0.479055466999209

StrokePoints: 31
0,0,0
0,0,0
0,0,0
0,0,0
0.813797681349374,-0.296198132726024,0.5
1.62759536269875,-0.592396265452048,1
2.44139304404812,2.09621335483414,1.32635182233307
2.44139304404812,2.09621335483414,1.32635182233307
2.44139304404812,2.09621335483414,1.32635182233307
2.44139304404812,2.09621335483414,1.32635182233307
2.44139304404812,2.09621335483414,1.32635182233307
2.44139304404812,2.09621335483414,1.32635182233307
2.44139304404812,2.09621335483414,1.32635182233307
2.44139304404812,2.09621335483414,1.32635182233307
2.44139304404812,2.09621335483414,1.32635182233307
4.07607880398464,1.77248147811969,2.65270364466614
4.10444039293574,-4.23700926889378,4.82635182233307
-3.14174436959309,-22.6770974556767,8.25742630967009
-19.3538844214406,-45.20584092907,5.88309350767484
-22.6374367357892,-69.6076009448625,5.87700159401424
-25.121372163264,-92.5682455380138,5.19726150268671
-28.3978340803748,-110.586808369129,4.99657687835838
-30.0325198403113,-122.56109813927,5.75400318802848
-30.0325198403113,-122.675630935209,6.27494772102927
-24.3713880570546,-116.558247389283,6.92765136569541
-18.6960754793223,-96.4909806230863,5.62833599002373
-15.4550655484003,-78.5259051558288,3.84996514735285
-8.96595528931866,-62.0142866082131,3.74524248234889
-3.27646191711081,-48.7836739463356,4.31416799501187
-0.0283615889510944,-41.8783402311711,4.59863075134335
-0.0141807944755443,-39.3562037006837,5.07768621834256

Velocities: 30
0,0,0
0,0,0
0,0,0
0,0,0
0,0,0
0,0,1
0,0,0
0,0,0
0,0,0
0,0,0
0,0,0
0,0,0
0,0,0
0,0,0
0,1,0
-1,3,-3
-9,2,-7
-8,1,-11
-5,-9,-9
-3,-9,-10
-4,-7,-8
-3,-4,-6
-1,-1,-1
4,-1,-1
8,5,6
6,4,6
6,3,6
5,4,5
3,2,2
0,2,1

InverseVelocities: 30
0,0,0
0,0,0
0,0,0
0,0,0
0,0,0
0,0,0
0,0,0
0,0,0
0,0,0
0,0,0
0,0,0
0,0,0
0,0,0
0,0,0
0,0,0
0,0,1
0,-5,1
0,-8,0
0,0,0
0,0,0
0,0,0
0,0,0
0,0,0
0,0,1
0,0,0
0,0,0
0,0,0
0,0,0
0,0,0
0,0,0

RawData: 30
0,0,0,0,0,0,0,0,0,0,0,0,0,0,0,0.938203,1,0.9070695,0,0,0,0,0,0,0,0,0,0,0,0,0,0,0,0,0,0,0,0,0,0,0,0,0,0,0,0,0,0,0.8690017,1,0.9680411,0,0,0,0,0,0,0,0,0,0,0,0,0,0,0,0,0,0,0,0,0,0,0,0,0,0,0,0,0,0.7254989,0.9583545,1,0.8912557,0,0,0,0,0,0,0,0,0,0,0,0,0,0,0,0,0,0,0,0,0,0,0,0,0,0,0,0,0,0,0.8883469,1,0.9618767,0,0,0,0,0,0,0,0,0,0,0,0,0,0,0,0,0,0,0,0,0,0,0,0,0,0,0,0,0,0,0,0.974162,1,0.8544473,0,0,0,0,0,0,0,0,0,0,0,0,0,0
0,0,0,0,0,0,0,0,0,0,0,0,0,0,0,0.9282894,1,0.910397,0,0,0,0,0,0,0,0,0,0,0,0,0,0,0,0,0,0,0,0,0,0,0,0,0,0,0,0,0,0,0.8514544,1,0.9503437,0,0,0,0,0,0,0,0,0,0,0,0,0,0,0,0,0,0,0,0,0,0,0,0,0,0,0,0,0,0.6802053,0.9610711,1,0.8559288,0.6347293,0,0,0,0,0,0,0,0,0,0,0,0,0,0,0,0,0,0,0,0,0,0,0,0,0,0,0,0,0,0.8810234,1,0.9600988,0.7308328,0,0,0,0,0,0,0,0,0,0,0,0,0,0,0,0,0,0,0,0,0,0,0,0,0,0,0,0,0,0.7010407,0.9665634,1,0.8494605,0,0,0,0,0,0,0,0,0,0,0,0,0,0
0,0,0,0,0,0,0,0,0,0,0,0,0,0,0,0.9513186,1,0.8171656,0.7273661,0,0,0,0,0,0,0,0,0,0,0,0,0,0,0,0,0,0,0,0,0,0,0,0,0,0,0,0,0,0.8506644,1,0.965174,0.776514,0,0,0,0,0,0,0,0,0,0,0,0,0,0,0,0,0,0,0,0,0,0,0,0,0,0,0,0,0.6568774,0.952375,1,0.8952596,0.6460211,0,0,0,0,0,0,0,0,0,0,0,0,0,0,0,0,0,0,0,0,0,0,0,0,0,0,0,0,0.6425197,0.8643723,1,0.9409675,0.7136334,0.6363066,0,0,0,0,0,0,0,0,0,0,0,0,0,0,0,0,0,0,0,0,0,0,0,0,0,0,0,0,0,0.9602053,1,0.8455661,0.6344224,0,0,0,0,0,0,0,0,0,0,0,0,0
0,0,0,0,0,0,0,0,0,0,0,0,0,0,0,0.9175671,1,0.8980793,0,0,0,0,0,0,0,0,0,0,0,0,0,0,0,0,0,0,0,0,0,0,0,0,0,0,0,0,0,0,0.81001,1,0.9812984,0.8288941,0.706875,0,0,0,0,0,0,0,0,0,0,0,0,0,0,0,0,0,0,0,0,0,0,0,0,0,0,0,0.6491519,0.9543967,1,0.8754134,0.6028976,0,0,0,0,0,0,0,0,0,0,0,0,0,0,0,0,0,0,0,0,0,0,0,0,0,0,0,0,0.5837392,0.8752282,1,0.9457322,0.7441354,0.7131389,0,0,0,0,0,0,0,0,0,0,0,0,0,0,0,0,0,0,0,0,0,0,0,0,0,0,0,0,0.6771531,0.9626724,1,0.8401391,0.7288195,0.6687278,0,0,0,0,0,0,0,0,0,0,0,0
0,0,0,0,0,0,0,0,0,0,0,0,0,0,0,0.9328851,1,0.8583788,0.7893713,0.6613832,0,0,0,0,0,0,0,0,0,0,0,0,0,0,0,0,0,0,0,0,0,0,0,0,0,0,0,0,0.8302346,1,0.9849506,0.8820034,0.8441537,0,0,0,0,0,0,0,0,0,0,0,0,0,0,0,0,0,0,0,0,0,0,0,0,0,0,0,0.6474093,0.9517657,1,0.9009877,0.7773303,0.6844765,0,0,0,0,0,0,0,0,0,0,0,0,0,0,0,0,0,0,0,0,0,0,0,0,0,0,0,0,0.8757398,1,0.9481926,0.6544762,0.7184175,0,0,0,0,0,0,0,0,0,0,0,0,0,0,0,0,0,0,0,0,0,0,0,0,0,0,0,0,0.697797,0.9749609,1,0.6798666,0.8846962,0.7817208,0,0,0,0,0,0,0,0,0,0,0,0
0,0,0,0,0,0,0,0,0,0,0,0,0,0,0,0.927512,1,0.8641511,0.7833552,0.6897967,0,0,0,0,0,0,0,0,0,0,0,0,0,0,0,0,0,0,0,0,0,0,0,0,0,0,0,0,0.7546349,1,0.9989861,0.8977435,0.8149981,0,0,0,0,0,0,0,0,0,0,0,0,0,0,0,0,0,0,0,0,0,0,0,0,0,0,0,0.6173176,0.9489318,1,0.873634,0.713306,0.6774354,0.606111,0,0,0,0,0,0,0,0,0,0,0,0,0,0,0,0,0,0,0,0,0,0,0,0,0,0,0,0.8661625,1,0.9426867,0.7557777,0.7564207,0.7154363,0.6283193,0,0,0,0,0,0,0,0,0,0,0,0,0,0,0,0,0,0,0,0,0,0,0,0,0,0,0.7003501,0.9679193,1,0.8367862,0.7813346,0.7379748,0,0,0,0,0,0,0,0,0,0,0,0
0,0,0,0,0,0,0,0,0,0,0,0,0,0,0,0.9184297,1,0.870969,0,0,0,0,0,0,0,0,0,0,0,0,0,0,0,0,0,0,0,0,0,0,0,0,0,0,0,0,0,0,0,1,0.970205,0,0,0,0,0,0,0,0,0,0,0,0,0,0,0,0,0,0,0,0,0,0,0,0,0,0,0,0,0,0,0.9444481,1,0.8661903,0,0,0,0,0,0,0,0,0,0,0,0,0,0,0,0,0,0,0,0,0,0,0,0,0,0,0,0,0,0,0.8555497,1,0.946296,0,0,0,0,0,0,0,0,0,0,0,0,0,0,0,0,0,0,0,0,0,0,0,0,0,0,0,0,0,0,0,0.9681239,1,0.8586515,0.7836992,0,0,0,0,0,0,0,0,0,0,0,0,0
0,0,0,0,0,0,0,0,0,0,0,0,0,0,0,0.9193369,1,0.8815355,0.724105,0,0,0,0,0,0,0,0,0,0,0,0,0,0,0,0,0,0,0,0,0,0,0,0,0,0,0,0,0,0.7863829,1,0.9810591,0.7299951,0,0,0,0,0,0,0,0,0,0,0,0,0,0,0,0,0,0,0,0,0,0,0,0,0,0,0,0,0.5962125,0.9490757,1,0.8648914,0,0,0,0,0,0,0,0,0,0,0,0,0,0,0,0,0,0,0,0,0,0,0,0,0,0,0,0,0,0,0.8602717,1,0.9193743,0.8095757,0.7246708,0,0,0,0,0,0,0,0,0,0,0,0,0,0,0,0,0,0,0,0,0,0,0,0,0,0,0,0,0.6835283,0.9602814,1,0.8581767,0.7243336,0,0,0,0,0,0,0,0,0,0,0,0,0
0,0,0,0,0,0,0,0,0,0,0,0,0,0,0,0.9313743,1,0.8903101,0,0,0,0,0,0,0,0,0,0,0,0,0,0,0,0,0,0,0,0,0,0,0,0,0,0,0,0,0,0,0,0.9874952,1,0.7901354,0,0,0,0,0,0,0,0,0,0,0,0,0,0,0,0,0,0,0,0,0,0,0,0,0,0,0,0,0.637831,0.9506291,1,0.8785613,0,0,0,0,0,0,0,0,0,0,0,0,0,0,0,0,0,0,0,0,0,0,0,0,0,0,0,0,0,0,0.8754365,1,0.9539511,0.6885692,0,0,0,0,0,0,0,0,0,0,0,0,0,0,0,0,0,0,0,0,0,0,0,0,0,0,0,0,0,0.6528195,0.964824,1,0.8402489,0,0,0,0,0,0,0,0,0,0,0,0,0,0
0,0,0,0,0,0,0,0,0,0,0,0,0,0,0,0.9257874,1,0.8959584,0,0,0,0,0,0,0,0,0,0,0,0,0,0,0,0,0,0,0,0,0,0,0,0,0,0,0,0,0,0,0,0.9644871,1,0.807796,0,0,0,0,0,0,0,0,0,0,0,0,0,0,0,0,0,0,0,0,0,0,0,0,0,0,0,0,0.638191,0.9494947,1,0.8843635,0,0,0,0,0,0,0,0,0,0,0,0,0,0,0,0,0,0,0,0,0,0,0,0,0,0,0,0,0,0,0.8726137,1,0.9415185,0,0,0,0,0,0,0,0,0,0,0,0,0,0,0,0,0,0,0,0,0,0,0,0,0,0,0,0,0,0,0.7044023,0.9722454,1,0.8251312,0,0,0,0,0,0,0,0,0,0,0,0,0,0
0,0,0,0,0,0,0,0,0,0,0,0,0,0,0,0.9312741,1,0.8994512,0,0,0,0,0,0,0,0,0,0,0,0,0,0,0,0,0,0,0,0,0,0,0,0,0,0,0,0,0,0,0,0.986423,1,0.7995308,0,0,0,0,0,0,0,0,0,0,0,0,0,0,0,0,0,0,0,0,0,0,0,0,0,0,0,0,0.6491976,0.9536041,1,0.8828458,0,0,0,0,0,0,0,0,0,0,0,0,0,0,0,0,0,0,0,0,0,0,0,0,0,0,0,0,0,0,0.8783907,1,0.9486273,0.6340331,0,0,0,0,0,0,0,0,0,0,0,0,0,0,0,0,0,0,0,0,0,0,0,0,0,0,0,0,0,0.7074545,0.968996,1,0.857657,0,0,0,0,0,0,0,0,0,0,0,0,0,0
0,0,0,0,0,0,0,0,0,0,0,0,0,0,0,0.9287047,1,0.8927212,0,0,0,0,0,0,0,0,0,0,0,0,0,0,0,0,0,0,0,0,0,0,0,0,0,0,0,0,0,0,0.7806853,1,0.9947765,0.7424648,0,0,0,0,0,0,0,0,0,0,0,0,0,0,0,0,0,0,0,0,0,0,0,0,0,0,0,0,0.6512303,0.9523466,1,0.8825172,0,0,0,0,0,0,0,0,0,0,0,0,0,0,0,0,0,0,0,0,0,0,0,0,0,0,0,0,0,0,0.8725789,1,0.9507083,0.6399353,0,0,0,0,0,0,0,0,0,0,0,0,0,0,0,0,0,0,0,0,0,0,0,0,0,0,0,0,0,0.718189,0.9745057,1,0.8249267,0,0,0,0,0,0,0,0,0,0,0,0,0,0
0,0,0,0,0,0,0,0,0,0,0,0,0,0,0,0.9264115,1,0.89856,0,0,0,0,0,0,0,0,0,0,0,0,0,0,0,0,0,0,0,0,0,0,0,0,0,0,0,0,0,0,0.7963937,0.9871103,1,0.7788159,0,0,0,0,0,0,0,0,0,0,0,0,0,0,0,0,0,0,0,0,0,0,0,0,0,0,0,0,0.6812261,0.9534144,1,0.884289,0,0,0,0,0,0,0,0,0,0,0,0,0,0,0,0,0,0,0,0,0,0,0,0,0,0,0,0,0,0,0.864281,1,0.9631472,0.6852632,0,0,0,0,0,0,0,0,0,0,0,0,0,0,0,0,0,0,0,0,0,0,0,0,0,0,0,0,0,0.7204247,0.9699138,1,0.8572786,0,0,0,0,0,0,0,0,0,0,0,0,0,0
0,0,0,0,0,0,0,0,0,0,0,0,0,0,0,0.8963174,1,0.9145817,0,0,0,0,0,0,0,0,0,0,0,0,0,0,0,0,0,0,0,0,0,0,0,0,0,0,0,0,0,0,0,0,1,0,0,0,0,0,0,0,0,0,0,0,0,0,0,0,0,0,0,0,0,0,0,0,0,0,0,0,0,0,0,0.9371546,1,0.8595908,0,0,0,0,0,0,0,0,0,0,0,0,0,0,0,0,0,0,0,0,0,0,0,0,0,0,0,0,0,0,0,1,0.9890248,0.8178166,0,0,0,0,0,0,0,0,0,0,0,0,0,0,0,0,0,0,0,0,0,0,0,0,0,0,0,0,0,0,0.9606615,1,0,0,0,0,0,0,0,0,0,0,0,0,0,0,0
0,0,0,0,0,0,0,0,0,0,0,0,0,0,0,0.8872504,1,0.8987611,0,0,0,0,0,0,0,0,0,0,0,0,0,0,0,0,0,0,0,0,0,0,0,0,0,0,0,0,0,0,0,1,0.9746896,0,0.939101,0.9045026,0,0,0,0,0,0,0,0,0,0,0,0,0,0,0,0,0,0,0,0,0,0,0,0,0,0.6534159,0.6327996,0.9284411,1,0.8920313,0,0,0,0,0,0,0,0,0,0,0,0,0,0,0,0,0,0,0,0,0,0,0,0,0,0,0,0,0,0.7516028,0.8420659,1,0.9631407,0.7293191,0,0,0,0,0,0,0,0,0,0,0,0,0,0,0,0,0,0,0,0,0,0,0,0,0,0,0,0,0,0,0.9175361,1,0.8767716,0,0.7169167,0.7326819,0.6866537,0,0,0,0,0,0,0,0,0,0
0,0,0,0,0,0,0,0,0,0,0,0,0.7519997,0.7522534,0,0.9126092,1,0.9156527,0,0,0,0,0,0,0,0,0,0,0,0,0,0,0,0,0,0,0,0,0,0,0,0,0,0,0,0,0,0,0,0.9747893,0.943454,0.9780803,0.9943936,1,0.9680949,0.8872185,0,0,0,0,0,0,0,0,0,0,0,0,0,0,0,0,0,0,0,0,0.6780965,0.7180144,0.7462695,0.7570707,0.7113976,0.9360126,1,0.9001799,0,0.7359877,0.7088794,0,0,0,0,0,0,0,0,0,0,0,0,0,0,0,0,0,0,0,0,0,0,0.7285272,0.8238152,0.8513193,0.8275295,0.7948409,0.8553476,1,0.952868,0,0.7816255,0.7802052,0.7218437,0,0,0,0,0,0,0,0,0,0,0,0,0,0,0,0,0,0,0,0,0,0,0.7337361,0.797038,0.8169508,0.804295,0.809138,0.9262028,1,0.9243351,0.7517602,0.789883,0,0.749236,0.73904,0,0,0,0,0,0,0,0,0
0,0,0,0,0.7010453,0.7323622,0,0.7289844,0.7096403,0.6487036,0.6843315,0.6648367,0.7252918,0.6947349,0.6936715,0.8978692,1,0.9083106,0,0,0,0,0,0,0,0,0,0,0,0,0,0,0,0,0,0,0,0,0,0,0,0.8471392,0.8604162,0.9348999,0.8977314,0,0,0,0.9804974,1,0.8553499,0.9357684,0.873019,0.8785169,0.8408951,0,0,0,0,0,0,0,0,0,0,0,0,0,0,0,0,0,0.655631,0.7152144,0.7022291,0.6364338,0.653328,0.7345909,0.6525986,0.5916495,0,0.91917,1,0.913493,0.5777851,0.6590396,0.6025537,0,0,0,0,0,0,0,0,0,0,0,0,0,0,0,0,0,0,0.7198996,0.7366248,0.7051582,0,0.6756654,0.6671448,0.681197,0,0,0.8315208,1,0.9849891,0.8052111,0.6825836,0,0,0,0,0,0,0,0,0,0,0,0,0,0,0,0,0,0,0,0.662092,0.6920599,0.6839697,0,0.7236692,0.7657562,0.6958669,0.6765189,0.7540531,0.7487203,0.9592641,1,0.8553172,0.7458052,0.6570448,0.6881104,0,0,0,0,0,0,0,0,0,0,0
0,0,0,0,0,0.7978002,0.7954972,0.7060729,0,0.7239153,0.7443925,0.7630443,0.7179523,0,0.7164147,0.8986743,1,0.923233,0,0,0,0,0,0,0,0,0,0,0,0,0,0,0,0,0,0,0,0,0.7822804,0.8139264,0.867429,0.9554883,0.9419521,1,0.9623673,0,0,0,0.8104038,0.7834477,0,0,0.8401603,0.8051708,0,0,0,0,0,0,0,0,0,0,0,0,0,0,0.6719733,0.6671985,0.6630731,0,0.6915342,0.6906533,0.7397428,0.745244,0.7954301,0.7239221,0.6619257,0.6744169,0.6901971,0.9288487,1,0.9037272,0,0,0,0,0,0,0,0,0,0,0,0,0,0,0,0,0,0.7184286,0.7030478,0,0.7232817,0.7225343,0,0,0.7318699,0.7422038,0.6992428,0,0,0,0.8550712,1,0.9825819,0.7834917,0,0,0,0,0,0,0,0,0,0,0,0,0,0,0,0,0.7106583,0.7219567,0.7613555,0,0.7893612,0.8305435,0.8225458,0.8021162,0.8203599,0.8192906,0.7299431,0,0.7338712,0.7345484,0.9349806,1,0.9012093,0,0,0,0,0,0,0,0,0,0,0,0,0,0
0,0,0,0,0,0,0,0,0.7495361,0.8094119,0.7918913,0.8363186,0.7907619,0,0,0.9170324,1,0.9250531,0,0,0,0,0,0,0,0,0,0,0,0,0,0,0,0,0,0,0,0.8786593,0.918636,0,0.8939549,0.9861752,1,0.899996,0.8626392,0.863106,0,0,0.9133439,0.9270375,0.8685186,0,0,0,0,0,0,0,0,0,0,0,0,0,0,0,0,0,0,0,0.7359504,0.7530373,0.7702954,0.7637706,0,0.7592785,0.7966117,0.7886479,0.7819568,0,0.7408161,0.9488323,1,0.9114228,0,0,0,0,0,0,0,0,0,0,0,0,0,0,0,0,0,0,0.7693806,0.7756092,0.7650355,0.7520775,0,0.7851,0.8079848,0.8276743,0.8420717,0.83866,0.7591248,0,0.8646176,1,0.9833332,0.78508,0,0,0,0,0,0,0,0,0,0,0,0,0,0,0,0,0,0,0,0.806495,0.7964839,0.8803985,0.8521302,0.8528612,0.828824,0.789518,0.8243986,0.807265,0.7699965,0.8054993,0.9533422,1,0.8776296,0,0,0,0,0,0,0,0,0,0,0,0,0,0
0,0,0,0,0,0,0,0,0,0,0.9012827,0.9633742,0.9212204,0,0.718067,0.9176041,1,0.9229187,0,0,0,0,0,0,0,0,0,0,0,0,0,0,0,0,0,0,0,0.8460015,0.9129214,0.9778676,1,0.9510686,0.9206322,0.9476387,0.9119597,0.8519367,0,0.8414747,0.8646976,0.8881124,0.8637469,0,0,0,0,0,0,0,0,0,0,0,0,0,0,0,0,0,0,0.6750644,0.7239783,0.7863575,0.8208591,0.7691179,0.771145,0.7560106,0.7941819,0.8578392,0.7842118,0.7400922,0.6880701,0.9380333,1,0.9041475,0,0,0,0,0,0,0,0,0,0,0,0,0,0,0,0,0,0,0,0.720885,0.7334813,0.739671,0,0.777127,0.7547932,0.7278005,0.8897883,0.9100322,0.7498924,0,0.8638313,1,0.9811922,0.7660877,0,0,0,0,0,0,0,0,0,0,0,0,0,0,0,0,0,0,0.7255133,0.7489774,0.8493383,0.8564341,0.8209956,0.7600963,0.7282007,0.8091416,0.8808481,0.7600132,0.7618353,0.7711851,0.9562731,1,0.8449121,0,0,0,0,0,0,0,0,0,0,0,0,0,0
0,0,0,0,0,0,0,0,0,0.7182738,0.8653619,0.9227892,0.8747111,0.7777237,0.7637989,0.8997565,1,0.918528,0,0,0,0,0,0,0,0,0,0,0,0,0,0,0,0,0,0,0,0,0,0.8201597,0.9177161,0.9975476,1,0.9830414,0.9743488,0.8891175,0.8487261,0.7716282,0,0.7977115,0,0.7818679,0.7862667,0,0,0,0,0,0,0,0,0,0,0,0,0,0,0,0,0,0,0.5642667,0.6458382,0.7199115,0.6701578,0.7502069,0.7710941,0.8010172,0.6741113,0.6989518,0.7022738,0.9377111,1,0.890308,0,0,0,0,0,0,0,0,0,0,0,0,0,0,0,0,0,0,0,0,0,0,0.7311765,0.7213131,0.775752,0.8587673,0.9219299,0.8520644,0.7817088,0.6658655,0.7630945,0.9979634,1,0.7685689,0,0,0,0,0,0,0,0,0,0,0,0,0,0,0,0,0,0,0,0,0.6652784,0.7613097,0.7786269,0.7673352,0.775664,0.8244831,0.6730038,0.792527,0.7131054,0.7298907,0.9716645,1,0.8447267,0,0,0,0,0,0,0,0,0,0,0,0,0,0
0,0,0,0,0,0,0,0,0,0,0.6634896,0.7438399,0.8428555,0.9236085,0.8769221,0.9140846,1,0.8989555,0,0,0,0,0,0,0,0,0,0,0,0,0,0,0,0,0,0,0,0,0,0,0,0,0.8888431,0.8611155,0,0.7938699,0.8941263,0,0.9819468,1,0.9415842,0,0,0,0,0,0,0,0,0,0,0,0,0,0,0,0,0,0,0,0,0,0,0.6145199,0,0.6934034,0.6331093,0.7182372,0.8169968,0.8022209,0.7067655,0.9404013,1,0.8899415,0.6315634,0,0,0,0,0,0,0,0,0,0,0,0,0,0,0,0,0,0,0,0,0,0,0,0,0.6404744,0.729816,0.8424922,0.8671741,0.789796,0.8637855,1,0.9737697,0.787556,0.6677904,0,0,0,0,0,0,0,0,0,0,0,0,0,0,0,0,0,0,0,0,0,0,0,0.7345513,0.8097902,0.7647818,0.7712758,0.7850473,0.7823613,0.970792,1,0.8713695,0.660166,0.6652494,0,0,0,0,0,0,0,0,0,0,0,0
0,0,0,0,0,0,0,0,0,0,0,0,0.7676345,0.8245723,0.8263762,0.8993579,1,0.921135,0,0,0,0,0,0,0,0,0,0,0,0,0,0,0,0,0,0,0,0,0,0,0,0,0,0,0,0.8228651,0.8267285,0.8252051,0.8483126,1,0.9483425,0.799138,0,0,0,0,0,0,0,0,0,0,0,0,0,0,0,0,0,0,0,0,0,0,0,0,0,0,0.7397403,0,0.7114018,0.9547921,1,0.888931,0.7399716,0,0,0,0,0,0,0,0,0,0,0,0,0,0,0,0,0,0,0,0,0,0,0,0,0,0,0,0.7458612,0,0.8491449,1,0.9718717,0.8081481,0.7434055,0.7566953,0.7274132,0,0,0,0,0,0,0,0,0,0,0,0,0,0,0,0,0,0,0,0,0,0,0,0,0,0,0.7916265,0.9276738,1,0.8830669,0.7797764,0,0,0,0,0,0,0,0,0,0,0,0,0
0,0,0,0,0,0,0,0,0,0,0,0,0,0,0,0.9383579,1,0.880719,0,0,0,0,0.7003376,0.715201,0,0,0,0,0,0,0,0,0,0,0,0,0,0,0,0,0,0,0,0,0,0.769409,0.7739202,0.7521434,0.8677782,1,0.9781565,0.8612932,0.7762701,0,0,0,0,0,0,0,0,0,0,0,0,0,0,0,0,0,0,0,0,0,0,0,0,0,0.6671172,0,0,0.9511092,1,0.8851749,0.6748809,0.7095343,0.6667097,0,0,0,0,0,0,0,0,0,0,0,0,0,0,0,0,0,0,0,0,0,0,0,0,0,0,0,0.8638151,1,0.9463271,0,0.7141488,0,0,0,0,0.6987915,0.6979818,0,0,0,0,0,0,0,0,0,0,0,0,0,0,0,0,0,0,0,0,0,0,0.7708105,0.9785476,1,0.8106738,0.8687111,0.8658001,0.7779306,0,0,0,0,0,0,0,0,0,0,0
0,0,0,0,0,0,0,0,0,0,0,0,0,0,0,0.9170898,1,0.8883002,0,0,0,0,0.6329164,0,0.6159703,0.7152783,0.6508302,0.6455961,0,0,0,0,0,0,0,0,0,0,0,0,0,0,0,0,0,0,0,0,0.82127,1,0.9578651,0.6918145,0,0.7633604,0.8387369,0.7264138,0.6903122,0.6913296,0,0,0,0,0,0,0,0,0,0,0,0,0,0,0,0,0,0,0,0,0,0,0.6313134,0.946148,1,0.8679184,0,0,0.6008542,0,0,0,0.6190901,0.598484,0,0,0,0,0,0,0,0,0,0,0,0,0,0,0,0,0,0,0,0,0,0,0.873166,1,0.9435487,0.6691859,0,0,0,0,0.673189,0.6909361,0.7264143,0.695105,0.6439348,0,0,0,0,0,0,0,0,0,0,0,0,0,0,0,0,0,0,0,0,0,0.9621126,1,0.8182933,0.709872,0.679804,0.7021327,0.7642001,0.6835226,0,0,0,0,0,0,0,0,0
0,0,0,0,0,0,0,0,0,0,0,0,0,0,0,0.9220036,1,0.9075699,0,0,0,0.7374822,0.7834579,0,0.8102244,0.760691,0,0,0,0,0,0,0,0,0,0,0,0,0,0,0,0,0,0,0,0,0,0,0.8700283,1,0.9498467,0,0,0.8200323,0,0.8720939,0.8096279,0,0,0,0,0,0,0,0,0,0,0,0,0,0,0,0,0,0,0,0,0,0,0,0.6746831,0.9577246,1,0.8795165,0,0,0,0,0,0,0.7050779,0.7587567,0,0,0,0,0,0,0,0,0,0,0,0,0,0,0,0,0,0,0,0,0,0,0.8760713,1,0.9474193,0.7228303,0.7462643,0.7177263,0,0,0.7105675,0.745065,0.7776264,0.7923825,0,0,0,0,0,0,0,0,0,0,0,0,0,0,0,0,0,0,0,0,0,0.7115094,0.9733605,1,0.8430207,0.7807201,0.8235705,0.7947892,0,0,0,0,0,0,0,0,0,0,0
0,0,0,0,0,0,0,0,0,0,0,0,0,0,0,0.9313544,1,0.8991312,0,0,0,0.7670593,0.7822117,0.878232,0.832308,0.673433,0,0,0,0,0,0,0,0,0,0,0,0,0,0,0,0,0,0,0,0,0,0,0.8467255,1,0.9882113,0.8365371,0.8058258,0.8437856,0.8854686,0.8608208,0,0,0,0,0,0,0,0,0,0,0,0,0,0,0,0,0,0,0,0,0,0,0,0,0,0.94994,1,0.8748458,0.6369864,0.6554192,0.626142,0.7326294,0.7488587,0.7595849,0.7952238,0.7077444,0,0,0,0,0,0,0,0,0,0,0,0,0,0,0,0,0,0,0,0,0,0,0.8766527,1,0.9467012,0.7298777,0,0,0,0.7582517,0.7140858,0.7907577,0.8044964,0.703771,0,0,0,0,0,0,0,0,0,0,0,0,0,0,0,0,0,0,0,0,0,0,0.9578155,1,0.8712528,0.7021025,0,0.7560289,0.7266161,0.8515654,0.8174042,0,0,0,0,0,0,0,0
0,0,0,0,0,0,0,0,0,0,0,0,0,0,0,0.9251427,1,0.8727327,0.7407071,0.7378428,0.6897544,0.8864188,0.909683,0.8325138,0.6543856,0,0,0,0,0,0,0,0,0,0,0,0,0,0,0,0,0,0,0,0,0,0,0,0.7806529,1,0.9698638,0.8267103,0.7975739,0.7557746,0.8424144,0.8489566,0.8057716,0,0,0,0,0,0,0,0,0,0,0,0,0,0,0,0,0,0,0,0,0,0,0,0.6426809,0.94806,1,0.8833827,0.6137121,0.6296197,0.6698798,0,0.7690049,0.7616699,0.6615742,0,0,0,0,0,0,0,0,0,0,0,0,0,0,0,0,0,0,0,0,0,0,0,0.8633609,1,0.9458877,0,0.6549106,0.6693097,0.7310237,0.7638307,0.806525,0.7365941,0,0,0,0,0,0,0,0,0,0,0,0,0,0,0,0,0,0,0,0,0,0,0,0.7028368,0.9741653,1,0.8515284,0.7724846,0.7125502,0.8283177,0.8507168,0.7215677,0.8187978,0.7067432,0,0,0,0,0,0,0
0,0,0,0,0,0,0,0,0,0,0,0,0,0,0,0.9273145,1,0.8989174,0.7826381,0.8392016,0.834478,0.7644371,0.6741502,0,0,0,0,0,0,0,0,0,0,0,0,0,0,0,0,0,0,0,0,0,0,0,0,0,0.8283842,1,0.998573,0.8797626,0,0.8799023,0.8103021,0,0,0,0,0,0,0,0,0,0,0,0,0,0,0,0,0,0,0,0,0,0,0,0,0,0.6266916,0.9453239,1,0.8695213,0.7474933,0.7750632,0.7341679,0.6773325,0,0,0,0,0,0,0,0,0,0,0,0,0,0,0,0,0,0,0,0,0,0,0,0,0,0,0.8684517,1,0.9386852,0.7909588,0.8322733,0.8324211,0.7974986,0.7289517,0,0,0,0,0,0,0,0,0,0,0,0,0,0,0,0,0,0,0,0,0,0,0,0,0,0,0.9724901,1,0.8831259,0.7651653,0.9100311,0.8836948,0.7891446,0,0,0,0,0,0,0,0,0,0
0,0,0,0,0,0,0,0,0,0,0,0,0,0,0,0.9226863,1,0.9059864,0.7894187,0.7608833,0,0,0,0,0,0,0,0,0,0,0,0,0,0,0,0,0,0,0,0,0,0,0,0,0,0,0,0,0.8495776,1,0.965206,0.9411134,0.959354,0.9469479,0.8190198,0,0,0,0,0,0,0,0,0,0,0,0,0,0,0,0,0,0,0,0,0,0,0,0,0,0.6917944,0.9561722,1,0.8735039,0.8002476,0.8088272,0.692032,0,0,0,0,0,0,0,0,0,0,0,0,0,0,0,0,0,0,0,0,0,0,0,0,0,0,0,0.8631114,1,0.9788914,0.8437904,0.8284566,0.7427949,0,0,0,0,0,0,0,0,0,0,0,0,0,0,0,0,0,0,0,0,0,0,0,0,0,0,0,0,1,0.9905139,0,0.9480084,0.9619362,0.8281915,0,0,0,0,0,0,0,0,0,0,0
