GestureName: mu
Duration(ms): 1316
Handedness: right

SpeakerAngles: 5
55
-55
0
0
110

SpeakerElevations: 5
-10
-10
-10
0
30

InterpretedPoints: 28
0,0,0
0,0,0
0,0,0
2.43430264681035,4.94208176203599,0.479055466999209
2.43430264681035,6.05661455797545,-0.0418890660015822
-0.806707284111599,7.66420307041529,-0.868240888334652
0.813797681349374,3.6582251263106,-0.0209445330007911
-1.6134145682232,0,0
-2.4201218523348,-0.564862521463624,0.17364817766693
-7.28163674871771,-7.32527894671305,-0.284462756331487
-8.09543443006709,-12.9835040730236,-0.263518223330696
-4.89696688257179,-19.1575021769257,-0.874332801995254
-2.476845030237,-18.8672819883044,-0.527036446661393
-0.0283615889511002,-13.1132291159509,0.0837781320031643
-1.63468575993652,-5.77560867223722,-0.631759111665348
0,0,0
0,0,0
0,0,0
0,0,0
0.820888078587149,7.07180680496324,0.131759111665348
0.0283615889511002,10.1436136099265,0.263518223330696
4.91114767704734,24.7941715033526,0.832443735993671
11.3789867444157,28.1713907439249,1.48514738065981
4.09025959846019,8.00478342877702,3.47905546699921
-0.806707284111599,-1.56486252146362,0.17364817766693
0,0,0
0,0,0
0,0,0

StrokePoints: 29
0,0,0
0,0,0
0,0,0
0,0,0
2.43430264681035,4.94208176203599,0.479055466999209
4.86860529362069,10.9986963200114,0.437166400997627
4.06189800950909,18.6628993904267,-0.431074487337025
4.87569569085847,22.3211245167373,-0.452019020337816
3.26228112263527,22.3211245167373,-0.452019020337816
0.842159270300474,21.7562619952737,-0.278370842670886
-6.43947747841724,14.4309830485607,-0.562833599002373
-14.5349119084843,1.44747897553701,-0.826351822333069
-19.4318787910561,-17.7100232013887,-1.70068462432832
-21.9087238212931,-36.5773051896931,-2.22772107098972
-21.9370854102442,-49.690534305644,-2.14394293898655
-23.5717711701807,-55.4661429778812,-2.7757020506519
-23.5717711701807,-55.4661429778812,-2.7757020506519
-23.5717711701807,-55.4661429778812,-2.7757020506519
-23.5717711701807,-55.4661429778812,-2.7757020506519
-23.5717711701807,-55.4661429778812,-2.7757020506519
-22.7508830915936,-48.3943361729179,-2.64394293898655
-22.7225215026425,-38.2507225629915,-2.38042471565586
-17.8113738255952,-13.4565510596389,-1.54798097966218
-6.43238708117947,14.7148396842861,-0.0628335990023743
-2.34212748271927,22.7196231130631,3.41622186799683
-3.14883476683087,21.1547605915994,3.58987004566376
-3.14883476683087,21.1547605915994,3.58987004566376
-3.14883476683087,21.1547605915994,3.58987004566376
-3.14883476683087,21.1547605915994,3.58987004566376

Velocities: 28
0,0,0
0,0,0
0,0,0
1,0,2
2,1,3
1,2,2
0,0,3
-1,1,0
-2,1,0
-5,1,-3
-5,1,-6
-4,-6,-8
-4,-9,-7
-1,-5,-6
-1,-2,-2
0,0,0
0,0,0
0,0,0
0,0,0
1,2,2
1,5,4
5,9,10
8,6,12
-2,1,4
-1,0,0
0,0,0
0,0,0
0,0,0

InverseVelocities: 28
0,0,0
0,0,0
0,0,0
0,0,0
0,0,0
0,0,-1
0,0,0
0,0,0
0,0,0
0,0,1
0,0,1
0,0,0
0,0,0
0,0,0
0,0,0
0,0,0
0,0,0
0,0,0
0,0,0
0,0,0
0,0,0
0,0,0
0,0,0
0,0,-1
0,0,0
0,0,0
0,0,0
0,0,0

RawData: 28
0,0,0,0,0,0,0,0,0,0,0,0,0,0,0,0.9146274,1,0.9300521,0,0,0,0,0,0,0,0,0,0,0,0,0,0,0,0,0,0,0,0,0,0,0,0,0,0,0,0,0,0,0.834275,1,0.9785233,0,0,0,0,0,0,0,0,0,0,0,0,0,0,0,0,0,0,0,0,0,0,0,0,0,0,0,0,0,0,0.9411631,1,0.9194949,0.7893769,0,0,0,0,0,0,0,0,0,0,0,0,0,0,0,0,0,0,0,0,0,0,0,0,0,0,0,0,0,0.8523699,1,0.990212,0.8776243,0,0,0,0,0,0,0,0,0,0,0,0,0,0,0,0,0,0,0,0,0,0,0,0,0,0,0,0,0,0,1,0.9993531,0.9676975,0.8840038,0,0,0,0,0,0,0,0,0,0,0,0,0
0,0,0,0,0,0,0,0,0,0,0,0,0,0,0,0.9158503,1,0.8971499,0,0,0,0,0,0,0,0,0,0,0,0,0,0,0,0,0,0,0,0,0,0,0,0,0,0,0,0,0,0,0.8065333,1,0.9791351,0,0,0,0,0,0,0,0,0,0,0,0,0,0,0,0,0,0,0,0,0,0,0,0,0,0,0,0,0,0,0.9261619,1,0.9388198,0.7993487,0,0,0,0,0,0,0,0,0,0,0,0,0,0,0,0,0,0,0,0,0,0,0,0,0,0,0,0,0,0.8334795,1,0.9790066,0.8530065,0.7113234,0,0,0,0,0,0,0,0,0,0,0,0,0,0,0,0,0,0,0,0,0,0,0,0,0,0,0,0,0,0.9172122,1,0.9478717,0.7441358,0,0,0,0,0,0,0,0,0,0,0,0,0
0,0,0,0,0,0,0,0,0,0,0,0,0,0,0,0.8946057,1,0.9285599,0.7823223,0,0,0,0,0,0,0,0,0,0,0,0,0,0,0,0,0,0,0,0,0,0,0,0,0,0,0,0,0,0.7632139,0.9882326,1,0.8175322,0.6751688,0,0,0,0,0,0,0,0,0,0,0,0,0,0,0,0,0,0,0,0,0,0,0,0,0,0,0,0,0.9301714,1,0.8815262,0.7230715,0,0,0,0,0,0,0,0,0,0,0,0,0,0,0,0,0,0,0,0,0,0,0,0,0,0,0,0,0,0.8462268,1,0.9772545,0.7749558,0.6970797,0,0,0,0,0,0,0,0,0,0,0,0,0,0,0,0,0,0,0,0,0,0,0,0,0,0,0,0,0,0.9357355,1,0.8360674,0.7405741,0,0,0,0,0,0,0,0,0,0,0,0,0
0,0,0,0,0,0,0,0,0,0,0,0,0,0,0,0.8805394,1,0.9597352,0.8346663,0.8104646,0.7467762,0,0,0,0,0,0,0,0,0,0,0,0,0,0,0,0,0,0,0,0,0,0,0,0,0,0,0,0.8232582,0.9958161,1,0.8613986,0.7652799,0,0,0,0,0,0,0,0,0,0,0,0,0,0,0,0,0,0,0,0,0,0,0,0,0,0,0,0,0.9302438,1,0.9209731,0.7643546,0.6526713,0.7004767,0.6457294,0,0,0,0,0,0,0,0,0,0,0,0,0,0,0,0,0,0,0,0,0,0,0,0,0,0,0.8414806,1,0.9687055,0.8101522,0.8542958,0.7831218,0.7583405,0.687987,0,0,0,0,0,0,0,0,0,0,0,0,0,0,0,0,0,0,0,0,0,0,0,0,0,0.6778042,0.9269164,1,0.913979,0.7793154,0.6843169,0.7114986,0,0,0,0,0,0,0,0,0,0,0
0,0,0,0,0,0,0,0,0,0,0,0,0,0,0,0.8894889,1,0.9191188,0.8190864,0.8002996,0.6742467,0.6536533,0,0,0,0,0,0,0,0,0,0,0,0,0,0,0,0,0,0,0,0,0,0,0,0,0.7444175,0.7037413,0.7496527,0.9956031,1,0.8143008,0.8101827,0.74707,0,0,0,0,0,0,0,0,0,0,0,0,0,0,0,0,0,0,0,0,0,0,0,0,0,0.669837,0.7798089,0.9407266,1,0.8541318,0.7175954,0.7343798,0.6665745,0.6654087,0.6459325,0,0,0,0,0,0,0,0,0,0,0,0,0,0,0,0,0,0,0,0,0,0,0,0.6406186,0.8097453,0.7793771,1,0.9957129,0.7901336,0.8459816,0.8087826,0.7535892,0,0,0,0,0,0,0,0,0,0,0,0,0,0,0,0,0,0,0,0,0,0,0,0,0,0.7069157,0.8425158,0.9724314,1,0.8504083,0.8120803,0.7944518,0.7380941,0,0,0,0,0,0,0,0,0,0,0
0,0,0,0,0,0,0,0,0,0,0,0,0,0.6266108,0.7750591,0.9375976,1,0.9126002,0,0.6783139,0.6532695,0,0,0,0,0,0,0,0,0,0,0,0,0,0,0,0,0,0,0,0,0,0,0,0,0,0.7497342,0.7088745,0,0.9922367,1,0.8145228,0.8495557,0.8286819,0.8119229,0,0,0,0,0,0,0,0,0,0,0,0,0,0,0,0,0,0,0,0,0,0,0,0.6204248,0.7481237,0.8277079,0.9467201,1,0.8858766,0.7876621,0.7788736,0.7339807,0.6728783,0,0,0,0,0,0,0,0,0,0,0,0,0,0,0,0,0,0,0,0,0,0,0,0.6714544,0.7331522,0.8494016,0.8792579,1,0.979679,0.7579928,0.7366499,0.6996731,0.6747189,0.6781418,0.6355315,0,0,0,0,0,0,0,0,0,0,0,0,0,0,0,0,0,0,0,0,0,0,0.6671988,0.7484981,0.8235978,0.9046125,1,0.9093587,0.7211418,0,0,0,0,0,0,0,0,0,0,0,0,0
0,0,0,0,0,0,0,0,0,0,0,0,0,0.7257036,0.729677,0.9070539,1,0.8810655,0.7144709,0.7400864,0,0,0,0,0,0,0,0,0,0,0,0,0,0,0,0,0,0,0,0,0,0,0,0,0,0,0.6853654,0,0.8651419,1,0.958809,0.7456342,0.7611831,0,0,0,0,0,0,0,0,0,0,0,0,0,0,0,0,0,0,0,0,0,0,0,0,0,0,0.679276,0.7725066,0.9422246,1,0.8800626,0.7156909,0.7087775,0.6554812,0.62575,0.6472819,0,0,0,0,0,0,0,0,0,0,0,0,0,0,0,0,0,0,0,0,0,0,0.6726551,0.6937317,0.6574731,0.8650697,1,0.9466434,0.669881,0.7437721,0.7066295,0,0,0,0,0,0,0,0,0,0,0,0,0,0,0,0,0,0,0,0,0,0,0,0,0,0,0,0.749359,0.9822487,1,0.8369216,0.6536778,0.6833681,0,0,0,0,0,0,0,0,0,0,0,0
0,0,0,0,0,0,0,0,0,0,0,0,0.729332,0.7335808,0,0.9337198,1,0.9138123,0.7616754,0,0,0,0,0,0,0,0,0,0,0,0,0,0,0,0,0,0,0,0,0,0,0,0,0,0,0,0,0,0.894887,1,0.9704877,0.8250256,0.8245637,0.766476,0,0,0,0,0,0,0,0,0,0,0,0,0,0,0,0,0,0,0,0,0,0,0,0,0,0,0.6559068,0.9541962,1,0.8826501,0.6676622,0.6431437,0,0,0,0,0,0,0,0,0,0,0,0,0,0,0,0,0,0,0,0,0,0,0,0,0,0,0.7061025,0.6847371,0.8910795,1,0.9480251,0.7418972,0,0,0,0,0,0,0,0,0,0,0,0,0,0,0,0,0,0,0,0,0,0,0,0,0,0,0,0.7030631,0.6999423,0.8523386,0.9936364,1,0.8541911,0.6688839,0,0,0,0,0,0,0,0,0,0,0,0,0
0,0,0,0,0,0,0,0,0,0,0,0.6444037,0.7271113,0.8190006,0.8169876,0.9429271,1,0.863901,0,0,0,0,0,0,0,0,0,0,0,0,0,0,0,0,0,0,0,0,0,0,0,0,0,0,0,0,0,0,0.7880333,0.9772462,1,0.8198058,0.7633587,0.7762418,0,0,0,0,0,0,0,0,0,0,0,0,0,0,0,0,0,0,0,0,0,0,0,0,0,0.7184232,0.7742865,0.9467698,1,0.866172,0.6601737,0.6604489,0,0,0,0,0,0,0,0,0,0,0,0,0,0,0,0,0,0,0,0,0,0,0,0,0,0,0,0.7371827,0.8956637,1,0.9407966,0.6504149,0,0,0,0,0,0,0,0,0,0,0,0,0,0,0,0,0,0,0,0,0,0,0,0,0,0,0,0.6510847,0.752139,0.7451921,0.9600275,1,0.8298454,0,0,0,0,0,0,0,0,0,0,0,0,0,0
0,0,0,0,0,0,0,0,0.6591244,0.7089965,0.6973097,0.6805942,0.7117822,0.7847549,0.6853662,0.932634,1,0.8895885,0.6390755,0,0,0,0,0,0,0,0,0,0,0,0,0,0,0,0,0,0,0,0,0,0,0,0,0,0,0,0.7156746,0.7476425,0.8764082,1,0.9367583,0.8908885,0.7270973,0.7905933,0,0,0,0,0,0,0,0,0,0,0,0,0,0,0,0,0,0,0,0,0,0,0.6099799,0.6791118,0,0.7389812,0.6584966,0.9605114,1,0.8350852,0.6491672,0.6348963,0.595045,0,0,0,0,0,0,0,0,0,0,0,0,0,0,0,0,0,0,0,0,0,0,0.6346996,0.7129419,0.730418,0.6598514,0.7226528,0.892684,1,0.9482925,0.6569631,0,0,0,0,0,0,0,0,0,0,0,0,0,0,0,0,0,0,0,0,0,0,0,0,0.6958485,0.7753284,0.7802894,0.786088,0.7795719,0.812533,0.9274843,1,0.7657716,0.7197278,0,0,0,0,0,0,0,0,0,0,0,0,0
0,0,0,0,0,0,0,0,0.6757151,0,0.720962,0.7682332,0,0.8164209,0.8053297,0.9154504,1,0.8927832,0,0,0,0,0,0,0,0,0,0,0,0,0,0,0,0,0,0,0,0,0,0,0,0,0,0,0,0,0.8075981,0.7318939,0.8879269,1,0.9877046,0.8442541,0.7644587,0.6926085,0,0,0,0,0,0,0,0,0,0,0,0,0,0,0,0,0,0,0,0.7312624,0.7628247,0.6519135,0.6834996,0.7321026,0.7717361,0.6886222,0.7040032,0.945003,1,0.8832716,0.666144,0.6765534,0.6232218,0,0,0,0,0,0,0,0,0,0,0,0,0,0,0,0,0,0,0,0.705076,0.7957819,0.7585195,0.6828512,0.7930102,0.776744,0.7092103,0.7648187,0.8786821,1,0.9468642,0.6741259,0.6451802,0,0,0,0,0,0,0,0,0,0,0,0,0,0,0,0,0,0,0,0,0,0,0.7296585,0.7185636,0,0.7176028,0.8031399,0.7243169,0.8201876,0.9915492,1,0.8364025,0.7818768,0.7363046,0,0,0,0,0,0,0,0,0,0,0,0
0,0,0,0,0,0,0,0,0,0.7288777,0.7191626,0.6919913,0.7411664,0.7323818,0,0.922751,1,0.9065777,0,0,0,0,0,0,0,0,0,0,0,0,0,0,0,0,0,0,0,0,0,0,0.7410766,0.7940454,0.7629733,0,0.7783933,0.8987506,0.9353943,0.8453055,0.8297836,1,0.9863584,0,0,0,0,0,0,0,0,0,0,0,0,0,0,0,0,0,0,0,0,0.6680279,0.8065084,0.8516999,0.755823,0.7636453,0.7926899,0.7912197,0.8085774,0.7174861,0.7268178,0.9488369,1,0.8593962,0,0,0,0,0,0,0,0,0,0,0,0,0,0,0,0,0,0,0,0,0.6890662,0.7361115,0.8179464,0.8431856,0.8449508,0.7936531,0.8177547,0.7941294,0.7770728,0.8700411,0.7949781,1,0.9549296,0.659524,0,0,0,0,0,0,0,0,0,0,0,0,0,0,0,0,0,0,0,0.7210164,0.7031544,0.6906446,0.7951954,0.83281,0.8122416,0.7645417,0.7803996,0.7655905,0.7765563,0.7789987,0.956649,1,0.86155,0,0,0,0,0,0,0,0,0,0,0,0,0,0
0,0,0,0,0,0,0,0,0,0.7002217,0,0.7285075,0,0.7770826,0.8952438,0.8752207,1,0.8865866,0,0,0,0,0,0,0,0,0,0,0,0,0,0,0,0,0,0,0,0.668758,0.7011687,0,0.6871377,0.7518777,0,0,0.7198439,0.7684929,0.6723887,0.8076103,0.7979776,1,0.9865846,0.8153749,0,0,0,0,0,0,0,0,0,0,0,0,0,0,0,0,0,0,0,0,0.7110954,0.7346556,0.786819,0.7988218,0.7392662,0,0.7706313,0.746695,0.7406567,0.9339266,1,0.8492742,0.7024566,0.6360124,0,0,0,0,0,0,0,0,0,0,0,0,0,0,0,0,0,0,0,0.6777353,0.6823722,0.6806879,0.8189626,0.8491963,0.7909687,0.7884006,0.8758437,0.8352662,0.9123361,1,0.9419975,0,0,0,0,0,0,0,0,0,0,0,0,0,0,0,0,0,0,0,0,0.6690053,0.7480642,0.6950693,0.7560167,0.7383749,0.788036,0.8082785,0.7955716,0.8521502,0.7745538,0.8880099,0.9876897,1,0.8536327,0,0,0,0,0,0,0,0,0,0,0,0,0,0
0,0,0,0,0,0,0,0,0,0,0,0,0.748162,0.7817185,0.8120489,0.9617808,1,0.8920703,0,0,0,0,0,0,0,0,0,0,0,0,0,0,0,0,0,0,0,0,0,0,0,0.7563005,0.7659583,0.7966096,0.8131314,0,0.8144418,0.9187758,0.8773813,1,0.9596926,0,0,0,0,0,0,0,0,0,0,0,0,0,0,0,0,0,0,0,0,0,0,0.6805806,0.7492709,0.7636804,0.7435331,0.8110833,0.7949353,0,0.8004314,0.9754043,1,0.8806491,0.668927,0,0,0,0,0,0,0,0,0,0,0,0,0,0,0,0,0,0,0,0,0,0,0.6797268,0.6853442,0.7625394,0.8571734,0.8660056,0.7447082,0.707532,0.9279729,1,0.9497852,0.721057,0,0,0,0,0,0,0,0,0,0,0,0,0,0,0,0,0,0,0,0,0,0,0,0.8878258,0.9060864,0.9149573,0.9643406,0.9186757,0.9936072,0.9241727,0.953185,1,0,0,0,0,0,0,0,0,0,0,0,0,0,0,0
0,0,0,0,0,0,0,0,0,0,0,0,0.6885805,0.7681106,0.8415833,0.9479146,1,0.8803272,0,0,0,0,0,0,0,0,0,0,0,0,0,0,0,0,0,0,0,0,0,0,0,0,0,0,0.728395,0.7198734,0.7433614,0.9226661,0.8615873,1,0.9730344,0.7688441,0,0,0,0,0,0,0,0,0,0,0,0,0,0,0,0,0,0,0,0,0,0,0,0,0,0.745566,0.8348874,0.8917791,0.9296986,0.9241973,1,0.8695889,0,0,0,0,0,0,0,0,0,0,0,0,0,0,0,0,0,0,0,0,0,0,0,0,0,0.6701207,0.7610508,0.8211676,0.8535881,0.9011167,0.6772879,1,0.9535267,0.653936,0,0,0,0,0,0,0,0,0,0,0,0,0,0,0,0,0,0,0,0,0,0,0,0,0.7061437,0.7562028,0.8154539,0.859875,0.8896029,0.714287,0.981971,1,0.8444614,0,0,0,0,0,0,0,0,0,0,0,0,0,0
0,0,0,0,0,0,0,0,0,0,0,0,0,0,0.7732775,0.9676098,1,0.8771263,0,0,0,0,0,0,0,0,0,0,0,0,0,0,0,0,0,0,0,0,0,0,0,0,0,0,0,0,0,0.6949322,0.9216583,1,0.9470625,0.7073709,0,0,0,0,0,0,0,0,0,0,0,0,0,0,0,0,0,0,0,0,0,0,0,0,0,0,0,0,0.8277736,0.9642324,1,0.8678536,0,0,0,0,0,0,0,0,0,0,0,0,0,0,0,0,0,0,0,0,0,0,0,0,0,0,0,0,0,0.7541886,0.9455011,1,0.9245867,0,0,0,0,0,0,0,0,0,0,0,0,0,0,0,0,0,0,0,0,0,0,0,0,0,0,0,0,0,0,0.8866966,1,0.9751755,0.7794486,0,0,0,0,0,0,0,0,0,0,0,0,0,0
0,0,0,0,0,0,0,0,0,0,0,0,0,0,0.786131,0.7128204,1,0.9321622,0,0,0,0,0,0,0,0,0,0,0,0,0,0,0,0,0,0,0,0,0,0,0,0,0,0,0,0,0,0.7063563,0.8502432,1,0.9927229,0.6681223,0,0,0,0,0,0,0,0,0,0,0,0,0,0,0,0,0,0,0,0,0,0,0,0,0,0,0,0,0.728309,0.9558991,1,0.8598891,0,0,0,0,0,0,0,0,0,0,0,0,0,0,0,0,0,0,0,0,0,0,0,0,0,0,0,0,0,0.7454986,0.7447215,1,0.9702342,0.6630241,0,0,0,0,0,0,0,0,0,0,0,0,0,0,0,0,0,0,0,0,0,0,0,0,0,0,0,0,0,0.8855878,0.9779396,1,0.7897111,0,0,0,0,0,0,0,0,0,0,0,0,0,0
0,0,0,0,0,0,0,0,0,0,0,0,0,0,0.7009087,0.9412689,1,0.9090529,0,0,0,0,0,0,0,0,0,0,0,0,0,0,0,0,0,0,0,0,0,0,0,0,0,0,0,0,0,0,0.8608825,1,0.9672765,0.7469838,0,0,0,0,0,0,0,0,0,0,0,0,0,0,0,0,0,0,0,0,0,0,0,0,0,0,0,0,0.6224049,0.9659421,1,0.8060201,0.6570193,0,0,0,0,0,0,0,0,0,0,0,0,0,0,0,0,0,0,0,0,0,0,0,0,0,0,0,0,0,0.869729,1,0.9601024,0.776107,0,0,0,0,0,0,0,0,0,0,0,0,0,0,0,0,0,0,0,0,0,0,0,0,0,0,0,0,0,0.7788027,0.954739,1,0.8792936,0.6570882,0,0,0,0,0,0,0,0,0,0,0,0,0
0,0,0,0,0,0,0,0,0,0,0,0,0,0,0,0.9451129,1,0.8768798,0.7376666,0,0,0,0,0,0,0,0,0,0,0,0,0,0,0,0,0,0,0,0,0,0,0,0,0,0,0,0,0,0.8060289,0.9861053,1,0.8536431,0,0,0,0,0,0,0,0,0,0,0,0,0,0,0,0,0,0,0,0,0,0,0,0,0,0,0,0,0.688569,0.9449714,1,0.9190845,0.7666834,0.681,0,0,0,0,0,0,0,0,0,0,0,0,0,0,0,0,0,0,0,0,0,0,0,0,0,0,0,0,0.8657218,1,0.9710097,0.8321924,0.7579893,0,0,0,0,0,0,0,0,0,0,0,0,0,0,0,0,0,0,0,0,0,0,0,0,0,0,0,0,0,0.9583895,1,0.9239871,0.8169488,0,0,0,0,0,0,0,0,0,0,0,0,0
0,0,0,0,0,0,0,0,0,0,0,0,0,0,0,0.9019516,1,0.9405201,0.7321393,0.6872044,0.6853916,0,0,0,0,0,0,0,0,0,0,0,0,0,0,0,0,0,0,0,0,0,0,0,0,0,0,0,0.7471571,0.9557648,0.8552927,1,0.9173242,0.8211275,0.7543029,0,0,0,0,0,0,0,0,0,0,0,0,0,0,0,0,0,0,0,0,0,0,0,0,0,0,0.934424,1,0.8965349,0.7898587,0.6822613,0.7358893,0.7142183,0,0,0,0,0,0,0,0,0,0,0,0,0,0,0,0,0,0,0,0,0,0,0,0,0,0.6287343,0.8293962,1,0.9779646,0.7426012,0.8165431,0.7158845,0.7033098,0.6714326,0.6457099,0,0,0,0,0,0,0,0,0,0,0,0,0,0,0,0,0,0,0,0,0,0,0,0,0.6991189,0.9485744,1,0.9358606,0.8596003,0.8508562,0.6787393,0,0,0,0,0,0,0,0,0,0,0
0,0,0,0,0,0,0,0,0,0,0,0,0,0,0,0.8944404,1,0.9250335,0.7387303,0,0.7352812,0,0,0,0,0,0,0,0,0,0,0,0,0,0,0,0,0,0,0,0,0,0,0,0,0,0,0,0,0.9576982,1,0.9309115,0.9482819,0.8773187,0.8504848,0.8041928,0.76294,0.7712241,0,0,0,0,0,0,0,0,0,0,0,0,0,0,0,0,0,0,0,0,0,0,0.6979014,0.9377973,1,0.9109371,0.8231961,0.7459669,0.8356827,0.8483874,0.8086587,0.7510216,0,0,0,0,0,0,0,0,0,0,0,0,0,0,0,0,0,0,0,0,0,0,0,0,0.8525587,1,0.9789394,0.7405252,0.6968657,0.8430389,0.8861587,0.8835198,0.8253354,0,0,0,0,0,0,0,0,0,0,0,0,0,0,0,0,0,0,0,0,0,0,0,0,0,0.9415415,1,0.8348318,0.9433518,0.887482,0.8558179,0.879168,0.8482803,0,0,0,0,0,0,0,0,0
0,0,0,0,0,0,0,0,0,0,0,0,0,0,0.7074474,0.9318631,1,0.8484048,0.7278913,0.6547173,0.688532,0.7436457,0.6478626,0.7432595,0.7653497,0,0,0,0,0,0,0,0,0,0,0,0,0,0,0,0,0,0,0,0,0,0,0,0.7179512,0.9911878,1,0.8131384,0.7925842,0.8120787,0.8147264,0.783646,0.8146741,0.7523872,0.8270624,0.8397858,0.8020284,0.692971,0,0,0,0,0,0,0,0,0,0,0,0,0,0,0,0,0,0,0,0.9122898,1,0.9207062,0.683714,0.7214795,0.7185504,0.7588237,0.7347257,0,0.7281121,0.6922659,0.6644148,0.6816912,0.6925656,0.6103244,0,0,0,0,0,0,0,0,0,0,0,0,0,0,0,0.657774,0.6886865,0.6869668,0.8615427,1,0.9567758,0,0.7918073,0.7808852,0.7990862,0.7446996,0.8316981,0.8193066,0.7993825,0.7738401,0.7709772,0.7319461,0.6506993,0,0,0,0,0,0,0,0,0,0,0,0,0,0,0,0,0,0,0,0.957452,1,0.8992006,0.8387895,0.8943062,0.7834607,0.828725,0.8701643,0.904543,0.9065085,0.8578887,0.7177777,0.7493152,0.7135655,0,0,0
0,0,0,0,0,0,0,0,0,0,0,0,0,0,0.6364589,0.9117233,1,0.909391,0,0,0.6735445,0.6689669,0.6414212,0.6929953,0.7465881,0.7218602,0.657962,0.6312934,0,0,0,0,0,0,0,0,0,0,0,0,0,0,0,0,0,0,0,0,0.8485059,1,0.9298199,0.7183279,0.6790556,0.6877944,0,0,0.7427612,0.8320167,0.7729482,0,0,0,0,0,0,0,0,0,0,0,0,0,0,0,0,0,0,0,0,0,0.6476214,0.9181863,1,0.8908025,0.6684073,0.6014839,0.6181158,0.6471379,0.6353179,0.7255354,0.6860309,0.6190015,0,0.6304089,0.6865263,0.6683578,0.6119891,0.5735285,0,0,0,0,0,0,0,0,0,0,0,0,0,0,0.687689,0.7130272,0.773384,1,0.9620005,0,0.7145325,0.6121992,0.7661244,0,0.7198566,0.7300542,0.6457096,0.702106,0.673463,0.7558142,0.7707427,0.7178738,0.6583684,0.6260128,0,0,0,0,0,0,0,0,0,0,0,0,0,0,0.6040335,0.6402914,0.9259116,1,0.8687953,0.8002923,0.8255653,0.749986,0.6580506,0.7503759,0.752707,0.7790878,0.7569671,0.7217581,0.6648523,0.686212,0.6875349,0.6097439,0
0,0,0,0,0,0,0,0,0,0,0,0.6885213,0.7649601,0.7556896,0.7860668,0.9143386,1,0.9158946,0,0,0,0,0,0,0,0,0,0,0,0,0,0,0,0,0,0,0,0,0,0,0,0,0,0,0,0,0,0.7242367,0.7942122,1,0.9831208,0,0.7914123,0.773223,0,0,0,0,0,0,0,0,0,0,0,0,0,0,0,0,0,0,0,0,0,0,0,0,0.7220457,0.7667394,0.7104656,0.928267,1,0.9053206,0,0,0,0.6641058,0.6854404,0.6797236,0,0,0,0,0,0,0,0,0,0,0,0,0,0,0,0,0,0,0,0,0,0.7547373,0.7734506,0.7421765,0.8314709,1,0.9828795,0.7193064,0,0,0,0,0,0,0.708392,0.6989757,0,0,0,0,0,0,0,0,0,0,0,0,0,0,0,0,0,0,0,0.6946481,0.736279,0.7355413,0.9280123,1,0.8924847,0.7313723,0.7039403,0,0,0,0,0,0,0.6904511,0,0,0,0,0
0,0,0,0,0,0,0,0,0,0,0,0,0.7359152,0.8151031,0.8327646,0.9144626,1,0.921836,0,0,0,0,0,0,0,0,0,0,0,0,0,0,0,0,0,0,0,0,0,0,0,0,0,0,0,0,0,0,0.7888344,0.9984554,1,0.8170649,0,0,0,0,0,0,0,0,0,0,0,0,0,0,0,0,0,0,0,0,0,0,0,0,0,0,0,0,0.7484712,0.9166288,1,0.8918543,0,0,0,0,0,0,0,0,0,0,0,0,0,0,0,0,0,0,0,0,0,0,0,0,0,0,0,0.6833934,0,0.786922,0.8792067,1,0.9835385,0.7801492,0,0,0,0,0,0,0,0,0,0,0,0,0,0,0,0,0,0,0,0,0,0,0,0,0,0,0,0.6780271,0.7336503,0.8247659,0.9662686,1,0.8650762,0,0,0,0,0,0,0,0,0,0,0,0,0,0
0,0,0,0,0,0,0,0,0,0,0,0,0,0,0.7380982,0.8920474,1,0.9169966,0,0,0,0,0,0,0,0,0,0,0,0,0,0,0,0,0,0,0,0,0,0,0,0,0,0,0,0,0,0,0.7418463,0.9839863,1,0.8191438,0,0,0,0,0,0,0,0,0,0,0,0,0,0,0,0,0,0,0,0,0,0,0,0,0,0,0,0,0.6569014,0.9263775,1,0.8848855,0,0,0,0,0,0,0,0,0,0,0,0,0,0,0,0,0,0,0,0,0,0,0,0,0,0,0,0,0,0.655096,0.8690834,1,0.9753482,0.7402268,0,0,0,0,0,0,0,0,0,0,0,0,0,0,0,0,0,0,0,0,0,0,0,0,0,0,0,0,0.6160843,0.7738101,0.9574681,1,0.8454456,0,0,0,0,0,0,0,0,0,0,0,0,0,0
0,0,0,0,0,0,0,0,0,0,0,0,0,0,0,0.8907796,1,0.925929,0.633638,0,0,0,0,0,0,0,0,0,0,0,0,0,0,0,0,0,0,0,0,0,0,0,0,0,0,0,0,0,0.7546703,0.9900901,1,0.8296705,0,0,0,0,0,0,0,0,0,0,0,0,0,0,0,0,0,0,0,0,0,0,0,0,0,0,0,0,0,0.9223022,1,0.8935006,0,0,0,0,0,0,0,0,0,0,0,0,0,0,0,0,0,0,0,0,0,0,0,0,0,0,0,0,0,0,0.7902474,1,0.9746463,0.6890361,0,0,0,0,0,0,0,0,0,0,0,0,0,0,0,0,0,0,0,0,0,0,0,0,0,0,0,0,0,0.7508248,0.9707506,1,0.848933,0,0,0,0,0,0,0,0,0,0,0,0,0,0
0,0,0,0,0,0,0,0,0,0,0,0,0,0,0,0.8961047,1,0.9076152,0,0,0,0,0,0,0,0,0,0,0,0,0,0,0,0,0,0,0,0,0,0,0,0,0,0,0,0,0,0,0.7909685,1,0.9044582,0.8365148,0,0,0,0,0,0,0,0,0,0,0,0,0,0,0,0,0,0,0,0,0,0,0,0,0,0,0,0,0,0.9353191,1,0.8827209,0,0,0,0,0,0,0,0,0,0,0,0,0,0,0,0,0,0,0,0,0,0,0,0,0,0,0,0,0,0,0.8474872,1,0.9716263,0.7194977,0,0,0,0,0,0,0,0,0,0,0,0,0,0,0,0,0,0,0,0,0,0,0,0,0,0,0,0,0,0.6624371,0.9202388,1,0.8947825,0,0,0,0,0,0,0,0,0,0,0,0,0,0
