GestureName: triangle
Duration(ms): 1316
Handedness: right

SpeakerAngles: 5
55
-55
0
0
110

SpeakerElevations: 5
-10
-10
-10
0
30

InterpretedPoints: 28
0,0,0
1.6417761571743,6.89935577105978,1.13175911166535
4.88278608809624,13.6657501404139,0.742573690329905
4.06898840674687,13.9619482731399,0.242573690329905
5.68240297497007,10.8322232302127,0.589870045663766
4.05480761227132,9.45500398964029,-0.0628335990023732
3.24100993092194,9.62147707943907,-0.215537243668512
1.62050496546097,1.2686643887376,0.32635182233307
0,0,0
-0.827978475824924,-0.241130644749176,-1.15270364466614
4.81897251295627,-3.71483968428605,0.0628335990023732
3.17010595854419,-6.88285984408342,-1.39527733499604
3.98390363989357,-9.14867348283386,-0.547980979662184
-4.07607880398464,-21.5742110496959,0.993908086339398
-4.90405727980957,-19.5406993616028,-0.679740091327532
-1.6417761571743,-4.02908081398702,-0.784462756331487
-0.813797681349374,-0.688609620286184,-0.32635182233307
2.44139304404812,0.0962133548341365,1.32635182233307
1.66304734888762,6.78949723923645,1.2425736903299
3.29064271158637,8.42616656566331,1.20068462432832
3.30482350606192,8.58951246134456,3.06892551266297
0.0779943696155243,8.55912796736897,2.72162915732911
-0.742893708971623,5.61704620533298,2.2425736903299
1.65595695164985,-1.51773871050165,2.30540728933228
-1.6134145682232,-3.11453279593946,0.520944533000791
0.813797681349374,-2.28100588573823,0.67364817766693
0,0,0
0,0,0

StrokePoints: 29
0,0,0
0,0,0
1.6417761571743,6.89935577105978,1.13175911166535
6.52456224527054,20.5651059114737,1.87433280199525
10.5935506520174,34.5270541846136,2.11690649232516
16.2759536269875,45.3592774148262,2.70677653798892
20.3307612392588,54.8142814044665,2.64394293898655
23.5717711701807,64.4357584839056,2.42840569531804
25.1922761356417,65.7044228726432,2.75475751765111
25.1922761356417,65.7044228726432,2.75475751765111
24.3642976598168,65.463292227894,1.60205387298497
29.183270172773,61.748452543608,1.66488747198734
32.3533761313172,54.8655926995246,0.269610136991296
36.3372797712108,45.7169192166907,-0.278370842670888
32.2612009672262,24.1427081669948,0.71553724366851
27.3571436874166,4.60200880539205,0.0357971523409786
25.7153675302423,0.572927991405026,-0.748665603990509
24.9015698488929,-0.115681628881158,-1.07501742632358
27.342962892941,-0.0194682740470212,0.251334396009491
29.0060102418287,6.77002896518943,1.4939080863394
32.296652953415,15.1961955308527,2.69459271066772
35.601476459477,23.7857079921973,5.76351822333069
35.6794708290925,32.3448359595663,8.48514738065981
34.9365771201209,37.9618821648993,10.7277210709897
36.5925340717707,36.4441434543976,13.033128360322
34.9791195035475,33.3296106584582,13.5540728933228
35.7929171848969,31.0486047727199,14.2277210709897
35.7929171848969,31.0486047727199,14.2277210709897
35.7929171848969,31.0486047727199,14.2277210709897

Velocities: 28
0,0,0
0,2,3
4,4,5
4,4,5
4,2,5
4,2,3
3,1,3
1,0,0
0,0,0
0,-2,0
3,-6,-6
3,-9,-9
3,-9,-11
-7,-8,-8
-5,-8,-9
-1,-3,-3
0,0,-1
0,0,1
1,6,6
3,8,8
0,7,7
-2,9,9
-2,8,7
0,4,0
-2,0,-1
0,0,-1
0,0,0
0,0,0

InverseVelocities: 28
0,0,0
0,0,0
0,0,0
0,0,0
0,0,0
0,0,0
0,0,0
0,0,0
0,0,0
0,0,0
-1,0,3
-8,0,4
-10,0,1
0,0,0
0,0,1
0,0,0
0,0,0
0,0,0
0,0,0
0,0,-3
0,0,-1
0,0,-1
0,0,0
0,0,0
0,0,0
0,0,1
0,0,0
0,0,0

RawData: 28
0,0,0,0,0,0,0,0,0,0,0,0,0,0,0,0.9460111,1,0,0,0,0,0,0,0,0,0,0,0,0,0,0,0,0,0,0,0,0,0,0,0,0,0,0,0,0,0,0,0,0.841763,1,0.9887765,0,0,0,0,0,0,0,0,0,0,0,0,0,0,0,0,0,0,0,0,0,0,0,0,0,0,0,0,0,0,0.9260114,1,0.8833737,0,0,0,0,0,0,0,0,0,0,0,0,0,0,0,0,0,0,0,0,0,0,0,0,0,0,0,0,0,0,0,1,0.964738,0,0,0,0,0,0,0,0,0,0,0,0,0,0,0,0,0,0,0,0,0,0,0,0,0,0,0,0,0,0,0,0.9446731,1,0.8868073,0,0,0,0,0,0,0,0,0,0,0,0,0,0
0,0,0,0,0,0,0,0,0,0,0,0,0,0,0,0.8707395,1,0.9072042,0,0,0,0,0,0,0,0,0,0,0,0,0,0,0,0,0,0,0,0,0,0,0,0,0,0,0,0,0,0,0,0.9804347,1,0.7742358,0.7769072,0.7460558,0.7346556,0,0,0,0,0,0,0,0,0,0,0,0,0,0,0,0,0,0,0,0,0,0,0,0,0,0,0.9184701,1,0.891755,0.7129412,0.7589778,0.7363149,0.7908326,0.8043545,0,0,0,0,0,0,0,0,0,0,0,0,0,0,0,0,0,0,0,0,0,0,0,0,0,0.8811018,1,0.9537423,0.7187133,0,0,0,0.7593173,0.7509176,0,0,0,0,0,0,0,0,0,0,0,0,0,0,0,0,0,0,0,0,0,0,0,0,0.7481064,0.964014,1,0.862636,0,0,0,0.6902133,0.69771,0,0,0,0,0,0,0,0,0
0,0,0,0,0,0,0,0,0,0,0,0,0,0,0,0.8776869,1,0.9341393,0.7863927,0.802093,0.7741307,0.7151319,0.7953212,0.792701,0,0,0,0,0,0,0,0,0,0,0,0,0,0,0,0,0,0,0,0,0,0,0,0.7010651,0.7825029,1,0.9891405,0.7021997,0.7862574,0.7130641,0.8116497,0.7845251,0.7257237,0,0,0,0,0,0,0,0,0,0,0,0,0,0,0,0,0,0,0,0,0,0,0,0.6437933,0.9453502,1,0.8670019,0.7331014,0.744539,0.7372425,0,0.7705017,0.710508,0.6886028,0,0,0,0,0,0,0,0,0,0,0,0,0,0,0,0,0,0,0,0,0,0,0,0.7959784,1,0.9759008,0.7182631,0.6784643,0,0.6902906,0.7967717,0.8326607,0.7455318,0.6898482,0,0,0,0,0,0,0,0,0,0,0,0,0,0,0,0,0,0,0,0,0,0.651197,0.7201296,0.9503589,1,0.8771099,0.6459974,0,0.706768,0.7691579,0.7791412,0.7419467,0.6160243,0,0,0,0,0,0,0
0,0,0,0,0,0,0,0,0,0,0,0,0,0,0,0.8602362,1,0.9305993,0.7672373,0.7375084,0.8195181,0.8529617,0.8015161,0.7393301,0,0,0,0,0,0,0,0,0,0,0,0,0,0,0,0,0,0,0,0,0,0,0,0,0.8152035,1,0.9838102,0.7671055,0.7808067,0.8532873,0.8660043,0.8024797,0.6764272,0,0,0,0,0,0,0,0,0,0,0,0,0,0,0,0,0,0,0,0,0,0,0,0.7341992,0.9481856,1,0.8829713,0.6961151,0.7982029,0.834128,0.8415319,0.7864883,0.7221708,0.7041796,0,0,0,0,0,0,0,0,0,0,0,0,0,0,0,0,0,0,0,0,0,0,0,0.8206559,1,0.9806289,0.7721453,0.7314709,0.8280461,0.8204452,0,0.7513486,0,0.691521,0,0,0,0,0,0,0,0,0,0,0,0,0,0,0,0,0,0,0,0,0.6297456,0.6305911,0.6749797,0.9442744,1,0.8930958,0.7504984,0.6802911,0.6764663,0.6923102,0.7098839,0.7404549,0,0,0,0,0,0,0,0
0,0,0,0,0,0,0,0,0,0,0,0,0,0,0,0.9239927,1,0.852234,0.8001776,0.800537,0,0.7789025,0.8910946,0.8202083,0,0,0,0,0,0,0,0,0,0,0,0,0,0,0,0,0,0,0,0,0,0,0,0.7287069,0.7692786,0.9981511,1,0.8615981,0.7633575,0,0.712545,0,0,0,0,0,0,0,0,0,0,0,0,0,0,0,0,0,0,0,0,0,0,0,0,0,0,0.8991153,1,0.8930763,0.8213945,0.7779793,0.7591561,0,0,0.7432585,0.7393093,0,0,0,0,0,0,0,0,0,0,0,0,0,0,0,0,0,0,0,0,0,0,0,0.8399533,1,0.9711546,0,0,0.7446685,0.7527652,0.7227454,0.8024868,0,0,0,0,0,0,0,0,0,0,0,0,0,0,0,0,0,0,0,0,0,0,0,0,0.7469434,0.9651597,1,0.8871843,0.6556265,0.7111746,0.7289528,0.6703609,0,0.6930985,0,0,0,0,0,0,0,0
0,0,0,0,0,0,0,0,0,0,0,0,0,0,0,0.8945678,1,0.9208439,0.8798413,0.8785863,0.8776412,0.7851959,0.8036849,0.7805035,0,0,0,0,0,0,0,0,0,0,0,0,0,0,0,0,0,0,0,0,0,0,0,0,0.8375662,1,0.9794149,0,0.7480222,0.7928725,0.7644588,0,0,0,0,0,0,0,0,0,0,0,0,0,0,0,0,0,0,0,0,0,0,0,0,0,0.7118469,0.9263608,1,0.8968006,0,0.785697,0.816407,0.8280362,0.7730092,0,0,0,0,0,0,0,0,0,0,0,0,0,0,0,0,0,0,0,0,0,0,0,0,0,0.8604531,1,0.9740151,0.8360382,0.7996952,0.8633831,0.8402066,0,0.7949528,0,0,0,0,0,0,0,0,0,0,0,0,0,0,0,0,0,0,0,0,0,0,0,0.6957958,0.7426898,0.9385803,1,0.8859169,0,0.6651015,0,0.6431221,0,0,0,0,0,0,0,0,0,0
0,0,0,0,0,0,0,0,0,0,0,0,0,0,0,0.8643709,0.9754633,0.8055032,1,0.9943069,0.9204419,0.8393175,0.7958853,0,0,0,0,0,0,0,0,0,0,0,0,0,0,0,0,0,0,0,0,0,0,0,0,0,0.7409627,1,0.998162,0.8646818,0.8125438,0.7421969,0,0,0,0,0,0,0,0,0,0,0,0,0,0,0,0,0,0,0,0,0,0,0,0,0,0,0.7547967,0.9303796,1,0.9026258,0.6792489,0.7044421,0,0.6928891,0.6665434,0,0,0,0,0,0,0,0,0,0,0,0,0,0,0,0,0,0,0,0,0,0,0,0,0,0.8430322,1,0.9636938,0.7765098,0.791837,0.8745024,0.8152303,0,0.7438896,0.7099853,0,0,0,0,0,0,0,0,0,0,0,0,0,0,0,0,0,0,0,0,0,0,0,0,0.943973,1,0.8636811,0.7855144,0.7479647,0.6660429,0,0,0,0,0,0,0,0,0,0,0
0,0,0,0,0,0,0,0,0,0,0,0,0,0,0,0.8919349,1,0.8975391,0.900043,0,0.7991827,0,0,0,0,0,0,0,0,0,0,0,0,0,0,0,0,0,0,0,0,0,0,0,0,0,0,0,0.8522264,1,0.9963995,0.8604664,0.7423466,0,0,0,0,0,0,0,0,0,0,0,0,0,0,0,0,0,0,0,0,0,0,0,0,0,0,0,0,0.9241704,1,0.9096204,0,0,0,0,0,0,0,0,0,0,0,0,0,0,0,0,0,0,0,0,0,0,0,0,0,0,0,0,0,0,0.8173676,1,0.9980943,0.8748341,0.7339952,0.7091628,0,0,0,0,0,0,0,0,0,0,0,0,0,0,0,0,0,0,0,0,0,0,0,0,0,0,0,0.72423,0.9569234,1,0.860787,0.7583046,0.6776099,0,0,0,0,0,0,0,0,0,0,0,0
0,0,0,0,0,0,0,0,0,0,0,0,0,0,0.6625293,0.8905874,1,0.9579959,0.7972987,0.6336488,0,0,0,0,0,0,0,0,0,0,0,0,0,0,0,0,0,0,0,0,0,0,0,0,0,0,0.6354155,0.6869539,0.8330011,1,0.9956778,0.827783,0.639419,0,0,0,0,0,0,0,0,0,0,0,0,0,0,0,0,0,0,0,0,0,0,0,0,0,0,0.7262805,0.801863,0.9252922,1,0.8914565,0.6467534,0,0,0,0,0,0,0,0,0,0,0,0,0,0,0,0,0,0,0,0,0,0,0,0,0,0,0,0.6444867,0.6570013,0.8121968,1,0.9793879,0.8432177,0.716333,0,0,0,0,0,0,0,0,0,0,0,0,0,0,0,0,0,0,0,0,0,0,0,0,0,0,0,0.6962513,0.7849305,0.9338062,1,0.8950668,0,0,0,0,0,0,0,0,0,0,0,0,0,0
0,0,0,0,0,0,0,0,0,0,0,0,0,0,0,0.9211999,1,0.8878216,0,0,0,0,0,0,0,0,0,0,0,0,0,0,0,0,0,0,0,0,0,0,0,0,0,0,0.7462925,0.7723491,0.7780274,0.8282139,0,1,0.9896798,0.7669237,0,0,0,0,0,0,0,0,0,0,0,0,0,0,0,0,0,0,0,0,0,0,0,0,0,0,0,0,0.7983416,0.9504461,1,0.8930012,0,0,0,0,0,0,0,0,0,0,0,0,0,0,0,0,0,0,0,0,0,0,0,0,0,0,0,0,0,0,0.7965743,1,0.9868917,0.774148,0,0,0,0,0,0,0,0,0,0,0,0,0,0,0,0,0,0,0,0,0,0,0,0,0.7152551,0.7552243,0.7091625,0.7591338,0.763293,0.7703819,0.9794329,1,0.8416088,0,0,0,0,0,0,0,0,0,0,0,0,0,0
0,0,0,0,0,0,0,0,0,0,0,0,0.8135957,0.8531544,0.9456689,0.8120575,1,0.9720098,0.8453038,0.7920695,0.8262693,0.8502405,0.7914737,0,0,0,0,0,0,0,0,0,0,0,0,0,0,0,0,0,0.7633194,0.8330705,0.808213,0.711176,0.8093399,0.8070127,0.78075,0.7639946,0.8322625,1,0.9565641,0,0,0,0,0,0,0,0,0,0,0,0,0,0,0,0,0,0,0,0,0,0,0.7257455,0.7818524,0.7314534,0.7502747,0.7457474,0.6760257,0,0,0.912178,1,0.8935004,0,0,0,0.7337559,0.6812327,0,0,0,0,0,0,0,0,0,0,0,0,0,0,0,0,0,0,0,0,0.7497127,0.767642,0.7781054,0.7491683,0.813594,0.8179379,1,0.9764763,0.7818087,0.725341,0,0.7209575,0.7533913,0,0,0,0,0,0,0,0,0,0,0,0,0,0,0,0,0,0,0,0,0.7297648,0.7334345,0.7165927,0.7193638,0.6973353,0.6932508,0.9684108,1,0.8584504,0,0,0,0,0,0,0,0,0,0,0,0,0,0
0,0,0,0,0,0.7364415,0.7924284,0.8633062,0.9379342,0.982946,0.9319552,0,0.8719015,0.8599091,0.9368116,1,0.996489,0.8784329,0.8161302,0.8378904,0.7449358,0.8003547,0.7801245,0,0,0,0,0,0,0,0,0,0,0,0,0,0,0.7340251,0.7997624,0.7977068,0.7856448,0.7698847,0.7925251,0.8181148,0.806179,0.7142593,0.7209981,0.7778737,0.8029766,1,0.9792476,0.757255,0,0,0,0,0,0,0,0,0,0,0,0,0,0,0,0,0,0,0.6589971,0.7655122,0.7796957,0.7360162,0.7896143,0.7535412,0.7163435,0.6589086,0.7618455,0.7261187,0.7668236,0.9735776,1,0.8216096,0.707559,0.6906597,0,0.6590928,0.6689361,0.680746,0,0,0,0,0,0,0,0,0,0,0,0,0,0,0,0.6907321,0.6921507,0.7422046,0.8002395,0.8505801,0.6923671,0.801558,0.7581615,0.8092371,0.8333832,1,0.9369774,0.7225908,0,0.7677757,0.7490127,0.770235,0,0,0,0,0,0,0,0,0,0,0,0,0,0,0,0.6117865,0.6632687,0.6244233,0,0.6395274,0.7109255,0.6258437,0.6602231,0.7081545,0.6776922,0.7100211,0.9696666,1,0.859384,0,0,0,0,0,0,0,0,0,0,0,0,0,0
0,0,0,0.7560956,0.727181,0,0.7711369,0.835291,0.8887492,0.9885846,0.9055226,0.8008818,0.854589,0.8090037,0.8262412,0.9487159,1,0.8407773,0.7999375,0.8606397,0.8304889,0.7753342,0.7140054,0,0,0,0,0,0,0,0,0,0,0,0,0,0,0.633596,0.7164427,0.7277833,0.7156015,0.6215715,0.7257749,0.7577217,0.7930924,0.8033302,0.7394534,0,0.8469623,1,0.9762248,0.7648685,0,0,0,0,0,0,0,0,0,0,0,0,0,0,0,0,0.6078375,0.6767841,0.7054203,0.692618,0.7507409,0.7637644,0.8294521,0.7510371,0.601352,0.6477547,0.6900445,0.6981427,0,0.9472988,1,0.8650249,0,0.6405142,0.61261,0,0,0,0,0,0,0,0,0,0,0,0,0,0,0,0,0,0,0,0.7554102,0.8210594,0.7988065,0.7742891,0.737947,0.7801033,0,0.7216092,0.8206216,1,0.9343063,0.6952554,0.7789682,0.7779382,0.6523967,0.6891317,0,0,0,0,0,0,0,0,0,0,0,0,0,0,0,0,0.6215497,0.7151311,0.6575918,0.6015508,0.6585917,0.608355,0.5957158,0.6026195,0.6156265,0.6945867,0.9796153,1,0.7963656,0.6228042,0,0.5844834,0.5936032,0,0,0,0,0,0,0,0,0,0
0,0,0,0,0,0,0.8071076,0.8583209,0.909833,0.8107679,0.8333263,0,0,0,0,0.9217766,1,0.914992,0,0,0,0,0,0,0,0,0,0,0,0,0,0,0,0,0,0,0,0,0.752203,0.7656062,0.8169529,0.7740917,0.7456722,0,0,0,0,0,0.8344769,1,0.9719549,0.7440217,0,0,0,0,0,0,0,0,0,0,0,0,0,0,0,0,0,0,0,0.7315281,0.8054239,0.7264535,0.8040175,0.8133031,0.7268723,0,0,0.7322366,0,0.9510577,1,0.878408,0,0,0,0,0,0,0,0,0,0,0,0,0,0,0,0,0,0,0,0,0,0.7446511,0.7787314,0.8179504,0.8101886,0.7996202,0,0,0,0,0.864746,1,0.9561664,0,0,0,0,0,0,0,0,0,0,0,0,0,0,0,0,0,0,0,0,0,0,0.7232895,0,0,0.6803381,0,0,0,0,0.7833659,0.9765581,1,0.8708252,0,0,0,0,0,0,0,0,0,0,0,0,0,0
0,0,0,0,0,0,0,0,0.7506672,0.8494298,0.6612418,0.8086917,0.7782873,0.7742232,0.7540314,0.8173164,1,0.9208642,0.7301515,0,0,0,0,0,0,0,0,0,0,0,0,0,0,0,0,0,0,0,0.6539158,0.7395549,0.7811981,0.7056397,0.8373972,0.8590898,0.8395205,0.689238,0.6978452,0.6641989,0.7796763,1,0.9635664,0,0,0,0,0,0,0,0,0,0,0,0,0,0,0,0,0,0,0,0.5735263,0.6728198,0.7606398,0.7878234,0.7557029,0.7454504,0.6121085,0,0,0.5569679,0.6787647,0.9478261,1,0.8418152,0,0.5481117,0.5408435,0,0,0,0,0,0,0,0,0,0,0,0,0,0,0,0,0,0,0,0.6157436,0.6609519,0.6862829,0.7176229,0.663276,0.616082,0.6397995,0.6236728,0.8362062,1,0.9512065,0.6396025,0,0,0,0,0,0,0,0,0,0,0,0,0,0,0,0,0,0,0.5185594,0.6032919,0.685634,0.7504716,0.8087946,0.8175126,0.7797554,0.6882575,0.5176258,0.5644277,0.6490904,0.5939243,0.9641044,1,0.8393968,0,0,0,0,0,0,0,0,0,0,0,0,0,0
0,0,0,0,0,0,0,0,0,0,0,0,0.8470983,0.8577477,0,0.9380103,1,0.894282,0,0,0,0,0,0,0,0,0,0,0,0,0,0,0,0,0,0,0,0,0,0,0,0,0,0.8222975,0.8627484,0.8516828,0.7931319,0,0.8616329,1,0.9698759,0,0,0,0,0,0,0,0,0,0,0,0,0,0,0,0,0,0,0,0,0,0,0,0,0,0.7671144,0.7655667,0.7750653,0.7381248,0.7875414,0.9699314,1,0.8699328,0,0,0,0,0,0,0,0,0,0,0,0,0,0,0,0,0,0,0,0,0,0,0,0,0,0,0,0,0,0,0.8867987,1,0.9600489,0,0,0,0,0,0,0,0,0,0,0,0,0,0,0,0,0,0,0,0,0,0,0,0,0.7316583,0.8124858,0.8541837,0.8315146,0.8119503,0.7921082,0.8090984,0.9831753,1,0.8393402,0,0,0,0,0,0,0,0,0,0,0,0,0,0
0,0,0,0,0,0,0,0,0,0,0,0,0,0.7386793,0.8221332,0.9306011,1,0.860004,0,0,0,0,0,0,0,0,0,0,0,0,0,0,0,0,0,0,0,0,0,0,0,0,0,0,0,0,0,0.7330226,0.8079575,1,0.9759836,0.6976406,0,0,0,0,0,0,0,0,0,0,0,0,0,0,0,0,0,0,0,0,0,0,0,0,0,0,0.6427284,0.7056295,0.7608193,0.9623607,1,0.8662931,0,0,0,0,0,0,0,0,0,0,0,0,0,0,0,0,0,0,0,0,0,0,0,0,0,0,0,0,0,0.665029,0.8780507,1,0.9504854,0.6468907,0,0,0,0,0,0,0,0,0,0,0,0,0,0,0,0,0,0,0,0,0,0,0,0,0,0,0.6343417,0.7203264,0.772888,0.8287767,0.9754551,1,0.8624216,0.6842434,0,0,0,0,0,0,0,0,0,0,0,0,0
0,0,0,0,0,0,0,0,0,0,0,0,0,0,0,0.9331764,1,0.9071615,0,0,0,0,0,0,0,0,0,0,0,0,0,0,0,0,0,0,0,0,0,0,0,0,0,0,0,0,0,0,0.8440205,1,0.9727697,0,0,0,0,0,0,0,0,0,0,0,0,0,0,0,0,0,0,0,0,0,0,0,0,0,0,0,0,0,0,0.9571474,1,0.8977745,0.7790145,0.813087,0.7770163,0,0,0,0,0,0,0,0,0,0,0,0,0,0,0,0,0,0,0,0,0,0,0,0,0,0,0,0.8627064,1,0.9576839,0.8345528,0.8027264,0,0,0,0,0,0,0,0,0,0,0,0,0,0,0,0,0,0,0,0,0,0,0,0,0,0,0,0,0,0.9670039,1,0.8269694,0.8259179,0.8214543,0.8130851,0.7721142,0,0,0,0,0,0,0,0,0,0
0,0,0,0,0,0,0,0,0,0,0,0,0,0.78953,0.736705,0.9301801,1,0.8832514,0.8214988,0.8355193,0.8165788,0,0,0,0,0,0,0,0,0,0,0,0,0,0,0,0,0,0,0,0,0,0,0,0,0,0,0,0.8454979,1,0.9640457,0.6423972,0,0,0.7275894,0.7792441,0.7199252,0.7022629,0.6329494,0,0,0,0,0,0,0,0,0,0,0,0,0,0,0,0,0,0,0,0,0,0,0.9352977,1,0.8612263,0.6440663,0.6956645,0.6142049,0.6593198,0.6577716,0.662763,0.6704074,0.6105489,0,0,0,0,0,0,0,0,0,0,0,0,0,0,0,0,0,0,0,0.6174978,0.6597586,0.6909252,0.8769393,1,0.941695,0.6503403,0,0,0,0,0,0,0,0,0,0,0,0,0,0,0,0,0,0,0,0,0,0,0,0,0,0,0,0,0,0.6514917,0.9640598,1,0.8194932,0.6904554,0.6028628,0.6777957,0.677916,0.763861,0.7886245,0.7225295,0.6315413,0,0,0,0,0,0
0,0,0,0,0,0,0,0,0,0,0,0,0,0.8425662,0.8193927,0.9299379,1,0.8624455,0.8393822,0.8930426,0.8824749,0.7690393,0.7164066,0,0,0,0,0,0,0,0,0,0,0,0,0,0,0,0,0,0,0,0,0,0,0,0,0.6182965,0.7858875,1,0.9751889,0.6249776,0.6870559,0.6274316,0.6396298,0.6243293,0.6460814,0.7931822,0.8521926,0.7868005,0.6444227,0,0,0,0,0,0,0,0,0,0,0,0,0,0,0,0.5743242,0.6113459,0.607043,0.576947,0.6265633,0.9370448,1,0.8568581,0,0.6663403,0.6407868,0,0,0.6854421,0.7950573,0.7650219,0.5951788,0.5682657,0,0,0,0,0,0,0,0,0,0,0,0,0,0,0,0.5781533,0.5955089,0.608442,0.6213497,0.6139708,0.8501815,1,0.9262849,0.6059878,0,0,0,0,0,0,0,0,0,0,0,0,0,0,0,0,0,0,0,0,0,0,0,0,0,0,0,0,0,0.7060356,0.9757079,1,0.817135,0.5876463,0.6084536,0.5938802,0.5577715,0.5614313,0.6892312,0.7095516,0.7121769,0.7617099,0.6652258,0,0,0,0
0,0,0,0,0,0,0,0,0,0,0,0,0,0,0.7688383,0.8593192,1,0.9255048,0,0,0,0,0,0,0,0,0,0,0,0,0,0,0,0,0,0,0,0,0,0,0,0,0,0,0,0,0,0.6668291,0.8333859,1,0.9719498,0.7572592,0.7024311,0,0,0.732102,0.7363285,0.7373522,0.8337069,0.6781515,0,0,0,0,0,0,0,0,0,0,0,0,0,0,0,0,0,0,0.6680176,0,0.7073961,0.9587232,1,0.8684117,0,0,0,0.6397044,0.6797407,0.7165728,0.7487299,0.8056099,0.730766,0,0,0,0,0,0,0,0,0,0,0,0,0,0,0,0,0,0,0,0.6958896,0,0.8745735,1,0.9615168,0.6931404,0.7045599,0.6692635,0,0,0,0,0,0,0,0,0,0,0,0,0,0,0,0,0,0,0,0,0,0,0,0,0,0,0,0.7590764,0.9781038,1,0.8573399,0.6086745,0,0,0.6817784,0.6537893,0,0.7782249,0.8092631,0.7408141,0.7839166,0.6815928,0.6427631,0,0
0,0,0,0,0,0,0,0,0,0,0,0.7647732,0.8014285,0.7540081,0.6747736,0.9162073,1,0.849142,0.74195,0.7206624,0,0,0,0,0,0,0,0,0,0,0,0,0,0,0,0,0,0,0,0,0,0,0,0,0,0,0,0,0.8050749,1,0.9699965,0.6337982,0.6134317,0.6349536,0.5866797,0.731186,0.6520405,0.7274776,0.6855939,0.6825085,0.7149197,0.6429437,0,0,0,0,0,0,0,0,0,0,0,0,0,0,0,0,0.6186801,0,0.5910918,0.9358334,1,0.8563746,0.6272383,0.6611208,0.5812507,0.5897447,0.5853843,0,0.6693932,0.7023726,0,0.5563743,0.5587958,0,0,0,0,0,0,0,0,0,0,0,0,0,0,0,0,0.6654515,0.7210165,0,0.8456805,1,0.9416866,0.7243233,0.636812,0,0,0,0,0,0,0,0,0,0,0,0,0,0,0,0,0,0,0,0,0,0,0,0,0,0,0,0.5268317,0.7438192,0.97823,1,0.8196945,0.6264262,0.6060776,0,0.6260878,0.6458048,0.6091757,0.739447,0.7864229,0.6623039,0.7130278,0.7208557,0.5891531,0,0
0,0,0,0,0,0,0,0,0,0,0,0.8369077,0.8648111,0.8745226,0.7903681,0.8740073,1,0.8725673,0,0,0,0,0,0,0,0,0,0,0,0,0,0,0,0,0,0,0,0,0,0,0,0,0,0,0,0,0,0.6807567,0.8082462,1,0.9743552,0.7381441,0.6897691,0.7047172,0.7599474,0.777329,0.7146539,0,0.6965759,0.6905059,0.6663679,0,0,0,0,0,0,0,0,0,0,0,0,0,0,0,0,0,0,0.6364272,0.6949465,0.9529116,1,0.8587695,0,0,0,0,0,0,0,0.713616,0.6473635,0,0,0,0,0,0,0,0,0,0,0,0,0,0,0,0,0,0.7230836,0.7645653,0.7614167,0.6926988,0.8758144,1,0.9527451,0,0,0,0,0,0,0,0,0,0,0,0,0,0,0,0,0,0,0,0,0,0,0,0,0,0,0,0,0,0,0.7195039,0.9713385,1,0.8344172,0.6975019,0,0.6945753,0.7079805,0.6572789,0.6527224,0.6200996,0.6920714,0.6693115,0.6248945,0,0,0,0
0,0,0,0,0,0,0,0,0,0,0,0,0,0.8550689,0,0.9319012,1,0.9007161,0,0,0,0,0,0,0,0,0,0,0,0,0,0,0,0,0,0,0,0,0,0,0,0,0,0,0,0,0,0,0,0.9996362,1,0.8472496,0,0,0,0,0.7436649,0,0,0,0,0,0,0,0,0,0,0,0,0,0,0,0,0,0,0,0,0,0,0,0,0.9345909,1,0.9058734,0,0,0,0,0,0,0,0,0,0,0,0,0,0,0,0,0,0,0,0,0,0,0,0,0,0,0.7611369,0.8026193,0,0,0.8256443,1,0.9740829,0,0,0,0,0,0,0,0,0,0,0,0,0,0,0,0,0,0,0,0,0,0,0,0,0,0,0,0,0,0.7134949,0.7159923,0.9578242,1,0.8832584,0,0,0,0,0.704563,0,0.6905116,0,0,0,0,0,0,0
0,0,0,0,0,0,0,0,0,0,0,0.8450687,0.8717357,0.8236875,0.8797635,0.9311963,1,0.9057338,0,0,0,0,0,0,0,0,0,0,0,0,0,0,0,0,0,0,0,0,0,0,0,0,0,0,0,0,0,0.7200364,0.7450438,1,0.9896166,0.7273725,0,0,0,0,0,0,0,0,0,0,0,0,0,0,0,0,0,0,0,0,0,0,0,0,0,0,0.6808367,0.7063155,0,0.9169537,1,0.9064398,0.6555324,0,0,0,0,0,0,0,0,0,0,0,0,0,0,0,0,0,0,0,0,0,0,0,0,0,0,0.7165763,0.7506543,0.7896801,0.8336356,1,0.9702978,0.7314445,0,0,0,0,0,0,0,0,0,0,0,0,0,0,0,0,0,0,0,0,0,0,0,0,0,0,0,0.6749295,0.7181304,0.7546054,0.9473152,1,0.8714148,0.7074438,0,0,0,0,0,0,0,0,0,0,0,0,0
0,0,0,0,0,0,0,0,0,0,0,0,0,0.8336118,0.9069054,0.8636938,1,0.9144427,0,0,0,0,0,0,0,0,0,0,0,0,0,0,0,0,0,0,0,0,0,0,0,0,0,0,0,0,0,0.658335,0.7805915,1,0.9918821,0.7701114,0,0,0,0,0,0,0,0,0,0,0,0,0,0,0,0,0,0,0,0,0,0,0,0,0,0,0.5831667,0.6305129,0.5525106,0.9302545,1,0.8864701,0.6293851,0.5730646,0.5825261,0,0,0,0,0,0,0,0,0,0,0,0,0,0,0,0,0,0,0,0,0,0,0,0,0.6304329,0,0.7509434,0.7483133,1,0.9624658,0.6406381,0,0,0,0,0,0,0,0,0,0,0,0,0,0,0,0,0,0,0,0,0,0,0,0,0,0,0,0,0.5449024,0.5827296,0.9310341,1,0.8777079,0.6853757,0.6035324,0,0,0,0,0,0,0,0,0,0,0,0
0,0,0,0,0,0,0,0,0,0,0,0,0,0,0.7253392,0.9610949,1,0.8385274,0,0,0,0,0,0,0,0,0,0,0,0,0,0,0,0,0,0,0,0,0,0,0,0,0,0,0,0,0,0,0.7848012,1,0.9942511,0.7306215,0,0,0,0,0,0,0,0,0,0,0,0,0,0,0,0,0,0,0,0,0,0,0,0,0,0,0,0,0.6586583,0.9472998,1,0.8838467,0,0,0,0,0,0,0,0,0,0,0,0,0,0,0,0,0,0,0,0,0,0,0,0,0,0,0,0,0,0,0.876238,1,0.9461706,0,0,0,0,0,0,0,0,0,0,0,0,0,0,0,0,0,0,0,0,0,0,0,0,0,0,0,0,0,0,0.7473926,0.9655788,1,0.8614755,0.5944495,0,0,0,0,0,0,0,0,0,0,0,0,0
0,0,0,0,0,0,0,0,0,0,0,0,0,0,0,0.8883106,1,0.8920872,0,0,0,0,0,0,0,0,0,0,0,0,0,0,0,0,0,0,0,0,0,0,0,0,0,0,0,0,0,0,0.790701,1,0.9979907,0.7858955,0,0,0,0,0,0,0,0,0,0,0,0,0,0,0,0,0,0,0,0,0,0,0,0,0,0,0,0,0,0.9347799,1,0.893878,0,0,0,0,0,0,0,0,0,0,0,0,0,0,0,0,0,0,0,0,0,0,0,0,0,0,0,0,0,0,0.8140764,1,0.987092,0.7618161,0,0,0,0,0,0,0,0,0,0,0,0,0,0,0,0,0,0,0,0,0,0,0,0,0,0,0,0,0,0,0.9478611,1,0.8822913,0,0,0,0,0,0,0,0,0,0,0,0,0,0
