GestureName: c
Duration(ms): 705
Handedness: right

SpeakerAngles: 2
55
-55

InterpretedPoints: 15
-0.806707284111599,6.21348773609986
0,4.51890017170899
2.4201218523348,5.08376269317261
7.26036555700439,-3.95403765024537
1.6134145682232,-9.03780034341798
0,-11.2972504292725
0,-13.556700515127
0,-10.1675253863452
0.806707284111599,-8.47293782195435
1.6134145682232,-5.64862521463624
0.806707284111599,-3.95403765024536
4.03353642055799,1.69458756439087
-0.806707284111599,5.08376269317261
-2.4201218523348,2.82431260731812
0,1.12972504292725

StrokePoints: 16
177.666666666667,130.277777777778
178.473373950778,124.064290041678
178.473373950778,119.545389869969
176.053252098443,114.461627176796
168.792886541439,118.415664827042
167.179471973216,127.45346517046
167.179471973216,138.750715599732
167.179471973216,152.307416114859
167.179471973216,162.474941501204
166.372764689104,170.947879323159
164.759350120881,176.596504537795
163.95264283677,180.55054218804
159.919106416212,178.855954623649
160.725813700323,173.772191930477
163.145935552658,170.947879323159
163.145935552658,169.818154280231

Velocities: 15
5,6
4,4
6,3
1,-8
-7,-9
-10,-10
-12,-12
-9,-9
-7,-8
-4,-6
-3,-4
4,-1
4,5
1,4
1,1

InverseVelocities: 15
0,0
0,0
-1,-3
-4,0
0,0
2,1
0,0
0,0
0,0
0,0
1,2
0,4
0,0
0,0
0,0

RawData: 15
0,0,0,0,0,0,0,0,0,0,0,0,0,0,0,0.7448351,1,0.9884676,0.7626917,0.7728327,0.7620902,0.6625092,0,0,0.7596766,0,0,0,0,0,0,0,0,0,0,0,0,0,0,0,0,0,0,0,0,0,0,0.6195511,0.9134697,1,0.8323072,0.739147,0.8583593,0.8396891,0.8688438,0.7960964,0.7833054,0.760162,0.6369697,0,0,0,0,0,0,0
0,0,0,0,0,0,0,0,0,0,0,0,0,0,0,0.7690403,1,0.9658026,0,0.7940817,0.7962203,0.9142687,0.9587413,0.8964655,0,0,0,0,0,0,0,0,0,0,0,0,0,0,0,0,0,0,0,0,0,0,0,0.8202052,0.9477168,0.9999723,0.7501165,0.9478871,1,0.9519289,0.8234963,0,0.7330112,0,0,0,0,0,0,0,0,0
0,0,0,0,0,0,0,0,0,0,0,0,0.614803,0.6880113,0.6883819,0.7992719,1,0.9713673,0.7881905,0.728457,0.8706369,0.927319,0.896813,0.7750387,0.6212594,0.6112268,0,0,0,0,0,0,0,0,0,0,0,0,0,0,0,0,0,0.6111885,0.7678285,0.9021537,0.9336216,0.9748042,1,0.9909449,0.7916209,0.9019441,0.8627743,0.7658318,0.6731923,0.6469451,0,0,0,0,0,0,0,0,0,0
0,0,0,0,0,0,0,0,0,0.6442093,0.6766007,0.7158095,0.7201322,0.7457213,0.7471437,0.7704645,0.9872416,1,0.9068458,0.8297282,0.7250152,0,0,0,0,0,0,0,0,0,0,0,0,0,0,0,0,0,0.642685,0.742053,0.8193331,0.8854117,0.9175032,0.9214284,0.9254193,0.919886,0.8103813,0.7619043,0.9316632,1,0.8816328,0,0,0,0,0,0,0,0,0,0,0,0,0,0,0
0,0,0,0,0,0,0.6468931,0.7084613,0.762073,0.8158678,0.8572419,0.8742328,0.861662,0.8191572,0.7955697,0.8407804,1,0.9648168,0.6783672,0.6458257,0,0,0,0,0,0,0,0,0,0,0,0,0,0,0,0,0,0.7436011,0.8575856,0.9018127,0.8925682,0.8783366,0.8273861,0.70248,0.6429728,0.7487487,0.7090763,0.7440442,0.9409096,1,0.898607,0.6851149,0,0,0,0,0,0,0,0,0,0,0,0,0,0
0,0,0,0.6138522,0.6345932,0.7067447,0.6916348,0.756898,0.7520378,0.7365099,0.7762229,0.7793846,0.7241573,0.7178773,0.8099928,0.8739465,1,0.982753,0.7163555,0.7120161,0.6332214,0.6406134,0,0,0,0,0,0,0,0,0,0,0,0,0,0,0.6655141,0.7032886,0.796441,0.7852908,0.743139,0.7840242,0.849892,0.8186682,0.7422144,0.7899214,0.8231136,0.8322256,0.9369506,1,0.8837792,0,0.6651158,0.6366261,0,0,0,0,0,0,0,0,0,0,0,0
0.6557238,0.6484904,0,0.6918378,0.7221052,0.7251277,0.6608828,0.8466811,0.8797453,0.8630013,0.7363631,0.790936,0.8015468,0.7378439,0.7477394,0.8556788,1,0.9950161,0.7846794,0.6525484,0,0,0,0,0,0,0,0,0,0,0,0,0,0.5962679,0.6051849,0.6269559,0.6867552,0.8050235,0.824428,0.7615393,0.7985688,0.8613108,0.8377907,0.7219706,0.8008648,0.8195308,0.7355188,0.8175368,0.9550173,1,0.8864676,0,0,0,0,0,0,0,0,0,0,0,0,0,0,0
0,0,0,0,0.6662318,0.7166292,0,0.8419907,0.9345328,0.9090193,0.8386179,0.8128341,0.7033909,0,0.7074294,0.8373278,1,0.9807634,0.723805,0,0,0,0,0,0,0,0,0,0,0,0,0,0,0,0,0,0,0.671344,0.7656774,0.7856733,0.8387718,0.8681852,0.8242764,0.788629,0.8420591,0.8314891,0.7509867,0,0.9245278,1,0.8896908,0,0,0,0,0,0,0,0,0,0,0,0,0,0,0
0,0,0,0,0,0,0.663905,0.7006834,0.8042267,0.858036,0.8512487,0.8567367,0,0,0,0.8303647,1,0.9963039,0.8014346,0,0,0,0,0,0,0,0,0,0,0,0,0,0,0,0,0,0,0,0.6493704,0.7486169,0.8053714,0.8970074,0.9157451,0.7598383,0.7191383,0.7578393,0.6782516,0,0.9483133,1,0.890419,0,0,0,0,0,0,0,0,0,0,0,0,0,0,0
0,0,0,0,0,0,0,0,0,0.7879412,0.857729,0.8850152,0.8583406,0.7621646,0.7794286,0.8605282,1,0.9977238,0.7740638,0,0,0,0,0,0,0,0,0,0,0,0,0,0,0,0,0,0,0,0,0,0.6954883,0.750744,0.8068444,0.8430347,0.834685,0.8200906,0.7758329,0.6699414,0.9434628,1,0.8716006,0.7416992,0,0,0,0,0,0,0,0,0,0,0,0,0,0
0,0,0,0,0,0,0,0,0,0,0.5966618,0,0.7082475,0.728928,0.7674,0.8726684,1,0.9761344,0.7207251,0.7696604,0.6975799,0,0,0,0,0,0,0,0,0,0,0,0,0,0,0,0,0,0,0,0,0,0.5999651,0.6546171,0.7184302,0.6271873,0.7296319,0.7377116,0.9412396,1,0.8852743,0.7517457,0.7723289,0.7568771,0.6838676,0,0,0,0,0,0,0,0,0,0,0
0,0,0,0,0,0,0,0,0,0,0,0,0,0,0.6972216,0.8423703,1,0.9783817,0.8004335,0.8563912,0.8540418,0.8041925,0.7423049,0.6686786,0,0,0,0,0,0,0,0,0,0,0,0,0,0,0,0,0,0,0,0,0,0.5965158,0.6127128,0.5748293,0.9292626,1,0.8843361,0.6603098,0.6536677,0.7316377,0.7015305,0.7359676,0.7174414,0,0,0,0,0,0,0,0,0
0,0,0,0,0,0,0,0,0,0,0,0,0,0,0,0.8689207,1,0.9791461,0.8106351,0.7932198,0,0.8098726,0.7609486,0.7737735,0,0,0,0,0,0,0,0,0,0,0,0,0,0,0,0,0,0,0,0,0,0,0,0,0.9496179,1,0.9033245,0,0,0.7896485,0.7649075,0,0.7748277,0.7800683,0,0,0,0,0,0,0,0
0,0,0,0,0,0,0,0,0,0,0,0,0,0,0,0.8285782,1,0.9820519,0.8288156,0.7985521,0.7618306,0,0,0,0,0,0,0,0,0,0,0,0,0,0,0,0,0,0,0,0,0,0,0,0,0,0,0,0.9526836,1,0.8904689,0.6995876,0.8158238,0.8490989,0.8217929,0.7354384,0.6796215,0,0,0,0,0,0,0,0,0
0,0,0,0,0,0,0,0,0,0,0,0,0,0,0,0.8237861,1,0.9821843,0.8332481,0.6994241,0.6003837,0,0,0,0,0,0,0,0,0,0,0,0,0,0,0,0,0,0,0,0,0,0,0,0,0,0,0.6075228,0.9497614,1,0.8487148,0.6717016,0.6056726,0.6124953,0,0,0,0,0,0,0,0,0,0,0,0
