GestureName: circle
Duration(ms): 1410
Handedness: right

SpeakerAngles: 2
55
-55

InterpretedPoints: 30
0,0
0,0
0,0
0,0
0,0
0,0
0,0
0,0
-2.4201218523348,-3.95403765024536
-1.6134145682232,-6.77835025756348
0.806707284111599,-8.47293782195435
1.6134145682232,-9.03780034341798
0.806707284111599,-7.34321277902711
2.4201218523348,-3.95403765024536
2.4201218523348,-3.95403765024536
3.2268291364464,-3.38917512878174
6.45365827289279,0
5.64695098878119,1.69458756439087
2.4201218523348,6.21348773609986
4.03353642055799,8.47293782195435
1.6134145682232,12.4269754721997
0.806707284111599,11.8621129507361
-0.806707284111598,12.9918379936633
-0.806707284111598,12.9918379936633
-4.03353642055799,3.95403765024536
-9.68048740933919,-2.25945008585449
-0.806707284111599,-5.08376269317261
0,-4.51890017170899
0.806707284111599,-2.82431260731812
0,0

StrokePoints: 31
177.666666666667,130.277777777778
177.666666666667,130.277777777778
177.666666666667,130.277777777778
177.666666666667,130.277777777778
177.666666666667,130.277777777778
177.666666666667,130.277777777778
177.666666666667,130.277777777778
177.666666666667,130.277777777778
177.666666666667,130.277777777778
180.086788519001,134.231815428023
181.700203087225,141.010165685587
180.893495803113,149.483103507541
179.28008123489,158.520903850959
178.473373950778,165.864116629986
176.053252098443,169.818154280231
173.633130246109,173.772191930477
170.406301109662,177.161367059259
163.952642836769,177.161367059259
158.305691847988,175.466779494868
155.885569995653,169.253291758768
151.852033575096,160.780353936813
150.238619006872,148.353378464614
149.431911722761,136.491265513878
150.238619006872,123.499427520214
151.045326290984,110.507589526551
155.078862711542,106.553551876306
164.759350120881,108.81300196216
165.566057404993,113.896764655333
165.566057404993,118.415664827042
164.759350120881,121.23997743436
164.759350120881,121.23997743436

Velocities: 30
0,0
0,0
0,0
0,0
0,0
0,0
0,0
0,0
-5,-2
-7,-5
-7,-8
-7,-9
-6,-7
-2,-5
-2,-5
-1,-5
4,-4
5,-2
7,4
10,5
12,10
11,10
11,12
11,12
1,6
-8,4
-5,-4
-4,-4
-2,-3
0,0

InverseVelocities: 30
0,0
0,0
0,0
0,0
0,0
0,0
0,0
0,0
0,0
0,0
0,0
0,0
0,0
2,0
5,0
2,4
0,5
0,3
0,0
0,0
0,0
0,0
0,0
-7,0
-9,-3
0,-4
0,0
0,0
0,0
0,0

RawData: 30
0,0,0,0,0,0,0,0,0,0,0,0,0,0,0,0.7871961,0.9774629,1,0.8915697,0,0,0,0,0,0,0,0,0,0,0,0,0,0,0,0,0,0,0,0,0,0,0,0,0,0,0,0,0,0.9400021,1,0.9166306,0.6839176,0,0,0,0,0,0,0,0,0,0,0,0,0,0
0,0,0,0,0,0,0,0,0,0,0,0,0,0,0,0.824615,1,0.9051657,0.9095761,0.7385311,0,0,0,0,0,0,0,0,0,0,0,0,0,0,0,0,0,0,0,0,0,0,0,0,0,0,0,0.603781,0.9525506,1,0.8520765,0.7722762,0.5975955,0,0,0,0,0,0,0,0,0,0,0,0,0
0,0,0,0,0,0,0,0,0,0,0,0,0,0,0,0.8278751,0.9872545,1,0.9125204,0.7451771,0,0,0,0,0,0,0,0,0,0,0,0,0,0,0,0,0,0,0,0,0,0,0,0,0,0,0,0,0.961382,1,0.8277602,0.8010303,0,0,0,0,0,0,0,0,0,0,0,0,0,0
0,0,0,0,0,0,0,0,0,0,0,0,0,0,0,0.8299744,1,0.9650143,0.8106701,0,0,0,0,0,0,0,0,0,0,0,0,0,0,0,0,0,0,0,0,0,0,0,0,0,0,0,0,0,0.9319552,1,0.9309915,0.740893,0,0,0,0,0,0,0,0,0,0,0,0,0,0
0,0,0,0,0,0,0,0,0,0,0,0,0,0,0,0.8289803,1,0.9973717,0.8408329,0,0,0,0,0,0,0,0,0,0,0,0,0,0,0,0,0,0,0,0,0,0,0,0,0,0,0,0,0,0.9485629,1,0.8336782,0.7779822,0,0,0,0,0,0,0,0,0,0,0,0,0,0
0,0,0,0,0,0,0,0,0,0,0,0,0,0,0,0.8371607,1,0.9748194,0.6941199,0,0,0,0,0,0,0,0,0,0,0,0,0,0,0,0,0,0,0,0,0,0,0,0,0,0,0,0,0.6316183,0.9412933,1,0.9176503,0.7300823,0,0,0,0,0,0,0,0,0,0,0,0,0,0
0,0,0,0,0,0,0,0,0,0,0,0,0,0,0,0.863905,1,0.9828712,0.7812675,0,0,0,0,0,0,0,0,0,0,0,0,0,0,0,0,0,0,0,0,0,0,0,0,0,0,0,0,0,0.9474872,1,0.8631228,0.6615983,0,0,0,0,0,0,0,0,0,0,0,0,0,0
0,0,0,0,0,0,0,0,0,0,0,0,0,0.6675957,0.7878763,0.8369698,1,0.9887795,0.793399,0,0,0,0,0,0,0,0,0,0,0,0,0,0,0,0,0,0,0,0,0,0,0,0,0,0,0,0,0.6675397,0.9369417,1,0.9028816,0.6772502,0.6420346,0,0,0,0,0,0,0,0,0,0,0,0,0
0,0,0,0,0,0,0,0,0.5816393,0.6736331,0.7516193,0.8036082,0.8252543,0.7845058,0.8566611,0.7934261,0.9986292,1,0.7711478,0.5492806,0,0,0,0,0,0,0,0,0,0,0,0,0,0,0,0,0,0,0,0,0,0,0,0,0.5575118,0.5884859,0.6923488,0.8105212,0.9648131,1,0.8779598,0.5778439,0.5698627,0,0,0,0,0,0,0,0,0,0,0,0,0
0,0,0,0,0,0,0.700055,0.780972,0.815712,0.8100708,0.7818832,0.7853683,0.8844292,0.8459546,0.7400125,0.7069176,0.997475,1,0.7800468,0.5894833,0,0,0,0,0,0,0,0,0,0,0,0,0,0,0,0,0,0,0,0,0,0.5721058,0.6574139,0.7512789,0.8055866,0.8326179,0.8614504,0.8693226,0.9013058,1,0.8942741,0.5741407,0,0,0,0,0,0,0,0,0,0,0,0,0,0
0,0,0,0,0,0,0.7723541,0.7695038,0.6902516,0,0.7510496,0.8367985,0.7317482,0,0.7650246,0.7691578,1,0.985608,0.7341408,0,0,0,0,0,0,0,0,0,0,0,0,0,0,0,0,0,0,0,0.6847783,0.7232988,0.7779318,0.7783948,0.782329,0.768935,0.8045539,0.7269015,0.7289196,0.7103251,0.9366335,1,0.8987839,0,0,0,0,0,0,0,0,0,0,0,0,0,0,0
0,0,0,0,0,0,0.7367528,0.7336621,0.6703931,0.7286962,0.7885107,0.8269928,0.7634482,0.6859928,0.7176003,0.8268459,1,0.9828492,0.7622703,0,0,0,0,0,0,0,0,0,0,0,0,0,0,0,0,0,0,0.6820502,0.7650015,0.6425856,0.6625172,0.6392711,0.7719864,0.8462102,0.7960889,0.6611867,0,0,0.9432261,1,0.8855006,0,0,0,0,0,0,0,0,0,0,0,0,0,0,0
0,0,0,0,0,0,0,0.6775452,0.7035033,0.7791927,0.8285193,0.8498541,0.7401765,0.8650302,0.8378842,0.83947,1,0.9925895,0.7805731,0,0,0,0,0,0,0,0,0,0,0,0,0,0,0,0,0,0,0,0,0.7420478,0.7663889,0.78056,0.827875,0.6623397,0.8106236,0.7245874,0.658724,0,0.9463695,1,0.8778545,0,0,0,0,0,0,0,0,0,0,0,0,0,0,0
0,0,0,0,0,0,0,0,0,0,0,0.6946101,0.7615246,0.7621181,0.7785573,0.9149987,1,0.9726186,0.7569378,0.6669242,0.7115429,0.6390654,0,0,0,0,0,0,0,0,0,0,0,0,0,0,0,0,0,0,0,0.6840405,0.7781044,0.6567976,0.8350753,0.7593256,0.7182924,0.7179257,0.9421239,1,0.900596,0,0,0,0,0,0,0,0,0,0,0,0,0,0,0
0,0,0,0,0,0,0,0,0,0,0,0.6853342,0,0.6852127,0.7241937,0.6767999,1,0.988462,0.6936234,0.6418228,0.6756994,0.7187287,0.7085722,0.7056396,0.6540998,0,0,0,0,0,0,0,0,0,0,0,0,0,0,0,0,0.7279052,0.7702709,0.739087,0.8715143,0.8860159,0.7961748,0,0.9352778,1,0.873806,0.6371297,0.6309149,0,0,0,0,0,0,0,0,0,0,0,0,0
0,0,0,0,0,0,0,0,0,0,0,0,0.6603369,0.7586933,0.7273983,0.8516751,1,0.9882702,0.7851687,0.6707029,0.7279605,0.6921577,0,0,0,0,0,0,0,0,0,0,0,0,0,0,0,0,0,0,0,0.7203553,0.7388619,0.7225037,0.720215,0.6833904,0.7548526,0.6526615,0.9281376,1,0.8976405,0.6824373,0.6945699,0.7037315,0.7037349,0.6703925,0.6487791,0,0,0,0,0,0,0,0,0
0,0,0,0,0,0,0,0,0,0,0,0,0,0.6451159,0.6893656,0.8090171,1,0.994579,0.7442554,0.7751731,0.7607687,0.6768034,0.6489168,0.6395602,0,0,0,0,0,0,0,0,0,0,0,0,0,0,0,0,0,0,0.6655929,0.7696363,0.804814,0.7751355,0.7402672,0.6810427,0.9453235,1,0.8742864,0.7665361,0.7129943,0.6492248,0.6394793,0,0.6312239,0.6577047,0,0,0,0,0,0,0,0
0,0,0,0,0,0,0,0,0,0,0,0,0,0,0,0.8530144,1,0.9673341,0.8723044,0.8998455,0.8490426,0.8771088,0.843396,0.7195135,0.6963831,0,0,0,0,0,0,0,0,0,0,0,0,0,0,0,0,0,0,0,0.6563261,0.7090306,0.6907821,0.7124495,0.9301701,1,0.8808046,0.8181438,0.8955017,0.9014487,0.821169,0.6978463,0,0,0,0,0,0,0,0,0,0
0,0,0,0,0,0,0,0,0,0,0,0,0,0,0.6245363,0.8177935,1,0.9851409,0.7626718,0.7292689,0,0.8684122,0.859934,0.8898801,0.8216045,0.7028279,0.6862264,0,0,0,0,0,0,0,0,0,0,0,0,0,0,0,0,0,0,0,0.6149063,0.6819182,0.9510286,1,0.8620254,0,0.7499927,0.8841292,0.7929801,0.7662571,0.6866672,0,0,0,0,0,0,0,0,0
0,0,0,0,0,0,0,0,0,0,0,0,0,0,0.6468642,0.7983809,1,0.9866217,0.7914205,0.7909371,0.7658053,0.8335016,0.8836471,0.9346814,0.9251682,0.861554,0.8161618,0.8257295,0.7483997,0.6515458,0,0,0,0,0,0,0,0,0,0,0,0,0,0,0,0,0,0.6478922,0.9353391,1,0.9170693,0.8161707,0.8231697,0.787578,0.7506134,0.8410975,0.808055,0.6754493,0,0,0,0,0,0,0,0
0,0,0,0,0,0,0,0,0,0,0,0,0,0,0,0.827368,1,0.9706243,0.7046269,0.700716,0.65536,0.779475,0.7687759,0.7928054,0.8573436,0.8944205,0.8470821,0.7694793,0.724294,0.8381019,0.7863466,0.6391935,0,0,0,0,0,0,0,0,0,0,0,0,0,0,0,0.6304248,0.9454756,1,0.8362003,0.7965038,0.7667899,0.7724472,0.8547836,0.8781686,0.854928,0.7915305,0.73773,0.6623986,0.7541542,0.7296784,0.6512957,0,0,0
0,0,0,0,0,0,0,0,0,0,0,0,0,0,0,0.8259417,1,0.9847838,0.7658966,0.7233937,0.7376173,0.8259599,0.8442707,0.8732385,0.8810336,0.8037149,0.7062491,0.7942216,0.8081224,0.8150865,0.8113106,0,0,0,0,0,0,0,0,0,0,0,0,0,0,0,0,0.7056996,0.9481746,1,0.897052,0.7629569,0.7926843,0.8097331,0.7821303,0.8765222,0.8773991,0.8323897,0.7907112,0.8163625,0.7912206,0.7803937,0.7559242,0,0,0
0,0,0,0,0,0,0,0,0,0,0,0,0,0,0.5807421,0.7927557,1,0.985539,0.7431829,0.7789009,0.8544981,0.8831533,0.8741592,0.8517197,0.8156627,0.6146988,0.7773392,0.7769188,0,0.7444864,0.6639474,0,0,0,0,0,0,0,0,0,0,0,0,0,0,0,0,0,0.9280095,1,0.8809336,0.6320875,0.6745309,0.6442999,0.8321281,0.8117967,0.7602729,0.7458161,0.7738332,0.7585838,0,0.7490206,0.6941545,0.6791139,0.6607944,0.6166211
0,0,0,0,0,0,0.5534969,0.5560027,0.6344759,0.6058544,0.63578,0.6817217,0.5630706,0.6632589,0.8125443,0.9133016,1,0.9756795,0.8182766,0.8287649,0.7663518,0.7519668,0.6049688,0.7180192,0.697536,0,0.6088399,0.6978154,0.6785381,0.6173869,0.5901909,0,0,0,0,0,0,0,0,0,0,0,0,0,0,0,0,0.5867021,0.9374847,1,0.8781306,0.6880644,0.71307,0.6878487,0.7685624,0.7154386,0.8297776,0.8487125,0.7709665,0.7095097,0.7681083,0.7892316,0.7845212,0.7242054,0.5645959,0
0,0,0,0,0.7099141,0.7112301,0.7591605,0.8447598,0.9072782,0.9328586,0.9192119,0.8497981,0.6988724,0.7159214,0.8576363,0.9020134,1,0.9994187,0.8643262,0.7576056,0.7659663,0,0,0,0,0,0,0,0,0,0,0,0,0,0,0,0,0,0,0,0,0,0,0.7021924,0.6844028,0.7001072,0.8109836,0.8356679,0.959614,1,0.8997173,0.717227,0.8136154,0.8212587,0.8502061,0.8887219,0.8709342,0.8456095,0.7937599,0,0,0,0,0,0,0
0,0,0,0,0,0.7570645,0.8370488,0.8652017,0.8674361,0.9360213,0.7843173,0.839783,0.8392888,0.8503051,0.8547289,0.8930679,1,0.9802845,0.7615604,0.6920356,0,0,0,0,0,0,0,0,0,0,0,0,0,0,0,0,0,0,0,0,0,0,0.7360023,0.792249,0.7534231,0.87904,0.8748677,0.8439212,0.9566939,1,0.8780047,0.7832629,0,0.7400856,0,0.7400283,0.6989929,0,0,0,0,0,0,0,0,0
0,0,0,0,0,0,0,0,0.8596259,0.8893219,0.8846051,0.8281818,0.8008724,0.8248709,0.8603302,0.8707923,0.9920405,1,0.8658423,0,0,0,0,0,0,0,0,0,0,0,0,0,0,0,0,0,0,0,0,0,0,0,0.7992455,0.8846988,0.895471,0.8613037,0.8890109,0.8778732,0.9312422,1,0.9080884,0,0,0,0,0,0,0,0,0,0,0,0,0,0,0
0,0,0,0,0,0,0,0,0,0.7082154,0,0.7721468,0.8178288,0.8386281,0.7491233,0.890286,1,0.9851089,0.774534,0,0,0,0,0,0,0,0,0,0,0,0,0,0,0,0,0,0,0,0,0,0,0,0.6779404,0.7300365,0.8761123,0.9201956,0.8301153,0.7585478,0.9459425,1,0.8965168,0,0,0,0,0,0,0,0,0,0,0,0,0,0,0
0,0,0,0,0,0,0,0,0,0,0,0.6036944,0.6515927,0.7915928,0.8297246,0.7422504,1,0.9907137,0.7299976,0,0,0,0,0,0,0,0,0,0,0,0,0,0,0,0,0,0,0,0,0,0,0,0,0.5953603,0,0.799228,0.8881903,0.9068964,0.944676,1,0.878123,0,0,0,0,0,0,0,0,0,0,0,0,0,0,0
0,0,0,0,0,0,0,0,0,0,0,0,0,0.5255606,0.5802723,0.8739719,1,0.965701,0.7107598,0,0,0,0,0,0,0,0,0,0,0,0,0,0,0,0,0,0,0,0,0,0,0,0,0,0,0,0.6415532,0.8227524,0.9518235,1,0.8844022,0,0,0,0,0,0,0,0,0,0,0,0,0,0,0
