GestureName: circle
Duration(ms): 1410
Handedness: right

SpeakerAngles: 2
55
-55

InterpretedPoints: 30
0,2.25945008585449
3.22682913644639,4.51890017170899
-0.806707284111599,6.21348773609986
-2.4201218523348,3.95403765024536
-8.06707284111599,-3.38917512878174
-0.806707284111599,-7.34321277902711
0.806707284111599,-8.47293782195435
0,-6.77835025756348
2.4201218523348,-5.08376269317261
2.4201218523348,-2.82431260731812
4.03353642055799,-1.69458756439087
2.4201218523348,-1.69458756439087
3.2268291364464,-1.12972504292725
0,3.38917512878174
1.6134145682232,6.77835025756348
1.6134145682232,9.03780034341798
1.6134145682232,10.1675253863452
-0.806707284111599,10.7323879078088
0.806707284111599,11.8621129507361
-4.03353642055799,6.21348773609986
-6.45365827289279,-1.12972504292725
-2.4201218523348,-5.08376269317261
-2.4201218523348,-2.82431260731812
-0.806707284111599,-0.564862521463624
0,0
0,0
0,0
0,0
0,0
0,0

StrokePoints: 31
177.666666666667,130.277777777778
177.666666666667,128.018327691923
174.43983753022,123.499427520214
175.246544814332,117.285939784114
177.666666666667,113.331902133869
185.733739507783,116.721077262651
186.540446791894,124.064290041678
185.733739507783,132.537227863632
185.733739507783,139.315578121196
183.313617655448,144.399340814368
180.893495803113,147.223653421687
176.859959382555,148.918240986077
174.43983753022,150.612828550468
171.213008393774,151.742553593396
171.213008393774,148.353378464614
169.599593825551,141.57502820705
167.986179257328,132.537227863632
166.372764689104,122.369702477287
167.179471973216,111.637314569478
166.372764689104,99.7752016187421
170.406301109662,93.5617138826423
176.859959382555,94.6914389255695
179.28008123489,99.7752016187421
181.700203087225,102.59951422606
182.506910371336,103.164376747524
182.506910371336,103.164376747524
182.506910371336,103.164376747524
182.506910371336,103.164376747524
182.506910371336,103.164376747524
182.506910371336,103.164376747524
182.506910371336,103.164376747524

Velocities: 30
2,2
6,2
5,6
2,5
-8,2
-7,-6
-7,-8
-6,-6
-3,-6
-1,-4
1,-4
0,-3
1,-3
3,3
7,5
9,7
10,8
9,10
11,10
3,8
-5,3
-6,-3
-4,-1
-1,0
0,0
0,0
0,0
0,0
0,0
0,0

InverseVelocities: 30
0,0
0,0
0,0
-1,0
0,-3
0,0
0,0
0,0
0,0
0,0
0,0
0,2
0,4
0,0
0,0
0,0
0,0
0,0
-1,0
-4,-1
0,-2
0,0
0,0
0,0
0,0
0,0
0,0
0,0
0,0
0,0

RawData: 30
0,0,0,0,0,0,0,0,0,0,0,0,0,0,0,0.8493987,1,0.9933375,0.9080827,0.8824227,0.8644828,0.8470111,0,0,0,0,0,0,0,0,0,0,0,0,0,0,0,0,0,0,0,0,0,0,0,0,0,0.6719979,0.9520904,1,0.9239506,0.8541564,0.7443991,0.6778342,0.6766723,0,0,0,0,0,0,0,0,0,0,0
0,0,0,0,0,0,0,0,0,0,0,0,0,0,0,0.8054146,1,0.9873372,0.8386437,0.8338588,0.9181561,0.8908156,0.762394,0,0.6267309,0.6089769,0,0,0,0,0,0,0,0,0,0,0,0,0,0,0,0,0,0,0,0,0,0,0.9396255,1,0.8994187,0.7659245,0.724408,0.7425326,0.6734106,0,0,0,0,0,0,0,0,0,0,0
0,0,0,0,0,0,0,0,0,0,0,0,0,0,0,0.8318363,1,0.9877374,0.8676094,0.6882814,0.8904958,0.820619,0.7589284,0.7066982,0.61128,0,0,0,0,0,0,0,0,0,0,0,0,0,0,0,0,0,0,0,0,0,0,0.6144202,0.9333694,1,0.885952,0.7556232,0.8321681,0.8531098,0.775318,0.6361026,0.6260344,0.6868303,0.6151676,0,0,0,0,0,0,0
0,0,0,0,0,0,0,0,0,0,0,0,0.7225735,0.7141196,0.7983982,0.9125323,1,0.9783584,0.9438798,0.939094,0.9084328,0.8259361,0,0,0,0,0,0,0,0,0,0,0,0,0,0,0,0,0,0,0,0,0,0,0,0,0,0.7250639,0.9355531,1,0.9278631,0.7708041,0.8451129,0.8162537,0,0,0.6760423,0.6706795,0,0,0,0,0,0,0,0
0,0,0,0,0,0.6541935,0.6402959,0.6545685,0.7101894,0.8422269,0.9118122,0.9377714,0.9352009,0.9191429,0.8455957,0.8503462,1,0.9902397,0.7215323,0,0,0,0,0,0,0,0,0,0,0,0,0,0,0,0,0,0,0,0,0,0,0,0,0.688391,0.6765457,0.6396254,0.6844175,0.7363058,0.9594032,1,0.834559,0.7766904,0.6149923,0.7048011,0.6860282,0,0,0,0,0,0,0,0,0,0,0
0,0,0,0,0,0,0.7318398,0,0.8650525,0.8826069,0.867001,0.8312928,0.7914502,0.7790395,0.8024818,0.8668448,1,0.9907291,0.813885,0,0,0,0,0,0,0,0,0,0,0,0,0,0,0,0,0,0,0,0,0,0.7026337,0.8109241,0.8662996,0.8909209,0.8655198,0.8109037,0.769882,0.8165843,0.9454195,1,0.8975016,0.709191,0,0,0,0,0,0,0,0,0,0,0,0,0,0
0,0,0,0,0,0,0.7184135,0.8050694,0.7304476,0.8057321,0.7960436,0.7228487,0.7516527,0.7691501,0.7816186,0.8780789,1,0.9840333,0.7719889,0,0,0,0,0,0,0,0,0,0,0,0,0,0,0,0,0,0,0,0.610666,0.7463892,0.7970569,0.7186594,0.7288987,0.798292,0.7775261,0.802654,0.7914136,0.7255201,0.9392487,1,0.8927752,0,0,0,0,0,0,0,0,0,0,0,0,0,0,0
0,0,0,0,0,0,0,0.7395138,0.7889139,0.8029797,0.7935808,0.8416424,0.7709742,0.7416924,0,0.8333834,1,0.9867659,0.7817683,0,0,0,0,0,0,0,0,0,0,0,0,0,0,0,0,0,0,0,0,0,0.7341165,0.8162369,0.7218143,0.7664126,0,0.7896813,0.7346174,0.7015104,0.9471801,1,0.9047052,0,0,0,0,0,0,0,0,0,0,0,0,0,0,0
0,0,0,0,0,0,0,0,0,0,0.7097174,0.8252125,0.8564423,0.7880338,0.7235571,0.8916827,1,0.9754946,0.7831616,0.6898488,0,0,0,0,0,0,0,0,0,0,0,0,0,0,0,0,0,0,0,0,0.7097431,0.7725956,0.743806,0.7830471,0.8071579,0,0.7984828,0.6961135,0.9470154,1,0.8869115,0,0,0,0,0,0,0,0,0,0,0,0,0,0,0
0,0,0,0,0,0,0,0,0,0,0,0,0.7913995,0.8299072,0.7045598,0.7409528,0.9867212,1,0.8326299,0,0,0,0,0,0,0,0,0,0,0,0,0,0,0,0,0,0,0,0,0,0,0,0.6804671,0.6868054,0.7448075,0.7840441,0.7244358,0.7873031,0.9431908,1,0.9007698,0.642433,0,0,0,0,0,0,0,0,0,0,0,0,0,0
0,0,0,0,0,0,0,0,0,0,0,0,0,0.8109316,0.8059631,0.7916835,1,0.9846289,0.8214918,0.8069608,0.7818921,0,0,0,0,0,0,0,0,0,0,0,0,0,0,0,0,0,0,0,0,0,0.7283031,0.7545081,0.7474716,0.7640013,0.7669377,0.8400885,0.9578897,1,0.8980325,0,0,0,0,0,0,0,0,0,0,0,0,0,0,0
0,0,0,0,0,0,0,0,0,0,0,0,0,0,0.7129348,0.8568876,1,0.9785748,0.7985932,0.7328098,0,0,0,0,0,0,0,0,0,0,0,0,0,0,0,0,0,0,0,0,0,0,0,0.6597414,0.7563744,0.8107336,0.8094645,0.8106435,0.9197917,1,0.9178459,0,0,0.6747373,0.647085,0,0,0,0,0,0,0,0,0,0,0
0,0,0,0,0,0,0,0,0,0,0,0,0,0,0,0.8156515,1,0.9858413,0.6889133,0.7798013,0.7829695,0,0,0,0,0,0,0,0,0,0,0,0,0,0,0,0,0,0,0,0,0,0,0.6301333,0.7093858,0.7146739,0.7682499,0.7897893,0.9595941,1,0.8435165,0.7752039,0.6800489,0.629109,0.6786299,0.7154599,0.6562126,0,0,0,0,0,0,0,0,0
0,0,0,0,0,0,0,0,0,0,0,0,0,0,0,0.8354118,1,0.990238,0.7649275,0,0.8106422,0.8566794,0.8299865,0,0,0,0,0,0,0,0,0,0,0,0,0,0,0,0,0,0,0,0,0,0,0,0.6587086,0.7572269,0.9130732,1,0.8835425,0.869895,0.885833,0.8298189,0.7854123,0.699223,0,0,0,0,0,0,0,0,0,0
0,0,0,0,0,0,0,0,0,0,0,0,0,0,0.6811572,0.8400497,1,0.9745266,0.7193847,0,0.8169258,0.8614082,0.7484854,0.7788275,0.8073852,0.8273398,0.7430127,0,0,0,0,0,0,0,0,0,0,0,0,0,0,0,0,0,0,0,0,0.6982972,0.9480437,1,0.8726236,0,0.8483899,0.830417,0.8403601,0.8181154,0.785568,0.6609867,0,0,0,0,0,0,0,0
0,0,0,0,0,0,0,0,0,0,0,0,0,0,0,0.8087978,1,0.9864825,0.8169706,0.7496188,0.7841194,0.9030467,0.8682335,0.8336622,0.9178739,0.8834092,0.8146281,0.6704042,0.6831005,0,0,0,0,0,0,0,0,0,0,0,0,0,0,0,0,0,0,0.6625878,0.9499949,1,0.8844483,0.762882,0.7826247,0.8700393,0.8330888,0.6995331,0.8481638,0.8386892,0.73786,0.6634679,0,0,0,0,0,0
0,0,0,0,0,0,0,0,0,0,0,0,0,0,0.7245727,0.8007569,1,0.9976707,0.8510389,0,0.7928949,0.8583912,0.8238631,0.8441225,0.8617172,0.8941739,0.9137457,0.8515546,0.827193,0.7521749,0,0,0,0,0,0,0,0,0,0,0,0,0,0,0,0,0,0,0.9473882,1,0.8953372,0.8240932,0.7855787,0.8446243,0.8448458,0.8858642,0.8347822,0.7117546,0.7862549,0.7881054,0.730314,0,0,0,0,0
0,0,0,0,0,0,0,0,0,0,0,0,0,0,0,0.8565317,1,0.980791,0.7032411,0.8319817,0.770023,0.8578345,0.8437258,0.9008036,0.8999722,0.9188053,0.8981128,0,0.7444726,0,0,0,0,0,0,0,0,0,0,0,0,0,0,0,0,0,0,0,0.93721,1,0.8733631,0.7771187,0.8526904,0.8947049,0.8228985,0.7444127,0.7792027,0.7926018,0.7083233,0.77372,0.8032897,0.7971412,0.6653227,0,0,0
0,0,0,0,0,0,0,0,0,0,0,0,0.6636013,0.7781494,0.8391507,0.8797026,1,0.9221548,0.8806796,0.893514,0.9205768,0.8642022,0.7878701,0.808699,0.7314963,0.7122674,0.7529503,0.7363672,0,0.6805751,0.651359,0,0,0,0,0,0,0,0,0,0,0,0,0,0,0,0,0.6919206,0.9448566,1,0.8755842,0.7750242,0.8694705,0.8099881,0.8057272,0.7993521,0.7432325,0.8345174,0.7999541,0.8105896,0.6924926,0.7813955,0.7090955,0,0,0
0,0,0,0,0,0,0,0,0,0.7498679,0.8518697,0.9068464,0.9345018,0.942925,0.8442273,0.8719509,0.9743256,1,0.875598,0.6742407,0.7083488,0.6952676,0.6914093,0,0,0,0,0,0,0,0,0,0,0,0,0,0,0,0,0,0,0,0,0,0,0.6494092,0.7406999,0.7110336,0.9153855,1,0.9255933,0.7215945,0.8626033,0.8643727,0.8670008,0.8928731,0.899854,0.8790027,0.8296887,0.75536,0.6724598,0,0,0,0,0
0,0,0,0,0,0,0,0,0.7090172,0.8083607,0.9186755,0.7981763,0.9253153,0.9110085,0.8893546,0.8253315,1,0.9799986,0.6819265,0,0,0,0,0,0,0,0,0,0,0,0,0,0,0,0,0,0,0,0,0,0,0,0,0,0.6843952,0.7241564,0.848212,0.7407483,0.9726028,1,0.8377683,0.8761181,0.7047629,0,0.7391478,0.7223141,0,0,0,0,0,0,0,0,0,0
0,0,0,0,0,0,0,0.6369756,0.6576154,0.6465134,0.8093219,0.9311548,0.9524608,0.876489,0.6771306,0.8182486,1,0.9948207,0.7997339,0,0,0,0,0,0,0,0,0,0,0,0,0,0,0,0,0,0,0,0,0,0,0,0,0.6216567,0.7238014,0.8651863,0.9025453,0.8712875,0.9340848,1,0.8913744,0.6581002,0.6033206,0,0,0,0,0,0,0,0,0,0,0,0,0
0,0,0,0,0,0,0,0,0,0.6188481,0,0.7620383,0.855712,0.9033407,0.8475368,0.8683178,1,0.9821858,0.7791862,0,0,0,0,0,0,0,0,0,0,0,0,0,0,0,0,0,0,0,0,0,0,0,0,0,0,0.8137943,0.8601784,0.8200603,0.9408886,1,0.8812797,0,0,0,0,0,0,0,0,0,0,0,0,0,0,0
0,0,0,0,0,0,0,0,0,0,0,0,0.7778698,0.8131345,0.8874139,0.8629028,1,0.9891215,0.7940062,0,0,0,0,0,0,0,0,0,0,0,0,0,0,0,0,0,0,0,0,0,0,0,0,0,0,0,0.8282852,0.8935173,0.9272135,1,0.911168,0,0,0,0,0,0,0,0,0,0,0,0,0,0,0
0,0,0,0,0,0,0,0,0,0,0,0,0,0,0.7303286,0.7715639,1,0.9862697,0.7453327,0,0,0,0,0,0,0,0,0,0,0,0,0,0,0,0,0,0,0,0,0,0,0,0,0,0,0,0.5910814,0.7357404,0.9718044,1,0.8632027,0,0,0,0,0,0,0,0,0,0,0,0,0,0,0
0,0,0,0,0,0,0,0,0,0,0,0,0,0,0,0.8444095,1,0.9809381,0.7483426,0,0,0,0,0,0,0,0,0,0,0,0,0,0,0,0,0,0,0,0,0,0,0,0,0,0,0,0,0.7590979,0.9611384,1,0.8853006,0,0,0,0,0,0,0,0,0,0,0,0,0,0,0
0,0,0,0,0,0,0,0,0,0,0,0,0,0,0,0.8099224,1,0.9858174,0.7483905,0,0,0,0,0,0,0,0,0,0,0,0,0,0,0,0,0,0,0,0,0,0,0,0,0,0,0,0,0.8114024,0.9181063,1,0.9366792,0,0,0,0,0,0,0,0,0,0,0,0,0,0,0
0,0,0,0,0,0,0,0,0,0,0,0,0,0,0,0.8485808,1,0.9831185,0.7683934,0,0,0,0,0,0,0,0,0,0,0,0,0,0,0,0,0,0,0,0,0,0,0,0,0,0,0,0,0.7964463,0.9773981,1,0.8740683,0,0,0,0,0,0,0,0,0,0,0,0,0,0,0
0,0,0,0,0,0,0,0,0,0,0,0,0,0,0,0.861562,1,0.9722824,0.7396236,0,0,0,0,0,0,0,0,0,0,0,0,0,0,0,0,0,0,0,0,0,0,0,0,0,0,0,0,0.7796478,0.9774179,1,0.8583102,0,0,0,0,0,0,0,0,0,0,0,0,0,0,0
0,0,0,0,0,0,0,0,0,0,0,0,0,0,0,0.8678173,1,0.9774832,0.7650706,0,0,0,0,0,0,0,0,0,0,0,0,0,0,0,0,0,0,0,0,0,0,0,0,0,0,0,0,0.7052822,0.9553113,1,0.8861175,0,0,0,0,0,0,0,0,0,0,0,0,0,0,0
