GestureName: p
Duration(ms): 799
Handedness: right

SpeakerAngles: 2
55
-55

InterpretedPoints: 17
2.4201218523348,1.69458756439087
0,3.38917512878174
-0.806707284111599,8.47293782195435
-0.806707284111599,7.34321277902711
1.6134145682232,-3.38917512878174
0,-9.03780034341798
2.4201218523348,-5.08376269317261
1.6134145682232,-4.51890017170899
1.6134145682232,-1.12972504292725
0,0
0.806707284111599,0.564862521463624
3.2268291364464,2.25945008585449
2.4201218523348,7.34321277902711
3.2268291364464,10.1675253863452
0.806707284111599,11.8621129507361
0,3.38917512878174
3.2268291364464,-1.12972504292725

StrokePoints: 18
177.666666666667,130.277777777778
175.246544814332,128.583190213387
175.246544814332,125.194015084605
176.053252098443,116.721077262651
176.859959382555,109.377864483624
175.246544814332,112.767039612405
175.246544814332,121.804839955823
172.826422961997,126.888602648996
171.213008393774,131.407502820705
169.599593825551,132.537227863632
169.599593825551,132.537227863632
168.792886541439,131.972365342169
165.566057404993,129.712915256314
163.145935552658,122.369702477287
159.919106416212,112.202177090942
159.1123991321,100.340064140206
159.1123991321,96.950889011424
155.885569995654,98.0806140543513

Velocities: 17
3,0
3,3
7,8
6,7
-2,-4
-8,-8
-3,-6
-3,-5
0,-2
0,0
1,0
4,0
8,5
11,7
11,10
3,3
1,-3

InverseVelocities: 17
0,0
0,0
0,0
-3,-1
0,0
2,1
4,4
3,0
0,0
0,0
0,0
0,0
0,0
-2,-4
-4,-4
-5,-6
-3,0

RawData: 17
0,0,0,0,0,0,0,0,0,0,0,0,0,0,0,0.8100791,1,0.9765801,0.8303502,0.8199277,0,0.6458027,0.6457132,0,0,0,0,0,0,0,0,0,0,0,0,0,0,0,0,0,0,0,0,0,0,0,0,0.7056672,0.9453055,1,0.886788,0.6612739,0,0,0,0,0,0,0,0,0,0,0,0,0,0
0,0,0,0,0,0,0,0,0,0,0,0,0,0,0,0.8302205,0.997607,1,0.8725337,0.7032052,0.8506556,0.8196601,0.7704817,0,0,0,0,0,0,0,0,0,0,0,0,0,0,0,0,0,0,0,0,0,0,0,0,0,0.9410076,1,0.9063297,0.6696593,0.7735378,0.7650461,0.7491906,0.6831014,0,0,0,0,0,0,0,0,0,0
0,0,0,0,0,0,0,0,0,0,0,0,0,0,0.7120679,0.8643184,1,0.9882043,0.8459175,0.7885958,0.8058002,0.8752174,0.8310068,0.714,0.6143425,0.6197488,0.6282488,0,0,0,0,0,0,0,0,0,0,0,0,0,0,0,0,0,0,0,0.6238822,0.6005718,0.9330881,1,0.8927346,0.7548096,0.7767007,0,0.7672909,0.7267244,0.687059,0.7126756,0.7135936,0.6722096,0.5627244,0,0,0,0,0
0,0,0,0,0,0,0,0,0,0,0.6674084,0.7576831,0.8236846,0.8139567,0.6585147,0.8887326,1,0.9634293,0.6116669,0.7173594,0.7451341,0.6973982,0,0.6223813,0,0.6185136,0,0,0,0,0,0,0,0,0,0,0,0,0,0,0,0,0,0,0,0.6255712,0.6602731,0.7237661,0.9487687,1,0.8604733,0.7475188,0.7267579,0.5868148,0.6161535,0.6513603,0.711253,0.664442,0.6299047,0.6101214,0,0,0,0,0,0
0,0,0,0,0,0,0,0,0,0,0,0.7619828,0.9015378,0.8995995,0.8628609,0.8800673,1,0.9937826,0.7624351,0,0,0,0,0,0,0,0,0,0,0,0,0,0,0,0,0,0,0,0,0,0,0,0.6885398,0.68417,0,0.7217499,0.8025823,0.8155457,0.9441411,1,0.9038436,0.7712666,0.6935018,0,0,0,0,0,0,0,0,0,0,0,0,0
0,0,0,0,0,0.5844985,0.6862901,0.7104319,0.6123098,0.7535911,0.7600498,0.7509972,0.8125466,0.7198943,0.7521093,0.8191923,1,0.9905135,0.7415212,0.7424189,0.6699656,0.617343,0,0,0,0,0,0,0,0,0,0,0,0,0,0,0,0,0.6081814,0.6185385,0.6466064,0.6153532,0.6972067,0.7031665,0,0.6366738,0.6332463,0.7435252,0.9478559,1,0.8802966,0,0.6193779,0.5812204,0,0,0,0,0,0,0,0,0,0,0,0
0,0,0,0,0,0,0,0,0,0,0.7446653,0.7919381,0.7481149,0.8096774,0.7182146,0.856932,1,0.9908447,0.7958163,0.7873871,0.8391191,0.8194235,0.7324531,0.7055646,0,0,0,0,0,0,0,0,0,0,0,0,0,0,0,0,0.6195833,0.6891373,0.7184335,0.6891018,0.6909465,0.7970518,0.7825795,0.6819652,0.940255,1,0.8835927,0,0,0.6141878,0.6253395,0.5969155,0.6336465,0,0,0,0,0,0,0,0,0
0,0,0,0,0,0,0,0,0,0,0.6995777,0.6908101,0.7252945,0.7807389,0.7051026,0.8908103,1,0.96964,0.7300482,0.7231395,0.7408276,0.7739217,0.6996172,0,0,0,0,0,0,0,0,0,0,0,0,0,0,0,0,0,0,0.6255262,0.6794525,0.6649814,0.7092798,0.6705896,0.6745251,0.7190633,0.9424758,1,0.8860992,0.6590828,0.5981814,0,0,0,0,0,0,0,0,0,0,0,0,0
0,0,0,0,0,0,0,0,0,0,0,0,0,0.75479,0.7761236,0.8616002,1,0.9500436,0.7762791,0.7465733,0,0,0,0,0,0,0,0,0,0,0,0,0,0,0,0,0,0,0,0,0,0,0,0,0.6790183,0.6938336,0.7276355,0,0.9498287,1,0.8957991,0.7686019,0,0,0,0,0,0,0,0,0,0,0,0,0,0
0,0,0,0,0,0,0,0,0,0,0,0,0,0,0.6287937,0.8160032,1,0.9908841,0.8839989,0.8034008,0,0,0,0,0,0,0,0,0,0,0,0,0,0,0,0,0,0,0,0,0,0,0,0,0,0,0.6058533,0.6668826,0.9409164,1,0.912132,0.7573078,0.6360221,0,0,0,0,0,0,0,0,0,0,0,0,0
0,0,0,0,0,0,0,0,0,0,0,0,0,0,0,0.8341423,1,0.9950826,0.9040277,0.9039039,0.8229068,0,0,0,0,0,0,0,0,0,0,0,0,0,0,0,0,0,0,0,0,0,0,0,0,0,0,0,0.9434016,1,0.906392,0.7670169,0,0,0,0,0,0,0,0,0,0,0,0,0,0
0,0,0,0,0,0,0,0,0,0,0,0,0,0,0,0.7989288,1,0.9987916,0.820843,0.966296,0.9606341,0.7517816,0.8319185,0.8459293,0,0,0,0,0,0,0,0,0,0,0,0,0,0,0,0,0,0,0,0,0,0,0,0,0.9498502,1,0.8910555,0,0,0,0,0,0,0,0,0,0,0,0,0,0,0
0,0,0,0,0,0,0,0,0,0,0,0,0,0,0,0.8156461,1,0.9943454,0.8271375,0.915489,0.9500222,0.9073305,0.8430802,0.6935834,0.7711361,0.7833857,0.7988766,0.7076538,0,0,0,0,0,0,0,0,0,0,0,0,0,0,0,0,0,0,0,0.6684778,0.9364744,1,0.9165692,0.7749767,0.6775717,0.6677523,0.7387911,0.7428773,0.6715789,0.645827,0,0,0,0,0,0,0,0
0,0,0,0,0,0,0,0,0,0,0,0.6212864,0.6163447,0.6283073,0.6730592,0.8476534,1,0.9991367,0.8625128,0.7350727,0.840552,0.9137511,0.8496633,0.7445135,0.7439299,0.7501827,0.7750175,0.6837938,0.7381121,0.7687305,0.7129938,0,0,0,0,0,0,0,0,0,0,0,0.5772377,0.6423102,0.6224974,0.6246504,0,0.6330334,0.9276185,1,0.8974724,0.6654763,0.6779236,0,0.6563088,0.7014434,0.6088868,0,0.6131374,0.6173039,0,0,0,0,0,0
0,0,0,0,0,0,0,0,0,0.6659638,0.7747536,0.7901965,0.7734325,0.8393995,0.8331929,0.8138601,1,0.9793522,0.7076171,0.752619,0.7333853,0.8455863,0.8365132,0.7354802,0.679665,0.6593766,0,0.6682229,0.7179244,0.6951076,0.6185843,0,0,0,0,0,0,0,0,0,0,0,0.6088996,0.6747942,0.633629,0.6891057,0.6953548,0.6255408,0.9471755,1,0.8687459,0.7422267,0.6894155,0.6893806,0.7298043,0.6714818,0.582095,0,0,0,0.6563554,0.6452911,0.6049364,0,0,0
0,0,0,0,0,0,0,0,0.7088327,0.798116,0.8449022,0.8413319,0.8662307,0.8498369,0.9448669,0.9510362,1,0.9924103,0.7968761,0.8047146,0.7535578,0.6792438,0.6755187,0,0,0,0,0,0,0,0,0,0,0,0,0,0,0,0,0,0.5775399,0.6291583,0.6584303,0.5842233,0.5803388,0.6068217,0.5859722,0.7003512,0.9416449,1,0.8873622,0.6381662,0,0,0.6076854,0.5811471,0,0,0,0,0,0,0,0,0,0
0,0,0,0,0,0,0,0,0,0,0.6993876,0.8020177,0.8083028,0.8120769,0.8382095,0.9023278,1,0.970469,0.8067833,0.6821811,0.5899263,0,0,0,0,0,0,0,0,0,0,0,0,0,0,0,0,0,0,0,0,0,0,0.5985073,0.6623673,0.6472898,0.7064574,0.708102,0.9340348,1,0.8889171,0.5578734,0,0,0,0,0,0,0,0,0,0,0,0,0,0
