GestureName: p
Duration(ms): 752
Handedness: right

SpeakerAngles: 2
55
-55

InterpretedPoints: 16
0,2.25945008585449
-2.4201218523348,2.82431260731812
0.806707284111599,2.82431260731812
-1.6134145682232,2.25945008585449
3.2268291364464,-1.12972504292725
5.64695098878119,-2.82431260731812
8.06707284111599,-2.25945008585449
1.6134145682232,-2.25945008585449
3.2268291364464,1.12972504292725
2.4201218523348,2.82431260731812
3.2268291364464,2.25945008585449
2.4201218523348,5.08376269317261
0,5.64862521463624
1.6134145682232,3.38917512878174
-2.4201218523348,9.6026628648816
4.84024370466959,0

StrokePoints: 17
177.666666666667,130.277777777778
177.666666666667,128.018327691923
180.086788519001,125.194015084605
179.28008123489,122.369702477287
180.893495803113,120.110252391433
177.666666666667,121.23997743436
172.019715677886,124.064290041678
163.95264283677,126.323740127532
162.339228268546,128.583190213387
159.1123991321,127.45346517046
156.692277279765,124.629152563142
153.465448143319,122.369702477287
151.045326290984,117.285939784114
151.045326290984,111.637314569478
149.431911722761,108.248139440696
151.852033575096,98.6454765758149
147.011789870426,98.6454765758149

Velocities: 16
2,2
1,4
3,2
1,3
1,-3
1,-6
3,-7
-1,-3
3,-1
4,1
4,0
6,3
5,5
4,2
7,10
3,-3

InverseVelocities: 16
0,0
-1,0
-2,-1
-6,-4
-3,0
-6,0
-4,0
0,0
0,0
0,0
0,0
0,0
0,0
-1,0
-4,-6
-6,0

RawData: 16
0,0,0,0,0,0,0,0,0,0,0,0,0,0,0.6401545,0.8038923,1,0.9818402,0.8362298,0.859175,0.7727675,0.6507809,0,0,0,0,0,0,0,0,0,0,0,0,0,0,0,0,0,0,0,0,0,0,0,0,0,0.6168213,0.9326545,1,0.9026392,0.7061896,0.578649,0.5926296,0.5864258,0,0,0,0,0,0,0,0,0,0,0
0,0,0,0,0,0,0,0,0,0,0,0,0.6541995,0.6622998,0.6757269,0.8608895,1,0.9577754,0.8442636,0.7617957,0.6882492,0,0,0,0,0,0,0,0,0,0,0,0,0,0,0,0,0,0,0,0,0,0,0,0,0,0.5970031,0.6976288,0.9499473,1,0.8800761,0.6612734,0.6739321,0.7081037,0.7334861,0.6673353,0.5842638,0,0,0,0,0,0,0,0,0
0,0,0,0,0,0,0,0,0,0,0,0.7066517,0.8753816,0.9038323,0.865656,0.843505,1,0.9894029,0,0.7424737,0.7305795,0.6696537,0.642366,0,0,0,0,0,0,0,0,0,0,0,0,0,0,0,0,0,0,0,0,0,0,0.6123909,0.6166161,0.6665604,0.929222,1,0.8924301,0.8093696,0.800852,0.7252091,0.6694615,0,0,0,0,0,0,0,0,0,0,0
0,0,0,0,0,0,0,0.6312712,0.6298015,0.6271554,0.6742775,0.7657253,0.9083635,0.9355914,0.9007397,0.9025079,1,0.9709096,0.7853898,0.7529343,0.5960633,0,0,0,0,0,0,0,0,0,0,0,0,0,0,0,0,0,0,0,0,0,0.6242352,0.6194128,0,0.6321743,0.7270073,0.6948974,0.9380762,1,0.8549845,0.7187295,0.6640357,0.6923575,0.6569239,0.5995136,0,0,0,0,0,0,0,0,0,0
0,0,0,0,0,0,0,0,0,0,0.8871287,0.915723,0.8622977,0.8470753,0.8598893,0.8314922,0.9985657,1,0,0.8744576,0.8404654,0,0,0,0,0,0,0,0,0,0,0,0,0,0,0,0,0,0,0,0,0,0,0.7599213,0.8255048,0.8547517,0.785205,0.7619756,0.9548876,1,0.9081883,0,0,0,0,0,0,0,0,0,0,0,0,0,0,0
0,0,0,0,0,0,0,0.7174912,0.7474147,0.7486805,0,0,0.7851236,0.8092548,0.8842738,0.8996504,1,0.9888356,0.7689533,0.7519962,0.8008141,0,0,0,0,0,0,0,0,0,0,0,0,0,0,0,0,0,0,0,0.7050363,0.7267232,0.7412575,0.6366177,0.6362921,0.7688389,0.8320355,0.6314251,0.9558862,1,0.8843626,0.6168764,0,0,0,0,0,0,0,0,0,0,0,0,0,0
0,0,0,0,0,0,0,0,0,0.5919642,0.5727741,0,0.7215285,0.7806221,0.877013,0.938047,1,0.9623571,0.7253562,0.5778546,0.5986241,0.6167197,0.5684805,0,0,0,0,0,0,0,0,0,0,0,0,0,0,0,0,0.544229,0.582854,0.5465769,0.6453598,0.6154679,0.5980519,0.6255722,0.805364,0.8608543,0.9492456,1,0.8750095,0,0,0,0,0,0,0,0,0,0,0,0,0,0,0
0,0,0,0,0,0,0,0,0,0,0,0,0.6348166,0.6460842,0.7099559,0.8487047,1,0.9946165,0.7961375,0.6967716,0,0,0,0,0,0,0,0,0,0,0,0,0,0,0,0,0,0,0,0,0,0,0,0.6477364,0,0.6003848,0.6698468,0.7673666,0.9131415,1,0.881352,0,0,0,0,0,0,0,0,0,0,0,0,0,0,0
0,0,0,0,0,0,0,0,0,0,0,0,0,0,0.6091321,0.8583313,1,0.9741178,0.7900992,0.6827317,0,0.5705987,0.5570492,0,0,0,0,0,0,0,0,0,0,0,0,0,0,0,0,0,0,0,0,0,0,0.5768323,0.6400959,0.5759311,0.9340522,1,0.8825911,0.6260046,0.5466967,0,0,0,0,0,0,0,0,0,0,0,0,0
0,0,0,0,0,0,0,0,0,0,0,0,0,0,0,0.8103641,0.9986212,1,0.8595316,0.8005547,0.8316432,0.7422571,0.6756594,0.5801894,0,0,0,0,0,0,0,0,0,0,0,0,0,0,0,0,0,0,0,0,0,0,0,0.664395,0.937728,1,0.9215161,0.6879935,0.5691631,0.553888,0,0,0,0,0,0,0,0,0,0,0,0
0,0,0,0,0,0,0,0,0,0,0,0,0,0,0,0.7494284,1,0.9985358,0.8903893,0.7913132,0.8665258,0.6751368,0.7839923,0.7311813,0,0,0,0,0,0,0,0,0,0,0,0,0,0,0,0,0,0,0,0,0,0,0,0,0.9556126,1,0.77225,0.838012,0,0,0,0,0,0,0,0,0,0,0,0,0,0
0,0,0,0,0,0,0,0,0,0,0,0,0,0,0,0.8372054,1,0.9890949,0.8314121,0.7707556,0.8756205,0.7867318,0.7363425,0.7710889,0.7863286,0.684105,0,0,0,0,0,0,0,0,0,0,0,0,0,0,0,0,0,0,0,0,0,0,0.944319,1,0.8665994,0.8946171,0.8133199,0.6589122,0.6788526,0.6396248,0,0,0,0,0,0,0,0,0,0
0,0,0,0,0,0,0,0,0,0,0,0,0,0,0.6533734,0.8364972,1,0.9849482,0.8359304,0.9172819,0.9355204,0.8841778,0.8088766,0.7503185,0.6671576,0,0,0,0,0,0,0,0,0,0,0,0,0,0,0,0,0,0,0,0,0,0.6439958,0.6505038,0.9307045,1,0.901806,0.723423,0.8124595,0.7384744,0.6114741,0.6929772,0.681937,0.6559093,0,0,0,0,0,0,0,0
0,0,0,0,0,0,0,0,0,0,0,0,0.7376437,0.7668285,0.7945563,0.8584301,1,0.9930615,0.8360563,0.8835856,0.8714584,0.7788572,0.7823138,0.8251304,0,0,0,0,0,0,0,0,0,0,0,0,0,0,0,0,0,0,0,0,0,0,0,0.7566921,0.9606578,1,0.8698173,0.7950943,0.8105681,0.8107608,0.7610008,0,0,0,0,0,0,0,0,0,0,0
0,0,0,0,0,0,0,0,0,0.6956353,0.6966575,0.6994984,0.6511899,0.7330046,0.7184873,0.8593155,1,0.9738301,0.7840642,0.826698,0.7564425,0.8140518,0.7898771,0.7048907,0.655978,0.6797552,0.716592,0,0,0,0,0,0,0,0,0,0,0,0,0,0.6521875,0.6949002,0.7017505,0.6096871,0.6480128,0.6661426,0.5833379,0,0.9291147,1,0.9078519,0.6640315,0.7199214,0.6764838,0.6446792,0.7327771,0.7007228,0.6097981,0.5887793,0.6290655,0.6559782,0.6299428,0.6229925,0,0,0
0,0,0,0,0,0,0,0.766244,0.7977769,0.7815825,0.7909863,0.8077,0.7546839,0.7630748,0.7629609,0.7868175,1,0.9917651,0.8243806,0.7486557,0,0.7778747,0.773536,0,0,0,0,0,0,0,0,0,0,0,0,0,0,0,0,0,0,0,0,0.7272036,0,0,0,0,0.9434609,1,0.8902422,0,0,0,0,0,0,0,0,0,0,0,0,0,0,0
