GestureName: star
Duration(ms): 1410
Handedness: right

SpeakerAngles: 2
55
-55

InterpretedPoints: 30
0.806707284111599,1.69458756439087
0,5.64862521463624
1.6134145682232,9.03780034341798
0,11.2972504292725
0,11.2972504292725
2.4201218523348,11.8621129507361
1.6134145682232,3.38917512878174
9.68048740933919,-5.64862521463624
-1.6134145682232,-11.2972504292725
4.03353642055799,-7.34321277902711
-1.6134145682232,-11.2972504292725
-1.6134145682232,-6.77835025756348
4.03353642055799,1.69458756439087
0,10.1675253863452
0,12.4269754721997
0.806707284111598,12.9918379936633
-4.03353642055799,7.34321277902711
-0.806707284111599,1.69458756439087
0,0
2.4201218523348,3.95403765024536
4.03353642055799,3.95403765024536
8.87378012522759,1.69458756439087
10.4871946934508,-1.69458756439087
12.9073165457856,-2.25945008585449
0.806707284111599,-1.69458756439087
0,-1.12972504292725
0,0
-6.45365827289279,0
-7.26036555700439,-0.564862521463623
-6.45365827289279,-1.12972504292725

StrokePoints: 31
177.666666666667,130.277777777778
176.859959382555,128.583190213387
176.859959382555,122.934564998751
175.246544814332,113.896764655333
175.246544814332,102.59951422606
175.246544814332,91.3022637967878
172.826422961997,79.4401508460517
171.213008393774,76.0509757172699
161.532520984435,81.6996009319062
163.145935552658,92.9968513611787
159.1123991321,100.340064140206
160.725813700323,111.637314569478
162.339228268546,118.415664827042
158.305691847988,116.721077262651
158.305691847988,106.553551876306
158.305691847988,94.1265764041059
157.498984563877,81.1347384104426
161.532520984435,73.7915256314155
162.339228268546,72.0969380670246
162.339228268546,72.0969380670246
159.919106416211,68.1429004167792
155.885569995653,64.1888627665339
147.011789870426,62.494275202143
136.524595176975,64.1888627665339
123.61727863119,66.4483128523884
122.810571347078,68.1429004167792
122.810571347078,69.2726254597065
122.810571347078,69.2726254597065
129.264229619971,69.2726254597065
136.524595176975,69.8374879811701
142.978253449868,70.9672130240973

Velocities: 30
2,1
5,5
9,7
10,10
10,10
12,9
4,2
1,-11
-11,-9
-4,-9
-11,-9
-7,-5
4,-1
9,9
11,11
12,11
4,9
1,2
0,0
5,2
6,1
7,-4
5,-8
6,-10
-1,-2
-1,-1
0,0
-4,4
-5,4
-5,3

InverseVelocities: 30
0,0
0,0
0,0
0,0
0,0
0,0
-5,-7
-12,0
0,0
0,0
0,0
0,0
0,3
0,0
0,0
-4,0
-3,0
-4,0
0,0
0,-1
0,-2
0,0
-5,0
-5,0
0,0
0,0
0,0
3,-1
4,-4
1,-3

RawData: 30
0,0,0,0,0,0,0,0,0,0,0,0,0,0,0,0.8215536,1,0.9814181,0.8434407,0.860022,0.8581522,0.7481656,0,0,0,0,0,0,0,0,0,0,0,0,0,0,0,0,0,0,0,0,0,0,0,0,0,0,0.9448676,1,0.8707539,0.7938828,0.7516064,0.6652306,0,0,0,0,0,0,0,0,0,0,0,0
0,0,0,0,0,0,0,0,0,0,0,0,0,0.5887874,0.6053116,0.8172991,1,0.9840261,0.7858669,0.5942037,0.7910366,0.832818,0.7736689,0.7100652,0.6132101,0,0,0,0,0,0,0,0,0,0,0,0,0,0,0,0,0,0,0,0,0,0,0,0.9319481,1,0.8836399,0.6205401,0.706155,0.559885,0.6398292,0.735657,0.6989989,0.5981299,0,0,0,0,0,0,0,0
0,0,0,0,0,0,0,0,0,0,0,0,0,0,0,0.8221136,1,0.9898495,0.8164661,0,0.7127503,0.8191413,0.8212647,0.6811823,0.7866554,0.822198,0.81388,0.7616321,0.6571588,0,0,0,0,0,0,0,0,0,0,0,0,0,0,0,0,0,0,0,0.9400079,1,0.8958957,0,0.6604273,0.7722763,0.8334599,0.8267086,0.7470951,0.7015034,0.6826169,0.6873091,0,0,0,0,0,0
0,0,0,0,0,0,0,0,0,0,0,0,0,0,0,0.8244895,1,0.9819772,0.7368867,0.6890851,0.7817073,0.7517133,0.7407957,0.7739863,0.8040936,0.8322188,0.8653859,0.8433334,0.8461182,0.7380527,0,0,0,0,0,0,0,0,0,0,0,0,0,0,0,0,0,0.6522703,0.9479365,1,0.8763456,0.6791038,0.6833701,0.7004324,0.7047886,0.8044081,0.8369514,0.7981358,0.7809281,0.6794635,0.7802429,0.7599252,0.6403286,0,0,0
0,0,0,0,0,0,0,0,0,0,0,0,0,0,0,0.8038379,1,0.9899347,0.7967597,0.7161315,0.6980391,0.7541327,0.7985845,0.7555032,0.7567473,0.8955326,0.9346968,0.9310012,0.8402596,0.7235876,0,0,0,0,0,0,0,0,0,0,0,0,0,0,0,0,0,0.7005562,0.9450135,1,0.894464,0.7871433,0.7551223,0,0.6701347,0.7286046,0.8513657,0.7944585,0.7292067,0.7281257,0.8299966,0.7984387,0.6834977,0,0,0
0,0,0,0,0,0,0,0,0,0,0,0,0,0,0,0.8260001,1,0.9799373,0.6941305,0.7534878,0.842646,0.9310012,0.9542083,0.9272389,0.9045252,0.9186624,0.8817611,0.7788332,0.7775616,0.746682,0.7000138,0.6944591,0.6968776,0,0,0,0,0,0,0,0,0,0,0,0,0,0,0,0.9282984,1,0.9049684,0.7204802,0.815435,0.7870035,0.7419559,0.7752387,0.8048458,0.7928773,0.7632341,0.7013151,0.6453905,0.6777321,0,0,0,0
0,0,0,0,0,0,0,0,0.6658197,0.7272611,0.7659896,0.7758055,0.7698864,0.8371086,0.8677109,0.869881,1,0.9923453,0.7970593,0.7604883,0.7507324,0.7646019,0.7323087,0.6804968,0,0,0,0,0,0,0,0,0,0,0,0,0,0,0,0.6473283,0.7113119,0.7729648,0.8138829,0.8284821,0.8338999,0.816956,0.7913396,0.8122863,0.9538696,1,0.8891118,0.7387057,0.7174186,0.6867018,0.6505868,0,0,0,0,0,0,0,0,0,0,0
0.7155078,0.7062674,0.6935226,0.730022,0.6972562,0.737022,0.8188847,0.8305573,0.8432655,0.9133041,0.8843767,0.7313113,0.8528015,0.8384532,0.7627983,0.8294795,1,0.9717829,0.6277886,0,0.5714218,0,0,0,0,0,0,0,0,0,0,0,0,0,0,0.567003,0.6460608,0.5679291,0.6428438,0.640237,0,0.6974417,0.7514539,0.6357607,0.7429029,0.6406193,0.6406715,0,0.938934,1,0.865948,0.5889185,0,0,0,0,0,0,0,0,0,0,0,0,0,0
0,0,0.757623,0.8636767,0.9137501,0.8754344,0.8174872,0.8023387,0.8603312,0.9323967,0.9348688,0.7802011,0.7828487,0.8643227,0.8354395,0.8673425,1,0.9907644,0.81218,0.742628,0,0,0,0,0,0,0,0,0,0,0,0,0,0,0,0,0,0.7432117,0.7548432,0.7533942,0.7295325,0.8035714,0.806819,0.7341061,0.7145232,0,0.7557875,0,0.9433095,1,0.9059058,0,0,0,0,0,0,0,0,0,0,0,0,0,0,0
0,0,0,0,0,0,0,0,0,0.946614,0,0,0,0,0,0,1,0.9986243,0,0,0,0,0,0,0,0,0,0,0,0,0,0,0,0,0,0,0,0.8978127,0.8965402,0,0,0,0,0,0,0,0,0,0.9544418,1,0.9293404,0,0,0,0,0,0,0,0,0,0,0,0,0,0,0
0,0,0.7124598,0.78849,0.7787365,0.7495806,0.798985,0.7911693,0.7554849,0.7531288,0.8818097,0.8707141,0.8321783,0.7736275,0.7714044,0.8671906,1,0.9760756,0.67765,0,0,0,0,0,0,0,0,0,0,0,0,0,0,0,0,0,0,0.7620711,0.7650175,0.6987306,0.6897148,0.7967819,0.8003827,0.7709485,0.6659262,0.6417223,0,0,0.9435192,1,0.8949222,0,0,0,0,0,0,0,0,0,0,0,0,0,0,0
0,0,0,0,0,0,0.693708,0.7424195,0.7940971,0.8083787,0,0.8376685,0.8653802,0.6950423,0.8117254,0.8508126,1,0.998491,0.7871976,0,0,0,0,0,0,0,0,0,0,0,0,0,0,0,0,0,0,0,0,0,0,0.6600595,0.7224405,0.7499928,0.6907917,0.7960215,0.8167024,0.7955639,0.9581144,1,0.8898111,0,0,0,0,0,0,0,0,0,0,0,0,0,0,0
0,0,0,0,0,0,0,0,0,0,0,0,0,0.6859402,0.741635,0.8481141,1,0.9855701,0.817396,0.7268667,0.8193502,0.8093539,0.7581725,0.6861198,0,0,0,0,0,0,0,0,0,0,0,0,0,0,0,0,0,0,0,0,0,0.647732,0.6845727,0.7765132,0.9362624,1,0.880259,0.7579557,0.6768122,0.7304299,0.722633,0.6470259,0,0,0,0,0,0,0,0,0,0
0,0,0,0,0,0,0,0,0,0,0,0,0,0,0,0.8246688,1,0.9892548,0.8056755,0.8047893,0.7947348,0.8295441,0.8680264,0.8009357,0.7591825,0.7742223,0.8009543,0.7773535,0.6762024,0,0,0,0,0,0,0,0,0,0,0,0,0,0,0,0,0,0,0.6584743,0.9467533,1,0.876442,0.6710563,0.7131674,0.7900437,0.7945674,0.6605396,0.6887678,0.7702465,0.7535243,0.6873642,0.6581823,0.6360496,0,0,0,0
0,0,0,0,0,0,0,0,0,0,0,0,0,0,0,0.8384745,1,0.9788027,0.7773336,0.7138429,0.7349851,0.7358688,0.8565142,0.7646674,0.7500495,0.8031568,0.759796,0.8230663,0.7696357,0.7456786,0.7066119,0,0,0,0,0,0,0,0,0,0,0,0,0,0,0,0,0,0.9369754,1,0.8944356,0,0,0.6013904,0.7788606,0.8133731,0.709937,0.7535126,0.6301387,0.7178891,0.6887854,0.6649661,0.6981905,0.6645595,0,0
0,0,0,0,0,0,0,0,0,0.6198943,0.6220404,0,0,0,0.6603274,0.8042514,1,0.9957734,0.8264656,0,0.8519161,0.8841355,0.9076071,0.9061601,0.7793047,0.8018712,0.8117643,0.7214472,0.74024,0.6182377,0,0.6235163,0.6362472,0,0,0,0,0,0,0,0,0,0,0,0,0,0,0.5942282,0.9362615,1,0.8970487,0.6587489,0.6185156,0.60366,0.7545139,0,0.731262,0.8136594,0.8199357,0.8130033,0.7722307,0.7754625,0.7545211,0.6205643,0,0
0,0,0,0,0,0,0,0,0,0,0.8399187,0.8884194,0.8803539,0.8431335,0.8691075,0.9264166,1,0.9583684,0.7736219,0,0.7996054,0.8072636,0.79896,0.7896038,0,0,0,0,0,0,0,0,0,0,0,0,0,0,0,0,0,0,0,0,0,0,0,0,0.9472461,1,0.8787557,0.7289726,0.7863494,0.8411696,0.8466083,0.7692241,0.77543,0.8131788,0.8216862,0.827141,0.8100313,0.7606207,0,0,0,0
0,0,0,0,0,0,0,0,0,0.7844593,0.883046,0.9277617,0.9063846,0.868778,0.8765157,0.9120587,1,0.9949134,0.8686679,0.8081837,0.7489406,0,0,0,0,0,0,0,0,0,0,0,0,0,0,0,0,0,0,0,0,0,0,0,0,0,0.7235695,0.815273,0.9706965,1,0.8743854,0.7720594,0.7738481,0.7969722,0.7755942,0,0,0,0,0,0,0,0,0,0,0
0,0,0,0,0,0,0,0,0,0,0,0,0,0.7818342,0.8797498,0.8921129,0.9866949,1,0.8754351,0,0,0,0,0,0,0,0,0,0,0,0,0,0,0,0,0,0,0,0,0,0,0,0,0,0,0,0.834129,0.9163733,0.8779422,1,0.9322225,0.7739632,0,0,0,0,0,0,0,0,0,0,0,0,0,0
0,0,0,0,0,0,0,0,0,0,0,0,0,0,0.6768252,0.8266411,1,0.9446154,0.8690674,0.819648,0.791442,0.7875087,0.7719445,0.7265941,0.6452215,0,0,0,0,0,0,0,0,0,0,0,0,0,0,0,0,0,0,0,0,0.6317607,0.7563415,0.7785181,0.9330954,1,0.9339752,0.8662982,0.8117586,0.7148959,0.5819867,0,0,0,0,0,0,0,0,0,0,0
0,0,0,0,0,0,0,0,0,0,0,0,0,0,0,0.8353172,1,0.9855615,0.793577,0.8433858,0.8123128,0.8320003,0.7981532,0.8875366,0.8599697,0.7711855,0,0,0,0,0,0,0,0,0,0,0,0,0,0,0,0,0,0,0.6893383,0.755011,0.844697,0.8200421,0.9336851,1,0.9231251,0.8312176,0.7536929,0.7570636,0,0,0,0,0,0,0,0,0,0,0,0
0,0,0,0,0,0,0,0,0,0,0,0,0,0.6998027,0.76247,0.8842978,1,0.9983656,0.8642123,0.8880002,0.8453151,0.7062709,0.8394988,0.8727436,0.8362858,0.8141707,0.7455748,0,0,0,0,0,0,0,0,0,0,0,0,0,0,0,0.7453349,0.7835307,0.7949267,0.856544,0.8889619,0.8103,0.9397951,1,0.8640026,0.6869938,0.701526,0,0,0,0,0,0,0,0,0,0,0,0,0
0,0,0,0,0,0,0,0,0.6710901,0.710954,0,0,0,0.8755035,0.9323078,0.9422618,1,0.9050443,0.8914911,0.8121901,0.7827237,0.7896217,0.7826949,0.7292072,0.7119305,0,0,0,0,0,0,0,0,0,0,0,0,0,0.6070199,0.6639259,0.7232502,0.7433221,0.7578363,0.809126,0.8070685,0.8422753,0.8486028,0.6791818,0.9405829,1,0.904052,0.6802369,0,0,0,0,0,0,0,0,0,0,0,0,0,0
0,0,0,0,0,0,0,0,0.5913123,0.7437307,0.8544185,0.924988,0.95207,0.8924048,0.7964662,0.8635276,0.9939939,1,0.8463784,0,0.653589,0.5979035,0,0.5945014,0.6063955,0.6130408,0,0,0,0,0,0,0,0,0,0,0.5559673,0.6222421,0.674775,0.5722033,0.6224789,0.6429995,0.6512229,0.7638221,0.7822627,0.7778025,0.830018,0.8114713,0.9411845,1,0.8854681,0,0,0,0,0,0,0,0,0,0,0,0,0,0,0
0,0,0,0,0,0,0,0,0,0,0,0,0.9205837,0,0,0,1,0.9987156,0,0,0,0,0,0,0,0,0,0,0,0,0,0,0,0,0,0,0,0,0,0,0,0,0,0,0.8951393,0.9070534,0.8819424,0,0.9640858,1,0.9217548,0,0,0,0,0,0,0,0,0,0,0,0,0,0,0
0,0,0,0,0,0,0,0,0,0,0,0,0.7530098,0.7963781,0.8462216,0.828707,0.9933488,1,0.7637103,0,0,0,0,0,0,0,0,0,0,0,0,0,0,0,0,0,0,0,0,0,0,0,0,0,0,0.7729313,0.8249719,0.862748,0.9599459,1,0.8880343,0,0,0,0,0,0,0,0,0,0,0,0,0,0,0
0,0,0,0,0,0,0,0,0,0,0,0,0,0,0.7224426,0.8988484,1,0.9706842,0.7697912,0,0,0,0,0,0,0,0,0,0,0,0,0,0,0,0,0,0,0,0,0,0,0,0,0,0,0,0,0.7261019,0.9396052,1,0.9271001,0.8454823,0.7689059,0,0,0,0,0,0,0,0,0,0,0,0,0
0,0,0,0,0,0,0,0,0,0.5202029,0.6221966,0.6240863,0.6478699,0.68308,0.7608503,0.8720863,1,0.9285563,0.8288759,0.7987599,0.7370461,0.5971752,0.5305916,0,0,0,0,0,0,0,0,0,0,0,0,0,0,0,0,0,0,0,0,0,0,0.5260203,0.5081566,0,0.9285703,1,0.8729349,0.7231415,0.5951856,0.7047127,0.5122172,0.5547537,0.5303237,0,0,0,0,0,0,0,0,0
0,0,0,0,0,0,0,0,0.6251768,0.7192991,0.722398,0.699292,0.6938787,0.7069236,0.89118,0.8990345,0.9557901,1,0.8512254,0.6938689,0.7373933,0,0.6278804,0.6662471,0,0,0,0,0,0,0,0,0,0,0,0,0,0,0,0,0,0,0.6094339,0.6561988,0.6068228,0.6231759,0,0.7127371,0.9492731,1,0.8824018,0.8104826,0.7383567,0.8133112,0.8056107,0.7408249,0.6504399,0,0,0,0,0,0,0,0,0
0,0,0,0,0,0,0,0,0.7498922,0.7514936,0.8161936,0.9193913,0.9246003,0.8265957,0.7372375,0.8975765,1,0.9684805,0.6365971,0.7000449,0.6954156,0,0,0,0,0,0,0,0,0,0,0,0,0,0,0,0,0,0,0,0,0,0,0.6935171,0.6933858,0.7131825,0.7040746,0.7386851,0.9241122,1,0.8847486,0.8122117,0.8030641,0.7378908,0.6919897,0.6517264,0,0,0,0,0,0,0,0,0,0
