GestureName: star
Duration(ms): 1410
Handedness: right

SpeakerAngles: 2
55
-55

InterpretedPoints: 30
3.2268291364464,3.38917512878174
0.806707284111599,10.7323879078088
0,11.2972504292725
-0.806707284111599,10.7323879078088
0.806707284111598,12.9918379936633
0.806707284111599,2.82431260731812
2.4201218523348,-8.47293782195435
2.4201218523348,-10.7323879078088
0.806707284111599,-11.8621129507361
0,-11.2972504292725
1.6134145682232,-10.1675253863452
0,-5.64862521463624
-1.6134145682232,4.51890017170899
0,10.1675253863452
-1.6134145682232,10.1675253863452
-3.2268291364464,7.90807530049073
-1.6134145682232,3.38917512878174
-2.4201218523348,-1.69458756439087
0,0
2.4201218523348,3.95403765024536
1.6134145682232,3.38917512878174
10.4871946934508,1.69458756439087
3.2268291364464,-3.38917512878174
1.6134145682232,-4.51890017170899
0,-2.25945008585449
0,0
-3.2268291364464,0
-6.45365827289279,0
-6.45365827289279,-1.12972504292725
-1.6134145682232,-5.64862521463624

StrokePoints: 31
177.666666666667,130.277777777778
174.43983753022,126.888602648996
173.633130246109,116.156214741187
173.633130246109,104.858964311915
174.43983753022,94.1265764041059
173.633130246109,81.1347384104426
172.826422961997,78.3104258031244
170.406301109662,86.7833636250788
167.986179257327,97.5157515328876
167.179471973216,109.377864483624
167.179471973216,120.675114912896
165.566057404993,130.842640299241
165.566057404993,136.491265513878
167.179471973216,131.972365342169
167.179471973216,121.804839955823
168.792886541439,111.637314569478
172.019715677885,103.729239268987
173.633130246109,100.340064140206
176.053252098443,102.034651704597
176.053252098443,102.034651704597
173.633130246109,98.0806140543513
172.019715677885,94.6914389255695
161.532520984435,92.9968513611786
158.305691847988,96.3860264899604
156.692277279765,100.904926661669
156.692277279765,103.164376747524
156.692277279765,103.164376747524
159.919106416211,103.164376747524
166.372764689104,103.164376747524
172.826422961997,104.294101790451
174.43983753022,109.942727005087

Velocities: 30
5,1
10,9
10,10
9,10
12,11
3,2
-6,-9
-8,-11
-10,-11
-10,-10
-8,-10
-5,-5
3,5
9,9
8,10
5,9
2,4
-3,0
0,0
5,2
4,2
8,-5
-1,-5
-3,-5
-2,-2
0,0
-2,2
-4,4
-5,3
-6,-4

InverseVelocities: 30
0,0
0,0
0,0
0,0
0,0
0,-4
0,0
0,0
0,0
0,0
0,0
0,0
0,0
0,0
0,0
0,0
-2,0
0,0
0,0
0,-1
0,-2
0,0
0,0
0,0
0,0
0,0
0,0
5,-4
0,-2
0,0

RawData: 30
0,0,0,0,0,0,0,0,0,0,0,0,0,0,0,0.8215029,1,0.9828286,0.7560402,0.8519461,0,0.8811795,0.8718573,0.8200861,0.7401456,0,0,0,0,0,0,0,0,0,0,0,0,0,0,0,0,0,0,0,0,0,0,0,0.9435105,1,0.9017271,0.8570156,0.8226681,0.710622,0,0,0,0,0,0,0,0,0,0,0,0
0,0,0,0,0,0,0,0,0,0,0,0,0,0,0.5779283,0.8213863,1,0.9864755,0.7770014,0.6936259,0.8078502,0.8339506,0.7723374,0.7761792,0.9131182,0.9123029,0.8507145,0.7519901,0.6338309,0.5794109,0,0,0,0,0,0,0,0,0,0,0,0,0,0,0,0,0,0.5892599,0.9411217,1,0.8725111,0.6854205,0.6998246,0.7909081,0.8307866,0.8209974,0.6796129,0.6852447,0.7210598,0.6812953,0.5995731,0.5688995,0,0,0,0
0,0,0,0,0,0,0,0,0,0,0,0,0,0,0.629095,0.7996296,1,0.9845271,0.7059094,0.6557514,0.6603367,0.742998,0.7804725,0.8248996,0.7352771,0.8565474,0.8008376,0.8655505,0.84351,0.7323402,0,0,0,0,0,0,0,0,0,0,0,0,0,0,0,0,0,0.6137993,0.9374062,1,0.8893236,0.6066774,0.59767,0.6321723,0.6253759,0.7308052,0.7349575,0.753152,0.8080503,0.7484205,0.7908933,0.764459,0.692714,0,0,0
0,0,0,0,0,0,0,0,0,0,0,0,0,0,0,0.8346526,1,0.990966,0.783398,0,0.7810609,0.8115807,0,0.8704875,0.8997887,0.9294899,0.89677,0,0.8165829,0,0,0,0,0,0,0,0,0,0,0,0,0,0,0,0,0,0,0,0.9550089,1,0.8940505,0.7938513,0.7880614,0,0,0,0,0,0.8515204,0.8368988,0.8211651,0.8636813,0.7797238,0,0,0
0,0,0,0,0,0,0,0,0,0,0,0,0,0,0,0.8385087,1,0.9865466,0.8563844,0.8373265,0.8652986,0.9218937,0.9159884,0.7828653,0.8230932,0.8462198,0.765677,0.7872032,0.7760907,0.7974387,0.7742985,0.7572556,0.7399215,0,0,0,0,0,0,0,0,0,0,0,0,0,0,0,0.94588,1,0.879386,0.7885754,0.6726161,0.7385346,0.8023849,0.796564,0.7776091,0.791831,0.7552294,0.7105573,0.7081213,0.6995775,0.6833119,0.6757771,0,0
0,0,0,0,0,0,0,0,0,0,0,0,0,0.8380352,0.9222829,0.9556353,1,0.9629385,0.8740513,0.9281545,0.9119939,0.8808007,0.8340813,0,0,0,0,0,0,0,0,0,0,0,0,0,0,0,0,0,0,0,0.718565,0.7452455,0.7717713,0.7847905,0.7892876,0.824366,0.9524932,1,0.9066164,0.7837666,0.7358649,0,0.71763,0,0,0,0,0,0,0,0,0,0,0
0,0,0,0,0,0,0,0.7867327,0.8153995,0,0.8922207,0.9627369,0.9898359,1,0.9443002,0.8060187,0.9949187,0.9882743,0.7913171,0.7440812,0,0,0,0,0,0,0,0,0,0,0,0,0,0,0,0,0,0.703982,0.7439933,0.8083122,0.8444759,0.7864406,0.6550975,0.7647204,0.7670505,0.706729,0.7672098,0.8092167,0.9338758,1,0.8984897,0,0,0,0,0,0,0,0,0,0,0,0,0,0,0
0,0,0,0,0,0.7985994,0.895776,0.9111188,0.8656511,0.8711713,0.8655322,0.7714493,0.8524604,0.8437062,0.7121831,0.7884232,1,0.9975521,0.8417019,0.6816327,0,0,0,0,0,0,0,0,0,0,0,0,0,0,0,0.6971066,0.66344,0.7622309,0.7011441,0.693405,0.7880189,0,0.7143739,0.7744877,0.7697186,0,0.7171829,0.7410722,0.9393403,1,0.8742495,0.7018546,0,0,0,0,0,0,0,0,0,0,0,0,0,0
0,0,0,0.837308,0.908715,0.8946841,0.8995873,0.9099501,0.9222909,0.8034133,0,0,0.8259668,0.8037688,0,0.85252,1,0.9802501,0.7704849,0,0,0,0,0,0,0,0,0,0,0,0,0,0,0,0,0.7376628,0.7862749,0.7971277,0.7443554,0.7342473,0.8250986,0.8263425,0,0.7998829,0.780063,0.7132041,0.7252265,0.7249842,0.9482517,1,0.9105066,0,0,0,0,0,0,0,0,0,0,0,0,0,0,0
0,0,0,0.7604001,0.8689471,0.9229792,0.91611,0.8203632,0,0.7916916,0.8562737,0.8320472,0,0.7611603,0.7786232,0.8683608,1,0.9735116,0,0,0,0,0,0,0,0,0,0,0,0,0,0,0,0,0,0,0.6749135,0.6832898,0,0.7371823,0.8002727,0.7278116,0.8302324,0.762018,0,0,0.6518753,0,0.9370162,1,0.8951471,0,0,0,0,0,0,0,0,0,0,0,0,0,0,0
0,0,0,0,0,0.7242799,0.8178616,0.8253336,0.7962677,0,0.7397829,0.7088416,0.7443047,0.7480015,0.6955214,0.8231759,1,0.9930269,0.7777035,0,0,0,0,0,0,0,0,0,0,0,0,0,0,0,0,0,0.6013612,0.6063228,0,0.614998,0,0.7870234,0.8099274,0.7196714,0.7854843,0.7411712,0.7379169,0.72189,0.9408458,1,0.8858481,0,0,0,0,0,0,0,0,0,0,0,0,0,0,0
0,0,0,0,0,0,0,0,0.6404124,0.6962981,0.7219006,0.6960695,0.6583115,0,0.7355259,0.8889206,1,0.9623056,0,0,0,0,0,0,0,0,0,0,0,0,0,0,0,0,0,0,0,0,0,0,0,0.5864825,0.6648037,0.7074051,0.6788579,0.66033,0.7856839,0.8174312,0.9432204,1,0.8743588,0.6441738,0,0,0,0,0,0,0,0,0,0,0,0,0,0
0,0,0,0,0,0,0,0,0,0,0,0,0,0.5911556,0.6199658,0.767161,0.9879561,1,0.894052,0.7381232,0.7782469,0.7658087,0.5974091,0,0,0,0,0,0,0,0,0,0,0,0,0,0,0,0,0,0,0,0,0,0,0,0,0,0.9390625,1,0.8956574,0.7424973,0.7973319,0.7725648,0.7571254,0.7454612,0.7005832,0.6262037,0,0,0,0,0,0,0,0
0,0,0,0,0,0,0,0,0,0,0,0,0,0,0,0.7630703,1,0.9976271,0.8179591,0.7920092,0.8700689,0.7791979,0.9014211,0.8900484,0.7395374,0.7569496,0.722807,0.7057697,0.6426263,0,0,0,0,0,0,0,0,0,0,0,0,0,0,0,0,0,0,0.6214133,0.9446763,1,0.8713044,0.6256682,0.7021596,0.8356445,0.8418949,0.7505931,0,0.7628122,0.7696733,0.6767728,0.6119071,0.6272674,0,0,0,0
0,0,0,0,0,0,0,0,0,0,0,0,0,0.7319708,0.7603842,0.8439773,1,0.9728925,0.7663755,0.7934544,0.8657877,0.9289345,0.8971804,0.8544469,0.8291311,0.8827056,0.8416712,0.7106212,0,0,0,0,0,0,0,0,0,0,0,0,0,0,0,0,0,0,0,0.727832,0.944929,1,0.8803687,0.7144547,0.7567965,0.744746,0.8039314,0.8319304,0.8008745,0.7502903,0.7803248,0.7909766,0.7676131,0.8093644,0.7412623,0,0,0
0,0,0,0,0,0,0,0,0,0,0,0,0,0.7714393,0.7430652,0.8290164,1,0.991263,0.9020087,0.8439932,0.8542051,0.9032124,0.8666164,0.8561271,0.7891229,0,0,0,0,0,0,0,0,0,0,0,0,0,0,0,0,0,0,0,0,0,0,0,0.9471744,1,0.9078077,0.7812422,0.8084255,0.7540572,0.8349501,0.7635677,0.7988213,0.7907506,0.8367263,0.8321807,0.8060159,0.7465076,0,0,0,0
0,0,0,0,0,0,0,0,0,0,0,0.7807724,0.8628933,0.911603,0.8466591,0.9144764,1,0.9711398,0.8125097,0.7816275,0.7469656,0.6814511,0,0,0,0,0,0,0,0,0,0,0,0,0,0,0,0,0,0,0,0,0,0,0,0,0,0.8109293,0.9022238,1,0.9153837,0.8838214,0.7630001,0.7683052,0.7911519,0.7711439,0.7420198,0,0,0,0,0,0,0,0,0
0,0,0,0,0,0,0,0,0,0,0.6147035,0.6838461,0.8123251,0.9016733,0.9013782,0.9125934,1,0.9867554,0.7836481,0,0,0,0,0,0,0,0,0,0,0,0,0,0,0,0,0,0,0,0,0,0,0,0,0,0,0,0.6671185,0.8412787,0.9742157,1,0.8445332,0.7633021,0.6486555,0,0,0,0,0,0,0,0,0,0,0,0,0
0,0,0,0,0,0,0,0,0,0,0,0,0,0,0,0,1,0.9880318,0,0,0,0,0,0,0,0,0,0,0,0,0,0,0,0,0,0,0,0,0,0,0,0,0,0,0,0,0,0,0.9420674,1,0.8832641,0.8238614,0,0,0,0,0,0,0,0,0,0,0,0,0,0
0,0,0,0,0,0,0,0,0,0,0,0,0,0,0.6390965,0.8266518,1,0.9867706,0.7627687,0,0.8487079,0.8651468,0.8700877,0.8472448,0.7492014,0,0,0,0,0,0,0,0,0,0,0,0,0,0,0,0,0,0,0,0,0.6226563,0.6686321,0,0.9325253,1,0.9241408,0.8807278,0.8503151,0.787456,0.6781703,0,0,0,0,0,0,0,0,0,0,0
0,0,0,0,0,0,0,0,0,0,0,0,0,0,0,0.8225461,1,0.9866115,0.7222241,0.8364704,0.8350939,0.8235511,0.9044215,0.878641,0,0,0,0,0,0,0,0,0,0,0,0,0,0,0,0,0,0,0,0,0.7345682,0.7818355,0.8062691,0.8385235,0.9535318,1,0.9151747,0.7940953,0.7229179,0.7876474,0.7539604,0,0,0,0,0,0,0,0,0,0,0
0,0,0,0,0,0,0,0,0,0,0,0,0,0,0.717814,0.8480209,1,0.9713226,0.8801143,0.8559768,0.8699196,0.8574278,0.7185858,0.7702063,0.7973096,0.7421799,0.6756334,0.6339507,0,0,0,0,0,0,0,0,0,0,0,0,0,0.6240983,0.6918745,0.7102369,0.6970385,0.6649032,0.7728188,0.7925233,0.954708,1,0.857411,0.6675567,0.6361818,0,0,0,0,0,0,0,0,0,0,0,0,0
0,0,0,0,0,0,0,0,0,0,0,0,0.7839856,0.8299282,0.8807763,0.9297839,1,0.9850245,0.8655217,0.764054,0,0,0,0,0,0,0,0,0,0,0,0,0,0,0,0,0,0,0,0,0,0.7436487,0,0.787294,0.8001163,0.8459558,0.866221,0.8517823,0.9541807,1,0.8989539,0,0,0,0,0,0,0,0,0,0,0,0,0,0,0
0,0,0,0,0,0,0,0,0,0,0.7081831,0.8151271,0.8974409,0.8857977,0.8734928,0.7895997,0.9861038,1,0.8241197,0.7559757,0,0,0,0,0,0,0,0,0,0,0,0,0,0,0,0,0,0,0,0,0,0.6611074,0.7320353,0.7429537,0.6580124,0.7286198,0.816919,0.7484463,0.9418577,1,0.8871245,0,0,0,0,0,0,0,0,0,0,0,0,0,0,0
0,0,0,0,0,0,0,0,0,0,0,0.6912963,0.842136,0.9167058,0.9528878,0.8906335,1,0.984908,0.814243,0,0,0,0,0,0,0,0,0,0,0,0,0,0,0,0,0,0,0,0,0,0,0,0,0,0.6834137,0.7618724,0.8024915,0.723269,0.9473161,1,0.896027,0,0,0,0,0,0,0,0,0,0,0,0,0,0,0
0,0,0,0,0,0,0,0,0,0,0,0,0,0,0.8709444,0.90811,1,0.9777826,0,0,0,0,0,0,0,0,0,0,0,0,0,0,0,0,0,0,0,0,0,0,0,0,0,0,0,0,0.6299975,0.6559924,0.9472956,1,0.8714713,0.609282,0,0,0,0,0,0,0,0,0,0,0,0,0,0
0,0,0,0,0,0,0,0,0,0,0,0.6881672,0.6908303,0.7547438,0.7675911,0.8614654,1,0.9722371,0.7530201,0.7541195,0,0,0,0,0,0,0,0,0,0,0,0,0,0,0,0,0,0,0,0,0,0,0,0,0,0,0,0,0.9344333,1,0.9078404,0.7749538,0.7820093,0.7068785,0.6907719,0,0,0,0,0,0,0,0,0,0,0
0,0,0,0,0,0,0,0,0,0.6640444,0.6617643,0.6031108,0.6794826,0.780575,0.8831873,0.9499682,1,0.9697471,0.7908091,0.6848664,0.5850589,0.6393528,0,0.5847117,0.5767812,0,0,0,0,0,0,0,0,0,0,0,0,0,0,0,0,0,0.5228197,0.6086805,0.6774237,0.5792689,0.5936552,0.6575634,0.9380151,1,0.8154474,0.8070747,0.7112179,0.6265028,0,0.6235189,0.5177901,0,0,0,0,0,0,0,0,0
0,0,0,0,0,0,0,0,0.7148302,0.781287,0.903437,0.8638703,0.7962565,0.840675,0.6864583,0.9014601,0.9952819,1,0.8247811,0,0,0,0,0,0,0,0,0,0,0,0,0,0,0,0,0,0,0,0,0,0,0,0,0,0.6480849,0.6261964,0.7281018,0.6435037,0.9391975,1,0.9074604,0.743677,0.6432429,0.6266833,0.6564572,0.6237684,0,0,0,0,0,0,0,0,0,0
0,0,0,0,0,0,0,0.6454927,0.7310204,0.9032981,0.9987571,0.9784251,0.9047335,0.7484171,0,0.8314867,1,0.979908,0.7459596,0,0,0,0,0,0,0,0,0,0,0,0,0,0,0,0,0,0,0,0,0,0,0,0.6641471,0.6937312,0.7446624,0.845349,0.8049728,0.6891327,0.9342978,1,0.8850436,0.6316199,0,0,0,0,0,0,0,0,0,0,0,0,0,0
