GestureName: circle
Duration(ms): 1410
Handedness: right

SpeakerAngles: 5
55
-55
0
0
110

SpeakerElevations: 5
-10
-10
-10
0
30

InterpretedPoints: 30
0.820888078587149,3.94208176203599,0.479055466999209
0,0,0
-1.62050496546097,3.42630878444453,-0.152703644666139
0,0,0
0,0,0
0,0,0
0,0,0
-0.813797681349374,-0.703801867273976,-0.5
-2.43430264681035,-2.95727400902378,-0.652703644666139
0.792526489636048,-7.07180680496324,-0.131759111665348
-3.24810032815972,-5.77560867223722,-0.631759111665348
-2.4484834412859,-10.6932838844023,0.0837781320031643
-4.86151489638292,-8.74522417826163,-0.284462756331487
-4.05480761227132,-9.31008669972526,-0.110814578664557
-2.42721224957257,-7.78795016923785,0.368240888334652
-3.23391953368417,-3.38319718467705,0.194592710667721
-0.792526489636049,-5.12687429294009,1.52094453300079
1.6417761571743,2.04427306097482,0.958110933998418
0.0283615889511002,3.91454801804757,1.30540728933228
0.842159270300473,8.71769043427321,1.11081457866456
3.26228112263527,11.4122779986641,0.589870045663766
2.45557383852367,9.84741547720045,0.763518223330696
4.88278608809624,13.6657501404139,0.742573690329905
4.06898840674687,12.8322232302127,0.589870045663766
4.86860529362069,11.1436136099265,0.263518223330696
4.86860529362069,6.88416352407198,0.958110933998418
0.806707284111599,2.50409353351246,-0.868240888334652
0,0,0
0,0,0
0,0,0

StrokePoints: 31
0,0,0
0.820888078587149,3.94208176203599,0.479055466999209
0.820888078587149,3.94208176203599,0.479055466999209
-0.799616886873824,7.36839054648052,0.32635182233307
-0.799616886873824,7.36839054648052,0.32635182233307
-0.799616886873824,7.36839054648052,0.32635182233307
-0.799616886873824,7.36839054648052,0.32635182233307
-0.799616886873824,7.36839054648052,0.32635182233307
-1.6134145682232,6.66458867920655,-0.17364817766693
-4.04771721503354,3.70731467018276,-0.826351822333069
-3.25519072539749,-3.36449213478048,-0.958110933998418
-6.50329105355721,-9.14010080701769,-1.58987004566377
-8.95177449484311,-19.83338469142,-1.5060919136606
-13.813289391226,-28.5786088696816,-1.79055466999209
-17.8680970034973,-37.8886955694069,-1.90136924865665
-20.2953092530699,-45.6766457386447,-1.53312836032199
-23.5292287867541,-49.0598429233218,-1.33853564965427
-24.3217552763901,-54.1867172162619,0.182408883346518
-22.6799791192158,-52.1424441552871,1.14051981734494
-22.6516175302647,-48.2278961372395,2.44592710667721
-21.8094582599643,-39.5102057029663,3.55674168534177
-18.547177137329,-28.0979277043022,4.14661173100554
-16.0916032988053,-18.2505122271017,4.91012995433623
-11.2088172107091,-4.58476208668786,5.65270364466614
-7.13982880396221,8.24746114352481,6.2425736903299
-2.27122351034152,19.3910747534513,6.5060919136606
2.59738178327917,26.2752382775233,7.46420284765902
3.40408906739077,28.7793318110357,6.59596195932437
3.40408906739077,28.7793318110357,6.59596195932437
3.40408906739077,28.7793318110357,6.59596195932437
3.40408906739077,28.7793318110357,6.59596195932437

Velocities: 30
0,1,2
0,0,0
-3,-2,3
0,0,0
0,0,0
0,0,0
0,0,0
0,0,0
-1,0,-1
0,-3,-2
-2,-1,-2
-3,-4,-5
-3,0,-4
-3,-1,-4
-2,0,-3
-3,0,-1
-2,1,-2
1,3,2
-1,3,2
0,4,4
3,4,4
2,4,4
4,4,5
3,3,5
4,2,4
2,0,4
1,0,4
0,0,0
0,0,0
0,0,0

InverseVelocities: 30
0,0,0
0,0,0
2,0,-3
0,0,0
0,0,0
0,0,0
0,0,0
0,0,0
0,0,0
0,0,0
0,0,0
0,0,4
0,0,0
0,0,0
0,0,0
0,0,0
2,0,2
0,0,0
0,0,0
0,0,0
0,0,0
0,0,0
0,0,0
0,0,0
0,0,0
0,0,-4
0,0,-3
0,0,0
0,0,0
0,0,0

RawData: 30
0,0,0,0,0,0,0,0,0,0,0,0,0,0,0,0.9359534,1,0.8254393,0.8588213,0.7188292,0,0,0,0,0,0,0,0,0,0,0,0,0,0,0,0,0,0,0,0,0,0,0,0,0,0,0,0,0.8001972,1,0.9376061,0.9548159,0.9330125,0.7990892,0,0,0,0,0,0,0,0,0,0,0,0,0,0,0,0,0,0,0,0,0,0,0,0,0,0,0.6417406,0.9560177,1,0.8230712,0.8672182,0.7252118,0.6463061,0.6323441,0,0,0,0,0,0,0,0,0,0,0,0,0,0,0,0,0,0,0,0,0,0,0,0,0,0,0.8563372,1,0.9673514,0.8464233,0.7370446,0.6400322,0.5990536,0,0,0,0,0,0,0,0,0,0,0,0,0,0,0,0,0,0,0,0,0,0,0,0,0,0,0,0.9109831,0.9538375,0.9268579,1,0.858093,0.7283338,0,0,0,0,0,0,0,0,0,0,0
0,0,0,0,0,0,0,0,0,0,0,0,0,0,0,0.9293428,1,0.9423953,0.8134483,0,0,0,0,0,0,0,0,0,0,0,0,0,0,0,0,0,0,0,0,0,0,0,0,0,0,0,0,0,0.8495337,0.9953302,1,0.9122757,0,0,0,0,0,0,0,0,0,0,0,0,0,0,0,0,0,0,0,0,0,0,0,0,0,0,0,0,0,0.9611563,1,0.9197831,0.8195147,0,0,0,0,0,0,0,0,0,0,0,0,0,0,0,0,0,0,0,0,0,0,0,0,0,0,0,0,0,0.8820816,1,0.9740537,0.8430274,0.7578974,0,0,0,0,0,0,0,0,0,0,0,0,0,0,0,0,0,0,0,0,0,0,0,0,0,0,0,0,0,0.9604069,0.9794472,1,0.9633065,0,0,0,0,0,0,0,0,0,0,0,0,0
0,0,0,0,0,0,0,0,0,0,0.62273,0.6639649,0.6971489,0.6210946,0.6987345,0.9491988,1,0.8992772,0.7594335,0.6999097,0.6601391,0.618617,0,0,0,0,0,0,0,0,0,0,0,0,0,0,0,0,0,0,0,0,0,0,0.7104412,0.7135068,0.7123939,0,0.8149151,1,0.9890586,0.8208228,0,0,0,0,0,0,0,0,0,0,0,0,0,0,0,0,0,0,0,0,0,0,0,0,0.6199277,0.6620109,0.6929867,0,0.7234874,0.9548462,1,0.9171079,0.7720444,0.6008646,0.6920329,0.7080542,0.6181111,0,0,0,0,0,0,0,0,0,0,0,0,0,0,0,0,0,0,0,0,0,0,0,0,0,0.8873487,1,0.9481446,0.7577656,0.6171324,0.7057278,0.6739612,0.6490484,0,0,0,0,0,0,0,0,0,0,0,0,0,0,0,0,0,0,0,0,0,0,0.7205697,0.7257591,0,0,0.9178954,1,0.9494547,0.7874775,0,0,0,0,0,0,0,0,0,0,0,0,0
0,0,0,0,0,0,0,0,0,0,0,0,0,0,0,0.9445369,1,0.8763101,0.6240177,0,0,0,0,0,0,0,0,0,0,0,0,0,0,0,0,0,0,0,0,0,0,0,0,0,0,0,0,0,0.8074521,1,0.9473412,0,0,0,0,0,0,0,0,0,0,0,0,0,0,0,0,0,0,0,0,0,0,0,0,0,0,0,0,0,0.5928833,0.9444562,1,0.8692703,0,0,0,0,0,0,0,0,0,0,0,0,0,0,0,0,0,0,0,0,0,0,0,0,0,0,0,0,0,0,0.869526,1,0.9464741,0.7218174,0.6016615,0,0,0,0,0,0,0,0,0,0,0,0,0,0,0,0,0,0,0,0,0,0,0,0,0,0,0,0,0,0.966674,1,0.8917911,0,0,0,0,0,0,0,0,0,0,0,0,0,0
0,0,0,0,0,0,0,0,0,0,0,0,0,0,0,0.9382153,1,0.9179861,0,0,0,0,0,0,0,0,0,0,0,0,0,0,0,0,0,0,0,0,0,0,0,0,0,0,0,0,0,0,0.8506831,1,0.9792068,0,0,0,0,0,0,0,0,0,0,0,0,0,0,0,0,0,0,0,0,0,0,0,0,0,0,0,0,0,0,0.9513712,1,0.9042873,0,0,0,0,0,0,0,0,0,0,0,0,0,0,0,0,0,0,0,0,0,0,0,0,0,0,0,0,0,0,0.8862221,1,0.9660737,0.7377474,0,0,0,0,0,0,0,0,0,0,0,0,0,0,0,0,0,0,0,0,0,0,0,0,0,0,0,0,0,0,1,0.9920478,0,0,0,0,0,0,0,0,0,0,0,0,0,0,0
0,0,0,0,0,0,0,0,0,0,0,0,0,0,0,0.9331198,1,0.9324514,0,0,0,0,0,0,0,0,0,0,0,0,0,0,0,0,0,0,0,0,0,0,0,0,0,0,0,0,0,0,0.8492975,1,0.9833969,0,0,0,0,0,0,0,0,0,0,0,0,0,0,0,0,0,0,0,0,0,0,0,0,0,0,0,0,0,0,0.951744,1,0.9126654,0,0,0,0,0,0,0,0,0,0,0,0,0,0,0,0,0,0,0,0,0,0,0,0,0,0,0,0,0,0,0.8899431,1,0.9665887,0,0,0,0,0,0,0,0,0,0,0,0,0,0,0,0,0,0,0,0,0,0,0,0,0,0,0,0,0,0,0,0.9721406,1,0.8853936,0,0,0,0,0,0,0,0,0,0,0,0,0,0
0,0,0,0,0,0,0,0,0,0,0,0,0,0.5723998,0.6216071,0.9173078,1,0.9070818,0.6802979,0.5557808,0,0,0,0,0,0,0,0,0,0,0,0,0,0,0,0,0,0,0,0,0,0,0,0,0,0,0,0.6756786,0.8313315,1,0.9674136,0,0,0,0,0,0,0,0,0,0,0,0,0,0,0,0,0,0,0,0,0,0,0,0,0,0,0,0,0,0,0.9704324,1,0.8146273,0.6305539,0,0,0,0,0,0,0,0,0,0,0,0,0,0,0,0,0,0,0,0,0,0,0,0,0,0,0,0,0.6221797,0.8246683,1,0.9713451,0.6652247,0.6387107,0,0,0,0,0,0,0,0,0,0,0,0,0,0,0,0,0,0,0,0,0,0,0,0,0,0,0,0.7883436,0.8379344,0.9605366,1,0.9709677,0.7736969,0,0,0,0,0,0,0,0,0,0,0,0,0
0,0,0,0,0,0,0,0,0,0,0,0,0,0,0.7198784,0.948319,1,0.9092506,0.7089121,0,0,0,0,0,0,0,0,0,0,0,0,0,0,0,0,0,0,0,0,0,0,0,0,0,0,0,0,0.7956905,0,1,0.9798058,0,0,0,0,0,0,0,0,0,0,0,0,0,0,0,0,0,0,0,0,0,0,0,0,0,0,0,0,0.7835832,0.8610222,0.9321001,1,0.9146359,0.7488199,0,0,0,0,0,0,0,0,0,0,0,0,0,0,0,0,0,0,0,0,0,0,0,0,0,0,0.6892456,0.7177823,0.7217426,0.8999718,1,0.9509556,0.8188002,0.69011,0,0,0,0,0,0,0,0,0,0,0,0,0,0,0,0,0,0,0,0,0,0,0,0,0,0.8407267,0.9600908,0.9820023,0.8570697,0.9779324,1,0.9403799,0.8654123,0,0,0,0,0,0,0,0,0,0,0,0,0
0,0,0,0,0,0,0,0,0,0,0,0,0.6044398,0.5526354,0.6931618,0.9282928,1,0.8865284,0.5496451,0.5893326,0,0,0,0,0,0,0,0,0,0,0,0,0,0,0,0,0,0,0,0,0,0,0,0,0,0,0.8308073,0.8005151,0.7696509,1,0.9765223,0,0,0,0,0,0,0,0,0,0,0,0,0,0,0,0,0,0,0,0,0,0,0,0,0,0,0,0.5788214,0.7175283,0.8292624,0.9634507,1,0.8547273,0,0,0,0,0,0,0,0,0,0,0,0,0,0,0,0,0,0,0,0,0,0,0,0,0,0,0.6312811,0.6869774,0.6800761,0.7636958,0.910221,1,0.9309418,0.6519715,0.5987651,0.6139501,0.539821,0,0,0,0,0,0,0,0,0,0,0,0,0,0,0,0,0,0,0,0,0,0,0.796248,0.8336504,0.8079505,0.748455,0.8883149,0.9499268,1,0.8245115,0.7240438,0.7189168,0,0,0,0,0,0,0,0,0,0,0,0
0,0,0,0,0,0,0,0,0,0,0,0,0,0.768525,0.7636106,0.8881756,1,0.92562,0.6706745,0.6387164,0,0,0,0,0,0,0,0,0,0,0,0,0,0,0,0,0,0,0,0,0,0,0,0.7034496,0.7507249,0.7693514,0.7345139,0.8688841,0.89113,1,0.9861909,0.7463737,0,0,0,0,0,0,0,0,0,0,0,0,0,0,0,0,0,0,0,0,0,0,0,0,0,0.5939005,0.6754856,0.7508757,0.8473089,0.9550576,1,0.8853155,0.673309,0,0,0,0,0,0,0,0,0,0,0,0,0,0,0,0,0,0,0,0,0,0,0,0.6022456,0.6408914,0.638324,0.6555691,0.6969262,0.841419,0.9022788,1,0.9764484,0.7577885,0.6001005,0,0,0,0,0,0,0,0,0,0,0,0,0,0,0,0,0,0,0,0,0,0,0,0,0.7022457,0,0.8869022,0.9788606,1,0.9527366,0.991394,0.8699932,0,0.6924957,0.700329,0,0,0,0,0,0,0,0,0,0,0
0,0,0,0,0,0,0,0,0,0,0,0.7607692,0.8284031,0.7698635,0.7670215,0.9020075,1,0.9219925,0.6715878,0,0,0,0,0,0,0,0,0,0,0,0,0,0,0,0,0,0,0,0,0,0,0,0,0,0,0.7863659,0,0.7929683,0,0.9854873,1,0.7915152,0,0,0,0,0,0,0,0,0,0,0,0,0,0,0,0,0,0,0,0,0,0,0,0,0,0.7870037,0.8682323,0.8837871,0.8317773,0.9352947,1,0.9010267,0.6891183,0,0,0,0,0,0,0,0,0,0,0,0,0,0,0,0,0,0,0,0,0,0,0,0,0.6517795,0.7217579,0.8513947,0.8759405,0.8276544,0.8871679,1,0.977598,0.7359692,0,0,0,0,0,0,0,0,0,0,0,0,0,0,0,0,0,0,0,0,0,0,0,0,0.7817097,0.7757292,0.8654899,0.968021,1,0.9499689,0.8658735,0.9673995,0.8822241,0,0,0,0,0,0,0,0,0,0,0,0,0,0
0,0,0,0,0,0,0,0,0,0,0.7637222,0.7980401,0,0.7370416,0.6474421,0.9005285,1,0.9181163,0.6391527,0,0,0,0,0,0,0,0,0,0,0,0,0,0,0,0,0,0,0,0,0,0,0,0.7535226,0.7778435,0.7153869,0.7033508,0.7311385,0.7108151,0.755635,1,0.9936676,0.7414041,0,0,0,0,0,0,0,0,0,0,0,0,0,0,0,0,0,0,0,0,0,0,0.6360106,0.6989491,0.8407367,0.8774535,0.7712897,0.7312146,0.6800517,0.91849,1,0.9030619,0,0,0,0,0.6209027,0.6085659,0,0,0,0,0,0,0,0,0,0,0,0,0,0,0,0,0,0,0,0.7821586,0.8456863,0.8443105,0.7817056,0.7244931,0.7805098,1,0.9874361,0.7477157,0,0,0,0,0.6403583,0.6088812,0,0,0,0,0,0,0,0,0,0,0,0,0,0,0,0,0,0.7446946,0.7342692,0.8263222,0.8789342,0.8152618,0.7624996,0.7577748,0.8952863,1,0.9209278,0,0,0,0,0,0,0,0,0,0,0,0,0,0
0,0,0,0,0,0,0,0,0,0,0.7571485,0.8106831,0.6969209,0.7152706,0.7060993,0.9124428,1,0.919538,0.6573004,0,0,0,0,0,0,0,0,0,0,0,0,0,0,0,0,0,0,0,0,0,0,0,0,0,0,0,0,0,0.8179742,1,0.9800892,0.7532555,0,0,0,0,0,0,0,0,0,0,0,0,0,0,0,0,0,0,0,0,0,0,0,0.7932658,0.8072163,0.7716798,0.758808,0,0.733171,0.928358,1,0.8982782,0.6522692,0,0,0,0,0,0,0,0,0,0,0,0,0,0,0,0,0,0,0,0,0,0,0,0.7599056,0.8030959,0.700067,0,0,0.6735205,0.8632916,1,0.9764346,0.7311948,0.659303,0.6829838,0,0,0,0,0,0,0,0,0,0,0,0,0,0,0,0,0,0,0,0,0,0,0.8120819,0.8628265,0.795028,0,0,0.7959868,0.9693938,1,0.8624071,0,0,0,0,0,0,0,0,0,0,0,0,0,0
0,0,0,0,0,0,0,0,0,0,0.680233,0,0.7475832,0.6602311,0,0.9062497,1,0.9212575,0,0,0,0,0,0,0,0,0,0,0,0,0,0,0,0,0,0,0,0,0,0,0,0,0,0,0,0.7404423,0.7524391,0.7706793,0.7004536,1,0.9816411,0.7555909,0,0,0,0,0,0,0,0,0,0,0,0,0,0,0,0,0,0,0,0,0,0,0,0.720867,0.7879514,0.7237594,0.7445242,0.7199466,0.6773109,0.9292234,1,0.8944036,0,0,0,0,0,0,0,0,0,0,0,0,0,0,0,0,0,0,0,0,0,0,0,0,0.7002886,0.7925637,0.7667461,0.6379831,0,0.641997,0.8438566,1,0.9833754,0.7732354,0,0,0,0,0,0,0,0,0,0,0,0,0,0,0,0,0,0,0,0,0,0,0,0,0.8576797,0.9002898,0.7807292,0,0,0,0.8824542,1,0.8660355,0,0,0,0,0,0,0,0,0,0,0,0,0,0
0,0,0,0,0,0,0,0,0,0,0,0.7318894,0.6734031,0.7075241,0,0.9106985,1,0.9223327,0,0,0,0,0,0,0,0,0,0,0,0,0,0,0,0,0,0,0,0,0,0,0,0,0,0,0,0,0,0,0.818823,1,0.9876623,0.8259832,0,0,0,0,0,0,0,0,0,0,0,0,0,0,0,0,0,0,0,0,0,0,0,0,0.6512721,0.724153,0.7576673,0,0.7284422,0.9377016,1,0.8942135,0,0,0,0,0,0,0,0,0,0,0,0,0,0,0,0,0,0,0,0,0,0,0,0,0.6715256,0.7171507,0.6797886,0.7603987,0.7451087,0.6665895,0.8328626,1,0.9752644,0.6676097,0,0,0,0,0,0,0,0,0,0,0,0,0,0,0,0,0,0,0,0,0,0,0,0,0,0,0.7461098,0.8518017,0.7866753,0,0.9400523,1,0.9062652,0.74109,0,0,0,0,0,0,0,0,0,0,0,0,0
0,0,0,0,0,0,0,0,0,0,0.6792827,0.7533292,0.8327069,0.8281454,0.7422071,0.9132097,1,0.9209617,0,0,0,0,0,0,0,0,0,0,0,0,0,0,0,0,0,0,0,0,0,0,0,0,0,0,0,0,0,0,0.818065,1,0.9972134,0.7616696,0,0,0,0,0,0,0,0,0,0,0,0,0,0,0,0,0,0,0,0,0,0,0,0,0,0,0.6769947,0.7536764,0.7429892,0.9378831,1,0.9087379,0.7005023,0,0,0,0,0,0,0,0,0,0,0,0,0,0,0,0,0,0,0,0,0,0,0,0,0,0,0.7899964,0.8778487,0.8441026,0.8630734,1,0.9695953,0.6808243,0.6608085,0,0,0,0,0,0,0,0,0,0,0,0,0,0,0,0,0,0,0,0,0,0,0,0,0,0.7622685,0.8680708,0.8332115,0.7243407,0.9367862,1,0.9132857,0.8156335,0.695281,0,0,0,0,0,0,0,0,0,0,0,0
0,0,0,0,0,0,0,0,0,0,0,0.7237922,0.7451616,0.7718487,0.8120198,0.9077901,1,0.9278914,0.6862278,0.665519,0.7169327,0.6870981,0,0,0,0,0,0,0,0,0,0,0,0,0,0,0,0,0,0,0,0,0,0,0,0,0,0,0,0.9577542,1,0.9015919,0.8831499,0.8330458,0,0,0,0,0,0,0,0,0,0,0,0,0,0,0,0,0,0,0,0,0,0,0,0.6991591,0.6790109,0.7309875,0.7894502,0.9451918,1,0.9075058,0.6855298,0.7330742,0.7208102,0.6505164,0,0,0,0,0,0,0,0,0,0,0,0,0,0,0,0,0,0,0,0,0,0,0.6623937,0.7808512,0.8407698,0.8012113,0.8428361,1,0.9730901,0.7651435,0,0.7228199,0.7037565,0,0,0,0,0,0,0,0,0,0,0,0,0,0,0,0,0,0,0,0,0,0,0,0,0.8104059,0.8070067,0.8203214,0.9678243,1,0.8929555,0.7776368,0.6846039,0.7069377,0,0,0,0,0,0,0,0,0,0,0
0,0,0,0,0,0,0,0,0,0,0,0,0,0.6758927,0.7997417,0.9034477,1,0.9147326,0.7203372,0.6852879,0.6591688,0,0,0,0,0,0,0,0,0,0,0,0,0,0,0,0,0,0,0,0,0,0,0,0,0,0,0,0.7799995,1,0.9763225,0.8312216,0.86144,0.8702461,0.8723881,0.8046429,0,0,0,0,0,0,0,0,0,0,0,0,0,0,0,0,0,0,0,0,0,0,0,0.6840544,0.7009325,0.9374572,1,0.8974599,0.6974871,0.7272165,0.7073475,0.6990587,0,0,0,0,0,0,0,0,0,0,0,0,0,0,0,0,0,0,0,0,0,0,0,0.7057942,0.7756455,0.8095372,0.7245281,1,0.9885451,0.7823503,0.7001098,0.7002439,0.6727771,0,0,0,0,0,0,0,0,0,0,0,0,0,0,0,0,0,0,0,0,0,0,0,0.7164137,0.7771671,0.7144869,0,0.9456152,1,0.8566846,0.7283202,0,0,0.7621844,0.7203114,0,0,0,0,0,0,0,0,0
0,0,0,0,0,0,0,0,0,0,0,0,0.6218111,0.6558627,0.7102386,0.9384925,1,0.9004583,0.7570547,0.726691,0,0,0,0,0,0,0,0,0,0,0,0,0,0,0,0,0,0,0,0,0,0,0,0,0,0,0,0,0.815447,1,0.9994088,0.8660725,0.8389185,0.8433047,0.833685,0.7366581,0,0,0,0,0,0,0,0,0,0,0,0,0,0,0,0,0,0,0,0,0,0,0,0,0.6198872,0.9489381,1,0.8579381,0.7352227,0.7383176,0.7045357,0.6778002,0,0,0,0,0,0,0,0,0,0,0,0,0,0,0,0,0,0,0,0,0,0,0,0,0,0.7850984,0.8202009,1,0.977534,0.8096896,0.7419783,0.7058915,0.7165165,0,0,0,0,0,0,0,0,0,0,0,0,0,0,0,0,0,0,0,0,0,0,0,0,0,0.7703317,0.860867,0.9942805,1,0.8061709,0.8194494,0.8914775,0.9305829,0.8445936,0.7471201,0,0,0,0,0,0,0,0,0
0,0,0,0,0,0,0,0,0,0,0,0,0,0,0,0.9305704,1,0.8915222,0.791784,0.7765296,0,0,0,0,0,0,0,0,0,0,0,0,0,0,0,0,0,0,0,0,0,0,0,0,0,0,0,0,0.8449513,1,0.9682357,0.8374723,0.8247341,0.8266696,0.7911915,0.843505,0.7884275,0,0,0,0,0,0,0,0,0,0,0,0,0,0,0,0,0,0,0,0,0,0,0,0.7043077,0.9534743,1,0.8941448,0.7557682,0.8050107,0.6950839,0.734746,0.7075388,0.6398596,0,0,0,0,0,0,0,0,0,0,0,0,0,0,0,0,0,0,0,0,0,0,0,0.6530879,0.9039295,1,0.9325556,0.7645232,0.7931659,0.7941744,0.6802363,0.7957981,0.7283812,0,0,0,0,0,0,0,0,0,0,0,0,0,0,0,0,0,0,0,0,0,0,0,0,0.7273565,0.9472739,1,0.9318413,0.8938412,0.8645984,0,0.8619058,0.8557299,0.7550505,0,0,0,0,0,0,0,0
0,0,0,0,0,0,0,0,0,0,0,0,0,0,0.5897272,0.924035,1,0.8958862,0.6733432,0.7241859,0.6782486,0.6247307,0.5678386,0,0,0,0,0,0,0,0,0,0,0,0,0,0,0,0,0,0,0,0,0,0,0,0,0,0.8004226,1,0.9354389,0.8192857,0.6648622,0.6819314,0.7978013,0.9141864,0.8018664,0,0,0,0,0,0,0,0,0,0,0,0,0,0,0,0,0,0,0,0,0,0,0.5795915,0.6680178,0.9422593,1,0.8772952,0.7843757,0.7976202,0.7597766,0.6300438,0.6902202,0.5802761,0,0,0,0,0,0,0,0,0,0,0,0,0,0,0,0,0,0,0,0,0,0,0,0,0.8604597,1,0.9202567,0.7725987,0.753079,0.7610148,0.7383924,0.8314521,0.7732636,0.6097839,0,0,0,0,0,0,0,0,0,0,0,0,0,0,0,0,0,0,0,0,0,0,0,0.6856049,0.9633278,1,0.7783269,0.780582,0.8549932,0.857933,0.8279901,0.8303968,0.7941424,0,0,0,0,0,0,0,0
0,0,0,0,0,0,0,0,0,0,0,0,0,0,0.7327541,0.9413881,1,0.922955,0.7867333,0.8016038,0.8177594,0.7717149,0,0,0,0,0,0,0,0,0,0,0,0,0,0,0,0,0,0,0,0,0,0,0,0,0,0,0.8967431,1,0.9537869,0,0,0.7907599,0.9461713,0.9992065,0.9216543,0,0,0,0,0,0,0,0,0,0,0,0,0,0,0,0,0,0,0,0,0,0,0,0.7788691,0.9561534,1,0.911993,0.7587789,0.7198167,0,0.8417646,0.8298653,0.739547,0,0,0,0,0,0,0,0,0,0,0,0,0,0,0,0,0,0,0,0,0,0,0,0,0.9052522,1,0.9486723,0.8236327,0.819404,0,0.9358618,0.9545683,0.852054,0,0,0,0,0,0,0,0,0,0,0,0,0,0,0,0,0,0,0,0,0,0,0,0,0.7892991,0.9644789,1,0.9028887,0,0.7514746,0.853583,0.8390005,0.8241837,0.7649726,0,0,0,0,0,0,0,0
0,0,0,0,0,0,0,0,0,0,0,0,0,0,0,0.9317585,1,0.9041294,0.7387394,0.7028899,0,0.7667089,0.7494481,0.7039798,0,0,0,0,0,0,0,0,0,0,0,0,0,0,0,0,0,0,0,0,0,0,0,0,0.8286031,1,0.9771345,0,0.8251049,0.8210325,0.956376,0.9736002,0.8568947,0,0,0,0,0,0,0,0,0,0,0,0,0,0,0,0,0,0,0,0,0,0,0,0.6912084,0.9543163,1,0.8744179,0.7731245,0.8339605,0.8019055,0.7936835,0.8120879,0.7708341,0.6942669,0,0,0,0,0,0,0,0,0,0,0,0,0,0,0,0,0,0,0,0,0,0,0,0.8742794,1,0.9465887,0.8313245,0.8193283,0.7141351,0.8426858,0.8943927,0.8547794,0.8631835,0.7657153,0,0,0,0,0,0,0,0,0,0,0,0,0,0,0,0,0,0,0,0,0,0,0.7094149,0.9587956,1,0.8652164,0.7819595,0.8728703,0.8899235,0.9016713,0.7711996,0.8091103,0.7516902,0,0,0,0,0,0,0
0,0,0,0,0,0,0,0,0,0,0,0,0,0,0,0.9319994,1,0.8860775,0.7171425,0.6892677,0.7613006,0.7927866,0.7178721,0,0,0,0,0,0,0,0,0,0,0,0,0,0,0,0,0,0,0,0,0,0,0,0,0,0.8457062,1,0.9161865,0.7127756,0.8815362,0.8871574,0.8059093,0.7454625,0,0,0,0,0,0,0,0,0,0,0,0,0,0,0,0,0,0,0,0,0,0,0,0,0.7113549,0.953383,1,0.8574278,0.7711728,0.7785937,0.7220689,0,0,0.7104079,0.6456283,0,0,0,0,0,0,0,0,0,0,0,0,0,0,0,0,0,0,0,0,0,0,0.6336187,0.8476321,1,0.9716243,0.787515,0.7439468,0.6796359,0.7812721,0.8321373,0.7383577,0.7348123,0.7230421,0,0,0,0,0,0,0,0,0,0,0,0,0,0,0,0,0,0,0,0,0,0,0.8010361,0.9974031,1,0.881622,0.8642651,0.8319309,0.8824635,0.9573988,0.8936106,0.8592518,0,0,0,0,0,0,0,0
0,0,0,0,0,0,0,0,0,0,0,0,0,0,0.6279028,0.9362449,1,0.8640466,0.7332066,0.7289515,0.7607796,0.8252773,0.7673,0.6748428,0,0,0,0,0,0,0,0,0,0,0,0,0,0,0,0,0,0,0,0,0,0,0,0,0.8667089,1,0.991666,0.8846372,0.683995,0.7694196,0.7052757,0,0,0,0,0,0,0,0,0,0,0,0,0,0,0,0,0,0,0,0,0,0,0,0,0,0.6038026,0.9423192,1,0.8802591,0.7746843,0.7402236,0.7802247,0.7897026,0.7507845,0.6062101,0,0,0,0,0,0,0,0,0,0,0,0,0,0,0,0,0,0,0,0,0,0,0,0.6594447,0.8772079,1,0.9269567,0.7894045,0.6297256,0.7258993,0.7386695,0.8194974,0.7109286,0.6047381,0,0,0,0,0,0,0,0,0,0,0,0,0,0,0,0,0,0,0,0,0,0,0.7174264,0.812871,0.9309712,1,0.9212166,0.8439201,0.8342782,0.8839627,0.9487389,0.9160115,0,0,0,0,0,0,0,0,0
0,0,0,0,0,0,0,0,0,0,0,0,0,0,0,0.9171382,1,0.9227041,0.8111792,0.746187,0.7039193,0.6610306,0,0,0,0,0,0,0,0,0,0,0,0,0,0,0,0,0,0,0,0,0,0,0,0,0,0.7183603,0.8324392,1,0.9744403,0,0.6249566,0,0,0,0,0,0,0,0,0,0,0,0,0,0,0,0,0,0,0,0,0,0,0.549646,0.5548198,0.5743891,0,0.5953649,0.6841944,0.9454034,1,0.8160056,0.8981889,0.8033987,0.6595725,0.6588946,0.5322963,0.5821176,0,0,0,0,0,0,0,0,0,0,0,0,0,0,0,0,0,0,0,0,0,0,0,0,0.8706251,1,0.9574378,0.8116792,0.7474873,0.7692759,0.739023,0.6558624,0,0,0,0,0,0,0,0,0,0,0,0,0,0,0,0,0,0,0,0,0,0,0,0.6075227,0.6462593,0.8250853,0.837095,1,0.9371715,0.8680121,0.8610221,0.7958373,0.7737455,0.679426,0,0,0,0,0,0,0,0,0
0,0,0,0,0,0,0,0,0,0,0,0,0,0,0.7174252,0.9458991,1,0.8899755,0.7078349,0.6931518,0.6801431,0,0,0,0,0,0,0,0,0,0,0,0,0,0,0,0,0,0,0,0,0,0,0,0,0,0,0.7598985,0.9054242,1,0.9696671,0.7729585,0,0,0,0,0,0,0,0,0,0,0,0,0,0,0,0,0,0,0,0,0,0,0,0,0.6404331,0.6518647,0.6667246,0.6291649,0.7056051,0.950913,1,0.9134782,0.7817477,0,0.6841244,0.681789,0.6609885,0.6180553,0,0,0,0,0,0,0,0,0,0,0,0,0,0,0,0,0,0,0,0,0.6441339,0.6378034,0.6324043,0.6332641,0.9079554,1,0.940539,0.8226473,0.7206846,0,0,0,0,0,0,0,0,0,0,0,0,0,0,0,0,0,0,0,0,0,0,0,0,0,0,0,0,0,0.9894788,1,0.9728987,0.8912106,0,0,0,0,0,0,0,0,0,0,0,0,0
0,0,0,0,0,0,0,0,0,0,0,0,0,0,0,0.9015999,1,0.9061032,0,0,0,0,0,0,0,0,0,0,0,0,0,0,0,0,0,0,0,0,0,0,0,0,0,0,0,0,0,0,0,0,0,0,0,0,0,0,0,0,0,0,0,0,0,0,0,0,0,0,0,0,0,0,0,0,0,0,0,0,0,0,0,0.9795356,1,0.8502588,0,0,0,0,0,0,0,0,0,0,0,0,0,0,0,0,0,0,0,0,0,0,0,0,0,0,0,0,0,0,0.9106032,1,0.9690131,0,0,0,0,0,0,0,0,0,0,0,0,0,0,0,0,0,0,0,0,0,0,0,0,0,0,0,0,0,0,0,0,0,0,0,0,0,0,0,0,0,0,0,0,0,0,0,0
0,0,0,0,0,0,0,0,0,0,0,0,0,0,0.6697224,0.9303399,1,0.8821487,0,0,0,0,0,0,0,0,0,0,0,0,0,0,0,0,0,0,0,0,0,0,0,0,0,0,0,0,0,0,0.818446,1,0.9623125,0,0,0,0,0,0,0,0,0,0,0,0,0,0,0,0,0,0,0,0,0,0,0,0,0,0,0,0,0,0.7770142,0.9473611,1,0.8605512,0,0,0,0,0,0,0,0,0,0,0,0,0,0,0,0,0,0,0,0,0,0,0,0,0,0,0,0,0,0.7229028,0.9169906,1,0.9585229,0,0,0,0,0,0,0,0,0,0,0,0,0,0,0,0,0,0,0,0,0,0,0,0,0,0,0,0,0,0,0.850042,1,0.9870614,0.7768884,0,0,0,0,0,0,0,0,0,0,0,0,0,0
0,0,0,0,0,0,0,0,0,0,0,0,0,0,0.7415041,0.9605579,1,0.8861145,0,0,0,0,0,0,0,0,0,0,0,0,0,0,0,0,0,0,0,0,0,0,0,0,0,0,0,0,0,0,0.8019957,1,0.987242,0,0,0,0,0,0,0,0,0,0,0,0,0,0,0,0,0,0,0,0,0,0,0,0,0,0,0,0,0,0.8207765,0.9541433,1,0.8813329,0,0,0,0,0,0,0,0,0,0,0,0,0,0,0,0,0,0,0,0,0,0,0,0,0,0,0,0,0,0.6997072,0.9204773,1,0.9359689,0,0,0,0,0,0,0,0,0,0,0,0,0,0,0,0,0,0,0,0,0,0,0,0,0,0,0,0,0,0,0,0.9775159,1,0.8118405,0,0,0,0,0,0,0,0,0,0,0,0,0,0
