GestureName: mu
Duration(ms): 940
Handedness: right

SpeakerAngles: 5
55
-55
0
0
110

SpeakerElevations: 5
-10
-10
-10
0
30

InterpretedPoints: 20
0,0,0
4.05480761227132,5.21074615077359,0.805407289332278
5.68240297497007,11.8474154772005,0.763518223330696
5.70367416668339,18.8672819883044,0.527036446661393
5.70367416668339,17.89766648228,0.874332801995253
1.66304734888762,11.674964443297,1.7635182233307
-4.01226522884467,1.96648831190689,1.67364817766693
-4.06189800950909,-16.6628993904267,0.431074487337025
-6.49620065631944,-19.879623485305,0.472963553338607
-4.09025959846019,-16.89766648228,-0.874332801995253
-4.06898840674687,-12.9619482731399,-0.242573690329905
-0.813797681349374,-0.703801867273976,-0.5
0.849249667538249,6.01673931698639,1.78446275633149
0,0,0
5.69658376944562,24.8276831914457,-0.841204441673259
8.11670562178041,23.972986090152,-0.320259908672468
6.46783906736834,11.4309830485607,-0.562833599002373
0,0,0
0,-0.984807753012208,0.17364817766693
0,0,0

StrokePoints: 21
0,0,0
0,0,0
4.05480761227132,5.21074615077359,0.805407289332278
9.73721058724138,17.058161627974,1.56892551266297
15.4408847539248,35.9254436162784,2.09596195932437
21.1445589206082,53.8231100985584,2.97029476131962
22.8076062694958,65.4980745418554,4.73381298465032
18.7953410406511,67.4645628537622,6.40746116231725
14.733443031142,50.8016634633355,6.83853564965427
8.23724237482259,30.9220399780305,7.31149920299288
4.14698277636239,14.0243734957506,6.43716640099763
0.0779943696155234,1.06242522261065,6.19459271066772
-0.73580331173385,0.35862335533667,5.69459271066772
0.113446355804399,6.37536267232306,7.47905546699921
0.113446355804399,6.37536267232306,7.47905546699921
5.81003012525002,31.2030458637687,6.63785102532595
13.9267357470304,55.1760319539207,6.31759111665348
20.3945748143988,66.6070150024814,5.75475751765111
20.3945748143988,66.6070150024814,5.75475751765111
20.3945748143988,65.6222072494692,5.92840569531804
20.3945748143988,65.6222072494692,5.92840569531804

Velocities: 20
0,0,0
2,0,2
4,2,4
6,7,7
6,7,5
0,5,5
-5,3,1
-4,-3,-7
-7,-5,-8
-5,-8,-5
-4,-4,-5
0,0,0
0,5,2
0,0,0
8,8,9
7,4,11
4,-2,7
0,0,0
0,0,-1
0,0,0

InverseVelocities: 20
0,0,0
0,0,0
0,0,0
0,0,0
0,0,0
0,0,-1
0,-1,-5
0,0,0
0,0,0
0,0,0
0,0,0
0,0,0
0,0,0
0,0,0
0,0,0
0,0,0
0,0,0
0,0,0
0,0,0
0,0,0

RawData: 20
0,0,0,0,0,0,0,0,0,0,0,0,0,0,0.7062916,0.9240958,1,0.9369184,0.7671492,0,0,0,0,0,0,0,0,0,0,0,0,0,0,0,0,0,0,0,0,0,0,0,0,0,0,0,0,0.8077844,0.8829877,1,0.9681696,0,0,0,0,0,0,0,0,0,0,0,0,0,0,0,0,0,0,0,0,0,0,0,0,0,0,0,0,0.6951654,0.7333601,0.9495222,1,0.8572682,0.756326,0,0,0,0,0,0,0,0,0,0,0,0,0,0,0,0,0,0,0,0,0,0,0,0,0,0,0,0,0.720678,0.8703015,1,0.962262,0.8708304,0.7591136,0,0,0,0,0,0,0,0,0,0,0,0,0,0,0,0,0,0,0,0,0,0,0,0,0,0,0,0.7377385,0.8096039,0.9390659,1,0.9628063,0.8494799,0,0,0,0,0,0,0,0,0,0,0,0,0
0,0,0,0,0,0,0,0,0,0,0,0,0,0,0.6963893,0.9350195,1,0.8973222,0.8100511,0.797747,0.8158914,0.7359506,0,0,0,0,0,0,0,0,0,0,0,0,0,0,0,0,0,0,0,0,0,0,0,0,0,0,0.8188888,1,0.9622011,0.9169961,0.814932,0,0,0,0,0,0,0,0,0,0,0,0,0,0,0,0,0,0,0,0,0,0,0,0,0,0,0,0.6851904,0.9492817,1,0.8333954,0.9134093,0.9148349,0.8607697,0.7467794,0,0,0,0,0,0,0,0,0,0,0,0,0,0,0,0,0,0,0,0,0,0,0,0,0,0.6711302,0.8714752,1,0.9356769,0.8134263,0.8736086,0.875571,0.8046342,0.7125254,0,0,0,0,0,0,0,0,0,0,0,0,0,0,0,0,0,0,0,0,0,0,0,0,0,0.744895,0.980495,1,0.8663953,0.8672355,0.8927329,0.8710097,0.7546919,0,0,0,0,0,0,0,0,0,0
0,0,0,0,0,0,0,0,0,0,0,0,0,0,0,0.9194635,1,0.8797655,0.7570275,0.8810647,0.8904314,0.6938792,0.7775152,0.7068811,0,0,0,0,0,0,0,0,0,0,0,0,0,0,0,0,0,0,0,0,0,0,0,0,0.7854955,1,0.9905874,0,0.9445978,0.9466277,0.8211826,0,0,0,0,0,0,0,0,0,0,0,0,0,0,0,0,0,0,0,0,0,0,0,0,0,0,0.964644,1,0.7698337,0.776423,0.8633541,0.9571534,0.8898278,0.7951344,0.7759035,0,0,0,0,0,0,0,0,0,0,0,0,0,0,0,0,0,0,0,0,0,0,0,0.6424993,0.8454945,1,0.9636873,0.7101438,0.8201506,0.916522,0.9107267,0.792785,0.7156395,0.7025461,0.6874614,0,0,0,0,0,0,0,0,0,0,0,0,0,0,0,0,0,0,0,0,0,0,0,0.962473,1,0.8745722,0.9053892,0.9964322,0.9977533,0.9822718,0.9663516,0.8805698,0,0,0,0,0,0,0,0
0,0,0,0,0,0,0,0,0,0,0,0,0,0,0,0.9260451,1,0.9018307,0,0.6980432,0.7785155,0.7840567,0,0.7397682,0.761302,0.6726635,0,0,0,0,0,0,0,0,0,0,0,0,0,0,0,0,0,0,0,0,0,0,0.8042213,1,0.9845493,0.7802932,0.8422341,0.8693186,0.8779436,0.8340072,0,0.7635959,0.7699146,0.7494305,0,0,0,0,0,0,0,0,0,0,0,0,0,0,0,0,0,0,0,0,0,0.9569013,1,0.8359907,0.6904436,0.7247744,0.8695589,0.9239173,0.8769333,0.8830641,0.8965421,0.8419922,0.7463015,0,0,0,0,0,0,0,0,0,0,0,0,0,0,0,0,0,0,0,0,0,0.8719895,1,0.9454234,0.7092907,0.7203455,0.8083652,0.8547708,0.8474938,0.8288029,0.8578839,0.8524632,0.7101714,0,0,0,0,0,0,0,0,0,0,0,0,0,0,0,0,0,0,0,0,0,0.7611281,0.9772671,1,0.9349316,0.7962155,0.8595681,0.9809157,0.9972492,0.9811012,0.8456134,0.9028253,0.8662577,0.7456575,0,0,0,0,0
0,0,0,0,0,0,0,0,0,0,0,0,0,0,0,0.9195766,1,0.8764884,0.7330227,0.7849653,0.7874569,0.7525072,0.7008862,0.6672979,0.588938,0.600251,0,0,0,0,0,0,0,0,0,0,0,0,0,0,0,0,0,0,0,0,0,0,0.7680051,1,0.9650685,0,0.6878085,0.7663019,0.6966881,0.7038949,0.6726719,0.8116429,0.8091637,0.7181713,0,0,0,0,0,0,0,0,0,0,0,0,0,0,0,0,0,0,0,0,0.6463427,0.9493369,1,0.8844227,0.7818994,0.830742,0.8466427,0.8275674,0.7772692,0.7910367,0.7903508,0,0,0,0,0,0,0,0,0,0,0,0,0,0,0,0,0,0,0,0,0,0,0.6353284,0.8425243,1,0.9595183,0.6465815,0.8643551,0.891685,0.8058107,0.827327,0.8781469,0.8587036,0.7461335,0.6149375,0.6782435,0,0,0,0,0,0,0,0,0,0,0,0,0,0,0,0,0,0,0,0.7349994,0.731827,0.9899409,1,0,0.7717036,0.9584336,0.9248738,0.8836005,0.9283864,0.9081542,0.7708154,0.7534693,0.6913719,0,0,0,0,0
0,0,0,0,0,0,0,0,0,0,0,0,0,0.7056166,0.7933143,0.8942193,1,0.8686385,0.7396798,0.6958663,0,0,0,0,0,0,0,0,0,0,0,0,0,0,0,0,0,0,0,0,0,0,0,0,0,0,0,0,0.8180208,1,0.9709659,0.7112843,0,0.8049871,0.7391124,0.7793301,0.8178781,0.7691531,0,0,0,0,0,0,0,0,0,0,0,0,0,0,0,0,0,0,0,0,0.6374505,0.7180711,0.6566742,0.9493256,1,0.8262061,0.7359921,0,0.7211137,0.734176,0,0.6567869,0.6990488,0,0,0,0,0,0,0,0,0,0,0,0,0,0,0,0,0,0,0,0,0.6413835,0.6882652,0,0.8650376,1,0.942347,0.7835049,0.7607445,0.7673798,0,0.6742178,0.6545585,0.7003994,0.6400796,0,0,0,0,0,0,0,0,0,0,0,0,0,0,0,0,0,0,0,0.7181486,0.7773572,0.8671109,0.9254779,0.9324646,1,0,0.9129679,0.935775,0.8521729,0.8022926,0,0.7408468,0.782129,0.7203563,0,0,0,0,0,0
0,0,0,0,0,0,0,0,0.6265569,0.676521,0.6301471,0.7528163,0.8231627,0.8589251,0.8370212,0.9193045,1,0.9250395,0.7285288,0.6412348,0,0,0,0,0,0,0,0,0,0,0,0,0,0,0,0,0,0,0,0,0,0,0,0,0,0.7092361,0.7787293,0.8285926,0.8547148,1,0.9585502,0.7879017,0.776077,0.7945486,0.8237475,0.7728553,0,0,0,0,0,0,0,0,0,0,0,0,0,0,0,0,0,0,0.6785177,0.7603181,0.6916271,0.6806697,0.804686,0.8401966,0.8076792,0.9247659,1,0.914262,0.7589946,0.7504297,0.7172703,0,0,0,0,0,0,0,0,0,0,0,0,0,0,0,0,0,0,0,0,0.6645641,0.6965541,0.7065494,0.7837033,0.7877228,0.6276354,0.7088184,0.865046,1,0.976245,0.8265303,0.7539718,0.7068018,0.7032923,0.6782668,0,0,0,0,0,0,0,0,0,0,0,0,0,0,0,0,0,0,0,0,0.7089549,0.7258869,0.7890692,0.9342365,0.9373717,0.8135244,0.9491846,1,0.837778,0.7201544,0.7128226,0.7301819,0.6819212,0,0,0,0,0,0,0,0,0,0
0,0,0,0,0,0,0,0,0,0.8206012,0.8236203,0,0,0,0,0.9095502,1,0.9305134,0,0,0,0,0,0,0,0,0,0,0,0,0,0,0,0,0,0,0,0,0,0,0,0,0,0.8174328,0.9156091,0.9607961,0.9233195,0.8308406,0.9077495,1,0.9747657,0.8670642,0.8186387,0,0,0,0,0,0,0,0,0,0,0,0,0,0,0,0,0,0,0,0.75214,0.7950751,0.8257987,0.8308265,0.7545949,0,0.7956635,0.78501,0.7902459,0.9418897,1,0.9121971,0,0,0,0,0,0,0,0,0,0,0,0,0,0,0,0,0,0,0,0,0,0.7629493,0.7793946,0.7944962,0.8103682,0.7934758,0.7515994,0.843115,0.8609486,0.841831,0.8201392,1,0.9722286,0,0,0,0,0,0,0,0,0,0,0,0,0,0,0,0,0,0,0,0,0,0,0,0,0.7731889,0.8188387,0.8455705,0.8713301,0,0.8808745,0.8384738,0.935675,1,0.9147221,0,0,0,0,0,0,0,0,0,0,0,0,0,0
0,0,0,0,0,0,0.7362899,0.7606906,0.7332894,0,0.7983083,0.8019069,0.7836044,0.7768323,0.7319387,0.9138839,1,0.9212905,0,0,0,0,0,0,0,0,0,0,0,0,0,0,0,0,0,0,0,0,0,0,0,0.8513907,0.8855916,0.9171832,0.9536744,0.8467765,0.9595463,0.9388569,0.9209241,1,0.9824193,0,0,0,0,0,0,0,0,0,0,0,0,0,0,0,0,0,0,0,0,0.7618466,0.8249523,0.8425891,0.8575587,0.8536844,0.827263,0.7781276,0.8291512,0,0,0.9229679,1,0.9099617,0,0,0,0,0,0,0,0,0,0,0,0,0,0,0,0,0,0,0,0,0,0.7972134,0.8284199,0,0,0.8100505,0.8309848,0.7418489,0.7531372,0,0.8604018,1,0.9842958,0.8341861,0,0,0,0,0,0,0,0,0,0,0,0,0,0,0,0,0,0,0,0,0,0.8027902,0.8472955,0.829148,0.7906435,0.8126217,0.8756524,0.8533563,0,0.7657197,0.9404437,1,0.8881052,0,0,0,0,0,0,0,0,0,0,0,0,0,0
0,0,0,0,0,0,0,0,0.6511348,0.7148805,0.7594659,0.6852612,0.7119326,0.7582865,0.719753,0.9020055,1,0.9189508,0,0,0,0,0,0,0,0,0,0,0,0,0,0,0,0,0,0,0,0,0.7347651,0.7857771,0.8543855,0.8619144,0.9014675,0.9317168,0.9521649,0.7744774,0,0.7647654,0,0.9607424,1,0.8509244,0,0,0,0,0,0,0,0,0,0,0,0,0,0,0,0,0,0,0,0,0,0,0.7829118,0.8401514,0.6986676,0.7560956,0.7957873,0.8633418,0.8158587,0.9392191,1,0.8923442,0,0,0,0,0,0,0,0,0,0,0,0,0,0,0,0,0,0,0,0,0,0.7505226,0.774419,0.8688409,0.8937535,0.8817653,0.8745056,0.8402635,0.9358193,0.9202299,0.8579918,1,0.9480833,0.6762684,0,0,0,0,0,0,0,0,0,0,0,0,0,0,0,0,0,0,0,0.7252491,0.8074576,0.8451607,0.7028269,0.8405231,0.9219603,0.9371718,0.7122898,0.8214426,0.7399749,0.7170577,0.9417555,1,0.8745407,0,0,0,0,0,0,0,0,0,0,0,0,0,0
0,0,0,0,0,0,0,0,0,0.6590824,0,0,0.6785082,0.7730455,0.7918937,0.8945739,1,0.9087372,0,0,0,0,0,0,0,0,0,0,0,0,0,0,0,0,0,0,0,0,0,0,0,0,0.8228699,0.8975152,0.7894154,0.8890652,0.9246047,0.9823751,0.8675542,0.9936779,1,0.8433058,0,0,0,0,0,0,0,0,0,0,0,0,0,0,0,0,0,0,0,0,0,0,0.7611253,0.8295662,0.8353312,0.7758699,0.8139747,0.8357558,0.700008,0.9271795,1,0.8753661,0,0,0,0,0,0,0,0,0,0,0,0,0,0,0,0,0,0,0,0,0,0,0,0.670185,0.8113238,0.8352135,0.8543845,0.8574073,0.9415694,0.9234611,0.8958931,1,0.981277,0.7711151,0,0,0,0,0,0,0,0,0,0,0,0,0,0,0,0,0,0,0,0,0,0,0.7826948,0.8915876,0.9233744,0.9070352,0.9100676,0.9379483,0.8621816,0.7868261,0.9691717,1,0.8998623,0,0,0,0,0,0,0,0,0,0,0,0,0,0
0,0,0,0,0,0,0,0,0,0,0,0,0,0,0.7262171,0.9118821,1,0.9380582,0,0,0,0,0,0,0,0,0,0,0,0,0,0,0,0,0,0,0,0,0,0,0,0,0,0,0,0,0.8546116,0.9560886,1,0.9436548,0.9228813,0.8597913,0,0,0,0,0,0,0,0,0,0,0,0,0,0,0,0,0,0,0,0,0,0,0,0,0,0,0,0.7788378,0.9081994,0.986037,1,0.8939335,0,0,0,0,0,0,0,0,0,0,0,0,0,0,0,0,0,0,0,0,0,0,0,0,0,0,0,0.8068501,0.855517,0.8683862,0.8818857,0.9911127,1,0.871034,0,0,0,0,0,0,0,0,0,0,0,0,0,0,0,0,0,0,0,0,0,0,0,0,0,0,0.8028676,0.9126111,0.9695368,1,0.9753081,0.9135307,0.8636391,0,0,0,0,0,0,0,0,0,0,0,0,0,0
0,0,0,0,0,0,0,0,0,0,0,0,0,0,0,0.899946,1,0.9364967,0.74747,0,0,0,0,0,0,0,0,0,0,0,0,0,0,0,0,0,0,0,0,0,0,0,0,0,0,0,0,0,0.8832551,0.9802521,0.9568017,1,0.9013725,0.9892322,0.9326245,0.9132515,0.9102693,0.8692631,0,0,0,0,0,0,0,0,0,0,0,0,0,0,0,0,0,0,0,0,0,0,0.787117,0.9102666,1,0.9491568,0.8872889,0.8533811,0.8122585,0.7382489,0,0,0,0,0,0,0,0,0,0,0,0,0,0,0,0,0,0,0,0,0,0,0,0,0,0.6753572,0.8006256,1,0.9420451,0.878588,0.8184317,0.8325883,0.8084012,0.7228271,0,0,0,0,0,0,0,0,0,0,0,0,0,0,0,0,0,0,0,0,0,0,0,0,0.7142891,0.8371089,0.9976768,0.9487714,1,0.9343256,0.8360144,0.789945,0.8330161,0.8098159,0.7702908,0.7013884,0,0,0,0,0,0,0
0,0,0,0,0,0,0,0,0,0,0,0,0,0,0,0.9416663,1,0.9346166,0,0,0,0,0,0,0,0,0,0,0,0,0,0,0,0,0,0,0,0,0,0,0,0,0,0,0,0,0,0,0,0,0,0,0,0,0,0,0,0,0,0,0,0,0,0,0,0,0,0,0,0,0,0,0,0,0,0,0,0,0,0,0,0.9518956,1,0.9531997,0,0,0,0,0,0,0,0,0,0,0,0,0,0,0,0,0,0,0,0,0,0,0,0,0,0,0,0,0,0,0,1,0.9849597,0,0,0,0,0,0,0,0,0,0,0,0,0,0,0,0,0,0,0,0,0,0,0,0,0,0,0,0,0,0,0,0,1,0,0,0,0,0,0,0,0,0,0,0,0,0,0,0
0,0,0,0,0,0,0,0,0,0,0,0,0,0,0,0.9077057,1,0.9199237,0.7044719,0.7125084,0,0.752815,0.7134275,0.7329549,0.7312859,0.7352313,0.7170945,0.6973354,0,0,0,0,0,0,0,0,0,0,0,0,0,0,0,0,0,0,0,0,0.8680245,1,0.9711213,0,0.8566029,0.8677369,0.91897,0.8610259,0.9603942,0.8739715,0.8388273,0.826429,0.7824574,0,0,0,0,0,0,0,0,0,0,0,0,0,0,0,0,0,0,0,0.7049338,0.9355031,1,0.8919196,0.7769293,0.7486633,0,0.8000003,0.6988289,0.8279319,0.7906618,0.8132647,0.7936093,0.783716,0.697565,0,0,0,0,0,0,0,0,0,0,0,0,0,0,0,0,0,0.7264928,0.7771032,0.7237065,1,0.99149,0.800294,0.7857865,0.8447104,0.8481313,0.8497398,0.7778792,0.8679803,0.8473911,0.809909,0.8039352,0.7904953,0,0,0,0,0,0,0,0,0,0,0,0,0,0,0,0,0,0,0,0.7774436,0.9342968,1,0.9034896,0,0,0,0,0.893958,0.9683031,0.9569411,0.8462675,0,0,0,0,0,0
0,0,0,0,0,0,0,0,0,0,0,0,0,0,0.6927952,0.929615,1,0.9055209,0.6644877,0.7304467,0.7809744,0.7627413,0.6941462,0.7167485,0.6823954,0.6622976,0.6356785,0,0,0,0,0,0,0,0,0,0,0,0,0,0,0,0,0,0,0,0.7757077,0.8346344,0.7691511,1,0.9718842,0.9470037,0.8582834,0,0.8930205,0,0.8292434,0,0,0,0,0,0,0,0,0,0,0,0,0,0,0,0,0,0,0,0,0,0,0.718727,0.6962208,0.922353,1,0.905382,0.7116973,0.7757219,0.7472338,0.8129401,0.8457824,0.8283371,0.7896589,0.7834226,0.6770951,0,0,0.6938037,0.6875065,0,0,0,0,0,0,0,0,0,0,0,0,0,0,0,0.676157,0.7123622,0.8648949,1,0.9610776,0.7657715,0.8335117,0.7930507,0.7168172,0.7910615,0.7772344,0.648591,0.7079503,0.68862,0.675118,0.6701597,0,0,0,0,0,0,0,0,0,0,0,0,0,0,0,0,0,0,0,0,0.7981345,1,0.9590706,0.9451375,0.9360359,0.9653749,0.8864269,0.7960449,0.862896,0,0.8201305,0,0,0,0,0,0
0,0,0,0,0,0,0,0,0,0,0,0,0,0.7014366,0.7047063,0.928995,1,0.8986343,0.7083285,0.7526133,0.7327446,0.7570808,0.7056074,0.6848301,0,0,0,0,0,0,0,0,0,0,0,0,0,0,0,0,0,0,0,0,0.759388,0.8010334,0.8220571,0.8413351,0.9008435,1,0.958177,0,0,0,0,0,0,0,0,0,0,0,0,0,0,0,0,0,0,0,0,0,0,0,0,0,0,0,0,0.7716426,0.7040574,0.9543361,1,0.8640804,0.717649,0.7817042,0.7825343,0,0,0,0.7352192,0.7562969,0.7292214,0,0,0,0,0,0,0,0,0,0,0,0,0,0,0,0,0,0.6845346,0.7581369,0.7663558,0.8116374,0.8814007,1,0.9604775,0.7652946,0.7212695,0.6815408,0,0.7036397,0.7002846,0,0,0,0,0,0,0,0,0,0,0,0,0,0,0,0,0,0,0,0,0,0.8291615,0.8581848,0.8717252,0.9141018,1,0.9736649,0,0.8676201,0.7869601,0.7923281,0,0,0,0,0,0,0,0,0,0,0
0,0,0,0,0,0,0,0,0,0,0,0,0,0,0,0.9450235,1,0.9224402,0,0,0,0,0,0,0,0,0,0,0,0,0,0,0,0,0,0,0,0,0,0,0,0,0,0,0,0,0,0,0,1,0.974018,0,0,0,0,0,0,0,0,0,0,0,0,0,0,0,0,0,0,0,0,0,0,0,0,0,0,0,0,0,0,0.9582971,1,0.9199533,0,0,0,0,0,0,0,0,0,0,0,0,0,0,0,0,0,0,0,0,0,0,0,0,0,0,0,0,0,0,0,1,0.9834998,0,0,0,0,0,0,0,0,0,0,0,0,0,0,0,0,0,0,0,0,0,0,0,0,0,0,0,0,0,0,0,0.9881307,1,0,0,0,0,0,0,0,0,0,0,0,0,0,0,0
0,0,0,0,0,0,0,0,0,0,0,0,0,0.6010782,0.6051745,0.9187042,1,0.8950394,0,0,0,0,0,0,0,0,0,0,0,0,0,0,0,0,0,0,0,0,0,0,0,0,0,0,0,0,0.7529722,0.8102102,0.8930133,1,0.9660001,0.7267205,0,0,0,0,0,0,0,0,0,0,0,0,0,0,0,0,0,0,0,0,0,0,0,0,0,0,0.6038688,0.7034851,0.766753,0.9455928,1,0.861261,0,0,0,0,0,0,0,0,0,0,0,0,0,0,0,0,0,0,0,0,0,0,0,0,0,0,0,0,0,0.6933791,0.8665733,1,0.9221137,0,0,0,0,0,0,0,0,0,0,0,0,0,0,0,0,0,0,0,0,0,0,0,0,0,0,0,0,0.6378212,0.6947955,0.8367857,0.9894799,1,0.8266618,0,0,0,0,0,0,0,0,0,0,0,0,0,0
0,0,0,0,0,0,0,0,0,0,0,0,0,0,0,0.9321107,1,0.8679486,0,0,0,0,0,0,0,0,0,0,0,0,0,0,0,0,0,0,0,0,0,0,0,0,0,0,0,0,0,0,0.7983597,1,0.947505,0.7555537,0,0,0,0,0,0,0,0,0,0,0,0,0,0,0,0,0,0,0,0,0,0,0,0,0,0,0,0,0.6092756,0.9430029,1,0.8947235,0.6422009,0,0,0,0,0,0,0,0,0,0,0,0,0,0,0,0,0,0,0,0,0,0,0,0,0,0,0,0,0,0.8846488,1,0.8830964,0.6867346,0,0,0,0,0,0,0,0,0,0,0,0,0,0,0,0,0,0,0,0,0,0,0,0,0,0,0,0,0,0.71792,0.9695494,1,0.8528992,0,0,0,0,0,0,0,0,0,0,0,0,0,0
