GestureName: y
Duration(ms): 893
Handedness: right

SpeakerAngles: 5
55
-55
0
0
110

SpeakerElevations: 5
-10
-10
-10
0
30

InterpretedPoints: 19
0,-0.984807753012208,0.17364817766693
0.813797681349374,-0.296198132726024,0.5
1.6417761571743,8.15880585691427,0.437166400997627
4.07607880398464,11.9559703290352,1.08987004566377
4.08316920122242,16.6138098465546,0.374332801995254
4.88278608809624,15.7802829363533,0.221629157329114
7.30290794043104,12.826245286108,1.43716640099763
5.67531257773229,7.4642182925234,0.958110933998418
0,1.01519224698779,0.17364817766693
-5.68240297497007,-8.09167331606715,0.104722665003956
-4.88278608809624,-9.76509068936555,-0.0479809796621837
-5.68240297497007,-15.9315637791643,0.104722665003956
-1.62759536269875,-7.62147707943907,0.215537243668512
0.813797681349374,0.703801867273976,0.5
5.68949337220784,14.0856953719625,0.742573690329905
9.75139138171694,19.6796387074131,1.35338826899446
8.93759370036756,26.2504791729814,0.332443735993671
11.3577155527024,24.4109743186755,1.02703644666139
-0.820888078587149,11.0812975519767,-2.04188906600158

StrokePoints: 20
0,0,0
0,-0.984807753012208,0.17364817766693
0.813797681349374,-1.28100588573823,0.67364817766693
2.45557383852367,6.87779997117604,1.11081457866456
6.53165264250832,18.8337703002113,2.20068462432832
10.6148218437307,35.4475801467658,2.57501742632358
15.497607931827,51.2278630831192,2.79664658365269
22.800515872258,64.0541083692272,4.23381298465032
28.4758284499903,71.5183266617506,5.19192391864873
28.4758284499903,72.5335189087383,5.36557209631567
22.7934254750202,64.4418455926712,5.47029476131962
17.910639386924,54.6767549033056,5.42231378165744
12.2282364119539,38.7451911241413,5.52703644666139
10.6006410492552,31.1237140447022,5.7425736903299
11.4144387306046,31.8275159119762,6.2425736903299
17.1039321028124,45.9132112839387,6.98514738065981
26.8553234845293,65.5928499913518,8.33853564965427
35.7929171848969,91.8433291643332,8.67097938564794
47.1506327375993,116.254303483009,9.69801583230934
46.3297446590121,127.335601034985,7.65612676630775

Velocities: 19
0,0,-1
0,0,0
2,4,3
2,3,6
5,7,6
5,5,6
3,0,6
3,0,3
0,0,-1
-6,-4,-5
-5,-5,-7
-5,-3,-7
-2,-2,-3
0,0,0
4,3,6
7,5,9
9,7,8
8,3,9
1,0,5

InverseVelocities: 19
0,0,0
0,0,0
0,0,0
0,0,0
0,0,0
0,0,0
0,0,0
0,0,0
0,0,0
0,0,0
0,0,0
0,0,0
0,0,0
0,0,0
0,0,0
-2,0,0
0,0,0
-3,0,-2
-3,0,-2

RawData: 19
0,0,0,0,0,0,0,0,0,0,0,0,0,0,0.6620581,0.9050695,1,0.8981906,0,0,0,0,0,0,0,0,0,0,0,0,0,0,0,0,0,0,0,0,0,0,0,0,0,0,0,0,0,0.8763,0,0.9156523,1,0.8842985,0,0,0,0,0,0,0,0,0,0,0,0,0,0,0,0,0,0,0,0,0,0,0,0,0,0,0.6947007,0.7368631,0.8069198,0.9727433,1,0.8309731,0,0,0,0,0,0,0,0,0,0,0,0,0,0,0,0,0,0,0,0,0,0,0,0,0,0,0,0,0,0.7414436,0.8478783,1,0.9518028,0.7105699,0,0,0,0,0,0,0,0,0,0,0,0,0,0,0,0,0,0,0,0,0,0,0,0,0,0,0,0,0.7942036,0.8650473,0.8987514,1,0.8676042,0,0,0,0,0,0,0,0,0,0,0,0,0,0
0,0,0,0,0,0,0,0,0,0,0,0,0,0,0.7383874,0.9401358,1,0.9028507,0.7634754,0.7026469,0,0,0,0,0,0,0,0,0,0,0,0,0,0,0,0,0,0,0,0,0,0,0,0,0,0,0,0,0.8866149,1,0,0.9213068,0,0,0,0,0,0,0,0,0,0,0,0,0,0,0,0,0,0,0,0,0,0,0,0,0,0,0,0,0.741631,0.9415708,1,0.9431994,0.8516544,0.7262416,0,0,0,0,0,0,0,0,0,0,0,0,0,0,0,0,0,0,0,0,0,0,0,0,0,0,0,0.6711232,0.8877008,1,0.9857153,0.9317992,0.8376838,0,0,0,0,0,0,0,0,0,0,0,0,0,0,0,0,0,0,0,0,0,0,0,0,0,0,0,0,0.7860614,0.9772495,1,0.8632984,0.8013062,0.7668806,0,0,0,0,0,0,0,0,0,0,0,0
0,0,0,0,0,0,0,0,0,0,0,0,0,0,0,0.9351237,1,0.8894252,0,0.7842637,0.7886792,0.7149551,0,0,0,0,0,0,0,0,0,0,0,0,0,0,0,0,0,0,0,0,0,0,0,0,0,0,0,0.9282977,0.8621787,0,0.9029375,0.9847411,1,0.9508142,0.8480952,0,0,0,0,0,0,0,0,0,0,0,0,0,0,0,0,0,0,0,0,0,0,0,0,0.9608158,1,0.8515776,0.7960836,0.7913013,0.7964411,0.8049275,0.7329669,0,0,0,0,0,0,0,0,0,0,0,0,0,0,0,0,0,0,0,0,0,0,0,0,0,0.8686397,1,0.9708962,0.9275696,0.8415213,0.816488,0.7236302,0.7380841,0,0,0,0,0,0,0,0,0,0,0,0,0,0,0,0,0,0,0,0,0,0,0,0,0,0,0.9793551,1,0.9014069,0.9253802,0.8655946,0.8519303,0.8223081,0.763597,0,0,0,0,0,0,0,0,0
0,0,0,0,0,0,0,0,0,0,0,0,0,0,0,0.9299113,1,0.9023606,0.8104351,0,0.7986926,0.7212755,0,0,0,0,0,0,0,0,0,0,0,0,0,0,0,0,0,0,0,0,0,0,0,0,0,0,0.8208699,1,0.9671993,0,0.8959372,0.8334755,0.9528014,0.9872082,0,0,0,0,0,0,0,0,0,0,0,0,0,0,0,0,0,0,0,0,0,0,0,0,0,0.9558029,1,0.8829725,0.8190299,0.8419888,0.8149358,0.8446841,0.8309764,0.7814709,0.7352878,0.7411149,0,0,0,0,0,0,0,0,0,0,0,0,0,0,0,0,0,0,0,0,0,0,0.8642183,1,0.9594957,0.8634702,0.9120453,0.8222311,0.8396237,0.8057216,0.7696745,0.7484285,0,0,0,0,0,0,0,0,0,0,0,0,0,0,0,0,0,0,0,0,0,0,0,0.747427,0.9724954,1,0.8902932,0.8872012,0.8555511,0.8555678,0.9109584,0.9134955,0.8454618,0.7745224,0,0,0,0,0,0,0
0,0,0,0,0,0,0,0,0,0,0,0,0,0,0,0.9310201,1,0.90892,0,0.7660996,0.767904,0.7263318,0.6538406,0.7335777,0.7091745,0,0,0,0,0,0,0,0,0,0,0,0,0,0,0,0,0,0,0,0,0,0,0,0.8404444,1,0.9834663,0.8512824,0,0.7693389,0,0.8965598,0.8947412,0,0.8508204,0.8316647,0,0,0,0,0,0,0,0,0,0,0,0,0,0,0,0,0,0,0,0,0,0.942243,1,0.8561521,0.6906176,0.7691966,0.81448,0.8494967,0.845656,0.8465965,0.7719859,0.6774783,0,0,0,0,0,0,0,0,0,0,0,0,0,0,0,0,0,0,0,0,0,0,0.8808119,1,0.960618,0,0.7637759,0.8856333,0.9010743,0.8792664,0.8656174,0.8140868,0.7062633,0,0,0,0,0,0,0,0,0,0,0,0,0,0,0,0,0,0,0,0,0,0,0,0.9785403,1,0.76682,0.7656788,0.8399955,0.9363191,0.8834915,0.9164386,0.9097721,0.7787305,0.7374297,0,0,0,0,0,0
0,0,0,0,0,0,0,0,0,0,0,0,0,0,0.6698652,0.9066077,1,0.912248,0,0,0.7408739,0.6711537,0.8044884,0.7854165,0.6651098,0,0,0,0,0,0,0,0,0,0,0,0,0,0,0,0,0,0,0,0,0,0,0,0.7783199,1,0.9969508,0.9475582,0.976035,0.826241,0.8515817,0.7894487,0.8679529,0.8630301,0,0,0,0,0,0,0,0,0,0,0,0,0,0,0,0,0,0,0,0,0,0,0,0.9229165,1,0.8723857,0.8277057,0.8572936,0.8394251,0,0.764334,0.8410534,0.8050564,0.6807797,0,0,0,0,0,0,0,0,0,0,0,0,0,0,0,0,0,0,0,0,0,0,0.8186979,1,0.9693038,0.7337216,0.7998849,0.7760416,0.7812911,0.8405763,0.8445646,0.8636404,0.7018328,0,0,0,0,0,0,0,0,0,0,0,0,0,0,0,0,0,0,0,0,0,0,0,0.953498,1,0.8577982,0.7295918,0.8926398,0.9258365,0.9059179,0.8697696,0.8562047,0.7993877,0,0,0,0,0,0,0
0,0,0,0,0,0,0,0,0,0,0,0,0,0,0.7063476,0.9169154,1,0.9332208,0.7356516,0,0.7359768,0.8254967,0.7697793,0,0,0,0,0,0,0,0,0,0,0,0,0,0,0,0,0,0,0,0,0,0,0,0,0,0.8156582,0.9735467,0.9607762,1,0.9638662,0,0,0,0,0,0,0,0,0,0,0,0,0,0,0,0,0,0,0,0,0,0,0,0,0,0,0,0.765054,0.9452869,1,0.8594239,0.865633,0.7503474,0.7869237,0.7626582,0.8586881,0.7491434,0,0.7384506,0,0,0,0,0,0,0,0,0,0,0,0,0,0,0,0,0,0,0,0,0,0,0.8441308,1,0.9820348,0.8078592,0.8367239,0.7786816,0.8488528,0.7850429,0.852626,0.7919421,0.7949909,0.75749,0,0,0,0,0,0,0,0,0,0,0,0,0,0,0,0,0,0,0,0,0,0.774355,0.9425582,1,0.9267373,0.8417057,0.8470418,0.8327582,0.9012306,0.8562067,0.8176827,0.8189302,0,0,0,0,0,0,0
0,0,0,0,0,0,0,0,0,0,0,0,0,0,0,0.9167877,1,0.9291273,0.7313858,0.7567137,0.7995451,0.7814493,0.7481479,0,0,0,0,0,0,0,0,0,0,0,0,0,0,0,0,0,0,0,0,0,0,0,0,0,0.9074699,1,0.9769891,0.8829651,0,0,0,0,0,0,0,0,0,0,0,0,0,0,0,0,0,0,0,0,0,0,0,0,0,0,0,0,0,0.9333662,1,0.9278712,0.750873,0.8230546,0.7703969,0.8066419,0.8077664,0,0,0,0,0,0,0,0,0,0,0,0,0,0,0,0,0,0,0,0,0,0,0,0,0,0.8712584,1,0.9795003,0.7635378,0.8173512,0.85785,0.8336598,0.8409405,0.737189,0,0,0,0,0,0,0,0,0,0,0,0,0,0,0,0,0,0,0,0,0,0,0,0,0,0.9271522,1,0.902359,0.8038743,0.8709517,0.8806856,0.8744194,0.8562362,0,0,0,0,0,0,0,0,0
0,0,0,0,0,0,0,0,0,0,0,0,0,0,0,0.9190723,1,0.9223785,0.7594965,0.7413754,0,0,0,0,0,0,0,0,0,0,0,0,0,0,0,0,0,0,0,0,0,0,0,0,0,0,0.9225656,0.8725542,0,0.9971039,1,0,0,0,0,0,0,0,0,0,0,0,0,0,0,0,0,0,0,0,0,0,0,0,0,0,0,0,0.7729106,0.7974641,0.7491782,0.9128403,1,0.912148,0.7868737,0.7693493,0,0,0,0,0,0,0,0,0,0,0,0,0,0,0,0,0,0,0,0,0,0,0,0,0,0.7523254,0.7810097,0,0.8793067,1,0.9731843,0.7810094,0.7945265,0.7586271,0.716321,0,0,0,0,0,0,0,0,0,0,0,0,0,0,0,0,0,0,0,0,0,0,0,0,0,0,0,0.9448372,1,0.9032956,0.8506307,0,0,0,0,0,0,0,0,0,0,0,0,0
0,0,0,0,0,0,0,0.62046,0.6335399,0,0,0,0.6316284,0.7032464,0.7005958,0.8924541,1,0.9111281,0,0,0,0,0,0,0,0,0,0,0,0,0,0,0,0,0,0,0,0,0,0,0,0,0.7265345,0.7423186,0.7575991,0.7840233,0.764758,0.7872552,0.7687998,0.99972,1,0,0,0,0,0,0,0,0,0,0,0,0,0,0,0,0,0,0,0,0,0,0,0,0.6496141,0.6842039,0.7652568,0.8020319,0.724247,0.8305305,0.7595828,0.9345609,1,0.8802242,0.6096506,0,0,0,0,0,0,0,0,0,0,0,0,0,0,0,0,0,0,0,0,0,0.7012401,0.7241591,0.6955435,0.6157566,0.7907941,0.8600913,0.8714949,0.8084275,0.751974,1,0.9863588,0.7020667,0.6392674,0.6169184,0,0,0,0,0,0,0,0,0,0,0,0,0,0,0,0,0,0,0,0,0.7141259,0.8005334,0.8421711,0.7810585,0.8145998,0.8835422,0.857245,0.8138504,0.9428803,1,0.8243684,0,0,0,0,0,0,0,0,0,0,0,0,0,0
0,0,0,0,0,0,0,0,0.7287516,0.7744138,0.7581564,0.7564534,0.7307684,0.6738133,0.6698661,0.9060115,1,0.9147086,0.6597,0,0,0,0,0,0,0,0,0,0,0,0,0,0,0,0,0,0,0,0,0,0,0.8487208,0.895017,0.873581,0.7752725,0,0,0,0.7894664,0.9939848,1,0,0,0,0,0,0,0,0,0,0,0,0,0,0,0,0,0,0,0,0,0,0.6600356,0.6824101,0.7237355,0,0.8004075,0.8767331,0.859377,0,0.7440621,0.9241279,1,0.8921521,0.6603565,0,0,0,0,0,0,0,0,0,0,0,0,0,0,0,0,0,0,0,0,0,0,0.7148998,0.7785486,0.8648102,0.880884,0.9049816,0.874532,0.8027357,0.8237148,1,0.9707562,0.720674,0.6630668,0.662566,0,0,0,0,0,0,0,0,0,0,0,0,0,0,0,0,0,0,0,0.7184322,0.8119099,0.8881825,0.9325609,0.9052433,0.9092286,0.8725561,0.8397477,0.75397,0.9502303,1,0.8708244,0,0,0,0,0,0,0,0,0,0,0,0,0,0
0,0,0,0,0,0,0,0,0.6553009,0,0.7856233,0.7950398,0.7232702,0.6598462,0.6367571,0.8979897,1,0.9181322,0,0,0,0,0,0,0,0,0,0,0,0,0,0,0,0,0,0,0,0,0,0,0,0,0,0.9004174,0.9567614,0.8251008,0.8136637,0.798561,0,1,0.9839093,0,0,0,0,0,0,0,0,0,0,0,0,0,0,0,0,0,0,0,0,0,0.6724125,0.7202506,0.7359975,0.8010435,0.8795352,0.8941122,0.8228761,0.678911,0.7086837,0.913304,1,0.8941845,0,0,0,0,0,0,0,0,0,0,0,0,0,0,0,0,0,0,0,0,0,0,0.6954174,0.7428543,0.7643073,0.8963473,0.9417655,0.8787074,0.672836,0,0.7912998,1,0.9691302,0.7035405,0,0,0,0,0,0,0,0,0,0,0,0,0,0,0,0,0,0,0,0,0,0,0.7174739,0.8065318,0.792091,0.9437075,0.9751461,0.8913499,0,0.7695368,0.9611437,1,0.7915123,0,0,0,0,0,0,0,0,0,0,0,0,0,0
0,0,0,0,0,0,0,0,0,0,0,0.7762502,0.8085915,0.8234512,0.8306344,0.9064426,1,0.9285719,0,0,0,0,0,0,0,0,0,0,0,0,0,0,0,0,0,0,0,0,0,0,0,0,0,0,0.8696482,0.9021961,0.8772676,0,0,1,0.992605,0,0,0,0,0,0,0,0,0,0,0,0,0,0,0,0,0,0,0,0,0,0,0,0,0,0.8198757,0.9014461,0.9406225,0.9431112,0.9112936,0.9508938,1,0.9109545,0,0,0,0,0,0,0,0,0,0,0,0,0,0,0,0,0,0,0,0,0,0,0,0,0,0.7863626,0.8996432,0.9521796,0.9598455,0.9306846,0.894927,1,0.950849,0,0,0,0,0,0,0,0,0,0,0,0,0,0,0,0,0,0,0,0,0,0,0,0,0,0,0.8788431,0.93462,0.9334516,0.9063757,0.8443262,0.9472239,1,0.8650841,0,0,0,0,0,0,0,0,0,0,0,0,0,0
0,0,0,0,0,0,0,0,0,0,0,0,0,0.6753965,0.7761306,0.8921299,1,0.8776347,0.7786568,0.7007402,0,0,0,0,0,0,0,0,0,0,0,0,0,0,0,0,0,0,0,0,0,0,0,0,0,0,0,0,0.8565845,1,0.9728204,0,0,0,0,0,0,0,0,0,0,0,0,0,0,0,0,0,0,0,0,0,0,0,0,0,0,0,0,0.7400176,0.8486657,0.9522533,1,0.9556295,0.8580943,0.768779,0,0,0,0,0,0,0,0,0,0,0,0,0,0,0,0,0,0,0,0,0,0,0,0,0,0,0.779706,0.8931971,0.9137977,1,0.9544854,0.9155579,0.8586923,0.7472477,0,0,0,0,0,0,0,0,0,0,0,0,0,0,0,0,0,0,0,0,0,0,0,0,0,0,0.738655,0.7870427,0.9599437,1,0.9058871,0.7984475,0.7148286,0,0,0,0,0,0,0,0,0,0,0,0
0,0,0,0,0,0,0,0,0,0,0,0,0,0,0,0.9170037,1,0.9034632,0.7785237,0.7563583,0.7394792,0.7391887,0.7256392,0.6357705,0,0,0,0,0,0,0,0,0,0,0,0,0,0,0,0,0,0,0,0,0,0,0,0,0.7261214,1,0.9913352,0.8234434,0.8961785,0.8774406,0.7221795,0.7155682,0,0,0,0,0,0,0,0,0,0,0,0,0,0,0,0,0,0,0,0,0,0,0,0,0.6613157,0.9593881,1,0.9152823,0.931904,0.9344199,0.8511658,0.6840351,0,0,0.6686018,0.6507906,0,0,0,0,0,0,0,0,0,0,0,0,0,0,0,0,0,0,0,0,0,0,0.8565313,1,0.9929405,0.8783594,0.8981686,0.8856943,0.7851455,0.6742895,0.660946,0.6180666,0.6576451,0,0,0,0,0,0,0,0,0,0,0,0,0,0,0,0,0,0,0,0,0,0,0,0.9719232,1,0.782987,0.8377246,0.9039681,0.8477073,0.70982,0.815484,0.8406346,0.7711605,0,0,0,0,0,0,0
0,0,0,0,0,0,0,0,0,0,0,0.647936,0.621474,0,0.6865172,0.928422,1,0.9183926,0.6491259,0.7202689,0.7383153,0.7912847,0.7743564,0.6724871,0.7154895,0.709958,0.6348432,0,0,0,0,0,0,0,0,0,0,0,0,0,0,0,0,0,0,0,0,0,0.8376156,1,0.9771899,0.7397681,0,0.7391279,0.8302518,0.8614079,0.8759117,0.8234254,0,0,0,0,0,0,0,0,0,0,0,0,0,0,0,0,0,0,0,0,0,0.6626074,0.760762,0.9623708,1,0.8686711,0,0.7405514,0.8584914,0.7770305,0.8506658,0.8602825,0.7020404,0.7424458,0.7494292,0.7073709,0.649175,0,0,0,0,0,0,0,0,0,0,0,0,0,0,0.6499529,0.626085,0,0.6301976,0.6932158,0.8804466,1,0.9476258,0.79009,0.7841214,0.8534983,0.8426967,0.8201007,0.8546144,0.8178126,0.6838161,0.7230026,0,0,0,0,0,0,0,0,0,0,0,0,0,0,0,0,0,0,0,0,0,0.7259951,0.9715934,1,0.8451319,0.7432724,0.7869464,0.9252912,0.8866736,0.8903129,0.9316394,0.8733064,0.8141603,0.8265063,0.7414823,0.6979465,0,0,0
0,0,0,0,0,0,0,0,0,0,0,0,0,0,0,0.9304638,1,0.885622,0.742904,0.7415791,0.6334784,0,0.7443362,0.6772955,0,0,0.6636693,0.6836352,0.6602858,0,0,0,0,0,0,0,0,0,0,0,0,0,0,0,0,0,0,0.7622944,0.7201482,1,0.9802293,0.7250899,0,0,0,0,0,0.7406758,0.7684745,0.7327476,0,0,0,0,0,0,0,0,0,0,0,0,0,0,0,0,0,0,0,0,0,0.942803,1,0.8556464,0.7504704,0.8483393,0.8198769,0.7627755,0.7983318,0.7993878,0.7683553,0.7145192,0.6605332,0.6976517,0,0,0,0,0,0,0,0,0,0,0,0,0,0,0,0,0,0,0,0.6423302,0.8902494,1,0.9353718,0.6405377,0.631331,0.8470413,0.8459627,0.8231325,0.885065,0.8674235,0.7820113,0.6912619,0,0.6824933,0.6809028,0.6925892,0.6357453,0,0,0,0,0,0,0,0,0,0,0,0,0,0,0,0,0.7523904,0.9396983,1,0.7967809,0.813033,0.703844,0.891234,0.8717102,0.8901655,0.8595418,0.7589236,0.7970427,0.8406039,0.7911963,0,0,0,0
0,0,0,0,0,0,0,0,0,0,0.5767033,0.6800672,0.6957231,0.6568257,0.6554505,0.9202446,1,0.8751566,0.6263464,0.5835764,0.6481377,0.6550611,0.6906546,0,0.6410658,0.6859491,0.6278086,0.5665891,0,0,0,0,0,0,0,0,0,0,0,0,0,0,0,0,0,0,0.6900069,0.7053365,0.8260028,1,0.9697118,0.7587613,0.6562459,0,0.6459251,0.6855544,0,0,0,0,0,0,0,0,0,0,0,0,0,0,0,0,0,0,0,0,0,0.6396901,0.6259225,0.6925974,0.6182494,0.9437683,1,0.8072897,0.7825674,0.7148117,0,0.6321545,0.5821571,0.5728999,0.654685,0.6216316,0.6287991,0.6687875,0.6275147,0,0,0,0,0,0,0,0,0,0,0,0,0,0,0.5832365,0.6577243,0.6869692,0.6805767,0.7417964,0.8405086,1,0.9604554,0.7956483,0.6973983,0.7083088,0.7026538,0.6093876,0.6224709,0.6761205,0.6260049,0.7080115,0.7093811,0.6699913,0.6502786,0.5720962,0.5623587,0,0,0,0,0,0,0,0,0,0,0,0,0.6044255,0.6615302,0.6218845,0.667156,0.7274678,0.9774487,1,0.6413795,0.7013644,0.7715956,0.802847,0.7165903,0.7340127,0.6696771,0,0.7234614,0.7750769,0.7234815,0,0,0,0
0,0,0,0,0,0,0,0,0,0,0.6493613,0.7397745,0.7605259,0.7131967,0.6632111,0.9228004,1,0.9004611,0.7007108,0.7314438,0.6627958,0,0,0,0,0,0,0,0,0,0,0,0,0,0,0,0,0,0,0,0,0,0,0,0,0,0,0,0.8412431,1,0.9748457,0.8225651,0.7722753,0,0,0,0,0,0,0,0,0,0,0,0,0,0,0,0,0,0,0,0,0,0,0,0,0.707862,0.7503684,0.7526519,0.6543231,0.9462097,1,0.8547649,0.7685238,0.7267002,0.6634813,0,0,0,0.65314,0,0,0,0,0,0,0,0,0,0,0,0,0,0,0,0,0,0,0.6712437,0.7728059,0.7819727,0.7329504,0.8065781,0.8881763,1,0.9628371,0.8215536,0.7871898,0.7132135,0.7200204,0,0,0.6742606,0,0,0,0,0,0,0,0,0,0,0,0,0,0,0,0,0,0,0,0.7363847,0.8161188,0.7880706,0.7806734,0,0.9722645,1,0.8139509,0,0,0,0,0,0,0,0,0,0,0,0,0,0
