GestureName: arrow
Duration(ms): 1410
Handedness: right

SpeakerAngles: 2
55
-55

InterpretedPoints: 30
2.4201218523348,0.564862521463624
0,0
0.806707284111599,6.21348773609986
1.6134145682232,11.2972504292725
0,13.556700515127
0,13.556700515127
-0.806707284111598,12.9918379936633
-2.4201218523348,3.95403765024536
-10.4871946934508,-5.08376269317261
-2.4201218523348,-8.47293782195435
0,0
-0.806707284111599,2.82431260731812
6.45365827289279,4.51890017170899
0,13.556700515127
3.22682913644639,11.2972504292725
16.134145682232,-1.12972504292725
12.100609261674,-1.69458756439087
4.84024370466959,-1.12972504292725
0,2.25945008585449
-2.4201218523348,6.21348773609986
-1.6134145682232,11.2972504292725
-6.45365827289279,6.77835025756348
0,1.12972504292725
-3.2268291364464,-10.1675253863452
-1.6134145682232,-7.90807530049073
0.806707284111599,-1.69458756439087
8.06707284111599,-7.90807530049073
0.806707284111598,-12.9918379936633
4.84024370466959,-10.1675253863452
-0.806707284111599,0.564862521463624

StrokePoints: 31
177.666666666667,130.277777777778
175.246544814332,129.712915256314
175.246544814332,129.712915256314
174.43983753022,123.499427520214
172.826422961997,112.202177090942
172.826422961997,98.6454765758149
172.826422961997,85.0887760606879
173.633130246109,72.0969380670246
176.053252098443,68.1429004167792
186.540446791894,73.2266631099518
188.960568644229,81.6996009319062
188.960568644229,81.6996009319062
189.767275928341,78.8752883245881
183.313617655448,74.3563881528791
183.313617655448,60.7996876377521
180.086788519002,49.5024372084796
163.95264283677,50.6321622514069
151.852033575096,52.3267498157978
147.011789870426,53.456474858725
147.011789870426,51.1970247728705
149.431911722761,44.9835370367707
151.045326290984,33.6862866074982
157.498984563877,26.9079363499347
157.498984563877,25.7782113070075
160.725813700323,35.9457366933527
162.339228268546,43.8538119938434
161.532520984435,45.5483995582343
153.465448143319,53.456474858725
152.658740859207,66.4483128523884
147.818497154538,76.6158382387336
148.625204438649,76.0509757172699

Velocities: 30
2,-1
0,0
6,5
11,9
12,12
12,12
11,12
2,5
-11,2
-9,-6
0,0
2,3
8,0
12,12
12,8
9,-11
6,-9
2,-4
2,2
4,7
9,11
2,10
1,1
-11,-7
-8,-6
-1,-2
-2,-12
-11,-12
-6,-12
0,1

InverseVelocities: 30
0,0
0,0
0,0
0,0
-1,0
0,-2
-2,-1
-11,-5
0,-8
0,0
0,0
0,0
0,0
0,0
0,-2
-8,0
-6,0
-4,0
0,0
-1,0
-4,0
-7,0
-12,-7
0,0
0,0
0,0
2,0
0,0
0,0
0,0

RawData: 30
0,0,0,0,0,0,0,0,0,0,0,0,0,0,0.6392013,0.818332,1,0.986003,0.7061519,0.6714616,0.6194102,0.6090978,0,0,0,0,0,0,0,0,0,0,0,0,0,0,0,0,0,0,0,0,0,0,0,0.5901518,0.6752838,0.7292532,0.9520496,1,0.8826867,0,0,0,0,0,0,0,0,0,0,0,0,0,0,0
0,0,0,0,0,0,0,0,0,0,0,0,0,0,0,0.8814665,1,0.9836628,0.7967147,0,0,0,0,0,0,0,0,0,0,0,0,0,0,0,0,0,0,0,0,0,0,0,0,0,0,0,0,0,0.9523774,1,0.9195246,0.7680177,0,0,0,0,0,0,0,0,0,0,0,0,0,0
0,0,0,0,0,0,0,0,0,0,0,0,0,0,0,0.8599773,1,0.9696083,0.7880002,0.7533384,0.7753413,0.7480265,0.6863978,0.6379868,0.6293074,0.5799936,0,0,0,0,0,0,0,0,0,0,0,0,0,0,0,0,0,0,0,0,0,0,0.9339593,1,0.8967727,0.6962477,0.6994185,0.6468489,0.7341741,0.7193394,0.6738678,0.5929354,0,0,0,0,0,0,0,0
0,0,0,0,0,0,0,0,0,0,0,0,0,0.566319,0.5850948,0.7846757,1,0.9944266,0.7923793,0.6950457,0.8139427,0.7106907,0.7366474,0.8334993,0.7808127,0.6859967,0.6322235,0.6366998,0.6489074,0.6475344,0.5491544,0,0,0,0,0,0,0,0,0,0,0,0,0,0,0,0,0.5700262,0.9324695,1,0.8915527,0.7547839,0.7271898,0.7174921,0.6022563,0.6766764,0.698522,0.6092511,0.5824761,0.5655157,0.5723903,0.5303669,0,0,0,0
0,0,0,0,0,0,0,0,0,0,0,0,0.6060024,0.6502437,0.6500926,0.806096,1,0.9942601,0.8140905,0.6407029,0.7590472,0.8516385,0.806976,0.5619313,0.5818353,0.6810695,0.6931651,0.7287069,0.713244,0.7303814,0.6929646,0.6218057,0.5930455,0,0,0,0,0,0,0,0,0,0,0,0,0,0,0.6466806,0.940579,1,0.8935388,0.6765369,0.7969987,0.801685,0.7742984,0.7120486,0.6977566,0.6581964,0.6956421,0.7253036,0.7186682,0.6855891,0.6309456,0.6068691,0.5812478,0
0,0,0,0,0,0,0,0,0,0,0,0,0,0,0.7253025,0.8502546,1,0.9827427,0.7744179,0.6381676,0.6610123,0.6886455,0.7249992,0.6510974,0,0.6777961,0.706286,0.7158092,0.765559,0.7611559,0.7738858,0.7717724,0.7441893,0,0,0,0,0,0,0,0,0,0,0,0.6509483,0.6521194,0.6612112,0.6794717,0.9444945,1,0.9031041,0.7612824,0.771753,0.7041197,0.6532645,0.7880988,0.7849984,0.7660561,0.7227944,0,0,0,0.6762158,0.690595,0.6752185,0
0,0,0,0,0,0,0,0,0,0,0,0.6477542,0.6877427,0,0,0.8523677,1,0.9811988,0.7728288,0.633655,0.6179004,0.6526172,0.6376185,0.6651763,0.6040884,0,0.6998647,0.6743387,0,0,0.6629198,0,0,0,0,0,0,0,0,0,0,0,0,0,0,0.6278527,0,0.6110132,0.9492527,1,0.8856232,0.7376326,0.6892554,0.651298,0,0.6192046,0.6546736,0.6130913,0,0,0,0.6558159,0.682528,0.7217917,0.69935,0
0,0,0.6343359,0.6333055,0,0.6309285,0.6681432,0.6929311,0.6678984,0.7027771,0.7222397,0.6383651,0.7050148,0.6882402,0.6709819,0.822729,1,0.995075,0.8160014,0,0,0.6457478,0,0,0,0,0,0,0,0,0,0,0,0,0,0,0,0,0,0,0,0.6410031,0.6453424,0.6308554,0.6673716,0,0,0,0.9468341,1,0.8931944,0.6758184,0,0.6437222,0.6924049,0.7093349,0.6318313,0.6412638,0,0,0,0,0,0,0,0
0,0,0.6502219,0.6583312,0.6849218,0.6350979,0.6118413,0.6382416,0.642938,0.6518191,0.6432594,0.6357735,0,0.6872489,0.7038822,0.7999534,1,0.9886903,0.7587275,0,0,0,0,0,0,0,0,0,0,0,0,0,0,0,0,0,0,0,0.5876655,0.6537213,0.654213,0.6103002,0.7438788,0.7332035,0.717583,0.670019,0.6338109,0,0.9392718,1,0.8916801,0.6133483,0,0,0.5925333,0,0,0,0,0,0,0,0,0,0,0
0,0,0,0,0.5901868,0.6024439,0.6541068,0.6288937,0,0.660724,0.629743,0.6709257,0.7150615,0.7429729,0.7274668,0.8519216,1,0.9781607,0.7597724,0,0,0,0,0,0,0,0,0,0,0,0,0,0,0,0,0,0,0,0,0,0.6293515,0.701658,0.6980318,0.6766849,0.6399502,0.5956813,0.6184664,0.6863958,0.9459139,1,0.879285,0,0,0,0,0,0,0,0,0,0,0,0,0,0,0
0,0,0,0,0,0,0,0,0,0,0,0,0,0.6814654,0.7162837,0.7971651,1,0.9900005,0.785737,0.6102009,0,0,0,0,0,0,0,0,0,0,0,0,0,0,0,0,0,0,0,0,0,0,0,0,0,0,0,0,0.942317,1,0.8876039,0,0,0,0,0,0,0,0,0,0,0,0,0,0,0
0,0,0,0,0,0,0,0,0,0,0,0,0,0,0,0.835369,1,0.9854105,0.798679,0.7141082,0.696086,0.6807065,0,0,0,0,0,0,0,0,0,0,0,0,0,0,0,0,0,0,0,0,0,0,0,0,0,0,0.9442829,1,0.9008734,0.6746144,0,0.6764684,0.7089086,0.6700124,0,0,0,0,0,0,0,0,0,0
0,0,0,0,0,0,0,0,0,0,0,0,0,0,0,0.8463514,1,0.9937727,0.836755,0,0,0,0,0,0,0,0.7681268,0.7882439,0,0,0,0,0,0,0,0,0,0,0,0,0,0,0,0,0,0,0,0.7443282,0.9596195,1,0.9085892,0,0,0,0,0,0,0,0,0,0,0,0,0,0,0
0,0,0,0,0,0,0,0,0,0,0,0,0,0,0.6067849,0.832755,1,0.9870413,0.7455303,0.6151825,0.6251288,0,0,0,0.6491973,0.669446,0.6450568,0.6748211,0.7401685,0.790992,0.7773802,0.7260968,0,0,0,0,0,0,0,0,0,0,0,0,0,0,0,0,0.935722,1,0.8899583,0.6579406,0.6623337,0,0,0,0.6187609,0.6214914,0.6780582,0.77517,0.7838622,0.7309424,0.6842021,0.6587659,0.6085935,0.5789534
0,0,0,0,0,0,0,0,0,0,0,0,0,0,0,0.848271,1,0.9809842,0.7438614,0.6370075,0.6658263,0.6242257,0.6111262,0.7414976,0.7614598,0.756155,0.7180939,0.6199223,0.7432486,0.7189829,0.7086986,0.7506425,0.7465445,0,0,0,0,0,0,0,0,0,0,0,0.6312374,0.6285583,0.699699,0.6366548,0.94027,1,0.8892201,0.6862801,0.6653683,0.6795653,0.6684332,0.6200951,0,0,0,0.6594275,0.6578037,0,0,0,0,0
0,0,0,0,0,0.7072594,0.7009129,0.7260745,0,0,0,0,0.7428479,0.807222,0.8113462,0.8043724,1,0.9967345,0.8573065,0.7648317,0,0.7133988,0.7253897,0,0.7579081,0.7995122,0.7449141,0.7545869,0.716612,0,0,0,0,0,0,0.6718374,0.7068081,0.6974768,0,0,0.6790555,0.7224754,0.6696258,0.6761239,0.6718834,0.7005016,0.7224997,0.6654586,0.9475335,1,0.8941949,0.6736694,0.6788196,0,0,0,0,0,0,0,0,0,0,0,0,0
0,0,0,0,0,0,0,0.6503907,0.6354287,0.6613659,0.7501065,0.7862841,0.8470714,0.8280554,0.7401046,0.7784451,1,0.9720227,0.68363,0.7208783,0.65264,0.6015984,0.6122489,0,0,0.6173342,0,0,0,0,0,0,0,0,0,0,0,0.5577973,0.7111773,0.7363141,0.7440016,0.7199076,0.6910562,0.6004441,0,0.6689157,0.6845923,0.671618,0.9366001,1,0.8872001,0.6395448,0.5937904,0,0,0,0,0,0,0,0,0,0,0,0,0
0,0,0,0,0,0,0,0,0,0.6464059,0.725314,0.7582794,0.8199846,0.8373832,0.8339582,0.855269,0.9970059,1,0.7744448,0.6686866,0,0.637562,0,0,0,0,0,0,0,0,0,0,0,0,0,0,0,0,0,0,0,0,0.6753415,0.7282365,0.769869,0.775969,0.7150638,0,0.9409407,1,0.8945403,0,0,0,0,0,0,0,0,0,0,0,0,0,0,0
0,0,0,0,0,0,0,0,0,0,0,0,0,0.694269,0.7825755,0.8632578,1,0.9854334,0.8876063,0.8416722,0.7784656,0.7087669,0,0,0,0,0,0,0,0,0,0,0,0,0,0,0,0,0,0,0,0,0,0,0,0,0,0.6999958,0.9439862,1,0.9086521,0.7145072,0.7342963,0.7287241,0.6623408,0,0,0,0,0,0,0,0,0,0,0
0,0,0,0,0,0,0,0,0,0,0,0,0.6322398,0.6794634,0,0.8663959,1,0.9764693,0.8226948,0.8271807,0.8675008,0.6786229,0.7351757,0.6775696,0,0,0,0,0,0,0,0,0,0,0,0,0,0,0,0,0,0,0,0,0,0,0,0.6771271,0.9448867,1,0.8946113,0.6954058,0.7533432,0.7018334,0.7054001,0.6679164,0.6578614,0.7062243,0.7027358,0.6369259,0,0,0,0,0,0
0,0,0,0,0,0,0,0,0,0.6612967,0.6963834,0.7363059,0,0.6059794,0,0.7962625,0.9972951,1,0.8595107,0.7892604,0.8585056,0.7383552,0.7408738,0.7159626,0,0,0,0.6230693,0.6075857,0,0,0,0,0,0,0,0,0,0,0,0,0,0,0,0,0,0.6256975,0.6307194,0.9387449,1,0.8955835,0.6948685,0,0,0.7041557,0.690724,0.6919038,0.7390517,0.7154248,0.6596627,0.6934355,0.7207415,0.684066,0.617777,0,0
0,0,0,0,0,0,0.682882,0.7408386,0.7232122,0.6698706,0.7418691,0.7620534,0.8171557,0.8098018,0.7861241,0.8692286,1,0.9739441,0.7443656,0.7875919,0.6757612,0.7322255,0,0,0,0,0,0,0,0,0,0,0,0,0,0,0,0,0,0,0,0,0,0,0,0,0.6780415,0,0.943141,1,0.9105853,0.7523243,0,0.7349312,0.7345679,0,0.6711191,0.7152846,0.7440856,0.7735544,0.7901635,0.7814122,0.7188094,0,0,0
0,0.6723615,0.715031,0.6783201,0.6925513,0,0.6481565,0.6299489,0.6692063,0.7751159,0.6780789,0,0.6882507,0.6802517,0,0.8374107,1,0.9868784,0.763832,0,0.6255369,0,0,0,0,0,0,0,0,0,0,0,0,0,0,0,0,0,0,0.6327327,0.6758119,0.7071527,0.7276914,0.6457564,0.6409795,0.6982462,0.6844226,0.6263523,0.9354323,1,0.892549,0,0.6151317,0.6345479,0,0,0,0,0,0,0,0,0,0,0,0
0,0,0.6839048,0.7283469,0.7442359,0.7356679,0,0.7033397,0,0,0.7221807,0.7361789,0.6881999,0,0,0.8421442,1,0.9931073,0.8103792,0,0,0,0,0,0,0,0,0,0,0,0,0,0,0,0,0,0,0,0,0.6894343,0.7394388,0.7282337,0.7695544,0.7508227,0.6772217,0.7036178,0.6551844,0.7147555,0.9502732,1,0.9040663,0,0,0,0,0,0,0,0,0,0,0,0,0,0,0
0,0,0,0,0,0.5580485,0.6073402,0.5667396,0.5531738,0.6154047,0.6795365,0.5520453,0.7114379,0.6408896,0.640336,0.8143522,1,0.9914813,0.7709667,0,0,0,0,0,0,0,0,0,0,0,0,0,0,0,0,0,0,0,0,0,0.5773543,0.5623482,0.5833994,0.6371995,0.6137782,0.6318431,0.5299634,0.6126786,0.9425879,1,0.8726776,0.5993351,0,0,0,0,0,0,0,0,0,0,0,0,0,0
0,0,0,0,0,0,0,0,0,0,0,0,0.7106474,0.7295601,0.7513537,0.8735788,1,0.9830999,0.7864121,0,0,0,0,0,0,0,0,0,0,0,0,0,0,0,0,0,0,0,0,0,0,0,0,0,0.6383608,0.6781958,0.6817859,0.6787034,0.9447919,1,0.9038005,0,0,0,0,0,0,0,0,0,0,0,0,0,0,0
0,0,0,0,0,0,0,0,0,0,0,0.6414695,0.6899234,0.7176689,0.6029201,0.8422286,1,0.9790348,0.7679067,0.7150257,0.6637312,0.6415514,0,0,0,0,0,0,0,0,0,0,0,0.6069596,0.6437449,0.6003544,0.6587803,0.6883435,0.7074915,0.6547942,0,0.6386395,0.6343116,0.5959143,0,0.5919163,0.6283941,0,0.9394181,1,0.8931883,0,0,0,0,0,0,0,0,0,0,0,0,0,0,0
0.6606362,0,0.7002563,0.7461302,0.7134131,0,0.6437948,0.6553633,0,0,0,0,0,0.6815953,0.7348592,0.7860336,1,0.9859087,0.7609592,0,0,0,0,0,0,0,0,0,0,0,0,0,0,0.7338004,0.7268625,0.7057053,0.6927242,0.633753,0.6626871,0.6621178,0,0,0.6760274,0.6477307,0.6371087,0,0,0,0.9390767,1,0.8806599,0.682794,0,0,0,0,0,0,0,0,0,0,0,0,0,0
0,0,0,0,0,0,0,0.5916433,0.6429623,0.654948,0,0,0,0.587025,0.6668053,0.8168348,1,0.9849796,0.7562907,0,0,0,0,0,0,0,0,0,0,0,0,0,0,0.6059552,0.6322639,0.6480584,0.63174,0.6462001,0.6365574,0.6538848,0.6251379,0,0,0,0.5897027,0,0.6495318,0.6551492,0.9299625,1,0.8913943,0,0,0,0,0,0,0,0,0,0,0,0,0,0,0
0,0,0,0,0,0,0,0,0,0,0,0,0,0,0.6399878,0.830362,1,0.9882437,0.7762485,0.647168,0,0,0,0,0,0,0,0,0,0,0,0,0,0,0,0,0,0,0,0,0,0,0,0,0,0,0,0.7124709,0.9530244,1,0.8871464,0,0.6553299,0.6700566,0,0,0,0,0,0,0,0,0,0,0,0
