GestureName: caret
Duration(ms): 893
Handedness: right

SpeakerAngles: 2
55
-55

InterpretedPoints: 19
0,0
-0.806707284111599,2.82431260731812
3.22682913644639,4.51890017170899
0,9.03780034341798
0.806707284111598,12.9918379936633
0,13.556700515127
0.806707284111598,12.9918379936633
3.22682913644639,4.51890017170899
0.806707284111599,1.69458756439087
0,0
4.84024370466959,-3.38917512878174
-1.6134145682232,-12.4269754721997
-2.4201218523348,-11.8621129507361
-0.806707284111598,-12.9918379936633
0,-13.556700515127
-3.2268291364464,-7.90807530049073
0.806707284111599,-1.69458756439087
0,0
0,0

StrokePoints: 20
177.666666666667,130.277777777778
177.666666666667,130.277777777778
178.473373950778,127.45346517046
175.246544814332,122.934564998751
175.246544814332,113.896764655333
174.43983753022,100.904926661669
174.43983753022,87.3482261465424
173.633130246109,74.3563881528791
170.406301109662,69.8374879811701
169.599593825551,68.1429004167792
169.599593825551,68.1429004167792
164.759350120881,71.5320755455609
166.372764689104,83.9590510177607
168.792886541439,95.8211639684967
169.599593825551,108.81300196216
169.599593825551,122.369702477287
172.826422961997,130.277777777778
172.019715677885,131.972365342169
172.019715677885,131.972365342169
172.019715677885,131.972365342169

Velocities: 19
0,0
2,3
6,2
8,8
12,11
12,12
12,11
6,2
2,1
0,0
0,-6
-12,-10
-12,-9
-12,-11
-12,-12
-9,-5
-1,-2
0,0
0,0

InverseVelocities: 19
0,0
0,0
0,0
0,0
0,-1
0,0
0,0
0,0
0,0
0,0
0,0
3,0
3,0
1,0
1,0
0,0
0,0
0,0
0,0

RawData: 19
0,0,0,0,0,0,0,0,0,0,0,0,0,0,0,0.8312894,1,0.9850309,0.7954139,0,0,0,0,0,0,0,0,0,0,0,0,0,0,0,0,0,0,0,0,0,0,0,0,0,0,0,0,0,0.9370621,1,0.8979843,0,0,0,0,0,0,0,0,0,0,0,0,0,0,0
0,0,0,0,0,0,0,0,0,0,0,0,0,0,0,0.820013,1,0.9803379,0.7410612,0.6563171,0.6870058,0.6327485,0,0,0,0,0,0,0,0,0,0,0,0,0,0,0,0,0,0,0,0,0,0,0,0,0,0.5796334,0.9437284,1,0.8551825,0.5876811,0.6102763,0.5924374,0.5409989,0.5278229,0,0,0,0,0,0,0,0,0,0
0,0,0,0,0,0,0,0,0,0,0,0,0,0,0,0.8316165,1,0.9853704,0.7853267,0.6651263,0.6285918,0.6880543,0.7195665,0.6663789,0.6384347,0.5849967,0,0,0,0,0,0,0,0,0,0,0,0,0,0,0,0,0,0,0,0,0,0.6191941,0.9489314,1,0.8719943,0.6432122,0.6086859,0.62894,0.6742952,0,0,0,0,0,0,0,0,0,0,0
0,0,0,0,0,0,0,0,0,0,0,0,0,0,0,0.8116391,1,0.9895442,0.7997001,0.675981,0,0.6872804,0.6938726,0,0.6955045,0.6493835,0.6425375,0.624959,0,0,0,0,0,0,0,0,0,0,0,0,0,0,0,0,0,0,0,0,0.9430251,1,0.874508,0.6624669,0,0,0,0.7008156,0.7028714,0.7359673,0.7323061,0.6785676,0.6389531,0,0,0,0,0
0,0,0,0,0,0,0,0,0,0,0,0,0,0,0.5581864,0.8052846,1,0.9928555,0.783586,0.6264893,0.6172827,0.652261,0.5926797,0.6917956,0.636261,0.6162703,0.5989443,0.712678,0.5955068,0.7008471,0.6796662,0.6391895,0.5557478,0,0,0,0,0,0,0,0,0,0,0,0,0.5422323,0.5618243,0.6882496,0.9442579,1,0.8766495,0,0,0.5870442,0.605329,0.6196299,0.6239766,0.6121643,0.6310588,0,0.7018973,0.6673076,0.5624442,0.5382739,0,0
0,0,0,0,0,0,0,0,0,0,0,0,0,0,0.5390475,0.8152938,1,0.9892334,0.7477615,0.5436102,0.6236961,0.6065956,0.6381425,0.622064,0.5647328,0,0,0.6671315,0.7149249,0.622322,0.6883363,0.6865298,0.7053531,0,0,0,0,0,0,0,0,0,0,0,0,0,0.5365897,0.638051,0.9314438,1,0.8805774,0.644179,0.5901878,0.5314868,0.5492582,0.6132476,0.5517923,0.6517141,0.6953508,0,0.6311843,0.7245452,0.677174,0.5960374,0.5984994,0.6008971
0,0,0,0,0,0,0,0,0,0,0,0,0,0,0.5864432,0.8086675,1,0.9993464,0.8138306,0.717593,0.6746466,0,0.6350023,0.6187745,0.6787974,0.7582461,0.718367,0.6905121,0.6075209,0,0.5758225,0.6267795,0,0,0,0,0,0,0,0,0,0,0,0,0,0,0,0.6955954,0.9505728,1,0.8639041,0,0,0.6185288,0.6757562,0,0.6308955,0.6438804,0.645614,0.5878974,0.6261722,0.6878373,0.665702,0.6042325,0,0
0,0,0,0,0,0,0,0,0,0,0,0,0,0,0,0.852169,1,0.9817476,0.831745,0.7721124,0.7800305,0.7936217,0.7890218,0.7900533,0.7539148,0.6921371,0,0,0,0,0,0,0,0,0,0,0,0,0,0,0,0,0,0,0,0,0,0,0.9436771,1,0.9040205,0.7547479,0.7251642,0.725753,0.6905045,0,0,0,0,0,0,0,0,0,0,0
0,0,0,0,0,0,0,0,0,0,0,0,0,0,0,0.8273358,1,0.9744751,0.8398544,0.866695,0.7800087,0.6480448,0,0,0,0,0,0,0,0,0,0,0,0,0,0,0,0,0,0,0,0,0,0,0,0,0.6284222,0.7267396,0.9006857,1,0.9340404,0.6997526,0.6853887,0.5921538,0,0,0,0,0,0,0,0,0,0,0,0
0,0,0,0,0,0,0,0,0,0,0,0,0,0,0,0.8073308,1,0.991743,0.9616239,0.8387796,0,0,0,0,0,0,0,0,0,0,0,0,0,0,0,0,0,0,0,0,0,0,0,0,0,0,0,0.6927567,0.9782368,1,0.9209522,0.9124155,0.7679415,0,0,0,0,0,0,0,0,0,0,0,0,0
0,0,0,0,0,0,0,0,0,0,0,0,0,0.6290596,0.6988659,0.864639,0.9974364,1,0.9045398,0.7517939,0,0,0,0,0,0,0,0,0,0,0,0,0,0,0,0,0,0,0,0,0.5522118,0.5889121,0.6605391,0.6948891,0.7206383,0.7564217,0.7955093,0.8253917,0.9495718,1,0.9275532,0.7623351,0.6515946,0,0,0,0,0,0,0,0,0,0,0,0,0
0,0.6288671,0.6560379,0.6513831,0,0.6309407,0.7222852,0.7105633,0,0,0,0.7172237,0.7752813,0.7854539,0.7733971,0.8219644,1,0.9912125,0.7670453,0,0.624452,0.6496616,0.6299492,0,0,0,0,0,0,0,0,0,0,0.6253161,0,0,0.6587169,0.6939569,0.6887019,0.7427078,0.7614684,0.7919498,0.7720509,0.7036861,0.719184,0.7595901,0.6888379,0.7492374,0.9334332,1,0.8873801,0.6202224,0,0,0,0,0,0,0,0,0,0,0,0,0,0
0.7415839,0.6835449,0.6389074,0.7336466,0.7305,0.7658169,0.7889003,0.6811864,0.7331808,0.7049737,0,0.7373729,0.6819341,0.6708965,0,0.8368315,1,0.9852037,0.742955,0,0.6694448,0,0.6503695,0,0,0,0,0,0,0,0,0,0,0.6951425,0,0,0,0.6897122,0,0.6756086,0.6551442,0.7181544,0,0,0,0.6843758,0.6774535,0.7255026,0.9476116,1,0.8868173,0.6424947,0,0,0,0,0,0,0,0,0,0,0,0,0,0
0.7526707,0.7567947,0.6650357,0.7221853,0.6819177,0.6683283,0.7295095,0,0.6602548,0.6838951,0,0.7293679,0.6924458,0.7085074,0.7254825,0.8405042,1,0.9874945,0.7818917,0.6602657,0.664922,0,0,0,0,0,0,0,0,0,0,0,0,0,0,0.682637,0.6899418,0.7475875,0.7492397,0.7253625,0.7655142,0.8035848,0.77077,0.7204084,0,0.7141435,0.6797888,0.6805058,0.9415372,1,0.8922004,0.6800609,0,0,0,0,0,0,0,0,0,0,0,0,0,0
0,0.719125,0.7952269,0.82815,0.82201,0.8205493,0.8320397,0.8019819,0.751588,0.762851,0.717845,0.7958949,0.6976092,0.6901882,0.6564946,0.8088063,1,0.9875151,0.7559611,0.6635416,0.6365812,0,0,0,0,0,0,0,0,0,0,0,0,0.679859,0.6464967,0.7237801,0.7590581,0.7381519,0.6830714,0.685438,0.7404172,0.7888829,0.722661,0.6945146,0.7546179,0.7198115,0.7226393,0.834882,0.9644403,1,0.8908659,0.6532592,0,0,0,0,0,0,0,0,0,0,0,0,0,0
0,0,0,0,0.7007962,0.7393945,0.7370806,0.7444377,0.788278,0.8176885,0.8130258,0.6853341,0.7698596,0.7908055,0.8189329,0.8640079,1,0.9871362,0.7926434,0,0,0,0,0,0,0,0,0,0,0,0,0,0,0,0,0,0,0,0,0,0,0.7384855,0.7905585,0.8236153,0.8434162,0.84956,0.8509185,0.8835022,0.9404407,1,0.9148476,0,0,0,0,0,0,0,0,0,0,0,0,0,0,0
0,0,0,0,0,0,0,0,0,0,0,0,0.5625755,0.6845107,0.7564509,0.8861871,1,0.9655635,0.6816993,0,0,0,0,0,0,0,0,0,0,0,0,0,0,0,0,0,0,0,0,0,0,0,0,0,0.5738262,0.6359335,0.7025526,0.7772183,0.9564265,1,0.861618,0.5709587,0,0,0,0,0,0,0,0,0,0,0,0,0,0
0,0,0,0,0,0,0,0,0,0,0,0,0,0,0,0.8434462,1,0.992117,0.8238022,0,0,0,0,0,0,0,0,0,0,0,0,0,0,0,0,0,0,0,0,0,0,0,0,0,0,0,0,0,0.9501338,1,0.8903319,0,0,0,0,0,0,0,0,0,0,0,0,0,0,0
0,0,0,0,0,0,0,0,0,0,0,0,0,0,0,0.8133523,1,0.9711256,0.6591733,0,0,0,0,0,0,0,0,0,0,0,0,0,0,0,0,0,0,0,0,0,0,0,0,0,0,0,0,0.5364852,0.9333696,1,0.886058,0,0,0,0,0,0,0,0,0,0,0,0,0,0,0
