GestureName: mu
Duration(ms): 1410
Handedness: right

SpeakerAngles: 2
55
-55

InterpretedPoints: 30
0,0
0.806707284111599,0.564862521463624
-0.806707284111599,0.564862521463624
-0.806707284111599,3.95403765024536
-4.03353642055799,7.34321277902711
-2.4201218523348,11.8621129507361
-1.6134145682232,12.4269754721997
-0.806707284111599,9.6026628648816
1.6134145682232,4.51890017170899
9.68048740933918,-4.51890017170899
10.4871946934508,-6.21348773609986
-0.806707284111598,-12.9918379936633
0,-7.90807530049073
1.6134145682232,-3.38917512878174
0,1.12972504292725
1.6134145682232,3.38917512878174
1.6134145682232,3.38917512878174
0.806707284111599,9.6026628648816
0.806707284111599,8.47293782195435
1.6134145682232,7.90807530049073
1.6134145682232,2.25945008585449
0,0
0,0
0,0
0,0
0,0
0,0
0,0
0,0
0,0

StrokePoints: 31
177.666666666667,130.277777777778
177.666666666667,130.277777777778
176.859959382555,129.712915256314
177.666666666667,129.148052734851
178.473373950778,125.194015084605
182.506910371336,117.850802305578
184.927032223671,105.988689354842
186.540446791894,93.5617138826423
187.347154076006,83.9590510177607
185.733739507783,79.4401508460517
176.053252098444,83.9590510177607
165.566057404993,90.1725387538605
166.372764689104,103.164376747524
166.372764689104,111.072452048015
164.759350120881,114.461627176796
164.759350120881,113.331902133869
163.145935552658,109.942727005087
161.532520984435,106.553551876306
160.725813700323,96.950889011424
159.919106416212,88.4779511894696
158.305691847988,80.5698758889789
156.692277279765,78.3104258031244
156.692277279765,78.3104258031244
156.692277279765,78.3104258031244
156.692277279765,78.3104258031244
156.692277279765,78.3104258031244
156.692277279765,78.3104258031244
156.692277279765,78.3104258031244
156.692277279765,78.3104258031244
156.692277279765,78.3104258031244
156.692277279765,78.3104258031244

Velocities: 30
0,0
1,0
0,1
3,4
4,9
9,12
10,12
8,9
5,3
2,-10
1,-12
-12,-11
-7,-7
-2,-4
1,1
4,2
4,2
9,8
8,7
8,6
3,1
0,0
0,0
0,0
0,0
0,0
0,0
0,0
0,0
0,0

InverseVelocities: 30
0,0
0,0
0,0
0,0
0,0
0,0
0,0
-2,-2
-1,-3
-2,0
-6,0
0,0
0,0
0,0
0,0
0,0
0,0
-2,-3
-6,-5
-6,-3
-4,-3
0,0
0,0
0,0
0,0
0,0
0,0
0,0
0,0
0,0

RawData: 30
0,0,0,0,0,0,0,0,0,0,0,0,0,0,0,0.8378022,1,0.9829156,0.805329,0,0,0,0,0,0,0,0,0,0,0,0,0,0,0,0,0,0,0,0,0,0,0,0,0,0,0,0,0,0.9502232,1,0.9040108,0,0,0,0,0,0,0,0,0,0,0,0,0,0,0
0,0,0,0,0,0,0,0,0,0,0,0,0,0,0,0.833698,1,0.978726,0.8161072,0.8631425,0.7625402,0,0,0,0,0,0,0,0,0,0,0,0,0,0,0,0,0,0,0,0,0,0,0,0,0,0,0,0.943685,1,0.8795537,0.7560539,0.7141777,0,0,0,0,0,0,0,0,0,0,0,0,0
0,0,0,0,0,0,0,0,0,0,0,0,0,0,0,0.8001727,0.9960104,1,0.9257116,0.8742811,0,0,0,0,0,0,0,0,0,0,0,0,0,0,0,0,0,0,0,0,0,0,0,0,0,0,0,0.6546968,0.9434983,1,0.9120085,0.7424893,0.7111834,0.6685673,0,0,0,0,0,0,0,0,0,0,0,0
0,0,0,0,0,0,0,0,0,0,0,0,0,0,0,0.8123461,1,0.9896134,0.85381,0.7418684,0.7674895,0.7135065,0.6665213,0,0,0,0,0,0,0,0,0,0,0,0,0,0,0,0,0,0,0,0,0,0,0,0,0.5142095,0.936625,1,0.8590905,0.7356092,0.7122956,0.6754014,0.5176528,0.6548311,0.6252608,0,0,0,0,0,0,0,0,0
0,0,0,0,0,0,0,0,0,0,0,0,0,0.681311,0.7428232,0.8263448,1,0.9835985,0.8084149,0.813623,0,0.8140209,0.7388619,0.7033836,0,0,0,0,0,0,0,0,0,0,0,0,0,0,0,0,0,0,0,0,0,0,0,0.7176098,0.9497762,1,0.8522046,0.7700348,0.7494131,0.7805641,0.7315025,0,0,0,0,0.6356819,0.6714913,0.659487,0,0,0,0
0,0,0,0,0,0,0,0,0,0,0,0,0,0,0,0.8281212,1,0.9875239,0.8014278,0.6840065,0.7077923,0.7205098,0.6911182,0.5807329,0.6357967,0,0.5414331,0.6078404,0.5380607,0,0,0,0,0,0,0,0,0,0,0,0,0,0,0,0,0,0,0.6286315,0.9304249,1,0.8754395,0.6182363,0.674903,0.73272,0.6559231,0.6466036,0.684014,0.6145136,0.5858049,0.5318797,0.6854004,0.6551463,0.6802899,0.5984507,0.5326977,0
0,0,0,0,0,0,0,0,0,0,0,0,0,0,0,0.7979196,1,0.9897211,0.6698822,0.7475097,0.707156,0.7528223,0.7315797,0.722377,0.785323,0.7577009,0.6908535,0.6595082,0.7234144,0.6852768,0,0,0,0,0,0,0,0,0,0,0,0,0,0,0,0,0,0,0.9345111,1,0.885091,0.6590972,0.6674477,0.7401,0.7696599,0.7496564,0.7407927,0.6595094,0.7237827,0.7798971,0.7698615,0.7454182,0.7422659,0.6483769,0.5998609,0
0,0,0,0,0,0,0,0,0,0,0,0.6440015,0.6602606,0.7728553,0.7661825,0.77161,1,0.9877507,0.7479153,0.7990162,0.8229693,0.772538,0.6521996,0.78689,0.8632464,0.8659062,0.8394412,0.7630649,0,0,0,0,0,0,0,0,0,0,0,0,0,0,0,0,0.6263618,0.6910198,0.67722,0.757381,0.9561883,1,0.8888252,0.6182679,0.7685797,0.7092788,0,0.6374982,0.7705136,0.7287449,0,0.6586329,0.6913969,0.6409053,0,0,0,0
0,0,0,0,0,0,0,0,0,0,0,0,0.7011987,0,0,0.8674325,1,0.989782,0.852185,0.7873279,0.8294181,0.8091006,0.8622561,0.882696,0.8059663,0,0,0,0,0,0,0,0,0,0,0,0,0,0,0,0,0,0,0.7891395,0.8069681,0.7978657,0.7502817,0.7698032,0.937622,1,0.9042997,0.7503435,0.7616233,0.6965899,0,0.6968458,0,0,0,0,0,0,0,0,0,0
0,0,0,0,0,0,0,0,0,0,0,0.7629226,0.8101258,0.7771875,0.7842974,0.8343835,1,0.9908292,0.855216,0.8352554,0.7535343,0.7500486,0,0,0,0,0,0,0,0,0,0,0,0,0,0,0.7183857,0.7400491,0,0.7229668,0.7337617,0.7159446,0.7435665,0.8246028,0.7898923,0,0,0,0.9420812,1,0.9027519,0,0,0,0,0,0,0,0,0,0,0,0,0,0,0
0,0,0,0,0,0,0,0.678973,0.6885334,0.7986336,0.7909467,0.6907602,0.7389912,0.7281852,0.8257973,0.8887239,1,0.9796293,0.7856134,0.6686351,0.6557387,0,0,0,0,0,0,0,0,0,0,0,0,0,0.6475472,0.6552951,0.6453143,0.6556286,0,0.6612902,0.7453179,0.7943525,0.7971305,0.6252001,0.6876586,0.6444029,0,0.659183,0.949864,1,0.854678,0.717747,0,0,0,0,0,0,0,0,0,0,0,0,0,0
0,0.6249216,0.634428,0,0.6413697,0.6979464,0.7669069,0.779234,0.7605532,0.7250712,0.7958921,0.6693458,0.7101706,0.6258179,0.6778044,0.7958651,1,0.9818582,0.7348009,0,0,0,0,0,0,0,0,0,0,0,0,0,0,0,0,0.5966526,0.6028431,0.6451091,0.6705112,0.6371172,0,0.6986715,0.7207885,0.7072127,0.7876316,0.7609516,0.6773617,0,0.933594,1,0.9053921,0.6517551,0,0,0,0,0,0,0,0,0,0,0,0,0,0
0,0,0,0,0,0,0.6796157,0.7121015,0.6410205,0,0.6716415,0.7912937,0.8007672,0.7498218,0,0.8395533,1,0.9913447,0.8641814,0.7605733,0,0,0,0,0,0,0,0,0,0,0,0,0,0,0,0,0,0,0,0.6317155,0.7086235,0.6583927,0.7022399,0.735729,0.7716495,0.7624304,0.7743567,0.7279477,0.9433642,1,0.8819052,0.636138,0,0,0,0,0,0,0,0,0,0,0,0,0,0
0,0,0,0,0,0,0,0,0,0,0,0.7024281,0.7689054,0.8119122,0.8148269,0.739143,1,0.9803979,0.7653936,0,0,0,0,0,0,0,0,0,0,0,0,0,0,0,0,0,0,0,0,0,0,0,0.679493,0.6724886,0.6666251,0.7018367,0.735157,0.7348284,0.9283419,1,0.9076445,0,0,0,0,0,0,0,0,0,0,0,0,0,0,0
0,0,0,0,0,0,0,0,0,0,0,0,0,0,0.6628749,0.8536485,1,0.9962597,0.8802465,0.8106954,0.7370428,0,0,0,0,0,0,0,0,0,0,0,0,0,0,0,0,0,0,0,0,0,0,0,0,0,0,0,0.9396521,1,0.8936929,0.7414209,0.7295204,0.6949881,0,0,0,0,0,0,0,0,0,0,0,0
0,0,0,0,0,0,0,0,0,0,0,0,0,0,0.6381166,0.8494195,1,0.986476,0.8601078,0.8539154,0.7342474,0.6715333,0.6468319,0.6850027,0,0,0,0,0,0,0,0,0,0,0,0,0,0,0,0,0,0,0,0,0,0,0,0.702411,0.9526402,1,0.8537979,0.7759012,0.7920831,0.7593393,0.6769351,0,0,0,0,0,0,0,0,0,0,0
0,0,0,0,0,0,0,0,0,0,0,0,0,0,0.7414714,0.8496255,1,0.9751344,0.7424062,0.7894446,0.8309726,0.7869928,0.8212817,0.7816519,0,0,0,0,0,0,0,0,0,0,0,0,0,0,0,0,0,0,0,0,0,0,0,0,0.9421827,1,0.9087204,0.762807,0.7834328,0.7295166,0.740011,0,0,0,0,0,0,0,0,0,0,0
0,0,0,0,0,0,0,0,0,0,0,0.6227108,0.6889666,0.7296752,0.7021914,0.7897521,0.996556,1,0.8587068,0.712936,0.821083,0.6407543,0.7599675,0.7221165,0,0,0.687103,0.7076029,0.647023,0,0,0,0,0,0,0,0,0,0,0,0,0,0,0.6439825,0.6449447,0.6669611,0.6563303,0.6186768,0.9208853,1,0.8659569,0.6890537,0.7958865,0.7660655,0.6599373,0.6176782,0.6771369,0.6536599,0.5582186,0.624325,0.6041372,0,0,0,0,0
0,0,0,0,0,0,0,0.6579034,0.7175993,0.648765,0.6215559,0.6687952,0.6893542,0.6868652,0.7501994,0.8157403,1,0.9712779,0.7609593,0.692064,0.7820572,0.7343488,0.6455413,0.7154258,0.759314,0.6325021,0.7208531,0.7184054,0,0,0,0,0,0,0,0,0,0,0,0,0,0.5910163,0.6370274,0.7002175,0.5659543,0.6184982,0.5973958,0.7517642,0.9523522,1,0.8902028,0.723425,0.6087989,0.5830369,0.5991502,0.6599288,0.5978022,0,0.6111203,0.5996552,0,0,0,0,0,0
0,0,0,0,0,0,0,0.7017483,0.7446906,0.657939,0,0.667416,0.6806707,0.7667518,0.803346,0.7647419,1,0.9923607,0.8021539,0.7415579,0.7465198,0.7473491,0.7920801,0.6618597,0,0.6806508,0.7317145,0.6662882,0,0,0,0,0,0,0,0,0,0,0,0,0,0,0,0.7258798,0,0.703921,0.6991268,0.7147566,0.9595083,1,0.8039707,0.8114632,0.7405849,0.7655269,0.7888896,0.7749624,0.6767873,0,0.6717837,0,0,0,0,0,0,0
0,0,0,0,0,0,0,0,0,0.643923,0.6209379,0.6511042,0.6949385,0.7320769,0.760035,0.7610581,1,0.997369,0.7992759,0.6388698,0.6281515,0.6692085,0.6328011,0,0,0,0,0,0,0,0,0,0,0,0,0,0,0,0,0,0,0,0,0.6549697,0.6268063,0.6058239,0,0.6785175,0.9344664,1,0.8799744,0.6960934,0.6122399,0.6182159,0,0,0,0,0,0,0,0,0,0,0,0
0,0,0,0,0,0,0,0,0,0,0,0,0,0,0.7264971,0.8067333,1,0.9899904,0.7844256,0,0,0,0,0,0,0,0,0,0,0,0,0,0,0,0,0,0,0,0,0,0,0,0,0,0,0,0,0.731,0.947971,1,0.9132962,0,0,0,0,0,0,0,0,0,0,0,0,0,0,0
0,0,0,0,0,0,0,0,0,0,0,0,0,0,0,0.8502274,1,0.9827632,0.7578316,0,0,0,0,0,0,0,0,0,0,0,0,0,0,0,0,0,0,0,0,0,0,0,0,0,0,0,0,0,0.9351479,1,0.9029978,0,0,0,0,0,0,0,0,0,0,0,0,0,0,0
0,0,0,0,0,0,0,0,0,0,0,0,0,0,0,0.8338147,1,0.9840576,0.7913231,0.6336928,0,0,0,0,0,0,0,0,0,0,0,0,0,0,0,0,0,0,0,0,0,0,0,0,0,0,0,0.6280512,0.9419622,1,0.872697,0.6102686,0,0,0,0,0,0,0,0,0,0,0,0,0,0
0,0,0,0,0,0,0,0,0,0,0,0,0,0,0,0.8316447,1,0.9773899,0.7706323,0.6060404,0,0,0,0,0,0,0,0,0,0,0,0,0,0,0,0,0,0,0,0,0,0,0,0,0,0,0,0,0.930222,1,0.8969448,0.6304235,0,0,0,0,0,0,0,0,0,0,0,0,0,0
0,0,0,0,0,0,0,0,0,0,0,0,0,0,0,0.811013,1,0.9848414,0.7702263,0,0,0,0,0,0,0,0,0,0,0,0,0,0,0,0,0,0,0,0,0,0,0,0,0,0,0,0,0,0.9434325,1,0.8777157,0,0,0,0,0,0,0,0,0,0,0,0,0,0,0
0,0,0,0,0,0,0,0,0,0,0,0,0,0,0,0.8201029,1,0.9922316,0.7805075,0,0,0,0,0,0,0,0,0,0,0,0,0,0,0,0,0,0,0,0,0,0,0,0,0,0,0,0,0.636792,0.9452835,1,0.8816864,0,0,0,0,0,0,0,0,0,0,0,0,0,0,0
0,0,0,0,0,0,0,0,0,0,0,0,0,0,0,0.7699965,1,0.9997627,0.7812036,0,0,0,0,0,0,0,0,0,0,0,0,0,0,0,0,0,0,0,0,0,0,0,0,0,0,0,0,0.5861107,0.9410927,1,0.8866251,0,0,0,0,0,0,0,0,0,0,0,0,0,0,0
0,0,0,0,0,0,0,0,0,0,0,0,0,0,0,0.8346871,1,0.9892992,0.7821627,0,0,0,0,0,0,0,0,0,0,0,0,0,0,0,0,0,0,0,0,0,0,0,0,0,0,0,0,0,0.9383919,1,0.9012129,0,0,0,0,0,0,0,0,0,0,0,0,0,0,0
0,0,0,0,0,0,0,0,0,0,0,0,0,0,0,0.8516908,1,0.982116,0.764327,0,0,0,0,0,0,0,0,0,0,0,0,0,0,0,0,0,0,0,0,0,0,0,0,0,0,0,0,0.6613737,0.9471323,1,0.8947375,0,0,0,0,0,0,0,0,0,0,0,0,0,0,0
