GestureName: mu
Duration(ms): 799
Handedness: right

SpeakerAngles: 2
55
-55

InterpretedPoints: 17
-0.806707284111599,6.21348773609986
2.4201218523348,8.47293782195435
0.806707284111599,6.21348773609986
2.4201218523348,5.08376269317261
3.2268291364464,3.38917512878174
8.06707284111599,-3.38917512878174
10.4871946934508,-1.69458756439087
1.6134145682232,-9.03780034341798
0,-6.77835025756348
0,-5.64862521463624
0.806707284111599,-2.82431260731812
0,0
-0.806707284111599,3.95403765024536
0,4.51890017170899
1.6134145682232,10.1675253863452
0,9.03780034341798
0.806707284111599,5.08376269317261

StrokePoints: 18
177.666666666667,130.277777777778
178.473373950778,124.064290041678
176.053252098443,115.591352219724
175.246544814332,109.377864483624
172.826422961997,104.294101790451
169.599593825551,100.904926661669
161.532520984435,104.294101790451
151.045326290984,105.988689354842
149.431911722761,115.02648969826
149.431911722761,121.804839955823
149.431911722761,127.45346517046
148.625204438649,130.277777777778
148.625204438649,130.277777777778
149.431911722761,126.323740127532
149.431911722761,121.804839955823
147.818497154538,111.637314569478
147.818497154538,102.59951422606
147.011789870426,97.5157515328876

Velocities: 17
5,6
9,6
6,5
6,3
5,1
2,-8
5,-8
-7,-9
-6,-6
-5,-5
-2,-3
0,0
3,4
4,4
10,8
8,8
5,4

InverseVelocities: 17
0,0
0,0
0,-1
-1,-4
-4,-8
-3,0
-10,0
0,0
0,0
0,0
0,0
0,0
0,0
0,0
-3,0
-2,0
-3,0

RawData: 17
0,0,0,0,0,0,0,0,0,0,0,0,0,0,0,0.8430452,1,0.9837312,0.7423104,0,0,0,0.7048333,0.7727502,0.7617562,0,0,0,0,0,0,0,0,0,0,0,0,0,0,0,0,0,0,0,0,0,0,0,0.9440024,1,0.9079438,0,0,0,0,0,0,0.7695671,0.7649503,0,0,0,0,0,0,0
0,0,0,0,0,0,0,0,0,0,0,0,0,0,0,0.8248093,1,0.9869507,0.7478973,0,0,0.6581736,0.667789,0.6976368,0.7448676,0.71831,0.6893374,0.6788991,0.6374126,0,0,0,0,0,0,0,0,0,0,0,0,0,0,0,0,0,0,0.6698192,0.9518872,1,0.8552116,0.6939573,0.7118754,0.7644802,0.7883297,0.6635032,0.7151794,0.7233837,0.6917403,0,0,0,0,0,0,0
0,0,0,0,0,0,0,0,0,0,0,0,0,0,0,0.8380188,1,0.9851983,0.7220051,0.7623048,0.8111368,0.8241515,0.8277671,0.8215657,0,0.7124261,0,0,0,0,0,0,0,0,0,0,0,0,0,0,0,0,0,0,0,0.7009572,0.7570192,0.7720912,0.9536824,1,0.9077585,0.8490151,0.8617152,0.7773426,0.8387474,0.7513036,0.7433047,0.7036493,0,0,0,0,0,0,0,0
0,0,0,0,0,0,0,0,0,0,0,0,0.6411225,0.5983683,0.6730837,0.8037207,1,0.9860265,0.7633158,0.8335818,0.855593,0.8595183,0.8480628,0.853695,0.7824563,0.6249919,0,0,0,0,0,0,0,0,0,0,0,0,0,0,0,0,0.7208021,0.7953544,0.757435,0.7642744,0.7498601,0.8636753,0.9317409,1,0.8880188,0.8617886,0.8809648,0.7911091,0.6509944,0.6733738,0,0,0,0,0,0,0,0,0,0
0,0,0,0,0,0,0,0,0,0.6587511,0.655264,0,0.7072934,0.7797229,0.7926003,0.802662,0.9984241,1,0.8181291,0.7371153,0.7272575,0.8060117,0.6882128,0.7218468,0.6610913,0,0,0,0,0,0,0,0,0,0,0,0,0,0.6468213,0.6321237,0.6702205,0.6459894,0.7587475,0.8912092,0.8556846,0.7959612,0.841837,0.8721817,0.957005,1,0.8991113,0.7157995,0.638145,0.6560047,0,0,0,0,0,0,0,0,0,0,0,0
0,0,0,0,0,0,0,0,0,0,0.8122184,0.8583679,0.7770929,0.8168774,0.7858226,0.8945721,1,0.9671028,0.7460145,0.7818717,0.8186646,0.745568,0,0,0,0,0,0,0,0,0,0,0,0,0,0,0,0,0.7095997,0,0.8044807,0.8252189,0.8448709,0.8819028,0.8718543,0.8065053,0.7336786,0.7777182,0.955182,1,0.8978041,0.7084027,0,0,0,0,0,0,0,0,0,0,0,0,0,0
0,0,0,0.6621096,0.6793683,0.6272564,0.6447952,0.7387021,0.6359473,0.7678093,0.7804838,0.7962928,0.8479817,0.8715492,0.6961734,0.8730037,1,0.9934431,0.8065634,0.7511653,0,0.7153496,0.6622304,0.6245841,0.6101912,0,0,0,0,0,0,0,0,0,0,0,0,0,0.6974407,0.7028748,0.6423029,0.7436856,0.7443371,0.6763729,0.7689597,0,0.6777361,0.7447851,0.9494889,1,0.8735886,0.6297581,0.6243632,0,0,0,0,0,0,0,0,0,0,0,0,0
0,0,0,0,0,0,0.7257988,0.7069495,0,0.7047892,0.730529,0.8134051,0.794334,0.8215621,0.8385656,0.8752872,1,0.9838967,0.7946919,0.6719869,0,0,0,0,0,0,0,0,0,0,0,0,0,0,0,0,0,0.6612744,0.6568972,0.6505156,0.7409248,0.7654616,0.7579067,0.7368836,0.7880536,0.794733,0.6809547,0.6536468,0.9308448,1,0.8967317,0.6604775,0,0,0,0,0,0,0,0,0,0,0,0,0,0
0,0,0,0,0,0,0,0.6697146,0.6427981,0.6710579,0.7832827,0.804055,0.7742876,0.6845246,0.6616991,0.8262269,1,0.9688259,0.7354828,0.7094985,0,0,0,0,0,0,0,0,0,0,0,0,0,0,0,0,0,0,0,0,0.6428401,0.6794165,0.767042,0.7756909,0.7490613,0,0.7077632,0.6230388,0.9441971,1,0.8851382,0,0,0,0,0,0,0,0,0,0,0,0,0,0,0
0,0,0,0,0,0,0,0,0.6642931,0.6925749,0.780061,0.7620533,0.8050727,0.7657683,0.7924052,0.8590959,1,0.991377,0.8388687,0.6556096,0,0,0,0,0,0,0,0,0,0,0,0,0,0,0,0,0,0,0,0,0,0.6858519,0,0.6630573,0,0.7459093,0.7675766,0.6764837,0.9422386,1,0.8942462,0,0,0,0,0,0,0,0,0,0,0,0,0,0,0
0,0,0,0,0,0,0,0,0,0,0,0.610185,0.7158983,0.809997,0.81073,0.8050075,1,0.9793772,0.7086783,0,0,0,0,0,0,0,0,0,0,0,0,0,0,0,0,0,0,0,0,0,0,0,0,0.6224554,0.6905215,0.7150217,0.7194878,0.6886358,0.9357508,1,0.8868842,0,0,0,0,0,0,0,0,0,0,0,0,0,0,0
0,0,0,0,0,0,0,0,0,0,0,0,0,0,0.6200819,0.8545334,1,0.9737173,0.7364718,0.6346032,0,0,0,0,0,0,0,0,0,0,0,0,0,0,0,0,0,0,0,0,0,0,0,0,0,0,0,0.621639,0.939779,1,0.8776705,0.6408579,0,0,0,0,0,0,0,0,0,0,0,0,0,0
0,0,0,0,0,0,0,0,0,0,0,0,0,0,0,0.8252065,1,0.9839031,0.7117031,0.778754,0.7663065,0.6519484,0.559749,0,0,0,0,0,0,0,0,0,0,0,0,0,0,0,0,0,0,0,0,0,0,0,0,0.6337222,0.9373934,1,0.8866897,0.756759,0.7681755,0.6991431,0.5717674,0.6111053,0.5773561,0,0,0,0,0,0,0,0,0
0,0,0,0,0,0,0,0,0,0,0,0,0,0,0,0.7989867,1,0.9878728,0.6222852,0.7553405,0.8236465,0.7851813,0.7022908,0.6415051,0,0,0,0,0,0,0,0,0,0,0,0,0,0,0,0,0,0,0,0,0,0,0,0.6831799,0.943997,1,0.8582242,0.6444025,0.6486111,0.7243751,0,0.6376805,0.6175411,0,0,0,0,0,0,0,0,0
0,0,0,0,0,0,0,0,0,0,0.6447395,0.6359165,0.6283711,0.7389016,0.7632522,0.7288254,0.9956875,1,0.8098131,0.6971382,0.7279584,0.7578526,0.770641,0.7626877,0.8109115,0.7889096,0.7170544,0.6634634,0.6492792,0.6234335,0,0,0,0,0,0,0,0,0,0,0,0,0,0,0,0,0.6415863,0.7389734,0.9467411,1,0.8722948,0.7711663,0.7243908,0.7140124,0.7956688,0.7333087,0,0,0,0.6866151,0.6555403,0,0,0,0,0
0,0,0,0,0,0,0,0,0,0,0,0.7349711,0.7043619,0.7526691,0.8040542,0.8636356,1,0.9825163,0.8448754,0.8136994,0.8079853,0.7713212,0.7340177,0.7253013,0.8066002,0.7696775,0,0.7096315,0,0,0,0,0,0,0,0,0,0,0,0,0,0,0,0,0,0,0,0,0.9333357,1,0.8911213,0.6968257,0.7467117,0,0.7830971,0,0,0,0.6781638,0.7414628,0.7236179,0,0,0,0,0
0,0,0,0,0,0,0,0,0,0,0.7107903,0.8275738,0.8366954,0.7991011,0.7921398,0.8132287,0.9953182,1,0.8754358,0.7686386,0.7527426,0.7630826,0.7803498,0.7212976,0.7025349,0,0,0,0,0,0,0,0,0,0,0,0,0,0,0,0,0,0,0,0,0,0.7335392,0.7702846,0.935358,1,0.9171953,0.7358969,0.8266672,0.8684207,0.8041021,0.7252931,0.7178469,0,0,0,0,0,0,0,0,0
