GestureName: w
Duration(ms): 1175
Handedness: right

SpeakerAngles: 2
55
-55

InterpretedPoints: 25
0,2.25945008585449
0.806707284111599,1.69458756439087
2.4201218523348,1.69458756439087
0,0
0.806707284111599,1.69458756439087
2.4201218523348,0.564862521463624
2.4201218523348,-0.564862521463624
3.2268291364464,0
0,4.51890017170899
1.6134145682232,6.77835025756348
3.22682913644639,4.51890017170899
-1.6134145682232,-3.38917512878174
-1.6134145682232,-3.38917512878174
-0.806707284111599,-0.564862521463624
0,0
0.806707284111599,2.82431260731812
-0.806707284111599,3.95403765024536
-0.806707284111599,3.95403765024536
1.6134145682232,2.25945008585449
0,1.12972504292725
-3.22682913644639,4.51890017170899
-2.4201218523348,6.21348773609986
-11.2939019775624,-4.51890017170899
-9.68048740933918,-6.77835025756348
3.2268291364464,-2.25945008585449

StrokePoints: 26
177.666666666667,130.277777777778
177.666666666667,128.018327691923
176.859959382555,126.323740127532
174.43983753022,124.629152563142
174.43983753022,124.629152563142
173.633130246109,122.934564998751
171.213008393774,122.369702477287
168.792886541439,122.934564998751
165.566057404993,122.934564998751
165.566057404993,118.415664827042
163.952642836769,111.637314569478
160.725813700323,107.118414397769
162.339228268546,110.507589526551
163.952642836769,113.896764655333
164.759350120881,114.461627176796
164.759350120881,114.461627176796
163.952642836769,111.637314569478
164.759350120881,107.683276919233
165.566057404993,103.729239268987
163.95264283677,101.469789183133
163.95264283677,100.340064140206
167.179471973216,95.8211639684967
169.599593825551,89.6076762323969
180.893495803113,94.1265764041059
190.573983212452,100.904926661669
187.347154076006,103.164376747524

Velocities: 25
2,2
2,1
3,0
0,0
2,1
2,-1
1,-2
2,-2
4,4
7,5
6,2
-4,-2
-4,-2
-1,0
0,0
3,2
3,4
3,4
3,1
1,1
2,6
4,7
-11,3
-12,0
0,-4

InverseVelocities: 25
0,0
0,0
0,0
0,0
0,0
-1,0
-3,2
-3,2
-1,0
0,0
-3,-3
0,0
0,0
0,0
0,0
0,0
-1,0
-3,0
-4,-3
-1,0
-1,-1
-5,-4
0,-10
0,0
0,0

RawData: 25
0,0,0,0,0,0,0,0,0,0,0,0,0,0,0,0.8464513,1,0.9905683,0.8124449,0.6783271,0.7501764,0.7230818,0,0,0,0,0,0,0,0,0,0,0,0,0,0,0,0,0,0,0,0,0,0,0,0,0,0.7608423,0.9514524,1,0.8639139,0,0.8319085,0.798817,0.6815844,0,0,0,0,0,0,0,0,0,0,0
0,0,0,0,0,0,0,0,0,0,0,0,0,0,0,0.8129528,1,0.9758965,0.7555858,0.7422131,0.7632016,0.7463855,0,0,0,0,0,0,0,0,0,0,0,0,0,0,0,0,0,0,0,0,0,0,0,0,0,0.6678234,0.932162,1,0.8909028,0.7217246,0.7068953,0.6334537,0,0,0,0,0,0,0,0,0,0,0,0
0,0,0,0,0,0,0,0,0,0,0,0,0,0,0,0.8191639,1,0.9877101,0.7895787,0.7936176,0.7992943,0.6761727,0.640982,0,0,0,0,0,0,0,0,0,0,0,0,0,0,0,0,0,0,0,0,0,0,0,0,0,0.9216698,1,0.9036372,0.7239914,0.6338935,0,0,0,0,0,0,0,0,0,0,0,0,0
0,0,0,0,0,0,0,0,0,0,0,0,0,0,0,0.8558153,1,0.9857264,0.8397822,0,0,0,0,0,0,0,0,0,0,0,0,0,0,0,0,0,0,0,0,0,0,0,0,0,0,0,0,0,0.9555898,1,0.9209134,0.8042138,0,0,0,0,0,0,0,0,0,0,0,0,0,0
0,0,0,0,0,0,0,0,0,0,0,0,0,0,0.7052705,0.8706228,1,0.9803397,0.8015726,0.7585214,0.7739514,0.7002389,0,0,0,0,0,0,0,0,0,0,0,0,0,0,0,0,0,0,0,0,0,0,0,0,0,0.7222339,0.9415639,1,0.8782678,0.7794623,0.6544415,0.697935,0,0,0,0,0,0,0,0,0,0,0,0
0,0,0,0,0,0,0,0,0,0,0,0,0.7831696,0.8326116,0.8142139,0.8543055,1,0.9884167,0.7472802,0.767975,0.7578747,0.6354241,0,0,0,0,0,0,0,0,0,0,0,0,0,0,0,0,0,0,0,0,0,0,0,0.6363291,0.6831103,0.7506,0.9548866,1,0.8674816,0.6449569,0.6777812,0,0,0,0,0,0,0,0,0,0,0,0,0
0,0,0,0,0,0,0,0,0,0,0.6661891,0.7152358,0.8184018,0.7592019,0.8555371,0.8486564,0.9834491,1,0.8406428,0.7161136,0.7457044,0,0,0,0,0,0,0,0,0,0,0,0,0,0,0,0,0,0,0,0,0,0,0,0.6284855,0.6524534,0.7739034,0.7897832,0.9231021,1,0.9170213,0.7595457,0.6692344,0.6382079,0.6381338,0,0,0,0,0,0,0,0,0,0,0
0,0,0,0,0,0,0,0,0,0,0.6083497,0,0.7209033,0.7023382,0.8471584,0.7653739,1,0.9922159,0.7737841,0.8006356,0.7858554,0.6699854,0,0,0,0,0,0,0,0,0,0,0,0,0,0,0,0,0,0,0,0,0,0,0.6191999,0.6789877,0.7037857,0.7891404,0.9725888,1,0.8487382,0.6886512,0.679964,0.6341243,0.6025571,0,0,0,0,0,0,0,0,0,0,0
0,0,0,0,0,0,0,0,0,0,0,0,0.7074269,0.6178277,0.7712523,0.7388324,1,0.9863667,0.7420534,0.7296489,0.7384833,0.7533281,0.7407278,0.646059,0,0,0,0,0,0,0,0,0,0,0,0,0,0,0,0,0,0,0,0,0,0,0.6845918,0.7667676,0.9267143,1,0.8640561,0.7663233,0.7097756,0.7260313,0.7106465,0.673713,0.6171654,0,0,0,0,0,0,0,0,0
0,0,0,0,0,0,0,0,0,0,0,0,0,0.6908129,0.6499783,0.8383198,1,0.95427,0.8029363,0,0.7993771,0.7589182,0.6919183,0.8079875,0.8133397,0.7453671,0.6661184,0,0,0,0,0,0,0,0,0,0,0,0,0,0,0,0,0,0,0,0.635438,0.6904916,0.9060059,1,0.9013099,0.7669143,0.7940573,0.7295701,0.7834551,0.7218413,0.6920063,0.6250923,0,0,0,0,0,0,0,0
0,0,0,0,0,0,0,0,0,0,0.619351,0.5990502,0.7001585,0.7977906,0.7847005,0.7944198,1,0.9876033,0.786616,0.8445871,0.7657419,0.7199699,0.7361173,0.7537634,0.6514387,0.6697507,0,0,0,0,0,0,0,0,0,0,0,0,0,0,0,0,0,0.6411012,0.6674522,0.6879275,0,0.711101,0.927608,1,0.9072351,0.6871536,0.7037385,0.7094984,0.6571974,0,0,0,0,0,0,0,0,0,0,0
0,0,0,0,0,0,0,0,0,0.6686446,0.735799,0.7354383,0.7228782,0.841113,0.7740542,0.7857719,1,0.991737,0.7572174,0.7421537,0,0,0,0,0,0,0,0,0,0,0,0,0,0,0,0,0,0,0,0,0,0,0,0,0.716613,0.755533,0.7496768,0.8116956,0.9344408,1,0.8914832,0,0,0,0,0,0,0,0,0,0,0,0,0,0,0
0,0,0,0,0,0,0,0,0,0.6426853,0.6477338,0.6318482,0.7790522,0.779421,0.6736192,0.8424664,1,0.9900987,0.8226461,0,0,0,0,0,0,0,0,0,0,0,0,0,0,0,0,0,0,0,0,0,0,0,0,0,0.6522166,0,0.6774423,0.7581764,0.9508784,1,0.864263,0.6551608,0,0,0,0,0,0,0,0,0,0,0,0,0,0
0,0,0,0,0,0,0,0,0,0,0,0,0.6317878,0.700088,0.7363645,0.8275895,1,0.9818116,0.7145666,0,0,0,0,0,0,0,0,0,0,0,0,0,0,0,0,0,0,0,0,0,0,0,0,0,0,0,0.6342198,0.7117938,0.9337012,1,0.8820927,0,0,0,0,0,0,0,0,0,0,0,0,0,0,0
0,0,0,0,0,0,0,0,0,0,0,0,0,0,0,0.8159337,1,0.9826803,0.6801593,0.6496264,0,0,0,0,0,0,0,0,0,0,0,0,0,0,0,0,0,0,0,0,0,0,0,0,0,0,0,0.6700135,0.9438196,1,0.8946235,0.742103,0.6174727,0,0,0,0,0,0,0,0,0,0,0,0,0
0,0,0,0,0,0,0,0,0,0,0,0,0,0,0,0.8248197,1,0.996318,0.8816805,0.8569862,0.8036173,0.761399,0.6818933,0,0,0,0,0,0,0,0,0,0,0,0,0,0,0,0,0,0,0,0,0,0,0,0,0,0.9390268,1,0.8623484,0.7421354,0.6992081,0.7181951,0.6702194,0,0,0,0,0,0,0,0,0,0,0
0,0,0,0,0,0,0,0,0,0,0,0,0.6222302,0.6961992,0.732581,0.8622948,1,0.9792323,0.8128175,0.7990772,0.8068269,0.6811548,0.7026277,0,0,0,0,0,0,0,0,0,0,0,0,0,0,0,0,0,0,0,0,0,0,0,0.6541047,0.6581761,0.9544279,1,0.84592,0.7876836,0.7651995,0.7292089,0.6782812,0.7407045,0.6315858,0,0,0,0,0,0,0,0,0
0,0,0,0,0,0,0,0,0,0,0.6550899,0.7490516,0.7338337,0.6926603,0.7682595,0.8671908,1,0.9829928,0.5810052,0.6398141,0.8261199,0.8259963,0.7023084,0,0,0,0,0,0,0,0,0,0,0,0,0,0,0,0,0,0,0,0,0,0,0,0.6087718,0.7019225,0.9323161,1,0.8622242,0.7341284,0.7387844,0.8081058,0.6646727,0.6864307,0.6397722,0,0,0,0,0,0,0,0,0
0,0,0,0,0,0,0,0,0,0.5858484,0.6662021,0.6996312,0.8161893,0.8406097,0.841051,0.8593315,0.9939841,1,0.8281296,0.8469266,0.7899124,0.7697399,0.6509367,0,0,0,0,0,0,0,0,0,0,0,0,0,0,0,0,0,0,0,0,0.5934156,0.6662608,0.6134798,0,0,0.9278394,1,0.90048,0.7065046,0.8125932,0.7923363,0,0,0,0,0,0,0,0,0,0,0,0
0,0,0,0,0,0,0,0,0,0,0,0,0.7496938,0.8118359,0.7598031,0.9150079,1,0.9179214,0.8427207,0.7380102,0.7283762,0,0,0,0,0,0,0,0,0,0,0,0,0,0,0,0,0,0,0,0,0,0,0,0,0,0.6948324,0.7894077,0.957604,1,0.8834741,0.7204853,0.7904151,0.8038249,0,0,0,0,0,0,0,0,0,0,0,0
0,0,0,0,0,0,0,0,0,0,0,0,0.6784243,0.7960542,0.8453417,0.8967392,1,0.9930311,0.8510298,0.8331311,0.7754796,0.6888282,0,0,0,0,0,0,0,0,0,0,0,0,0,0,0,0,0,0,0,0,0,0,0,0.637236,0.7741303,0.7912881,0.9339159,1,0.9103381,0.7585123,0,0,0.6827763,0.7224725,0.7625309,0.7470579,0.6994265,0,0,0,0,0,0,0
0,0,0,0,0,0,0,0,0.6992295,0.6830859,0.6513728,0.6544908,0,0.7787459,0.8122179,0.7145604,1,0.9921567,0.6376465,0.7064251,0.656957,0.6829938,0.6931517,0.6300394,0,0,0,0,0,0,0,0,0,0,0,0,0,0,0,0,0,0,0.6520412,0.7011873,0.670624,0.6378922,0.686147,0.7861605,0.9589736,1,0.8631011,0.7006858,0.7490137,0.7429398,0.6730288,0,0.726881,0.7552484,0.729182,0.6598445,0,0,0,0,0,0
0,0,0.6458427,0.6351242,0.6622967,0.7236589,0.7675502,0.7346572,0.7438577,0.7496397,0.7285527,0.6274802,0,0.6559894,0.6893066,0.8502846,1,0.978866,0.7716905,0,0,0,0,0,0,0,0,0,0,0,0,0,0,0,0,0,0.6552162,0.6483098,0,0.6984927,0.702455,0.7003771,0.658847,0.6782036,0,0.6340001,0,0.7342681,0.9403505,1,0.8975052,0.6508427,0,0,0.6418827,0.6554598,0,0,0,0,0,0,0,0,0,0
0,0.6946343,0.7224365,0,0.7428982,0,0,0,0,0,0,0,0,0,0,0.847394,1,0.9870599,0.7984429,0,0,0,0,0,0,0,0,0,0,0,0,0,0,0,0,0,0,0,0,0,0,0,0,0,0,0,0,0.6840525,0.9421762,1,0.8946881,0.6947769,0,0,0,0,0,0,0,0,0,0,0,0,0,0
0,0,0,0,0,0,0,0,0,0,0,0,0,0,0,0.803111,1,0.9955296,0.8030917,0.7141546,0,0,0,0,0,0,0,0,0,0,0,0,0,0,0,0,0,0,0,0,0,0,0.7027508,0.7102775,0.6806,0,0,0.6978228,0.9426529,1,0.8795692,0.6747078,0,0,0,0,0,0,0,0,0,0,0,0,0,0
