GestureName: x
Duration(ms): 1410
Handedness: right

SpeakerAngles: 2
55
-55

InterpretedPoints: 30
2.4201218523348,1.69458756439087
1.6134145682232,1.12972504292725
0,0
0,0
0,1.12972504292725
0,1.12972504292725
2.4201218523348,2.82431260731812
-0.806707284111599,5.08376269317261
-6.45365827289279,-2.25945008585449
4.03353642055799,-8.47293782195435
-0.806707284111599,-11.8621129507361
2.4201218523348,-1.69458756439087
0,0
0,0
0,0
0,0
7.26036555700439,5.08376269317261
-7.26036555700439,-5.08376269317261
-7.26036555700439,-5.08376269317261
0,0
-1.6134145682232,-3.38917512878174
0.806707284111599,1.69458756439087
0.806707284111599,10.7323879078088
0.806707284111598,12.9918379936633
0,13.556700515127
0.806707284111598,12.9918379936633
-18.5542675345668,0.564862521463623
-2.4201218523348,-3.95403765024536
0,0
0,0

StrokePoints: 31
177.666666666667,130.277777777778
175.246544814332,128.583190213387
173.633130246109,127.45346517046
173.633130246109,127.45346517046
173.633130246109,127.45346517046
173.633130246109,126.323740127532
173.633130246109,125.194015084605
171.213008393774,122.369702477287
172.019715677886,117.285939784114
178.473373950778,119.545389869969
174.43983753022,128.018327691923
175.246544814332,139.880440642659
172.826422961997,141.57502820705
172.826422961997,141.57502820705
172.826422961997,141.57502820705
172.826422961997,141.57502820705
172.826422961997,141.57502820705
165.566057404993,136.491265513878
172.826422961997,141.57502820705
180.086788519001,146.658790900223
180.086788519001,146.658790900223
181.700203087225,150.047966029005
180.893495803113,148.353378464614
180.086788519001,137.620990556805
179.28008123489,124.629152563142
179.28008123489,111.072452048015
178.473373950778,98.0806140543513
197.027641485345,97.5157515328876
199.44776333768,101.469789183133
199.44776333768,101.469789183133
199.44776333768,101.469789183133

Velocities: 30
3,0
2,0
0,0
0,0
1,1
1,1
4,1
4,5
-6,2
-5,-10
-11,-10
0,-3
0,0
0,0
0,0
0,0
9,0
-9,0
-9,0
0,0
-4,-2
2,1
10,9
12,11
12,12
12,11
-11,12
-5,-2
0,0
0,0

InverseVelocities: 30
0,0
0,0
0,0
0,0
0,0
0,0
-3,-1
-2,-3
0,0
12,0
0,0
0,0
0,0
0,0
0,0
0,0
0,0
0,0
0,0
0,0
0,0
0,0
0,0
0,0
0,0
0,0
0,-3
0,0
0,0
0,0

RawData: 30
0,0,0,0,0,0,0,0,0,0,0,0,0,0,0.6406586,0.8131922,1,0.9921399,0.848431,0.6271975,0.7805636,0.7322947,0.7372187,0,0,0,0,0,0,0,0,0,0,0,0,0,0,0,0,0,0,0,0,0,0,0,0,0.6230496,0.9369115,1,0.8543864,0.6826437,0.7013916,0,0,0,0,0,0,0,0,0,0,0,0,0
0,0,0,0,0,0,0,0,0,0,0,0,0,0,0.6075261,0.8422803,1,0.9783489,0.8314239,0.833852,0.6813712,0.6446753,0,0,0,0,0,0,0,0,0,0,0,0,0,0,0,0,0,0,0,0,0,0,0,0,0,0.7062809,0.9490134,1,0.8836039,0.6699678,0.6240312,0,0,0,0,0,0,0,0,0,0,0,0,0
0,0,0,0,0,0,0,0,0,0,0,0,0,0,0,0.8352719,1,0.9941751,0.8426356,0.7450399,0,0,0,0,0,0,0,0,0,0,0,0,0,0,0,0,0,0,0,0,0,0,0,0,0,0,0,0,0.9394925,1,0.9010662,0,0,0,0,0,0,0,0,0,0,0,0,0,0,0
0,0,0,0,0,0,0,0,0,0,0,0,0,0,0,0.8157583,1,0.992823,0.8050708,0.6486331,0,0,0,0,0,0,0,0,0,0,0,0,0,0,0,0,0,0,0,0,0,0,0,0,0,0,0,0.6200859,0.9410673,1,0.8904952,0,0,0,0,0,0,0,0,0,0,0,0,0,0,0
0,0,0,0,0,0,0,0,0,0,0,0,0,0,0,0.8445098,1,0.9862683,0.8326046,0.740909,0.6102805,0,0,0,0,0,0,0,0,0,0,0,0,0,0,0,0,0,0,0,0,0,0,0,0,0,0,0.67123,0.9433322,1,0.8900328,0.7631962,0.6748922,0.599642,0,0,0,0,0,0,0,0,0,0,0,0
0,0,0,0,0,0,0,0,0,0,0,0,0,0.6158336,0.7166572,0.8555259,1,0.9854367,0.7907051,0.7670662,0.7802633,0,0,0,0,0,0,0,0,0,0,0,0,0,0,0,0,0,0,0,0,0,0,0,0,0,0,0.6355566,0.9444242,1,0.8458192,0.7795478,0.661866,0.7237613,0,0,0,0,0,0,0,0,0,0,0,0
0,0,0,0,0,0,0,0,0,0,0.6759234,0.6706787,0.6709747,0.6907809,0.6545705,0.8488479,1,0.9897197,0.849706,0.8313296,0.8318357,0.7727329,0.6699138,0.6361735,0,0,0,0,0,0,0,0,0,0,0,0,0,0,0,0,0,0,0,0,0,0.6357031,0.6633406,0.7467276,0.9470053,1,0.9006954,0.6565417,0,0.6672494,0,0,0,0,0,0,0,0,0,0,0,0
0,0,0,0,0,0,0,0,0,0,0,0.657414,0.7310144,0.6844409,0,0.8435082,1,0.9711085,0.7408068,0,0.63262,0.6906019,0.6220185,0.650234,0,0,0,0,0,0,0,0,0,0,0,0,0,0,0,0,0,0,0,0.6418233,0.6175755,0.6197878,0,0.6609259,0.9465961,1,0.8896573,0.7197952,0.6851726,0,0.6724879,0.7475698,0.734322,0.6559691,0,0,0,0,0,0,0,0
0,0,0,0,0,0,0,0.6882422,0.7494564,0.6826499,0,0,0.6836401,0.6617576,0,0.7777818,1,0.99144,0.7777699,0,0,0,0,0,0,0,0,0,0,0,0,0,0,0,0,0,0,0,0,0,0,0,0,0,0,0,0.6922507,0.7349114,0.940259,1,0.8807371,0,0.6724173,0.6922882,0.6995289,0,0,0,0,0,0,0,0,0,0,0
0,0,0,0,0,0,0,0,0.689212,0.6790509,0,0,0.6569996,0.6737176,0,0.8269935,1,0.9896134,0.7870557,0,0,0,0,0,0,0,0,0,0,0,0.657594,0.6659718,0.647853,0,0,0,0.6765007,0.6644918,0.6598361,0.6790207,0,0,0.710566,0.689204,0.6909392,0.7091095,0.674395,0,0.9289089,1,0.8783176,0.7554193,0,0,0,0,0,0,0,0,0,0,0,0,0,0
0,0,0.6175491,0.7263304,0.7196161,0.7116135,0.6428652,0.603698,0.6422561,0.6256498,0.6219402,0,0.6568711,0.6328883,0.6166288,0.7750301,1,0.9931782,0.7859247,0,0,0,0,0,0,0,0,0,0,0,0,0,0,0,0,0,0.6390901,0,0.64346,0.6384528,0.6845008,0.7759276,0.7048347,0,0,0,0.6527791,0.6976385,0.9284536,1,0.8954005,0.6490976,0.6344174,0,0,0,0,0,0,0,0,0,0,0,0,0
0,0,0,0,0,0,0,0,0,0,0,0,0,0,0,0.8136708,1,0.9628769,0,0,0,0,0,0,0,0,0,0,0,0,0,0,0,0,0,0,0,0,0,0,0,0,0,0.8361256,0.8368526,0,0,0,0.9112988,1,0.8910237,0,0,0,0,0,0,0,0,0,0,0,0,0,0,0
0,0,0,0,0,0,0,0,0,0,0,0,0,0,0,0,1,0.9820183,0,0,0,0,0,0,0,0,0,0,0,0,0,0,0,0,0,0,0,0,0,0,0,0,0,0,0,0,0,0,0.8917969,1,0,0,0,0,0,0,0,0,0,0,0,0,0,0,0,0
0,0,0,0,0,0,0,0,0,0,0,0,0,0,0,0,1,0.9976799,0,0,0,0,0,0,0,0,0,0,0,0,0,0,0,0,0,0,0,0,0,0,0,0,0,0,0,0,0,0,0,1,0,0,0,0,0,0,0,0,0,0,0,0,0,0,0,0
0,0,0,0,0,0,0,0,0,0,0,0,0,0,0,0,1,0.9895905,0,0,0,0,0,0,0,0,0,0,0,0,0,0,0,0,0,0,0,0,0,0,0,0,0,0,0,0,0,0,0,1,0,0,0,0,0,0,0,0,0,0,0,0,0,0,0,0
0,0,0,0,0,0,0,0,0,0,0,0,0,0,0,0.8322378,1,0.9845365,0.8005888,0,0,0,0,0,0,0,0,0,0,0,0,0,0,0,0,0,0,0,0,0,0,0,0,0,0,0,0,0,0.9460748,1,0.8714564,0,0,0,0,0,0,0,0,0,0,0,0,0,0,0
0,0,0,0,0,0,0,0,0,0,0,0,0,0,0,0.8252972,1,0.9934373,0.8074562,0,0,0,0,0,0,0,0,0.7069868,0.7199592,0,0,0,0,0,0,0,0,0,0,0,0,0,0,0,0,0,0,0,0.9487532,1,0.8815243,0,0,0,0,0,0,0,0,0,0,0,0,0,0,0
0,0,0,0,0.7407853,0.7498375,0.7190614,0,0,0,0,0,0,0,0,0.8232417,1,0.9770464,0.7552403,0,0,0,0,0,0,0,0,0,0,0,0,0,0,0,0,0,0,0,0,0,0,0,0,0,0,0,0,0,0.9464977,1,0.8404259,0,0,0,0,0,0,0,0,0,0,0,0,0,0,0
0,0,0,0,0.7918631,0,0,0,0,0,0,0,0,0,0,0.779191,1,0.9796118,0,0,0,0,0,0,0,0,0,0,0,0,0,0,0,0,0,0,0,0,0,0,0,0,0,0,0,0,0,0,0.9243461,1,0.8584808,0,0,0,0,0,0,0,0,0,0,0,0,0,0,0
0,0,0,0,0,0,0,0,0,0,0,0,0,0,0,0,1,0.9784915,0.8384206,0.8379714,0,0,0,0,0,0,0,0,0,0,0,0,0,0,0,0,0,0,0,0,0,0,0,0,0,0,0,0,0.9467073,1,0.8928018,0,0,0,0,0,0,0,0,0,0,0,0,0,0,0
0,0,0,0,0,0,0,0,0,0.7136847,0.7241579,0.7814805,0.787009,0.7736786,0,0.796916,1,0.9877399,0.7521285,0,0,0,0,0,0,0,0,0,0,0,0,0,0,0,0,0,0,0,0,0,0,0,0,0,0.6865844,0.6799468,0.6853427,0,0.9363724,1,0.8720928,0.7179699,0,0,0,0,0,0,0,0,0,0,0,0,0,0
0,0,0,0,0,0,0,0,0,0,0,0,0,0,0.6749711,0.7833025,1,0.9858621,0.7681466,0.6908949,0.6686715,0.6687626,0,0,0,0,0,0,0,0,0,0,0,0,0,0,0,0,0,0,0,0,0,0,0,0,0,0.6295588,0.9283715,1,0.8864385,0.8193891,0.705493,0.6044204,0,0,0,0,0,0,0,0,0,0,0,0
0,0,0,0,0,0,0,0,0,0,0,0,0,0,0.6010602,0.8559399,1,0.9730639,0.7257064,0.8537936,0.8826773,0.8392779,0.7110655,0.7211221,0.6991802,0.641559,0.6215855,0.629935,0.6408021,0.6299534,0,0,0,0,0,0,0,0,0,0,0,0,0,0,0,0,0,0.6084468,0.9387306,1,0.8596006,0.8068321,0.7444021,0.636767,0.7587867,0.7647012,0.7187831,0.6595752,0,0.5811177,0.6241515,0.6023445,0,0,0,0
0,0,0,0,0,0,0,0,0,0,0,0,0,0,0,0.8205755,0.9984956,1,0.8494277,0,0.7993928,0.7976481,0,0.6471063,0,0.6749963,0.7271779,0.7748656,0.7602747,0.7077774,0.6483177,0.7206643,0.7676169,0,0,0,0,0,0,0,0,0,0,0,0,0,0,0.6987877,0.9492659,1,0.8835075,0.6751781,0,0.6365125,0.6479955,0.7027703,0.7109756,0.6924561,0.7388545,0.7473426,0.7188652,0.7194679,0.648551,0.6366666,0,0
0,0,0,0,0,0,0,0,0,0,0,0,0,0.6836759,0.6663173,0.8225285,1,0.9621918,0.7792423,0.7271198,0.6764666,0.6396728,0.7045482,0.6567726,0.7441109,0.7352136,0.6945053,0.687297,0.6405761,0.7066274,0,0.7361535,0.7846782,0,0,0,0,0,0,0,0,0,0,0,0,0,0,0.6276166,0.9323785,1,0.8696584,0.7035179,0.6178268,0.7317222,0.7477375,0.729965,0.7355778,0,0.7491346,0.7741896,0.7204331,0.6113994,0.6158505,0.6335046,0.6523783,0.6583174
0,0,0,0,0,0,0,0,0,0,0,0,0,0,0.7357528,0.8553928,1,0.982906,0.7487127,0.712038,0.6680686,0,0.6615171,0.7113643,0.6430947,0,0,0,0,0,0.6816064,0.6997184,0.659237,0,0,0,0,0,0,0,0,0,0,0,0,0,0,0.6548113,0.9422105,1,0.8871618,0.7139327,0.6100083,0.6806883,0.750045,0.6465814,0.6673774,0.6644883,0.6586784,0.6934044,0.6217744,0,0.6880444,0.7077216,0,0
0,0,0.645658,0.6706442,0.6014278,0.6387246,0.6859146,0.6347436,0.6612881,0.6919163,0.6646433,0.7070328,0.6636026,0.6045949,0.6065483,0.7795689,1,0.9940044,0.7641371,0.5925834,0,0,0,0,0,0,0,0,0,0,0,0,0,0,0,0,0,0,0,0,0,0,0,0.6750495,0.7154244,0.7246229,0.7369156,0.7668616,0.9286724,1,0.8962317,0.6826918,0,0.6736137,0.6523095,0.6920914,0.6929812,0.6336779,0.6203916,0.5988433,0.6249989,0.658011,0.5959321,0.6094244,0.6233102,0
0,0,0,0,0,0,0,0,0.727919,0,0.7518403,0.7515433,0,0.7709157,0.7260423,0.8414397,1,0.9962374,0.840296,0,0,0,0,0,0,0,0,0,0,0,0,0,0,0,0,0,0,0,0,0,0,0,0,0,0.8219703,0.7393576,0.8156057,0.8021024,0.9620134,1,0.8861241,0,0,0,0,0,0,0,0,0,0,0,0,0,0,0
0,0,0,0,0,0,0,0,0,0,0,0,0,0,0,0,1,0.9864329,0,0,0,0,0,0,0,0,0,0,0,0,0,0,0,0,0,0,0,0,0,0,0,0,0,0,0,0,0,0,0.9403816,1,0.9307974,0,0,0,0,0,0,0,0,0,0,0,0,0,0,0
0,0,0,0,0,0,0,0,0,0,0,0,0,0,0.8016133,0.8528551,1,0.9890391,0.741621,0,0,0,0,0,0,0,0,0,0,0,0,0,0,0,0,0,0,0,0,0,0,0,0,0,0,0,0,0.8041916,0.9610236,1,0.8792319,0,0,0,0,0,0,0,0,0,0,0,0,0,0,0
