GestureName: caret
Duration(ms): 1316
Handedness: right

SpeakerAngles: 5
55
-55
0
0
110

SpeakerElevations: 5
-10
-10
-10
0
30

InterpretedPoints: 28
0,0,0
0,-4.92403876506104,0.868240888334652
0,0,0
0,0,0
1.62759536269875,3.52213653048741,0.479055466999209
4.86860529362069,4.91454801804757,1.30540728933228
7.30290794043104,6.87182202707135,1.95811093399842
3.26937151987305,9.68094238740168,0.916221867996835
4.07607880398464,12.2458049088653,0.742573690329905
3.26228112263527,9.28255295573683,0.937166400997627
1.63468575993652,4.77560867223722,0.631759111665348
0.00709039723777505,2.25347214174981,0.152703644666139
0,0,0
0,0,0
0,0,0
0.771255297922724,15.7790123104851,-4.58377813200316
0,0,0
0,0,0
0,0,0
0,0,0
4.05480761227132,-1.69810036729966,1.84729635533386
-3.24100993092194,-8.62147707943907,0.215537243668512
-4.06189800950909,-8.59394333545065,-0.610814578664557
-3.26228112263527,-12.267360708749,-0.763518223330696
-7.30999833766881,-13.4992770506151,-0.895277334996044
-4.06898840674687,-9.96194827313991,-0.242573690329905
-3.24810032815972,-4.77560867223722,-0.631759111665348
-1.62050496546097,-2.23827989476202,0.0209445330007911

StrokePoints: 29
0,0,0
0,0,0
0,-4.92403876506104,0.868240888334652
0,-4.92403876506104,0.868240888334652
0,-4.92403876506104,0.868240888334652
1.62759536269875,-1.40190223457363,1.34729635533386
6.49620065631944,3.51264578347393,2.65270364466614
13.7991085967505,10.3844678105453,4.61081457866456
17.0684801166235,20.065410197947,5.52703644666139
21.1445589206082,32.3112151068123,6.2696101369913
24.4068400432434,41.5937680625491,7.20677653798892
26.04152580318,46.3693767347863,7.83853564965427
26.0486162004177,48.6228488765361,7.99123929432041
26.0486162004177,48.6228488765361,7.99123929432041
26.0486162004177,48.6228488765361,7.99123929432041
26.0486162004177,48.6228488765361,7.99123929432041
26.8198714983405,64.4018611870212,3.40746116231725
26.8198714983405,64.4018611870212,3.40746116231725
26.8198714983405,64.4018611870212,3.40746116231725
26.8198714983405,64.4018611870212,3.40746116231725
26.8198714983405,64.4018611870212,3.40746116231725
30.8746791106118,62.7037608197216,5.25475751765111
27.6336691796898,54.0822837402825,5.47029476131962
23.5717711701807,45.4883404048319,4.85948018265506
20.3094900475455,33.2209796960828,4.09596195932437
12.9994917098767,19.7217026454677,3.20068462432832
8.93050330312979,9.75975437232781,2.95811093399842
5.68240297497007,4.98414570009059,2.32635182233307
4.0618980095091,2.74586580532857,2.34729635533386

Velocities: 28
0,0,0
0,0,-5
0,0,0
0,0,0
1,1,1
2,0,2
3,0,3
3,5,4
4,5,4
2,3,4
1,2,2
0,1,1
0,0,0
0,0,0
0,0,0
6,0,6
0,0,0
0,0,0
0,0,0
0,0,0
2,0,-4
-3,-1,-3
-3,-2,-3
-2,-3,-5
-6,-4,-5
-4,-4,-5
-2,-1,-2
-1,0,-2

InverseVelocities: 28
0,0,0
0,0,0
0,0,0
0,0,0
0,0,0
0,0,0
0,0,0
0,0,0
0,0,0
0,0,0
0,0,0
0,0,0
0,0,0
0,0,0
0,0,0
-6,0,-4
0,0,0
0,0,0
0,0,0
0,0,0
-2,0,3
0,0,0
0,0,0
0,0,0
0,0,7
0,0,2
0,0,0
0,0,0

RawData: 28
0,0,0,0,0,0,0,0,0,0,0,0,0,0,0,0.9284242,1,0.906813,0,0,0,0,0,0,0,0,0,0,0,0,0,0,0,0,0,0,0,0,0,0,0,0,0,0,0,0,0,0,0.8685622,1,0.9460788,0,0,0,0,0,0,0,0,0,0,0,0,0,0,0,0,0,0,0,0,0,0,0,0,0,0,0,0,0,0,0.9553036,1,0.8691041,0,0,0,0,0,0,0,0,0,0,0,0,0,0,0,0,0,0,0,0,0,0,0,0,0,0,0,0,0,0,0.9100588,1,0.9728174,0.9348192,0,0,0,0,0,0,0,0,0,0,0,0,0,0,0,0,0,0,0,0,0,0,0,0,0,0,0,0,0,0.8706937,0.9764048,1,0.8490649,0,0,0,0,0,0,0,0,0,0,0,0,0,0
0,0,0,0,0,0,0,0,0,0,0,0,0,0,0,0.9369673,1,0.8896705,0,0,0,0,0,0,0,0,0,0,0,0,0,0,0,0,0,0,0,0,0,0,0,0,0,0,0,0,0,0.7674419,0.8885374,1,0.9624707,0.7291722,0,0,0,0,0,0,0,0,0,0,0,0,0,0,0,0,0,0,0,0,0,0,0.6853381,0.683809,0.6783381,0,0,0,0,0.9566346,1,0.874041,0,0,0,0,0,0,0,0,0,0,0,0,0,0,0,0,0,0,0,0,0,0,0,0,0,0,0,0,0,0.8607277,0.9512926,1,0.939615,0,0,0,0,0,0,0,0,0,0,0,0,0,0,0,0,0,0,0,0,0,0,0,0,0,0,0,0,0,0.7946863,0.7715695,0.9713433,1,0.854388,0,0,0,0,0,0,0,0,0,0,0,0,0,0
0,0,0,0,0,0,0,0,0,0,0,0,0,0,0,0.9310024,1,0.8849642,0,0,0,0,0,0,0,0,0,0,0,0,0,0,0,0,0,0,0,0,0,0,0,0,0,0,0,0,0,0,0.8349453,1,0.9631492,0.6658928,0,0,0,0,0,0,0,0,0,0,0,0,0,0,0,0,0,0,0,0,0,0,0,0,0,0,0,0,0,0.950299,1,0.8625136,0,0,0,0,0,0,0,0,0,0,0,0,0,0,0,0,0,0,0,0,0,0,0,0,0,0,0,0,0,0,0.8454989,1,0.9584484,0.7105618,0,0,0,0,0,0,0,0,0,0,0,0,0,0,0,0,0,0,0,0,0,0,0,0,0,0,0,0,0,0.7673618,0.9869499,1,0.8008264,0,0,0,0,0,0,0,0,0,0,0,0,0,0
0,0,0,0,0,0,0,0,0,0,0,0,0,0,0,0.9339883,1,0.8995481,0.8087409,0,0,0,0,0,0,0,0,0,0,0,0,0,0,0,0,0,0,0,0,0,0,0,0,0,0,0,0,0,0.838657,1,0.9768815,0.789838,0.6804641,0,0,0,0,0,0,0,0,0,0,0,0,0,0,0,0,0,0,0,0,0,0,0,0,0,0,0,0.6744751,0.9532657,1,0.8884388,0.679703,0,0,0,0,0,0,0,0,0,0,0,0,0,0,0,0,0,0,0,0,0,0,0,0,0,0,0,0,0,0.8652945,1,0.960225,0,0,0,0,0,0,0,0,0,0,0,0,0,0,0,0,0,0,0,0,0,0,0,0,0,0,0,0,0,0,0.6745687,0.9700515,1,0.8571274,0.7582769,0,0,0,0,0,0,0,0,0,0,0,0,0
0,0,0,0,0,0,0,0,0,0,0,0,0,0,0,0.9277653,1,0.9318451,0.9081235,0.8743972,0.735251,0,0,0,0,0,0,0,0,0,0,0,0,0,0,0,0,0,0,0,0,0,0,0,0,0,0,0,0.8351794,1,0.9681748,0.757382,0.8080983,0.7440778,0,0,0,0,0,0,0,0,0,0,0,0,0,0,0,0,0,0,0,0,0,0,0,0,0,0,0,0.956257,1,0.8877585,0.7868119,0.8077791,0.7605484,0,0,0,0,0,0,0,0,0,0,0,0,0,0,0,0,0,0,0,0,0,0,0,0,0,0,0,0.8347257,1,0,0.9230613,0.8744169,0.86787,0.779988,0,0,0,0,0,0,0,0,0,0,0,0,0,0,0,0,0,0,0,0,0,0,0,0,0,0,0.6770588,0.9628761,1,0.9005106,0.7320115,0.7888408,0.7111279,0,0,0,0,0,0,0,0,0,0,0
0,0,0,0,0,0,0,0,0,0,0,0,0,0,0.7203868,0.9469309,1,0.8697829,0.9056752,0.8698425,0.8103995,0.765192,0,0,0,0,0,0,0,0,0,0,0,0,0,0,0,0,0,0,0,0,0,0,0,0,0,0,0.8465764,1,0.9485629,0.8156736,0,0,0,0,0,0,0,0,0,0,0,0,0,0,0,0,0,0,0,0,0,0,0,0,0,0,0,0,0,0.9375986,1,0.9261506,0.8419632,0.8925646,0.9103379,0.8265385,0,0,0,0,0,0,0,0,0,0,0,0,0,0,0,0,0,0,0,0,0,0,0,0,0,0,0.8708401,1,0.95669,0.8475994,0.8913918,0.9464363,0.9279992,0.8377831,0,0,0,0,0,0,0,0,0,0,0,0,0,0,0,0,0,0,0,0,0,0,0,0,0,0.7313673,0.9806269,1,0.8705319,0.8294735,0.8451412,0.8267771,0.7946829,0.7710403,0,0,0,0,0,0,0,0,0
0,0,0,0,0,0,0,0,0,0,0,0,0,0,0.7023595,0.9357592,1,0.8918054,0.810614,0.8492973,0.8494607,0.8557534,0.7823151,0,0,0,0,0,0,0,0,0,0,0,0,0,0,0,0,0,0,0,0,0,0,0,0,0,0.857748,1,0.976693,0.9006786,0.806698,0,0,0,0,0,0,0,0,0,0,0,0,0,0,0,0,0,0,0,0,0,0,0,0,0,0,0,0,0.9401388,1,0.8713321,0.8267002,0.8423721,0.7536253,0.8554593,0.7331762,0,0,0,0,0,0,0,0,0,0,0,0,0,0,0,0,0,0,0,0,0,0,0,0,0,0.8827472,1,0.9684638,0.8683107,0.8515973,0.8007413,0.8681194,0.8477545,0.7406987,0,0,0,0,0,0,0,0,0,0,0,0,0,0,0,0,0,0,0,0,0,0,0,0,0.7749793,0.9906557,1,0.8226808,0.7831355,0.7603788,0.8420058,0.8730543,0.797964,0.7980911,0.7296178,0,0,0,0,0,0,0
0,0,0,0,0,0,0,0,0,0,0,0,0,0,0,0.912457,1,0.9244639,0.7544249,0.7047872,0.8421277,0.854773,0.762762,0,0,0,0,0,0,0,0,0,0,0,0,0,0,0,0,0,0,0,0,0,0,0,0,0,0.844575,1,0.9932258,0.864749,0.7769373,0.7785025,0.8691922,0.8406184,0.7642242,0.7630468,0,0,0,0,0,0,0,0,0,0,0,0,0,0,0,0,0,0,0,0,0,0,0,0.9429054,1,0.8816266,0.696743,0.75585,0.8178297,0.8409651,0.7797325,0.718065,0,0,0,0,0,0,0,0,0,0,0,0,0,0,0,0,0,0,0,0,0,0,0,0,0.8869005,1,0.957641,0.7623017,0.7613379,0.768114,0.8593139,0.825164,0,0,0,0,0,0,0,0,0,0,0,0,0,0,0,0,0,0,0,0,0,0,0,0,0,0.7487467,0.9731036,1,0.8473744,0.7464169,0.778774,0.7283465,0.7916464,0.699322,0.7568592,0.7272742,0,0,0,0,0,0,0
0,0,0,0,0,0,0,0,0,0,0,0,0,0.6206719,0.6079168,0.8975866,1,0.9233881,0.7368394,0.8294822,0,0.7296981,0.6383036,0.6281626,0,0,0,0,0,0,0,0,0,0,0,0,0,0,0,0,0,0,0,0,0,0,0,0,0,0.979548,1,0.7810602,0.7823434,0.7420136,0.7117119,0.7916419,0.7513468,0.7276771,0,0,0,0,0,0,0,0,0,0,0,0,0,0,0,0,0,0,0,0,0,0,0.5822956,0.9357808,1,0.8703067,0.7855858,0.7706779,0.7440672,0.6452584,0.6911772,0.6332464,0,0,0,0,0,0,0,0,0,0,0,0,0,0,0,0,0,0,0,0,0,0,0,0,0.8390755,1,0.980207,0.8013623,0.7484273,0.7412754,0.763617,0.7928973,0.8050924,0.7057714,0,0,0,0,0,0,0,0,0,0,0,0,0,0,0,0,0,0,0,0,0,0,0,0.6655391,0.9545341,1,0.86315,0.7262759,0.775161,0.7945161,0.8036567,0.8128577,0.797448,0.6703535,0,0,0,0,0,0,0
0,0,0,0,0,0,0,0,0,0,0,0,0,0,0,0.9099981,1,0.9112011,0.8385565,0.8523281,0.787854,0.7289038,0,0,0,0,0,0,0,0,0,0,0,0,0,0,0,0,0,0,0,0,0,0,0,0,0,0,0.7952288,0.9971192,1,0.8095173,0.7325319,0.8984405,0.9082299,0.8166225,0,0,0,0,0,0,0,0,0,0,0,0,0,0,0,0,0,0,0,0,0,0,0,0,0.6220781,0.9327034,1,0.9242437,0.6690313,0.7691336,0.7461523,0.737642,0.6777208,0.6089741,0,0,0,0,0,0,0,0,0,0,0,0,0,0,0,0,0,0,0,0,0,0,0,0,0.858806,1,0.957462,0.7294046,0.8223907,0.8281308,0.7820189,0.7986296,0.7507581,0,0,0,0,0,0,0,0,0,0,0,0,0,0,0,0,0,0,0,0,0,0,0,0,0.6311863,0.9491564,1,0.8927571,0.7299784,0.7103826,0.743667,0.7641161,0.8011591,0.7087064,0,0,0,0,0,0,0,0
0,0,0,0,0,0,0,0,0,0,0,0,0,0,0,0.923789,1,0.9036418,0,0.8205982,0.7887465,0,0,0,0,0,0,0,0,0,0,0,0,0,0,0,0,0,0,0,0,0,0,0,0,0,0,0,0,0.9883808,1,0.8821066,0.9180289,0.9516106,0.8516816,0,0,0,0,0,0,0,0,0,0,0,0,0,0,0,0,0,0,0,0,0,0,0,0,0,0,0.9487113,1,0.8837135,0.8207604,0.796619,0.7713776,0.7532717,0,0,0,0,0,0,0,0,0,0,0,0,0,0,0,0,0,0,0,0,0,0,0,0,0,0,0.8683475,1,0.9848612,0.861756,0.8741248,0.8522052,0.7818809,0,0,0,0,0,0,0,0,0,0,0,0,0,0,0,0,0,0,0,0,0,0,0,0,0,0,0,0.9639928,1,0.889327,0.8997615,0.8845018,0.8582557,0.8118337,0,0,0,0,0,0,0,0,0,0
0,0,0,0,0,0,0,0,0,0,0,0,0,0,0,0.9100966,1,0.9211542,0.7643895,0.7159204,0,0,0,0,0,0,0,0,0,0,0,0,0,0,0,0,0,0,0,0,0,0,0,0,0,0,0,0,0.747864,1,0.932906,0.9780407,0.9730011,0.8515534,0,0,0,0,0,0,0,0,0,0,0,0,0,0,0,0,0,0,0,0,0,0,0,0,0,0,0.6178648,0.923068,1,0.902472,0.7457159,0.700645,0.6508307,0,0,0,0,0,0,0,0,0,0,0,0,0,0,0,0,0,0,0,0,0,0,0,0,0,0,0,0.8338312,1,0.9733882,0.849593,0.8153891,0.7292273,0,0,0,0,0,0,0,0,0,0,0,0,0,0,0,0,0,0,0,0,0,0,0,0,0,0,0,0.6661277,0.9387981,1,0.8706685,0.6223167,0.7471423,0,0,0,0,0,0,0,0,0,0,0,0
0,0,0,0,0,0,0,0,0,0,0,0,0,0,0,0.9001617,1,0.9252001,0,0,0,0,0,0,0,0,0,0,0,0,0,0,0,0,0,0,0,0,0,0,0,0,0,0,0,0,0,0,0.7565466,0.951781,1,0.9422114,0.7743149,0,0,0,0,0,0,0,0,0,0,0,0,0,0,0,0,0,0,0,0,0,0,0,0,0,0,0,0,0.9404293,1,0.8702689,0.746391,0.6323271,0,0,0,0,0,0,0,0,0,0,0,0,0,0,0,0,0,0,0,0,0,0,0,0,0,0,0,0,0.824372,0.9996318,1,0.8721906,0.6940431,0,0,0,0,0,0,0,0,0,0,0,0,0,0,0,0,0,0,0,0,0,0,0,0,0,0,0,0,0,0.9351368,1,0.927421,0.7808596,0,0,0,0,0,0,0,0,0,0,0,0,0
0,0,0,0,0,0,0,0,0,0,0,0,0,0,0,0.9055887,1,0.9307295,0.6115696,0,0,0,0,0,0,0,0,0,0,0,0,0,0,0,0,0,0,0,0,0,0,0,0,0,0,0,0,0,0.8193203,1,0.8352742,0.8867563,0,0,0,0,0,0,0,0,0,0,0,0,0,0,0,0,0,0,0,0,0,0,0,0,0,0,0,0,0,0.9351091,1,0.9022114,0,0,0,0,0,0,0,0,0,0,0,0,0,0,0,0,0,0,0,0,0,0,0,0,0,0,0,0,0,0,0.8265859,1,0.9659367,0,0,0,0,0,0,0,0,0,0,0,0,0,0,0,0,0,0,0,0,0,0,0,0,0,0,0,0,0,0,0,0.979102,1,0.7016633,0,0,0,0,0,0,0,0,0,0,0,0,0,0
0,0,0,0,0,0,0,0,0,0,0,0,0,0,0,0.9096889,1,0.9135548,0,0,0,0,0,0,0,0,0,0,0,0,0,0,0,0,0,0,0,0,0,0,0,0,0,0,0,0,0,0,0.7689036,0.9944267,1,0.813682,0,0,0,0,0,0,0,0,0,0,0,0,0,0,0,0,0,0,0,0,0,0,0,0,0,0,0,0,0,0.924287,1,0.9003671,0,0,0,0,0,0,0,0,0,0,0,0,0,0,0,0,0,0,0,0,0,0,0,0,0,0,0,0,0,0,0.7873471,1,0.9862976,0.7417563,0,0,0,0,0,0,0,0,0,0,0,0,0,0,0,0,0,0,0,0,0,0,0,0,0,0,0,0,0,0,0.9455154,1,0.8707747,0,0,0,0,0,0,0,0,0,0,0,0,0,0
0,0,0,0,0,0,0,0.6107851,0.6531428,0.6691915,0.6666513,0.6273222,0,0,0.6507061,0.918779,1,0.9208291,0.6582658,0,0,0.6407131,0.6735942,0.6703957,0.6497239,0.5932793,0,0,0,0,0,0,0,0,0,0,0,0,0,0,0,0,0,0,0,0,0,0,0.8099969,1,0.9924567,0.7670898,0,0,0,0,0,0,0,0,0,0,0,0,0,0,0,0,0,0,0,0,0,0,0,0.6129352,0.6156502,0,0,0,0.67533,0.9265378,1,0.9148334,0.6867552,0.5994294,0,0.64384,0.6640418,0.6688102,0.6535255,0.6265177,0,0,0,0,0,0,0,0,0,0,0,0,0,0,0,0,0,0,0,0,0,0,0.8297805,1,0.9762749,0.7597154,0.6556492,0,0,0.6914451,0.6792157,0.6799048,0,0,0,0,0,0,0,0,0,0,0,0,0,0,0,0,0.6457304,0.6793872,0.6846924,0.686505,0.6488658,0,0,0.7178046,0.9451681,1,0.8813604,0,0,0,0,0,0,0,0,0,0,0,0,0,0
0,0,0,0,0,0,0,0,0,0,0,0,0,0,0,0.9156514,1,0.918315,0,0,0,0,0,0,0,0,0,0,0,0,0,0,0,0,0,0,0,0,0,0,0,0,0,0,0,0,0,0,0.7881777,1,0.9953101,0.7551644,0,0,0,0,0,0,0,0,0,0,0,0,0,0,0,0,0,0,0,0,0,0,0,0,0,0,0,0,0,0.9252816,1,0.9056343,0,0,0,0,0,0,0,0,0,0,0,0,0,0,0,0,0,0,0,0,0,0,0,0,0,0,0,0,0,0,0.8524119,1,0.9640853,0.7083021,0,0,0,0,0,0,0,0,0,0,0,0,0,0,0,0,0,0,0,0,0,0,0,0,0,0,0,0,0,0,0.943066,1,0.8731947,0,0,0,0,0,0,0,0,0,0,0,0,0,0
0,0,0,0,0,0,0,0,0,0,0,0,0,0,0,0.9243101,1,0.9013397,0.6111794,0,0,0,0,0,0,0,0,0,0,0,0,0,0,0,0,0,0,0,0,0,0,0,0,0,0,0,0,0,0.7817695,1,0.9832181,0,0,0,0,0,0,0,0,0,0,0,0,0,0,0,0,0,0,0,0,0,0,0,0,0,0,0,0,0,0.6920462,0.9541327,1,0.8676832,0.6046534,0,0,0,0,0,0,0,0,0,0,0,0,0,0,0,0,0,0,0,0,0,0,0,0,0,0,0,0,0,0.9002492,1,0.9332162,0,0,0,0,0,0,0,0,0,0,0,0,0,0,0,0,0,0,0,0,0,0,0,0,0,0,0,0,0,0,0.7485344,0.9729035,1,0.8398502,0,0,0,0,0,0,0,0,0,0,0,0,0,0
0,0,0,0,0,0,0,0,0,0,0,0,0,0,0.7492082,0.8901372,1,0.9049412,0,0,0,0,0,0,0,0,0,0,0,0,0,0,0,0,0,0,0,0,0,0,0,0,0,0,0,0,0,0,0.8404888,1,0.9744201,0.724913,0,0,0,0,0,0,0,0,0,0,0,0,0,0,0,0,0,0,0,0,0,0,0,0,0,0,0,0.6123634,0.7872011,0.9759024,1,0.8668467,0,0,0,0,0,0,0,0,0,0,0,0,0,0,0,0,0,0,0,0,0,0,0,0,0,0,0,0,0,0.6851617,0.9305492,1,0.9269962,0,0,0,0,0,0,0,0,0,0,0,0,0,0,0,0,0,0,0,0,0,0,0,0,0,0,0,0,0,0,0.8262103,0.9895437,1,0.8404898,0,0,0,0,0,0,0,0,0,0,0,0,0,0
0,0,0,0,0,0,0,0,0,0,0,0,0,0.7441961,0.8409333,0.9654809,1,0.8851146,0,0,0,0,0,0,0,0,0,0,0,0,0,0,0,0,0,0,0,0,0,0,0,0,0,0,0,0,0,0.892789,0.9210088,0.994854,1,0,0,0,0,0,0,0,0,0,0,0,0,0,0,0,0,0,0,0,0,0,0,0,0,0,0,0,0,0.7445778,0.8502182,0.9218427,1,0.8687049,0.6429942,0,0,0,0,0,0,0,0,0,0,0,0,0,0,0,0,0,0,0,0,0,0,0,0,0,0,0,0,0.8357556,0.8743112,1,0.9862359,0,0,0,0,0,0,0,0,0,0,0,0,0,0,0,0,0,0,0,0,0,0,0,0,0,0,0,0,0,0.7328205,0.8891364,0.9017767,1,0.8502295,0,0,0,0,0,0,0,0,0,0,0,0,0,0
0,0,0,0,0,0,0,0,0,0,0,0.6424928,0.7096108,0.7418882,0.741852,0.9335713,1,0.8998488,0,0,0.6469023,0.6525661,0,0,0,0,0,0,0,0,0,0,0,0,0,0,0,0,0,0,0,0,0,0,0,0,0.7742533,0.8675188,0.9045929,1,0.9289609,0,0,0,0,0,0,0,0,0,0,0,0,0,0,0,0,0,0,0,0,0,0,0,0,0.6267058,0.6758358,0.7438083,0.7062047,0.6621022,0.7406496,0.9633477,1,0.88914,0,0.6551707,0.7021911,0.6786377,0.6429299,0,0,0,0,0,0,0,0,0,0,0,0,0,0,0,0,0,0,0,0,0,0.7558619,0.8682984,0.9148744,0.8938422,0.8309079,1,0.9647369,0.7002702,0,0.6813251,0.7159261,0,0,0,0,0,0,0,0,0,0,0,0,0,0,0,0,0,0,0,0,0,0,0.6950102,0.6789265,0.8292332,0.812416,0.8609647,1,0.9991937,0.8496072,0,0.6489466,0.6998612,0.6663612,0,0,0,0,0,0,0,0,0,0
0,0,0,0,0,0,0,0,0,0,0.6475582,0.74134,0.689046,0.7163958,0.748237,0.9294142,1,0.8908772,0,0,0,0,0,0,0,0,0,0,0,0,0,0,0,0,0,0,0,0,0,0,0,0,0,0,0,0.7102709,0.766105,0.8031996,0.7412717,1,0.9636126,0.721227,0,0,0,0,0,0,0,0,0,0,0,0,0,0,0,0,0,0,0,0,0,0,0,0,0.6218836,0.765872,0.7882391,0.7475531,0.6920204,0.9451772,1,0.8706993,0,0,0,0,0,0,0,0,0,0,0,0,0,0,0,0,0,0,0,0,0,0,0,0,0.5748478,0.6366374,0.845495,0.9167709,0.88867,0.8008277,0.8932167,1,0.942757,0.6145996,0,0,0,0,0,0,0,0,0,0,0,0,0,0,0,0,0,0,0,0,0,0,0,0,0,0.7114763,0.8408595,0.8806446,0.8141076,0.7431023,0.969793,1,0.8254327,0,0,0,0,0,0,0,0,0,0,0,0,0,0
0,0,0,0,0,0,0,0,0,0,0.7468317,0.7686598,0,0.6724546,0.6907607,0.9296128,1,0.9011379,0,0,0,0,0,0,0,0,0,0,0,0,0,0,0,0,0,0,0,0,0,0,0,0,0,0,0.7364233,0.7650998,0.7970077,0.8169097,0.9112337,1,0.9554981,0,0,0,0,0,0,0,0,0,0,0,0,0,0,0,0,0,0,0,0,0,0,0,0,0,0.7277534,0.678363,0.6609976,0,0.6927415,0.9536296,1,0.8792387,0,0,0,0,0,0,0,0,0,0,0,0,0,0,0,0,0,0,0,0,0,0,0,0,0.7091457,0.6687161,0.8108233,0.7815831,0.7427585,0.7695735,0.8507218,1,0.9570016,0,0,0,0,0,0,0,0,0,0,0,0,0,0,0,0,0,0,0,0,0,0,0,0,0.6998764,0.8057575,0.8476722,0.8570721,0.8706008,0.8694057,0.7306081,0.9794003,1,0.8330747,0,0,0,0,0,0,0,0,0,0,0,0,0,0
0,0,0,0,0,0,0,0,0,0,0,0.6610715,0.6576632,0.722402,0.7314903,0.9231983,1,0.8920534,0,0,0,0,0,0,0,0,0,0,0,0,0,0,0,0,0,0,0,0,0,0,0,0,0,0.8730758,0.8928863,0,0,0,0.8139373,1,0.9828917,0,0,0,0,0,0,0,0,0,0,0,0,0,0,0,0,0,0,0,0,0,0,0,0.6903755,0.6892309,0.7001522,0.6739434,0.6684268,0.7015373,0.6977121,0.9498115,1,0.8806224,0,0,0,0,0,0,0,0,0,0,0,0,0,0,0,0,0,0,0,0,0,0,0.6842607,0.7815042,0.7916629,0.7547218,0.6376531,0.665257,0,0.6864072,0.8858442,1,0.9502115,0.6608182,0,0,0,0,0,0,0,0,0,0,0,0,0,0,0,0,0,0,0,0,0,0,0.6905314,0.7946267,0.7180855,0.695118,0.6522371,0.7763201,0.6620305,0.767625,0.9541885,1,0.8798215,0.632097,0,0,0,0,0,0,0,0,0,0,0,0,0
0,0,0,0,0,0,0,0.5964208,0.6655328,0.716989,0.6012759,0.6897666,0.68344,0,0,0.9250315,1,0.8938742,0,0,0,0,0,0,0,0,0,0,0,0,0,0,0,0,0,0,0,0,0,0,0,0,0.7200358,0.928157,0.9748626,0.9528657,0.8954558,0.7767438,0.8354492,1,0.9772457,0.7848665,0.7132887,0,0,0,0,0,0,0,0,0,0,0,0,0,0,0,0,0,0,0,0,0,0.7186593,0.7748531,0.784573,0.7898324,0.7470752,0.6684773,0.6358888,0.952433,1,0.8634143,0.6524855,0.6458949,0.6143759,0.6071556,0.6110538,0,0.5936034,0.6111156,0.5903687,0,0,0,0,0,0,0,0,0,0,0,0,0,0,0.7281452,0.7606818,0.7615852,0.8176271,0.8160606,0.7182883,0,0.8652126,1,0.9394988,0.6609621,0,0.6232526,0.6228071,0,0,0,0,0,0,0,0,0,0,0,0,0,0,0,0,0,0.6371051,0.6291338,0.6632787,0.802139,0.8738468,0.8738757,0.7828496,0.8171253,0.7634905,0.7317703,0.9571311,1,0.8581662,0.6720605,0.6318907,0.6586835,0.6197958,0,0,0,0,0,0,0,0,0,0
0,0,0,0,0,0,0,0,0,0.7822773,0.8081706,0.7618074,0.7583883,0.7179742,0.7195676,0.9432032,1,0.9070811,0,0,0,0,0,0,0,0,0,0,0,0,0,0,0,0,0,0,0,0,0,0,0,0,0.8292123,0.9153396,0.878676,0.829459,0.8060007,0,0,1,0.9751148,0,0,0,0,0,0,0,0,0,0,0,0,0,0,0,0,0,0,0,0,0,0,0,0.7201832,0.7210567,0,0.7324166,0.7877449,0.7176446,0.7404352,0.9613634,1,0.8861291,0,0,0,0.7095212,0,0,0,0,0,0,0,0,0,0,0,0,0,0,0,0,0,0,0,0,0,0,0.7290152,0.7685058,0,0,0.8947442,1,0.9611407,0.7362715,0,0,0,0,0,0,0,0,0,0,0,0,0,0,0,0,0,0,0,0,0,0,0.7297175,0,0.8064349,0,0.8593622,0.8127073,0,0.7666968,0.973739,1,0.8535672,0,0,0,0,0,0,0,0,0,0,0,0,0,0
0,0,0,0,0,0,0,0,0,0,0,0.7016854,0.7184628,0.8559824,0.8635924,0.9442127,1,0.9038721,0,0,0,0,0,0,0,0,0,0,0,0,0,0,0,0,0,0,0,0,0,0,0,0,0,0,0,0.7819318,0.8303075,0.8365048,0.8816293,1,0.9664949,0,0,0,0,0,0,0,0,0,0,0,0,0,0,0,0,0,0,0,0,0,0,0,0,0,0,0.722966,0.7741464,0.8489946,0.854306,0.963838,1,0.8734867,0,0,0,0,0,0,0,0,0,0,0,0,0,0,0,0,0,0,0,0,0,0,0,0,0,0,0.7495229,0.7672247,0.8598614,0.8954888,0.8924948,1,0.9576644,0,0,0,0,0,0,0,0,0,0,0,0,0,0,0,0,0,0,0,0,0,0,0,0,0,0.7167198,0.7332757,0,0.7404796,0.7806365,0,0.9943132,1,0.7619058,0,0,0,0,0,0,0,0,0,0,0,0,0,0
0,0,0,0,0,0,0,0,0,0,0,0,0.6625872,0.7842039,0.848273,0.9588903,1,0.8846382,0,0,0,0,0,0,0,0,0,0,0,0,0,0,0,0,0,0,0,0,0,0,0,0,0,0,0,0,0,0.7383098,0.8707528,1,0.9477799,0.6782279,0,0,0,0,0,0,0,0,0,0,0,0,0,0,0,0,0,0,0,0,0,0,0,0,0,0.5808958,0.6287361,0.7414384,0.8491198,0.9717805,1,0.8531794,0,0,0,0,0,0,0,0,0,0,0,0,0,0,0,0,0,0,0,0,0,0,0,0,0,0,0,0,0.5841099,0.8733556,0.9206403,1,0.946554,0.6170593,0,0,0,0,0,0,0,0,0,0,0,0,0,0,0,0,0,0,0,0,0,0,0,0,0,0,0.5913889,0.6234121,0.693369,0.8302378,0.9446998,1,0.8408613,0,0,0,0,0,0,0,0,0,0,0,0,0,0
