GestureName: w
Duration(ms): 1222
Handedness: right

SpeakerAngles: 5
55
-55
0
0
110

SpeakerElevations: 5
-10
-10
-10
0
30

InterpretedPoints: 26
0,0,0
0.813797681349374,-0.296198132726024,0.5
-0.778345695160498,4.60913558243844,0.784462756331487
0.0212711917133253,8.01986651110392,-0.236481776669304
-0.792526489636048,5.07180680496324,0.131759111665348
1.63468575993652,5.76041642524942,0.458110933998418
0.813797681349374,3.67341737329839,0.152703644666139
1.6134145682232,3.11453279593946,-0.520944533000791
1.62050496546097,2.25347214174981,0.152703644666139
1.6134145682232,3.11453279593946,-0.520944533000791
2.42721224957257,2.68860962028618,0.32635182233307
2.43430264681035,2.81235671910874,0.82635182233307
-0.806707284111599,0.290220188621337,0.347296355333861
-1.62050496546097,-4.38319718467706,0.194592710667721
-0.813797681349374,-0.703801867273976,-0.5
0,0,0
0,0,0
0.813797681349374,3.81833466321343,-0.0209445330007911
1.62759536269875,5.40760373454795,1
1.62759536269875,4.39241148756016,0.82635182233307
1.62759536269875,2.39241148756016,0.82635182233307
0,0,0
0,-1,0
-0.813797681349374,-4.67341737329839,-0.152703644666139
0,-3.98480775301221,0.17364817766693
-2.43430264681035,-10.1711473539149,0.562833599002373

StrokePoints: 27
0,0,0
0,0,0
0.813797681349374,-0.296198132726024,0.5
0.0354519861888755,4.31293744971241,1.28446275633149
0.0567231779022007,12.3328039608163,1.04798097966218
-0.735803311733848,17.4046107657796,1.17974009132753
0.898882448202675,23.165027191029,1.63785102532595
1.71268012955205,26.8384445643274,1.79055466999209
3.32609469777525,29.9529773602668,1.2696101369913
4.94659966323622,32.2064495020167,1.42231378165744
6.56001423145942,35.3209822979561,0.901369248656646
8.98722648103199,38.0095919182423,1.22772107098972
11.4215291278423,40.821948637351,2.05407289332279
10.6148218437307,41.1121688259724,2.40136924865665
8.99431687826976,36.7289716412953,2.59596195932437
8.18051919692039,36.0251697740213,2.09596195932437
8.18051919692039,36.0251697740213,2.09596195932437
8.18051919692039,36.0251697740213,2.09596195932437
8.99431687826976,39.8435044372348,2.07501742632358
10.6219122409685,45.2511081717827,3.07501742632358
12.2495076036673,49.6435196593429,3.90136924865665
13.877102966366,52.0359311469031,4.72772107098972
13.877102966366,52.0359311469031,4.72772107098972
13.877102966366,51.0359311469031,4.72772107098972
13.0633052850166,46.3625137736047,4.57501742632358
13.0633052850166,42.3777060205925,4.74866560399051
10.6290026382063,32.2065586666776,5.31149920299288

Velocities: 26
0,0,0
0,0,0
0,5,2
2,5,3
0,3,2
1,2,3
0,0,2
2,0,1
1,0,1
2,0,1
1,-1,1
0,-1,2
-2,-1,1
-2,-1,-1
0,0,0
0,0,0
0,0,0
1,1,1
0,0,0
0,0,1
0,0,1
0,0,0
0,0,0
0,0,-2
0,0,-1
-3,-2,-4

InverseVelocities: 26
0,0,0
0,0,0
0,0,0
0,0,0
0,0,0
0,0,0
0,0,0
0,0,0
0,0,0
0,0,0
0,0,-1
0,0,-1
0,0,-3
0,0,0
0,0,0
0,0,0
0,0,0
0,0,0
0,0,0
0,0,0
0,0,-1
0,0,0
0,0,0
0,0,0
0,0,0
0,0,0

RawData: 26
0,0,0,0,0,0,0,0,0,0,0,0,0,0,0,0.9544995,1,0.8741508,0,0,0,0,0,0,0,0,0,0,0,0,0,0,0,0,0,0,0,0,0,0,0,0,0,0,0,0,0,0,0,0.947179,1,0.9294497,0,0,0,0,0,0,0,0,0,0,0,0,0,0,0,0,0,0,0,0,0,0,0,0,0,0,0,0,0,0.984553,1,0,0.8135672,0,0,0,0,0,0,0,0,0,0,0,0,0,0,0,0,0,0,0,0,0,0,0,0,0,0,0,0,0,0.881795,0.9889816,1,0.8873008,0,0,0,0,0,0,0,0,0,0,0,0,0,0,0,0,0,0,0,0,0,0,0,0,0,0,0,0,0,0,0.9902438,0.9654613,1,0,0,0,0,0,0,0,0,0,0,0,0,0,0
0,0,0,0,0,0,0,0,0,0,0,0,0,0,0.7207007,0.9322947,1,0.8981704,0,0,0,0,0,0,0,0,0,0,0,0,0,0,0,0,0,0,0,0,0,0,0,0,0,0,0,0,0,0,0.7784681,0.9493898,0.9182304,1,0.784373,0,0,0,0,0,0,0,0,0,0,0,0,0,0,0,0,0,0,0,0,0,0,0,0,0,0,0,0.6703544,0.9413981,1,0.9132507,0.7183784,0.633926,0,0,0,0,0,0,0,0,0,0,0,0,0,0,0,0,0,0,0,0,0,0,0,0,0,0,0,0.6618837,0.8795537,1,0.911281,0.7301404,0.7139814,0,0,0,0,0,0,0,0,0,0,0,0,0,0,0,0,0,0,0,0,0,0,0,0,0,0,0,0,0.6904393,0.9191707,1,0.9145499,0.6891792,0.7466778,0,0,0,0,0,0,0,0,0,0,0,0
0,0,0,0,0,0,0,0,0,0,0,0,0,0,0.6058497,0.9618096,1,0.8607839,0.8471463,0,0,0,0,0,0,0,0,0,0,0,0,0,0,0,0,0,0,0,0,0,0,0,0,0,0,0,0,0,0.8057374,1,0.9831604,0.9502882,0.9467498,0.7974792,0,0.6545243,0.6449264,0.608763,0,0,0,0,0,0,0,0,0,0,0,0,0,0,0,0,0,0,0,0,0,0.5559614,0.6087374,0.9594341,1,0.822692,0.7529176,0.698413,0.6610736,0.6079503,0,0,0,0,0,0,0,0,0,0,0,0,0,0,0,0,0,0,0,0,0,0,0,0,0,0,0.8621579,1,0.9463909,0.7866267,0.7314796,0.7008855,0,0,0,0,0,0,0,0,0,0,0,0,0,0,0,0,0,0,0,0,0,0,0,0,0,0,0,0.5767012,0.9485227,1,0.9148719,0.8333216,0.783251,0.7417378,0.5889564,0.6146185,0,0,0,0,0,0,0,0,0
0,0,0,0,0,0,0,0,0,0,0,0,0,0,0.6262038,0.9165826,1,0.9621085,0.8769574,0.7340003,0.7027347,0.6609223,0,0,0,0,0,0,0,0,0,0,0,0,0,0,0,0,0,0,0,0,0,0,0,0,0,0,0.838163,1,0.9229507,0.9530345,0.948475,0.8756222,0.8829867,0.6997596,0.7448663,0.7202536,0,0,0,0,0,0,0,0,0,0,0,0,0,0,0,0,0,0,0,0,0,0,0,0.9285803,1,0.9385114,0.8745196,0.7884582,0.7008089,0.6652923,0.6257992,0,0,0,0,0,0,0,0,0,0,0,0,0,0,0,0,0,0,0,0,0,0,0,0,0.6540284,0.8291371,1,0.9707198,0.7625409,0.7929319,0.785,0.6829486,0,0,0,0,0,0,0,0,0,0,0,0,0,0,0,0,0,0,0,0,0,0,0,0,0,0,0.7566212,0.9769751,1,0.9520352,0.8495461,0.9122839,0.7683917,0.8003736,0,0,0,0,0,0,0,0,0,0
0,0,0,0,0,0,0,0,0,0,0,0,0,0,0.7701835,0.9362133,1,0.9101415,0,0.7728186,0,0,0,0,0,0,0,0,0,0,0,0,0,0,0,0,0,0,0,0,0,0,0,0,0,0,0,0,0.8066618,1,0.9988021,0,0.8963121,0,0.8890116,0.8428889,0,0,0,0,0,0,0,0,0,0,0,0,0,0,0,0,0,0,0,0,0,0,0,0,0.7772388,0.9730837,1,0.9010713,0.7840772,0.7600875,0.8120487,0.7768331,0,0,0,0,0,0,0,0,0,0,0,0,0,0,0,0,0,0,0,0,0,0,0,0,0,0,0.8923686,1,0.9682968,0.8425109,0.8681712,0.8614176,0.809379,0,0,0,0,0,0,0,0,0,0,0,0,0,0,0,0,0,0,0,0,0,0,0,0,0,0,0,0.9609123,0.9991276,1,0.9646755,0.8980607,0.894218,0,0,0,0,0,0,0,0,0,0,0
0,0,0,0,0,0,0,0,0,0,0,0,0,0,0.6614328,0.93006,1,0.8766428,0.8040204,0.7752932,0.7107775,0,0,0,0,0,0,0,0,0,0,0,0,0,0,0,0,0,0,0,0,0,0,0,0,0,0,0.853458,0.8363038,1,0.9127766,0,0.7801421,0.8119478,0.7596089,0,0,0,0,0,0,0,0,0,0,0,0,0,0,0,0,0,0,0,0,0,0,0,0,0.7361493,0.8116908,0.9684489,1,0.8654363,0.7697366,0.7245457,0.7262492,0.6740252,0.6733019,0,0,0,0,0,0,0,0,0,0,0,0,0,0,0,0,0,0,0,0,0,0,0,0,0.708585,0.8647865,1,0.9336498,0.799301,0.8235897,0.7986853,0.7722727,0,0,0,0,0,0,0,0,0,0,0,0,0,0,0,0,0,0,0,0,0,0,0,0,0,0.8007791,0.8766717,1,0.9963681,0.7995679,0,0.7412112,0.8126175,0.8094711,0,0,0,0,0,0,0,0,0,0
0,0,0,0,0,0,0,0,0,0,0,0,0,0,0,0.934324,1,0.9282603,0.7762427,0.798484,0,0,0,0,0,0,0,0,0,0,0,0,0,0,0,0,0,0,0,0,0,0,0,0,0,0,0,0.8560131,0.9296895,0.9943262,1,0.9314063,0.8556068,0,0,0,0,0,0,0,0,0,0,0,0,0,0,0,0,0,0,0,0,0,0,0,0,0,0,0,0.8192227,0.9311185,1,0.9221137,0.8097599,0,0,0.7733222,0,0,0,0,0,0,0,0,0,0,0,0,0,0,0,0,0,0,0,0,0,0,0,0,0,0,0.9082267,1,0.9596998,0.8084363,0.8090232,0.8087687,0.7947586,0,0,0,0,0,0,0,0,0,0,0,0,0,0,0,0,0,0,0,0,0,0,0,0,0,0,0.8777132,0.9202756,1,0.9166673,0.8409066,0.8188718,0,0,0,0,0,0,0,0,0,0,0,0
0,0,0,0,0,0,0,0,0,0,0,0,0,0,0.6879029,0.9041197,1,0.9041342,0.7136341,0.7691484,0.7626007,0.6637253,0,0,0,0,0,0,0,0,0,0,0,0,0,0,0,0,0,0,0,0,0,0,0,0,0.7658203,0.8623897,0.8982816,1,0.9827689,0.8314208,0.6786492,0,0,0,0,0,0,0,0,0,0,0,0,0,0,0,0,0,0,0,0,0,0,0,0,0,0,0.7728809,0.8329263,0.9140276,1,0.9040191,0,0.7486686,0.7133873,0,0,0,0,0,0,0,0,0,0,0,0,0,0,0,0,0,0,0,0,0,0,0,0,0.668029,0.7390085,0.7732076,0.8527857,1,0.9775965,0.8150414,0.7175376,0.7369019,0,0,0,0,0,0,0,0,0,0,0,0,0,0,0,0,0,0,0,0,0,0,0,0,0,0.7472525,0.8297269,0.7923117,0.9566424,1,0.8398263,0.7483926,0,0,0,0,0,0,0,0,0,0,0,0,0
0,0,0,0,0,0,0,0,0,0,0,0,0,0,0,0.9121581,1,0.8919256,0.7608183,0.7295834,0.6725199,0,0,0,0,0,0,0,0,0,0,0,0,0,0,0,0,0,0,0,0,0,0,0,0,0,0.7123809,0,0.8453518,0.9980038,1,0.8265386,0,0,0,0,0,0,0,0,0,0,0,0,0,0,0,0,0,0,0,0,0,0,0,0,0,0,0,0.7587312,0.7975001,0.9232242,1,0.8818589,0.7582429,0,0.6830255,0,0,0,0,0,0,0,0,0,0,0,0,0,0,0,0,0,0,0,0,0,0,0,0,0,0.6783413,0.7665465,0.8791715,1,0.9798641,0.8421027,0.7808087,0.7114096,0,0,0,0,0,0,0,0,0,0,0,0,0,0,0,0,0,0,0,0,0,0,0,0,0,0,0,0.6720769,0.9586076,1,0.8451028,0.7433949,0.6683779,0,0,0,0,0,0,0,0,0,0,0,0
0,0,0,0,0,0,0,0,0,0,0,0,0,0,0,0.9158405,1,0.9319829,0.8083232,0.8052683,0.75774,0.6633798,0,0,0,0,0,0,0,0,0,0,0,0,0,0,0,0,0,0,0,0,0,0,0,0,0.7694316,0,0.7998021,1,0.9991357,0.7826411,0.7652745,0,0,0,0,0,0,0,0,0,0,0,0,0,0,0,0,0,0,0,0,0,0,0,0,0,0,0.7438837,0.7849674,0.9226317,1,0.8914531,0.7442282,0.7846619,0.7372442,0,0,0,0,0,0,0,0,0,0,0,0,0,0,0,0,0,0,0,0,0,0,0,0,0,0.6975243,0.7875765,0.8773069,1,0.982807,0.7226799,0.7401539,0.7163079,0,0,0,0,0,0,0,0,0,0,0,0,0,0,0,0,0,0,0,0,0,0,0,0,0,0,0.7656925,0.8032539,0.9464712,1,0.8948652,0,0,0,0,0,0,0,0,0,0,0,0,0,0
0,0,0,0,0,0,0,0,0,0,0,0,0,0,0,0.9149366,1,0.9089493,0.8574654,0.8315973,0.7812092,0,0,0,0,0,0,0,0,0,0,0,0,0,0,0,0,0,0,0,0,0,0,0,0,0.7610041,0.8839832,0.9025747,0.8964803,1,0.9978246,0.7786285,0,0,0,0,0,0,0,0,0,0,0,0,0,0,0,0,0,0,0,0,0,0,0,0,0,0,0.7676203,0.8038791,0.7895852,0.9344295,1,0.9096519,0.7032912,0.7366092,0.7430866,0,0,0,0,0,0,0,0,0,0,0,0,0,0,0,0,0,0,0,0,0,0,0,0,0,0.7306771,0,0.8414772,1,0.9843798,0.7239708,0.8453546,0.7758901,0.7142482,0,0,0,0,0,0,0,0,0,0,0,0,0,0,0,0,0,0,0,0,0,0,0,0,0.7123306,0.8220564,0.8194303,0.9565136,1,0.872161,0.8064854,0.8093106,0,0,0,0,0,0,0,0,0,0,0,0
0,0,0,0,0,0,0,0,0,0,0,0,0,0.741837,0.7908784,0.8757482,1,0.9501654,0.7859204,0.7856982,0,0,0,0,0,0,0,0,0,0,0,0,0,0,0,0,0,0,0,0,0,0,0,0,0,0.8184357,0.8192436,0.7400764,0,0.9873314,1,0,0,0,0,0,0,0,0,0,0,0,0,0,0,0,0,0,0,0,0,0,0,0,0,0,0,0,0.695354,0,0.691273,0.9324611,1,0.892065,0.7935179,0.8199187,0.7928165,0.6747704,0,0,0,0,0,0,0,0,0,0,0,0,0,0,0,0,0,0,0,0,0,0,0,0.6903921,0.7043344,0.6862482,0.8125743,1,0.9997191,0.8574341,0.8569008,0.8392033,0.7561519,0,0,0,0,0,0,0,0,0,0,0,0,0,0,0,0,0,0,0,0,0,0,0,0,0,0.707298,0.7695583,0.9485285,1,0.8776985,0,0.7561889,0.7597644,0,0,0,0,0,0,0,0,0,0,0
0,0,0,0,0,0,0,0,0,0,0,0.7059356,0.7428428,0.730742,0.6819177,0.915356,1,0.8980301,0.781139,0.72348,0,0,0,0,0,0,0,0,0,0,0,0,0,0,0,0,0,0,0,0,0,0,0,0,0,0.7511306,0.7814783,0,0.8146099,1,0.9964179,0.7568653,0,0,0,0,0,0,0,0,0,0,0,0,0,0,0,0,0,0,0,0,0,0,0,0,0.6784003,0.6766706,0.713774,0.7097013,0.6796373,0.9087819,1,0.9092504,0.7406063,0,0.6992077,0,0,0,0,0,0,0,0,0,0,0,0,0,0,0,0,0,0,0,0,0,0,0.686112,0.6781347,0,0.6793143,0,0.8821316,1,0.9485887,0.6829181,0.7181811,0.7524414,0,0,0,0,0,0,0,0,0,0,0,0,0,0,0,0,0,0,0,0,0,0,0,0,0,0.7393747,0.750299,0,0.9347075,1,0.8869141,0,0,0,0,0,0,0,0,0,0,0,0,0,0
0,0,0,0,0,0,0,0,0,0,0,0.6569333,0.6148008,0.6883568,0.7656458,0.9238958,1,0.8804716,0.7258628,0,0,0,0,0,0,0,0,0,0,0,0,0,0,0,0,0,0,0,0,0,0,0,0,0,0,0.6847991,0,0.6953902,0.8475474,1,0.9791862,0.7050737,0,0,0,0,0,0,0,0,0,0,0,0,0,0,0,0,0,0,0,0,0,0,0,0,0,0,0.7133085,0.7626692,0.7228558,0.9194048,1,0.8590946,0.6838397,0,0,0,0,0,0,0,0,0,0,0,0,0,0,0,0,0,0,0,0,0,0,0,0,0,0.6361398,0.8243603,0.8771623,0.8185664,0.8693978,1,0.9893945,0.8136163,0.7060129,0,0,0,0,0,0,0,0,0,0,0,0,0,0,0,0,0,0,0,0,0,0,0,0,0,0.7045214,0.8826377,0.9061999,0.8305581,0.9111523,1,0.8574569,0,0,0,0,0,0,0,0,0,0,0,0,0,0
0,0,0,0,0,0,0,0,0,0,0,0,0,0.7171956,0.7287796,0.9304398,1,0.9257785,0,0,0,0,0,0,0,0,0,0,0,0,0,0,0,0,0,0,0,0,0,0,0,0,0,0,0,0,0,0,0.8625165,1,0.9967321,0.8255267,0,0,0,0,0,0,0,0,0,0,0,0,0,0,0,0,0,0,0,0,0,0,0,0,0,0,0,0.7316294,0.8615881,0.937668,1,0.9171261,0,0,0,0,0,0,0,0,0,0,0,0,0,0,0,0,0,0,0,0,0,0,0,0,0,0,0,0.8121037,0.8710303,0.7653061,0.9096323,1,0.9648797,0.763606,0,0,0,0,0,0,0,0,0,0,0,0,0,0,0,0,0,0,0,0,0,0,0,0,0,0,0.7983626,0.8737758,0.8880182,0.8620192,0.9794528,1,0.8826692,0.7527132,0,0,0,0,0,0,0,0,0,0,0,0,0
0,0,0,0,0,0,0,0,0,0,0,0,0,0,0.8159906,0.8767147,1,0.9243305,0,0,0,0,0,0,0,0,0,0,0,0,0,0,0,0,0,0,0,0,0,0,0,0,0,0,0,0,0,0.7885521,0.8811654,1,0.973924,0.7697783,0,0,0,0,0,0,0,0,0,0,0,0,0,0,0,0,0,0,0,0,0,0,0,0,0,0,0,0.7288514,0.7296531,0.916382,1,0.9116635,0,0,0,0,0,0,0,0,0,0,0,0,0,0,0,0,0,0,0,0,0,0,0,0,0,0,0,0,0.7148155,0,0.9023864,1,0.9495309,0.7255642,0,0,0,0,0,0,0,0,0,0,0,0,0,0,0,0,0,0,0,0,0,0,0,0,0,0,0,0,0.7542395,0.8533612,0.9345428,1,0.8829136,0,0,0,0,0,0,0,0,0,0,0,0,0,0
0,0,0,0,0,0,0,0,0,0,0,0,0,0,0.5960202,0.9299752,1,0.8961746,0.5933515,0,0,0,0,0,0,0,0,0,0,0,0,0,0,0,0,0,0,0,0,0,0,0,0,0,0,0,0,0,0.7783493,1,0.9908761,0.7794044,0,0,0,0,0,0,0,0,0,0,0,0,0,0,0,0,0,0,0,0,0,0,0,0,0,0,0,0,0.7472428,0.9791963,1,0.8463143,0,0,0,0,0,0,0,0,0,0,0,0,0,0,0,0,0,0,0,0,0,0,0,0,0,0,0,0,0,0.7433334,0.8419,1,0.9727049,0.8396432,0,0,0,0,0,0,0,0,0,0,0,0,0,0,0,0,0,0,0,0,0,0,0,0,0,0,0,0,0,0.7314418,0.981962,1,0.8315464,0.6408307,0,0,0,0,0,0,0,0,0,0,0,0,0
0,0,0,0,0,0,0,0,0,0,0,0,0,0,0,0.9271621,1,0.8721474,0.6906556,0.65851,0.58687,0,0,0,0,0,0,0,0,0,0,0,0,0,0,0,0,0,0,0,0,0,0,0,0,0,0,0,0.8004203,1,0.9775945,0.8609975,0.8203342,0.6631286,0,0,0,0,0,0,0,0,0,0,0,0,0,0,0,0,0,0,0,0,0,0,0,0,0,0,0.641705,0.9634073,1,0.8577518,0.745985,0.7159268,0.6953837,0,0,0,0,0,0,0,0,0,0,0,0,0,0,0,0,0,0,0,0,0,0,0,0,0,0,0.6533496,0.8816158,1,0.9698955,0.8970911,0.8334304,0.7991322,0.6966949,0,0,0,0,0,0,0,0,0,0,0,0,0,0,0,0,0,0,0,0,0,0,0,0,0,0,0.750981,0.9565261,1,0.8681942,0.7148799,0.680807,0,0,0,0,0,0,0,0,0,0,0,0
0,0,0,0,0,0,0,0,0,0,0,0,0,0,0,0.9411608,1,0.9192769,0.7997712,0.7701012,0,0,0,0,0,0,0,0,0,0,0,0,0,0,0,0,0,0,0,0,0,0,0,0,0,0,0,0,0.8265708,1,0.9750306,0,0.795773,0,0,0,0,0,0,0,0,0,0,0,0,0,0,0,0,0,0,0,0,0,0,0,0,0,0,0,0,0.9523391,1,0.8968911,0,0,0,0,0,0,0,0,0,0,0,0,0,0,0,0,0,0,0,0,0,0,0,0,0,0,0,0,0,0,0.892144,1,0.9726543,0.899834,0.8402411,0.8043708,0,0,0,0.7491995,0.7397944,0,0,0,0,0,0,0,0,0,0,0,0,0,0,0,0,0,0,0,0,0,0,0,0.9872319,1,0.898827,0.8603737,0.883124,0.837631,0,0,0,0,0,0,0,0,0,0,0
0,0,0,0,0,0,0,0,0,0,0,0,0,0,0,0.9009971,1,0.9177935,0.7313313,0.7177926,0,0,0,0,0,0,0,0,0,0,0,0,0,0,0,0,0,0,0,0,0,0,0,0,0,0,0,0,0.7347923,1,0.9787998,0.7665128,0,0,0,0,0,0,0,0,0,0,0,0,0,0,0,0,0,0,0,0,0,0,0,0,0,0,0,0,0.769031,0.9656088,1,0.8539185,0.6560379,0.7157118,0.7062265,0,0,0,0,0,0,0,0,0,0,0,0,0,0,0,0,0,0,0,0,0,0,0,0,0,0,0.7124417,0.7648215,1,0.96005,0.6728246,0.7070708,0.7273086,0.688862,0.724017,0.6592796,0,0,0,0,0,0,0,0,0,0,0,0,0,0,0,0,0,0,0,0,0,0,0,0,0.6845052,0.9696553,1,0.8740568,0.7214866,0.723289,0.7412255,0,0,0,0,0,0,0,0,0,0,0
0,0,0,0,0,0,0,0,0,0,0,0,0,0.6623786,0.790613,0.9351334,1,0.8936068,0,0,0,0,0,0,0,0,0,0,0,0,0,0,0,0,0,0,0,0,0,0,0,0,0,0,0,0,0.812256,0.8509941,0.8859676,1,0.9623433,0.7243464,0,0,0,0,0,0,0,0,0,0,0,0,0,0,0,0,0,0,0,0,0,0,0,0,0,0,0.658258,0.740069,0.6360565,0.9298791,1,0.9040378,0.7199785,0.7068233,0.7181003,0,0,0,0,0,0,0,0,0,0,0,0,0,0,0,0,0,0,0,0,0,0,0,0,0.6690888,0.6732561,0.7573643,0.928178,1,0.9450374,0.6931457,0.64144,0.7360011,0.7298923,0,0,0,0,0,0,0,0,0,0,0,0,0,0,0,0,0,0,0,0,0,0,0,0,0.6723723,0.7231346,0.7741537,0.9752454,1,0.8468846,0.7314495,0.7284799,0.7213531,0,0,0,0,0,0,0,0,0,0,0
0,0,0,0,0,0,0,0,0,0,0,0,0,0,0,0.9616613,1,0,0,0,0,0,0,0,0,0,0,0,0,0,0,0,0,0,0,0,0,0,0,0,0,0,0,0,0,0,0,0,0,1,0,0,0,0,0,0,0,0,0,0,0,0,0,0,0,0,0,0,0,0,0,0,0,0,0,0,0,0,0,0,0,0.9790287,1,0.8940943,0,0,0,0,0,0,0,0,0,0,0,0,0,0,0,0,0,0,0,0,0,0,0,0,0,0,0,0,0,0,0,1,0.962843,0,0,0,0,0,0,0,0,0,0,0,0,0,0,0,0,0,0,0,0,0,0,0,0,0,0,0,0,0,0,0,0.9701788,1,0,0,0,0,0,0,0,0,0,0,0,0,0,0,0
0,0,0,0,0,0,0,0,0,0,0,0,0,0,0.6793378,0.9062533,1,0.8996362,0,0,0,0,0,0,0,0,0,0,0,0,0,0,0,0,0,0,0,0,0,0,0,0,0,0,0,0,0.8196086,0.8778568,0.90578,1,0.9648758,0,0,0,0,0,0,0,0,0,0,0,0,0,0,0,0,0,0,0,0,0,0,0,0,0,0,0,0,0,0,0.936775,1,0.87769,0,0,0,0,0,0,0,0,0,0,0,0,0,0,0,0,0,0,0,0,0,0,0,0,0,0,0,0.712085,0.7212508,0.7070009,0.8961602,1,0.9434377,0.6754172,0,0,0,0,0,0,0,0,0,0,0,0,0,0,0,0,0,0,0,0,0,0,0,0,0,0,0,0.7102651,0.7703857,0.7784672,0.9767871,1,0.8355106,0,0,0,0,0,0,0,0,0,0,0,0,0,0
0,0,0,0,0,0,0,0,0,0,0,0,0,0,0,0.9353318,1,0.8938934,0,0,0,0,0,0,0,0,0,0,0,0,0,0,0,0,0,0,0,0,0,0,0,0,0,0,0,0,0.7933139,0.7537888,0.8176988,1,0.9839215,0,0,0,0,0,0,0,0,0,0,0,0,0,0,0,0,0,0,0,0,0,0,0,0,0,0,0.6322318,0.6464593,0.6376434,0.753794,0.965341,1,0.860674,0,0,0,0,0,0,0,0,0,0,0,0,0,0,0,0,0,0,0,0,0,0,0,0,0,0.6545292,0.6382511,0,0.69686,0.7003521,0.8558464,1,0.9545567,0,0,0,0,0,0,0,0,0,0,0,0,0,0,0,0,0,0,0,0,0,0,0,0,0,0,0,0.6494179,0.7124233,0.7571997,0.7051343,0.9710075,1,0.8304535,0,0,0,0,0,0,0,0,0,0,0,0,0,0
0,0,0,0,0,0,0,0,0,0,0,0,0,0,0.733031,0.9420465,1,0.8959564,0,0,0,0,0,0,0,0,0,0,0,0,0,0,0,0,0,0,0,0,0,0,0,0,0,0,0,0,0.7840971,0,0.8986557,1,0.9420959,0,0,0,0,0,0,0,0,0,0,0,0,0,0,0,0,0,0,0,0,0,0,0,0,0,0,0,0.6809731,0.7835821,0.7879848,0.9454711,1,0.8812083,0,0,0,0,0,0,0,0,0,0,0,0,0,0,0,0,0,0,0,0,0,0,0,0,0,0.6996698,0,0,0.6999896,0.7812659,0.8714638,1,0.9584536,0.6990051,0,0,0,0,0,0,0,0,0,0,0,0,0,0,0,0,0,0,0,0,0,0,0,0,0,0,0,0,0.7511268,0.7704393,0.9870017,1,0.8328648,0,0,0,0,0,0,0,0,0,0,0,0,0,0
0,0,0,0,0,0,0,0,0,0,0.6959645,0.7591059,0.6992655,0.7253371,0.690749,0.9398628,1,0.8747399,0,0,0,0,0,0,0,0,0,0,0,0,0,0,0,0,0,0,0,0,0,0,0,0,0,0,0.6973239,0.7447826,0.7264555,0.7199433,0.8010004,1,0.9774956,0.7501576,0,0,0,0,0,0,0,0,0,0,0,0,0,0,0,0,0,0,0,0,0,0,0,0.6558456,0.6876175,0.7286252,0.8019451,0.7958799,0.7606068,0.9370987,1,0.8725065,0,0,0,0,0,0,0,0,0,0,0,0,0,0,0,0,0,0,0,0,0,0,0,0,0.6533084,0.6883305,0.6988573,0.7682519,0.8250788,0.8721943,0.9128819,1,0.949126,0.7144647,0,0,0,0,0,0,0,0,0,0,0,0,0,0,0,0,0,0,0,0,0,0,0,0,0,0.7274331,0.7550192,0.787273,0.8496751,0.799428,0.974643,1,0.8239124,0,0,0,0,0,0,0,0,0,0,0,0,0,0
