GestureName: zigzag
Duration(ms): 1410
Handedness: right

SpeakerAngles: 5
55
-55
0
0
110

SpeakerElevations: 5
-10
-10
-10
0
30

InterpretedPoints: 30
-4.04771721503354,-4.9268895150482,-0.305407289332279
0,-0.984807753012208,0.17364817766693
0,0,0
0,0,0
0.0141807944755501,0.537328777475199,0.652703644666139
1.65595695164985,13.6353656464383,0.395277334996045
4.91114767704734,20.6796387074131,1.35338826899446
6.53165264250831,23.078028139078,1.33244373599367
4.09734999569797,19.0062213341147,1.20068462432832
1.6417761571743,9.15880585691427,0.437166400997627
0.00709039723777505,2.2686643887376,0.32635182233307
-0.00709039723777505,-4.23827989476202,0.0209445330007911
-0.0212711917133253,-5.74522417826163,-0.284462756331487
-0.842159270300473,-10.8322232302127,-0.589870045663766
-0.835068873062699,-9.57875108846285,-0.437166400997627
-0.0141807944755501,-5.49175203651182,-0.131759111665348
0.820888078587149,0.972466256011576,0.82635182233307
5.68949337220784,13.3755299517925,0.395277334996044
9.74430098447916,19.5710838555783,1.02703644666139
0.0212711917133248,12.8597569742011,-0.236481776669304
6.49620065631944,10.2917672586199,1.95811093399842
0.813797681349374,1.68860962028618,0.32635182233307
-4.05480761227132,-1.25632289173697,-1.32635182233307
-4.05480761227132,-3.40124018165201,-1.15270364466614
-6.48201986184389,-9.99869632001144,-0.437166400997627
-1.6134145682232,-5.08414830196387,0.868240888334652
2.43430264681035,2.95727400902378,0.652703644666139
3.24100993092194,5.50694428349962,0.305407289332279
6.48201986184389,8.88416352407198,0.958110933998418
5.67531257773229,7.4642182925234,0.958110933998418

StrokePoints: 31
0,0,0
-4.04771721503354,-4.9268895150482,-0.305407289332279
-4.04771721503354,-5.91169726806041,-0.131759111665348
-4.04771721503354,-5.91169726806041,-0.131759111665348
-4.04771721503354,-5.91169726806041,-0.131759111665348
-4.03353642055799,-5.37436849058521,0.520944533000791
-2.37757946890815,8.26099715585309,0.916221867996836
2.5335682081392,28.9406358632662,2.2696101369913
9.06522085064751,52.0186640023442,3.60205387298497
13.1625708463455,71.0248853364589,4.80273849731329
14.8043470035198,80.1836911933732,5.23990489831092
14.8114374007576,82.4523555821108,5.56625672064399
14.8043470035198,78.2140756873488,5.58720125364478
14.7830758118065,72.4688515090871,5.30273849731329
13.940916541506,61.6366282788745,4.71286845164953
13.1058476684433,52.0578771904116,4.2757020506519
13.0916668739677,46.5661251538998,4.14394293898655
13.9125549525549,47.5385914099114,4.97029476131962
19.6020483247627,60.9141213617039,5.36557209631567
29.3463493092419,80.4852052172823,6.39260854297706
29.3676205009552,93.3449621914834,6.15612676630776
35.8638211572746,103.636729450103,8.11423770030617
36.677618838624,105.325339070389,8.44058952263924
32.6228112263527,104.069016178653,7.11423770030617
28.5680036140814,100.667775997001,5.96153405564003
22.0859837522375,90.6690796769891,5.52436765464241
20.4725691840143,85.5849313750252,6.39260854297706
22.9068718308246,88.542205384049,7.0453121876432
26.1478817617466,94.0491496675486,7.35071947697548
32.6299016235905,102.933313191621,8.3088304109739
38.3052142013228,110.397531484144,9.26694134497231

Velocities: 30
-2,1,-3
0,0,-1
0,0,0
0,0,0
0,2,0
2,6,7
4,8,9
6,9,9
4,8,7
2,4,3
0,1,0
0,-1,-2
0,-3,-4
-1,-5,-5
-1,-4,-4
0,-2,-3
0,1,0
6,5,4
8,5,7
1,4,5
2,0,4
0,0,1
-2,0,1
-3,-1,2
-4,0,-5
-2,0,-3
1,0,1
2,0,2
3,-1,4
3,0,3

InverseVelocities: 30
0,0,0
0,0,0
0,0,0
0,0,0
0,0,0
0,0,0
0,0,0
0,0,0
0,0,0
0,0,0
0,0,0
0,0,0
0,0,0
0,0,0
0,0,0
0,0,0
0,0,0
0,0,0
-3,0,-3
0,0,0
0,0,0
0,0,-1
0,0,-3
0,0,-4
0,0,0
0,0,0
0,0,0
0,0,0
0,0,-3
0,0,0

RawData: 30
0,0,0,0,0,0,0,0,0,0,0,0.6719348,0.6729599,0.887641,0.9522529,0.8801816,1,0.9152158,0,0,0,0,0,0,0,0,0,0,0,0,0,0,0,0,0,0,0,0,0,0,0,0,0,0,0,0,0.8178257,0.8259861,0.8939112,0.9793291,1,0.9056391,0,0.6825815,0,0,0,0,0,0,0,0,0,0,0,0,0,0,0,0,0,0,0,0,0,0,0.63603,0.6247908,0.7148342,0.8710739,0.9027169,0.9349791,1,0.8451326,0.7429695,0.6214675,0,0,0,0,0,0,0,0,0,0,0,0,0,0,0,0,0,0,0,0,0,0,0,0,0.7343352,0.7607066,0.9098275,1,0.9689615,0.9697708,0.8899997,0.7005163,0,0,0,0,0,0,0,0,0,0,0,0,0,0,0,0,0,0,0,0,0,0,0,0,0,0.7063174,0.7798241,0.8136999,0.8663208,0.9694659,1,0.9732143,0.799786,0.7592476,0.6726198,0,0,0,0,0,0,0,0,0,0,0,0
0,0,0,0,0,0,0,0,0,0,0,0,0,0.7366264,0.8021823,0.9425769,1,0.9015779,0,0,0,0,0,0,0,0,0,0,0,0,0,0,0,0,0,0,0,0,0,0,0,0,0,0,0,0,0.8535668,0.9959263,1,0.8516834,0.953234,0.9459103,0,0,0,0,0,0,0,0,0,0,0,0,0,0,0,0,0,0,0,0,0,0,0,0,0,0,0.7179668,0.7754355,0.7863666,0.9751893,1,0.8946543,0,0,0,0,0,0,0,0,0,0,0,0,0,0,0,0,0,0,0,0,0,0,0,0,0,0,0,0,0.8548864,0.9394976,0.9858263,0.9999764,1,0.8371639,0,0,0,0,0,0,0,0,0,0,0,0,0,0,0,0,0,0,0,0,0,0,0,0,0,0,0,0.7336745,0.846468,0.8882631,0.9322227,1,0.9272013,0.7553514,0,0,0,0,0,0,0,0,0,0,0,0,0
0,0,0,0,0,0,0,0,0,0,0,0,0,0,0.8012139,0.9531252,1,0.9056118,0,0,0,0,0,0,0,0,0,0,0,0,0,0,0,0,0,0,0,0,0,0,0,0,0,0,0,0,0,0.8883216,0.9934666,1,0.9514091,0.8287303,0,0,0,0,0,0,0,0,0,0,0,0,0,0,0,0,0,0,0,0,0,0,0,0,0,0,0,0,0,0.9550799,1,0.86053,0,0,0,0,0,0,0,0,0,0,0,0,0,0,0,0,0,0,0,0,0,0,0,0,0,0,0,0,0,0.8289128,0.8844618,1,0.9184039,0.8880917,0,0,0,0,0,0,0,0,0,0,0,0,0,0,0,0,0,0,0,0,0,0,0,0,0,0,0,0,0.810285,0.863997,0.9803379,1,0.8673422,0.8362593,0,0,0,0,0,0,0,0,0,0,0,0,0
0,0,0,0,0,0,0,0,0,0,0,0,0,0,0,0.9320986,1,0.9166809,0,0,0,0,0,0,0,0,0,0,0,0,0,0,0,0,0,0,0,0,0,0,0,0,0,0,0,0,0,0,0,0.9834902,1,0.966362,0.8140948,0,0,0,0,0,0,0,0,0,0,0,0,0,0,0,0,0,0,0,0,0,0,0,0,0,0,0,0.7535302,0.9629232,1,0.9124443,0.7750726,0,0,0,0,0,0,0,0,0,0,0,0,0,0,0,0,0,0,0,0,0,0,0,0,0,0,0,0,0,0.8815635,1,0.963522,0.8232198,0,0,0,0,0,0,0,0,0,0,0,0,0,0,0,0,0,0,0,0,0,0,0,0,0,0,0,0,0,0.7114657,0.9603898,1,0.8804404,0.7516538,0,0,0,0,0,0,0,0,0,0,0,0,0
0,0,0,0,0,0,0,0,0,0,0,0,0,0,0,0.944814,1,0.8466398,0.8587607,0.6485483,0,0,0,0,0,0,0,0,0,0,0,0,0,0,0,0,0,0,0,0,0,0,0,0,0,0,0,0,0.7527751,0.9343057,0.9554035,1,0.9676229,0.8679214,0.7420192,0,0,0,0,0,0,0,0,0,0,0,0,0,0,0,0,0,0,0,0,0,0,0,0,0,0.5890889,0.9491499,1,0.9015935,0.7994702,0.6699401,0,0,0,0,0,0,0,0,0,0,0,0,0,0,0,0,0,0,0,0,0,0,0,0,0,0,0,0.6746165,0.8181357,1,0.9721952,0.8121533,0.7547421,0,0,0,0,0,0,0,0,0,0,0,0,0,0,0,0,0,0,0,0,0,0,0,0,0,0,0,0,0.7406743,0.9847844,1,0.7850223,0.8477426,0.7766374,0.6442208,0,0,0,0,0,0,0,0,0,0,0
0,0,0,0,0,0,0,0,0,0,0,0,0,0,0,0.916881,1,0.9048891,0.8252133,0.7853553,0.7701002,0.6470277,0,0,0,0,0,0,0,0,0,0,0,0,0,0,0,0,0,0,0,0,0,0,0,0,0,0,0.7532641,0.9025506,0.8603342,0.8767684,0.904167,0.9546256,1,0.9901754,0.9487712,0.8294006,0.7176151,0,0,0,0,0,0,0,0,0,0,0,0,0,0,0,0,0,0,0,0,0,0.621481,0.9495581,1,0.8475289,0.5741905,0.7435877,0.8153467,0.7980839,0.7413194,0.6828331,0.604899,0.5582806,0.5492597,0,0,0,0,0,0,0,0,0,0,0,0,0,0,0,0,0,0,0,0,0,0.8088558,1,0.9412834,0.6897117,0.7451003,0.8607267,0.8576427,0.8094541,0.7236313,0,0,0,0,0,0,0,0,0,0,0,0,0,0,0,0,0,0,0,0,0,0,0,0.6432664,0.6829754,0.9782606,1,0.779239,0.7915879,0.7782699,0.8353724,0.7529103,0.7345971,0.6815748,0.6089157,0,0,0,0,0,0,0
0,0,0,0,0,0,0,0,0,0,0,0,0,0,0,0.9401551,1,0.9187674,0.850542,0.8926167,0.881767,0.8955683,0.84298,0.7915779,0,0,0,0,0,0,0,0,0,0,0,0,0,0,0,0,0,0,0,0,0,0,0,0,0,0.9263114,0.9112707,0,0,0.8438635,0,0.9368314,0.9694199,0.9949668,1,0.9191074,0.8293696,0,0,0,0,0,0,0,0,0,0,0,0,0,0,0,0,0,0,0,0,0.9615387,1,0.8929386,0.7929949,0.893805,0.8630584,0.7848081,0.7758103,0.8305709,0.7579793,0.7998005,0.8144928,0.7726161,0.7453647,0,0,0,0,0,0,0,0,0,0,0,0,0,0,0,0,0,0,0,0.8871008,1,0.9604546,0,0.9229335,0.9435546,0,0,0.8377472,0.872313,0.8930217,0.9134219,0.8685684,0,0,0,0,0,0,0,0,0,0,0,0,0,0,0,0,0,0,0,0,0,0.9750158,1,0.8981924,0.8422326,0.8682709,0.8554302,0.8158695,0,0.7937659,0,0.804736,0.8735333,0.8694568,0.8328156,0,0,0
0,0,0,0,0,0,0,0,0,0,0,0,0,0,0,0.9298512,1,0.9053456,0.7519721,0.8406583,0.88963,0.8874726,0.77578,0,0.7061632,0.6456179,0,0,0,0,0,0,0,0,0,0,0,0,0,0,0,0,0,0,0,0,0,0,0.8220385,0.957433,0.838038,0.8055322,0,0.749006,0.8286445,0.9134719,0.9032812,0.8862049,1,0.9904615,0.9158784,0.808076,0,0,0,0,0,0,0,0,0,0,0,0,0,0,0,0,0,0,0,0.9514633,1,0.839712,0.738965,0.8611367,0.7918128,0.7661112,0.7315869,0.7234783,0.7083741,0.7119391,0.820384,0.8177751,0.6999831,0,0,0,0,0,0,0,0,0,0,0,0,0,0,0,0,0,0,0,0.8492028,1,0.9509924,0,0.8858272,0.8676548,0.7876809,0.8102174,0.8578815,0.8071387,0.9183269,0.8776292,0.7954948,0.804424,0,0,0,0,0,0,0,0,0,0,0,0,0,0,0,0,0,0,0,0.7140684,0.9773403,1,0.8563213,0,0.7454348,0,0.7953895,0.8831064,0.8694329,0.8709127,0.8762533,0.8523142,0.9187301,0.8597605,0.7018716,0,0
0,0,0,0,0,0,0,0,0,0,0,0,0,0,0.6528947,0.936245,1,0.8930393,0.7800879,0.8293475,0.8154651,0.798989,0.7258723,0.6955992,0,0,0,0,0,0,0,0,0,0,0,0,0,0,0,0,0,0,0,0,0,0,0,0,0.8507766,1,0.9749528,0.7140769,0,0.8774387,0.9315673,0.9217521,0.9251228,0.7152301,0,0.7360955,0.7579398,0,0,0,0,0,0,0,0,0,0,0,0,0,0,0,0,0,0,0,0.654438,0.9445702,1,0.8681752,0.7272187,0.870261,0.8063832,0.7943463,0.7708818,0.6872118,0.7166778,0.7507585,0.684501,0,0,0,0,0,0,0,0,0,0,0,0,0,0,0,0,0,0,0,0,0,0.8595194,1,0.9429799,0.6938344,0.7680735,0.8470498,0.8614239,0.8032044,0.8258026,0.7817731,0.6995041,0.756749,0.6834707,0,0,0,0,0,0,0,0,0,0,0,0,0,0,0,0,0,0,0,0,0.7136945,0.9743438,1,0.8776173,0.7536732,0,0.7766688,0.8984858,0.9053753,0.8472555,0.8221829,0.8560694,0.8204426,0.6919746,0,0,0,0
0,0,0,0,0,0,0,0,0,0,0,0,0,0,0,0.9344881,1,0.9353645,0.8469408,0.8055499,0.8062059,0.7751451,0,0,0,0,0,0,0,0,0,0,0,0,0,0,0,0,0,0,0,0,0,0,0,0,0,0,0.8385057,0.9184143,0.9231371,0.9246904,0.9872151,1,0.9590757,0.8842046,0.7980285,0,0,0,0,0,0,0,0,0,0,0,0,0,0,0,0,0,0,0,0,0,0,0,0,0.9427767,1,0.9139823,0.7975854,0.8857142,0.8931807,0.8587733,0.7916791,0,0,0,0,0,0,0,0,0,0,0,0,0,0,0,0,0,0,0,0,0,0,0,0,0,0.8875045,1,0.9540583,0.749054,0.8923603,0.9029233,0.8805619,0.8154167,0.7431991,0,0,0,0,0,0,0,0,0,0,0,0,0,0,0,0,0,0,0,0,0,0,0,0,0.7865297,0.9819919,1,0.8333977,0.8037903,0.8727915,0.8458914,0.7636839,0.7609018,0,0,0,0,0,0,0,0,0
0,0,0,0,0,0,0,0,0,0,0,0,0,0,0,0.9489734,1,0.8398067,0.7943199,0.7018889,0,0,0,0,0,0,0,0,0,0,0,0,0,0,0,0,0,0,0,0,0,0,0,0,0,0,0,0.8354574,0.9441264,0.999122,1,0.9899943,0.9494932,0.8822961,0,0,0,0,0,0,0,0,0,0,0,0,0,0,0,0,0,0,0,0,0,0,0,0,0,0,0.7728749,0.957623,1,0.8431748,0,0.6871728,0,0,0,0,0,0,0,0,0,0,0,0,0,0,0,0,0,0,0,0,0,0,0,0,0,0,0,0.741998,0.8519378,1,0.9492196,0.8346527,0.8124732,0.7812613,0.6996756,0,0,0,0,0,0,0,0,0,0,0,0,0,0,0,0,0,0,0,0,0,0,0,0,0,0.7560261,0.8205494,0.9977232,1,0.8743796,0.8448257,0.7521913,0,0,0,0,0,0,0,0,0,0,0,0
0,0,0,0,0,0,0,0,0,0,0,0,0,0,0.6727346,0.8834356,1,0.9233263,0,0,0,0,0,0,0,0,0,0,0,0,0,0,0,0,0,0,0,0,0,0,0,0,0,0,0,0.843473,0.9562125,1,0.9461467,0.8213904,0.8831829,0.8030985,0,0,0,0,0,0,0,0,0,0,0,0,0,0,0,0,0,0,0,0,0,0,0,0,0,0.6531954,0.7631882,0.8252196,0.7308431,0.9334047,1,0.8874817,0,0,0,0,0,0,0,0,0,0,0,0,0,0,0,0,0,0,0,0,0,0,0,0,0,0,0.6366887,0.7072133,0.7843804,0.7775871,0.9003696,1,0.9674793,0.7369698,0,0,0,0,0,0,0,0,0,0,0,0,0,0,0,0,0,0,0,0,0,0,0,0,0,0,0.7767338,0.8837661,0.9451586,0.9344566,0.8533375,1,0.8576862,0,0,0,0,0,0,0,0,0,0,0,0,0,0
0,0,0,0,0,0,0,0,0,0,0,0,0,0.7463857,0.8151429,0.9198699,1,0.8944706,0,0,0,0,0,0,0,0,0,0,0,0,0,0,0,0,0,0,0,0,0,0,0,0,0,0.8319741,0.9326996,0.9132075,1,0.8621564,0.8445978,0.9631683,0.986052,0.8516829,0,0,0,0,0,0,0,0,0,0,0,0,0,0,0,0,0,0,0,0,0,0,0,0.6923695,0.7000384,0.721803,0.7338501,0.7733743,0.7478631,0.9233689,1,0.8865392,0,0,0,0,0,0,0,0,0,0,0,0,0,0,0,0,0,0,0,0,0,0,0,0,0,0,0,0.6907892,0.8215559,0.8225154,0.867998,1,0.977668,0.7189639,0,0,0,0,0,0,0,0,0,0,0,0,0,0,0,0,0,0,0,0,0,0,0,0,0.7704537,0.7865062,0,0.8589419,0,0.7571851,0.95053,1,0.8660557,0,0,0,0,0,0,0,0,0,0,0,0,0,0
0,0,0,0,0,0,0,0,0,0,0,0,0.8031617,0.8785253,0.8321795,0.9181158,1,0.9223387,0,0,0,0,0,0,0,0,0,0,0,0,0,0,0,0,0,0,0,0,0,0,0,0.821805,0.9582533,1,0.9505603,0.8193812,0.7678699,0,0,0.9121075,0.9397665,0.8492272,0,0,0,0,0,0,0,0,0,0,0,0,0,0,0,0,0,0,0,0,0,0,0.7544773,0.8365653,0.8112724,0.7776051,0.7783347,0.74879,0.7646322,0.9441693,1,0.8769095,0,0,0,0,0,0,0,0,0,0,0,0,0,0,0,0,0,0,0,0,0,0,0,0,0.7660973,0.8073771,0.7176685,0.8095744,0.8341875,0.7638714,0.8285583,1,0.976117,0.7604691,0,0,0,0,0,0,0,0,0,0,0,0,0,0,0,0,0,0,0,0,0,0,0.752386,0.8192629,0.7560716,0.8401689,0,0.7631269,0.7406902,0.7803488,0.9252913,1,0.8925577,0,0,0,0,0,0,0,0,0,0,0,0,0,0
0,0,0,0,0,0,0,0,0,0,0,0,0.7892641,0.8609611,0.8190988,0.9104704,1,0.924227,0,0,0,0,0,0,0,0,0,0,0,0,0,0,0,0,0,0,0,0,0,0,0,0,0.8868349,0.9847463,0.9595578,0.9904609,0.918696,0.8548373,0,0.9882245,1,0,0,0,0,0,0,0,0,0,0,0,0,0,0,0,0,0,0,0,0,0,0,0,0,0.7666911,0.7346764,0.7050049,0.6351872,0.7046888,0.7620361,0.9418969,1,0.8987929,0,0,0,0,0,0,0,0,0,0,0,0,0,0,0,0,0,0,0,0,0,0,0,0,0.8185223,0.8877292,0.8149004,0.7772892,0.8897514,0.8856109,0.8677633,1,0.951017,0,0,0,0,0,0,0,0,0,0,0,0,0,0,0,0,0,0,0,0,0,0,0,0,0.8162383,0.8862333,0.8834577,0.83842,0.8498745,0.8267037,0.7320839,0.9421026,1,0.9005158,0,0,0,0,0,0,0,0,0,0,0,0,0,0
0,0,0,0,0,0,0,0,0,0,0,0,0,0.7024048,0.7892602,0.9243964,1,0.9246285,0,0,0,0,0,0,0,0,0,0,0,0,0,0,0,0,0,0,0,0,0,0,0,0,0,0,0.8704131,0.9137173,0.9031526,0.8972504,0.8573974,1,0.9716666,0,0,0,0,0,0,0,0,0,0,0,0,0,0,0,0,0,0,0,0,0,0,0,0,0,0.7163973,0.7761357,0.7990441,0.81055,0.8158169,0.9533586,1,0.887905,0,0,0,0,0,0,0,0,0,0,0,0,0,0,0,0,0,0,0,0,0,0,0,0,0,0,0.8089651,0.8005145,0.88867,0.9486082,0.9257284,1,0.9401817,0,0,0,0,0,0,0,0,0,0,0,0,0,0,0,0,0,0,0,0,0,0,0,0,0,0,0.7479581,0.7812966,0,0,0.829316,0.9358847,1,0.849348,0,0,0,0,0,0,0,0,0,0,0,0,0,0
0,0,0,0,0,0,0,0,0,0,0,0,0,0,0,0.9043549,1,0.9241771,0.7865309,0.7119982,0,0,0,0,0,0,0,0,0,0,0,0,0,0,0,0,0,0,0,0,0,0,0,0,0,0,0,0,0,0.9791459,1,0.8901173,0.8281966,0.8067381,0,0,0,0,0,0,0,0,0,0,0,0,0,0,0,0,0,0,0,0,0,0,0,0,0,0,0.6984656,0.9225469,1,0.9239932,0.765106,0,0,0,0,0,0,0,0,0,0,0,0,0,0,0,0,0,0,0,0,0,0,0,0,0,0,0,0,0,0.8221739,1,0.9929218,0.8778103,0.8502455,0.8179873,0,0,0,0,0,0,0,0,0,0,0,0,0,0,0,0,0,0,0,0,0,0,0,0,0,0,0,0.811409,0.9435216,1,0.921481,0.7783372,0.7838437,0.749244,0,0,0,0,0,0,0,0,0,0,0
0,0,0,0,0,0,0,0,0,0,0,0,0,0,0,0.9108366,1,0.8963674,0.7615004,0.7256584,0,0.7305982,0.7460234,0.7352417,0.7327254,0.6788533,0,0,0,0,0,0,0,0,0,0,0,0,0,0,0,0,0,0,0,0,0,0,0,0.9971568,0.9921795,0.8645098,0.8768937,0.8510613,0.9620194,1,0.9536948,0.8545554,0,0,0,0,0,0,0,0,0,0,0,0,0,0,0,0,0,0,0,0,0,0,0.6179401,0.9256609,1,0.8801382,0.7531305,0.6846827,0.7807702,0.8330772,0.7954876,0.6592667,0,0,0,0,0,0,0,0,0,0,0,0,0,0,0,0,0,0,0,0,0,0,0,0.8157933,0.9486372,1,0.9507025,0,0,0.9396586,0.9841453,0.972446,0.9679691,0.8949996,0,0,0,0,0,0,0,0,0,0,0,0,0,0,0,0,0,0,0,0,0,0,0.697539,0.7874961,0.9648568,1,0.8372661,0.7884521,0,0.8751438,0.8851394,0.8389607,0.8105043,0.7346368,0,0,0,0,0,0,0
0,0,0,0,0,0,0,0,0,0,0.6216788,0.6664093,0.6601264,0,0.6534892,0.9034809,1,0.9143042,0.7010332,0.7410987,0,0.719471,0.6859837,0.6890018,0.6422198,0.7765341,0.7575011,0.6363294,0,0,0,0,0,0,0,0,0,0,0,0,0,0,0,0,0,0,0,0.7589704,0.8090466,1,0.9769832,0.7927457,0.6852927,0.7315914,0.7419563,0.9022945,0.9276181,0.7053603,0,0,0,0,0,0,0,0,0,0,0,0,0,0,0,0,0,0,0.6241814,0.6873928,0.6643534,0.6797033,0.6511823,0.9362772,1,0.8832213,0.6511136,0.6987051,0.7327953,0.7549633,0.746936,0.7676479,0.7205203,0.7281586,0.7205405,0,0,0,0,0,0,0,0,0,0,0,0,0,0,0,0,0,0,0,0,0.7641805,0.8857123,0.9987719,1,0.8537237,0.8069128,0,0.8121336,0.7786509,0.7185987,0.8292628,0.7321726,0.9009081,0.8763685,0,0,0,0,0,0,0,0,0,0,0,0,0,0,0,0,0.6284312,0.6869952,0.6739521,0.6901683,0.785218,0.9657028,1,0.8434332,0,0,0.7792112,0.7745255,0.7274449,0.6457473,0.712311,0.7392725,0.7479945,0.675885,0,0,0,0
0,0,0,0,0,0,0,0,0,0,0,0,0,0,0,0.9216625,1,0.9227228,0,0.7564512,0.783264,0,0,0,0,0,0,0,0,0,0,0,0,0,0,0,0,0,0,0,0,0,0,0,0,0,0,0.856344,0.819257,0.9994974,1,0.8486009,0.8169028,0,0.8429855,0.8626441,0.8331172,0,0,0,0,0,0,0,0,0,0,0,0,0,0,0,0,0,0,0,0,0,0,0,0,0.9244599,1,0.9193357,0,0.7712331,0.7759928,0.7524764,0.7802895,0.7675338,0.7530203,0,0,0,0,0,0,0,0,0,0,0,0,0,0,0,0,0,0,0,0,0,0,0.7977898,0.8231235,1,0.9731964,0,0,0.8036442,0.795948,0,0.8546731,0.8537427,0.8543793,0,0,0,0,0,0,0,0,0,0,0,0,0,0,0,0,0,0,0,0,0,0,0.7975393,0.9701534,1,0.8872839,0,0.7919277,0.7894715,0.7586365,0,0,0,0,0,0,0,0,0,0
0,0,0,0,0,0,0,0,0,0,0,0,0,0,0.6286644,0.9113926,1,0.9406855,0.8001406,0.8080986,0.7556066,0.6850879,0,0,0,0,0,0,0,0,0,0,0,0,0,0,0,0,0,0,0,0,0,0,0,0,0.7051993,0.8477272,0.8838322,1,0.978347,0,0,0,0,0,0,0,0,0,0,0,0,0,0,0,0,0,0,0,0,0,0,0,0,0,0,0,0,0.6062985,0.6681573,0.9408349,1,0.8985772,0.7214236,0.7669212,0.792368,0.8016357,0.771144,0.6702985,0,0,0,0,0,0,0,0,0,0,0,0,0,0,0,0,0,0,0,0,0,0,0,0.6977482,0.882105,1,0.9693935,0.7884126,0.6316546,0.8193101,0.8603818,0.8380976,0.7485435,0.6856751,0.6885286,0.6379935,0,0,0,0,0,0,0,0,0,0,0,0,0,0,0,0,0,0.6431782,0.6332505,0.6535951,0.6898271,0.7205883,0.9446793,1,0.8832951,0.7716143,0.7838455,0.7599962,0.7676785,0.7566075,0.707994,0.6455923,0,0,0,0,0,0,0
0,0,0,0,0,0,0,0,0,0,0,0,0,0.7672443,0.8430675,0.915152,1,0.8923867,0.821795,0.7560578,0,0,0,0,0,0,0,0,0,0,0,0,0,0,0,0,0,0,0,0,0,0,0,0,0,0,0.8135404,0.8853481,0.869067,1,0.9821924,0,0,0,0,0,0,0,0,0,0,0,0,0,0,0,0,0,0,0,0,0,0,0,0,0,0,0,0.6827327,0.7828007,0.763835,0.9493393,1,0.9013503,0,0,0.6787221,0,0,0,0,0,0,0,0,0,0,0,0,0,0,0,0,0,0,0,0,0,0,0,0,0,0.7395062,0.8246477,0.9124737,1,0.9589017,0.8197541,0.8198373,0.7700703,0,0,0,0,0,0,0,0,0,0,0,0,0,0,0,0,0,0,0,0,0,0,0,0,0,0.7188612,0.7981555,0.8262852,0.9553787,1,0.8842831,0.7678698,0.7113311,0,0,0,0,0,0,0,0,0,0,0,0
0,0,0,0,0,0,0,0,0,0,0,0.7275965,0.7977405,0.8473896,0.805375,0.9416683,1,0.902656,0,0,0,0,0,0,0,0,0,0,0,0,0,0,0,0,0,0,0,0,0,0,0,0,0,0,0,0,0.7790862,0.8161437,0.8831432,1,0.9249496,0,0,0,0,0,0,0,0,0,0,0,0,0,0,0,0,0,0,0,0,0,0,0,0,0,0.6239284,0.681584,0.8007155,0.7703816,0.7858761,0.9356619,1,0.8713305,0.6199989,0.6173598,0.6061314,0,0,0,0,0,0,0,0,0,0,0,0,0,0,0,0,0,0,0,0,0,0,0,0.780506,0.86559,0.9072524,0.8935977,0.7947297,0.995347,1,0.7375851,0,0,0,0,0,0,0,0,0,0,0,0,0,0,0,0,0,0,0,0,0,0,0,0,0.6120952,0.6563501,0.6886377,0.7756578,0.7280575,0.7609549,0.9702729,1,0.8502021,0,0,0,0,0,0,0,0,0,0,0,0,0,0
0,0,0,0,0,0,0,0,0,0,0.7810107,0.8504656,0.6912186,0.7801669,0.7155038,0.9161472,1,0.9021448,0,0,0,0,0,0,0,0,0,0,0,0,0,0,0,0,0,0,0,0,0,0,0,0,0,0,0,0.7994105,0.8440658,0.7935191,0,1,0.979054,0.7566731,0,0,0,0,0,0,0,0,0,0,0,0,0,0,0,0,0,0,0,0,0,0,0,0.7645707,0.8206353,0.8492382,0.793867,0.7766954,0.7694755,0.9601499,1,0.8642327,0,0,0.6518083,0.6741456,0,0,0,0,0,0,0,0,0,0,0,0,0,0,0,0,0,0,0,0,0.8237453,0.934209,1,0.9521793,0.8768786,0.8758978,0.7691804,0.9757596,0.9968808,0.8325487,0,0,0,0,0,0,0,0,0,0,0,0,0,0,0,0,0,0,0,0,0,0,0,0,0.6907807,0.8214846,0.8251128,0.7156953,0.7556183,0.6736993,0.9658372,1,0.8519309,0,0,0.6621162,0.6674209,0,0,0,0,0,0,0,0,0,0
0,0,0,0,0,0,0,0,0,0.6477515,0.8085216,0.8637813,0.8553377,0.768056,0.691633,0.9178919,1,0.8772786,0,0,0,0,0,0,0,0,0,0,0,0,0,0,0,0,0,0,0,0,0,0,0,0,0,0,0,0,0.7506333,0.6693318,0.9430204,1,0.9124955,0.7031006,0,0,0,0,0,0,0,0,0,0,0,0,0,0,0,0,0,0,0,0,0,0,0.5520443,0.6780498,0.746271,0.6601456,0.7066901,0.6846963,0.7043701,0.9524918,1,0.8611866,0,0,0,0,0,0,0,0,0,0,0,0,0,0,0,0,0,0,0,0,0,0,0,0,0.7277173,0.9649439,0.995543,0.9257526,0.8698373,0.8944129,0.8479608,0.970145,1,0.7400153,0,0,0,0,0,0,0,0,0,0,0,0,0,0,0,0,0,0,0,0,0,0,0,0.6059539,0.7253324,0.7496355,0,0.7425081,0.7708626,0.7665694,0.9763894,1,0.8310279,0,0,0,0,0,0,0,0,0,0,0,0,0,0
0,0,0,0,0,0,0,0,0,0,0,0.6395849,0.7033076,0.822549,0.8932631,0.929038,1,0.895583,0,0,0,0,0,0,0,0,0,0,0,0,0,0,0,0,0,0,0,0,0,0,0,0,0,0,0,0,0.8245007,0.8166007,1,0.980357,0.833199,0,0,0,0,0,0,0,0,0,0,0,0,0,0,0,0,0,0,0,0,0,0,0,0,0,0.6141835,0.6957821,0.7673166,0.7920476,0.7573817,0.9470575,1,0.8733737,0,0,0,0,0,0,0,0,0,0,0,0,0,0,0,0,0,0,0,0,0,0,0,0,0,0,0,0.7443873,0.8161715,0.8014584,0.8330489,0.9852495,1,0.8061246,0,0,0,0,0,0,0,0,0,0,0,0,0,0,0,0,0,0,0,0,0,0,0,0,0,0,0,0,0.7819507,0.7734904,0.939645,1,0.863631,0,0,0,0,0,0,0,0,0,0,0,0,0,0
0,0,0,0,0,0,0,0,0,0,0,0,0,0,0.7429813,0.9605652,1,0.8083951,0.865713,0.7618581,0.6514159,0,0,0,0,0,0,0,0,0,0,0,0,0,0,0,0,0,0,0,0,0,0,0,0,0,0.7275707,0.8323094,0.9148669,1,0.9217017,0.656941,0,0,0,0,0,0,0,0,0,0,0,0,0,0,0,0,0,0,0,0,0,0,0,0,0,0,0,0.6632906,0.6941655,0.9467399,1,0.8434913,0.734471,0.7072214,0.6357256,0,0,0,0,0,0,0,0,0,0,0,0,0,0,0,0,0,0,0,0,0,0,0,0,0,0,0.7579483,0.8961105,1,0.9540398,0.8047377,0.7681657,0.7534878,0.6398335,0,0,0,0,0,0,0,0,0,0,0,0,0,0,0,0,0,0,0,0,0,0,0,0,0,0.7764466,0.8848573,0.9984334,1,0.8083296,0.7530957,0.68041,0.600867,0,0,0,0,0,0,0,0,0,0,0
0,0,0,0,0,0,0,0,0,0,0,0,0,0,0,0.9257762,1,0.8447824,0.8614095,0,0.8014556,0.736879,0,0,0,0,0,0,0,0,0,0,0,0,0,0,0,0,0,0,0,0,0,0,0,0,0.7816114,0.8120039,0.8590634,1,0.9671682,0.8017084,0,0,0,0,0,0,0,0,0,0,0,0,0,0,0,0,0,0,0,0,0,0,0,0,0,0,0,0.654793,0,0.9517645,1,0.8566992,0.7931468,0.7978837,0.7766204,0.669652,0,0,0,0,0,0,0,0,0,0,0,0,0,0,0,0,0,0,0,0,0,0,0,0,0,0,0.8516858,1,0.9431444,0.891903,0.9306888,0.8781154,0.8472453,0.7324852,0,0,0,0,0,0,0,0,0,0,0,0,0,0,0,0,0,0,0,0,0,0,0,0,0,0,0.9778417,1,0.8122,0.7717127,0.720059,0.7143132,0,0,0,0,0,0,0,0,0,0,0
0,0,0,0,0,0,0,0,0,0,0,0,0,0,0,0.9260112,1,0.8735464,0.8106281,0.826542,0.7420138,0.7505443,0.7175698,0,0,0,0,0,0,0,0,0,0,0,0,0,0,0,0,0,0,0,0,0,0,0.7648981,0.788473,0.8137783,0.8221495,1,0.9543737,0,0,0,0,0,0,0,0,0,0,0,0,0,0,0,0,0,0,0,0,0,0,0,0,0,0.579079,0.5751278,0,0,0.656882,0.9542336,1,0.8683553,0.6718122,0.6283472,0.8040561,0.7928696,0.6496836,0.5675294,0,0,0,0,0,0,0,0,0,0,0,0,0,0,0,0,0,0,0,0,0,0,0.7071739,0.7086692,0.8592637,1,0.9281042,0.8215577,0.7876554,0.8418602,0.9058745,0.8705919,0.8049042,0.6732994,0,0,0,0,0,0,0,0,0,0,0,0,0,0,0,0,0,0,0,0,0,0,0,0.818145,0.9879471,1,0.8364208,0.6847163,0.6448346,0.7323926,0.7587957,0.6924843,0,0,0,0,0,0,0,0,0
0,0,0,0,0,0,0,0,0,0,0,0,0,0,0,0.9329227,1,0.8795832,0,0.786129,0.8346376,0.8254628,0.7339922,0,0,0,0,0,0,0,0,0,0,0,0,0,0,0,0,0,0,0,0,0,0,0,0,0.7959653,0.8710301,1,0.9656485,0.7966459,0.7652066,0,0,0,0,0,0,0,0,0,0,0,0,0,0,0,0,0,0,0,0,0,0,0,0,0,0,0,0.7098672,0.9579052,1,0.881483,0.7230894,0.7620997,0.8078551,0.8192755,0.7152573,0,0,0,0,0,0,0,0,0,0,0,0,0,0,0,0,0,0,0,0,0,0,0,0,0,0.8822214,1,0.9065188,0.8493313,0.8349017,0.8831279,0.9565182,0.9066272,0.7563528,0,0,0,0,0,0,0,0,0,0,0,0,0,0,0,0,0,0,0,0,0,0.7316124,0.7392108,0,0.7360554,0.9699703,1,0.7904145,0,0.8016164,0.8776584,0.8528789,0.7415303,0,0,0,0,0,0,0,0,0
