GestureName: caret
Duration(ms): 940
Handedness: right

SpeakerAngles: 5
55
-55
0
0
110

SpeakerElevations: 5
-10
-10
-10
0
30

InterpretedPoints: 20
0,0,0
0,0,0
0,3,0
3.24810032815972,5.64588362930997,0.979055466999209
7.29581754319326,12.7176904342732,1.11081457866456
6.50329105355721,13.7894972392364,1.2425736903299
1.67722814336317,18.1819087267966,2.06892551266297
4.09734999569797,18.8764962911875,1.54798097966218
1.6701377461254,21.287227219853,0.527036446661393
0.849249667538249,8.27618940284088,1.08987004566377
-0.806707284111599,0.564862521463623,-0.17364817766693
0,-2.96961550602442,0.347296355333861
-0.820888078587149,-11.1711473539149,0.562833599002373
-2.45557383852367,-12.5575808973704,-1.11081457866456
-0.0354519861888756,-15.2521684617612,-0.589870045663766
-4.06898840674687,-10.4278558544431,-1.45811093399842
-5.68949337220784,-14.0856953719625,-0.742573690329905
-0.827978475824924,-3.21074615077359,-0.805407289332278
0.806707284111599,-0.564862521463623,0.17364817766693
0,0,0

StrokePoints: 21
0,0,0
0,0,0
0,0,0
0,3,0
3.24810032815972,8.64588362930997,0.979055466999209
10.543917871353,21.3635740635832,2.08987004566377
17.0472089249102,35.1530713028196,3.33244373599367
18.7244370682734,53.3349800296162,5.40136924865664
22.8217870639713,72.2114763208037,6.94935022831883
24.4919248100967,93.4987035406567,7.47638667498022
25.341174477635,101.774892943498,8.56625672064399
24.5344671935234,102.339755464961,8.39260854297706
24.5344671935234,99.3701399589368,8.73990489831092
23.7135791149362,88.1989926050219,9.30273849731329
21.2580052764126,75.6414117076515,8.19192391864873
21.2225532902237,60.3892432458902,7.60205387298497
17.1535648834768,49.9613873914471,6.14394293898655
11.464071511269,35.8756920194846,5.40136924865664
10.6360930354441,32.6649458687111,4.59596195932436
11.4428003195557,32.1000833472474,4.76961013699129
11.4428003195557,32.1000833472474,4.76961013699129

Velocities: 20
0,0,0
0,0,0
0,0,0
1,0,2
4,0,4
4,3,6
0,7,7
3,7,7
3,9,8
2,7,2
0,1,0
0,0,-2
-2,-3,-4
0,-2,-6
0,-5,-6
0,0,-6
-4,-3,-6
0,-2,-2
0,-1,0
0,0,0

InverseVelocities: 20
0,0,0
0,0,0
0,0,0
0,0,0
0,0,0
0,0,0
0,0,0
0,0,0
0,0,0
0,0,0
0,0,0
0,0,0
0,0,0
0,0,0
0,0,0
0,0,0
0,0,0
0,0,0
0,0,0
0,0,0

RawData: 20
0,0,0,0,0,0,0,0,0,0,0,0,0,0,0,0.937091,1,0,0,0,0,0,0,0,0,0,0,0,0,0,0,0,0,0,0,0,0,0,0,0,0,0,0,0,0,0,0,0,0.8611092,1,0.9581503,0,0,0,0,0,0,0,0,0,0,0,0,0,0,0,0,0,0,0,0,0,0,0,0,0,0,0,0,0,0,0.971374,1,0.8158995,0,0,0,0,0,0,0,0,0,0,0,0,0,0,0,0,0,0,0,0,0,0,0,0,0,0,0,0,0,0,0.8947164,1,0.8953087,0.7797571,0,0,0,0,0,0,0,0,0,0,0,0,0,0,0,0,0,0,0,0,0,0,0,0,0,0,0,0,0,0.8055655,0.982862,1,0.8120309,0,0,0,0,0,0,0,0,0,0,0,0,0,0
0,0,0,0,0,0,0,0,0,0,0,0,0,0,0,0,0,0,0,0,0,0,0,0,0,0,0,0,0,0,0,0,0,0,0,0,0,0,0,0,0,0,0,0,0,0,0,0,0.8614142,1,0.9812042,0,0,0,0,0,0,0,0,0,0,0,0,0,0,0,0,0,0,0,0,0,0,0,0,0,0,0,0,0,0,0.94641,1,0.9284155,0,0,0,0,0,0,0,0,0,0,0,0,0,0,0,0,0,0,0,0,0,0,0,0,0,0,0,0,0,0,0.9069977,1,0.938004,0.8883145,0,0,0,0,0,0,0,0,0,0,0,0,0,0,0,0,0,0,0,0,0,0,0,0,0,0,0,0,0,0,0.9788688,1,0,0,0,0,0,0,0,0,0,0,0,0,0,0,0
0,0,0,0,0,0,0,0,0,0,0,0,0,0,0,0.9905146,1,0.9806862,0,0,0,0,0,0,0,0,0,0,0,0,0,0,0,0,0,0,0,0,0,0,0,0,0,0,0,0,0,0,0.8056313,1,0.9695145,0.7535531,0.7030931,0,0,0,0,0,0,0,0,0,0,0,0,0,0,0,0,0,0,0,0,0,0,0,0,0,0,0,0.6454911,0.9530441,1,0.8571645,0.7503221,0.7427489,0,0,0,0,0,0,0,0,0,0,0,0,0,0,0,0,0,0,0,0,0,0,0,0,0,0,0,0,0.8960973,1,0.9415158,0.8038489,0.8454649,0.7332441,0.697665,0.6195767,0,0,0,0,0,0,0,0,0,0,0,0,0,0,0,0,0,0,0,0,0,0,0,0,0,0.8056641,0.9881845,1,0.9061494,0.7603816,0,0,0,0,0,0,0,0,0,0,0,0,0
0,0,0,0,0,0,0,0,0,0,0,0,0,0,0,0,0,0,0,0.9360952,1,0,0,0,0,0,0,0,0,0,0,0,0,0,0,0,0,0,0,0,0,0,0,0,0,0,0,0,0.8430691,1,0.9904242,0.8233349,0,0,0,0,0,0,0,0,0,0,0,0,0,0,0,0,0,0,0,0,0,0,0,0,0,0,0,0,0,0.967513,1,0.8352783,0.8422009,0.885443,0.8450588,0.7689816,0,0,0,0,0,0,0,0,0,0,0,0,0,0,0,0,0,0,0,0,0,0,0,0,0,0.7262806,0.9243521,1,0.9184197,0,0.778715,0.8357294,0.8239675,0.7842079,0.7207565,0,0,0,0,0,0,0,0,0,0,0,0,0,0,0,0,0,0,0,0,0,0,0,0,0.8615705,1,0.9777351,0.8962958,0.9069147,0.9199812,0.8993928,0.8250419,0,0,0,0,0,0,0,0,0,0
0,0,0,0,0,0,0,0,0,0,0,0,0,0,0,0.9794444,0.9944382,0,0,0,0.9259022,1,0.9678466,0.8253675,0,0,0,0,0,0,0,0,0,0,0,0,0,0,0,0,0,0,0,0,0,0,0,0,0.8125633,1,0.9692971,0.7245155,0.7464892,0,0,0,0,0,0,0,0,0,0,0,0,0,0,0,0,0,0,0,0,0,0,0,0,0,0,0,0.7068573,0.9405899,1,0.8712924,0.7445602,0.7069115,0.7814006,0.7419578,0.7608349,0.7323549,0,0,0,0,0,0,0,0,0,0,0,0,0,0,0,0,0,0,0,0,0,0.7714648,0.7342128,0,0.9665761,1,0.8070489,0.7702276,0.8565713,0.856712,0.8331311,0,0.8826858,0.8265027,0,0.746783,0.7393314,0,0,0,0,0,0,0,0,0,0,0,0,0,0,0,0,0,0,0,0,0.8794639,1,0.884145,0.9329057,0.8137633,0.9017321,0.9503949,0.9440697,0.9771423,0.8385682,0,0,0,0,0,0,0,0
0,0,0,0,0,0,0,0,0,0,0,0,0,0,0,0.9493247,1,0.8183063,0,0,0,0,0.892112,0.8681922,0,0,0,0,0,0,0,0,0,0,0,0,0,0,0,0,0,0,0,0,0,0,0,0,0.8448324,1,0.9721788,0.7422073,0,0,0.7306345,0.701147,0,0,0,0,0,0,0,0,0,0,0,0,0,0,0,0,0,0,0,0,0,0,0,0,0,0.9276587,1,0.8013312,0,0,0,0.8165017,0.8507295,0.8530287,0.8614097,0.7498714,0,0,0,0,0,0,0,0,0,0,0,0,0,0,0,0,0,0,0,0,0,0,0.9326646,1,0.9190373,0.7064151,0,0.6933316,0.6922372,0.8027668,0.9020558,0.9215809,0.8464882,0,0,0,0,0,0,0,0,0,0,0,0,0,0,0,0,0,0,0,0,0,0,0.8802311,1,0.9758767,0.7302764,0.7832131,0,0.7132382,0.7996259,0.8946652,0.9121932,0.8583062,0.7814584,0,0,0,0,0,0
0,0,0,0,0,0,0,0,0,0,0,0,0,0,0,0.9315878,1,0.8844157,0,0,0,0,0,0,0,0,0,0,0,0,0,0,0,0,0,0,0,0,0,0,0,0,0,0,0,0,0,0,0.8181014,1,0.9844292,0.7343594,0,0,0.7278135,0,0,0,0.7701342,0.7636673,0,0,0,0,0,0,0,0,0,0,0,0,0,0,0,0,0,0,0,0,0,0.9174215,1,0.916204,0,0,0,0,0,0.7341985,0.794206,0.8530846,0.7413166,0,0,0,0,0,0,0,0,0,0,0,0,0,0,0,0,0,0,0,0.7117471,0.748983,0.9309113,1,0.9153166,0.7485619,0,0.7066443,0.7567192,0.7569578,0.7300396,0.845571,0.9052943,0.8589116,0,0.7182678,0.7339094,0,0,0,0,0,0,0,0,0,0,0,0,0,0,0,0,0,0,0.7658975,0.9924579,1,0.8583627,0.7761711,0,0,0.7420239,0.7568481,0.787115,0.7877277,0.7387965,0.8246477,0.7154896,0,0,0,0
0,0,0,0,0,0,0,0,0,0,0,0,0,0,0,0.9331897,1,0.8839857,0,0,0,0.8242067,0.8217162,0,0,0,0,0,0,0,0,0,0,0,0,0,0,0,0,0,0,0,0,0,0,0,0,0,0.775043,1,0.9974586,0.7914211,0.7057254,0.7664514,0,0,0,0,0,0.7657105,0,0,0,0,0,0,0,0,0,0,0,0,0,0,0,0,0,0,0,0,0.7286958,0.9475293,1,0.8564652,0.6774715,0.7084565,0.6825629,0,0,0,0,0.8247225,0.8191158,0,0,0,0,0,0,0,0,0,0,0,0,0,0,0,0,0,0,0,0.7312062,0.7971823,0.9317303,1,0.9861735,0.8838631,0.845697,0.789432,0.7601274,0.8301067,0.7854586,0,0.7647685,0.7407417,0.7411821,0.8006891,0,0,0,0,0,0,0,0,0,0,0,0,0,0,0,0,0,0,0,0.8383359,1,0.9919524,0.8458406,0.7143558,0.7369222,0,0.7381896,0,0.7623838,0.7051476,0.8442991,0.8245398,0.7376804,0,0,0,0
0,0,0,0,0,0,0,0,0,0,0,0,0,0,0,0.9006681,1,0.8112651,0,0.7622338,0.7970206,0.8205122,0.7089038,0,0,0,0,0,0,0,0,0,0,0,0,0,0,0,0,0,0,0,0,0,0,0,0,0.6993222,0.8450427,1,0.9815457,0.6924388,0.6824707,0.766654,0.7459359,0.771151,0,0.7250633,0.7539719,0,0.6732203,0.6809766,0,0,0,0,0,0,0,0,0,0,0,0,0,0,0,0,0,0,0.6561487,0.9202088,1,0.8965492,0,0.7354198,0.764744,0.6339477,0.6943638,0.6456985,0.7585734,0.7826545,0.6871774,0.639106,0,0,0,0,0,0,0,0,0,0,0,0,0,0,0,0,0,0,0.7339013,0.7644318,0.9081478,1,0.9828323,0.8640062,0.8565547,0.7077932,0.8234496,0,0.7390623,0.6844381,0,0,0.7022573,0.6700817,0,0,0,0,0,0,0,0,0,0,0,0,0,0,0,0,0,0,0,0.8889304,1,0.8896726,0.7840724,0,0.652962,0.65229,0.8065479,0.8362195,0.7123917,0.8338473,0.7627022,0.7008427,0,0,0,0,0
0,0,0,0,0,0,0,0,0,0,0,0,0,0,0,0.8554699,1,0.9634655,0.8473504,0.7885462,0.7189099,0.7097845,0,0,0,0,0,0,0,0,0,0,0,0,0,0,0,0,0,0,0,0,0,0,0,0,0,0,0.794275,1,0.9995921,0.7522233,0,0.7116714,0.8353247,0.7587692,0,0,0.7209088,0.7081087,0,0,0,0,0,0,0,0,0,0,0,0,0,0,0,0,0,0,0,0,0.7574287,0.8863605,1,0.8929394,0.7861765,0.7454758,0.7492182,0.7075363,0,0,0,0,0,0,0,0,0,0,0,0,0,0,0,0,0,0,0,0,0,0,0,0.7026314,0.763043,0.8146447,0.8884763,1,0.9535498,0.7764355,0.7183622,0.6936756,0.7246162,0.7134071,0,0,0,0,0,0,0,0,0,0,0,0,0,0,0,0,0,0,0,0,0,0,0,0,0,0.7400399,1,0.9881303,0.8356769,0.8598374,0.853927,0.8570608,0.7763851,0.8077551,0.8438488,0.7707663,0,0,0,0,0,0,0
0,0,0,0,0,0,0,0,0,0,0,0,0,0,0,0.9203193,1,0.9123805,0,0,0,0,0,0,0,0,0,0,0,0,0,0,0,0,0,0,0,0,0,0,0,0,0,0,0,0,0,0,0.8380373,1,0.991522,0,0.8396426,0.837764,0,0,0,0,0,0,0,0,0,0,0,0,0,0,0,0,0,0,0,0,0,0,0,0,0,0,0.7701973,0.9586223,1,0.8023574,0.7987682,0,0,0,0,0,0,0,0,0,0,0,0,0,0,0,0,0,0,0,0,0,0,0,0,0,0,0,0.7551405,0,0.870303,1,0.9897865,0.8461282,0,0,0,0,0,0,0,0,0,0,0,0,0,0,0,0,0,0,0,0,0,0,0,0,0,0,0,0,0,0.8894368,0.9982368,1,0.896243,0.8060213,0,0,0,0,0,0,0,0,0,0,0,0,0
0,0,0,0,0,0,0,0,0,0,0,0,0,0,0,0.8865044,1,0.9354547,0,0,0,0,0,0,0,0,0,0,0,0,0,0,0,0,0,0,0,0,0,0,0,0,0,0,0,0,0.8045339,0.8542392,0.8536429,1,0.9921799,0,0,0,0,0,0,0,0,0,0,0,0,0,0,0,0,0,0,0,0,0,0,0,0,0,0,0.7194387,0.78475,0.830749,0.8460016,0.9390849,1,0.9109128,0,0,0,0,0,0,0,0,0,0,0,0,0,0,0,0,0,0,0,0,0,0,0,0,0,0,0,0.7357125,0.7949026,0.7671536,0.8013445,1,0.9894342,0.7648821,0,0,0,0,0,0,0,0,0,0,0,0,0,0,0,0,0,0,0,0,0,0,0,0,0,0,0,0.8148206,0.8746696,0.9768822,0.9519873,1,0.8817211,0.7933652,0,0,0,0,0,0,0,0,0,0,0,0,0
0,0,0,0,0,0,0,0,0,0,0,0.8286161,0.8236187,0,0,0.8715619,1,0.9066374,0,0,0,0,0,0,0,0,0,0,0,0,0,0,0,0,0,0,0,0,0,0,0,0,0,0.7231668,0.7735946,0.7550909,0.7771514,0.8388776,0.7002994,0.9808569,1,0.8547089,0.6757435,0,0,0,0,0,0,0,0,0,0,0,0,0,0,0,0,0,0,0,0,0,0,0.6744727,0.6957437,0.770246,0.7299837,0.7259343,0.6857246,0.9226251,1,0.8812503,0,0,0,0,0,0,0,0,0,0,0,0,0,0,0,0,0,0,0,0,0,0,0,0.7341072,0.8789625,0.8818425,0,0.863111,0.8675346,0.8051329,0.8113574,1,0.9368713,0.8168013,0,0,0,0,0,0,0,0,0,0,0,0,0,0,0,0,0,0,0,0,0,0,0,0,0,0.7227304,0.8045593,0.8718069,0.8861032,0,0.996693,1,0.8084067,0.7926419,0,0,0,0,0,0,0,0,0,0,0,0,0
0,0,0,0,0,0,0,0,0,0,0,0,0,0,0,0.9052253,1,0.9318551,0,0,0,0,0,0,0,0,0,0,0,0,0,0,0,0,0,0,0,0,0,0,0,0,0,0,0.8375579,0.8119158,0,0,0.8026056,1,0.9901744,0,0,0,0,0,0,0,0,0,0,0,0,0,0,0,0,0,0,0,0,0,0,0.7180471,0.7456011,0.6801348,0,0,0.6857354,0,0.7356531,0.9116235,1,0.8934933,0,0,0,0,0,0,0,0,0,0,0,0,0,0,0,0,0,0,0,0,0,0.7490886,0.8041001,0.8807142,0.9176074,0,0.873697,0.8202671,0.7475786,0,0.855863,1,0.970002,0,0,0,0,0,0,0,0,0,0,0,0,0,0,0,0,0,0,0,0,0,0,0,0.7369046,0.76943,0.7849942,0.8262153,0.8221635,0.8162027,0.7195945,0,0.9229048,1,0.9202881,0.7108004,0,0,0,0,0,0,0,0,0,0,0,0,0
0,0,0,0,0,0,0,0,0,0,0,0,0,0,0,0.9959173,1,0,0,0,0,0,0,0,0,0,0,0,0,0,0,0,0,0,0,0,0,0,0,0,0,0.7934283,0.808652,0.8443415,0.7581557,0,0,0,0,0.9954801,1,0.7999987,0,0,0,0,0,0,0,0,0,0,0,0,0,0,0,0,0,0,0,0,0,0.746093,0,0.7177538,0.7156854,0,0,0,0.7706411,0.9559313,1,0.8846959,0,0,0,0,0,0,0,0,0,0,0,0,0,0,0,0,0,0,0,0,0.7781972,0.85017,0.8955897,0.8376364,0.8262843,0.8359398,0.8367089,0,0,0.8829101,0.8556182,1,0.9942223,0.7973367,0,0,0,0,0,0,0,0,0,0,0,0,0,0,0,0,0,0,0,0,0,0,0.9253729,1,0.9766975,0.8609715,0.7880611,0.7682791,0,0.8341447,0.8698802,0.9866223,0.9402823,0.7849286,0.747361,0,0,0,0,0,0,0,0,0,0,0,0
0,0,0,0,0,0,0,0,0,0,0,0,0,0,0,0,1,0,0,0,0,0,0,0,0,0,0,0,0,0,0,0,0,0,0,0,0,0,0,0,0,0,0,0,0,0,0,0,0.8860125,1,0.9679388,0,0,0,0,0,0,0,0,0,0,0,0,0,0,0,0,0,0,0,0,0,0,0.8435521,0.8852189,0.8359181,0,0,0,0,0,0.9190795,1,0.9202331,0,0,0,0,0,0,0,0,0,0,0,0,0,0,0,0,0,0,0,0,0,0,0.9396553,0.9441885,0,0,0,0,0,0.9511968,0.9444789,1,0.9184912,0,0,0,0,0,0,0,0,0,0,0,0,0,0,0,0,0,0,0,0,0,0,0,0.9765307,1,0.9784161,0.956186,0,0,0,0.9560412,0.9843295,0.9185148,0.9600294,0,0,0,0,0,0,0,0,0,0,0,0,0,0
0,0,0,0,0,0,0,0,0,0.8712395,0.8958046,0,0,0,0,0.9728567,1,0.8670019,0,0,0,0,0,0,0,0,0,0,0,0,0,0,0,0,0,0,0,0,0,0,0,0,0,0.8138837,0.818162,0,0,0,0.7770042,1,0.971723,0.7356337,0,0,0,0,0,0,0,0,0,0,0,0,0,0,0,0,0,0,0,0,0,0.7300654,0.7857075,0.7676313,0.7183671,0.7543206,0,0.7319989,0.797325,0.9617006,1,0.8672485,0,0,0,0,0,0,0,0,0,0,0,0,0,0,0,0,0,0,0,0,0,0,0.7481763,0.8880088,0.9128103,0.8701631,0.8140267,0,0.8006422,0.8631307,0.8674522,1,0.9640461,0,0,0,0,0,0,0,0,0,0,0,0,0,0,0,0,0,0,0,0,0,0,0.7726511,0.807271,0.8686426,0.9188985,0.9327487,0.8271496,0.8098761,0.8877214,0.8841,0.9217972,1,0.9075388,0,0,0,0,0,0,0,0,0,0,0,0,0,0
0,0,0,0,0,0,0,0,0,0,0,0,0,0,0.913909,1,0.9876726,0.8561436,0,0,0,0,0,0,0,0,0,0,0,0,0,0,0,0,0,0,0,0,0,0,0,0,0,0,0.7943093,0.8391063,0.8118042,0.752092,0.8668504,1,0.9675671,0.7386059,0,0,0,0,0,0,0,0,0,0,0,0,0,0,0,0,0,0,0,0,0,0,0,0,0,0.8425888,0.8561068,0.7736842,0.8547103,0.984802,1,0.812036,0,0,0,0,0,0,0,0,0,0,0,0,0,0,0,0,0,0,0,0,0,0,0,0,0,0,0,0.7591023,0.7725361,0.7324737,0.8798622,1,0.9658611,0.7247323,0,0,0,0,0,0,0,0,0,0,0,0,0,0,0,0,0,0,0,0,0,0,0,0,0.7671919,0.8368126,0.8811845,0.8582756,0.8891163,0.908232,1,0.9900796,0.7911387,0,0,0,0,0,0,0,0,0,0,0,0,0,0
0,0,0,0,0,0,0,0,0,0,0,0,0,0.8674512,0.9236633,1,0.9904631,0,0,0,0,0,0,0,0,0,0,0,0,0,0,0,0,0,0,0,0,0,0,0,0,0,0,0,0,0.7237152,0.7791053,0.8234119,0.8986422,1,0.9870683,0,0,0,0,0,0,0,0,0,0,0,0,0,0,0,0,0,0,0,0,0,0,0,0,0,0,0,0,0.7677392,0,0.8865382,1,0.8792821,0,0,0,0,0,0,0,0,0,0,0,0,0,0,0,0,0,0,0,0,0,0,0,0,0,0,0,0,0.7842758,0.8190372,0.861692,1,0.9737299,0,0,0,0,0,0,0,0,0,0,0,0,0,0,0,0,0,0,0,0,0,0,0,0,0,0,0,0,0.8112812,0.9195096,0.9411666,1,0.9468918,0.7219352,0,0,0,0,0,0,0,0,0,0,0,0,0,0
0,0,0,0,0,0,0,0,0,0,0,0,0,0,0.8123028,0.9721813,1,0.8243176,0,0,0,0,0,0,0,0,0,0,0,0,0,0,0,0,0,0,0,0,0,0,0,0,0,0,0,0,0,0.6182793,0.8385242,1,0.9728686,0.674124,0,0,0,0,0,0,0,0,0,0,0,0,0,0,0,0,0,0,0,0,0,0,0,0,0,0,0,0,0.6819385,0.9307637,1,0.8290209,0,0,0,0,0,0,0,0,0,0,0,0,0,0,0,0,0,0,0,0,0,0,0,0,0,0,0,0,0,0.6366745,0.9222134,1,0.8934493,0.6163445,0,0,0,0,0,0,0,0,0,0,0,0,0,0,0,0,0,0,0,0,0,0,0,0,0,0,0,0,0.8815127,1,0.9667525,0.9606362,0,0,0,0,0,0,0,0,0,0,0,0,0,0,0
