GestureName: L
Duration(ms): 987
Handedness: right

SpeakerAngles: 5
55
-55
0
0
110

SpeakerElevations: 5
-10
-10
-10
0
30

InterpretedPoints: 21
0,0,0
0,0,0
0.813797681349374,-0.296198132726024,0.5
1.62759536269875,0.407603734547952,1
1.63468575993652,7.89014146817667,0.110814578664557
0.835068873062699,9.57875108846285,0.437166400997627
5.70367416668339,11.6534086434133,1.74257369032991
4.06898840674687,9.84741547720045,0.763518223330696
1.6417761571743,5.91454801804757,1.30540728933228
2.44139304404812,10.5999212795553,-0.236481776669303
5.68949337220784,14.0856953719625,0.742573690329905
5.68240297497007,18.1068655630549,0.0689255126629749
6.50329105355721,17.9192222821637,0.895277334996045
4.91823807428512,11.4901719123929,3.7635182233307
2.476845030237,14.378766310571,2.2635182233307
3.26228112263527,7.06867961084571,2.15270364466614
4.04771721503354,12.1711473539149,-0.562833599002373
0,1,0
0,0,0
0,0,0
0,0,0

StrokePoints: 22
0,0,0
0,0,0
0,0,0
0.813797681349374,-0.296198132726024,0.5
2.44139304404812,0.111405601821928,1.5
4.07607880398464,8.0015470699986,1.61081457866456
4.91114767704734,17.5802981584615,2.04798097966218
10.6148218437307,29.2337068018747,3.79055466999209
14.6838102504776,39.0811222790752,4.55407289332278
16.3255864076519,44.9956702971227,5.85948018265506
18.7669794517,55.5955915766781,5.62299840598576
24.4564728239079,69.6812869486405,6.36557209631566
30.1388757988779,87.7881525116955,6.43449760897864
36.6421668524351,105.707374793859,7.32977494397468
41.5604049267203,117.197546706252,11.0932931673054
44.0372499569573,131.576313016823,13.3568113906361
47.2995310795925,138.644992627669,15.5095150353022
51.3472482946261,150.816139981584,14.9466814362998
51.3472482946261,151.816139981584,14.9466814362998
51.3472482946261,151.816139981584,14.9466814362998
51.3472482946261,151.816139981584,14.9466814362998
51.3472482946261,151.816139981584,14.9466814362998

Velocities: 21
0,0,0
0,0,0
0,0,0
0,0,0
2,3,3
1,4,4
4,5,4
3,3,4
0,2,2
4,4,2
4,3,6
6,4,4
5,4,6
0,5,5
0,5,5
0,1,1
4,1,4
0,0,0
0,0,0
0,0,0
0,0,0

InverseVelocities: 21
0,0,0
0,0,0
0,0,0
0,0,0
0,0,0
0,-1,0
0,0,0
0,0,0
0,0,0
0,0,0
0,0,0
0,0,0
0,0,0
0,0,0
0,0,0
0,0,0
-2,0,-1
0,0,0
0,0,0
0,0,0
0,0,0

RawData: 21
0,0,0,0,0,0,0,0,0,0,0,0,0,0,0,0.9083651,1,0.847778,0,0,0,0,0,0,0,0,0,0,0,0,0,0,0,0,0,0,0,0,0,0,0,0,0,0,0,0,0,0,0,0.9914259,1,0.797224,0,0,0,0,0,0,0,0,0,0,0,0,0,0,0,0,0,0,0,0,0,0,0,0,0,0,0,0,0,0.9411262,1,0.875787,0,0,0,0,0,0,0,0,0,0,0,0,0,0,0,0,0,0,0,0,0,0,0,0,0,0,0,0,0,0,0.8293626,0.9561577,1,0.8966235,0,0,0,0,0,0,0,0,0,0,0,0,0,0,0,0,0,0,0,0,0,0,0,0,0,0,0,0,0,0.7628835,0.9809989,1,0.833694,0,0,0,0,0,0,0,0,0,0,0,0,0,0
0,0,0,0,0,0,0,0,0,0,0,0,0,0,0,0.906288,1,0.8840546,0,0,0,0,0,0,0,0,0,0,0,0,0,0,0,0,0,0,0,0,0,0,0,0,0,0,0,0,0,0,0.7914895,1,0.9919128,0.7293748,0,0,0,0,0,0,0,0,0,0,0,0,0,0,0,0,0,0,0,0,0,0,0,0,0,0,0,0,0,0.9235865,1,0.8626151,0,0,0,0,0,0,0,0,0,0,0,0,0,0,0,0,0,0,0,0,0,0,0,0,0,0,0,0,0,0,0.8490561,0.9621807,1,0.8796229,0,0,0,0,0,0,0,0,0,0,0,0,0,0,0,0,0,0,0,0,0,0,0,0,0,0,0,0,0.7381884,0.8431981,0.9219681,1,0.8536099,0,0,0,0,0,0,0,0,0,0,0,0,0,0
0,0,0,0,0,0,0,0,0,0,0,0,0,0,0,0.9101473,1,0.8750113,0.7026852,0,0,0,0,0,0,0,0,0,0,0,0,0,0,0,0,0,0,0,0,0,0,0,0,0,0,0,0,0,0.8393064,1,0.9800606,0.774878,0,0,0,0,0,0,0,0,0,0,0,0,0,0,0,0,0,0,0,0,0,0,0,0,0,0,0,0,0.6667091,0.9270528,1,0.8934809,0,0,0,0,0,0,0,0,0,0,0,0,0,0,0,0,0,0,0,0,0,0,0,0,0,0,0,0,0,0,0.7933627,1,0.9080614,0.8554124,0.7481022,0,0,0,0,0,0,0,0,0,0,0,0,0,0,0,0,0,0,0,0,0,0,0,0,0,0,0.631477,0.8092557,0.6223382,0.99743,1,0.827344,0.6893482,0.6669649,0,0,0,0,0,0,0,0,0,0,0,0
0,0,0,0,0,0,0,0,0,0,0,0,0,0,0,0.9246308,1,0.8800956,0,0,0,0,0,0,0,0,0,0,0,0,0,0,0,0,0,0,0,0,0,0,0,0,0,0,0,0,0,0,0.8212298,1,0.9837235,0.7893056,0.7912407,0,0,0,0,0,0,0,0,0,0,0,0,0,0,0,0,0,0,0,0,0,0,0,0,0,0,0,0,0.9295157,1,0.9080889,0.771135,0.7550901,0,0,0,0,0,0,0,0,0,0,0,0,0,0,0,0,0,0,0,0,0,0,0,0,0,0,0.8332512,0.8908554,0.9273497,0.9792459,1,0.9187607,0.8680496,0.8039892,0,0,0,0,0,0,0,0,0,0,0,0,0,0,0,0,0,0,0,0,0,0,0,0,0.7282636,0.7993256,0.8297459,0.8436698,1,0.9510689,0.8317094,0.86879,0.85979,0.7682145,0,0,0,0,0,0,0,0,0,0,0
0,0,0,0,0,0,0,0,0,0,0,0,0,0,0.7330961,0.898952,1,0.9091766,0.8310211,0.852982,0.7864793,0.7358228,0,0,0,0,0,0,0,0,0,0,0,0,0,0,0,0,0,0,0,0,0,0,0,0,0,0,0.7996725,1,0.9977945,0.824514,0.6838372,0.721314,0.7934328,0.7622886,0,0,0,0,0,0,0,0,0,0,0,0,0,0,0,0,0,0,0,0,0,0,0,0.6442466,0.6885236,0.9427081,1,0.8971612,0.6831951,0,0.769898,0.7833693,0.7368321,0,0,0,0,0,0,0,0,0,0,0,0,0,0,0,0,0,0,0,0,0,0.6555756,0.7442817,0.7692176,0,0.8216581,1,0.9625846,0.865582,0.7733312,0,0.7570909,0.7140648,0,0,0,0,0,0,0,0,0,0,0,0,0,0,0,0,0,0,0,0,0,0,0.6799169,0,0.7562355,0.8388761,0.9934823,1,0.868096,0.8541752,0.8930119,0.7695876,0.7639406,0,0,0,0,0,0,0,0,0,0
0,0,0,0,0,0,0,0,0,0,0,0,0,0,0,0.8887777,1,0.8250608,0.9014407,0.8025597,0.8359701,0,0,0,0,0,0,0,0,0,0,0,0,0,0,0,0,0,0,0,0,0,0,0,0,0.7050883,0.7127808,0,0.8007219,0.9974004,1,0.8303914,0.7533531,0.7740442,0.8275616,0.876451,0.7944481,0,0,0,0,0,0,0,0,0,0,0,0,0,0,0,0,0,0,0,0,0,0,0,0,0.9144191,1,0.8996606,0.8218415,0.8234506,0.8061577,0.7381358,0.8370441,0.7045817,0,0,0,0,0,0,0,0,0,0,0,0,0,0,0,0,0,0,0,0.7110747,0.7588979,0.822338,0.7976509,0.8054957,0.8086351,1,0.939799,0.890237,0.879092,0.7943814,0.7952568,0.8281191,0.7825924,0,0,0,0,0,0,0,0,0,0,0,0,0,0,0,0,0,0,0,0,0,0.7972265,0.7817625,0,0.8605602,1,0.9768366,0.8810886,0.9412548,0.987045,0.9511692,0.8213896,0.8823381,0,0,0,0,0,0,0,0,0
0,0,0,0,0,0,0,0,0,0,0,0,0,0,0,0.9056582,1,0.9287586,0.8295847,0.797717,0.8648378,0.8128336,0.9161238,0.7812979,0,0,0,0,0,0,0,0,0,0,0,0,0,0,0,0,0,0,0,0,0,0,0,0,0.7657508,1,0.9916886,0.7778774,0.7067926,0.7964026,0.8218702,0.7913086,0.7856901,0.7062389,0,0,0,0,0,0,0,0,0,0,0,0,0,0,0,0,0,0,0,0,0,0,0.6710461,0.8484929,1,0.9190331,0,0,0.8011612,0.8169695,0.8864091,0.8597308,0,0,0,0,0,0,0,0,0,0,0,0,0,0,0,0,0,0,0,0,0,0.680272,0.7338707,0.7290853,0.8129041,1,0.9556829,0.7880981,0.7803257,0.7103176,0,0.8601922,0.8416166,0.6820629,0,0,0,0,0,0,0,0,0,0,0,0,0,0,0,0,0,0,0,0,0.6959758,0.6887381,0.7275665,0.7455923,0.9630671,1,0.9061993,0.8969868,0.92747,0.7712813,0.9810239,0.9662114,0.8570905,0.8262036,0.7584922,0.7621905,0,0,0,0,0
0,0,0,0,0,0,0,0,0,0,0,0,0,0,0,0.9266492,1,0.9602259,0,0,0,0.9302654,0.9283148,0,0,0,0,0,0,0,0,0,0,0,0,0,0,0,0,0,0,0,0,0,0,0,0,0,0.8323629,1,0.9980285,0.8132048,0.8247125,0.9238709,0.9317147,0.8771408,0,0,0,0,0,0,0,0,0,0,0,0,0,0,0,0,0,0,0,0,0,0,0,0,0,0.9440104,1,0.8975931,0,0.8461359,0.8979862,0.9110029,0.895843,0.804364,0,0,0,0,0,0,0,0,0,0,0,0,0,0,0,0,0,0,0,0,0,0,0.773379,0.8429855,0.9004657,1,0.9328112,0.7778053,0,0,0.797935,0.7675696,0.8526724,0,0,0,0,0,0,0,0,0,0,0,0,0,0,0,0,0,0,0,0,0,0,0,0,0.8269184,0.812112,0.8709422,0,0.8634253,0.8639526,1,0.9530947,0.9524501,0.8424373,0,0,0,0,0,0,0,0
0,0,0,0,0,0,0,0,0,0,0,0,0,0,0,0.9048664,1,0.9098771,0,0,0,0,0,0,0,0,0,0,0,0,0,0,0,0,0,0,0,0,0,0,0,0,0,0,0,0,0,0,0.8470882,1,0.9976649,0.8847046,0.8943766,0.866763,0.8425627,0,0,0,0,0,0,0,0,0,0,0,0,0,0,0,0,0,0,0,0,0,0,0,0,0,0,0.9479049,1,0.8892276,0,0.8664252,0.8690994,0.8082766,0,0,0,0,0,0,0,0,0,0,0,0,0,0,0,0,0,0,0,0,0,0,0,0,0,0,0.9046792,1,0.9402739,0.8225052,0.8258384,0,0,0.8654346,0.8549367,0,0,0,0,0,0,0,0,0,0,0,0,0,0,0,0,0,0,0,0,0,0,0,0,0.8328018,0.9192252,0.9271168,0.9362176,1,0.993937,0.8504554,0.9515458,0.8674695,0,0,0,0,0,0,0,0,0
0,0,0,0,0,0,0,0,0,0,0,0,0,0,0,0.9134561,1,0.8990402,0,0.7203822,0.7926048,0,0.8016081,0.729692,0,0,0,0,0,0,0,0,0,0,0,0,0,0,0,0,0,0,0,0,0,0,0,0,0.7774191,1,0.9904225,0.8813677,0.8989868,0.8921628,0.8206522,0.6932095,0.6978354,0,0,0,0,0,0,0,0,0,0,0,0,0,0,0,0,0,0,0,0,0,0,0,0.6651272,0.9551883,1,0.8888454,0.8043438,0.787329,0.7997119,0.6709647,0,0,0,0,0,0,0,0,0,0,0,0,0,0,0,0,0,0,0,0,0,0,0,0,0,0,0.8679547,1,0.9491019,0.7446159,0.7976206,0.8420631,0.7890867,0.7904398,0.8091717,0.6756394,0,0,0,0,0,0,0,0,0,0,0,0,0,0,0,0,0,0,0,0,0,0,0,0.7285569,0.8924135,0.8705307,0.969358,1,0.8845921,0.952003,0.7604648,0,0,0,0,0,0,0,0,0,0
0,0,0,0,0,0,0,0,0,0,0,0,0,0,0,0.9190665,1,0.7734168,0,0.728157,0,0.8483471,0.8484395,0.7273448,0,0,0,0,0,0,0,0,0,0,0,0,0,0,0,0,0,0,0,0,0,0,0,0.6597365,0.813714,1,0.979001,0.8983548,0.8902209,0.8787704,0.7998672,0.6859637,0,0,0,0,0,0,0,0,0,0,0,0,0,0,0,0,0,0,0,0,0,0,0,0.6318298,0.7662203,0.9738483,1,0.8672542,0.7752452,0.7534911,0.7048773,0.6839225,0,0,0.6500806,0.6285862,0,0,0,0,0,0,0,0,0,0,0,0,0,0,0,0,0,0,0,0,0,0.6758444,0.8933482,1,0.9311942,0,0.781578,0.8164664,0.752372,0.6475787,0.8032395,0.7922961,0.7216148,0,0,0,0,0,0,0,0,0,0,0,0,0,0,0,0,0,0,0,0,0,0,0.8995443,0.9984128,0.9762226,0.998443,0.9959466,0.8629223,1,0.9094172,0,0.7206131,0.6972039,0,0,0,0,0,0,0
0,0,0,0,0,0,0,0,0,0,0,0,0,0,0,0.9104613,1,0.9137285,0,0,0,0,0.7940872,0.8137981,0.84487,0.7829593,0,0,0,0,0,0,0,0,0,0,0,0,0,0,0,0,0,0,0,0,0,0,0.8143676,1,0.9808251,0.8649765,0.8883509,0.8965721,0.8463284,0.7544528,0.7306788,0,0,0,0,0,0,0,0,0,0,0,0,0,0,0,0,0,0,0,0,0,0,0,0.6912021,0.9701685,1,0.8305141,0.7658389,0.8337057,0.781363,0.7199,0.7437225,0.7426771,0,0,0,0,0,0,0,0,0,0,0,0,0,0,0,0,0,0,0,0,0,0,0,0,0.96088,1,0.7974777,0.8192236,0,0.8068694,0.8057844,0.8483394,0.8345209,0.862168,0.8248358,0,0.8174549,0.7710004,0.7254055,0,0,0,0,0,0,0,0,0,0,0,0,0,0,0,0,0,0,0.8035479,0.9459823,0.9951836,0.9609593,0.9635487,1,0.9352394,0.9708084,0.9307178,0.8286163,0,0,0,0,0,0,0,0
0,0,0,0,0,0,0,0,0,0,0,0,0,0,0,0.9158731,1,0.9165339,0,0,0,0,0,0.786392,0.8212671,0,0,0,0,0,0,0,0,0,0,0,0,0,0,0,0,0,0,0,0,0,0,0,0.8370703,1,0.9794812,0.8093902,0.7699492,0,0.7503572,0.6928357,0.6879387,0,0,0,0,0,0,0,0,0,0,0,0,0,0,0,0,0,0,0,0,0,0,0,0.6955892,0.9724782,1,0.8667292,0,0.7181934,0.8164863,0.8015468,0,0,0.7649192,0.7019268,0,0,0,0,0,0,0,0,0,0,0,0,0,0,0,0,0,0,0,0,0,0,0.9223198,1,0.9315125,0.8172346,0.7733768,0.7160322,0.6967219,0.6704953,0.7241594,0.6632668,0.699306,0,0.7431863,0.6962944,0,0,0,0,0,0,0,0,0,0,0,0,0,0,0,0,0,0,0,0,0.9551912,1,0.8843076,0.9718584,0.897424,0.9732634,0.8540249,0.9407547,0.8279058,0.8527459,0.7689077,0,0,0,0,0,0
0,0,0,0,0,0,0,0,0,0,0,0,0,0,0,0,1,0,0,0,0,0,0,0,0,0,0,0,0,0,0,0,0,0,0,0,0,0,0,0,0,0,0,0,0,0,0,0,0.855774,1,0.968483,0.7751901,0,0.7908993,0.779828,0.7691748,0.7973985,0.7881202,0,0,0,0,0,0,0,0,0,0,0,0,0,0,0,0,0,0,0,0,0,0,0.7954113,0.9503136,1,0.9113151,0.862624,0,0.7867625,0.813285,0,0.8018418,0.780135,0,0,0,0,0,0,0,0,0,0,0,0,0,0,0,0,0,0,0,0,0,0,0,0.9053121,1,0.947137,0.7815065,0.7062917,0,0,0.7386682,0.7447755,0.7215462,0.7100338,0.7165948,0,0,0,0,0,0,0,0,0,0,0,0,0,0,0,0,0,0,0,0,0,0.9059281,1,0.9300466,0,0.8622369,0,0.8521813,0.8865107,0.8326845,0.8740321,0,0,0,0.8084133,0.8260612,0.8168347,0,0
0,0,0,0,0,0,0,0,0,0,0,0,0,0,0,0,1,0,0,0,0,0,0,0,0,0,0,0,0,0,0,0,0,0,0,0,0,0,0,0,0,0,0,0,0,0,0,0,0.8579783,1,0.9624196,0.7894159,0.6873271,0.7613404,0.6826892,0.7128739,0.7157986,0.6985512,0,0,0,0,0,0,0,0,0,0,0,0,0,0,0,0,0,0,0,0,0,0,0,0.9064457,1,0.8409056,0.7914317,0.8789082,0.8761492,0.8455628,0.8182949,0,0.8249335,0,0,0,0,0,0,0,0,0,0,0,0,0,0,0,0,0,0,0,0,0,0,0.6524978,0.878314,1,0.9433461,0.7912889,0.756839,0.6753622,0.7673495,0.7672895,0.6520476,0.7228634,0.7150706,0.766755,0.7725208,0.7158802,0,0,0,0,0,0,0,0,0,0,0,0,0,0,0,0,0,0,0,0.8447896,0.9995457,1,0.8825235,0.8823218,0.7882196,0.7802992,0.8020993,0.8878633,0.8620684,0.7982908,0.7731239,0.7577218,0,0,0,0,0
0,0,0,0,0,0,0,0,0,0,0,0,0,0,0.9027578,1,0.9644949,0,0,0,0,0,0,0,0,0,0,0,0,0,0,0,0,0,0,0,0,0,0,0,0,0,0,0,0,0,0,0.7347164,0.7922836,1,0.9766534,0.7200049,0.7146643,0.7134469,0,0,0,0,0,0,0,0,0,0,0,0,0,0,0,0,0,0,0,0,0,0,0,0,0,0,0.7408592,0.9270357,1,0.9238042,0.7784382,0,0.7530705,0,0,0,0,0,0,0,0,0,0,0,0,0,0,0,0,0,0,0,0,0,0,0,0,0,0,0.6935977,0.8986982,1,0.9414296,0.7431989,0.7036691,0.7895485,0.8778213,0.8132603,0.7545477,0.7116374,0.6804316,0.6862541,0,0,0,0,0,0,0,0,0,0,0,0,0,0,0,0,0,0,0,0,0,0.84741,0.9752324,1,0.9309607,0.9042137,0.8209521,0.7880203,0.8024105,0,0.7344366,0,0,0,0,0,0,0,0
0,0,0,0,0,0,0,0,0,0,0,0.8451573,0.8791957,0.8574662,0.8140894,0.9966286,1,0,0.8506058,0.985522,0.9237468,0.8502094,0.8318634,0.8248209,0,0,0,0,0,0,0,0,0,0,0,0,0,0,0,0,0,0,0,0,0,0,0.6640711,0.6735872,0.7928942,1,0.9857908,0.7374794,0.7216875,0.6759207,0,0,0,0,0,0,0,0,0,0,0,0,0,0,0,0,0,0,0,0,0,0,0,0,0.711095,0.72348,0,0.9310284,1,0.8207069,0,0.7483104,0.6778784,0,0.6777705,0.6750082,0,0,0,0,0,0,0,0,0,0,0,0,0,0,0,0,0,0,0,0,0,0.6730528,0.7391337,0.7323731,0.9034244,1,0.9020982,0.6855592,0.8192716,0.8206898,0.7788492,0.731739,0,0.6576992,0.6553968,0,0,0,0,0,0,0,0,0,0,0,0,0,0,0,0,0,0,0,0,0.7025444,0.7613122,0.8014634,0.9915874,1,0.8775626,0.7480914,0.7880336,0.7718073,0,0,0,0,0,0,0,0,0,0,0
0,0,0,0,0,0,0,0,0,0,0,0,0,0,0.8478003,0.8980705,1,0.9898758,0.8748939,0,0,0,0,0,0,0,0,0,0,0,0,0,0,0,0,0,0,0,0,0,0,0,0,0,0,0,0,0,0.842802,1,0.9830554,0.7257128,0,0,0,0,0,0,0,0,0,0,0,0,0,0,0,0,0,0,0,0,0,0,0,0,0,0,0,0.7443198,0,0.9607602,1,0.9085652,0.8515887,0,0,0,0,0,0,0,0,0,0,0,0,0,0,0,0,0,0,0,0,0,0,0,0,0,0,0,0,0.7528726,0.9482867,1,0.8833144,0.9042848,0.8004829,0.6901156,0,0,0,0,0,0,0,0,0,0,0,0,0,0,0,0,0,0,0,0,0,0,0,0,0,0.7455645,0.7869381,0,1,0.9904835,0.7975034,0.7363322,0,0,0,0,0,0,0,0,0,0,0,0,0
0,0,0,0,0,0,0,0,0,0,0,0,0,0,0.9215665,1,0.9717727,0.9015895,0,0,0,0,0,0,0,0,0,0,0,0,0,0,0,0,0,0,0,0,0,0,0,0,0,0,0,0,0,0,0.8785588,1,0.9581683,0,0,0,0,0,0,0,0,0,0,0,0,0,0,0,0,0,0,0,0,0,0,0,0,0,0,0,0,0,0.7909336,0.9733857,1,0.8994007,0.7623211,0,0,0,0,0,0,0,0,0,0,0,0,0,0,0,0,0,0,0,0,0,0,0,0,0,0,0,0,0,0.9026668,1,0.9901072,0.8928249,0.7419603,0,0,0,0,0,0,0,0,0,0,0,0,0,0,0,0,0,0,0,0,0,0,0,0,0,0,0,0,0.827012,0.9955089,1,0.8383276,0.7652344,0,0,0,0,0,0,0,0,0,0,0,0,0
0,0,0,0,0,0,0,0,0,0,0,0,0,0,0,1,0.9263374,0,0,0,0,0,0,0,0,0,0,0,0,0,0,0,0,0,0,0,0,0,0,0,0,0,0,0,0,0,0,0,0.822482,1,0.9767479,0.7118042,0,0,0,0,0,0,0,0,0,0,0,0,0,0,0,0,0,0,0,0,0,0,0,0,0,0,0,0,0.6491116,0.9535351,1,0.8451602,0,0,0,0,0,0,0,0,0,0,0,0,0,0,0,0,0,0,0,0,0,0,0,0,0,0,0,0,0,0,0.8216826,1,0.9477726,0.7147883,0,0,0,0,0,0,0,0,0,0,0,0,0,0,0,0,0,0,0,0,0,0,0,0,0,0,0,0,0,0,0.9800787,1,0.7643545,0,0,0,0,0,0,0,0,0,0,0,0,0,0
0,0,0,0,0,0,0,0,0,0,0,0,0,0,0.8354529,1,0.9921372,0.8267899,0,0,0,0,0,0,0,0,0,0,0,0,0,0,0,0,0,0,0,0,0,0,0,0,0,0,0,0,0,0,0.8521123,1,0.9949679,0.8378047,0,0,0,0,0,0,0,0,0,0,0,0,0,0,0,0,0,0,0,0,0,0,0,0,0,0,0,0,0.7078343,0.9215725,1,0.89769,0,0,0,0,0,0,0,0,0,0,0,0,0,0,0,0,0,0,0,0,0,0,0,0,0,0,0,0,0,0,0.9290696,1,0.9065727,0.6800954,0,0,0,0,0,0,0,0,0,0,0,0,0,0,0,0,0,0,0,0,0,0,0,0,0,0,0,0,0,0.7821456,0.9217274,1,0.9042048,0,0,0,0,0,0,0,0,0,0,0,0,0,0
