GestureName: rectangle
Duration(ms): 1410
Handedness: right

SpeakerAngles: 5
55
-55
0
0
110

SpeakerElevations: 5
-10
-10
-10
0
30

InterpretedPoints: 30
1.66304734888762,10.819881733212,1.58987004566377
2.46266423576145,8.13127211292585,1.2635182233307
4.06898840674687,8.86260772418825,0.937166400997627
0.0212711917133248,8.89014146817667,0.110814578664557
2.44139304404812,3.08102110784634,1.15270364466614
2.43430264681035,1.95727400902378,0.652703644666139
0,2,0
2.43430264681035,0.178152533877783,1.34729635533386
8.88087052246536,-0.235429144774856,1.19459271066772
3.19846754749529,-0.754438481144737,-1.30540728933228
-0.0354519861888756,4.09142992605712,-2.15270364466614
-0.813797681349374,2.29619813272602,-0.5
0,0,0
0,-1,0
-4.86151489638292,-13.0046742641161,0.410129954336234
-4.86860529362069,-12.1284213629387,-0.0898700456637662
-6.48201986184389,-15.1132291159509,0.0837781320031643
-4.04062681779577,-15.001823514129,1.58377813200316
-4.04062681779577,-12.0322080081045,1.2364817766693
-2.43430264681035,-8.05661455797545,0.0418890660015822
0,0,0
0.813797681349374,0.703801867273976,0.5
0.00709039723777505,1.2686643887376,0.32635182233307
0,0,0
4.06898840674687,-4.48099066363012,2.5
5.69658376944562,-4.07338692908217,3.5
3.2551907253975,-2.1847925309041,2
-0.806707284111599,0.564862521463623,-0.17364817766693
0.00709039723777505,0.2686643887376,0.32635182233307
0,0,0

StrokePoints: 31
0,0,0
1.66304734888762,10.819881733212,1.58987004566377
4.12571158464907,18.9511538461379,2.85338826899446
8.19469999139594,27.8137615703261,3.79055466999209
8.21597118310926,36.7039030385028,3.90136924865665
10.6573642271574,39.7849241463491,5.05407289332279
13.0916668739677,41.7421981553729,5.70677653798892
13.0916668739677,43.7421981553729,5.70677653798892
15.5259695207781,43.9203506892507,7.05407289332278
24.4068400432434,43.6849215444759,8.24866560399051
27.6053075907387,42.9304830633311,6.94325831465823
27.5698556045499,47.0219129893882,4.79055466999209
26.7560579232005,49.3181111221143,4.29055466999209
26.7560579232005,49.3181111221143,4.29055466999209
26.7560579232005,48.3181111221143,4.29055466999209
21.8945430268176,35.3134368579981,4.70068462432832
17.0259377331969,23.1850154950594,4.61081457866456
10.543917871353,8.07178637910855,4.69459271066772
6.50329105355722,-6.93003713502041,6.27837084267088
2.46266423576145,-18.962245143125,7.51485261934019
0.0283615889511033,-27.0188597011004,7.55674168534177
0.0283615889511033,-27.0188597011004,7.55674168534177
0.842159270300477,-26.3150578338264,8.05674168534177
0.849249667538252,-25.0463934450888,8.38309350767484
0.849249667538252,-25.0463934450888,8.38309350767484
4.91823807428512,-29.527384108719,10.8830935076748
10.6148218437307,-33.6007710378011,14.3830935076748
13.8700125691282,-35.7855635687052,16.3830935076748
13.0633052850166,-35.2207010472416,16.2094453300079
13.0703956822544,-34.952036658504,16.535797152341
13.0703956822544,-34.952036658504,16.535797152341

Velocities: 30
1,6,4
2,5,3
3,3,3
1,4,3
0,0,2
1,0,1
0,0,0
2,1,-5
5,-5,-4
4,-4,-4
3,-2,-3
0,0,0
0,0,0
0,0,0
-5,-2,-4
-4,-2,-5
-5,-1,-6
-5,-1,-6
-5,-1,-4
-2,-1,-3
0,0,0
0,0,0
0,1,0
0,0,0
0,0,0
0,0,0
0,0,0
0,1,0
0,1,0
0,0,0

InverseVelocities: 30
0,0,0
0,0,0
0,0,0
0,0,0
0,0,0
0,0,0
0,0,0
0,0,2
0,0,4
0,0,1
0,0,0
0,0,0
0,0,0
0,0,0
0,0,0
0,0,0
0,0,0
0,0,0
0,0,0
0,0,0
0,0,0
0,0,0
0,0,0
0,0,0
0,0,0
0,0,0
0,0,0
0,0,0
0,0,0
0,0,0

RawData: 30
0,0,0,0,0,0,0,0,0,0,0,0,0,0,0,0.9362364,1,0.8973754,0.718227,0.7514337,0.7661182,0,0,0,0,0,0,0,0,0,0,0,0,0,0,0,0,0,0,0,0,0,0,0,0,0,0,0,0.8633143,1,0.9595381,0,0,0.7220974,0.7723361,0.6718149,0,0.7691323,0.6935567,0,0,0,0,0,0,0,0,0,0,0,0,0,0,0,0,0,0,0,0,0,0,0.9438432,1,0.8607739,0,0.7679969,0.7805759,0.8265306,0.7641989,0.7283049,0,0,0,0,0,0,0,0,0,0,0,0,0,0,0,0,0,0,0,0,0,0,0,0.7284523,0.8517963,1,0.9735985,0.7482284,0,0,0.7832841,0.7753308,0.7040334,0.6782791,0,0,0,0,0,0,0,0,0,0,0,0,0,0,0,0,0,0,0,0,0,0,0,0.8730235,1,0.9754624,0.7586998,0.7170164,0,0.8005163,0.8169146,0.8317305,0.9448872,0.88201,0.7201002,0,0,0,0,0,0
0,0,0,0,0,0,0,0,0,0,0,0,0,0,0,0.9151443,1,0.8983592,0.7896162,0.8181955,0.8404126,0.8269996,0,0,0,0,0,0,0,0,0,0,0,0,0,0,0,0,0,0,0,0,0,0,0,0,0,0,0.8247905,1,0.9944168,0.8309523,0.7663425,0.7813781,0,0.7962477,0.7846494,0.7749109,0,0,0,0,0,0,0,0,0,0,0,0,0,0,0,0,0,0,0,0,0,0,0,0.9205217,1,0.8891357,0,0.8071925,0.8362533,0.8673627,0.8038446,0,0,0,0,0,0,0,0,0,0,0,0,0,0,0,0,0,0,0,0,0,0,0,0,0,0.868077,1,0.9628037,0.7577387,0,0,0.8197886,0.8205513,0,0,0,0,0,0,0,0,0,0,0,0,0,0,0,0,0,0,0,0,0,0,0,0,0,0.831485,1,0.998611,0.8713986,0,0,0.8420956,0.9993275,0.9582843,0.8622774,0.8768675,0,0,0,0,0,0,0
0,0,0,0,0,0,0,0,0,0,0,0,0,0,0,0.913906,1,0.8651329,0.7610725,0,0.8120753,0.7898211,0.7054813,0,0,0,0,0,0,0,0,0,0,0,0,0,0,0,0,0,0,0,0,0,0,0,0,0,0.7430463,0.9941034,1,0.8140364,0.7799608,0.8295184,0.8544292,0.7447482,0,0,0,0,0,0,0,0,0,0,0,0,0,0,0,0,0,0,0,0,0,0,0,0,0,0.9201334,1,0.8697715,0.7129626,0.8007604,0.8442212,0.8203368,0.6910734,0,0,0,0,0,0,0,0,0,0,0,0,0,0,0,0,0,0,0,0,0,0,0,0,0,0.8161121,1,0.9807004,0.8282674,0.8071612,0.8213482,0.8042827,0.7218432,0.7507898,0,0,0,0,0,0,0,0,0,0,0,0,0,0,0,0,0,0,0,0,0,0,0,0,0,0.9042456,0.9993223,0.9810343,0.9264288,0.90189,0.9894734,1,0.8421898,0.8260242,0,0,0,0,0,0,0,0
0,0,0,0,0,0,0,0,0,0,0,0,0,0,0,0.8913205,1,0.9267871,0.7400986,0.7374517,0.7163541,0,0,0,0,0,0,0,0,0,0,0,0,0,0,0,0,0,0,0,0,0,0,0,0,0,0,0,0.733219,0.9930654,1,0.8046066,0,0,0.6994563,0.6441093,0.6564763,0,0,0,0,0,0,0,0,0,0,0,0,0,0,0,0,0,0,0,0,0,0,0,0,0.9317865,1,0.9219792,0.8576957,0.8236646,0.8154466,0.804987,0.7117704,0,0,0,0,0,0,0,0,0,0,0,0,0,0,0,0,0,0,0,0,0,0,0,0,0,0.8061038,1,0.9987285,0.8531604,0.7687656,0.7675277,0.8401717,0.8011769,0.6381472,0,0,0,0,0,0,0,0,0,0,0,0,0,0,0,0,0,0,0,0,0,0,0,0,0,0.7838607,0.9995087,1,0.9776961,0.9565589,0.8378438,0.7499445,0,0,0,0,0,0,0,0,0,0
0,0,0,0,0,0,0,0,0,0,0,0,0,0,0,0.9028352,1,0.8280519,0.8753812,0.8276743,0,0,0,0,0,0,0,0,0,0,0,0,0,0,0,0,0,0,0,0,0,0,0,0,0,0,0,0.6392204,0.8406854,1,0.9679686,0.703463,0.7102419,0,0,0,0,0,0,0,0,0,0,0,0,0,0,0,0,0,0,0,0,0,0,0,0,0,0,0,0.8204956,0.9416083,0.9949172,1,0.9624341,0.9210865,0,0.7926703,0,0,0,0,0,0,0,0,0,0,0,0,0,0,0,0,0,0,0,0,0,0,0,0,0,0,0.8107898,1,0.9651096,0.7618383,0.8586338,0.9028172,0.8109066,0,0,0,0,0,0,0,0,0,0,0,0,0,0,0,0,0,0,0,0,0,0,0,0,0,0,0.7680475,0.9371321,1,0.9391199,0.898601,0.8686363,0.7648795,0.71171,0,0,0,0,0,0,0,0,0,0
0,0,0,0,0,0,0,0,0,0,0,0,0,0,0,0.9079002,1,0.9164387,0.8344088,0.8970755,0.8036909,0,0,0,0,0,0,0,0,0,0,0,0,0,0,0,0,0,0,0,0,0,0,0,0,0,0,0,0.7768056,0.9840073,1,0.8725834,0,0,0,0,0,0,0,0,0,0,0,0,0,0,0,0,0,0,0,0,0,0,0,0,0,0,0,0,0,0.8837953,0.8888493,0.904033,1,0.9918671,0.8348177,0,0,0,0,0,0,0,0,0,0,0,0,0,0,0,0,0,0,0,0,0,0,0,0,0,0,0,0.8598251,1,0.9963954,0.9286217,0.8632737,0.7626932,0,0,0,0,0,0,0,0,0,0,0,0,0,0,0,0,0,0,0,0,0,0,0,0,0,0,0,0,0.8691602,1,0.8398354,0.8725621,0.8480084,0.8341163,0,0,0,0,0,0,0,0,0,0,0
0,0,0,0,0,0,0,0,0,0,0,0,0,0,0,0.8969622,1,0.9474837,0,0.8486489,0,0,0,0,0,0,0,0,0,0,0,0,0,0,0,0,0,0,0,0,0,0,0,0,0,0,0,0,0.8206341,1,0.9872491,0,0,0,0,0,0,0,0,0,0,0,0,0,0,0,0,0,0,0,0,0,0,0,0,0,0,0,0,0,0,0.9294553,1,0.9360597,0,0.9001867,0,0,0,0,0,0,0,0,0,0,0,0,0,0,0,0,0,0,0,0,0,0,0,0,0,0,0,0,0.8686639,1,0.912607,0.8842312,0.9068509,0.9244197,0.8243136,0,0,0,0,0,0,0,0,0,0,0,0,0,0,0,0,0,0,0,0,0,0,0,0,0,0.8769919,0.9171971,0.9098532,0.9633031,1,0,0,0,0,0,0,0,0,0,0,0,0,0,0
0,0,0,0,0,0,0,0,0,0,0,0,0,0,0,0.8869757,1,0.878926,0.8471087,0.8577406,0.8396397,0.7814791,0,0,0,0,0,0,0,0,0,0,0,0,0,0,0,0,0,0,0,0,0,0,0,0,0.8217326,0.7760144,0.7832871,0.9975181,1,0.8360445,0.7554146,0.7591506,0,0,0,0,0,0,0,0,0,0,0,0,0,0,0,0,0,0,0,0,0.7356864,0.7439793,0,0,0.8012101,0.7655391,0,0.9226341,1,0.9168305,0.8679865,0.8911526,0.8197438,0.7711693,0,0,0,0,0,0,0,0,0,0,0,0,0,0,0,0,0,0,0,0,0,0,0,0,0,0,0.8993211,1,0.9525706,0.7828048,0.8181026,0.7518213,0.8458684,0.7646613,0.7406435,0,0,0,0,0,0,0,0,0,0,0,0,0,0,0,0,0,0,0,0,0,0.8135254,0.8504031,0.7491786,0,0.8997027,1,0.9550464,0.7861503,0.7236012,0.717377,0,0,0,0,0,0,0,0,0,0,0
0,0,0,0,0,0,0,0,0,0,0,0,0,0,0,0.8857755,1,0.907723,0.8402732,0.8428515,0,0,0.7777954,0.7721757,0.718935,0,0,0,0,0,0,0,0,0,0,0,0,0,0,0,0,0.6784294,0.6967543,0.746116,0.8108159,0.7852879,0.7090086,0.6980896,0.8365204,1,0.9881954,0.7786968,0,0,0,0,0,0,0,0,0,0,0,0,0,0,0,0,0,0,0,0,0,0,0,0.7064251,0.7853767,0.7709734,0.7682277,0.6785643,0.679381,0.9161395,1,0.9140587,0.7870429,0.8458973,0,0.7535638,0.7056515,0.6927662,0,0,0,0,0,0,0,0,0,0,0,0,0,0,0,0,0,0,0,0,0,0.7202212,0.7514231,0,0.6758912,0.9917586,1,0.7733023,0.836885,0.806049,0.7685246,0.8115674,0.7340585,0,0,0,0,0,0,0,0,0,0,0,0,0,0,0,0,0,0.6855107,0.6600581,0.7757468,0.8299838,0.8497046,0.8132939,0.76009,0.777315,0.8957945,1,0.9144852,0,0.6596918,0,0,0,0,0,0,0,0,0,0,0,0
0,0,0,0,0,0,0,0,0,0,0,0,0,0,0.7751489,0.9277776,1,0.806482,0.8182643,0,0,0,0,0.7797572,0,0,0,0,0,0,0,0,0,0,0,0,0,0,0,0,0,0,0.8117782,0.8691884,0.8679183,0,0,0,0,0.993704,1,0.7871838,0,0,0,0,0,0,0,0,0,0,0,0,0,0,0,0,0,0,0,0,0,0,0,0.7580313,0.8263469,0.7839456,0.7667035,0.7481955,0,0.9190605,1,0.8808829,0.7816365,0.7673488,0.7481112,0,0,0,0,0,0,0,0,0,0,0,0,0,0,0,0,0,0,0,0,0,0,0,0,0,0,0.7608632,0.8839587,1,0.9662935,0.8669875,0.8484994,0.7542593,0.787867,0,0,0,0,0,0,0,0,0,0,0,0,0,0,0,0,0,0,0,0,0.8224222,0.8649271,0.8275489,0.8411184,0.8092748,0.7991048,0.7680591,0.945766,1,0.8835424,0,0,0,0,0,0,0,0,0,0,0,0,0,0
0,0,0,0,0,0,0,0,0,0,0,0,0,0,0,0.8870751,1,0.9317195,0.8728749,0.7832925,0.7775159,0.790577,0.7410643,0,0,0,0,0,0,0,0,0,0,0,0,0,0,0,0,0,0,0,0,0,0.7988408,0.8021362,0.798399,0.7886404,0.7697056,1,0.9711602,0,0,0,0,0,0,0,0,0,0,0,0,0,0,0,0,0,0,0,0,0,0,0,0,0,0.7294933,0.7388061,0,0.6813549,0.7772089,0.9517422,1,0.8497736,0.7968537,0.6707411,0,0,0,0,0,0,0,0,0,0,0,0,0,0,0,0,0,0,0,0,0,0,0,0.6867875,0.7151043,0,0,0.7666438,0.7903972,1,0.9042563,0.8653743,0.8258334,0.8900418,0.8435178,0,0.7054153,0.6747916,0,0,0,0,0,0,0,0,0,0,0,0,0,0,0,0,0.6725464,0.7352778,0.7408575,0.7714448,0.8040475,0.7802871,0.7957627,0.7529579,0.9613757,1,0.8126255,0,0.7397504,0.7172017,0.6801341,0,0,0,0,0,0,0,0,0,0
0,0,0,0,0,0,0,0,0,0,0,0,0,0,0,0.9348875,1,0.8716294,0.7990986,0.7608264,0,0,0,0,0,0,0,0,0,0,0,0,0,0,0,0,0,0,0,0,0,0,0,0,0,0,0.8086578,0,0.8297142,1,0.980616,0,0,0,0,0,0,0,0,0,0,0,0,0,0,0,0,0,0,0,0,0,0,0,0,0,0,0,0,0.7530452,0.8173022,0.9234917,1,0.9052577,0,0,0,0,0,0,0,0,0,0,0,0,0,0,0,0,0,0,0,0,0,0,0,0,0,0,0,0,0,0.7440219,0.8282155,1,0.9984033,0.8708696,0,0.696121,0.7277722,0,0,0,0,0,0,0,0,0,0,0,0,0,0,0,0,0,0,0,0,0,0,0,0.7858866,0.8597516,0.8744086,0,0.9802249,1,0.830918,0.7508438,0,0,0,0,0,0,0,0,0,0,0,0,0
0,0,0,0,0,0,0,0,0,0,0,0,0,0,0.6709843,0.9332364,1,0.8767142,0.7300582,0,0,0,0,0,0,0,0,0,0,0,0,0,0,0,0,0,0,0,0,0,0,0,0,0,0,0,0,0.8362418,0.9062299,1,0.969402,0.7064366,0,0,0,0,0,0,0,0,0,0,0,0,0,0,0,0,0,0,0,0,0,0,0,0,0,0,0,0.7625866,0.8555865,0.9505075,1,0.7242934,0.7211003,0,0,0,0,0,0,0,0,0,0,0,0,0,0,0,0,0,0,0,0,0,0,0,0,0,0,0,0.6303601,0.648515,0.9079021,1,0.9421639,0.6039094,0.6472967,0,0,0,0,0,0,0,0,0,0,0,0,0,0,0,0,0,0,0,0,0,0,0,0,0,0,0,0.8427476,0.8381704,0.9509185,1,0.8601648,0,0,0,0,0,0,0,0,0,0,0,0,0,0
0,0,0,0,0,0,0,0,0,0,0,0,0,0,0,0.9256719,1,0.8967397,0,0,0,0,0,0,0,0,0,0,0,0,0,0,0,0,0,0,0,0,0,0,0,0,0,0,0,0,0,0.8164624,0.9219468,1,0.9726101,0,0,0,0,0,0,0,0,0,0,0,0,0,0,0,0,0,0,0,0,0,0,0,0,0,0,0,0,0,0.8241851,0.970413,1,0.8762951,0,0,0,0,0,0,0,0,0,0,0,0,0,0,0,0,0,0,0,0,0,0,0,0,0,0,0,0.8063984,0.9062664,0.9388791,0.8958728,1,0.9789295,0.7891661,0,0,0,0,0,0,0,0,0,0,0,0,0,0,0,0,0,0,0,0,0,0,0,0,0,0,0,0.8052008,0.9386581,0.9865326,1,0.9631698,0,0,0,0,0,0,0,0,0,0,0,0,0,0,0
0,0,0,0,0,0,0,0,0.7379432,0.7485147,0,0.8233896,0.8426182,0.7715318,0,0.9146396,1,0.899994,0,0,0,0,0,0,0,0,0,0,0,0,0,0,0,0,0,0,0,0,0,0,0,0,0,0,0.7494103,0.8176801,0.8038883,0.8379786,0.8618657,1,0.9784242,0,0,0,0,0,0,0,0,0,0,0,0,0,0,0,0,0,0,0,0,0,0,0,0,0.6937159,0.7636157,0.7877916,0.8147994,0.7998167,0.736165,0.9414513,1,0.8943349,0,0,0,0,0,0,0,0,0,0,0,0,0,0,0,0,0,0,0,0,0,0,0.7110719,0.7799166,0.8131856,0.8052924,0.7772087,0.8935472,0.8724859,0.8108473,0.8906049,1,0.9597847,0.8455988,0.7164893,0,0,0,0,0,0,0,0,0,0,0,0,0,0,0,0,0,0,0,0,0,0,0,0.7429624,0.7773324,0.7278532,0.891238,0.920798,0.8832845,0.9591799,1,0.8735968,0,0,0,0,0,0,0,0,0,0,0,0,0,0
0,0,0,0,0,0,0,0,0,0.873918,0.87176,0.806487,0.7515358,0,0,0.9184888,1,0.9011531,0,0,0,0,0,0,0,0,0,0,0,0,0,0,0,0,0,0,0,0,0,0,0,0,0,0,0.8178809,0.7686099,0.75919,0.8221963,0.8579296,1,0.9584878,0,0,0,0,0,0,0,0,0,0,0,0,0,0,0,0,0,0,0,0,0,0,0,0.8455043,0.8576625,0.7253137,0,0.7323356,0,0,0.9360415,1,0.9121588,0,0,0,0,0,0,0,0,0,0,0,0,0,0,0,0,0,0,0,0,0,0,0,0.8709261,0.9033651,0.8323205,0.7371398,0.8142753,0,0.8011759,0.9325537,1,0.9285624,0.8752546,0.7504516,0,0,0,0,0,0,0,0,0,0,0,0,0,0,0,0,0,0,0,0,0,0,0.7272757,0.7183102,0,0,0.8230463,0.8130868,0.7765684,0.9367767,1,0.8948975,0,0,0,0,0,0,0,0,0,0,0,0,0,0
0,0,0,0,0,0,0,0,0.7957221,0.8142574,0,0,0,0,0.7025318,0.9179554,1,0.90031,0,0,0,0,0,0,0,0,0,0,0,0,0,0,0,0,0,0,0,0,0,0,0,0,0,0,0,0.8291637,0.8087671,0,0.8655136,1,0.9601682,0,0,0,0,0,0,0,0,0,0,0,0,0,0,0,0,0,0,0,0,0,0,0.767193,0.9262409,0.9702167,0.8715621,0.7758986,0.7850428,0,0,0.9827899,1,0.7512645,0,0,0,0,0,0,0,0,0,0,0,0,0,0,0,0,0,0,0,0,0,0.6382869,0.7735958,0.8988916,0.8980804,0.8225713,0.6947155,0.66755,0.7412313,0.8052858,0.8883488,1,0.9799992,0.7564695,0.6787288,0,0,0,0,0,0,0,0,0,0,0,0,0,0,0,0,0,0,0,0,0,0,0.7702609,0.7440938,0,0.8493113,0.8096713,0.7577001,0.7529675,0.9652914,1,0.8297002,0.7226244,0,0,0,0,0,0,0,0,0,0,0,0,0
0,0,0,0,0,0,0,0,0.8669327,0.8912918,0.8445408,0,0,0,0,0.940941,1,0.8489053,0,0,0,0,0,0,0,0,0,0,0,0,0,0,0,0,0,0,0,0,0,0,0,0,0,0,0,0.7991858,0,0.7521278,0.8636572,1,0.9692098,0,0,0,0,0,0,0,0,0,0,0,0,0,0,0,0,0,0,0,0,0,0,0.7939612,0.8465921,0.765718,0,0,0,0,0,0.9620243,1,0.8695803,0,0,0,0,0,0,0,0,0,0,0,0,0,0,0,0,0,0,0,0,0,0,0.6692237,0.8654309,0.9347598,0.8671892,0.7497428,0.7349956,0,0.7555621,0.8342406,1,0.9665003,0.7207224,0.682028,0,0,0,0,0,0,0,0,0,0,0,0,0,0,0,0,0,0,0,0,0,0,0,0,0,0.8646034,0.9056045,0.8438429,0.8742847,1,0.9950569,0.8459319,0.8033909,0,0,0,0,0,0,0,0,0,0,0,0,0
0,0,0,0,0,0,0,0,0.7261357,0.7721059,0.8431127,0.8424464,0.7514601,0,0,0.9160476,1,0.8838033,0,0,0,0,0,0,0,0,0,0,0,0,0,0,0,0,0,0,0,0,0,0,0,0,0,0,0,0.7527498,0.7134451,0,0.7657618,1,0.9675261,0,0,0,0,0,0,0,0,0,0,0,0,0,0,0,0,0,0,0,0,0,0,0,0,0.6962751,0.7682816,0.730293,0,0,0,0.9292104,1,0.8936355,0,0,0,0,0,0,0,0,0,0,0,0,0,0,0,0,0,0,0,0,0,0,0,0.7611194,0.8345022,0.7994908,0.7463521,0.7083504,0.7465128,0.6547387,0.896023,1,0.9609127,0.7463548,0.6391976,0,0,0,0,0,0,0,0,0,0,0,0,0,0,0,0,0,0,0,0,0,0,0,0,0,0.896678,0,0,0.8662574,1,0.9768635,0.8754313,0.8582736,0,0,0,0,0,0,0,0,0,0,0,0,0
0,0,0,0,0,0,0,0,0,0,0,0.712686,0.7463725,0.7869784,0.8025918,0.9283844,1,0.8700233,0,0,0,0,0,0,0,0,0,0,0,0,0,0,0,0,0,0,0,0,0,0,0,0,0,0,0,0.6683031,0.6557066,0.6739062,0.8436792,1,0.9657224,0.6570633,0,0,0,0,0,0,0,0,0,0,0,0,0,0,0,0,0,0,0,0,0,0,0,0,0.6431449,0.7142425,0.7053779,0.7348079,0.6826325,0.9373932,1,0.8599563,0,0,0,0,0,0,0,0,0,0,0,0,0,0,0,0,0,0,0,0,0,0,0,0,0.6720706,0.723029,0.7304493,0,0.7418492,0.7589025,0.8512923,1,0.9495919,0,0.6053118,0,0,0,0,0,0,0,0,0,0,0,0,0,0,0,0,0,0,0,0,0,0,0,0,0.6641636,0.7408597,0.6860667,0.6669406,0.7270797,0.9908872,1,0.8462656,0.7097619,0,0,0,0,0,0,0,0,0,0,0,0,0
0,0,0,0,0,0,0,0,0,0,0,0,0,0,0,0.918129,1,0.8742312,0,0,0,0,0,0,0,0,0,0,0,0,0,0,0,0,0,0,0,0,0,0,0,0,0,0,0,0,0,0,0.8642003,1,0.9747891,0.7419279,0,0,0,0,0,0,0,0,0,0,0,0,0,0,0,0,0,0,0,0,0,0,0,0,0,0,0,0.7215562,0.7229909,0.9468767,1,0.863598,0,0,0,0,0,0,0,0,0,0,0,0,0,0,0,0,0,0,0,0,0,0,0,0,0,0,0,0,0.7586313,0.8717912,0.8402582,1,0.9585651,0,0,0,0,0,0,0,0,0,0,0,0,0,0,0,0,0,0,0,0,0,0,0,0,0,0,0,0,0,0,0.7966093,0.9949998,1,0.8000711,0,0,0,0,0,0,0,0,0,0,0,0,0,0
0,0,0,0,0,0,0,0,0,0,0,0,0,0,0,0.9344341,1,0.9009704,0,0,0,0,0,0,0,0,0,0,0,0,0,0,0,0,0,0,0,0,0,0,0,0,0,0,0,0,0,0,0.802875,1,0.9719693,0,0,0,0,0,0,0,0,0,0,0,0,0,0,0,0,0,0,0,0,0,0,0,0,0,0,0,0,0,0,0.9621203,1,0.8815373,0,0,0,0,0,0,0,0,0,0,0,0,0,0,0,0,0,0,0,0,0,0,0,0,0,0,0,0,0,0,0.9073908,1,0.9237984,0.8103588,0.7676923,0.731986,0,0,0,0,0,0,0,0,0,0,0,0,0,0,0,0,0,0,0,0,0,0,0,0,0,0,0,0.9414153,0.9378226,1,0.8759459,0.8823423,0.8366896,0,0,0,0,0,0,0,0,0,0,0,0
0,0,0,0,0,0,0,0,0,0,0,0,0,0,0,0.8795958,1,0.878255,0,0,0,0,0,0,0,0,0,0,0,0,0,0,0,0,0,0,0,0,0,0,0,0,0,0,0,0,0.6740478,0.6831424,0.8226831,1,0.9746426,0.7466778,0.6773233,0.6771732,0,0,0,0,0,0,0,0,0,0,0,0,0,0,0,0,0,0,0,0,0,0,0,0,0,0,0.6940549,0.9543745,1,0.8477867,0.7193117,0,0,0,0,0,0,0,0,0,0,0,0,0,0,0,0,0,0,0,0,0,0,0,0,0,0,0.6817483,0.7373086,0.7584129,0.8666552,1,0.9306156,0.8196765,0.8425246,0.7560365,0,0,0,0,0,0,0,0,0,0,0,0,0,0,0,0,0,0,0,0,0,0,0,0,0,0.7718496,0.8416126,0.9367585,0.9895515,1,0.8698398,0.9055368,0.848257,0,0,0,0,0,0,0,0,0,0,0,0
0,0,0,0,0,0,0,0,0,0,0,0,0,0,0,0,1,0.9474824,0,0,0,0,0,0,0,0,0,0,0,0,0,0,0,0,0,0,0,0,0,0,0,0,0,0,0,0,0,0,0,1,0.9878597,0,0,0,0,0,0,0,0,0,0,0,0,0,0,0,0,0,0,0,0,0,0,0,0,0,0,0,0,0,0,0.9415057,1,0,0,0,0,0,0,0,0,0,0,0,0,0,0,0,0,0,0,0,0,0,0,0,0,0,0,0,0,0,0,0,0,1,0.9917029,0,0,0,0,0,0,0,0,0,0,0,0,0,0,0,0,0,0,0,0,0,0,0,0,0,0,0,0,0,0,0,0,1,0,0,0,0,0,0,0,0,0,0,0,0,0,0,0
0,0,0,0,0,0,0,0,0,0,0,0,0,0,0,0.9029706,1,0.8984004,0,0,0,0,0,0,0,0,0,0,0,0,0,0,0,0,0,0,0,0,0,0,0,0,0,0,0,0,0,0,0.7641854,1,0.9992976,0.7882499,0,0,0,0,0,0,0,0,0,0,0,0,0,0,0,0,0,0,0,0,0,0,0,0,0,0,0,0.6881652,0.7560114,0.9339035,1,0.90188,0,0,0,0,0,0,0,0,0,0,0,0,0,0,0,0,0,0,0,0,0,0,0,0,0,0.7124968,0.754616,0.7654315,0.7603937,0.6775167,0.7158784,0.9999035,1,0.809551,0,0,0,0,0,0,0,0,0,0,0,0,0,0,0,0,0,0,0,0,0,0,0,0,0,0,0,0,0,0,0.9019482,1,0.8734897,0.8086018,0.7649277,0.8035828,0.9151079,0.877264,0.7786424,0,0,0,0,0,0,0,0
0,0,0,0,0,0,0,0,0,0,0,0,0,0,0,0.909659,1,0.9137025,0,0,0,0,0,0,0,0,0,0,0,0,0,0,0,0,0,0,0,0,0,0,0,0,0,0,0,0,0,0,0.8615806,1,0.9761233,0.7065631,0,0,0,0,0,0,0,0,0,0,0,0,0,0,0,0,0,0,0,0,0,0,0,0,0,0,0,0.7828082,0.7594719,0.8597682,1,0.8961692,0,0,0,0,0,0,0,0,0,0,0,0,0,0,0,0,0,0,0,0,0,0,0,0,0,0,0.6841531,0,0,0.763539,0.8618554,1,0.9624445,0.6706198,0,0,0,0,0,0,0,0,0,0,0,0,0,0,0,0,0,0,0,0,0,0,0,0,0,0,0,0,0.8206545,0.8852153,0.974023,1,0.8151044,0,0,0.7959912,0.7757016,0.8433072,0.8133949,0.834942,0.7640283,0,0,0,0,0,0
0,0,0,0,0,0,0,0,0,0,0,0,0,0,0,0.9204322,1,0.9111683,0,0,0,0,0,0,0,0,0,0,0,0,0,0,0,0,0,0,0,0,0,0,0,0,0,0,0,0,0,0,0.7971452,0.9915248,1,0.780466,0,0,0,0,0,0,0,0,0,0,0,0,0,0,0,0,0,0,0,0,0,0,0,0,0,0,0,0,0,0.9508782,1,0.8970796,0,0,0,0,0,0,0,0,0,0,0,0,0,0,0,0,0,0,0,0,0,0,0,0,0,0,0,0.7178717,0.7362385,0.7127841,0.8751551,1,0.9684111,0.7390547,0,0,0,0,0,0,0,0,0,0,0,0,0,0,0,0,0,0,0,0,0,0,0,0,0,0,0,0,0,0.7854602,1,0.9986767,0,0.8273613,0.8755589,0.8639358,0.7901746,0.7983512,0,0,0,0,0,0,0,0,0
0,0,0,0,0,0,0,0,0,0,0,0,0,0,0.7638795,0.9008715,1,0.9231848,0,0,0,0,0,0,0,0,0,0,0,0,0,0,0,0,0,0,0,0,0,0,0,0,0,0,0,0,0,0,0.8293681,1,0.9926376,0,0.8027046,0.7746466,0,0,0,0,0,0,0,0,0,0,0,0,0,0,0,0,0,0,0,0,0,0,0,0,0,0,0,0.9187472,1,0.9198864,0.7720544,0,0,0,0,0,0,0,0,0,0,0,0,0,0,0,0,0,0,0,0,0,0,0,0,0,0,0,0,0.7202252,0.8737358,1,0.9685413,0.7534319,0,0,0,0,0,0,0,0,0,0,0,0,0,0,0,0,0,0,0,0,0,0,0,0,0,0,0,0,0,0.852628,0.9457736,1,0.9188246,0.8176852,0,0,0,0,0,0,0,0,0,0,0,0,0
0,0,0,0,0,0,0,0,0,0,0,0,0,0,0.6318022,0.8756028,1,0.9101787,0,0,0,0,0,0,0,0,0,0,0,0,0,0,0,0,0,0,0,0,0,0,0,0,0,0,0,0,0,0,0.7582381,1,0.9994282,0.798866,0,0.6237317,0,0,0,0,0,0,0,0,0,0,0,0,0,0,0,0,0,0,0,0,0,0,0,0,0,0,0.6403663,0.9111283,1,0.8649756,0,0,0,0,0,0,0,0,0,0,0,0,0,0,0,0,0,0,0,0,0,0,0,0,0,0,0,0,0,0.6464375,0.7483525,1,0.9789498,0.7006015,0,0,0,0,0,0,0,0,0,0,0,0,0,0,0,0,0,0,0,0,0,0,0,0,0,0,0,0,0,0.7766442,0.9614846,1,0.8130584,0.7098014,0.7068856,0,0,0,0,0,0,0,0,0,0,0,0
0,0,0,0,0,0,0,0,0,0,0,0,0,0,0,0.9035742,1,0.9096593,0,0,0,0,0,0,0,0,0,0,0,0,0,0,0,0,0,0,0,0,0,0,0,0,0,0,0,0,0,0,0.8160307,1,0.9826487,0.7273771,0,0,0,0,0,0,0,0,0,0,0,0,0,0,0,0,0,0,0,0,0,0,0,0,0,0,0,0,0,0.9257271,1,0.8890913,0,0,0,0,0,0,0,0,0,0,0,0,0,0,0,0,0,0,0,0,0,0,0,0,0,0,0,0,0,0,0.8479861,1,0.9705868,0.707007,0,0,0,0,0,0,0,0,0,0,0,0,0,0,0,0,0,0,0,0,0,0,0,0,0,0,0,0,0,0.7438496,0.9387225,1,0.8824795,0,0,0,0,0,0,0,0,0,0,0,0,0,0
