GestureName: arrow
Duration(ms): 1269
Handedness: right

SpeakerAngles: 2
55
-55

InterpretedPoints: 27
0,0
0.806707284111599,0.564862521463624
2.4201218523348,6.21348773609986
-0.806707284111599,7.34321277902711
0.806707284111599,8.47293782195435
3.2268291364464,10.1675253863452
-0.806707284111599,3.95403765024536
-7.26036555700439,-3.95403765024537
-2.4201218523348,-1.69458756439087
1.6134145682232,2.25945008585449
1.6134145682232,6.77835025756348
2.4201218523348,10.7323879078088
-0.806707284111598,12.9918379936633
4.84024370466959,10.1675253863452
2.4201218523348,2.82431260731812
0,2.25945008585449
-4.84024370466959,-2.25945008585449
-8.06707284111599,-2.25945008585449
-11.2939019775624,-5.64862521463624
-6.45365827289279,-2.25945008585449
0.806707284111599,-3.95403765024536
0,-1.12972504292725
2.4201218523348,0.564862521463624
8.87378012522759,0.564862521463624
1.6134145682232,-1.12972504292725
8.06707284111599,0
0,0

StrokePoints: 28
177.666666666667,130.277777777778
177.666666666667,130.277777777778
176.859959382555,129.712915256314
174.43983753022,123.499427520214
175.246544814332,116.156214741187
174.43983753022,107.683276919233
171.213008393774,97.5157515328876
172.019715677886,93.5617138826423
179.28008123489,97.5157515328876
181.700203087225,99.2103390972785
180.086788519001,96.950889011424
178.473373950778,90.1725387538605
176.053252098443,79.4401508460517
176.859959382555,66.4483128523883
172.019715677886,56.2807874660431
169.599593825551,53.456474858725
169.599593825551,51.1970247728705
174.43983753022,53.456474858725
182.506910371336,55.7159249445795
193.800812348899,61.3645501592157
200.254470621791,63.6240002450702
199.44776333768,67.5780378953156
199.44776333768,68.7077629382428
197.027641485345,68.1429004167792
188.153861360117,67.5780378953156
186.540446791894,68.7077629382428
178.473373950778,68.7077629382428
178.473373950778,68.7077629382428

Velocities: 27
0,0
1,0
7,4
6,7
8,7
11,7
3,4
-8,1
-3,0
3,1
7,5
11,8
11,12
12,6
4,1
2,2
-5,1
-7,3
-12,2
-6,2
-3,-4
-1,-1
2,-1
6,-5
0,-2
5,-5
0,0

InverseVelocities: 27
0,0
0,0
0,0
0,0
-2,0
-3,-3
-9,-2
0,-1
0,0
0,0
0,0
0,0
0,0
0,-3
0,0
-5,-2
0,-2
0,-8
0,-7
0,-6
0,0
0,0
0,0
-3,5
0,0
-1,0
0,0

RawData: 27
0,0,0,0,0,0,0,0,0,0,0,0,0,0,0,0.871978,1,0.9667841,0,0,0,0,0,0,0,0,0,0,0,0,0,0,0,0,0,0,0,0,0,0,0,0,0,0,0,0,0,0,0.9465642,1,0.8982306,0,0,0,0,0,0,0,0,0,0,0,0,0,0,0
0,0,0,0,0,0,0,0,0,0,0,0,0,0,0,0.8561756,1,0.9882782,0.7708569,0.8515784,0.83363,0,0,0,0,0,0,0,0,0,0,0,0,0,0,0,0,0,0,0,0,0,0,0,0,0,0,0.7042489,0.9573013,1,0.9039959,0.7876223,0.742714,0,0,0,0,0,0,0,0,0,0,0,0,0
0,0,0,0,0,0,0,0,0,0,0,0,0,0,0,0.812383,1,0.9783437,0.7562538,0.8768877,0.8671389,0.8361282,0.7284057,0.7625727,0.7104067,0.5667302,0.5576671,0,0,0,0,0,0,0,0,0,0,0,0,0,0,0,0,0,0,0,0,0,0.9427999,1,0.889425,0,0.7010952,0.7257121,0.6231004,0.607894,0.6163046,0,0,0,0,0,0,0,0,0
0,0,0,0,0,0,0,0,0,0,0,0,0,0,0,0.8224314,1,0.9884177,0.8666949,0.8908117,0.8758651,0.7983443,0.8317305,0.8442441,0.797725,0.7141152,0,0,0,0,0,0,0,0,0,0,0,0,0,0,0,0,0,0,0,0,0,0.6128606,0.9464319,1,0.9030761,0.6109059,0,0,0.724237,0.7957704,0.8153999,0.769851,0.7013022,0.6518369,0,0,0,0,0,0
0,0,0,0,0,0,0,0,0,0,0,0.6370524,0.6061066,0.6065369,0.6686072,0.8226857,1,0.9916677,0.8118623,0.8466449,0.79985,0.6120728,0.7063459,0.6745899,0.5504872,0.6206166,0.6457504,0.6139576,0,0,0,0,0,0,0,0,0,0,0,0,0,0,0,0,0,0,0,0.5482173,0.940544,1,0.8907802,0.5746269,0.6485482,0.685876,0.699414,0.7697554,0.7573002,0.6083338,0.5664753,0.5354078,0,0,0,0,0,0
0,0,0,0,0,0,0,0,0,0,0.7156095,0.733532,0.7528117,0.7500349,0.7508821,0.8625262,1,0.9768525,0.7157161,0.6959912,0.6392589,0.63549,0.6349201,0,0.7232429,0.7275506,0.6844928,0,0.6201419,0.627459,0.6220464,0,0,0,0,0,0,0,0,0,0,0,0,0.5521089,0.6074798,0.5792918,0.6093259,0.6305299,0.9462441,1,0.8920579,0.6680934,0.6620973,0.6500232,0.6902035,0.7072638,0.659763,0.614024,0.646646,0.6288228,0,0,0,0,0,0
0,0,0,0,0.7209747,0.764351,0.7839854,0.8343207,0.7273566,0,0.7436632,0.8435661,0.8512192,0.7549735,0,0.7936119,1,0.9933749,0.7767261,0,0,0,0.698689,0,0,0,0,0,0,0,0,0,0,0,0,0,0,0,0,0,0,0,0,0,0.6206939,0.649429,0.7033755,0.7379136,0.9469739,1,0.9009656,0.678179,0.7391348,0.6746349,0.645175,0.6206489,0.6557453,0,0,0,0,0,0,0,0,0
0,0,0,0,0,0.6880936,0.7302619,0.8055422,0.8028869,0.7869923,0.8817439,0.8681646,0.689863,0.7728849,0.7754442,0.7840447,0.9989893,1,0.8188184,0,0,0,0,0,0,0,0,0,0,0,0,0,0,0,0,0,0,0,0,0,0,0,0,0,0,0.6540299,0,0,0.9416394,1,0.8951929,0,0,0.6329399,0,0,0,0,0,0,0,0,0,0,0,0
0,0,0,0,0,0,0,0,0,0,0.8371546,0.8685047,0.8614506,0.8091446,0.8459556,0.87936,0.9977598,1,0.8405702,0,0,0,0,0,0,0,0,0,0,0,0,0,0,0,0,0,0,0,0,0,0,0,0,0,0,0,0.7407644,0.7514961,0.9539093,1,0.9109431,0,0,0,0,0,0,0,0,0,0,0,0,0,0,0
0,0,0,0,0,0,0,0,0,0,0,0,0,0,0,0.838784,1,0.9888857,0.8161631,0.7141747,0,0.7206008,0.7082443,0,0,0,0,0,0,0,0,0,0,0,0,0,0,0,0,0,0,0,0,0,0,0,0,0.6804897,0.9383485,1,0.918647,0.759899,0.7146097,0.6707644,0,0,0,0,0,0,0,0,0,0,0,0
0,0,0,0,0,0,0,0,0,0,0,0,0,0,0.6699891,0.8622243,1,0.9790865,0.8142557,0.7736278,0.7643166,0.7224342,0.7261791,0.7504812,0.7866348,0.7519202,0.7401642,0,0,0,0,0,0,0,0,0,0,0,0,0,0,0,0,0,0,0,0.6077203,0.6525617,0.9487135,1,0.8968607,0.716524,0.6903293,0.7435365,0.7080927,0.6460853,0.668097,0.6294692,0,0,0,0,0,0,0,0
0,0,0,0,0,0,0,0,0,0,0,0,0,0,0,0.8456903,1,0.9791288,0.7731237,0,0,0.7067583,0.7350219,0.7472724,0.6426898,0.7277235,0.8603923,0.887109,0.8432443,0.7746824,0.6940555,0,0,0,0,0,0,0,0,0,0,0,0,0,0,0,0,0,0.9492026,1,0.8877299,0.6992447,0.6875089,0.7360315,0.6890174,0.7418627,0.7808961,0.7093021,0,0.6703777,0.6280265,0,0,0,0,0
0,0,0,0,0,0,0,0,0,0,0,0,0,0,0.649644,0.8397543,1,0.9739259,0.6753648,0.7470019,0.7608386,0,0.6543729,0,0.8306839,0.8777984,0.8283709,0.9002723,0.7403516,0.8083593,0.6776065,0,0,0,0,0,0,0,0,0,0,0,0,0,0,0,0.6282208,0.7042975,0.9504673,1,0.8994168,0.6908154,0.7485753,0.761955,0.5789863,0.6605275,0.7337223,0.7561027,0.7152323,0.7023017,0,0.596262,0.5912161,0.5760019,0.5883467,0.6121777
0,0,0,0,0,0,0,0,0,0,0,0,0,0,0,0.8484437,1,0.964067,0.7797062,0.759159,0.663945,0.7148583,0.7191864,0.6632826,0.8163817,0.8528173,0.8408945,0.8132423,0.7378724,0.6642042,0.6954979,0.6509085,0.60641,0,0,0,0,0,0,0,0,0,0,0.5563216,0.5986205,0.5926786,0.6637583,0.7187205,0.9400834,1,0.9024598,0.7200972,0.7562004,0.7446893,0.6301903,0.6488192,0.6296421,0.5540545,0.5414048,0,0,0,0,0,0,0
0,0,0,0,0,0,0,0,0,0,0,0,0,0,0,0.8360502,1,0.9905971,0.8849207,0.8578479,0.8347128,0.8018702,0.7797468,0.6754062,0,0,0,0,0,0,0,0,0,0,0,0,0,0,0,0,0,0,0,0,0,0,0,0.6246866,0.9464806,1,0.8890094,0.7132389,0.6884345,0.6566702,0,0,0,0,0,0,0,0,0,0,0,0
0,0,0,0,0,0,0,0,0.6528462,0.6976809,0.6771078,0.7832355,0.8646382,0.8784742,0.7720276,0.8547081,1,0.9765444,0.7596883,0,0,0.6570535,0,0,0,0,0,0,0,0,0,0,0,0,0,0,0,0,0,0,0,0,0,0,0.6062623,0.6386032,0.6266213,0.7071337,0.952132,1,0.8812838,0.6666897,0,0.5602961,0.5720862,0,0,0,0,0,0,0,0,0,0,0
0,0,0,0,0,0,0,0,0.7655877,0.8564492,0.7783909,0.8712654,0.8968031,0.8246758,0.838958,0.8604811,1,0.9966446,0.8320763,0,0,0,0,0,0,0,0,0,0,0,0,0,0,0,0,0,0,0,0,0,0,0,0,0,0.6705323,0,0.7334993,0.7938995,0.9567347,1,0.9080227,0.6723176,0,0.6841507,0,0,0,0,0,0,0,0,0,0,0,0
0,0,0,0,0,0,0.7070441,0.7273838,0.8572271,0.6960968,0.7812993,0.7686383,0.7764295,0.760899,0.7952975,0.8199531,1,0.9778714,0.7316262,0,0,0,0,0,0,0,0,0,0,0,0,0,0,0,0,0,0,0,0.5523688,0.5522569,0.6329975,0.6605375,0,0.6525358,0.7210583,0.7718613,0.7959148,0.7786074,0.9379504,1,0.8994608,0.5652241,0.5340758,0.6017507,0.5889961,0.5392145,0,0,0,0,0,0,0,0,0,0
0.6006328,0.6067753,0,0,0.603257,0.5864963,0.7099271,0.8404988,0.8388769,0.8017312,0.641363,0.6226214,0.6929075,0.761597,0.7033961,0.8451696,1,0.9811842,0.759458,0,0,0,0,0,0,0,0,0,0,0,0,0,0,0,0,0,0,0,0,0.5218795,0.5680642,0.5896637,0.7230039,0.6190257,0.6629162,0.7165924,0.6564029,0.6386986,0.9413,1,0.8850918,0.6044505,0.5687684,0.5609529,0.6015218,0,0,0,0,0,0,0,0,0,0,0
0,0,0,0,0,0,0,0.6466748,0.7353796,0.7618005,0.8136724,0.770987,0.7955925,0.8309949,0.7938726,0.7793218,1,0.9980432,0.8039409,0.6290724,0,0,0,0,0,0,0,0,0,0,0,0,0,0,0,0,0,0,0,0,0.5907554,0.6027195,0.7216179,0.7157272,0.7081384,0.662678,0.6489047,0.6482976,0.9463531,1,0.8961174,0.5639661,0.6176539,0,0.5717615,0,0,0,0,0,0,0,0,0,0,0
0,0,0,0,0,0,0,0,0,0,0.6649535,0.7382112,0,0,0.8172488,0.7039652,0.9978754,1,0.7993152,0,0,0,0,0,0,0,0,0,0,0,0,0,0,0,0,0,0,0,0,0,0,0,0.6291981,0.7423748,0.7731769,0.7221512,0.7613195,0.7409506,0.9428567,1,0.8978721,0,0,0,0,0,0,0,0,0,0,0,0,0,0,0
0,0,0,0,0,0,0,0,0,0,0,0,0.6644095,0.7265815,0.7146735,0.8134162,1,0.9850007,0.7945602,0,0,0,0,0,0,0,0,0,0,0,0,0,0,0,0,0,0,0,0,0,0,0,0,0,0,0.7029166,0.787945,0.7869667,0.9477111,1,0.8960485,0.5755701,0,0,0,0,0,0,0,0,0,0,0,0,0,0
0,0,0,0,0,0,0,0,0,0,0,0,0,0.6752728,0,0.82656,1,0.9840084,0.8088152,0.6991674,0.733172,0.6490375,0,0,0,0,0,0,0,0,0,0,0,0,0,0,0,0,0,0,0,0,0,0,0,0.5547996,0.6394425,0.6533446,0.9452085,1,0.9035944,0.5982187,0.564411,0,0,0,0,0,0,0,0,0,0,0,0,0
0,0,0,0,0,0,0,0,0,0,0.560535,0.5759467,0.6681831,0.6576644,0.648789,0.8180523,1,0.9811287,0.7587168,0.619063,0.7012684,0.7077063,0.6246277,0.5784874,0.6123067,0.6574328,0,0,0,0,0,0,0,0,0,0,0,0,0,0,0,0.4983324,0.4921174,0.5229713,0.5930433,0,0.689227,0.6816609,0.9373122,1,0.8849378,0.5710068,0.5977878,0.5965992,0.5562692,0.5048121,0.5016032,0.4843176,0,0,0,0,0,0,0,0
0,0,0,0,0,0,0,0,0,0,0,0,0,0,0,0.8561243,1,0.9752559,0.7696331,0.7863785,0,0,0,0,0,0,0,0,0,0,0,0,0,0,0,0,0,0,0,0,0,0,0,0,0.7369066,0.7162011,0,0,0.9539403,1,0.9028888,0,0,0,0,0,0,0,0,0,0,0,0,0,0,0
0,0,0,0,0,0,0,0,0,0,0,0,0.5776581,0.584803,0.6798622,0.8149384,1,0.9876353,0.7409322,0.6978819,0.6639878,0.642737,0.6235513,0.5982882,0.5939015,0,0,0,0,0,0,0,0,0,0,0,0,0,0,0,0,0.5454803,0.6077662,0.5988195,0.5977173,0.5762594,0.6619562,0.6942647,0.9378684,1,0.8999832,0.6238558,0,0,0,0,0,0,0,0,0,0,0,0,0,0
0,0,0,0,0,0,0,0,0,0,0,0,0,0,0.6325321,0.8642505,1,0.971642,0,0,0,0,0,0,0,0,0,0,0,0,0,0,0,0,0,0,0,0,0,0,0,0,0,0,0,0,0.5892399,0.7257888,0.9481738,1,0.9014224,0,0,0,0,0,0,0,0,0,0,0,0,0,0,0
