GestureName: c
Duration(ms): 1034
Handedness: right

SpeakerAngles: 2
55
-55

InterpretedPoints: 22
0,0
3.22682913644639,4.51890017170899
3.2268291364464,5.64862521463624
3.2268291364464,9.03780034341798
3.2268291364464,10.1675253863452
6.45365827289279,6.77835025756348
13.7140238298972,-2.82431260731812
9.68048740933918,-3.38917512878174
-1.6134145682232,-12.4269754721997
-1.6134145682232,-9.03780034341798
-1.6134145682232,-4.51890017170899
-2.4201218523348,0.564862521463624
-5.64695098878119,2.82431260731812
-4.84024370466959,2.25945008585449
-6.45365827289279,2.25945008585449
-0.806707284111599,1.69458756439087
-1.6134145682232,2.25945008585449
0.806707284111599,0.564862521463624
0,0
0,0
0,0
0,0

StrokePoints: 23
177.666666666667,130.277777777778
177.666666666667,130.277777777778
174.43983753022,125.758877606069
171.213008393774,120.110252391433
167.986179257328,111.072452048015
164.759350120881,100.904926661669
158.305691847988,94.1265764041059
144.591668018091,96.950889011424
134.911180608752,100.340064140206
136.524595176975,112.767039612405
138.138009745198,121.804839955823
139.751424313422,126.323740127532
142.171546165756,125.758877606069
147.818497154538,122.934564998751
152.658740859207,120.675114912896
159.1123991321,118.415664827042
159.919106416212,116.721077262651
161.532520984435,114.461627176796
160.725813700323,113.896764655333
160.725813700323,113.896764655333
160.725813700323,113.896764655333
160.725813700323,113.896764655333
160.725813700323,113.896764655333

Velocities: 22
0,0
6,2
7,3
10,6
11,7
10,2
6,-11
3,-9
-12,-10
-9,-7
-5,-3
-1,2
-1,6
-1,5
-2,6
1,2
1,3
1,0
0,0
0,0
0,0
0,0

InverseVelocities: 22
0,0
0,0
0,-1
-1,-7
-7,-10
-9,-11
-12,0
-12,0
0,0
0,0
0,0
2,0
2,0
6,0
6,-2
0,0
0,0
0,0
0,0
0,0
0,0
0,0

RawData: 22
0,0,0,0,0,0,0,0,0,0,0,0,0,0,0,0.8322982,1,0.9077566,0.893462,0.7688574,0,0,0,0,0,0,0,0,0,0,0,0,0,0,0,0,0,0,0,0,0,0,0,0,0,0,0,0.5768425,0.933995,1,0.9161381,0.6688095,0.5718633,0,0,0,0,0,0,0,0,0,0,0,0,0
0,0,0,0,0,0,0,0,0,0,0,0,0,0,0,0.8118979,1,0.9818079,0.9345147,0.8094522,0.8774886,0.78097,0.7429903,0.75266,0.7244051,0.6576054,0,0,0,0,0,0,0,0,0,0,0,0,0,0,0,0,0,0,0,0,0,0.6391769,0.9483644,1,0.9078701,0.7621625,0.7088203,0.6818776,0.63656,0,0,0,0,0,0,0,0,0,0,0
0,0,0,0,0,0,0,0,0,0,0,0,0,0,0,0.8178319,0.9687492,0.965295,0.8753057,0.9730278,1,0.9636381,0.9513262,0.9354631,0.8110659,0.7628028,0.7082059,0,0,0,0,0,0,0,0,0,0,0,0,0,0,0,0,0,0,0.6574286,0.661947,0.7252131,0.9531878,1,0.9053223,0.7585097,0.6233438,0.7279047,0.6784926,0.6783419,0,0,0,0,0,0,0,0,0,0
0,0,0,0,0,0,0,0,0,0,0,0,0.5668103,0.7181657,0.7365193,0.7702533,0.9390549,0.9049501,0.9312209,0.8891799,0.9748212,0.9889811,0.9581296,1,0.9101529,0.7591826,0.7565231,0.658734,0.6235213,0.5882467,0,0,0,0,0,0,0,0,0,0.5083551,0.5883651,0.6198411,0.627057,0.6409662,0.6935498,0.6950539,0.7138147,0.7290177,0.9372188,1,0.9052863,0.8163977,0.7277854,0.6865271,0.6445377,0.5983875,0.6574291,0.5795777,0.5351338,0,0,0,0,0,0,0
0,0,0,0,0,0,0.6531084,0.7179013,0.7380202,0.7021489,0.7098637,0.6971375,0.527588,0.7100128,0.8475565,0.8920798,0.8574396,0.9871986,1,0.8843675,0.8470803,0.889282,0.9110463,0.8785296,0.8979922,0.8668256,0.7238013,0.5399675,0,0.5624165,0.5530159,0,0,0,0,0,0.5505294,0.5605498,0.6294327,0.7416081,0.8146656,0.8225262,0.7940744,0.6927037,0.7243226,0.6516632,0.7615178,0.8493952,0.9408622,1,0.8993527,0.7269937,0.7026339,0.6095761,0.604342,0.6052184,0.5468366,0.5363092,0.5191768,0.4982302,0,0,0,0,0,0
0,0,0,0,0.618498,0.7039824,0.8482171,0.7750286,0.7887252,0.7784587,0.8640457,0.9929689,1,0.9911031,0.9337776,0.9189519,0.9774073,0.9748842,0.9761243,0.8383599,0.7232855,0.9406136,0.8420398,0.7721758,0.695259,0.7221022,0.752132,0.7027829,0.691592,0.645395,0,0,0,0,0,0.5043046,0.5302703,0.6551118,0.7545016,0.7985151,0.7899953,0.7350836,0.7201519,0.7252445,0.6940181,0.711876,0.7089873,0.7488896,0.9510945,1,0.8878191,0.6590303,0.5893465,0.5177225,0.5133079,0,0,0,0,0,0,0,0,0,0,0
0.7073761,0.7296301,0.7737967,0.7824827,0.8608545,0.9364627,0.972072,0.9607277,0.9633751,0.9977118,0.9959017,0.9314935,0.8897322,1,0.9816162,0.8262193,0.8270887,0.982899,0.9635829,0.7841023,0.7586053,0.8597012,0.7896113,0.8124705,0.7980095,0.7511033,0,0,0,0,0,0,0,0,0,0.6111693,0.5952291,0.6488863,0.6503889,0.6112711,0.697593,0.7202737,0.7031987,0.6617857,0.582226,0.6784373,0.6524497,0.6023059,0.9392409,1,0.8957731,0.5909626,0,0,0,0,0,0,0,0,0,0,0,0,0,0
0.6242464,0.6788021,0.6447213,0.7799929,0.8293883,0.9353991,0.8757727,0.7846604,0.9722962,1,0.848516,0.9518286,0.9448724,0.729471,0.8571753,0.8479533,0.8381082,0.9092423,0.7202778,0.7233901,0.728196,0.7412772,0.6688093,0,0,0,0,0,0,0,0,0,0,0,0,0,0,0.5856457,0.6633767,0.6456518,0.6049248,0.5560916,0.6503754,0.7059341,0.6416259,0.6342204,0.6379011,0.6116525,0.9425893,1,0.8870883,0,0,0,0,0,0,0,0,0,0,0,0,0,0,0
0,0.6918484,0.7318648,0.7180104,0.8554603,0.9387679,0.8175378,0.8155787,0.7849845,0.8542897,0.9808382,1,0.7349848,0,0.7436308,0.7907915,0.9031654,0.891115,0.697358,0.6905564,0,0,0,0,0,0,0,0,0,0,0,0,0,0,0,0,0.5608431,0.5452334,0.6054384,0.6513677,0.6918481,0.6499876,0.6550075,0.6157095,0.6158834,0.6010509,0.5940751,0.6567954,0.9478372,1,0.8885901,0.5817739,0,0,0,0,0,0,0,0,0,0,0,0,0,0
0,0,0,0,0.7385959,0.795199,0.794933,0.9178759,0.9867166,1,0.928404,0.957743,0.9040807,0.7633932,0.8023627,0.7933536,0.9396044,0.8990865,0.7690333,0,0,0,0,0,0,0,0,0,0,0,0,0,0,0,0,0,0,0,0,0.5736324,0.6802387,0.7036421,0.7001806,0.6327156,0.6375064,0.5970047,0,0.623081,0.9433522,1,0.8905005,0.5774264,0,0,0,0,0,0,0,0,0,0,0,0,0,0
0,0,0,0,0,0,0,0,0.8968739,0.9683287,0.923824,0.9109317,0.958698,0,0.8983513,0.8808296,1,0.9742483,0,0,0,0,0,0,0,0,0,0,0,0,0,0,0,0,0,0,0,0,0,0,0,0,0,0.642228,0.6764427,0.6612657,0.6777005,0.7272814,0.9526939,1,0.8998173,0,0,0,0,0,0,0,0,0,0,0,0,0,0,0
0,0,0,0,0,0,0,0,0,0,0,0,0.8225489,0.8511655,0.8670033,0.9277453,1,0.9097558,0.7947323,0.8421691,0.8619164,0.7934719,0,0,0,0,0,0,0,0,0,0,0,0,0,0,0,0,0,0,0,0,0,0,0,0,0.6450508,0.689356,0.9456532,1,0.893526,0.7350708,0.6624054,0.6054345,0.6145357,0,0,0,0,0,0,0,0,0,0,0
0,0,0,0,0,0,0,0,0,0,0,0,0.8581805,0.8317536,0.8553014,1,0.9881189,0.9578714,0.9091077,0.8954209,0.9209373,0.8049293,0,0,0,0,0,0,0,0,0,0,0,0,0,0,0,0,0,0,0,0,0,0,0,0,0,0,0.9443711,1,0.8952667,0.6209124,0.66642,0.7195345,0.6957396,0.6392777,0.7006942,0.6700007,0.613884,0,0,0,0,0,0,0
0,0,0,0,0,0,0,0,0,0,0,0,0.7938974,0.825615,0.8633155,0.8748425,0.9941998,1,0.8651426,0.9495599,0.955228,0.8701486,0.752553,0.8131557,0.7857866,0.7411969,0,0,0,0,0,0,0,0,0,0,0,0,0,0,0,0,0,0,0,0,0.6402034,0.6896132,0.9453947,1,0.9032713,0.6469823,0.683386,0.7157933,0.6201215,0.6747014,0.6496527,0.6640314,0,0,0,0,0,0,0,0
0,0,0,0,0,0,0,0,0,0,0,0.7032542,0.6966136,0.7061113,0.736084,0.8712735,1,0.8082218,0.9257737,0.7196117,0.6559378,0.8062807,0.7314156,0,0.7208107,0.6388413,0,0,0,0,0,0,0,0,0,0,0,0,0,0,0,0,0,0,0.5233576,0.6162674,0.6024483,0.589228,0.9410766,1,0.8958815,0.6629573,0.6670639,0.7087107,0.6702644,0.5723721,0.6692694,0.6538531,0.5607581,0,0,0,0,0,0,0
0,0,0,0,0,0,0,0,0,0,0,0,0,0,0,0,0.9941857,1,0.9265999,0,0.8618438,0,0,0,0,0,0,0,0,0,0,0,0,0,0,0,0,0,0,0,0,0,0,0,0,0,0,0,0.9588275,1,0.904219,0.7601215,0,0.7652815,0.7744223,0,0,0,0,0,0,0,0,0,0,0
0,0,0,0,0,0,0,0,0,0,0,0,0,0,0.709622,0.8234239,1,0.9876148,0,0.8987265,0.8529677,0,0,0,0,0,0,0,0,0,0,0,0,0,0,0,0,0,0,0,0,0,0,0,0,0,0,0.6362852,0.9450025,1,0.9000488,0.7246287,0,0.6930866,0.6058033,0.6258425,0,0,0,0,0,0,0,0,0,0
0,0,0,0,0,0,0,0,0,0,0,0,0,0,0,0.8711292,1,0.971506,0.9853582,0.9671429,0.8475626,0,0,0,0,0,0,0,0,0,0,0,0,0,0,0,0,0,0,0,0,0,0,0,0,0,0,0,0.9540334,1,0.916814,0.7952541,0.7645189,0,0,0,0,0,0,0,0,0,0,0,0,0
0,0,0,0,0,0,0,0,0,0,0,0,0,0,0,0.8763751,0.9815633,0.9870265,1,0.8897787,0,0,0,0,0,0,0,0,0,0,0,0,0,0,0,0,0,0,0,0,0,0,0,0,0,0,0,0.6479015,0.9516804,1,0.9035298,0.6550315,0.6378496,0,0,0,0,0,0,0,0,0,0,0,0,0
0,0,0,0,0,0,0,0,0,0,0,0,0,0,0,0.8006417,0.9811066,1,0.8939145,0.6787231,0,0,0,0,0,0,0,0,0,0,0,0,0,0,0,0,0,0,0,0,0,0,0,0,0,0,0,0.5924134,0.9427473,1,0.8995021,0,0,0,0,0,0,0,0,0,0,0,0,0,0,0
0,0,0,0,0,0,0,0,0,0,0,0,0,0,0,0.8585824,1,0.9793615,0.7684954,0,0,0,0,0,0,0,0,0,0,0,0,0,0,0,0,0,0,0,0,0,0,0,0,0,0,0,0,0.6293013,0.9469416,1,0.8949115,0.5248919,0,0,0,0,0,0,0,0,0,0,0,0,0,0
0,0,0,0,0,0,0,0,0,0,0,0,0,0,0,0.896625,1,0.9671757,0.7192827,0,0,0,0,0,0,0,0,0,0,0,0,0,0,0,0,0,0,0,0,0,0,0,0,0,0,0,0,0.636166,0.9477986,1,0.9004973,0,0,0,0,0,0,0,0,0,0,0,0,0,0,0
