GestureName: star
Duration(ms): 1410
Handedness: right

SpeakerAngles: 2
55
-55

InterpretedPoints: 30
0,13.556700515127
0,11.2972504292725
-1.6134145682232,12.4269754721997
4.03353642055799,5.08376269317261
5.64695098878119,-2.82431260731812
-0.806707284111599,-11.8621129507361
0,-13.556700515127
0,-13.556700515127
0,-13.556700515127
0.806707284111599,-7.34321277902711
0,10.1675253863452
0,13.556700515127
-1.6134145682232,12.4269754721997
-2.4201218523348,11.8621129507361
-5.64695098878119,5.08376269317261
-3.2268291364464,-2.25945008585449
0,5.64862521463624
2.4201218523348,7.34321277902711
3.2268291364464,10.1675253863452
8.87378012522758,7.34321277902711
4.03353642055799,3.95403765024536
6.45365827289279,-1.12972504292725
0,0
-0.806707284111599,1.69458756439087
0,3.38917512878174
-8.06707284111599,-2.25945008585449
-11.2939019775624,-3.38917512878174
0,0
0.806707284111599,-6.21348773609986
-0.806707284111599,-0.564862521463624

StrokePoints: 31
177.666666666667,130.277777777778
177.666666666667,116.721077262651
177.666666666667,105.423826833378
179.28008123489,92.9968513611787
175.246544814332,87.913088668006
169.599593825551,90.7374012753242
170.406301109662,102.59951422606
170.406301109662,116.156214741187
170.406301109662,129.712915256314
170.406301109662,143.269615771441
169.599593825551,150.612828550468
169.599593825551,140.445303164123
169.599593825551,126.888602648996
171.213008393774,114.461627176796
173.633130246109,102.59951422606
179.28008123489,97.5157515328876
182.506910371336,99.7752016187421
182.506910371336,94.1265764041059
180.086788519001,86.7833636250788
176.859959382555,76.6158382387336
167.986179257327,69.2726254597065
163.952642836769,65.3185878094611
157.498984563877,66.4483128523883
157.498984563877,66.4483128523883
158.305691847988,64.7537252879975
158.305691847988,61.3645501592157
166.372764689104,63.6240002450702
177.666666666667,67.013175373852
177.666666666667,67.013175373852
176.859959382555,73.2266631099518
177.666666666667,73.7915256314155

Velocities: 30
12,12
10,10
10,12
7,2
1,-6
-11,-10
-12,-12
-12,-12
-12,-12
-6,-7
9,9
12,12
10,12
9,12
1,8
-4,0
5,5
8,5
11,7
12,1
6,1
3,-5
0,0
1,2
3,3
-7,3
-10,4
0,0
-5,-6
-1,0

InverseVelocities: 30
0,0
0,0
0,0
0,-1
-3,0
0,0
1,0
0,0
0,0
1,1
0,0
0,0
0,0
-5,-5
-5,-4
0,0
0,-2
0,-1
0,0
-5,-10
-3,-10
-4,0
0,0
-1,0
-5,0
0,-7
0,-9
0,0
0,0
0,0

RawData: 30
0,0,0,0,0,0,0,0,0,0,0,0,0,0,0,0.861056,1,0.9789511,0.7838626,0.7221407,0.6774099,0.7305824,0.7834812,0.8514708,0.818673,0.7800362,0.840375,0.8160095,0.6633682,0,0.7816702,0.7584232,0.6764702,0,0,0,0,0,0,0,0,0,0,0,0,0,0.6280841,0.6519533,0.9448928,1,0.8921647,0,0,0.6711794,0.70778,0.6511365,0.5972123,0.6801168,0.7164196,0.7336759,0.7708352,0.7558268,0.6555889,0.6553887,0.6074328,0
0,0,0,0,0,0,0,0,0,0,0,0,0,0,0,0.8856378,1,0.9705765,0.7729018,0,0.7187685,0.7460101,0.7166689,0.8183478,0.837688,0.7494578,0.8350883,0.7683471,0.8056878,0.7166211,0,0,0,0,0,0,0,0,0,0,0,0,0,0,0,0,0,0.6647816,0.9489478,1,0.9058422,0,0.6598635,0.6775098,0.7159581,0.7584887,0,0.7630996,0.7727463,0.7912005,0.7414697,0.7134485,0.6995507,0,0,0
0,0,0,0,0,0,0,0,0,0,0,0,0,0,0,0.8075083,1,0.9765396,0.820311,0.7349955,0.7974262,0.7785796,0.7907993,0.8390381,0.6889658,0.8596405,0.8828428,0.8528758,0.8169071,0.6972173,0,0,0,0,0,0,0,0,0,0,0,0,0,0,0,0,0,0.6220937,0.9385598,1,0.887724,0.6141741,0.6538472,0.6775537,0.7048672,0.7759768,0.7528427,0,0.7243209,0.707333,0.6216937,0,0,0,0.5711434,0.6001835
0,0,0,0,0,0,0,0,0,0,0,0,0,0,0,0.8215816,0.9967732,1,0.9481307,0.8949849,0.8634871,0.8213791,0.8033811,0.7923472,0.7419686,0.6867636,0.658532,0,0,0,0,0,0,0,0,0,0,0,0,0,0,0,0,0,0,0.5979265,0.5965971,0.7092381,0.9473824,1,0.8794929,0.7294803,0.6576419,0.559278,0.5776343,0,0,0,0,0,0,0,0,0,0,0
0,0,0,0,0,0,0,0,0,0,0.7304283,0.7482921,0.7346284,0,0,0.8433613,1,0.9803485,0.829139,0.727621,0.7429734,0,0,0,0,0,0,0,0,0,0,0,0,0,0,0,0,0,0,0,0.6923642,0.6941736,0.6699995,0,0.7466732,0.7583891,0.7477623,0.6912784,0.9445248,1,0.905944,0.6844113,0,0,0,0,0,0,0,0,0,0,0,0,0,0
0,0,0.7200826,0.7347291,0.735989,0.7157716,0.8167412,0.821575,0.8074673,0.8789697,0.8708532,0.8531515,0.8307979,0.7782155,0.7210855,0.7554752,1,0.9853182,0.7658114,0.8267886,0,0,0,0,0,0,0,0,0,0,0,0,0,0,0,0,0.7067274,0.7709683,0.7930335,0.7766407,0.7673929,0.6769197,0.7680998,0.7583537,0,0.6984594,0.6880511,0,0.9482079,1,0.9021177,0,0,0,0,0,0,0,0,0,0,0,0,0,0,0
0.7152709,0.7783931,0.7996045,0.8630392,0.8842092,0.8765964,0.8975087,0.8972327,0.8868647,0.8665302,0.6785765,0.7873825,0.7926393,0.6989229,0.7761919,0.7652345,1,0.992752,0.7994357,0.7525901,0.7045525,0,0,0,0,0,0,0,0,0,0,0,0,0.6694906,0.6783422,0.6522931,0.7293655,0.7423452,0.7057139,0.7083704,0.7370384,0.6976537,0.6453735,0.6781319,0.645681,0.6132364,0.6860524,0.6424677,0.9391592,1,0.8950829,0.6420022,0,0,0,0,0,0,0,0,0,0,0,0,0,0
0,0.7834013,0.8027536,0,0,0.7174858,0.7148901,0,0,0.7417381,0,0.7568992,0.7315694,0.7281684,0.8044404,0.74303,0.9984205,1,0.8406838,0.7091305,0,0,0,0,0,0,0,0,0,0,0,0,0,0.7150009,0.6795301,0.662097,0.7088144,0.7023498,0.6632816,0,0,0,0.6516693,0.6715767,0,0,0.6577267,0,0.9469798,1,0.894943,0,0,0,0,0,0,0,0,0,0,0,0,0,0,0
0.7037624,0.7412807,0.7201091,0.7364095,0.7720959,0.7551023,0.7207514,0.6883848,0.6995054,0.694662,0.6492096,0.6716914,0.7185482,0.7172764,0.6392928,0.8299069,1,0.9815049,0.7588255,0,0,0,0,0,0,0,0,0,0,0,0,0,0,0,0.6336885,0.675685,0.6632912,0.5901058,0.6603097,0.6369215,0.6180839,0.6706772,0.6802441,0.6460438,0.6410491,0.6401851,0.6926005,0.7036736,0.9473969,1,0.890143,0,0,0,0,0,0,0,0,0,0,0,0,0,0,0
0,0,0,0,0,0,0,0.6260849,0.6961359,0.752351,0.772792,0.7327321,0.7193741,0.7480483,0.7168324,0.826651,1,0.9779147,0.7682328,0.6728087,0.6169868,0,0,0,0,0,0,0,0,0,0,0,0,0,0,0,0,0,0,0.5337226,0.533227,0,0.5533441,0.5589663,0,0,0.6891537,0.7586688,0.9481323,1,0.8957054,0.681124,0.643378,0.5455508,0,0,0,0,0,0,0,0,0,0,0,0
0,0,0,0,0,0,0,0,0,0,0,0,0,0,0,0.7852775,1,0.9900569,0.7843636,0.7958961,0.7419537,0.7459069,0.7351666,0.7140911,0.7848194,0.8212893,0.8306933,0.808117,0.7570229,0,0,0,0,0,0,0,0,0,0,0,0,0,0,0,0,0,0,0.6498933,0.944029,1,0.8988397,0.6633897,0.6941297,0.6706152,0.7599517,0.7740247,0.7695061,0.7489403,0.7321716,0.6967989,0.6834912,0.6608342,0,0,0,0
0,0,0,0,0,0,0,0,0,0,0,0,0,0,0.6474822,0.8477008,1,0.9869764,0.8135874,0.7726216,0.6870092,0,0.7224398,0.7164162,0.7622955,0.7843584,0.7225817,0.8400187,0.7569346,0.6432034,0.6605544,0.6616037,0,0,0,0,0,0,0,0,0,0,0,0,0,0,0,0.6238525,0.9423911,1,0.894174,0,0.6349536,0.656765,0,0,0.6229661,0,0.5787208,0,0.689476,0.7149844,0.7340469,0.7555194,0.7540816,0.7002791
0,0,0,0,0,0,0,0,0,0,0,0,0,0,0,0.8416028,1,0.9860075,0.7175284,0.8248542,0.7969739,0.77548,0.7391319,0.7200698,0.7733126,0.7721081,0.8135303,0.7517706,0.7499177,0.6999832,0,0,0,0,0,0,0,0,0,0,0,0,0,0,0,0,0,0.6493092,0.9508353,1,0.9051965,0,0.6691291,0,0.6516829,0.6663882,0.735742,0.705265,0.6746431,0.6718822,0.7171887,0.7027159,0,0.7468506,0.7973632,0.7358981
0,0,0,0,0,0,0,0,0.697685,0.7546631,0.7205468,0.7416499,0.7674997,0.7732219,0.678212,0.8161861,1,0.9794061,0.6038437,0.7026657,0,0.6837671,0.6530323,0.6646399,0.6016624,0.6624698,0.6212255,0,0.6026754,0,0,0,0,0,0,0,0,0,0,0,0,0.5879033,0.6237206,0.6199448,0.5903524,0.6032445,0.6010181,0.6000626,0.9388183,1,0.8835483,0.6578767,0.6320119,0.6293777,0.7101169,0.7554188,0.7098122,0.5952818,0.661064,0.6356037,0.653183,0.6548678,0.6479792,0.7322701,0.6571646,0.5853836
0,0,0,0,0,0,0,0,0.693775,0.7893701,0.8339086,0.735031,0.8217876,0,0.8243135,0.8893713,1,0.9782832,0.8073348,0.7402949,0.7467041,0,0,0,0,0,0,0,0,0,0,0,0,0,0,0,0,0,0,0,0,0,0.6559964,0,0,0,0,0.7258575,0.9533544,1,0.9041474,0.7038879,0.7239045,0,0,0,0.662756,0,0,0.6640834,0.6673575,0,0,0,0,0
0,0,0,0,0,0,0,0,0,0.6486943,0.6559843,0.719828,0.7894486,0.8553391,0.8999784,0.9187133,1,0.9758705,0.683207,0,0,0,0,0,0,0,0,0,0,0,0,0,0,0,0,0,0,0,0,0,0,0,0,0,0,0,0.5930408,0.6766126,0.9418988,1,0.8978644,0.6347417,0.6196467,0,0,0,0,0,0,0,0,0,0,0,0,0
0,0,0,0,0,0,0,0,0,0,0,0,0,0,0.6918147,0.839302,1,0.9956185,0.9032266,0.8824549,0.7790582,0.7317777,0.8065532,0.7961255,0.741945,0,0,0,0,0,0,0,0,0,0,0,0,0,0,0,0,0,0,0,0.5631937,0.6207783,0.6108806,0.6445695,0.9506829,1,0.9162126,0.8140348,0.789318,0.7178431,0.6034506,0.6883417,0.6465724,0.5794659,0,0,0,0,0,0,0,0
0,0,0,0,0,0,0,0,0,0,0,0,0,0,0,0.8392403,1,0.9771581,0.7954673,0.870455,0.8627716,0.8452681,0,0.8691425,0.9300111,0.8759654,0.8430476,0.8255101,0,0,0,0,0,0,0,0,0,0,0,0,0,0,0,0,0,0.6751919,0.6862488,0,0.948476,1,0.9106084,0.7399489,0.7181015,0.783446,0.7817736,0.810499,0.7966763,0.7192307,0,0,0,0,0,0,0,0
0,0,0,0,0,0,0,0,0,0,0,0,0,0.758661,0.7559984,0.8420706,1,0.9862918,0,0,0.7912784,0.827009,0.831818,0.8224765,0.8559585,0.9192971,0.9314473,0.9151031,0.8510313,0.8252493,0.7868661,0,0,0,0,0,0,0,0,0,0,0,0,0,0,0,0,0,0.9522556,1,0.9050167,0,0,0,0.681753,0.6957974,0,0,0.7096241,0.6835058,0,0,0,0,0,0
0,0,0,0,0,0,0,0,0.6606719,0.689558,0,0,0,0,0.6926563,0.7972385,1,0.9929832,0.8581544,0.8437158,0.8666646,0.8801568,0.8475759,0.7798699,0.8582872,0.7938394,0.828562,0.8046426,0.7132568,0.6739343,0.7174413,0.6631433,0,0,0,0,0.5949596,0.6019347,0,0,0,0,0.6018185,0.6593382,0.6401827,0.668295,0.6809719,0.611966,0.9450779,1,0.9031655,0.6667194,0.6095756,0.6139349,0,0,0,0,0,0,0,0,0,0,0,0
0,0,0,0,0,0,0,0,0,0,0.7256068,0.7299614,0,0,0,0.8266926,1,0.9828274,0.8686779,0.792856,0.797814,0.7331536,0.7588661,0.7122337,0,0.6726815,0,0,0,0,0,0,0,0,0,0,0.5777617,0.6324295,0.6628931,0.6921214,0.681419,0.6398075,0.5924233,0.614616,0.6540334,0.7206783,0.7311022,0.6992546,0.9397871,1,0.8781528,0.6193402,0,0.5962438,0,0,0,0,0,0,0,0,0,0,0,0
0,0,0,0,0,0,0,0,0,0.6210737,0.6431297,0.6665686,0.7299908,0.7114587,0.7016423,0.8131331,1,0.9638828,0,0.7135102,0.7026476,0.707566,0.6654257,0,0,0,0,0,0,0,0,0,0,0,0,0,0,0,0,0,0,0.5774965,0.6164004,0.599609,0.6131958,0.6689851,0.6633196,0.5954604,0.9359626,1,0.9019601,0.5971829,0,0,0,0,0,0,0,0,0,0,0,0,0,0
0,0,0,0,0,0,0,0,0,0,0,0,0,0,0,0.879291,1,0.9814082,0.8043797,0.6828108,0,0,0,0,0,0,0,0,0,0,0,0,0,0,0,0,0,0,0,0,0,0,0,0,0,0,0.6160511,0,0.9490324,1,0.887367,0.6501197,0.6114892,0,0,0,0,0,0,0,0,0,0,0,0,0
0,0,0,0,0,0,0,0,0,0,0,0,0.7745246,0.8268035,0.820295,0.8354678,0.9938211,1,0.7939313,0.8435767,0.8194346,0,0,0,0,0,0,0,0,0,0,0,0,0,0,0,0,0,0,0,0,0,0,0,0,0,0,0.7156245,0.9540288,1,0.912173,0,0.7837135,0.7710073,0.708517,0,0,0,0,0,0,0,0,0,0,0
0,0,0,0,0,0,0,0,0.7101585,0.7118822,0.8163238,0.866614,0.8531095,0.7808112,0.8881426,0.7999561,0.9999946,1,0.8207048,0.7499533,0.7345164,0.6561657,0.6695094,0,0,0,0,0,0,0,0,0,0,0,0,0,0,0,0,0,0,0,0,0,0,0,0,0,0.9426755,1,0.8944892,0.7019713,0.7151728,0,0.6692562,0.6751786,0,0,0,0,0,0,0,0,0,0
0,0,0,0,0,0,0.7688992,0.8065693,0.8404757,0.8693677,0.80709,0.7213308,0.8102857,0.8247064,0.7370859,0.8233541,1,0.9993899,0.7970094,0,0,0,0,0,0,0,0,0,0,0,0,0,0,0,0,0,0,0,0,0.6216478,0.6458116,0.7022438,0.7311677,0.7133124,0.6918504,0.708297,0.6870932,0.6973504,0.9502144,1,0.8944184,0,0.6682471,0,0,0.6493066,0,0,0,0,0,0,0,0,0,0
0,0,0,0.7036517,0.8000131,0.8428902,0.7618337,0.7301694,0.8431839,0.845543,0.6758842,0,0,0.6675013,0.6565338,0.8093201,0.9876932,1,0.8375534,0,0,0,0,0,0,0,0,0,0,0,0,0,0,0,0,0,0,0.6046083,0.6699591,0.6904539,0.7218563,0.6640952,0.6776836,0.7013558,0.65836,0.5917616,0,0.6477816,0.9433905,1,0.8887972,0.5926253,0.6583204,0.6659828,0.6499379,0.612437,0.6407514,0,0,0,0,0,0,0,0,0
0,0,0,0,0,0,0,0,0,0,0,0,0,0,0,0.871679,1,0.9865006,0,0,0,0,0,0,0,0,0,0,0,0,0,0,0,0,0,0,0,0,0,0,0,0,0,0,0,0,0,0,0.9485477,1,0.9274036,0,0,0,0,0,0,0,0,0,0,0,0,0,0,0
0,0,0,0,0,0,0,0,0.6543584,0.7167118,0.7334749,0.7378105,0.7171232,0.6743541,0.6984594,0.834846,1,0.9851764,0.7207549,0,0,0,0,0,0,0,0,0,0,0,0,0,0,0,0,0,0,0,0,0,0.5622369,0.6570435,0.6852862,0.6757106,0.6164244,0,0.5947131,0.6420901,0.9408545,1,0.8639647,0.5950338,0,0,0,0,0,0,0,0,0,0,0,0,0,0
0,0,0,0,0,0,0,0,0,0,0,0,0.6792029,0.677948,0.7470477,0.8197344,0.9930463,1,0.827525,0,0,0,0,0,0,0,0,0,0,0,0,0,0,0,0,0,0,0,0,0,0,0,0,0,0,0,0,0.6154891,0.9490955,1,0.889882,0,0,0,0,0,0,0,0,0,0,0,0,0,0,0
