GestureName: x
Duration(ms): 1269
Handedness: right

SpeakerAngles: 2
55
-55

InterpretedPoints: 27
0,0
0,0
0,0
-9.68048740933918,-6.77835025756348
-9.68048740933918,-6.77835025756348
-5.64695098878119,-3.95403765024536
-4.03353642055799,-3.95403765024536
-4.84024370466959,-10.1675253863452
-2.4201218523348,-10.7323879078088
-1.6134145682232,-7.90807530049073
-1.6134145682232,-5.64862521463624
0,-2.25945008585449
3.2268291364464,6.77835025756348
4.03353642055799,9.6026628648816
4.03353642055799,7.34321277902711
8.06707284111599,-4.51890017170899
9.68048740933918,-4.51890017170899
0.806707284111599,-1.69458756439087
2.4201218523348,3.95403765024536
0,9.03780034341798
-0.806707284111598,12.9918379936633
0,13.556700515127
-3.2268291364464,10.1675253863452
-5.64695098878119,3.95403765024536
-1.6134145682232,1.12972504292725
0,0
0,0

StrokePoints: 28
177.666666666667,130.277777777778
177.666666666667,130.277777777778
177.666666666667,130.277777777778
177.666666666667,130.277777777778
187.347154076006,137.056128035341
197.027641485345,143.834478292905
202.674592474126,147.78851594315
206.708128894684,151.742553593396
211.548372599354,161.910078979741
213.968494451689,172.64246688755
215.581909019912,180.55054218804
217.195323588135,186.199167402677
217.195323588135,188.458617488531
213.968494451689,181.680267230968
209.934958031131,172.077604366086
205.901421610573,164.734391587059
197.834348769457,169.253291758768
188.153861360117,173.772191930477
187.347154076006,175.466779494868
184.927032223671,171.512741844622
184.927032223671,162.474941501204
185.733739507783,149.483103507541
185.733739507783,135.926402992414
188.960568644229,125.758877606069
194.60751963301,121.804839955823
196.220934201233,120.675114912896
196.220934201233,120.675114912896
196.220934201233,120.675114912896

Velocities: 27
0,0
0,0
0,0
-12,0
-12,0
-7,0
-6,-1
-12,-6
-11,-8
-8,-6
-6,-4
-2,-2
8,4
11,6
9,4
1,-9
2,-10
-1,-2
5,2
8,8
11,12
12,12
7,11
0,7
0,2
0,0
0,0

InverseVelocities: 27
0,0
0,0
0,0
0,0
0,0
0,0
0,0
0,0
1,1
0,0
0,0
3,0
0,0
0,-2
-3,-7
-7,0
-10,0
0,0
0,0
0,0
0,0
-2,0
-4,0
0,0
0,0
0,0
0,0

RawData: 27
0,0,0,0,0,0,0,0,0,0,0,0,0,0,0,0,0.9869746,1,0.860137,0,0,0,0,0,0,0,0,0,0,0,0,0,0,0,0,0,0,0,0,0,0,0,0,0,0,0,0,0,0.9491482,1,0.898353,0,0,0,0,0,0,0,0,0,0,0,0,0,0,0
0,0,0,0,0,0,0,0,0,0,0,0,0,0,0,0.7992949,1,0.9787602,0.6988266,0,0,0,0,0,0,0,0,0,0,0,0,0,0,0,0,0,0,0,0,0,0,0,0,0,0,0,0,0.582729,0.9421782,1,0.8856553,0,0,0,0,0,0,0,0,0,0,0,0,0,0,0
0,0,0,0,0,0,0,0,0,0,0,0,0,0,0,0.8117026,1,0.9890853,0.7901264,0,0,0,0,0,0,0,0,0,0,0,0,0,0,0,0,0,0,0,0,0,0,0,0,0,0,0,0,0,0.9458356,1,0.9009035,0,0,0,0,0,0,0,0,0,0,0,0,0,0,0
0.8320662,0.8226233,0,0,0,0,0,0,0,0,0,0,0,0,0,0.8482444,1,0.9670697,0.7862456,0,0,0,0,0,0,0,0,0,0,0,0,0,0,0,0,0,0,0,0,0,0,0,0,0,0,0,0,0.661685,0.9470899,1,0.9057539,0,0,0,0,0,0,0,0,0,0,0,0,0,0,0
0.7981799,0.7350702,0,0,0,0,0,0,0,0,0.7354144,0.8170953,0.851503,0.8004289,0.9497871,1,0.9495795,0.9070336,0,0,0,0,0,0,0,0,0,0,0,0,0,0,0,0,0,0,0,0,0,0,0,0,0,0,0,0,0,0.7431589,0.9526863,1,0.8973007,0,0,0,0,0,0,0,0,0,0,0,0,0,0,0
0,0,0,0,0,0,0.7655745,0.7984926,0,0.8508085,0.8954353,0.9416128,0.7674026,0.9749078,1,0.9900172,0.9414346,0.8664541,0,0,0,0,0,0,0,0,0,0,0,0,0,0,0,0,0,0,0,0,0,0,0,0,0,0,0,0,0.7307893,0.7603349,0.9449421,1,0.8974469,0,0,0,0,0,0,0,0,0,0,0,0,0,0,0
0,0,0,0,0,0,0,0.8499798,0.8942103,0.9599116,0.9771938,1,0.9475827,0,0,0.8771265,0.9070745,0.8524989,0,0,0,0,0,0,0,0,0,0,0,0,0,0,0,0,0,0,0,0,0,0,0,0,0,0,0,0.7525894,0.7885861,0.738444,0.947565,1,0.9082724,0,0,0,0,0,0,0,0,0,0,0,0,0,0,0
0.8077066,0.788195,0,0.7792099,0.8019602,0.8323157,0.7932659,0.8457732,0.8417026,1,0.9738875,0.7871858,0.8671497,0.8215514,0.8644055,0.8936632,0.9860369,0.9548659,0,0,0,0,0,0,0,0,0,0,0,0,0,0,0,0,0,0,0,0,0,0,0.6897328,0.7027503,0,0.7460333,0.8157109,0.7908343,0.7408059,0.71659,0.9480922,1,0.9067184,0.6310568,0,0,0,0,0,0,0,0,0,0,0,0,0,0
0,0,0.7182142,0.6739721,0.72139,0.7966008,0.9064075,0.8927392,0.9811234,0.8908117,0.7244211,0.7160026,0,0.6980327,0.8252634,0.8838988,1,0.9695207,0,0.6626321,0.6880453,0,0,0,0,0,0,0,0,0,0,0,0,0,0,0,0,0,0.5782218,0.5263445,0.616585,0.5681929,0.6661415,0.7912588,0.7353569,0.6742193,0.581369,0.608848,0.9394934,1,0.8921599,0.5732518,0.5441493,0.5733911,0,0,0,0,0,0,0,0,0,0,0,0
0,0,0,0,0,0.8863343,0.9468113,0.929523,0.9273551,0.9167454,0.9229603,0,0,0,0,0,0.9441053,1,0,0,0,0,0,0,0,0,0,0,0,0,0,0,0,0,0,0,0,0,0,0,0.6953193,0.707206,0.7819344,0.7940494,0,0.6772152,0.6677333,0.7099446,0.9540951,1,0.9039531,0,0,0,0,0,0,0,0,0,0,0,0,0,0,0
0,0,0,0,0,0,0,0.8014883,0.908226,0.9690588,0.9899799,1,0.9825851,0.9490749,0.9562207,0.793906,0.978193,0.9669971,0,0,0,0,0,0,0,0,0,0,0,0,0,0,0,0,0,0,0,0,0,0,0,0,0.6417847,0.635902,0.7087564,0.6745374,0,0.6882151,0.9508927,1,0.9012619,0.6300454,0,0,0,0,0,0,0,0,0,0,0,0,0,0
0,0,0,0,0,0,0,0,0,0,0,0.6176098,0.7130064,0.8203006,0.8760565,0.9528394,1,0.9809434,0.9323168,0.9178818,0.8743456,0.816573,0.7060503,0,0,0,0,0,0,0,0,0,0,0,0,0,0,0,0,0,0,0,0,0,0.5142857,0,0,0.5157577,0.9430767,1,0.8967015,0.6146126,0,0,0,0,0,0,0,0,0,0,0,0,0,0
0,0,0,0,0,0,0,0,0,0,0,0,0,0,0.7025592,0,0.8491834,0.7540937,0.7966347,0.9108058,0.9319057,0.9836783,1,0.9584398,0.8900098,0.8234438,0.770737,0.7094604,0,0,0,0,0,0,0,0,0,0,0,0,0,0,0,0,0,0,0,0.6381869,0.9493034,1,0.8945838,0.6822118,0.6973237,0.7008538,0.6579491,0.5901132,0.5888932,0,0,0,0,0,0,0,0,0
0,0,0,0,0,0,0,0,0,0,0,0,0,0,0.7630896,0.8590541,0.9608036,0.9101312,0.8598924,0.9056162,0.8770487,0.8292947,0.9166794,0.9115537,0.9753021,1,0.9613382,0.7846546,0.869381,0.8438765,0.7339128,0,0,0,0,0,0,0,0,0,0,0,0,0,0.5786026,0.6301709,0.5757672,0,0.9468263,1,0.8951699,0.7241691,0.7483146,0.6805362,0.6030362,0.5766017,0.6391168,0.6303123,0.577677,0,0,0,0,0,0,0
0,0,0,0,0,0,0,0,0,0,0.7966567,0.8368022,0,0.8541858,0.9486915,0.9292523,0.9826555,0.911668,0.9187873,1,0.9891909,0.9130231,0.7907999,0.8006828,0.8381641,0.8818382,0.8333213,0,0.7823066,0,0,0,0,0,0,0,0,0,0,0.600756,0.6571478,0.6291668,0.6434492,0,0,0.6887367,0.6829602,0.734386,0.9515972,1,0.9041387,0.6437,0,0,0.6418344,0,0.6121929,0,0,0,0,0,0,0,0,0
0,0,0,0,0,0,0.8286031,0.8591321,0.8627909,0.9287267,0.9022836,0.918387,0.9682643,0.8435923,0.9706388,0.9776677,1,0.8249699,0.9829679,0.9181343,0.8796792,0,0,0,0,0,0,0,0,0,0,0,0,0,0,0,0,0.67778,0.6893259,0,0.6478977,0.6245778,0,0.6320578,0.6854508,0.6549043,0.6380089,0.7434402,0.9519031,1,0.9008943,0,0,0,0,0,0,0,0,0,0,0,0,0,0,0
0,0,0,0.6836045,0.6804221,0,0,0.7472807,0.8574747,0.9124222,0.8513846,0.9110827,0.9580692,0.7207183,0.9446917,0.8621352,0.9445126,1,0.8416485,0.7605524,0.7395223,0.6655061,0,0,0,0,0,0,0,0,0,0,0,0,0,0,0.5110029,0.5571086,0.5973266,0.5921963,0.4832071,0.476156,0.6045938,0.5042738,0.6345695,0.5863092,0.5940882,0,0.9368515,1,0.8969865,0,0,0,0,0,0,0,0,0,0,0,0,0,0,0
0,0,0,0,0,0,0,0,0,0,0,0,0.8002241,0.8626772,0.8481337,0.8383956,1,0.9327889,0.8318187,0,0,0,0,0,0,0,0,0,0,0,0,0,0,0,0,0,0,0,0,0,0,0,0,0,0.6053287,0.6445155,0.6878126,0.6377031,0.9426517,1,0.8997242,0.5962023,0.5764284,0,0,0,0,0,0,0,0,0,0,0,0,0
0,0,0,0,0,0,0,0,0,0,0,0,0,0,0,0.811682,1,0.9863992,0.8093768,0.8051816,0.782932,0,0.7470575,0.7568948,0.6763788,0,0,0,0,0,0,0,0,0,0,0,0,0,0,0,0,0,0,0,0,0,0,0.5649061,0.9436444,1,0.8832254,0.6627958,0.6840152,0.6931558,0.6450252,0,0,0,0,0,0,0,0,0,0,0
0,0,0,0,0,0,0,0,0,0,0,0,0,0,0,0.9207608,1,0.9048512,0.8364829,0.7687031,0.7765565,0.865119,0,0.7971575,0.9229652,0.78863,0.8335716,0.7763717,0,0,0,0,0,0,0,0,0,0,0,0,0,0,0,0,0,0,0,0.6349487,0.9452844,1,0.8963472,0,0.5839108,0.6686761,0.708585,0.6749259,0.665785,0.6979665,0.6158747,0.6361447,0.5710455,0,0,0,0,0
0,0,0,0,0,0,0,0,0,0,0,0,0,0,0,0.8093778,0.8669928,0.8972313,0.9087195,0.8722858,0.8222779,0,0.9103336,0.903899,0.8822098,1,0.8727453,0.8819507,0.8864749,0.8927174,0.8277119,0,0,0,0,0,0,0,0,0,0,0,0,0,0,0,0,0.6449482,0.9477699,1,0.8977205,0.6068685,0.623606,0,0,0.6630032,0.7121205,0.7580772,0.7511308,0.7340943,0.6273924,0.62061,0,0.6224639,0.658985,0
0,0,0,0,0,0,0,0,0,0,0,0.7910526,0.7939408,0.7859892,0,0.8181936,0.875018,0.7538602,0,0.8892098,0.9412439,0.9206955,0,0.8024501,0.9533327,1,0.940966,0.7746719,0,0.7802901,0.8136884,0.7909045,0.7349557,0,0,0,0,0,0,0,0,0,0,0,0,0,0,0.6663693,0.9461139,1,0.8923162,0.5812132,0,0,0,0,0.6765219,0.6621734,0,0,0.6173773,0.6672533,0.7106665,0.668881,0.6766883,0.6537284
0,0,0,0,0,0,0,0,0,0.7643228,0.7660627,0,0.7547305,0.8391215,0.9123448,0.9728934,1,0.9246895,0.8060813,0.7732092,0.819319,0.8180655,0.8562943,0.848861,0,0,0.8049703,0,0,0,0,0,0,0,0,0,0,0,0,0,0,0,0,0,0,0,0.7089202,0.7186015,0.94515,1,0.8859836,0,0.6333588,0.6854804,0.6533321,0.749847,0.7643061,0.6502926,0.7567375,0.7435328,0.6350237,0,0.6900203,0.6976627,0,0
0,0,0,0,0,0,0,0,0,0,0,0,0,0.9844326,0.9665983,0.9584931,1,0.9968353,0.8757615,0,0,0,0,0,0,0,0,0,0,0,0,0,0,0,0,0,0,0,0,0,0,0,0,0,0,0,0.7145503,0.739024,0.9331245,1,0.9161081,0.8159959,0.8457651,0.8115909,0.7540973,0.7495525,0.7553138,0.7341446,0,0.717872,0,0,0,0,0,0
0,0,0,0,0,0,0,0,0,0,0,0,0,0.8742655,0.9411819,1,0.9668941,0.9173415,0.8630204,0,0,0,0,0,0,0,0,0,0,0,0,0,0,0,0,0,0,0,0,0,0,0,0,0,0,0,0,0,0.9479939,1,0.9024137,0.787675,0.8077445,0.7610199,0.6891347,0,0,0,0,0,0,0,0,0,0,0
0,0,0,0,0,0,0,0,0,0,0,0,0,0,0.7281319,0.9301559,1,0.8984076,0.8196872,0,0,0,0,0,0,0,0,0,0,0,0,0,0,0,0,0,0,0,0,0,0,0,0,0,0,0,0,0.7686303,0.9640027,1,0.8840721,0.6552095,0,0,0,0,0,0,0,0,0,0,0,0,0,0
0,0,0,0,0,0,0,0,0,0,0,0,0,0,0,0.7983108,1,0.9481144,0,0,0,0,0,0,0,0,0,0,0,0,0,0,0,0,0,0,0,0,0,0,0,0,0,0,0,0,0,0.7425151,0.9685652,1,0.8678317,0,0,0,0,0,0,0,0,0,0,0,0,0,0,0
