GestureName: side_x
Duration(ms): 1410
Handedness: right

SpeakerAngles: 2
55
-55

InterpretedPoints: 30
0,0
0,0
6.45365827289279,4.51890017170899
4.03353642055799,7.34321277902711
4.84024370466959,9.03780034341798
4.84024370466959,9.03780034341798
5.64695098878119,5.08376269317261
4.84024370466959,2.25945008585449
0,0
0,0
0,0
-0.806707284111599,-0.564862521463624
-3.2268291364464,-2.25945008585449
-6.45365827289279,-4.51890017170899
-5.64695098878119,-3.95403765024536
-8.06707284111599,-5.64862521463624
-7.26036555700439,-5.08376269317261
0,0
0,0
0,0
0,0
5.64695098878119,3.95403765024536
-0.806707284111599,10.7323879078088
-1.6134145682232,10.1675253863452
-4.03353642055799,9.6026628648816
-8.87378012522759,2.82431260731812
-4.84024370466959,3.38917512878174
0,0
0,0
0,0

StrokePoints: 31
177.25,129.583333333333
177.25,129.583333333333
177.25,129.583333333333
170.796341727107,125.064433161624
166.762805306549,117.721220382597
161.92256160188,108.683420039179
157.08231789721,99.6456196957613
151.435366908429,94.5618570025887
146.595123203759,92.3024069167342
146.595123203759,92.3024069167342
146.595123203759,92.3024069167342
146.595123203759,92.3024069167342
147.401830487871,92.8672694381978
150.628659624317,95.1267195240523
157.08231789721,99.6456196957613
162.729268885991,103.599657346007
170.796341727107,109.248282560643
178.056707284112,114.332045253815
178.056707284112,114.332045253815
178.056707284112,114.332045253815
178.056707284112,114.332045253815
178.056707284112,114.332045253815
172.40975629533,110.37800760357
173.216463579442,99.6456196957613
174.829878147665,89.4780943094161
178.863414568223,79.8754314445345
187.737194693451,77.0511188372164
192.57743839812,73.6619437084346
192.57743839812,73.6619437084346
192.57743839812,73.6619437084346
192.57743839812,73.6619437084346

Velocities: 30
0,0
0,0
8,0
9,4
11,5
11,5
8,1
5,-1
0,0
0,0
0,0
-1,0
-4,0
-8,0
-7,0
-10,0
-9,0
0,0
0,0
0,0
0,0
7,0
9,10
8,10
6,11
-3,8
0,6
0,0
0,0
0,0

InverseVelocities: 35
0,0
0,0
0,0
0,0
0,0
0,0
0,0
0,0
0,0
0,0
0,0
0,0
0,0
0,0
0,0
0,0
0,0
0,0
0,0
0,0
0,0
0,0
0,0
0,0
0,0
0,0
0,0
0,0
0,0
-3,0
0,0
0,-1
0,0
0,0
0,0
