GestureName: zigzag
Duration(ms): 1410
Handedness: right

SpeakerAngles: 2
55
-55

InterpretedPoints: 30
0,0
0,0
0,0
-0.806707284111599,-0.564862521463624
-4.03353642055799,-2.82431260731812
-3.2268291364464,-9.03780034341798
-2.4201218523348,-8.47293782195435
-4.84024370466959,-3.38917512878174
0,0
0,5.64862521463624
0.806707284111599,8.47293782195435
-1.6134145682232,11.2972504292725
-0.806707284111599,10.7323879078088
-0.806707284111599,9.6026628648816
-2.4201218523348,1.69458756439087
-0.806707284111599,-0.564862521463624
0.806707284111599,-3.95403765024536
0,-6.77835025756348
0.806707284111599,-7.34321277902711
0,-6.77835025756348
-2.4201218523348,-1.69458756439087
0,0
0.806707284111599,0.564862521463624
1.6134145682232,1.12972504292725
-4.03353642055799,3.95403765024536
-1.6134145682232,2.25945008585449
-3.2268291364464,2.25945008585449
0,0
0,0
0,0

StrokePoints: 31
177.25,129.583333333333
177.25,129.583333333333
177.25,129.583333333333
177.25,129.583333333333
178.056707284112,130.148195854797
182.09024370467,132.972508462115
185.317072841116,142.010308805533
187.737194693451,150.483246627487
192.57743839812,153.872421756269
192.57743839812,153.872421756269
192.57743839812,148.223796541633
191.770731114009,139.750858719679
193.384145682232,128.453608290406
194.190852966344,117.721220382597
194.997560250455,108.118557517716
197.41768210279,106.423969953325
198.224389386902,106.988832474788
197.41768210279,110.942870125034
197.41768210279,117.721220382597
196.610974818678,125.064433161624
196.610974818678,131.842783419188
199.031096671013,133.537370983579
199.031096671013,133.537370983579
198.224389386902,132.972508462115
196.610974818678,131.842783419188
200.644511239236,127.888745768942
202.25792580746,125.629295683088
205.484754943906,123.369845597234
205.484754943906,123.369845597234
205.484754943906,123.369845597234
205.484754943906,123.369845597234

Velocities: 30
0,0
0,0
0,0
-1,0
-5,0
-10,-6
-9,-6
-6,0
0,0
5,5
8,7
9,11
9,10
8,9
0,3
-1,0
-3,-4
-6,-6
-6,-7
-6,-6
-3,0
0,0
1,0
2,0
1,6
1,3
0,4
0,0
0,0
0,0

InverseVelocities: 30
0,0
0,0
0,0
0,0
0,0
0,0
0,0
0,0
0,0
0,0
0,0
0,0
0,0
0,0
0,0
0,0
0,0
0,0
0,0
0,0
0,0
0,0
0,0
0,0
0,0
0,0
0,0
0,0
0,0
0,0
