GestureName: check
Duration(ms): 1128
Handedness: right

SpeakerAngles: 2
55
-55

InterpretedPoints: 24
2.4201218523348,1.69458756439087
2.4201218523348,1.69458756439087
0,2.25945008585449
2.4201218523348,1.69458756439087
0.806707284111599,0.564862521463624
0,0
0,0
-1.6134145682232,-3.38917512878174
-3.2268291364464,-9.03780034341798
-0.806707284111599,-7.34321277902711
-0.806707284111599,-7.34321277902711
0,-4.51890017170899
-0.806707284111599,-1.69458756439087
0,0
0,0
-0.806707284111599,2.82431260731812
-1.6134145682232,6.77835025756348
-1.6134145682232,11.2972504292725
-1.6134145682232,10.1675253863452
-4.03353642055799,6.21348773609986
-0.806707284111599,2.82431260731812
0,0
0,0
0,0

StrokePoints: 25
177.666666666667,130.277777777778
175.246544814332,128.583190213387
172.826422961997,126.888602648996
172.826422961997,124.629152563142
170.406301109662,122.934564998751
169.599593825551,122.369702477287
169.599593825551,122.369702477287
169.599593825551,122.369702477287
171.213008393774,125.758877606069
174.43983753022,134.796677949487
175.246544814332,142.139890728514
176.053252098443,149.483103507541
176.053252098443,154.00200367925
176.859959382555,155.696591243641
176.859959382555,155.696591243641
176.859959382555,155.696591243641
177.666666666667,152.872278636323
179.28008123489,146.093928378759
180.893495803113,134.796677949487
182.506910371336,124.629152563142
186.540446791894,118.415664827042
187.347154076006,115.591352219724
187.347154076006,115.591352219724
187.347154076006,115.591352219724
187.347154076006,115.591352219724

Velocities: 24
3,0
3,0
2,2
3,0
1,0
0,0
0,0
-4,-2
-10,-6
-7,-6
-7,-6
-4,-4
-2,-1
0,0
0,0
2,3
5,7
9,11
8,10
3,8
2,3
0,0
0,0
0,0

InverseVelocities: 24
0,0
0,0
0,0
0,0
0,0
0,0
0,0
0,0
0,0
0,0
0,0
0,0
0,0
0,0
0,0
0,0
0,0
0,0
-1,0
-2,0
-1,0
0,0
0,0
0,0

RawData: 24
0,0,0,0,0,0,0,0,0,0,0,0,0,0,0.6938055,0.8199081,1,0.9761973,0,0.8715476,0.9017846,0.8764256,0.7794629,0,0,0,0,0,0,0,0,0,0,0,0,0,0,0,0,0,0,0,0,0,0,0,0.7352955,0.8033882,0.9116497,1,0.9113738,0.810433,0.7637147,0,0,0,0,0,0,0,0,0,0,0,0,0
0,0,0,0,0,0,0,0,0,0,0,0,0,0,0.5784426,0.7672256,1,0.9780835,0.6520094,0.898158,0.9680605,0.9273354,0.7830424,0,0,0,0,0,0,0,0,0,0,0,0,0,0,0,0,0,0,0,0,0,0,0,0.5936977,0.6984822,0.9320659,1,0.9075136,0.8470153,0.7016682,0,0,0,0,0,0,0,0,0,0,0,0,0
0,0,0,0,0,0,0,0,0,0,0,0,0,0,0,0.8383377,1,0.9854077,0.7842862,0.9367892,0.9706838,0.8594306,0,0,0,0,0,0,0,0,0,0,0,0,0,0,0,0,0,0,0,0,0,0,0,0,0,0.6667948,0.9342252,1,0.9443456,0.8453611,0.7262068,0.6987481,0.6166629,0,0,0,0,0,0,0,0,0,0,0
0,0,0,0,0,0,0,0,0,0,0,0,0,0,0,0.8161543,1,0.9945968,0.8873447,0.9211203,0.8407838,0.8054364,0.6910212,0,0,0,0,0,0,0,0,0,0,0,0,0,0,0,0,0,0,0,0,0,0,0,0,0,0.952325,1,0.8753453,0.7781276,0,0,0,0,0,0,0,0,0,0,0,0,0,0
0,0,0,0,0,0,0,0,0,0,0,0,0,0,0,0.8732929,1,0.9917868,0.9492034,0.7930794,0.6511533,0,0,0,0,0,0,0,0,0,0,0,0,0,0,0,0,0,0,0,0,0,0,0,0,0,0,0.5845708,0.9347524,1,0.9046768,0.6542886,0,0,0,0,0,0,0,0,0,0,0,0,0,0
0,0,0,0,0,0,0,0,0,0,0,0,0,0,0.8818482,1,0.8616825,0.9521561,0.8216227,0,0,0,0,0,0,0,0,0,0,0,0,0,0,0,0,0,0,0,0,0,0,0,0,0,0,0,0,0.6729015,0.9477337,1,0.88674,0,0,0,0,0,0,0,0,0,0,0,0,0,0,0
0,0,0,0,0,0,0,0,0,0,0,0,0,0.8086698,0.9610177,0.9974942,1,0.9522339,0.7406827,0,0,0,0,0,0,0,0,0,0,0,0,0,0,0,0,0,0,0,0,0,0,0,0,0,0,0,0.6093601,0.7331488,0.9497926,1,0.8811978,0,0,0,0,0,0,0,0,0,0,0,0,0,0,0
0,0,0,0,0,0,0,0,0,0.6755291,0.7668672,0.8597419,0.9356399,0.9495592,0.9074866,0.9329545,1,0.9887685,0.7917936,0,0,0,0,0,0,0,0,0,0,0,0,0,0,0,0,0,0,0,0,0,0,0,0,0,0.6262078,0.7284725,0.7268057,0.7402084,0.9335502,1,0.8856601,0.5479233,0,0,0,0,0,0,0,0,0,0,0,0,0,0
0,0,0,0.5968128,0.6032735,0,0,0,0.7679512,0.8815057,0.9300744,0.9326741,0.9290895,0.8254551,0.6554731,0.8164427,1,0.9806225,0.6001517,0.5840488,0,0,0,0,0,0,0,0,0,0,0,0,0,0,0,0,0,0,0,0,0.5435282,0.5617706,0.6315908,0.7671074,0.8608186,0.8865405,0.8225083,0.7408534,0.9321077,1,0.8836669,0.6377109,0,0,0,0,0,0,0,0,0,0,0,0,0,0
0,0,0,0,0,0,0.7053973,0.8354905,0.8784307,0.7634601,0.8218904,0.7928065,0.8523692,0.770294,0,0.8419883,1,0.9798144,0.7481118,0,0,0,0,0,0,0,0,0,0,0,0,0,0,0,0,0,0,0,0,0,0.6421618,0.6898146,0.7693093,0.752146,0.7156357,0.8220744,0.7997376,0.7114347,0.9432657,1,0.8945879,0.6387869,0,0,0,0,0,0,0,0,0,0,0,0,0,0
0,0,0,0,0,0,0.6596625,0.8098762,0.8564389,0.8022814,0.7871262,0.7587005,0.8146449,0.7029629,0.703696,0.8265132,1,0.9723892,0.716292,0.5899878,0,0,0,0,0,0,0,0,0,0,0,0,0,0,0,0,0,0,0,0,0.6703209,0.7119994,0.7085915,0.753226,0.7107781,0.6439177,0.6319538,0.6839525,0.9470541,1,0.8816277,0.5870919,0,0,0,0,0,0,0,0,0,0,0,0,0,0
0,0,0,0,0,0,0,0,0,0.7070467,0.7934324,0.8148071,0.7525846,0.7774951,0.8088736,0.7968708,1,0.9896294,0.8056883,0,0,0,0,0,0,0,0,0,0,0,0,0,0,0,0,0,0,0,0,0,0,0,0.6358424,0.7165275,0.7244771,0.6973777,0.7693146,0.8072611,0.9543409,1,0.8915673,0,0,0,0,0,0,0,0,0,0,0,0,0,0,0
0,0,0,0,0,0,0,0,0,0,0,0.618817,0.7197764,0.8085148,0.88291,0.8692174,1,0.9955186,0.7786339,0,0,0,0,0,0,0,0,0,0,0,0,0,0,0,0,0,0,0,0,0,0,0,0,0,0,0.6748252,0.7978234,0.8510979,0.9353554,1,0.888208,0,0,0,0,0,0,0,0,0,0,0,0,0,0,0
0,0,0,0,0,0,0,0,0,0,0,0,0,0,0.6676821,0.6858239,0.9786775,1,0.8107526,0,0,0,0,0,0,0,0,0,0,0,0,0,0,0,0,0,0,0,0,0,0,0,0,0,0,0,0,0.7337236,0.9156883,1,0.8885843,0,0,0,0,0,0,0,0,0,0,0,0,0,0,0
0,0,0,0,0,0,0,0,0,0,0,0,0,0,0,0.8373346,1,0.9406501,0.8096136,0.6533275,0,0,0,0,0,0,0,0,0,0,0,0,0,0,0,0,0,0,0,0,0,0,0,0,0,0,0,0.6317647,0.9487808,1,0.8209934,0.7649207,0.6363857,0,0,0,0,0,0,0,0,0,0,0,0,0
0,0,0,0,0,0,0,0,0,0,0,0,0,0,0,0.8225658,1,0.988794,0.8456685,0.8110303,0.7447545,0.6277486,0,0,0,0,0,0,0,0,0,0,0,0,0,0,0,0,0,0,0,0,0,0,0,0,0,0,0.9364243,1,0.8695073,0.8316384,0.8230136,0.785196,0.7179564,0.6346252,0,0,0,0,0,0,0,0,0,0
0,0,0,0,0,0,0,0,0,0,0,0,0,0,0,0.8697798,1,0.9736001,0.7771659,0.7820084,0.8263664,0.8563873,0.8062396,0.7591197,0.7457448,0,0,0,0,0,0,0,0,0,0,0,0,0,0,0,0,0,0,0,0,0,0,0,0.9476767,1,0.9094675,0,0,0.7807782,0.8472963,0.7959216,0.8025588,0.8240741,0.7956337,0.7433048,0,0,0,0,0,0
0,0,0,0,0,0,0,0,0,0,0,0,0,0,0,0.8093779,1,0.9859677,0.7097842,0.808648,0.7997477,0.8739232,0.8214534,0.811193,0.7755361,0.7645029,0.7005989,0.6834444,0.6418028,0,0,0,0,0,0,0,0,0,0,0,0,0,0,0,0,0,0,0.6253455,0.9371296,1,0.8920053,0,0,0,0.716296,0.6796349,0.7536198,0.794918,0.7521329,0.8475402,0.7996937,0.6750535,0.6650505,0.5897786,0,0
0,0,0,0,0,0,0,0,0,0,0,0,0.6563653,0.6264294,0.6703964,0.766602,1,0.9674777,0.8595623,0.913754,0.9155651,0.8862391,0.7958944,0.7756943,0.7198499,0.6124446,0.6547471,0.6565722,0,0,0,0,0,0,0,0,0,0,0,0,0,0,0,0,0,0,0,0.5943664,0.938998,1,0.8759807,0.6317521,0.6396139,0.5807196,0.7615612,0.8489464,0.86295,0.8488117,0.7542065,0.8259128,0.8085527,0.6960378,0.6321705,0,0,0
0,0,0,0,0,0,0,0,0,0,0,0.7030113,0.7321385,0.6327711,0.7373545,0.8794053,1,0.9775688,0.8368844,0.8065645,0.7019438,0.7250785,0.6472123,0,0,0,0,0,0,0,0,0,0,0,0,0,0,0,0,0,0,0,0,0,0,0,0,0,0.9410363,1,0.8753517,0.7229991,0.7445596,0.7851276,0.8357658,0.7996377,0.7572651,0.7993291,0.7258033,0.6803417,0.6351445,0,0,0,0,0
0,0,0,0,0,0,0,0,0,0,0,0,0.6058688,0.651212,0.749768,0.8673336,0.9978238,1,0.8413373,0.6214622,0,0.592123,0,0,0,0,0,0,0,0,0,0,0,0,0,0,0,0,0,0,0,0,0,0,0,0,0,0,0.9373386,1,0.8998077,0.7255548,0.6987838,0.6525379,0,0.6074034,0,0,0,0,0,0,0,0,0,0
0,0,0,0,0,0,0,0,0,0,0,0,0,0,0.6429657,0.8255293,1,0.981671,0.7728118,0,0,0,0,0,0,0,0,0,0,0,0,0,0,0,0,0,0,0,0,0,0,0,0,0,0,0,0,0.6212856,0.9287492,1,0.9197043,0.7030895,0.5750027,0,0,0,0,0,0,0,0,0,0,0,0,0
0,0,0,0,0,0,0,0,0,0,0,0,0,0,0,0.8319889,1,0.9822339,0.7607447,0,0,0,0,0,0,0,0,0,0,0,0,0,0,0,0,0,0,0,0,0,0,0,0,0,0,0,0,0.6632283,0.9419371,1,0.8884049,0.6133769,0,0,0,0,0,0,0,0,0,0,0,0,0,0
0,0,0,0,0,0,0,0,0,0,0,0,0,0,0,0.8415685,1,0.9874384,0.7916695,0,0,0,0,0,0,0,0,0,0,0,0,0,0,0,0,0,0,0,0,0,0,0,0,0,0,0,0,0.7266476,0.9581197,1,0.884059,0,0,0,0,0,0,0,0,0,0,0,0,0,0,0
