GestureName: s
Duration(ms): 1034
Handedness: right

SpeakerAngles: 2
55
-55

InterpretedPoints: 22
0,0
0,0
0,0
0,0
0,0
0,0
0.806707284111599,-0.564862521463624
4.84024370466959,-3.38917512878174
3.2268291364464,-3.38917512878174
4.03353642055799,-2.82431260731812
1.6134145682232,-1.12972504292725
0,0
-0.806707284111599,0.564862521463624
-3.2268291364464,3.38917512878174
0,0
0,3.38917512878174
0.806707284111599,0.564862521463624
4.03353642055799,-0.564862521463623
4.03353642055799,-0.564862521463623
3.2268291364464,1.12972504292725
1.6134145682232,3.38917512878174
3.2268291364464,2.25945008585449

StrokePoints: 23
177.666666666667,130.277777777778
177.666666666667,130.277777777778
177.666666666667,130.277777777778
177.666666666667,130.277777777778
177.666666666667,130.277777777778
177.666666666667,130.277777777778
177.666666666667,130.277777777778
176.859959382555,130.842640299241
172.019715677885,134.231815428023
168.792886541439,137.620990556805
164.759350120881,140.445303164123
163.145935552658,141.57502820705
163.145935552658,141.57502820705
163.95264283677,141.010165685587
167.179471973216,137.620990556805
167.179471973216,137.620990556805
167.179471973216,134.231815428023
166.372764689104,133.66695290656
162.339228268546,134.231815428023
158.305691847988,134.796677949487
155.078862711542,133.66695290656
153.465448143319,130.277777777778
150.238619006872,128.018327691923

Velocities: 22
0,0
0,0
0,0
0,0
0,0
0,0
0,-1
0,-6
-1,-5
0,-5
0,-2
0,0
0,1
1,5
0,0
3,3
1,0
2,-3
2,-3
3,-1
4,2
4,0

InverseVelocities: 22
0,0
0,0
0,0
0,0
0,0
0,0
0,0
0,0
0,0
0,0
0,0
0,0
0,0
0,0
0,0
-3,0
-3,0
-2,2
0,1
0,1
0,0
0,0

RawData: 22
0,0,0,0,0,0,0,0,0,0,0,0,0,0,0,0.8284585,1,0.9625785,0,0,0,0,0,0,0,0,0,0,0,0,0,0,0,0,0,0,0,0,0,0,0,0,0,0,0,0,0,0,0.9381002,1,0.8716626,0,0,0,0,0,0,0,0,0,0,0,0,0,0,0
0,0,0,0,0,0,0,0,0,0,0,0,0,0,0,0.8212804,1,0.9655252,0.6776114,0,0,0,0,0,0,0,0,0,0,0,0,0,0,0,0,0,0,0,0,0,0,0,0,0,0,0,0,0,0.9402932,1,0.8775858,0,0,0,0,0,0,0,0,0,0,0,0,0,0,0
0,0,0,0,0,0,0,0,0,0,0,0,0,0,0,0.8257474,1,0.9863465,0.7683712,0,0,0,0,0,0,0,0,0,0,0,0,0,0,0,0,0,0,0,0,0,0,0,0,0,0,0,0,0,0.9419433,1,0.8835147,0,0,0,0,0,0,0,0,0,0,0,0,0,0,0
0,0,0,0,0,0,0,0,0,0,0,0,0,0,0,0.8187761,1,0.9991865,0.8146019,0,0,0,0,0,0,0,0,0,0,0,0,0,0,0,0,0,0,0,0,0,0,0,0,0,0,0,0,0.6155303,0.9433247,1,0.8868291,0,0,0,0,0,0,0,0,0,0,0,0,0,0,0
0,0,0,0,0,0,0,0,0,0,0,0,0,0,0,0.7982783,1,0.9940907,0.8281556,0.6320928,0,0,0,0,0,0,0,0,0,0,0,0,0,0,0,0,0,0,0,0,0,0,0,0,0,0,0,0.5686994,0.9345017,1,0.8756144,0.6575969,0,0,0,0,0,0,0,0,0,0,0,0,0,0
0,0,0,0,0,0,0,0,0,0,0,0,0,0,0.605365,0.8421069,1,0.9818612,0.8165994,0.7358013,0,0,0,0,0,0,0,0,0,0,0,0,0,0,0,0,0,0,0,0,0,0,0,0,0,0,0,0.7000728,0.947478,1,0.885178,0.6805149,0,0,0,0,0,0,0,0,0,0,0,0,0,0
0,0,0,0,0,0,0,0,0,0,0,0,0,0,0,0.8501142,1,0.9818326,0.8305537,0.7137179,0,0,0,0,0,0,0,0,0,0,0,0,0,0,0,0,0,0,0,0,0,0,0,0,0,0.6643601,0.7125657,0.8317313,0.9132008,1,0.9063742,0,0,0,0,0,0,0,0,0,0,0,0,0,0,0
0,0,0,0,0,0,0,0,0,0,0,0,0,0,0.7009564,0.8254699,1,0.9883124,0.7909275,0.674147,0,0,0,0,0,0,0,0,0,0,0,0,0,0,0,0,0,0,0,0,0.5953436,0.6508955,0.6954225,0.7074757,0.7115214,0.7447546,0.8181767,0.816436,0.9257486,1,0.8830352,0.6478146,0.5952152,0,0,0,0,0,0,0,0,0,0,0,0,0
0,0,0,0,0,0,0,0,0,0,0,0,0.7148268,0.7468483,0.8301302,0.9001223,1,0.9887893,0.8193985,0,0,0,0,0,0,0,0,0,0,0,0,0,0,0,0,0,0,0,0,0,0,0.7707728,0.8371945,0.8135891,0.7944776,0.7841145,0.8036122,0.783773,0.9355409,1,0.9005755,0,0,0,0,0,0,0,0,0,0,0,0,0,0,0
0,0,0,0,0,0,0,0,0,0,0,0,0,0.6266605,0.6574832,0.8368949,1,0.9867125,0.7720178,0.629588,0,0,0,0,0,0,0,0,0,0,0,0,0,0,0,0,0,0,0,0,0,0.6637237,0.7217632,0.7448443,0.7572736,0.7594681,0.6848293,0.746783,0.9405414,1,0.8907937,0.6377169,0,0,0,0,0,0,0,0,0,0,0,0,0,0
0,0,0,0,0,0,0,0,0,0,0,0,0,0.6827139,0.8009214,0.82828,1,0.9978227,0.8071816,0.6505432,0,0,0,0,0,0,0,0,0,0,0,0,0,0,0,0,0,0,0,0,0,0,0,0,0.6437856,0.7281983,0.7855038,0.8081383,0.9274248,1,0.8767828,0,0,0,0,0,0,0,0,0,0,0,0,0,0,0
0,0,0,0,0,0,0,0,0,0,0,0,0,0,0.7280886,0.8957753,1,0.9599095,0.7288599,0,0,0,0,0,0,0,0,0,0,0,0,0,0,0,0,0,0,0,0,0,0,0,0,0,0,0,0,0.7309008,0.9559726,1,0.8878649,0.6502051,0,0,0,0,0,0,0,0,0,0,0,0,0,0
0,0,0,0,0,0,0,0,0,0,0,0,0,0,0.6973038,0.8484645,1,0.9896898,0.8427634,0.7305152,0,0,0,0,0,0,0,0,0,0,0,0,0,0,0,0,0,0,0,0,0,0,0,0,0,0,0,0.7066147,0.9445487,1,0.9065857,0.6835266,0.7198046,0.7018569,0,0,0,0,0,0,0,0,0,0,0,0
0,0,0,0,0,0,0,0,0,0,0,0,0,0.621591,0.687443,0.7113706,1,0.9993483,0.8150467,0.6284788,0.619165,0,0,0,0,0,0,0,0,0,0,0,0,0,0,0,0,0,0,0,0,0,0,0,0,0,0,0.6471555,0.9371518,1,0.8698536,0.632629,0.6435657,0.700258,0.7288496,0.6993231,0.6239254,0.5567395,0,0,0,0,0,0,0,0
0,0,0,0,0,0,0,0,0,0,0,0,0,0.8267167,0.839292,0.8523441,1,0.9781706,0.7790139,0,0,0,0,0,0,0,0,0,0,0,0,0,0,0,0,0,0,0,0,0,0,0,0,0,0,0,0,0.748358,0.9528707,1,0.9285731,0.8246018,0.7405026,0,0,0,0,0,0,0,0,0,0,0,0,0
0,0,0,0,0,0,0,0,0,0,0.6896043,0.8152115,0.8649797,0.8133957,0.7365643,0.815054,1,0.9833888,0.6452171,0,0.6463258,0.6890619,0.6337666,0,0,0,0,0,0,0,0,0,0,0,0,0,0,0,0,0,0,0,0,0,0,0,0.6228239,0.6978062,0.9394432,1,0.8998688,0.7423457,0.7126054,0.7253065,0.6999325,0.6336402,0,0,0,0,0,0,0,0,0,0
0,0,0,0,0,0,0,0,0,0,0.7559094,0.8366171,0,0.8245645,0.7801944,0.8744492,1,0.9880076,0.8422233,0.7906172,0.7316151,0,0,0,0,0,0,0,0,0,0,0,0,0,0,0,0,0,0,0,0,0,0,0,0,0,0,0.7767693,0.9483321,1,0.8880408,0.781587,0.7528739,0,0,0,0,0,0,0,0,0,0,0,0,0
0,0,0,0,0,0,0,0,0,0,0,0.7374283,0.7747824,0.6755701,0.8186285,0.8837365,1,0.9843326,0.7659175,0.7746012,0.6866252,0.7083918,0,0,0,0,0,0,0,0,0,0,0,0,0,0,0,0,0,0,0,0,0,0.6876174,0.7232187,0.6519063,0.6916358,0.7863582,0.9483736,1,0.878381,0.7689292,0.7525932,0.6674773,0.6375092,0,0,0,0,0,0,0,0,0,0,0
0,0,0,0,0,0,0,0,0,0,0,0,0,0.7331051,0.7234666,0.823613,1,0.9942896,0.7816467,0.8401,0.8185363,0.6520314,0,0,0,0,0,0,0,0,0,0,0,0,0,0,0,0,0,0,0,0,0,0.6097891,0.7111747,0.7519009,0.6908665,0.6936515,0.9477424,1,0.888819,0.6930376,0.7303568,0.6517938,0,0,0,0,0,0,0,0,0,0,0,0
0,0,0,0,0,0,0,0,0,0,0,0,0,0,0,0.7756867,1,0.9865189,0.7048489,0.7882119,0,0.7801502,0.6826333,0,0,0,0,0,0,0,0,0,0,0,0,0,0,0,0,0,0,0,0,0,0,0.6620909,0.7126858,0.7250606,0.9494171,1,0.8717033,0.7252954,0.7161644,0.667331,0,0,0,0,0,0,0,0,0,0,0,0
0,0,0,0,0,0,0,0,0,0,0,0,0,0,0,0.830964,1,0.9921933,0.7685729,0.7642823,0.8687881,0.8579699,0.7386909,0.6256827,0,0,0,0,0,0,0,0,0,0,0,0,0,0,0,0,0,0,0,0,0,0,0,0.6440175,0.9249271,1,0.9031578,0.7455904,0.7597564,0.7069217,0.6812316,0,0,0,0,0,0,0,0,0,0,0
0,0,0,0,0,0,0,0,0,0,0,0,0,0,0,0.8082053,1,0.9817765,0.8196422,0.8750913,0.7862108,0.767463,0.7540542,0.7303387,0,0,0,0,0,0,0,0,0,0,0,0,0,0,0,0,0,0,0,0,0,0,0,0,0.9541602,1,0.8295417,0.7970523,0.7302739,0,0,0,0,0,0,0,0,0,0,0,0,0
