GestureName: star
Duration(ms): 1410
Handedness: right

SpeakerAngles: 2
55
-55

InterpretedPoints: 30
0,0
0,0
0,0
0,0
0.806707284111599,3.95403765024536
-1.6134145682232,7.90807530049073
-2.4201218523348,9.6026628648816
-4.84024370466959,9.03780034341798
-4.03353642055799,5.08376269317261
-0.806707284111599,2.82431260731812
0,0
0,0
0,0
0,0
2.4201218523348,1.69458756439087
9.68048740933918,0
9.68048740933919,-1.12972504292725
11.2939019775624,-2.25945008585449
8.06707284111599,-3.38917512878174
1.6134145682232,-1.12972504292725
0.806707284111599,-0.564862521463624
0,0
0,0
-1.6134145682232,-1.12972504292725
-1.6134145682232,-1.12972504292725
-2.4201218523348,-1.69458756439087
-4.84024370466959,-1.12972504292725
-5.64695098878119,-2.82431260731812
-3.2268291364464,-3.38917512878174
-1.6134145682232,-3.38917512878174

StrokePoints: 31
177.666666666667,130.277777777778
177.666666666667,130.277777777778
177.666666666667,130.277777777778
177.666666666667,130.277777777778
177.666666666667,130.277777777778
176.859959382555,126.323740127532
178.473373950778,118.415664827042
180.893495803113,108.81300196216
185.733739507783,99.7752016187421
189.767275928341,94.6914389255695
190.573983212452,91.8671263182514
190.573983212452,91.8671263182514
190.573983212452,91.8671263182514
190.573983212452,91.8671263182514
190.573983212452,91.8671263182514
188.153861360117,90.1725387538605
178.473373950778,90.1725387538605
168.792886541439,91.3022637967878
157.498984563877,93.5617138826423
149.431911722761,96.950889011424
147.818497154538,98.0806140543513
147.011789870426,98.6454765758149
147.011789870426,98.6454765758149
147.011789870426,98.6454765758149
148.625204438649,99.7752016187421
150.238619006872,100.904926661669
152.658740859207,102.59951422606
157.498984563877,103.729239268987
163.145935552658,106.553551876306
166.372764689104,109.942727005087
167.986179257328,113.331902133869

Velocities: 30
0,0
0,0
0,0
0,0
4,3
6,8
7,10
5,11
2,7
2,3
0,0
0,0
0,0
0,0
3,0
6,-6
5,-7
5,-9
2,-8
0,-2
0,-1
0,0
0,0
-2,0
-2,0
-3,0
-4,2
-6,1
-5,-1
-4,-2

InverseVelocities: 30
0,0
0,0
0,0
0,0
0,0
0,0
0,0
0,0
-2,0
-2,0
0,0
0,0
0,0
0,0
0,0
0,3
0,3
-2,0
-4,0
0,0
0,0
0,0
0,0
0,0
0,0
1,0
0,-1
0,-1
0,0
0,0

RawData: 30
0,0,0,0,0,0,0,0,0,0,0,0,0,0,0,0.8260644,1,0.9821159,0.7467713,0,0,0,0,0,0,0,0,0,0,0,0,0,0,0,0,0,0,0,0,0,0,0,0,0,0,0,0,0.6223561,0.9473792,1,0.8844969,0,0,0,0,0,0,0,0,0,0,0,0,0,0,0
0,0,0,0,0,0,0,0,0,0,0,0,0,0,0,0.7993915,1,0.9870394,0.740357,0,0,0,0,0,0,0,0,0,0,0,0,0,0,0,0,0,0,0,0,0,0,0,0,0,0,0,0,0.5923367,0.9429007,1,0.8744978,0,0,0,0,0,0,0,0,0,0,0,0,0,0,0
0,0,0,0,0,0,0,0,0,0,0,0,0,0,0,0.7542863,1,0.9913636,0.7285072,0,0,0,0,0,0,0,0,0,0,0,0,0,0,0,0,0,0,0,0,0,0,0,0,0,0,0,0,0,0.939351,1,0.8851345,0,0,0,0,0,0,0,0,0,0,0,0,0,0,0
0,0,0,0,0,0,0,0,0,0,0,0,0,0,0,0.8013563,0.9975436,1,0.8202188,0.6501992,0,0,0,0,0,0,0,0,0,0,0,0,0,0,0,0,0,0,0,0,0,0,0,0,0,0,0,0.5776832,0.9383569,1,0.8904147,0.5640084,0,0,0,0,0,0,0,0,0,0,0,0,0,0
0,0,0,0,0,0,0,0,0,0,0,0,0,0,0,0.8052429,1,0.967462,0.8914763,0.8862933,0.8386734,0.809599,0.759046,0.6861672,0,0,0,0,0,0,0,0,0,0,0,0,0,0,0,0,0,0,0,0,0,0,0,0,0.9382487,1,0.900299,0.7501875,0.7857248,0.7917271,0.7370632,0.6332943,0,0,0,0,0,0,0,0,0,0
0,0,0,0,0,0,0,0,0,0,0,0,0,0,0.6848773,0.8118773,1,0.9901964,0.7807462,0,0.803248,0.8902543,0.928322,0.9209805,0.8399098,0.6784095,0,0,0,0,0,0,0,0,0,0,0,0,0,0,0,0,0,0,0,0,0,0,0.9431196,1,0.8751042,0.766312,0.7513596,0.795147,0.8248065,0.8263891,0.7584197,0.6690404,0,0.7193941,0.6821791,0,0,0,0,0
0,0,0,0,0,0,0,0,0,0,0,0,0,0,0,0.8202645,1,0.9733697,0.7700978,0.8094503,0.7487018,0.8863022,0.9083217,0.8719571,0.879195,0.837235,0.7696771,0,0,0,0,0,0,0,0,0,0,0,0,0,0,0,0,0,0,0,0,0,0.9406163,1,0.9024872,0.6533793,0,0.7185216,0.7091776,0.7431062,0.6897393,0.7009012,0.7894444,0.8816248,0.9000357,0.8323645,0.6829132,0,0,0
0,0,0,0,0,0,0,0,0,0,0,0,0,0,0,0.8390709,1,0.9988897,0.8787718,0.8307968,0.7879981,0.8536048,0.8869172,0.8710024,0.7901793,0,0,0,0,0,0,0,0,0,0,0,0,0,0,0,0,0,0,0,0,0,0,0.7498612,0.9560347,1,0.8935367,0.7011124,0.698952,0.7269852,0.7716016,0.8614395,0.9030985,0.8794955,0.8274363,0.8509998,0.8919058,0.8372282,0.6982199,0.6915174,0,0
0,0,0,0,0,0,0,0,0,0,0,0.7352529,0.7160167,0.7735101,0,0.8737302,1,0.9661214,0.8642493,0.8616299,0.7949381,0.7400394,0,0,0,0,0,0,0,0,0,0,0,0,0,0,0,0,0,0,0,0,0,0,0,0,0,0,0.940191,1,0.8863671,0.8157859,0.9226391,0.9545893,0.9199861,0.8714369,0.782003,0.7383041,0.7868646,0.711533,0,0,0,0,0,0
0,0,0,0,0,0,0,0,0,0,0,0.5309185,0.6558132,0.6752784,0,0.7532904,0.9585075,1,0.8604242,0.6966174,0,0.53579,0,0,0,0,0,0,0,0,0,0,0,0,0,0,0,0,0,0,0,0,0,0,0,0,0.5601999,0.6799904,0.9431923,1,0.9395587,0.9400052,0.9190974,0.7984567,0.7690355,0.6438767,0,0,0,0,0,0,0,0,0,0
0,0,0,0,0,0,0,0,0,0,0,0,0,0,0,0.8400736,0.9994717,1,0.8386536,0,0,0,0,0,0,0,0,0,0,0,0,0,0,0,0,0,0,0,0,0,0,0,0,0,0,0,0,0.6581811,0.9363149,1,0.9365442,0.84973,0.6922154,0,0,0,0,0,0,0,0,0,0,0,0,0
0,0,0,0,0,0,0,0,0,0,0,0,0,0,0,0.8328424,1,0.9825392,0,0,0,0,0,0,0,0,0,0,0,0,0,0,0,0,0,0,0,0,0,0,0,0,0,0,0,0,0,0,0.9431339,1,0.9172162,0,0,0,0,0,0,0,0,0,0,0,0,0,0,0
0,0,0,0,0,0,0,0,0,0,0,0,0,0,0,0.8612608,1,0.967628,0.7288705,0,0,0,0,0,0,0,0,0,0,0,0,0,0,0,0,0,0,0,0,0,0,0,0,0,0,0,0,0.6495309,0.9463615,1,0.8878825,0,0,0,0,0,0,0,0,0,0,0,0,0,0,0
0,0,0,0,0,0,0,0,0,0,0,0,0,0,0,0.8458177,1,0.9380092,0.7728422,0.6678931,0,0,0,0,0,0,0,0,0,0,0,0,0,0,0,0,0,0,0,0,0,0,0,0,0,0,0,0,0.9470906,1,0.8328226,0.6287553,0,0,0,0,0,0,0,0,0,0,0,0,0,0
0,0,0,0,0,0,0,0,0,0,0,0,0,0,0,0.8236156,1,0.9948817,0.8791573,0.8967465,0.8424871,0.7497582,0.6117332,0,0,0,0,0,0,0,0,0,0,0,0,0,0,0,0,0,0,0,0,0,0,0,0.6135772,0.6671337,0.9387205,1,0.9065465,0.7388633,0,0,0,0,0,0,0,0,0,0,0,0,0,0
0,0,0,0,0,0,0,0,0,0,0,0,0,0.6029891,0.6058813,0.8170278,1,0.9861788,0.6331122,0.7915525,0.8527848,0.7705355,0.7718351,0.7437361,0.5757476,0.5438933,0,0,0,0,0,0,0,0,0,0,0,0,0,0,0.5522299,0.5410106,0.6530665,0.6404335,0.5950788,0.6931898,0.7366956,0.6439232,0.9339833,1,0.9113104,0.7702882,0,0.6071429,0.5875502,0.5644754,0,0,0,0,0,0,0,0,0,0
0,0,0,0,0,0,0,0,0,0,0,0,0,0.6164359,0,0.7747597,1,0.9695596,0.848949,0.8656108,0.7671351,0.6200287,0.8587334,0.8551999,0.7801721,0,0,0,0,0,0,0,0,0,0,0,0,0,0,0.6136766,0.6403564,0.7394482,0.8120981,0.800912,0.7595214,0.8267673,0.8476954,0.8446313,0.9419159,1,0.8933114,0.6483763,0,0,0,0.5594296,0,0,0,0,0,0,0,0,0,0
0,0,0,0,0,0,0,0,0,0,0,0.6840002,0.7367264,0.8313925,0.8142757,0.8494337,1,0.9889731,0.7568617,0.8716428,0.8439438,0.8015747,0.7387271,0,0.70531,0,0,0,0,0,0,0,0,0,0,0,0,0.6940784,0.7809968,0.8039727,0.8193851,0.8434231,0.862074,0.8381281,0.7023766,0.7515331,0.7522396,0.7440106,0.9489994,1,0.9018826,0,0,0,0,0,0,0,0,0,0,0,0,0,0,0
0,0,0,0,0,0,0,0,0,0.681755,0.691725,0.6826212,0.7946343,0.9114447,0.9627267,0.9752155,1,0.9670961,0.7383758,0.715476,0.6430248,0.6634113,0,0,0,0,0,0,0,0,0,0,0,0,0,0,0,0,0.6358926,0.6544387,0.6706985,0.7089858,0.7676515,0.7548274,0.7025567,0.6610122,0.6663753,0.680384,0.9385235,1,0.8849976,0,0,0,0,0,0,0,0,0,0,0,0,0,0,0
0,0,0,0,0,0,0,0,0,0,0,0,0,0,0.8466956,0.9996396,1,0.9666492,0.8118429,0,0,0,0,0,0,0,0,0,0,0,0,0,0,0,0,0,0,0,0,0,0,0,0,0,0.6974213,0.7778401,0.8342035,0.86553,0.9639996,1,0.8933191,0,0,0,0,0,0,0,0,0,0,0,0,0,0,0
0,0,0,0,0,0,0,0,0,0,0,0,0,0,0.8158938,0.9879385,1,0.9183426,0.6050565,0,0,0,0,0,0,0,0,0,0,0,0,0,0,0,0,0,0,0,0,0,0,0,0,0,0,0.5848336,0.7497451,0.880776,0.9549327,1,0.882198,0,0,0,0,0,0,0,0,0,0,0,0,0,0,0
0,0,0,0,0,0,0,0,0,0,0,0,0,0,0.8908226,1,0.9902099,0.9357892,0.683639,0,0,0,0,0,0,0,0,0,0,0,0,0,0,0,0,0,0,0,0,0,0,0,0,0,0,0,0.7530572,0.8734124,0.9538555,1,0.8805436,0,0,0,0,0,0,0,0,0,0,0,0,0,0,0
0,0,0,0,0,0,0,0,0,0,0,0,0,0.7265869,0.9499775,1,0.9894214,0.9467298,0.7256078,0,0,0,0,0,0,0,0,0,0,0,0,0,0,0,0,0,0,0,0,0,0,0,0,0,0,0,0.7225308,0.8120908,0.9257661,1,0.8877547,0,0,0,0,0,0,0,0,0,0,0,0,0,0,0
0,0,0,0,0,0,0,0,0,0,0,0.6264719,0.7017182,0.8774744,1,0.923562,0.9726993,0.9784452,0.7390638,0,0,0,0,0,0,0,0,0,0,0,0,0,0,0,0,0,0,0,0,0,0,0,0,0,0,0,0.5691942,0,0.946561,1,0.8743659,0,0,0,0,0,0,0,0,0,0,0,0,0,0,0
0,0,0,0,0,0,0,0,0,0,0,0.6767795,0.8349113,0.9796682,0.9528435,0.8438155,1,0.9796222,0.7262251,0.7012019,0,0,0,0,0,0,0,0,0,0,0,0,0,0,0,0,0,0,0,0,0,0,0,0,0,0,0.6676954,0.7139577,0.9262344,1,0.8962888,0,0,0,0,0,0,0,0,0,0,0,0,0,0,0
0,0,0,0,0,0,0,0,0,0,0.7395586,0.854302,0.960713,0.9740813,0.8850201,0.845754,1,0.9911895,0.7845408,0.7280505,0.7194281,0,0,0,0,0,0,0,0,0,0,0,0,0,0,0,0,0,0,0,0,0,0,0,0,0,0.6994138,0.74181,0.9443338,1,0.9027118,0.6820659,0,0,0,0,0,0,0,0,0,0,0,0,0,0
0,0,0,0,0,0,0,0,0,0.7240848,0.7984655,0.7756605,0.8313342,0.8901982,0.8697424,0.8860011,1,0.989565,0.7270579,0.6276467,0,0,0,0,0,0,0,0,0,0,0,0,0,0,0,0,0,0,0,0,0,0,0,0,0,0.6410294,0.6133773,0.7814535,0.9077086,1,0.8952578,0.7664482,0.7436063,0.6868842,0.6217659,0,0,0,0,0,0,0,0,0,0,0
0,0,0,0,0,0,0,0.7145714,0.7954009,0.860121,0.8852245,0.8101034,0.8409899,0.8916864,0.814226,0.8720188,1,0.9833711,0.7890254,0,0,0,0,0,0,0,0,0,0,0,0,0,0,0,0,0,0,0,0,0,0,0,0,0,0,0.7763443,0.8635898,0.8695594,0.9674446,1,0.8877411,0,0.7097018,0.6989743,0,0,0,0,0,0,0,0,0,0,0,0
0,0,0,0,0,0,0,0,0.7088174,0.7367754,0.8106182,0.8614436,0.7744182,0.8566064,0.8138634,0.8073592,1,0.9851121,0.7572584,0,0,0,0,0,0,0,0,0,0,0,0,0,0,0,0,0,0,0,0,0,0,0,0,0,0,0.8179011,0.8594432,0.8231251,0.8998932,1,0.8948238,0,0,0,0,0,0,0,0,0,0,0,0,0,0,0
0,0,0,0,0,0,0,0,0,0.6690919,0.7907023,0.8622904,0.8359373,0.7601343,0.6990532,0.8315979,1,0.9831431,0.7098922,0,0,0,0,0,0,0,0,0,0,0,0,0,0,0,0,0,0,0,0,0,0,0,0,0,0.6964788,0.8150782,0.8636598,0.7867124,0.9655016,1,0.8775631,0,0,0,0,0,0,0,0,0,0,0,0,0,0,0
