GestureName: w
Duration(ms): 1363
Handedness: right

SpeakerAngles: 2
55
-55

InterpretedPoints: 29
0,0
0,0
0,0
0,0
0,0
0,0
0.806707284111599,0.564862521463624
1.6134145682232,1.12972504292725
-0.806707284111599,1.69458756439087
0.806707284111599,1.69458756439087
-2.4201218523348,3.95403765024536
-2.4201218523348,3.95403765024536
-2.4201218523348,6.21348773609986
-4.03353642055799,3.95403765024536
-1.6134145682232,0
-0.806707284111599,-0.564862521463624
0,0
0.806707284111599,0.564862521463624
0.806707284111599,1.69458756439087
0,1.12972504292725
-2.4201218523348,1.69458756439087
0,0
0,0
-1.6134145682232,2.25945008585449
-0.806707284111599,1.69458756439087
-3.2268291364464,-1.12972504292725
0.806707284111599,-6.21348773609986
0.806707284111599,-3.95403765024536
3.2268291364464,-3.38917512878174

StrokePoints: 30
177.666666666667,130.277777777778
177.666666666667,130.277777777778
177.666666666667,130.277777777778
177.666666666667,130.277777777778
177.666666666667,130.277777777778
177.666666666667,130.277777777778
177.666666666667,130.277777777778
176.859959382555,129.712915256314
175.246544814332,128.583190213387
176.053252098443,126.888602648996
175.246544814332,125.194015084605
177.666666666667,121.23997743436
180.086788519001,117.285939784114
182.506910371336,111.072452048015
186.540446791894,107.118414397769
188.153861360117,107.118414397769
188.960568644229,107.683276919233
188.960568644229,107.683276919233
188.153861360117,107.118414397769
187.347154076006,105.423826833378
187.347154076006,104.294101790451
189.767275928341,102.59951422606
189.767275928341,102.59951422606
189.767275928341,102.59951422606
191.380690496564,100.340064140206
192.187397780675,98.6454765758149
195.414226917122,99.7752016187421
194.60751963301,105.988689354842
193.800812348899,109.942727005087
190.573983212452,113.331902133869

Velocities: 29
0,0
0,0
0,0
0,0
0,0
0,0
1,0
2,0
1,2
2,1
2,5
2,5
4,7
1,6
-1,1
-1,0
0,0
1,0
2,1
1,1
0,3
0,0
0,0
1,3
1,2
-3,1
-5,-6
-3,-4
-1,-5

InverseVelocities: 29
0,0
0,0
0,0
0,0
0,0
0,0
0,0
-1,0
-1,0
-1,0
0,0
-1,0
0,0
-1,-4
0,0
0,0
0,0
0,0
0,0
0,-1
0,0
0,0
0,0
-1,0
-4,-4
0,-9
0,0
0,0
0,0

RawData: 29
0,0,0,0,0,0,0,0,0,0,0,0,0,0,0,0.8428304,1,0.9801498,0.8801951,0,0,0,0,0,0,0,0,0,0,0,0,0,0,0,0,0,0,0,0,0,0,0,0,0,0,0,0,0,0.9387287,1,0.901867,0,0,0,0,0,0,0,0,0,0,0,0,0,0,0
0,0,0,0,0,0,0,0,0,0,0,0,0,0,0,0.8259405,0.9882467,1,0.879643,0,0,0,0,0,0,0,0,0,0,0,0,0,0,0,0,0,0,0,0,0,0,0,0,0,0,0,0,0,0.9554774,1,0.9011653,0,0,0,0,0,0,0,0,0,0,0,0,0,0,0
0,0,0,0,0,0,0,0,0,0,0,0,0,0,0,0.8357952,1,0.9600205,0.8291032,0,0,0,0,0,0,0,0,0,0,0,0,0,0,0,0,0,0,0,0,0,0,0,0,0,0,0,0,0.6075211,0.9470771,1,0.886751,0,0,0,0,0,0,0,0,0,0,0,0,0,0,0
0,0,0,0,0,0,0,0,0,0,0,0,0,0,0,0.83056,0.9961593,1,0.8970874,0,0,0,0,0,0,0,0,0,0,0,0,0,0,0,0,0,0,0,0,0,0,0,0,0,0,0,0,0,0.9516085,1,0.9087726,0,0,0,0,0,0,0,0,0,0,0,0,0,0,0
0,0,0,0,0,0,0,0,0,0,0,0,0,0,0,0.8252694,1,0.9991689,0.8226252,0,0,0,0,0,0,0,0,0,0,0,0,0,0,0,0,0,0,0,0,0,0,0,0,0,0,0,0,0,0.9480208,1,0.9090024,0,0,0,0,0,0,0,0,0,0,0,0,0,0,0
0,0,0,0,0,0,0,0,0,0,0,0,0,0,0,0.852559,1,0.9778242,0.8789182,0.7696384,0,0,0,0,0,0,0,0,0,0,0,0,0,0,0,0,0,0,0,0,0,0,0,0,0,0,0,0.7102378,0.9458005,1,0.8893064,0.6561413,0,0,0,0,0,0,0,0,0,0,0,0,0,0
0,0,0,0,0,0,0,0,0,0,0,0,0,0,0.8321235,0.8298379,1,0.990578,0.914239,0.8897782,0.7982666,0,0,0,0,0,0,0,0,0,0,0,0,0,0,0,0,0,0,0,0,0,0,0,0,0,0.7436209,0.7765862,0.9520791,1,0.8872679,0.7559984,0,0,0,0,0,0,0,0,0,0,0,0,0,0
0,0,0,0,0,0,0,0,0,0,0,0,0.7877842,0.7593423,0.8270946,0,1,0.9990589,0.8598308,0.7099879,0.7779506,0.7532516,0,0,0,0,0,0,0,0,0,0,0,0,0,0,0,0,0,0,0,0,0,0,0,0,0,0.6992485,0.9465702,1,0.9095965,0.7369964,0,0,0,0,0,0,0,0,0,0,0,0,0,0
0,0,0,0,0,0,0,0,0,0,0,0,0.8498584,0.9393986,0.9303594,0.8805436,1,0.9983211,0.8332041,0.7851355,0.7848507,0,0,0,0,0,0,0,0,0,0,0,0,0,0,0,0,0,0,0,0,0,0,0,0,0,0.7502739,0.7064872,0.9427413,1,0.903722,0.6983563,0.6888288,0.7673959,0.7499366,0,0,0,0,0,0,0,0,0,0,0
0,0,0,0,0,0,0,0,0,0,0,0,0.835341,0.8759442,0,0.9109967,1,0.977307,0.8804145,0.8019567,0.7539135,0.7324978,0,0,0,0,0,0,0,0,0,0,0,0,0,0,0,0,0,0,0,0,0,0,0,0,0.7190827,0.7144289,0.9540026,1,0.9077189,0.8417755,0.8291193,0.7699659,0,0,0,0,0,0,0,0,0,0,0,0
0,0,0,0,0,0,0,0,0,0,0,0,0,0,0.7897027,0.7514698,1,0.9827337,0.8832165,0.9225354,0.849281,0.7749814,0,0,0,0,0,0,0,0,0,0,0,0,0,0,0,0,0,0,0,0,0,0,0,0,0,0.6567017,0.9402184,1,0.8996746,0.8100132,0.8256401,0.857781,0.849812,0.7222183,0.7781142,0.6878573,0,0,0,0,0,0,0,0
0,0,0,0,0,0,0,0,0,0,0,0,0.6302243,0.6899711,0.7223282,0.8657404,1,0.9613742,0.7392976,0.7629316,0.7506013,0.7274561,0,0,0,0,0,0,0,0,0,0,0,0,0,0,0,0,0,0,0,0,0,0,0,0,0.6566126,0.7021813,0.9470247,1,0.8975972,0,0.6823145,0.7951792,0.9239209,0.8964846,0.7767183,0.7074602,0,0,0,0,0,0,0,0
0,0,0,0,0,0,0,0,0,0,0,0,0,0.7391171,0.7356273,0.8604528,1,0.9920402,0.868482,0.8746403,0.8693291,0.8507517,0.8081485,0.7567204,0,0,0,0,0,0,0,0,0,0,0,0,0,0,0,0,0,0,0,0,0,0,0,0.7243114,0.9359276,1,0.8725614,0.8316203,0.8523288,0.8576174,0.8386199,0.8599467,0.8124287,0.8064994,0.8053954,0.7439763,0,0,0,0,0,0
0,0,0,0,0,0,0,0,0,0,0,0,0.7367707,0.7006323,0.6509824,0.8266727,1,0.9751588,0.8082138,0.848072,0.7384464,0,0,0,0,0,0,0,0,0,0,0,0,0,0,0,0,0,0,0,0,0,0.6416934,0.6902708,0.6521876,0,0.7286881,0.779674,0.937655,1,0.8892245,0.7381458,0.8185488,0.7900412,0,0,0.6991699,0.66571,0.6404873,0,0,0,0,0,0,0
0,0,0,0,0,0,0,0,0,0,0,0,0.7824106,0.7937174,0.7523363,0.8303348,1,0.9935137,0.8416086,0,0,0,0,0,0,0,0,0,0,0,0,0,0,0,0,0,0,0,0,0,0,0,0,0,0,0,0,0,0.9417109,1,0.9059514,0.7439684,0.7229661,0.7049332,0,0,0,0,0,0,0,0,0,0,0,0
0,0,0,0,0,0,0,0,0,0,0,0,0.7782574,0.8077726,0.7794593,0.7693799,1,0.9985719,0.8309632,0,0,0,0,0,0,0,0,0,0,0,0,0,0,0,0,0,0,0,0,0,0,0,0,0,0,0,0.7740976,0.8300444,0.9478498,1,0.8951872,0,0,0,0,0,0,0,0,0,0,0,0,0,0,0
0,0,0,0,0,0,0,0,0,0,0,0,0,0,0.7308539,0.8456517,1,0.9792411,0.7119802,0,0,0,0,0,0,0,0,0,0,0,0,0,0,0,0,0,0,0,0,0,0,0,0,0,0,0,0.7233219,0.799558,0.9593494,1,0.8637459,0,0,0,0,0,0,0,0,0,0,0,0,0,0,0
0,0,0,0,0,0,0,0,0,0,0,0,0,0,0,0.7988352,0.9878233,1,0.8994038,0.7945301,0.7229339,0,0,0,0,0,0,0,0,0,0,0,0,0,0,0,0,0,0,0,0,0,0,0,0,0,0,0,0.9417673,1,0.9011378,0.6897877,0.6598704,0,0,0,0,0,0,0,0,0,0,0,0,0
0,0,0,0,0,0,0,0,0,0,0,0,0,0,0,0.8472705,1,0.9605572,0.8226774,0,0.7035877,0.7405089,0,0,0,0,0,0,0,0,0,0,0,0,0,0,0,0,0,0,0,0,0,0,0,0,0,0.6941236,0.948247,1,0.8890373,0.6941934,0.7080387,0.6694987,0,0,0,0,0,0,0,0,0,0,0,0
0,0,0,0,0,0,0,0,0,0,0,0,0,0,0.6325094,0.720699,1,0.995213,0.7884349,0.8058853,0.7074596,0,0,0,0,0,0,0,0,0,0,0,0,0,0,0,0,0,0,0,0,0,0,0,0,0.6010589,0.7030914,0.7295389,0.9340622,1,0.9081365,0.6753374,0,0.6142581,0,0,0,0,0,0,0,0,0,0,0,0
0,0,0,0,0,0,0,0,0,0,0,0,0,0,0.7211667,0.8446578,1,0.9813057,0.7347466,0.6843619,0,0,0,0,0,0,0,0,0,0,0,0,0,0,0,0,0,0,0,0,0,0,0,0,0,0,0.5740755,0.7337681,0.9295709,1,0.8918164,0.6340086,0,0.6328704,0.6186714,0.5400641,0,0,0,0,0,0,0,0,0,0
0,0,0,0,0,0,0,0,0,0,0,0,0,0.6694164,0.6939523,0.8751475,1,0.9796056,0.7804518,0.7097374,0,0,0,0,0,0,0,0,0,0,0,0,0,0,0,0,0,0,0,0,0,0,0,0,0,0,0,0.6910267,0.9547418,1,0.8912911,0.810877,0.7285992,0,0,0,0,0,0,0,0,0,0,0,0,0
0,0,0,0,0,0,0,0,0,0,0,0,0,0,0.8110994,0.8186065,1,0.9885182,0,0,0,0,0,0,0,0,0,0,0,0,0,0,0,0,0,0,0,0,0,0,0,0,0,0,0,0,0,0,0.9456947,1,0.8933051,0.8481383,0.8174419,0,0,0,0,0,0,0,0,0,0,0,0,0
0,0,0,0,0,0,0,0,0,0,0,0,0.8228629,0.7574404,0,0.8776457,1,0.9973855,0.8088415,0.7274591,0.7345039,0,0,0,0,0,0,0,0,0,0,0,0,0,0,0,0,0,0,0,0,0,0,0,0,0,0,0.6836408,0.9536034,1,0.8669841,0.8630738,0.8639643,0.7826668,0.6677873,0.6803702,0,0,0,0,0,0,0,0,0,0
0,0,0,0,0,0,0,0,0,0.6936321,0.7884054,0.7219134,0.7082738,0.7978098,0.8357896,0.8533164,1,0.9942621,0.8708903,0.7620482,0.642994,0,0,0,0,0,0,0,0,0,0,0,0,0,0,0,0,0,0,0,0,0,0.6028153,0.6371875,0.6184701,0.6548744,0.7105134,0.7628015,0.9457169,1,0.9141032,0.8070412,0.7585809,0.6337636,0.6187961,0,0,0,0,0,0,0,0,0,0,0
0,0,0,0,0,0,0,0,0,0,0.7288672,0,0.7319321,0.7934769,0.819714,0.8398449,1,0.97202,0.778136,0.7680038,0,0,0,0,0,0,0,0,0,0,0,0,0,0,0,0,0,0.6263428,0.6436195,0.6889983,0.6790128,0.7020006,0.6728994,0.6361502,0.6644346,0.6953598,0,0.6491873,0.9390434,1,0.881485,0.6268135,0,0.6094229,0,0,0,0,0,0,0,0,0,0,0,0
0,0,0,0,0,0,0,0,0.6644419,0.6499239,0.7151714,0.8138193,0.8371867,0.8985093,0.8565311,0.8614795,1,0.9823041,0.7739183,0.7103386,0,0,0,0,0,0,0,0,0,0,0,0,0,0,0,0,0,0,0,0,0.6263586,0.6868104,0.775458,0.7793474,0.6605774,0.6941046,0.7252649,0.6077139,0.9439396,1,0.8867373,0.6720805,0,0,0,0,0,0,0,0,0,0,0,0,0,0
0,0,0,0,0,0,0,0,0,0,0.8265511,0.8177441,0,0.871139,0.8305997,0.8776506,1,0.979748,0.7642952,0,0,0,0,0,0,0,0,0,0,0,0,0,0,0,0,0,0,0,0,0,0,0,0.7755197,0.8257048,0.7519196,0.757449,0.7146198,0.7363124,0.9320661,1,0.9087233,0,0,0,0,0,0,0,0,0,0,0,0,0,0,0
0,0,0,0,0,0,0,0,0,0,0,0,0.8099553,0.8594072,0.8663285,0.9047378,1,0.9838612,0,0,0,0,0,0,0,0,0,0,0,0,0,0,0,0,0,0,0,0,0,0,0,0.78276,0.8304738,0.8050439,0.7979037,0.846183,0.8409323,0.7948735,0.9417252,1,0.9128665,0,0,0,0,0,0,0,0,0,0,0,0,0,0,0
