GestureName: x
Duration(ms): 1410
Handedness: right

SpeakerAngles: 2
55
-55

InterpretedPoints: 30
0,0
0,0
0,0
0,0
0,0
0,0
-0.806707284111599,-0.564862521463624
-3.22682913644639,-4.51890017170899
-0.806707284111599,-7.34321277902711
0,-11.2972504292725
-0.806707284111599,-10.7323879078088
1.6134145682232,-7.90807530049073
-0.806707284111599,-1.69458756439087
1.6134145682232,1.12972504292725
0.806707284111599,2.82431260731812
0,4.51890017170899
6.45365827289279,0
7.26036555700439,-1.69458756439087
2.4201218523348,-1.69458756439087
0.806707284111599,-0.564862521463624
0,0
0.806707284111599,0.564862521463624
0.806707284111599,1.69458756439087
-0.806707284111599,5.08376269317261
-2.4201218523348,9.6026628648816
-0.806707284111598,12.9918379936633
-2.4201218523348,11.8621129507361
-14.5207311140088,3.38917512878174
-4.03353642055799,-1.69458756439087
0.806707284111599,-0.564862521463624

StrokePoints: 31
177.666666666667,130.277777777778
177.666666666667,130.277777777778
177.666666666667,130.277777777778
177.666666666667,130.277777777778
177.666666666667,130.277777777778
177.666666666667,130.277777777778
177.666666666667,130.277777777778
178.473373950778,130.842640299241
181.700203087225,135.36154047095
182.506910371336,142.704753249978
182.506910371336,154.00200367925
183.313617655448,164.734391587059
181.700203087225,172.64246688755
182.506910371336,174.33705445194
180.893495803113,173.207329409013
180.086788519002,170.383016801695
180.086788519002,165.864116629986
173.633130246109,165.864116629986
166.372764689104,167.558704194377
163.95264283677,169.253291758768
163.145935552658,169.818154280231
163.145935552658,169.818154280231
162.339228268546,169.253291758768
161.532520984435,167.558704194377
162.339228268546,162.474941501204
164.759350120881,152.872278636323
165.566057404993,139.880440642659
167.986179257328,128.018327691923
182.506910371336,124.629152563142
186.540446791894,126.323740127532
185.733739507783,126.888602648996

Velocities: 30
0,0
0,0
0,0
0,0
0,0
0,0
-1,0
-6,-2
-7,-6
-10,-10
-10,-9
-6,-8
-2,-1
2,0
3,2
4,4
4,-4
3,-6
0,-3
0,-1
0,0
1,0
2,1
4,5
7,10
11,12
9,12
-6,12
-4,1
0,-1

InverseVelocities: 30
0,0
0,0
0,0
0,0
0,0
0,0
0,0
0,0
0,0
0,0
0,0
0,0
0,0
0,0
0,0
0,-6
0,0
-1,2
0,0
0,0
0,0
0,0
0,0
0,0
0,0
0,0
-2,0
0,-6
0,-4
0,0

RawData: 30
0,0,0,0,0,0,0,0,0,0,0,0,0,0,0,0.8347441,1,0.983398,0.8058758,0,0,0,0,0,0,0,0,0,0,0,0,0,0,0,0,0,0,0,0,0,0,0,0,0,0,0,0,0.6248603,0.9255184,1,0.8865167,0,0,0,0,0,0,0,0,0,0,0,0,0,0,0
0,0,0,0,0,0,0,0,0,0,0,0,0,0,0,0.8457864,1,0.9899068,0.7998473,0,0,0,0,0,0,0,0,0,0,0,0,0,0,0,0,0,0,0,0,0,0,0,0,0,0,0,0,0,0.9532869,1,0.8937801,0,0,0,0,0,0,0,0,0,0,0,0,0,0,0
0,0,0,0,0,0,0,0,0,0,0,0,0,0,0,0.8389001,1,0.98744,0.7801877,0,0,0,0,0,0,0,0,0,0,0,0,0,0,0,0,0,0,0,0,0,0,0,0,0,0,0,0,0,0.9475448,1,0.8843362,0,0,0,0,0,0,0,0,0,0,0,0,0,0,0
0,0,0,0,0,0,0,0,0,0,0,0,0,0,0,0.8398761,1,0.9896578,0.7906489,0,0,0,0,0,0,0,0,0,0,0,0,0,0,0,0,0,0,0,0,0,0,0,0,0,0,0,0,0,0.9500626,1,0.88512,0,0,0,0,0,0,0,0,0,0,0,0,0,0,0
0,0,0,0,0,0,0,0,0,0,0,0,0,0,0,0.8354712,1,0.987325,0.789147,0,0,0,0,0,0,0,0,0,0,0,0,0,0,0,0,0,0,0,0,0,0,0,0,0,0,0,0,0.6141683,0.9409978,1,0.8902888,0,0,0,0,0,0,0,0,0,0,0,0,0,0,0
0,0,0,0,0,0,0,0,0,0,0,0,0,0,0.702885,0.895167,1,0.9718874,0.7669545,0,0,0,0,0,0,0,0,0,0,0,0,0,0,0,0,0,0,0,0,0,0,0,0,0,0,0,0,0.6301976,0.9442466,1,0.8853598,0.5750911,0,0,0,0,0,0,0,0,0,0,0,0,0,0
0,0,0,0,0,0,0,0,0,0,0,0,0.7755792,0.8498242,0.8103479,0.8340136,0.9928648,1,0.8336534,0.6985049,0,0,0,0,0,0,0,0,0,0,0,0,0,0,0,0,0,0,0,0,0,0,0,0,0,0,0.6680533,0.7512462,0.949958,1,0.8527172,0.707214,0.622525,0,0,0,0,0,0,0,0,0,0,0,0,0
0,0,0,0,0,0,0,0.7604349,0.8109338,0.8684244,0.9122214,0.9294594,0.9430209,0.88808,0.8252864,0.8014619,1,0.9752142,0.7595502,0.7403468,0,0,0,0,0,0,0,0,0,0,0,0,0,0,0,0,0,0,0,0,0,0,0,0,0.7188445,0.7734583,0.8301262,0.832155,0.9510141,1,0.9109122,0.8137814,0,0,0,0,0,0,0,0,0,0,0,0,0,0
0,0,0,0,0,0,0.8007056,0.861348,0.7933944,0.7714304,0.8836013,0.8301504,0.8656591,0.8106194,0.7665306,0.8578632,1,0.9786066,0.7669995,0,0,0,0,0,0,0,0,0,0,0,0,0,0,0,0,0,0,0,0,0,0.7283887,0.7768987,0.7810025,0.7220998,0.7069885,0.7460971,0.8075318,0.7417943,0.9506078,1,0.9056906,0.7250548,0.7319121,0,0,0,0,0,0,0,0,0,0,0,0,0
0,0,0,0.6533791,0.7660102,0.8416206,0.9161686,0.932219,0.7752474,0.6816861,0.5992795,0.7865392,0.7597473,0.741868,0.6382867,0.8365436,1,0.9708214,0.6783531,0,0,0,0,0,0,0,0,0,0,0,0,0,0,0,0,0,0.586308,0.6974757,0.7599066,0.7446621,0.7391549,0.8469574,0.8209765,0.7357421,0.740225,0.7080702,0.6593325,0.7079483,0.9358361,1,0.8848693,0,0,0,0,0,0,0,0,0,0,0,0,0,0,0
0,0,0,0.6814432,0.8075017,0.8553281,0.9012504,0.8806405,0,0.7666663,0.7687404,0,0.7712456,0,0,0.814928,1,0.9819164,0.7277855,0,0,0,0,0,0,0,0,0,0,0,0,0,0,0,0,0,0,0.726794,0.8079489,0.7546655,0.7404615,0.6425431,0.8195148,0.8397105,0.8323408,0.750829,0,0.6382639,0.9313073,1,0.8894955,0,0,0,0,0,0,0,0,0,0,0,0,0,0,0
0,0,0,0,0,0,0,0.6697248,0,0.7474479,0.8243142,0.7331121,0.7920756,0.8313253,0.7776484,0.8579189,1,0.9874097,0.7681602,0.6474139,0,0,0,0,0,0,0,0,0,0,0,0,0,0,0,0,0,0,0.5908521,0.6200032,0.7141157,0.7296824,0.6848279,0.7514625,0.744284,0.646214,0.5748916,0.6222908,0.9377246,1,0.8788459,0.5936749,0,0,0,0,0,0,0,0,0,0,0,0,0,0
0,0,0,0,0,0,0,0,0,0,0,0.7532791,0.787406,0.7785416,0.7548837,0.8194593,0.9689066,1,0.8199906,0,0,0,0,0,0,0,0,0,0,0,0,0,0,0,0,0,0,0,0,0,0,0,0,0,0,0.7288241,0.7551324,0.7097723,0.9364765,1,0.9056194,0,0,0,0,0,0,0,0,0,0,0,0,0,0,0
0,0,0,0,0,0,0,0,0,0,0,0,0,0,0,0.8310643,1,0.9638467,0.8367762,0.8414332,0.7933767,0.7402927,0,0,0,0,0,0,0,0,0,0,0,0,0,0,0,0,0,0,0,0,0,0,0,0,0,0,0.9483597,1,0.8857613,0.6770371,0,0,0,0,0,0,0,0,0,0,0,0,0,0
0,0,0,0,0,0,0,0,0,0,0,0,0,0,0,0.8603958,1,0.9803628,0.784838,0.8085184,0.8539848,0.8435836,0.7520244,0,0,0,0,0,0,0,0,0,0,0,0,0,0,0,0,0,0,0,0,0,0,0,0,0,0.9518197,1,0.8638431,0.8238938,0.6832057,0.7291113,0.715493,0,0,0,0,0,0,0,0,0,0,0
0,0,0,0,0,0,0,0,0,0,0,0,0,0,0,0.8092529,1,0.9881811,0.7979335,0.623584,0.6842142,0.646587,0.7512249,0.6129664,0,0,0,0,0,0,0,0,0,0,0,0,0,0,0,0,0.5394768,0.5902006,0.632477,0.5918972,0,0.5467725,0.5999286,0.7095441,0.948641,1,0.902157,0.6468033,0.749972,0.7403674,0.6706085,0.6348578,0.5669577,0,0,0,0,0,0,0,0,0
0,0,0,0,0,0,0,0,0,0,0,0,0,0,0,0.8280132,0.998566,1,0.9051183,0.8622503,0.8188871,0.7754113,0.7796873,0.7704566,0,0,0,0,0,0,0,0,0,0,0,0,0,0,0,0,0,0,0.7410108,0.8495793,0.8718632,0.8418004,0.8012184,0.7700114,0.9442734,1,0.8983746,0,0,0,0,0,0,0,0,0,0,0,0,0,0,0
0,0,0,0,0,0,0,0,0,0,0,0,0.6725026,0.862848,0.9073649,0.9110194,1,0.9292637,0.8783182,0.8004767,0.6217043,0.6671606,0.6268572,0,0,0,0,0,0,0,0,0,0,0,0,0,0,0,0,0,0.6070724,0.5756097,0.6958588,0.7641314,0.786429,0.7141647,0.6780698,0.6205913,0.9411587,1,0.8770141,0.666629,0.6577346,0.6273408,0.5773072,0,0,0,0,0,0,0,0,0,0,0
0,0,0,0,0,0,0,0,0,0,0,0,0,0.7944465,0.9161257,0.9664121,1,0.9944038,0.8597528,0.7308419,0,0,0,0,0,0,0,0,0,0,0,0,0,0,0,0,0,0,0,0,0,0,0,0.6925557,0,0.7390497,0,0.741453,0.9492743,1,0.9140463,0.73118,0.6998519,0,0,0,0,0,0,0,0,0,0,0,0,0
0,0,0,0,0,0,0,0,0,0,0,0,0,0,0.878926,0.941402,1,0.996944,0.8242437,0,0,0,0,0,0,0,0,0,0,0,0,0,0,0,0,0,0,0,0,0,0,0,0,0,0,0.8163255,0.8842419,0.8799078,0.9496701,1,0.8973463,0,0,0,0,0,0,0,0,0,0,0,0,0,0,0
0,0,0,0,0,0,0,0,0,0,0,0,0,0,0,0.8386678,1,0.9731328,0.7437685,0,0,0,0,0,0,0,0,0,0,0,0,0,0,0,0,0,0,0,0,0,0,0,0,0,0,0,0.7181403,0.823007,0.9704016,1,0.855759,0,0,0,0,0,0,0,0,0,0,0,0,0,0,0
0,0,0,0,0,0,0,0,0,0,0,0,0,0,0,0.7729324,0.9925387,1,0.9344038,0.8249683,0.6969024,0,0,0,0,0,0,0,0,0,0,0,0,0,0,0,0,0,0,0,0,0,0,0,0,0,0,0.6175104,0.939064,1,0.8706648,0.7245612,0.5994567,0,0,0,0,0,0,0,0,0,0,0,0,0
0,0,0,0,0,0,0,0,0,0,0,0,0,0,0,0.8361253,1,0.9827446,0.9051021,0.8927315,0.9171154,0.8013756,0,0,0,0,0,0,0,0,0,0,0,0,0,0,0,0,0,0,0,0,0,0,0,0,0,0,0.9329874,1,0.91153,0.7291704,0.7204851,0.7255812,0,0,0,0,0,0,0,0,0,0,0,0
0,0,0,0,0,0,0,0,0,0,0,0,0,0,0,0.7970732,1,0.9789617,0.7640899,0.82051,0,0.9030137,0.8795783,0.7596106,0,0,0,0,0,0,0,0,0,0,0,0,0,0,0,0,0,0,0,0,0,0,0,0,0.9356229,1,0.888532,0.66267,0.7555988,0.7592912,0.7554302,0.7581671,0.7321051,0.6458577,0,0,0,0,0,0,0,0
0,0,0,0,0,0,0,0,0,0,0,0,0,0,0,0.8787741,1,0.9811889,0.8071651,0,0,0.8820681,0.9143339,0.8139337,0.8758466,0.8807796,0.8291346,0,0,0,0,0,0,0,0,0,0,0,0,0,0,0,0,0,0,0,0,0,0.9506816,1,0.8937619,0.7805385,0.7718921,0,0,0,0.7769545,0.8303626,0.8284449,0.8298023,0,0.7936695,0.8160644,0,0,0
0,0,0,0,0,0,0,0,0,0,0,0,0,0.6532971,0.6679547,0.7347627,1,0.9881843,0.7090877,0.8207856,0.7454813,0.8525912,0.7699196,0.8092487,0.8367455,0.8194795,0.8868441,0.8973927,0.8848495,0.820975,0.7216594,0,0,0,0,0,0,0,0,0,0,0,0,0,0,0,0,0,0.9376572,1,0.8774567,0,0,0,0,0.6225967,0.7263413,0.6824042,0.6895036,0.7563327,0.8022634,0.6847893,0.8578238,0.8489397,0.8136481,0.8127325
0,0,0,0,0,0,0,0,0,0,0,0.7800583,0.7968986,0.7869627,0.7837294,0,1,0.9889581,0.8926668,0.8294127,0.7331452,0.7116854,0.7173207,0.7629085,0.779591,0.8036087,0.8125906,0.6616182,0.663355,0,0,0,0,0,0,0,0,0,0,0,0,0,0,0,0,0,0.6646836,0.6893997,0.9531414,1,0.872067,0.6694856,0.6491498,0.7266511,0.6118237,0.7036448,0.8055261,0.7893831,0.7578258,0.7690803,0.7828869,0.8164273,0.834401,0.8069787,0.8192854,0.795811
0,0,0,0,0,0,0,0.6421147,0.7706488,0.8402438,0.8733057,0.8277222,0.7558814,0.8148338,0.8376719,0.8151434,1,0.9750404,0.8257164,0.6746936,0,0,0,0,0,0,0,0,0,0,0,0,0,0,0,0,0,0,0,0,0.6321591,0.6313107,0,0,0.6522809,0.7439498,0.7456034,0.7092482,0.9348339,1,0.899999,0.7270409,0.7170562,0.7071307,0.776118,0.7837148,0.7419708,0.6935844,0.6556816,0.6098855,0.5902418,0.6350304,0,0.6245562,0.62393,0
0,0,0,0,0,0,0,0,0,0.6314034,0.6949109,0.7227989,0.7439255,0.7414116,0.689553,0.7699111,1,0.9760947,0.7922449,0,0,0,0,0,0,0,0,0,0,0,0,0,0,0,0,0,0,0,0,0,0,0,0.57925,0.6376953,0.6630072,0.7563692,0.7783748,0.8276665,0.948065,1,0.8911607,0.6839716,0.6809794,0.6219141,0,0,0,0,0,0,0,0,0,0,0,0
0,0,0,0,0,0,0,0,0,0,0,0,0,0.7124603,0.7798995,0.875261,1,0.9897949,0.8221278,0,0,0,0,0,0,0,0,0,0,0,0,0,0,0,0,0,0,0,0,0,0,0,0,0,0,0.6768907,0,0,0.9334213,1,0.9096217,0,0,0,0,0,0,0,0,0,0,0,0,0,0,0
