GestureName: y
Duration(ms): 1222
Handedness: right

SpeakerAngles: 2
55
-55

InterpretedPoints: 26
0,0
0,0
0,0
0,0
0,0
0,0
0,0
1.6134145682232,2.25945008585449
-2.4201218523348,3.95403765024536
-1.6134145682232,5.64862521463624
0,7.90807530049073
-2.4201218523348,5.08376269317261
-2.4201218523348,1.69458756439087
-4.84024370466959,-2.25945008585449
-0.806707284111599,-5.08376269317261
0,-3.38917512878174
1.6134145682232,-6.77835025756348
0,-4.51890017170899
0.806707284111599,-0.564862521463624
1.6134145682232,2.25945008585449
0,9.03780034341798
0.806707284111599,7.34321277902711
0.806707284111599,8.47293782195435
0,7.90807530049073
1.6134145682232,-4.51890017170899
0.806707284111599,-1.69458756439087

StrokePoints: 27
177.666666666667,130.277777777778
177.666666666667,130.277777777778
177.666666666667,130.277777777778
177.666666666667,130.277777777778
177.666666666667,130.277777777778
177.666666666667,130.277777777778
177.666666666667,130.277777777778
177.666666666667,130.277777777778
176.053252098443,128.018327691923
178.473373950778,124.064290041678
180.086788519001,118.415664827042
180.086788519001,110.507589526551
182.506910371336,105.423826833378
184.927032223671,103.729239268987
189.767275928341,105.988689354842
190.573983212452,111.072452048015
190.573983212452,114.461627176796
188.960568644229,121.23997743436
188.960568644229,125.758877606069
188.153861360118,126.323740127532
186.540446791894,124.064290041678
186.540446791894,115.02648969826
185.733739507783,107.683276919233
184.927032223671,99.2103390972785
184.927032223671,91.3022637967878
183.313617655448,95.8211639684967
182.506910371336,97.5157515328876

Velocities: 26
0,0
0,0
0,0
0,0
0,0
0,0
0,0
3,1
2,5
4,6
7,7
3,6
0,3
-5,1
-5,-4
-3,-3
-5,-7
-4,-4
0,-1
3,1
8,8
7,6
8,7
7,7
-3,-5
-1,-2

InverseVelocities: 26
0,0
0,0
0,0
0,0
0,0
0,0
0,0
0,0
0,0
0,0
-1,-1
-1,0
0,0
0,-3
0,0
0,0
0,0
0,0
0,0
0,0
0,0
0,0
-3,-5
-7,-6
0,0
0,0

RawData: 26
0,0,0,0,0,0,0,0,0,0,0,0,0,0.745224,0.7291123,0.8895652,1,0.9922134,0.8299448,0.7195259,0,0,0,0,0,0,0,0,0,0,0,0,0,0,0,0,0,0,0,0,0,0,0,0,0,0,0.7382124,0.78712,0.9482229,1,0.8697427,0,0,0,0,0,0,0,0,0,0,0,0,0,0,0
0,0,0,0,0,0,0,0,0,0,0,0,0,0,0.7341954,0.8162405,0.9878045,1,0.8357947,0,0,0,0,0,0,0,0,0,0,0,0,0,0,0,0,0,0,0,0,0,0,0,0,0,0,0,0.7224879,0.7838719,0.9526235,1,0.8945743,0,0,0,0,0,0,0,0,0,0,0,0,0,0,0
0,0,0,0,0,0,0,0,0,0,0,0,0,0,0.7027549,0.7500436,0.9940813,1,0.8061738,0,0,0,0,0,0,0,0,0,0,0,0,0,0,0,0,0,0,0,0,0,0,0,0,0,0,0,0,0.6736051,0.9434879,1,0.8878365,0,0,0,0,0,0,0,0,0,0,0,0,0,0,0
0,0,0,0,0,0,0,0,0,0,0,0,0,0,0,0.8546779,1,0.9868086,0.7941416,0,0,0,0,0,0,0,0,0,0,0,0,0,0,0,0,0,0,0,0,0,0,0,0,0,0,0,0,0.6919454,0.9505878,1,0.8921496,0,0,0,0,0,0,0,0,0,0,0,0,0,0,0
0,0,0,0,0,0,0,0,0,0,0,0,0,0,0,0.8344098,1,0.9849001,0.7738611,0,0,0,0,0,0,0,0,0,0,0,0,0,0,0,0,0,0,0,0,0,0,0,0,0,0,0,0,0.6114174,0.9429356,1,0.8917919,0,0,0,0,0,0,0,0,0,0,0,0,0,0,0
0,0,0,0,0,0,0,0,0,0,0,0,0,0,0,0.8817754,1,0.9123058,0.8390967,0,0,0,0,0,0,0,0,0,0,0,0,0,0,0,0,0,0,0,0,0,0,0,0,0,0,0,0,0,0.9457591,1,0.9102945,0,0,0,0,0,0,0,0,0,0,0,0,0,0,0
0,0,0,0,0,0,0,0,0,0,0,0,0,0,0,0.8269343,0.9912757,1,0.9047354,0.6903114,0,0,0,0,0,0,0,0,0,0,0,0,0,0,0,0,0,0,0,0,0,0,0,0,0,0,0,0,0.9436509,1,0.9025203,0.6931251,0,0,0,0,0,0,0,0,0,0,0,0,0,0
0,0,0,0,0,0,0,0,0,0,0,0,0,0,0,0.7965977,0.9922642,1,0.8358908,0.783702,0.7534586,0.6549184,0.6460198,0,0,0,0,0,0,0,0,0,0,0,0,0,0,0,0,0,0,0,0,0,0,0,0,0.5531489,0.9342224,1,0.8959571,0.6960008,0.6395131,0.5595605,0,0,0,0,0,0,0,0,0,0,0,0
0,0,0,0,0,0,0,0,0,0,0,0,0,0,0,0.8305742,1,0.9860079,0.8811877,0.8788702,0.826878,0.7508842,0,0,0,0,0,0,0,0,0,0,0,0,0,0,0,0,0,0,0,0,0,0,0,0,0,0.6574606,0.9483379,1,0.8901122,0.8281586,0.7642563,0.7005073,0.7283395,0,0.6744778,0.6470109,0,0,0,0,0,0,0,0
0,0,0,0,0,0,0,0,0,0,0,0,0,0,0,0.7383437,0.9898168,1,0.8525082,0.6927199,0,0.6127044,0.7516071,0.7246257,0,0,0,0,0,0,0,0,0,0,0,0,0,0,0,0,0,0,0,0,0,0,0,0,0.929057,1,0.8530767,0.7771132,0.7305841,0.687915,0.6756068,0.7663875,0.6685443,0.7051786,0.6373402,0,0,0,0,0,0,0
0,0,0,0,0,0,0,0,0,0,0,0,0.6551575,0.6898067,0.7912568,0.891685,1,0.95128,0.6600725,0.813425,0.698281,0.7475582,0.7906447,0.7745836,0.7302624,0.6849614,0.6600168,0,0,0,0,0,0,0,0,0,0,0,0,0,0,0,0,0,0,0.6528774,0.6516842,0.6992732,0.9442331,1,0.8701919,0.7326617,0,0.6851866,0.7656909,0.8155565,0.7438322,0,0.6956143,0.6176932,0,0,0,0,0,0
0,0,0,0,0,0,0,0,0,0,0,0,0.6706523,0.6981614,0.6644217,0.8352407,0.9970789,1,0.868968,0.8177969,0.7941041,0.7107397,0.6949013,0,0,0,0,0,0,0,0,0,0,0,0,0,0,0,0,0,0,0,0,0,0,0,0,0.6774042,0.9422293,1,0.884154,0.7828373,0.807714,0.6751273,0.790405,0.7621047,0.6828859,0.6847442,0.6507235,0,0,0,0,0,0,0
0,0,0,0,0,0,0,0,0,0,0,0,0,0,0.7873532,0.8866794,1,0.9829143,0,0,0,0,0,0,0,0,0,0,0,0,0,0,0,0,0,0,0,0,0,0,0,0,0,0,0,0,0,0,0.9427654,1,0.8783211,0.8427818,0.8729878,0.798546,0,0.7349827,0,0,0,0,0,0,0,0,0,0
0,0,0,0,0,0,0,0,0.697818,0.6977735,0.7429339,0.6830018,0.6840534,0.758505,0.8681884,0.910033,1,0.9346641,0.860564,0.7852315,0,0,0,0,0,0,0,0,0,0,0,0,0,0,0,0,0,0,0,0,0,0,0,0.6333607,0.6294056,0.6667958,0.6713935,0.6878212,0.9533273,1,0.8757008,0.7692527,0.7031438,0.6525522,0,0,0,0,0,0,0,0,0,0,0,0
0,0,0,0,0,0,0,0,0.7636209,0.806979,0.8183526,0,0.7734393,0.7936144,0.7261366,0.8513494,1,0.9861799,0.7406413,0,0,0,0,0,0,0,0,0,0,0,0,0,0,0,0,0,0,0,0,0,0,0,0.6194041,0.6539791,0.7059,0.7236499,0.6675391,0.6528057,0.9394035,1,0.9007223,0,0,0,0,0,0,0,0,0,0,0,0,0,0,0
0,0,0,0,0,0,0,0,0,0,0.8238836,0.8400536,0.810265,0.8699498,0.8349155,0.8822571,1,0.9849706,0,0,0,0,0,0,0,0,0,0,0,0,0,0,0,0,0,0,0,0,0,0,0,0,0,0.768844,0,0.7489228,0.7942318,0,0.9496359,1,0.9012309,0,0,0,0,0,0,0,0,0,0,0,0,0,0,0
0,0,0,0,0,0,0,0,0.7995689,0.8421572,0.7549518,0.7582592,0.8009197,0.8764948,0.8645803,0.8742857,1,0.9930254,0.7431789,0,0,0,0,0,0,0,0,0,0,0,0,0,0,0,0,0,0,0,0,0.6897762,0.7657449,0.7661867,0.7671278,0.7447369,0,0.7651544,0,0.694679,0.9445501,1,0.9064284,0,0,0,0,0,0,0,0,0,0,0,0,0,0,0
0,0,0,0,0,0,0,0,0,0.69219,0.7534572,0.7687001,0.8270727,0.847344,0.7554907,0.8295437,1,0.9980268,0.807886,0,0,0,0,0,0,0,0,0,0,0,0,0,0,0,0,0,0,0,0,0,0,0,0.6843233,0.7399173,0.7258947,0.7140858,0.7651858,0,0.948976,1,0.8964632,0,0,0,0,0,0,0,0,0,0,0,0,0,0,0
0,0,0,0,0,0,0,0,0,0,0,0,0,0.6924292,0.7613906,0.8732951,1,0.9846753,0.8184239,0.6534062,0,0,0,0,0,0,0,0,0,0,0,0,0,0,0,0,0,0,0,0,0,0,0,0,0,0.6682772,0.7747028,0.8356742,0.9236328,1,0.8988996,0.7012711,0.6147482,0,0,0,0,0,0,0,0,0,0,0,0,0
0,0,0,0,0,0,0,0,0,0,0,0,0,0,0,0.8181697,1,0.9853865,0.7349815,0.8043986,0.8387515,0.7605994,0.6785181,0,0,0,0,0,0,0,0,0,0,0,0,0,0,0,0,0,0,0,0,0,0,0,0,0.6515562,0.9410977,1,0.9342542,0.8346729,0.7362863,0.672226,0,0,0,0,0,0,0,0,0,0,0,0
0,0,0,0,0,0,0,0,0,0,0,0,0,0,0.6592525,0.8568747,1,0.9836282,0.7641692,0.8223258,0.8581263,0.787391,0.702066,0.7003465,0.7387201,0.7301996,0.6791125,0.616138,0,0,0,0,0,0,0,0,0,0,0,0,0,0,0,0,0,0,0,0,0.9354621,1,0.8822119,0.6775125,0.7563651,0.7710061,0.7330675,0.575478,0.6481656,0.5853727,0.5660278,0.5738031,0.5620472,0,0,0,0,0
0,0,0,0,0,0,0,0,0,0,0,0,0,0.6907961,0.6990752,0.7316572,1,0.9825886,0.6772423,0.7648253,0.8395888,0.8472668,0.7613509,0.768053,0.7916552,0.7530896,0.7205712,0,0,0,0,0,0,0,0,0,0,0,0,0,0,0,0,0,0,0,0,0.702626,0.9441186,1,0.8846253,0.7116055,0.6651348,0,0.7401085,0.7242185,0.6835805,0.6761789,0.6758946,0,0,0,0,0,0,0
0,0,0,0,0,0,0,0,0,0,0.7321427,0.8058944,0.8069822,0.7851191,0.8039925,0.8344798,1,0.9765863,0.7871459,0.7467946,0.8040131,0.7488437,0.7588002,0.7702178,0.7525322,0.7768797,0.7730433,0.6927605,0,0,0,0,0,0,0,0,0,0,0,0,0,0.7094038,0.7639866,0.759053,0.761273,0.7312778,0.6654168,0.7782342,0.9563945,1,0.8736461,0.7377133,0,0.6764664,0.6889207,0.7086785,0.7212962,0,0.7140568,0.7382499,0,0,0,0,0,0
0,0,0,0,0,0,0.6468868,0.625652,0.6148049,0.7282007,0.7548663,0.6783267,0.663134,0.7342911,0.7825969,0.7773253,1,0.9913203,0.8057828,0.754784,0.7981251,0.7427232,0.7121794,0.6605034,0.622648,0.6341394,0.6116611,0,0,0,0,0,0,0,0,0,0,0,0,0,0.613221,0.7480306,0.7301812,0.6666348,0.678283,0.7316813,0.7816446,0.7782209,0.939782,1,0.8670948,0.72031,0.7105379,0.6993037,0.6003857,0,0.603839,0.6120808,0,0.5755044,0,0,0,0,0,0
0,0,0,0,0,0,0,0,0,0,0.7829599,0.7902264,0,0,0.8007065,0.8688428,1,0.977711,0.7338078,0,0,0,0,0,0,0,0,0,0,0,0,0,0,0,0,0,0,0,0,0,0,0.7401688,0.7720507,0.7562301,0.6651918,0.7784774,0.7552631,0,0.9482818,1,0.8980365,0.6931562,0,0,0,0,0,0,0,0,0,0,0,0,0,0
0,0,0,0,0,0,0,0,0,0,0,0,0.6487671,0.781237,0.8347501,0.7990633,0.9897799,1,0.7407718,0,0,0,0,0,0,0,0,0,0,0,0,0,0,0,0,0,0,0,0,0,0,0,0,0,0.5422583,0.6214428,0,0.723002,0.9349947,1,0.88315,0,0,0,0,0,0,0,0,0,0,0,0,0,0,0
