GestureName: double_arch
Duration(ms): 1081
Handedness: right

SpeakerAngles: 2
55
-55

InterpretedPoints: 23
0,4.51890017170899
7.26036555700439,0.564862521463623
8.06707284111599,-2.25945008585449
2.4201218523348,-3.95403765024536
0.806707284111599,-0.564862521463624
1.6134145682232,-1.12972504292725
0.806707284111599,0.564862521463624
3.2268291364464,3.38917512878174
3.2268291364464,3.38917512878174
5.64695098878119,9.6026628648816
0.806707284111599,7.34321277902711
0.806707284111599,-3.95403765024536
1.6134145682232,-2.25945008585449
0.806707284111599,-0.564862521463624
-2.4201218523348,-2.82431260731812
-2.4201218523348,-3.95403765024536
-1.6134145682232,-4.51890017170899
0.806707284111599,-2.82431260731812
0.806707284111599,-3.95403765024536
-2.4201218523348,-1.69458756439087
0,0
-0.806707284111599,0.564862521463624
0,1.12972504292725

StrokePoints: 24
177.666666666667,130.277777777778
177.666666666667,125.758877606069
170.406301109662,125.194015084605
162.339228268546,127.45346517046
159.919106416212,131.407502820705
159.1123991321,131.972365342169
157.498984563877,133.102090385096
156.692277279765,132.537227863632
153.465448143319,129.148052734851
150.238619006872,125.758877606069
144.591668018091,116.156214741187
143.78496073398,108.81300196216
142.978253449868,112.767039612405
141.364838881645,115.02648969826
140.558131597533,115.591352219724
142.978253449868,118.415664827042
145.398375302203,122.369702477287
147.011789870426,126.888602648996
146.205082586314,129.712915256314
145.398375302203,133.66695290656
147.818497154538,135.36154047095
147.818497154538,135.36154047095
148.625204438649,134.796677949487
148.625204438649,133.66695290656

Velocities: 23
4,4
5,-4
3,-7
-2,-5
0,-1
0,-2
1,0
5,1
5,1
12,5
7,6
-3,-4
-1,-3
0,-1
-4,-1
-5,-2
-5,-3
-2,-3
-3,-4
-3,0
0,0
0,1
1,1

InverseVelocities: 23
-1,-4
-2,0
-3,1
0,0
0,0
0,0
0,0
0,0
0,0
0,-2
-1,0
0,0
0,0
0,0
1,0
1,0
0,0
0,0
0,0
0,0
0,0
0,0
0,0

RawData: 23
0,0,0,0,0,0,0,0,0,0,0,0,0.6553078,0.6929223,0.7664406,0.8438497,0.997837,1,0.8166587,0.8221834,0.8279169,0.7857734,0.7808437,0.7400609,0,0,0,0,0,0,0,0,0,0,0,0,0,0,0,0,0,0,0.5615472,0.5715461,0.5558242,0.6216087,0.6539891,0.6929636,0.9321749,1,0.8960277,0.6247574,0.5527452,0.6574201,0.6947962,0.6782893,0.6184211,0,0,0,0,0,0,0,0,0
0,0,0,0,0,0,0,0,0,0,0,0.739924,0.7781369,0.7676162,0,0.7967889,1,0.994774,0.857253,0.7766724,0.7858649,0.7958062,0,0.7237677,0.7163094,0,0,0,0,0,0,0,0,0,0,0,0,0,0,0,0,0,0.6622227,0,0,0,0.6798146,0.7321717,0.948817,1,0.8826786,0.6869734,0.6547213,0,0,0,0,0,0,0,0,0,0,0,0,0
0,0,0,0,0,0,0,0,0,0,0.6931334,0.7381451,0.754513,0.695137,0.6422172,0.8474696,1,0.9776468,0.7849535,0.8089669,0.8206863,0.7771152,0.6147646,0,0,0,0,0,0,0,0,0,0,0,0,0,0,0,0,0.5776446,0.5898491,0.6637894,0.6476165,0.6115002,0,0.6834707,0.6239374,0.727716,0.9501214,1,0.8746599,0.6963942,0.6834728,0.5674877,0,0,0,0,0,0,0,0,0,0,0,0
0,0,0,0,0,0,0,0,0,0,0,0.6864989,0.8209846,0.8277661,0.828332,0.7983012,1,0.995961,0.7908707,0.7857621,0,0,0,0,0,0,0,0,0,0,0,0,0,0,0,0,0,0,0,0,0,0.6597025,0.6892788,0.7057037,0.6661165,0.6473532,0.6777474,0.7160629,0.9324039,1,0.8944709,0.6362873,0,0,0,0,0,0,0,0,0,0,0,0,0,0
0,0,0,0,0,0,0,0,0,0,0,0,0,0,0.7649575,0.8542193,0.9975447,1,0.8507197,0,0,0,0,0,0,0,0,0,0,0,0,0,0,0,0,0,0,0,0,0,0,0,0,0,0,0.7073649,0,0,0.9389522,1,0.8640068,0,0,0,0,0,0,0,0,0,0,0,0,0,0,0
0,0,0,0,0,0,0,0,0,0,0,0,0,0,0,0.8831969,1,0.9299433,0,0,0,0,0,0,0,0,0,0,0,0,0,0,0,0,0,0,0,0,0,0,0,0,0,0,0.6486517,0.6748617,0.7431853,0.7365181,0.9404468,1,0.8742122,0,0,0,0,0,0,0,0,0,0,0,0,0,0,0
0,0,0,0,0,0,0,0,0,0,0,0,0,0,0.6966629,0.7946501,1,0.9804354,0.8847884,0.812009,0.7252244,0,0,0,0,0,0,0,0,0,0,0,0,0,0,0,0,0,0,0,0,0,0,0,0,0,0.6247334,0,0.9367057,1,0.86199,0.7242445,0.6043114,0,0,0,0,0,0,0,0,0,0,0,0,0
0,0,0,0,0,0,0,0,0,0,0,0,0,0,0,0.824329,1,0.9919448,0.7483463,0.6896847,0.7206668,0,0.7261408,0.7553762,0.6936298,0,0,0,0,0,0,0,0,0,0,0,0,0,0,0,0,0,0,0,0,0,0,0.6813071,0.9411538,1,0.8564437,0.8290471,0.749028,0.619261,0,0,0,0,0,0,0,0,0,0,0,0
0,0,0,0,0,0,0,0,0,0,0,0,0,0,0,0,0.9817688,1,0,0,0,0,0,0.8123824,0.8190496,0,0,0,0,0,0,0,0,0,0,0,0,0,0,0,0,0,0,0,0,0,0,0,0.9309409,1,0.8993685,0.7375755,0.7375264,0.7315018,0,0,0,0,0,0,0,0,0,0,0,0
0,0,0,0,0,0,0,0,0,0,0,0,0,0,0.6609777,0.8124658,1,0.9767809,0,0.7260701,0.7384084,0.7419662,0.6793015,0,0.7562122,0.7970886,0.7731811,0.7589687,0.7529463,0.7224613,0.7089135,0.6547745,0,0,0,0,0,0,0,0,0,0,0,0,0.6198387,0.622591,0,0.6908697,0.9480891,1,0.8836018,0.623486,0.7451013,0.7577186,0.7073255,0.7334453,0.699604,0.6187102,0,0,0,0,0,0,0,0
0,0,0,0,0,0,0,0,0,0,0,0,0.7303084,0.8087657,0.818222,0.7863562,1,0.9824519,0.804484,0.7440811,0.7131297,0.7112675,0.7152876,0,0.7090744,0.7662481,0.7418552,0,0,0,0,0,0,0,0,0,0,0,0,0,0,0,0,0,0,0,0.6486664,0.6395714,0.9421217,1,0.8937464,0,0.7438799,0.7519846,0.7111594,0.680314,0.6754425,0.6514121,0.6423994,0,0,0,0,0,0,0
0,0,0,0,0,0,0,0,0,0,0.6497062,0.7356178,0.8214645,0.8251047,0.7513523,0.7314683,1,0.9785233,0.7537413,0,0,0,0,0,0,0,0,0,0,0,0,0,0,0,0,0,0,0,0,0,0,0,0.5892116,0.6808997,0.6829125,0.6698514,0.7463339,0.7488163,0.9464336,1,0.8844566,0,0,0,0,0,0,0,0,0,0,0,0,0,0,0
0,0,0,0,0,0,0,0,0,0,0,0,0.7446321,0,0.7627432,0.8596436,1,0.9787387,0.7454054,0,0,0,0,0,0,0,0,0,0,0,0,0,0,0,0,0,0,0,0,0,0,0,0,0.6862218,0.6775733,0,0,0,0.9404517,1,0.8774581,0,0,0,0,0,0,0,0,0,0,0,0,0,0,0
0,0,0,0,0,0,0,0,0,0,0,0,0,0,0.8608556,0.8833999,1,0.9989407,0.8861486,0.813853,0,0,0,0,0,0,0,0,0,0,0,0,0,0,0,0,0,0,0,0,0,0,0,0,0,0.7322253,0.7179594,0.7357889,0.9453608,1,0.892536,0,0,0,0,0,0,0,0,0,0,0,0,0,0,0
0,0,0,0,0,0,0,0,0,0.7632977,0.8086016,0.759672,0.7167304,0.7216529,0.8140697,0.7747135,0.9844765,1,0.8337582,0.8423021,0.724237,0,0,0,0,0,0,0,0,0,0,0,0,0,0,0,0,0,0,0,0,0,0,0,0,0.6723887,0,0.7422201,0.917077,1,0.884169,0,0,0,0,0,0,0,0,0,0,0,0,0,0,0
0,0,0,0,0,0,0,0,0.6945537,0.7387608,0.7708844,0.8283015,0.8133373,0.7994546,0.6594194,0.8002044,1,0.9969362,0.8325751,0,0.6641349,0,0,0,0,0,0,0,0,0,0,0,0,0,0,0,0,0,0,0,0,0,0,0,0.6569434,0.7492176,0.7368593,0.6407396,0.9438006,1,0.8784494,0.6111307,0.6593918,0,0,0,0,0,0,0,0,0,0,0,0,0
0,0,0,0,0,0,0,0,0.782869,0.8482441,0.8727474,0.8457835,0.7857439,0.8389726,0,0.8465081,1,0.979916,0.8301573,0.7903169,0,0,0,0,0,0,0,0,0,0,0,0,0,0,0,0,0,0,0,0,0,0,0,0.6925343,0.7334064,0.7304427,0.818255,0.8010316,0.9323632,1,0.8977599,0.6964929,0,0,0,0,0,0,0,0,0,0,0,0,0,0
0,0,0,0,0,0,0,0,0,0,0,0.8120799,0.8929604,0.8786216,0.8494158,0.8162915,1,0.9615277,0.7666828,0,0,0,0,0,0,0,0,0,0,0,0,0,0,0,0,0,0,0,0,0,0,0,0,0.6134503,0.620859,0.756328,0.691202,0.7317976,0.9378853,1,0.8892114,0,0,0,0,0,0,0,0,0,0,0,0,0,0,0
0,0,0,0,0,0,0,0,0,0,0.7595206,0.8221105,0.8379588,0.7187841,0.8501168,0.7672119,1,0.9876461,0.7809447,0,0,0,0,0,0,0,0,0,0,0,0,0,0,0,0,0,0,0,0,0,0,0,0.5954226,0.6327826,0.6034788,0.6834457,0.7447619,0.7759972,0.9486048,1,0.8814582,0.5879545,0,0,0,0,0,0,0,0,0,0,0,0,0,0
0,0,0,0,0,0,0,0,0,0,0.6882715,0.6706536,0.8054113,0.9089817,0.9048762,0.8539572,0.968421,1,0.7979816,0,0,0,0,0,0,0,0,0,0,0,0,0,0,0,0,0,0,0,0,0,0,0,0,0,0,0,0.6110296,0.6411369,0.9481995,1,0.8815107,0.6047977,0.5702588,0,0,0,0,0,0,0,0,0,0,0,0,0
0,0,0,0,0,0,0,0,0,0,0,0,0,0.7520173,0.8455147,0.8827211,1,0.9745484,0.8089817,0,0,0,0,0,0,0,0,0,0,0,0,0,0,0,0,0,0,0,0,0,0,0,0,0,0,0,0,0.7238345,0.9389244,1,0.8998596,0.7706366,0.744334,0,0,0,0,0,0,0,0,0,0,0,0,0
0,0,0,0,0,0,0,0,0,0,0,0,0,0,0.7540344,0.8419614,1,0.9671088,0,0,0,0,0,0,0,0,0,0,0,0,0,0,0,0,0,0,0,0,0,0,0,0,0,0,0,0,0,0,0.937961,1,0.8892914,0.7661469,0.7187579,0.6900316,0,0,0,0,0,0,0,0,0,0,0,0
0,0,0,0,0,0,0,0,0,0,0,0,0,0,0,0.801922,1,0.9701146,0,0.8449264,0.820927,0,0,0,0,0,0,0,0,0,0,0,0,0,0,0,0,0,0,0,0,0,0,0,0,0,0,0,0.9297203,1,0.8812527,0,0.6670331,0.6809835,0,0,0,0,0,0,0,0,0,0,0,0
