GestureName: p
Duration(ms): 987
Handedness: right

SpeakerAngles: 2
55
-55

InterpretedPoints: 21
0,0
0,0
-1.6134145682232,1.12972504292725
2.4201218523348,1.69458756439087
0.806707284111599,1.69458756439087
-1.6134145682232,-1.12972504292725
1.6134145682232,-11.2972504292725
1.6134145682232,-11.2972504292725
-4.03353642055799,-3.95403765024536
-0.806707284111599,-1.69458756439087
4.03353642055799,1.69458756439087
0,0
1.6134145682232,4.51890017170899
4.03353642055799,2.82431260731812
1.6134145682232,9.03780034341798
2.4201218523348,8.47293782195435
0.806707284111599,8.47293782195435
0,5.64862521463624
1.6134145682232,6.77835025756348
0.806707284111599,-1.69458756439087
1.6134145682232,1.12972504292725

StrokePoints: 22
177.666666666667,130.277777777778
177.666666666667,130.277777777778
177.666666666667,130.277777777778
179.28008123489,129.148052734851
176.859959382555,127.45346517046
176.053252098443,125.758877606069
177.666666666667,126.888602648996
176.053252098443,138.185853078269
174.43983753022,149.483103507541
178.473373950778,153.437141157786
179.28008123489,155.131728722177
175.246544814332,153.437141157786
175.246544814332,153.437141157786
173.633130246109,148.918240986077
169.599593825551,146.093928378759
167.986179257328,137.056128035341
165.566057404993,128.583190213387
164.759350120881,120.110252391433
164.759350120881,114.461627176796
163.145935552658,107.683276919233
162.339228268546,109.377864483624
160.725813700323,108.248139440696

Velocities: 21
0,0
0,0
0,2
3,0
2,1
-2,0
-9,-11
-9,-11
-6,-1
-2,-1
4,-1
0,0
5,3
5,0
9,7
9,6
8,7
5,5
7,5
-1,-2
2,0

InverseVelocities: 21
0,0
0,0
0,0
0,0
-1,0
0,0
0,0
1,0
0,0
0,0
0,0
0,0
0,0
0,0
-1,0
0,0
-4,-3
0,-2
-4,-3
0,0
0,0

RawData: 21
0,0,0,0,0,0,0,0,0,0,0,0,0,0,0,0.8026815,1,0.9985198,0.770012,0,0,0,0,0,0,0,0,0,0,0,0,0,0,0,0,0,0,0,0,0,0,0,0,0,0,0,0,0.6283797,0.9402537,1,0.8755063,0,0,0,0,0,0,0,0,0,0,0,0,0,0,0
0,0,0,0,0,0,0,0,0,0,0,0,0,0,0,0.8248823,1,0.9799372,0.7272245,0,0,0,0,0,0,0,0,0,0,0,0,0,0,0,0,0,0,0,0,0,0,0,0,0,0,0,0,0.6177083,0.9373376,1,0.8900244,0.599251,0,0,0,0,0,0,0,0,0,0,0,0,0,0
0,0,0,0,0,0,0,0,0,0,0,0,0,0,0.6228913,0.876941,1,0.9468219,0.6896773,0,0,0,0,0,0,0,0,0,0,0,0,0,0,0,0,0,0,0,0,0,0,0,0,0,0,0,0,0.6385968,0.9401826,1,0.8959821,0.7306889,0.5553887,0.552962,0.5174484,0,0,0,0,0,0,0,0,0,0,0
0,0,0,0,0,0,0,0,0,0,0,0,0,0.6785075,0.6961529,0.8069322,1,0.9809021,0.7796872,0.6808586,0.6878894,0.7443991,0.7026144,0,0,0,0,0,0,0,0,0,0,0,0,0,0,0,0,0,0,0,0,0,0,0,0.6665107,0.6989629,0.9346711,1,0.8639032,0.7781608,0.6708989,0,0,0,0,0,0,0,0,0,0,0,0,0
0,0,0,0,0,0,0,0,0,0,0,0,0.7647484,0.8248209,0.856681,0.9125659,1,0.9641689,0.7344767,0,0,0.6806833,0,0,0,0,0,0,0,0,0,0,0,0,0,0,0,0,0,0,0,0,0,0,0,0,0,0.6572149,0.9430841,1,0.8919795,0,0.6562794,0.6766995,0,0,0,0,0,0,0,0,0,0,0,0
0,0,0,0,0,0,0,0,0,0,0,0.903561,0.9545577,0.9564886,0.9108357,0,0.9651423,1,0,0,0,0,0,0,0,0,0,0,0,0,0,0,0,0,0,0,0,0,0,0,0,0,0,0,0,0,0,0,0.9551577,1,0.9082028,0,0,0,0,0,0,0,0,0,0,0,0,0,0,0
0,0,0,0,0.713683,0.7602962,0.7868227,0.7816204,0.7871723,0.7290617,0.7173818,0.738267,0.8801968,0.9507338,0.9095491,0.8602695,1,0.9687343,0.8399169,0,0,0,0,0,0,0,0,0,0,0,0,0,0,0,0,0.6432011,0.6788576,0.6915695,0.683279,0.6398048,0.673614,0,0,0,0,0,0,0.6591414,0.9325628,1,0.8949807,0,0,0,0,0,0,0,0,0,0,0,0,0,0,0
0,0,0,0,0.63261,0.6311423,0.7537974,0.7693381,0.698321,0,0.6384186,0.7192332,0.821999,0.8908104,0.9212514,0.8944299,1,0.9671325,0.7444132,0.7653072,0.6482696,0,0,0,0,0,0,0,0,0,0,0,0,0,0,0.6117246,0.6670116,0.6796089,0.6123143,0,0.58837,0,0,0,0.6104274,0.7499856,0.7319789,0.6185185,0.9377529,1,0.8861466,0,0,0,0,0,0,0,0,0,0,0,0,0,0,0
0,0,0,0,0,0,0,0.718186,0.7371801,0.7210525,0.700227,0.6900371,0.7202192,0.8260813,0.8840885,0.8786747,1,0.980029,0.7948202,0,0,0,0,0,0,0,0,0,0,0,0,0,0,0,0,0,0,0,0,0,0,0,0,0,0,0.6558236,0.6875803,0.6786371,0.9429972,1,0.8647486,0,0,0,0,0,0,0,0,0,0,0,0,0,0,0
0,0,0,0,0,0,0,0,0,0,0,0.7662204,0,0.8120926,0.8698397,0.8964856,1,0.9892151,0.8288584,0.7624176,0,0,0,0,0,0,0,0,0,0,0,0,0,0,0,0,0,0,0,0,0,0,0,0,0,0.6955596,0.7276284,0.7124608,0.9441156,1,0.8896812,0.6859313,0,0,0,0,0,0,0,0,0,0,0,0,0,0
0,0,0,0,0,0,0,0,0,0,0,0,0,0,0.7531466,0.7521579,1,0.9850385,0.8345442,0,0,0,0.7170504,0.7029308,0,0,0,0,0,0,0,0,0,0,0,0,0,0,0,0,0,0,0,0,0,0.6739226,0.7135351,0.7508739,0.9354668,1,0.9014412,0,0,0,0,0,0,0,0,0,0,0,0,0,0,0
0,0,0,0,0,0,0,0,0,0,0,0,0,0,0,0.7931861,0.9819543,1,0.8850284,0.7049618,0,0,0,0,0,0,0,0,0,0,0,0,0,0,0,0,0,0,0,0,0,0,0,0,0,0,0,0,0.9454682,1,0.8746319,0.6995877,0,0,0,0,0,0,0,0,0,0,0,0,0,0
0,0,0,0,0,0,0,0,0,0,0,0,0,0,0.6390747,0.8160592,1,0.9662421,0.8439982,0.826113,0.6528287,0.7474186,0.6841425,0.6947127,0.6157372,0,0,0,0,0,0,0,0,0,0,0,0,0,0,0,0,0,0,0,0,0,0,0.6583928,0.9435725,1,0.8938642,0,0,0,0.6043038,0.5979448,0,0,0,0,0,0,0,0,0,0
0,0,0,0,0,0,0,0,0,0,0,0,0,0,0,0.8628051,1,0.9724623,0.8319364,0.8535337,0.733021,0,0.7385183,0.7261443,0.7309505,0,0,0,0,0,0,0,0,0,0,0,0,0,0,0,0,0,0,0,0,0,0,0.6813825,0.9413679,1,0.8930352,0.6912372,0.6964639,0,0,0,0,0,0,0,0,0,0,0,0,0
0,0,0,0,0,0,0,0,0,0,0,0,0.6242443,0.6181567,0,0.8353391,1,0.9857413,0.885008,0.8412526,0.8133515,0.6535264,0.7923024,0.7503498,0.6719805,0.6394561,0.6924378,0.7014529,0.6528869,0,0,0,0,0,0,0,0,0,0,0,0,0,0,0,0,0,0,0.7178074,0.935769,1,0.8894957,0.658331,0.6706576,0.6695906,0,0,0,0.6151286,0.6534636,0.5954246,0,0,0,0,0,0
0,0,0,0,0,0,0,0,0,0,0,0,0,0,0,0.8073665,0.9938232,1,0.9268093,0.9031289,0.8400153,0.8535086,0,0,0,0,0.7728357,0,0.7401613,0,0,0,0,0,0,0,0,0,0,0,0,0,0,0,0,0,0.7146587,0.7248036,0.9407246,1,0.8957453,0.7163168,0.6883495,0.6688192,0,0,0,0,0.6771938,0,0,0,0,0,0,0
0,0,0,0,0,0,0,0,0,0.641165,0.6556282,0.6180547,0,0,0.7407579,0.8192047,1,0.9963046,0.8224823,0,0.8596162,0.8471311,0.7819475,0.7341361,0.6761069,0,0.7051535,0.7221812,0,0,0,0,0,0,0,0,0,0,0,0,0,0,0,0.5535776,0.5854207,0.6500592,0.6325657,0.5752674,0.94116,1,0.8680701,0.715365,0.7339783,0.6478807,0.6008121,0.5536032,0.5758771,0.6349589,0.6139888,0.5742507,0,0,0,0,0,0
0,0,0,0,0,0,0,0,0,0,0,0,0,0,0.8240168,0,0.9874921,1,0.8735478,0,0.8616635,0.8468944,0,0,0.8208076,0,0,0,0,0,0,0,0,0,0,0,0,0,0,0,0,0,0,0,0.7089615,0,0,0,0.9456931,1,0.8903751,0.7449812,0.7734093,0,0,0,0.7513889,0.7198952,0,0,0,0,0,0,0,0
0,0,0,0,0,0,0,0,0,0.7050681,0.76085,0.783625,0.8278146,0.8490541,0.8177084,0.9025695,1,0.9680011,0.8858986,0.8894685,0.8761791,0.8377233,0,0.7427534,0.7717419,0.7490208,0.7079154,0,0,0,0,0,0,0,0,0,0,0,0,0,0,0,0,0.6968073,0.7245734,0,0,0.73746,0.9438034,1,0.8963482,0.7336517,0.7300262,0.7511649,0.7253038,0.6916188,0.6723417,0.659353,0,0,0,0,0,0,0,0
0,0,0,0,0,0,0,0,0,0,0,0,0.7390016,0.8684561,0.8709083,0.8657741,1,0.9885513,0.8417805,0,0,0,0,0,0,0,0,0,0,0,0,0,0,0,0,0,0,0,0,0,0,0,0,0,0.7115508,0.7662237,0.8139555,0.8076605,0.9450011,1,0.9142563,0.746625,0.7092612,0,0,0,0,0,0,0,0,0,0,0,0,0
0,0,0,0,0,0,0,0,0,0,0,0,0,0,0.8692896,0.9009786,0.9890374,1,0.7852917,0,0.7470376,0.7441068,0,0,0,0,0,0,0,0,0,0,0,0,0,0,0,0,0,0,0,0,0,0,0,0,0.7518224,0,0.944028,1,0.8954144,0,0,0,0,0,0,0,0,0,0,0,0,0,0,0
