GestureName: q
Duration(ms): 1081
Handedness: right

SpeakerAngles: 2
55
-55

InterpretedPoints: 23
0,0
0.806707284111599,2.82431260731812
1.6134145682232,2.25945008585449
0.806707284111599,1.69458756439087
4.84024370466959,-1.12972504292725
8.87378012522759,-2.82431260731812
8.87378012522759,-2.82431260731812
-1.6134145682232,-9.03780034341798
-1.6134145682232,-7.90807530049073
-5.64695098878119,-3.95403765024536
-1.6134145682232,-4.51890017170899
-1.6134145682232,-1.12972504292725
-0.806707284111599,0.564862521463624
3.2268291364464,2.25945008585449
4.84024370466959,4.51890017170899
0.806707284111599,10.7323879078088
-0.806707284111599,10.7323879078088
0.806707284111598,12.9918379936633
1.6134145682232,7.90807530049073
-1.6134145682232,2.25945008585449
0,0
0.806707284111599,0.564862521463624
0,1.12972504292725

StrokePoints: 24
177.666666666667,130.277777777778
177.666666666667,130.277777777778
176.859959382555,127.45346517046
175.246544814332,125.194015084605
174.43983753022,123.499427520214
169.599593825551,124.629152563142
160.725813700323,127.45346517046
151.852033575095,130.277777777778
153.465448143319,139.315578121196
155.078862711542,147.223653421687
160.725813700323,151.177691071932
162.339228268546,155.696591243641
163.952642836769,156.826316286568
164.759350120881,156.261453765105
161.532520984435,154.00200367925
156.692277279765,149.483103507541
155.885569995653,138.750715599732
156.692277279765,128.018327691923
155.885569995653,115.02648969826
154.27215542743,107.118414397769
155.885569995653,104.858964311915
155.885569995653,104.858964311915
155.078862711542,104.294101790451
155.078862711542,103.164376747524

Velocities: 23
0,0
3,2
3,1
2,1
2,-4
3,-8
3,-8
-9,-7
-8,-6
-7,0
-5,-3
-2,0
0,1
4,0
7,1
10,9
9,10
12,11
8,6
1,3
0,0
1,0
1,1

InverseVelocities: 23
0,0
0,0
0,0
0,0
0,0
-5,0
-9,0
0,4
0,0
0,0
0,0
0,0
0,0
-1,0
-2,0
0,0
0,0
-5,0
-4,-5
-2,-5
0,0
0,0
0,0

RawData: 23
0,0,0,0,0,0,0,0,0,0,0,0,0,0,0,0.8428572,1,0.975286,0,0,0,0,0,0,0,0,0,0,0,0,0,0,0,0,0,0,0,0,0,0,0,0,0,0,0,0,0,0,0.9571796,1,0.8097268,0.795364,0,0,0,0,0,0,0,0,0,0,0,0,0,0
0,0,0,0,0,0,0,0,0,0,0,0,0,0,0,0.8016137,1,0.9934596,0.81077,0.700868,0.6943965,0.6920866,0.5790149,0,0,0,0,0,0,0,0,0,0,0,0,0,0,0,0,0,0,0,0,0,0,0,0,0,0.9269003,1,0.8974609,0.8159451,0.7032394,0.5663793,0.5765942,0,0,0,0,0,0,0,0,0,0,0
0,0,0,0,0,0,0,0,0,0,0,0,0,0,0,0.8262709,1,0.9790756,0.7542766,0.9113342,0.9312599,0.8692369,0.7774555,0,0,0,0,0,0,0,0,0,0,0,0,0,0,0,0,0,0,0,0,0,0,0,0,0,0.9393134,1,0.9018717,0.663641,0.8027141,0.7322503,0,0,0,0,0,0,0,0,0,0,0,0
0,0,0,0,0,0,0,0,0,0,0,0,0,0,0,0.8214004,1,0.9846941,0.8076083,0.8110068,0.8702065,0.7713226,0,0,0,0,0,0,0,0,0,0,0,0,0,0,0,0,0,0,0,0,0,0,0,0,0.7400659,0.7802945,0.951161,1,0.8983564,0.7476066,0.7907287,0.7123978,0,0,0,0,0,0,0,0,0,0,0,0
0,0,0,0,0,0,0,0,0,0,0,0,0,0.7301751,0.8082331,0.9220318,1,0.9407654,0.8703648,0.8458369,0.7571735,0.7107106,0,0,0,0,0,0,0,0,0,0,0,0,0,0,0,0,0,0,0,0,0.6476768,0.7038577,0.7879585,0.8165828,0.7609466,0.6914307,0.9457908,1,0.8762971,0.6895599,0,0,0,0,0,0,0,0,0,0,0,0,0,0
0,0,0,0,0,0,0,0,0.781801,0.8527325,0.8774489,0.8850607,0.7081861,0.9049523,0.8980689,0.7685354,0.9927791,1,0.6810343,0,0.7116675,0.7382627,0.6735447,0,0,0,0,0,0,0,0,0,0,0,0,0,0,0,0.6118249,0.6132689,0.638228,0.6172459,0.6728157,0.7881914,0.7306825,0.6082213,0.6173257,0.6120809,0.9397614,1,0.8690982,0.6503838,0,0,0,0,0,0,0,0,0,0,0,0,0,0
0,0,0,0,0.6495281,0.6689144,0.6355085,0.7553669,0.7895748,0.6217735,0.7384322,0.8154022,0.8598177,0.7728925,0.8159254,0.8635716,1,0.9666218,0.7067508,0.6997069,0,0,0.6235421,0,0,0,0,0,0,0,0,0,0,0,0,0,0,0,0.6340985,0.6725326,0.6959389,0.7180132,0.7462212,0.7144002,0.7206675,0.6050746,0.7176142,0.7783968,0.9149501,1,0.8864455,0.6420637,0.622482,0,0,0,0,0,0,0,0,0,0,0,0,0
0,0,0,0,0.6912279,0.7453919,0.7046384,0.7624795,0.7705902,0,0.7077008,0.718977,0.8174079,0.8212088,0.8556142,0.8232699,1,0.9990428,0.7665756,0,0,0,0,0,0,0,0,0,0,0,0,0,0,0,0,0,0,0,0,0.5713427,0.6113295,0.6035746,0.6501946,0.6445159,0,0,0.6656463,0.7975864,0.9575555,1,0.8651062,0.6815158,0.6369818,0.6430521,0.6434447,0.6339095,0.6192703,0,0,0,0,0,0,0,0,0
0,0,0,0,0,0.7119399,0,0.6588254,0,0,0,0.7048889,0.8225946,0.9021055,0.8152119,0.7667107,1,0.9762551,0.7172359,0,0,0,0,0,0,0,0,0,0,0,0,0,0,0,0,0,0,0,0,0,0.6340414,0.6624573,0.6224723,0,0.642912,0.6843333,0.6809962,0.7347224,0.933292,1,0.9095573,0.7007582,0,0,0,0,0,0,0,0,0,0,0,0,0,0
0,0,0,0,0,0,0.6659516,0.7269014,0.716563,0,0.6359109,0.7049481,0.8124008,0.8576464,0.8280818,0.8554235,1,0.9861082,0.8066052,0.6490803,0,0,0,0,0,0,0,0,0,0,0,0,0,0,0,0,0,0,0,0,0,0,0,0,0,0,0.6657614,0.8116595,0.9458894,1,0.8895385,0,0,0,0,0,0,0,0,0,0,0,0,0,0,0
0,0,0,0,0,0,0,0,0.6583368,0.7081997,0.7184436,0.7629306,0.78074,0.860983,0.9322791,0.7957522,1,0.9973089,0.7282605,0.6972036,0,0,0,0,0,0,0,0,0,0,0,0,0,0,0,0,0,0,0,0,0,0,0,0.5709698,0.6463783,0.6622034,0.6204709,0.8006987,0.9558181,1,0.8690366,0.613663,0,0,0,0,0,0,0,0,0,0,0,0,0,0
0,0,0,0,0,0,0,0,0,0,0,0.631617,0.6814982,0.7396016,0.9105939,0.9643561,1,0.9742479,0.7619823,0,0,0,0,0,0,0,0,0,0,0,0,0,0,0,0,0,0,0,0,0,0,0,0,0,0,0,0.6223276,0.687011,0.933704,1,0.8771431,0.5932584,0,0,0,0,0,0,0,0,0,0,0,0,0,0
0,0,0,0,0,0,0,0,0,0,0,0,0,0,0.8722955,0.962471,1,0.9857773,0.7964029,0,0,0,0,0,0,0,0,0,0,0,0,0,0,0,0,0,0,0,0,0,0,0,0,0,0,0,0,0.7011766,0.9423707,1,0.8928865,0,0.6632289,0.6603091,0,0,0,0,0,0,0,0,0,0,0,0
0,0,0,0,0,0,0,0,0,0,0,0,0.6482694,0.7492508,0.7175056,0.8814517,1,0.9672537,0.7689974,0.6783611,0.7311332,0.6822832,0.6446064,0.6415362,0,0,0,0,0,0,0,0,0,0,0,0,0,0,0,0,0,0,0,0,0,0,0.6152865,0.6944512,0.9511656,1,0.8741767,0.7242919,0.6897014,0,0,0,0,0,0,0,0,0,0,0,0,0
0,0,0,0,0,0,0,0,0,0,0,0.6711069,0.7250943,0.7348751,0.7278086,0.7867297,1,0.9983682,0.8897682,0.7690227,0,0.7224705,0.7306136,0.7158075,0.7854409,0.7986155,0.6787255,0,0,0,0,0,0,0,0,0,0,0,0,0,0,0,0,0,0,0,0,0.6349108,0.9510337,1,0.8522559,0.8164261,0.765459,0.6378475,0,0,0,0,0,0,0,0,0,0,0,0
0,0,0,0,0,0,0,0,0,0,0,0,0,0,0,0.8061416,1,0.9828597,0.8535459,0.8974969,0.8759544,0.801099,0.7532839,0.7022861,0.7300264,0,0.7215852,0.7466949,0.7517529,0.7290236,0,0,0,0,0,0,0,0,0,0,0,0,0,0,0,0,0,0,0.942499,1,0.8858228,0.7026705,0.8122377,0.774124,0,0,0,0,0,0.683393,0.6760803,0.6803252,0,0,0,0
0,0,0,0,0,0,0,0,0,0,0,0,0,0,0,0.8714501,1,0.9885265,0.8047597,0.7683942,0,0.8216714,0.8751402,0.8455506,0.827152,0,0.7494696,0.7692877,0.7403253,0,0,0,0,0,0,0,0,0,0,0,0,0,0,0,0,0,0.7079344,0.751047,0.948267,1,0.9009547,0.6876814,0.7455389,0,0.7709813,0.7819858,0.7632097,0.7376182,0,0.7086931,0.7503133,0.7185856,0.6824526,0,0,0
0,0,0,0,0,0,0,0,0.6387548,0.6506306,0.7309005,0.7542835,0.7569672,0.7909759,0.8290601,0.8810441,1,0.985438,0.7830017,0.8101518,0.7946538,0.8039002,0.757569,0.7253677,0.7674111,0.7182194,0.7222201,0.7250493,0,0.6505241,0.6613548,0.6472337,0,0,0,0,0,0,0,0,0,0,0,0,0,0,0,0.6238925,0.9340779,1,0.897568,0.6729467,0.6716267,0,0,0,0.7237983,0.7242342,0.7253578,0.6998071,0.6487951,0.7029452,0.6731451,0.624957,0,0
0,0,0,0,0,0,0,0,0,0.7065369,0.7833743,0.7962267,0.8090981,0.79245,0.7074611,0.8685018,1,0.9913636,0.7873017,0.7767975,0.7413663,0.6623448,0,0.7151716,0.7814992,0.7468122,0.6141136,0.6488848,0,0,0,0,0,0,0,0,0,0,0,0,0,0.64306,0.736111,0.7089304,0.6564853,0.6123719,0.6407272,0.6321292,0.9398689,1,0.8630784,0.7419777,0.6969294,0.6866859,0.7405874,0.7823957,0.7661358,0.7054004,0.6198287,0,0,0,0,0,0,0
0,0,0,0,0,0,0,0,0,0,0,0.7078857,0.6581176,0.7825796,0.8775473,0.9362637,1,0.9625301,0.7261109,0.748149,0.7339196,0,0,0,0,0,0,0,0,0,0,0,0,0,0,0,0,0,0,0,0,0.6518006,0.7444156,0.7745964,0.7473846,0.6537616,0.6180931,0.6470367,0.9293296,1,0.9023703,0.7526357,0.7194209,0,0.6631168,0.6298093,0,0,0,0,0,0,0,0,0,0
0,0,0,0,0,0,0,0,0,0,0,0,0,0.714818,0,0.8290536,1,0.9752004,0.7686834,0,0,0,0,0,0,0,0,0,0,0,0,0,0,0,0,0,0,0,0,0,0,0,0,0,0,0,0.7052461,0.7321365,0.942945,1,0.881288,0.6532415,0.6534972,0,0,0,0,0,0,0,0,0,0,0,0,0
0,0,0,0,0,0,0,0,0,0,0,0,0,0,0,0.7985717,0.9904463,1,0.9046841,0.8485312,0.7308336,0,0,0,0,0,0,0,0,0,0,0,0,0,0,0,0,0,0,0,0,0,0,0,0,0,0.6489514,0.7372969,0.9242933,1,0.9022136,0.7791285,0.6914791,0,0,0,0,0,0,0,0,0,0,0,0,0
0,0,0,0,0,0,0,0,0,0,0,0,0,0,0,0.7932451,1,0.9885625,0.842357,0.7568327,0.8432571,0,0,0,0,0,0,0,0,0,0,0,0,0,0,0,0,0,0,0,0,0,0,0,0,0,0.7400354,0.8175414,0.9579382,1,0.8987271,0.8616377,0.8451556,0.7680595,0,0,0,0,0,0,0,0,0,0,0,0
