GestureName: triangle
Duration(ms): 1128
Handedness: right

SpeakerAngles: 2
55
-55

InterpretedPoints: 24
-1.6134145682232,2.25945008585449
0,0
2.4201218523348,-1.69458756439087
4.03353642055799,-5.08376269317261
0.806707284111599,-10.7323879078088
-0.806707284111598,-12.9918379936633
-0.806707284111599,-10.7323879078088
-4.03353642055799,-6.21348773609986
-3.22682913644639,-4.51890017170899
-3.2268291364464,-1.12972504292725
-3.2268291364464,1.12972504292725
-3.2268291364464,1.12972504292725
-8.87378012522759,0.564862521463624
-0.806707284111599,-3.95403765024536
-0.806707284111599,-2.82431260731812
-1.6134145682232,2.25945008585449
-2.4201218523348,5.08376269317261
1.6134145682232,10.1675253863452
0.806707284111598,12.9918379936633
0.806707284111598,12.9918379936633
4.03353642055799,10.7323879078088
5.64695098878119,7.34321277902711
4.03353642055799,2.82431260731812
1.6134145682232,1.12972504292725

StrokePoints: 25
177.666666666667,130.277777777778
179.28008123489,128.018327691923
179.28008123489,128.018327691923
176.859959382555,129.712915256314
172.826422961997,134.796677949487
172.019715677885,145.529065857296
172.826422961997,158.520903850959
173.633130246109,169.253291758768
177.666666666667,175.466779494868
180.893495803113,179.985679666577
184.120324939559,181.115404709504
187.347154076006,179.985679666577
190.573983212452,178.855954623649
199.44776333768,178.291092102186
200.254470621791,182.245129752431
201.061177905903,185.069442359749
202.674592474126,182.809992273895
205.094714326461,177.726229580722
203.481299758238,167.558704194377
202.674592474126,154.566866200714
201.867885190015,141.57502820705
197.834348769457,130.842640299241
192.187397780675,123.499427520214
188.153861360117,120.675114912896
186.540446791894,119.545389869969

Velocities: 24
1,3
0,0
0,-3
-2,-7
-9,-10
-12,-11
-10,-9
-8,-3
-6,-2
-3,1
-1,3
-1,3
-5,6
-4,-3
-3,-2
1,3
3,6
10,8
12,11
12,11
12,7
10,3
5,0
2,0

InverseVelocities: 24
0,0
0,0
0,0
1,0
0,0
0,0
1,0
0,0
0,0
0,0
0,0
0,0
0,-3
0,0
0,0
0,0
0,0
0,0
0,0
0,0
0,-3
0,-1
0,0
0,0

RawData: 24
0,0,0,0,0,0,0,0,0,0,0,0,0,0,0.6804229,0.8403575,1,0.9934208,0.8602677,0.7878635,0.7548206,0,0,0,0,0,0,0,0,0,0,0,0,0,0,0,0,0,0,0,0,0,0,0,0,0,0,0,0.9342176,1,0.9042253,0.8228919,0.6979281,0.6860009,0.671098,0.6620041,0,0,0,0,0,0,0,0,0,0
0,0,0,0,0,0,0,0,0,0,0,0,0,0,0,0.8717263,1,0.9653838,0.8839626,0.8139829,0,0,0,0,0,0,0,0,0,0,0,0,0,0,0,0,0,0,0,0,0,0,0,0,0,0,0.7105876,0.7868916,0.939375,1,0.9247191,0.8036109,0.7404024,0,0,0,0,0,0,0,0,0,0,0,0,0
0,0,0,0,0,0,0,0,0,0,0,0,0,0,0,0.7427992,0.9839338,1,0.9483978,0.8426952,0,0,0,0,0,0,0,0,0,0,0,0,0,0,0,0,0,0,0,0,0,0,0,0.6762893,0.7365007,0.7898425,0.8578014,0.891618,0.9314019,1,0.890443,0.7484199,0.6671345,0,0,0,0,0,0,0,0,0,0,0,0,0
0,0,0,0,0,0,0,0,0,0,0,0.7287297,0.7706859,0.8236074,0.7410496,0.8888803,1,0.9752252,0.8509486,0.8130001,0.7216849,0,0,0,0,0,0,0,0,0,0,0,0,0,0,0,0,0,0,0.6504687,0.7758011,0.8190004,0.7129353,0.8195361,0.807493,0.7919028,0.8107774,0.714043,0.9518962,1,0.8917865,0.6567636,0,0,0,0,0,0,0,0,0,0,0,0,0,0
0,0,0,0,0.7237635,0.7560267,0.7693139,0.7628782,0.8751612,0.9049013,0.919075,0.8719324,0.9099641,0.8831441,0.8708659,0.9382661,0.9860262,1,0.8123888,0.7726774,0,0,0,0,0,0,0,0,0,0,0,0,0,0,0,0,0.6778179,0.7713666,0.7930298,0.7903024,0.8205252,0.8597196,0.8041297,0.7064455,0.7038259,0,0,0,0.9502478,1,0.8861771,0.6572329,0,0,0,0,0,0,0,0,0,0,0,0,0,0
0.6913441,0.6756038,0,0,0,0.8374079,0.8905462,0.9546016,0.9963625,1,0.9449412,0.7917591,0.7660174,0.7819037,0,0.7924446,0.9562424,0.9500356,0.7675773,0,0,0,0,0,0,0,0,0,0,0,0,0,0,0,0,0.6337758,0.7602402,0.8110702,0.8250923,0.8102304,0.7664037,0,0.674204,0,0,0.642237,0.7241319,0.7413372,0.9418848,1,0.8911937,0,0,0,0,0,0,0,0,0,0,0,0,0,0,0
0,0,0,0.7953286,0.9337913,0.9820324,0.9437363,0,0.7362789,0.788615,0.8045838,0.8244846,0,0.7498128,0.6661744,0.759006,1,0.9960009,0.6688609,0.7129702,0.7290595,0,0,0,0,0,0,0,0,0,0,0,0,0,0,0,0,0.7280151,0.7946986,0.7752555,0.6378639,0.7297395,0.6643226,0.6425779,0,0,0.663864,0,0.9359615,1,0.8804653,0,0,0,0,0,0,0,0,0,0,0,0,0,0,0
0,0,0,0,0,0.8293285,0.8423825,0,0.8739573,0.9085879,0.8963174,0,0,0,0,0.8875021,1,0.9793628,0,0,0,0,0,0,0,0,0,0,0,0,0,0,0,0,0,0,0,0,0,0,0,0,0,0.7797933,0.7636493,0.762978,0,0,0.9581327,1,0.9039499,0,0,0,0,0,0,0,0,0,0,0,0,0,0,0
0,0,0,0,0,0,0,0.7627475,0.8686577,0.930887,0.9549789,0.9219133,0.8544818,0.7787587,0.6698987,0.8348544,1,0.9671351,0,0,0,0,0,0,0,0,0,0,0,0,0,0,0,0,0,0,0,0,0,0,0,0,0,0,0.642463,0.6697451,0.7439689,0.7527645,0.92973,1,0.8933902,0,0,0,0,0,0,0,0,0,0,0,0,0,0,0
0,0,0,0,0,0,0,0,0,0,0.7566577,0.8321958,0.9065362,0.9129068,0.8361407,0.8303395,1,0.9959193,0.7625485,0,0,0,0,0,0,0,0,0,0,0,0,0,0,0,0,0,0,0,0,0,0,0,0,0,0,0,0.6753249,0.7079487,0.9239277,1,0.8978194,0.6514279,0.6625808,0.5833128,0,0,0,0,0,0,0,0,0,0,0,0
0,0,0,0,0,0,0,0,0,0,0,0,0.7531323,0.8248947,0,0.7703715,0.9974543,1,0.8690335,0.7807809,0,0,0,0,0,0,0,0,0,0,0,0,0,0,0,0,0,0,0,0,0,0,0,0,0,0,0.6414054,0.729926,0.9490674,1,0.8972512,0.7686311,0.775831,0.7484485,0.7483059,0.7014709,0,0,0,0,0,0,0,0,0,0
0,0,0,0,0,0,0,0,0,0,0,0,0.6973335,0.8267332,0.8362501,0.8881268,1,0.962461,0.7328667,0,0,0,0,0,0,0,0,0,0,0,0,0,0,0,0,0,0,0,0,0,0,0,0,0,0,0,0,0.7114775,0.9467251,1,0.8407539,0.7313833,0.6428393,0.6508452,0.6895894,0.6763993,0,0,0,0,0,0,0,0,0,0
0,0,0,0,0,0,0,0,0.7916982,0.8409654,0.8469917,0.8757678,0.8635204,0.7944953,0.894486,0.929561,1,0.9642422,0.6981184,0,0,0,0,0,0,0,0,0,0,0,0,0,0,0,0,0,0,0,0,0,0,0,0,0.6210577,0.5692104,0.5858701,0.633106,0.7573674,0.9434186,1,0.8988851,0,0.6126915,0,0,0,0,0.5839897,0.6099301,0,0,0,0,0,0,0
0,0,0,0,0,0,0,0,0,0.7774463,0.7394912,0.7977626,0.7663382,0.7329226,0.8101339,0.7833735,1,0.9669212,0.6946098,0,0,0,0,0,0,0,0,0,0,0,0,0,0,0,0,0,0,0,0,0,0,0,0,0.6267439,0.6898953,0.6763884,0.638429,0.6859466,0.9347287,1,0.8951948,0,0,0,0,0,0,0,0,0,0,0,0,0,0,0
0,0,0,0,0,0,0,0,0,0,0.6222122,0.6222899,0.6950366,0.7193506,0.7110946,0.7522935,0.996281,1,0.7462839,0.5988861,0,0,0,0,0,0,0,0,0,0,0,0,0,0,0,0,0,0,0,0,0,0,0,0,0.5831947,0.6350724,0.6131747,0.7251655,0.9441767,1,0.8831725,0,0,0,0,0,0,0,0,0,0,0,0,0,0,0
0,0,0,0,0,0,0,0,0,0,0,0,0,0,0,0.8086525,1,0.9934362,0.8728096,0.8242965,0.6957268,0,0,0,0,0,0,0,0,0,0,0,0,0,0,0,0,0,0,0,0,0,0,0,0,0,0,0,0.9449236,1,0.8586537,0.7794916,0.7598377,0.7315571,0.6516083,0.599413,0,0,0,0,0,0,0,0,0,0
0,0,0,0,0,0,0,0,0,0,0,0,0,0,0,0.8148879,1,0.9904962,0.8109128,0.6527023,0.752021,0.740407,0.6944207,0,0,0,0,0,0,0,0,0,0,0,0,0,0,0,0,0,0,0,0,0,0,0,0,0.5582401,0.939979,1,0.8728611,0.6783211,0.6578538,0.7653719,0.799393,0.7374302,0.7253243,0.6675746,0.6150708,0,0,0,0,0,0,0
0,0,0,0,0,0,0,0,0,0,0,0,0,0,0,0.8072819,1,0.9985282,0.8161644,0,0,0.7093364,0,0,0,0,0,0,0.762839,0.7503045,0,0,0,0,0,0,0,0,0,0,0,0,0,0,0,0,0,0,0.9438184,1,0.8964521,0,0,0.7018498,0.6979111,0.7300271,0.7383793,0,0.7102737,0.7631976,0.7346271,0,0,0,0,0
0,0,0,0,0,0,0,0,0,0,0,0,0,0,0,0.7994046,1,0.9813015,0.6778994,0.6762735,0.686155,0.6611951,0.7685194,0.7636073,0.7130391,0,0.7609149,0.7903637,0.8128932,0.8558969,0.8749069,0.8338575,0.7618715,0,0,0,0,0,0,0,0,0,0,0,0,0,0,0,0.9380386,1,0.8801798,0.6691656,0.6344633,0.6431046,0.7168631,0.7735896,0.6901118,0,0.705326,0.7756997,0.7416208,0.8213633,0.8113115,0.7101835,0,0
0,0,0,0,0,0,0,0,0,0,0,0,0,0,0,0.8510006,1,0.9746995,0.7247176,0.7505727,0.8093119,0.7664453,0.7520733,0,0.8170021,0.848285,0.7801138,0.7999977,0.8457139,0.8125271,0.843838,0.8503563,0.8377842,0,0,0,0,0,0,0,0,0,0,0,0,0,0,0,0.9356965,1,0.9036533,0.6641619,0.7240931,0.6746421,0.7328399,0.7044591,0.7349783,0.6840258,0.7623354,0.695982,0.8050266,0.8372749,0.7804073,0.6754788,0,0
0,0,0,0,0,0,0,0,0,0,0,0,0,0.7705885,0.8047644,0.7743124,0.9906558,0.8746187,0.8900783,0.8382037,0.7936571,0.8990216,0.8653023,0,0.8515516,0.7861341,0.8877806,0.9729201,1,0.9722454,0.8970345,0.7345487,0,0,0,0,0,0,0,0,0,0,0,0.633974,0.6566303,0,0,0.7082172,0.9524194,1,0.872727,0.7987295,0.811769,0.7135702,0.7255004,0.7418231,0.7002685,0.6453805,0.6726061,0.6456936,0,0,0,0,0,0
0,0,0,0,0,0,0,0,0,0,0,0,0,0.686157,0,0.7477377,0.9704234,1,0.8715804,0.8383758,0.9066477,0.8343692,0.9333954,0.9735482,0.9696037,0.9385307,0.8798606,0.7559959,0.7073151,0.6610837,0,0,0,0,0,0,0,0,0,0,0,0,0,0,0,0.6311133,0.6810496,0.6644524,0.93793,1,0.8791381,0.6141729,0.6721631,0.6914841,0.6061251,0.6345794,0,0,0,0,0,0,0,0,0,0
0,0,0,0,0,0,0,0,0,0,0,0,0,0,0.7725689,0.8891778,1,0.9375736,0.928646,0.9514427,0.9434449,0.8289165,0.745841,0.7703128,0.7282944,0,0,0,0,0,0,0,0,0,0,0,0,0,0,0,0,0,0,0,0,0,0,0.7530757,0.9428023,1,0.8838853,0,0,0,0,0,0,0,0,0,0,0,0,0,0,0
0,0,0,0,0,0,0,0,0,0,0,0,0,0,0,0.7897138,0.9486097,0.9101014,1,0.9473011,0.8338081,0.6677982,0,0,0,0,0,0,0,0,0,0,0,0,0,0,0,0,0,0,0,0,0,0,0,0,0,0.7202848,0.9509006,1,0.8784081,0,0,0,0,0,0,0,0,0,0,0,0,0,0,0
