GestureName: triangle
Duration(ms): 1034
Handedness: right

SpeakerAngles: 2
55
-55

InterpretedPoints: 22
0,2.25945008585449
2.4201218523348,2.82431260731812
8.87378012522759,-3.95403765024536
0.806707284111598,-12.9918379936633
0,-13.556700515127
0,-12.4269754721997
0,-9.03780034341798
-2.4201218523348,-5.08376269317261
-2.4201218523348,0.564862521463624
-3.22682913644639,4.51890017170899
-4.03353642055799,5.08376269317261
-9.68048740933918,0
-1.6134145682232,-4.51890017170899
-1.6134145682232,-4.51890017170899
-2.4201218523348,2.82431260731812
0,9.03780034341798
2.4201218523348,11.8621129507361
1.6134145682232,12.4269754721997
2.4201218523348,11.8621129507361
2.4201218523348,7.34321277902711
3.22682913644639,4.51890017170899
1.6134145682232,1.12972504292725

StrokePoints: 23
177.666666666667,130.277777777778
177.666666666667,128.018327691923
175.246544814332,125.194015084605
166.372764689104,129.148052734851
165.566057404993,142.139890728514
165.566057404993,155.696591243641
165.566057404993,168.123566715841
165.566057404993,177.161367059259
167.986179257327,182.245129752431
170.406301109662,181.680267230968
173.633130246109,177.161367059259
177.666666666667,172.077604366086
187.347154076006,172.077604366086
188.960568644229,176.596504537795
190.573983212452,181.115404709504
192.994105064787,178.291092102186
192.994105064787,169.253291758768
190.573983212452,157.391178808032
188.960568644229,144.964203335832
186.540446791894,133.102090385096
184.120324939559,125.758877606069
180.893495803113,121.23997743436
179.28008123489,120.110252391433

Velocities: 22
2,2
4,1
2,-9
-11,-12
-12,-12
-11,-11
-8,-8
-6,-3
-1,2
2,6
2,7
-6,6
-5,-3
-5,-3
1,4
8,8
12,9
12,10
12,9
8,5
6,2
2,0

InverseVelocities: 22
0,0
0,-1
-2,0
0,0
0,0
0,0
0,0
0,0
1,0
0,0
-4,0
0,0
0,0
0,0
0,0
0,0
0,0
0,0
0,0
0,-3
0,-1
0,0

RawData: 22
0,0,0,0,0,0,0,0,0,0,0,0,0,0,0,0.7917573,0.9917179,1,0.8311523,0.8486156,0.7852229,0.7991456,0,0,0,0,0,0,0,0,0,0,0,0,0,0,0,0,0,0,0,0,0,0,0,0,0,0,0.937595,1,0.8810459,0.7786129,0.7181107,0.7301883,0.7082819,0,0,0,0,0,0,0,0,0,0,0
0,0,0,0,0,0,0,0,0,0,0,0,0,0,0.7557845,0.8681046,1,0.9995474,0.9338011,0.9057683,0.7646903,0,0.7453734,0.7200027,0,0,0,0,0,0,0,0,0,0,0,0,0,0,0,0,0,0,0,0,0,0.719043,0.7733561,0.8345704,0.9594302,1,0.9094905,0.787216,0.7853404,0.7108585,0,0,0,0,0,0,0,0,0,0,0,0
0,0,0,0,0,0,0,0,0,0,0,0.5741495,0.7737113,0.8747348,0.9401268,0.9854427,1,0.6593391,0.9193143,0.8777854,0.7754837,0.6635055,0,0,0,0,0,0,0,0,0,0,0,0,0,0,0,0.5925404,0.6474013,0.6384173,0.6674563,0.7830124,0.825852,0.8221207,0.7947231,0.7878422,0.8040065,0.8411902,0.9471347,1,0.8890333,0.6473548,0.5527469,0,0,0,0,0,0,0,0,0,0,0,0,0
0,0,0.7237483,0.7652859,0,0.8497084,0.9090192,0.8684012,0.9451759,1,0.999295,0.9178051,0.9260204,0.9734918,0.9374954,0.9928215,0.7850389,0.9927463,0.8766671,0,0,0,0,0,0,0,0,0,0,0,0,0,0,0.6128221,0.59357,0.639545,0.6795788,0.7833542,0.7858619,0.7180818,0.7652735,0.757055,0.7654492,0.7311769,0.6240812,0.6818534,0.7071245,0,0.9355124,1,0.8758258,0.6842506,0.6254417,0,0,0,0,0,0,0,0,0,0,0,0,0
0,0.7692313,0.8371444,0.8938286,0.9511603,0.9707264,0.9407604,1,0.9544756,0.9417213,0.9381993,0.9288583,0.9084414,0.8348247,0,0.7683447,0.957205,0.9093916,0.7671477,0.7670116,0,0,0,0,0,0,0,0,0,0,0,0,0,0,0.6992917,0,0.7489307,0.7830071,0.7553756,0.695314,0.7186437,0,0,0,0.7374088,0.6995795,0.754908,0,0.9519113,1,0.8958393,0,0,0,0,0,0,0,0,0,0,0,0,0,0,0
0,0,0.8531992,0.923342,0.9747996,1,0.7399336,0.9505867,0.7980925,0.8251812,0.8638652,0.779154,0,0,0.7342325,0.8579656,0.9395283,0.9222051,0.7215883,0,0,0,0,0,0,0,0,0,0,0,0,0,0,0,0,0.6265744,0.6836258,0.721285,0.7544597,0.7534561,0.7347923,0.6086788,0.7112427,0.6861502,0.6303669,0,0.6419542,0.6521916,0.9448571,1,0.8866221,0,0,0,0,0,0,0,0,0,0,0,0,0,0,0
0,0,0,0,0,0.8268611,0.9320136,0.9613654,0.9159802,0.9151068,0.9462767,0.8337014,0.8035645,0,0.8560547,0.87551,0.996914,1,0.8160137,0,0,0,0,0,0,0,0,0,0,0,0,0,0,0,0,0,0,0,0.7081339,0.7195363,0.749183,0.775876,0.7852238,0.8248692,0.8017288,0,0.6687067,0.7334641,0.9466758,1,0.9043454,0,0,0,0,0,0,0,0,0,0,0,0,0,0,0
0,0,0,0,0,0,0,0.7103407,0.7315629,0.8347579,0.8894042,0.9375061,0.963379,0.9540819,0.9220742,0.8152747,1,0.9841235,0.7691184,0,0,0,0,0,0,0,0,0,0,0,0,0,0,0,0,0,0,0,0,0,0,0,0,0.6668136,0.7237513,0.7295219,0.6938291,0.7418507,0.9419556,1,0.8962853,0,0,0,0,0,0,0,0,0,0,0,0,0,0,0
0,0,0,0,0,0,0,0,0,0,0,0,0.7869925,0.8797411,0.9050336,0.8956973,0.9925364,1,0.89302,0.839307,0.7071669,0,0,0,0,0,0,0,0,0,0,0,0,0,0,0,0,0,0,0,0,0,0,0,0,0,0,0.6772022,0.9410429,1,0.9012805,0.6920167,0.7302473,0.759666,0.6852382,0,0,0,0,0,0,0,0,0,0,0
0,0,0,0,0,0,0,0,0,0,0,0,0,0.8046222,0.8504648,0.9035623,1,0.9482819,0.9206099,0.9091544,0.8462597,0.7920612,0,0,0,0,0,0,0,0,0,0,0,0,0,0,0,0,0,0,0,0,0,0,0,0,0,0,0.94688,1,0.9092398,0,0,0.7764023,0.7941884,0.7958632,0.8165357,0.7879476,0.7283632,0,0,0,0,0,0,0
0,0,0,0,0,0,0,0,0,0.7529221,0.7856604,0.7686015,0.7889173,0.8725739,0.8473556,0.8351365,1,0.9557292,0.8503163,0.8078704,0.82645,0.7787932,0,0,0,0,0,0,0,0,0,0,0,0,0,0,0,0,0,0,0,0,0,0,0,0,0,0,0.9477959,1,0.904264,0.7734934,0.7329143,0.7784181,0,0.7779477,0.7977582,0.7578155,0.712024,0.7267583,0,0,0,0,0,0
0,0,0,0,0,0,0,0.7548821,0.820014,0.8116575,0.8414509,0.8249025,0,0.6868384,0.7616464,0.8587232,1,0.9819143,0.7883272,0.6712579,0,0,0,0,0,0,0,0,0,0,0,0,0,0,0,0,0,0,0,0,0,0,0,0,0,0,0.6945723,0.7335196,0.956742,1,0.8708456,0.7338662,0.7444877,0.7695427,0.7010252,0,0,0.5855275,0.6003549,0,0,0,0,0,0,0
0,0,0,0,0,0,0,0,0.7658076,0.7776746,0.7928283,0.8311614,0.6862937,0.7060123,0,0.759351,0.9961931,1,0.8198937,0.6825361,0,0,0,0,0,0,0,0,0,0,0,0,0,0,0,0,0,0,0,0,0,0,0,0.6768142,0.7865536,0.8202766,0.8197148,0.8163366,0.9283859,1,0.8846293,0.7142808,0,0,0,0,0,0,0,0,0,0,0,0,0,0
0,0,0,0,0,0,0,0,0.6148897,0.6218778,0.6648387,0.6426283,0.7466056,0.7865897,0.7860471,0.8315426,1,0.9985313,0.7881598,0.6187904,0,0,0,0,0,0,0,0,0,0,0,0,0,0,0,0,0,0,0,0,0,0,0,0.5900456,0.6328151,0.6346431,0.6261861,0.5886062,0.9475489,1,0.8752781,0.6205565,0,0,0,0,0,0,0,0,0,0,0,0,0,0
0,0,0,0,0,0,0,0,0,0,0,0,0,0,0,0.8101913,1,0.9869785,0.661859,0.7339452,0.6319324,0,0,0,0,0,0,0,0,0,0,0,0,0,0,0,0,0,0,0,0,0,0,0,0,0,0,0,0.9375196,1,0.8910618,0.7071373,0,0.6095929,0.6784642,0.6631008,0.6035045,0,0,0,0,0,0,0,0,0
0,0,0,0,0,0,0,0,0,0,0,0,0,0,0,0.8163332,1,0.9924733,0.8131022,0.7510533,0,0.706779,0.7442518,0,0.6809231,0.7176827,0.7395696,0.6938105,0,0,0,0,0,0,0,0,0,0,0,0,0,0,0,0,0,0,0,0.6829779,0.9481151,1,0.8868002,0.7110061,0,0.6901842,0.7930102,0.8276072,0.8059968,0.7773566,0.751254,0.7085634,0.6451098,0,0,0,0,0
0,0,0,0,0,0,0,0,0,0,0,0,0,0,0,0.8098922,1,0.9729354,0,0.6234982,0.6583162,0.6742275,0.7742437,0.6744809,0.7723884,0.7927704,0.8131756,0.7062203,0.7545449,0.8182959,0.7576998,0.6233926,0,0,0,0,0,0,0,0,0,0,0,0,0,0,0,0.6484085,0.9402991,1,0.8822116,0,0.6387293,0.6455259,0.7053954,0.7029335,0.7200581,0.7200928,0.6948816,0.8088996,0.8131885,0.6878749,0,0,0,0
0,0,0,0,0,0,0,0,0,0,0,0,0,0,0,0.8224291,1,0.9712741,0,0,0.7727738,0.8257513,0.8081795,0.7630837,0.8347311,0.8342063,0.7421173,0.6678472,0.7825647,0,0.8896572,0.8286715,0,0,0,0,0,0,0,0,0,0,0,0,0,0,0,0.6524817,0.9389752,1,0.8984848,0.7084369,0.6492343,0.7062214,0.7283386,0.6835321,0.6220255,0.717872,0,0.826322,0.8618846,0.7767468,0.6209117,0,0,0
0,0,0,0,0,0,0,0,0,0,0,0,0,0,0,0.8158421,1,0.9892105,0.7605118,0.641116,0.7866087,0.7757669,0.7097152,0.795135,0.7657049,0.6593284,0.7561589,0.8269699,0.843859,0.8765787,0.8378673,0.7232928,0,0,0,0,0,0,0,0,0,0,0,0,0,0,0,0.5539489,0.9289467,1,0.8980765,0.597545,0.7647966,0.7098507,0.6910678,0.7741894,0.7550191,0.5829123,0.739937,0.744701,0.6990796,0.5895742,0,0,0,0
0,0,0,0,0,0,0,0,0,0,0,0,0,0,0.6756045,0.8005488,1,0.9849419,0.8284627,0.7453176,0.7827972,0.9035199,0.8132313,0.9200505,0.9153374,0.9156944,0.8498759,0.6576056,0,0,0,0,0,0,0,0,0,0,0,0,0,0,0,0.5979586,0.6196747,0.6589753,0.708681,0.7281377,0.9397217,1,0.8559664,0.8132876,0.6842206,0.7113408,0.7143941,0.6961374,0.6861697,0.6024829,0,0,0,0,0,0,0,0
0,0,0,0,0,0,0,0,0,0,0,0,0,0,0.6530994,0.7576931,0.9732643,0.9719282,0.8325506,0.8863223,0.9742511,1,0.9794714,0.9331578,0.838465,0.696005,0,0,0,0,0,0,0,0,0,0,0,0,0,0,0,0,0,0,0,0.6181361,0.6244507,0.7075306,0.9449338,1,0.8703125,0.7378544,0,0.6160121,0.5758738,0,0,0,0,0,0,0,0,0,0,0
0,0,0,0,0,0,0,0,0,0,0,0,0,0,0,0.8517466,1,0.9569234,0.9727307,0.969179,0.8159324,0.793797,0,0,0,0,0,0,0,0,0,0,0,0,0,0,0,0,0,0,0,0,0,0,0,0,0,0.7801239,0.9591426,1,0.8801792,0.7237358,0,0,0,0,0,0,0,0,0,0,0,0,0,0
