GestureName: w
Duration(ms): 1128
Handedness: right

SpeakerAngles: 2
55
-55

InterpretedPoints: 24
0,0
0,0
0,0
0.806707284111599,0.564862521463624
0.806707284111599,0.564862521463624
4.03353642055799,2.82431260731812
0.806707284111599,8.47293782195435
-1.6134145682232,6.77835025756348
0.806707284111599,3.95403765024536
0,1.12972504292725
-1.6134145682232,-1.12972504292725
-0.806707284111599,-1.69458756439087
0,-1.12972504292725
0,-1.12972504292725
0.806707284111599,0.564862521463624
3.2268291364464,2.25945008585449
0.806707284111599,5.08376269317261
0,5.64862521463624
0,4.51890017170899
-1.6134145682232,-1.12972504292725
0.806707284111599,-0.564862521463624
0.806707284111599,-9.6026628648816
-0.806707284111599,-10.7323879078088
-1.6134145682232,-10.1675253863452

StrokePoints: 25
177.666666666667,130.277777777778
177.666666666667,130.277777777778
177.666666666667,130.277777777778
177.666666666667,130.277777777778
176.859959382555,129.712915256314
176.053252098443,129.148052734851
172.019715677885,126.323740127532
171.213008393774,117.850802305578
172.826422961997,111.072452048015
172.019715677885,107.118414397769
172.019715677885,105.988689354842
173.633130246109,107.118414397769
174.43983753022,108.81300196216
174.43983753022,109.942727005087
174.43983753022,111.072452048015
173.633130246109,110.507589526551
170.406301109662,108.248139440696
169.599593825551,103.164376747524
169.599593825551,97.5157515328876
169.599593825551,92.9968513611786
171.213008393774,94.1265764041059
170.406301109662,94.6914389255695
169.599593825551,104.294101790451
170.406301109662,115.02648969826
172.019715677885,125.194015084605

Velocities: 24
0,0
0,0
0,0
1,0
1,0
5,0
8,7
5,7
4,3
1,1
-2,0
-2,-1
-1,-1
-1,-1
1,0
4,0
5,4
5,5
4,4
-2,0
0,-1
-8,-9
-10,-9
-10,-8

InverseVelocities: 24
0,0
0,0
0,0
0,0
0,0
0,0
0,0
0,0
-1,0
-2,0
0,0
0,0
0,0
0,1
0,0
0,0
0,0
0,0
-2,0
0,0
0,0
0,0
2,0
3,0

RawData: 24
0,0,0,0,0,0,0,0,0,0,0,0,0,0,0.7114856,0.8465332,1,0.9634053,0.8287533,0.7190301,0,0,0,0,0,0,0,0,0,0,0,0,0,0,0,0,0,0,0,0,0,0,0,0,0,0,0,0.6830125,0.9559019,1,0.8606318,0,0,0,0,0,0,0,0,0,0,0,0,0,0,0
0,0,0,0,0,0,0,0,0,0,0,0,0,0,0,0.8231322,1,0.9908256,0.825629,0.6050255,0,0,0,0,0,0,0,0,0,0,0,0,0,0,0,0,0,0,0,0,0,0,0,0,0,0,0,0.634747,0.9296426,1,0.8796301,0.5737728,0,0,0,0,0,0,0,0,0,0,0,0,0,0
0,0,0,0,0,0,0,0,0,0,0,0,0,0,0,0.805113,0.997263,1,0.8644006,0.7528551,0,0,0,0,0,0,0,0,0,0,0,0,0,0,0,0,0,0,0,0,0,0,0,0,0,0,0,0.7199615,0.9464123,1,0.8839983,0,0,0,0,0,0,0,0,0,0,0,0,0,0,0
0,0,0,0,0,0,0,0,0,0,0,0,0,0,0,0.828721,1,0.9497808,0.8862471,0.747363,0.6431379,0,0,0,0,0,0,0,0,0,0,0,0,0,0,0,0,0,0,0,0,0,0,0,0,0,0,0.7061577,0.9268562,1,0.8740018,0.6732605,0,0,0,0,0,0,0,0,0,0,0,0,0,0
0,0,0,0,0,0,0,0,0,0,0,0,0,0,0,0.8093893,1,0.9924121,0.8460796,0.6674213,0.6612179,0,0,0,0,0,0,0,0,0,0,0,0,0,0,0,0,0,0,0,0,0,0,0,0,0,0.6680923,0.7256157,0.9490986,1,0.8566544,0.6783538,0,0,0,0,0,0,0,0,0,0,0,0,0,0
0,0,0,0,0,0,0,0,0,0,0,0,0,0,0,0.7549501,0.9983535,1,0.8607055,0.7810277,0,0,0,0.6820592,0.6404044,0,0,0,0,0,0,0,0,0,0,0,0,0,0,0,0,0,0,0,0,0,0,0.7403582,0.9311979,1,0.8854126,0.6476259,0.7016613,0,0,0,0,0,0,0,0,0,0,0,0,0
0,0,0,0,0,0,0,0,0,0,0,0,0,0,0,0.7962349,1,0.9787093,0.7940816,0.7827657,0.7786781,0.6792998,0.8019137,0.8194891,0.7838306,0.7163786,0.7084793,0.652316,0,0,0,0,0,0,0,0,0,0,0,0,0,0,0,0,0,0,0,0.6263191,0.9486554,1,0.8581288,0.7146398,0.716776,0.660186,0.6379317,0.7126766,0,0,0.5975789,0.6069791,0,0,0,0,0,0
0,0,0,0,0,0,0,0,0,0,0,0,0,0,0.6700805,0.8447288,1,0.9841236,0.7729259,0.7040536,0.7418813,0.7691287,0.7886142,0.7726561,0.6982304,0,0,0,0,0,0,0,0,0,0,0,0,0,0,0,0,0,0,0,0,0,0,0.6667181,0.9484814,1,0.8881688,0,0.6255571,0.672009,0.7025421,0.7583934,0.6314143,0,0.6342005,0.6171736,0,0,0,0,0,0
0,0,0,0,0,0,0,0,0,0,0,0,0.6148127,0.6565533,0.6922253,0.7989998,1,0.9859378,0.7021161,0.803734,0.7447004,0.7537053,0.730721,0.5839791,0,0,0,0,0,0,0,0,0,0,0,0,0,0,0,0,0,0,0,0,0,0,0.5456175,0.5296504,0.9382874,1,0.8713726,0.6304982,0.6083154,0.7391537,0.728009,0.6894529,0,0,0,0,0,0,0,0,0,0
0,0,0,0,0,0,0,0,0,0,0,0.672088,0.6918407,0.7866645,0.7974845,0.8286061,1,0.980925,0,0.7963184,0.6940907,0,0,0,0,0,0,0,0,0,0,0,0,0,0,0,0,0,0,0,0,0,0,0,0,0,0,0,0.9334044,1,0.8799406,0,0.6680143,0.6302214,0,0,0,0,0,0,0,0,0,0,0,0
0,0,0,0,0,0,0,0,0,0,0,0.8347508,0.8156673,0.7382739,0.8328576,0.8143603,1,0.9771312,0.7919846,0.7052068,0,0,0,0,0,0,0,0,0,0,0,0,0,0,0,0,0,0,0,0,0,0,0,0,0,0,0.6744521,0.663734,0.9152054,1,0.9008849,0.6619133,0,0,0,0,0,0,0,0,0,0,0,0,0,0
0,0,0,0,0,0,0,0,0,0,0,0.7287974,0.8497824,0.8844637,0.8202577,0.85852,1,0.9816427,0.7145861,0,0,0,0,0,0,0,0,0,0,0,0,0,0,0,0,0,0,0,0,0,0,0,0,0,0,0.6939226,0.8003175,0.798928,0.9461845,1,0.8728354,0.7291936,0,0,0,0,0,0,0,0,0,0,0,0,0,0
0,0,0,0,0,0,0,0,0,0,0,0,0.7605176,0.8110608,0.8140085,0.8681799,1,0.9902322,0.8272294,0,0,0,0,0,0,0,0,0,0,0,0,0,0,0,0,0,0,0,0,0,0,0,0,0,0,0.7896363,0.8198121,0.8390225,0.9425427,1,0.8909644,0,0,0,0,0,0,0,0,0,0,0,0,0,0,0
0,0,0,0,0,0,0,0,0,0,0,0,0.6457344,0.6276014,0.744274,0.7759742,1,0.9999399,0.7932906,0,0,0,0,0,0,0,0,0,0,0,0,0,0,0,0,0,0,0,0,0,0,0,0,0,0,0.5775358,0.6695244,0.7711044,0.9535705,1,0.8842313,0.575884,0.5742912,0.6114889,0,0,0,0,0,0,0,0,0,0,0,0
0,0,0,0,0,0,0,0,0,0,0,0,0,0,0,0.8258836,1,0.9782996,0.8199913,0.7690322,0.626928,0,0,0,0,0,0,0,0,0,0,0,0,0,0,0,0,0,0,0,0,0,0,0,0,0,0,0.6295702,0.9347346,1,0.9152173,0.7106791,0,0,0,0,0,0,0,0,0,0,0,0,0,0
0,0,0,0,0,0,0,0,0,0,0,0,0,0,0,0.7987283,1,0.9823722,0.8182629,0.8166648,0.7647827,0.7748582,0.713003,0.7121405,0,0,0,0,0,0,0,0,0,0,0,0,0,0,0,0,0,0,0,0,0,0,0,0,0.9390293,1,0.8853728,0.8086262,0.7581738,0,0,0,0,0,0,0,0,0,0,0,0,0
0,0,0,0,0,0,0,0,0,0,0,0,0,0,0,0.835022,1,0.9862609,0.7692921,0.7496054,0.7635098,0.7465994,0.759314,0.7122188,0.6694736,0,0,0,0,0,0,0,0,0,0,0,0,0,0,0,0,0,0,0,0,0,0,0.6507441,0.9416239,1,0.894785,0.6735657,0.7780833,0.7867728,0.7012785,0.7501927,0.7166561,0,0,0,0,0,0,0,0,0
0,0,0,0,0,0,0,0,0,0,0,0,0,0,0,0.8257508,1,0.9950131,0.7870972,0.7571902,0,0.8038614,0.8099512,0.7107148,0.6726016,0,0,0,0,0,0,0,0,0,0,0,0,0,0,0,0,0,0,0,0,0,0,0,0.9414151,1,0.8800927,0.663413,0,0,0.7582012,0.708753,0.6494342,0.6629923,0,0,0,0,0,0,0,0
0,0,0,0,0,0,0,0,0,0,0,0.6130841,0.6758321,0,0.6302822,0.8190183,1,0.9688179,0.640826,0.7400061,0.6623629,0,0.6106901,0.6354133,0,0,0,0,0,0,0,0,0,0,0,0,0,0,0,0,0,0,0,0,0,0,0.593016,0.581164,0.9338019,1,0.8862197,0.6824521,0.6743383,0.7304878,0.712422,0.6372929,0.5906405,0,0,0,0,0,0,0,0,0
0,0,0,0,0,0,0,0,0,0,0,0.7511915,0.8368283,0.8603193,0.8692219,0.896413,1,0.9730985,0.8060592,0,0,0,0,0,0,0,0,0,0,0,0,0,0,0,0,0,0,0,0,0,0,0,0,0,0,0,0,0.7233786,0.955914,1,0.8789924,0,0,0,0,0,0,0,0,0,0,0,0,0,0,0
0,0,0,0,0,0,0,0,0,0,0,0,0,0,0,0.8553119,1,0.9861894,0.8141762,0,0,0,0,0,0,0,0,0,0,0,0,0,0,0,0,0,0,0,0,0,0,0,0,0,0,0.7758998,0.7791761,0,0.9404915,1,0.8990261,0,0,0,0,0,0,0,0,0,0,0,0,0,0,0
0,0,0,0,0,0.7084585,0.7303659,0.7292503,0,0.7652855,0.7789319,0.7104144,0,0,0,0.7664078,1,0.9882522,0.7518867,0,0,0,0,0,0,0,0,0,0,0,0,0,0,0,0,0,0,0.622076,0.6759437,0.6384043,0.6640898,0.7310939,0.7620593,0.6502113,0.6812785,0,0.6639102,0.6866751,0.945985,1,0.8668934,0.7118416,0.674773,0,0,0,0,0,0,0,0,0,0,0,0,0
0,0,0,0.677138,0.6850252,0,0,0,0.698553,0.7133423,0.7193783,0.7654482,0.7394748,0,0.6498215,0.8622175,1,0.9792346,0.7504326,0.6736537,0.6558346,0.6700199,0,0,0,0,0,0,0,0,0,0,0,0,0,0,0,0.6583651,0,0.7166147,0.7797776,0.7698582,0.7310908,0.6949185,0.6738777,0.6544672,0.6658411,0.705111,0.9439812,1,0.9025602,0.6794499,0,0,0,0,0,0,0,0,0,0,0,0,0,0
0,0,0,0.5915249,0.646953,0.6331689,0,0,0.7395806,0.6966441,0.7299713,0.7216815,0.7944748,0.68565,0.6754476,0.7351869,1,0.9940686,0.727547,0.6525273,0.6468522,0.6109111,0.5935676,0,0,0,0,0,0,0,0,0,0,0,0,0,0,0,0.6349638,0.6476932,0.6282501,0.6582946,0.7610876,0.688862,0.6734781,0,0,0.6179791,0.9371177,1,0.8913445,0,0,0,0,0,0,0,0,0,0,0,0,0,0,0
