GestureName: w
Duration(ms): 1128
Handedness: right

SpeakerAngles: 2
55
-55

InterpretedPoints: 24
0.806707284111599,0.564862521463624
1.6134145682232,0
0,0
2.4201218523348,1.69458756439087
1.6134145682232,3.38917512878174
2.4201218523348,5.08376269317261
2.4201218523348,5.08376269317261
0.806707284111599,8.47293782195435
-2.4201218523348,7.34321277902711
-2.4201218523348,6.21348773609986
-1.6134145682232,5.64862521463624
-1.6134145682232,3.38917512878174
-0.806707284111599,-2.82431260731812
-0.806707284111599,-3.95403765024536
-0.806707284111599,-1.69458756439087
0,0
0,3.38917512878174
-1.6134145682232,4.51890017170899
-0.806707284111599,-1.69458756439087
-0.806707284111599,-5.08376269317261
-2.4201218523348,-5.08376269317261
1.6134145682232,-6.77835025756348
-1.6134145682232,-6.77835025756348
-0.806707284111599,-7.34321277902711

StrokePoints: 25
177.666666666667,130.277777777778
176.859959382555,129.712915256314
175.246544814332,129.712915256314
175.246544814332,129.712915256314
172.826422961997,128.018327691923
171.213008393774,124.629152563142
168.792886541439,119.545389869969
166.372764689104,114.461627176796
165.566057404993,105.988689354842
167.986179257327,98.6454765758149
170.406301109662,92.431988839715
172.019715677885,86.7833636250787
173.633130246109,83.394188496297
174.43983753022,86.2185011036151
175.246544814332,90.1725387538605
176.053252098443,91.8671263182514
176.053252098443,91.8671263182514
176.053252098443,88.4779511894696
177.666666666667,83.9590510177606
178.473373950778,85.6536385821515
179.28008123489,90.7374012753241
181.700203087225,95.8211639684967
180.086788519002,102.59951422606
181.700203087225,109.377864483624
182.506910371336,116.721077262651

Velocities: 24
1,0
1,-1
0,0
3,0
4,2
6,3
6,3
8,7
5,8
4,7
4,6
2,4
-3,-2
-4,-3
-2,-1
0,0
3,3
3,5
-2,-1
-5,-4
-6,-3
-5,-7
-7,-5
-7,-6

InverseVelocities: 24
0,0
0,0
0,0
0,0
0,0
0,0
0,-2
0,-2
-2,-2
0,0
-5,0
-4,-2
0,0
0,0
0,0
0,0
0,-1
-2,-3
0,0
0,0
0,0
1,0
0,0
0,0

RawData: 24
0,0,0,0,0,0,0,0,0,0,0,0,0,0,0.6888899,0.7877984,1,0.9986168,0.7919511,0.7057925,0.7340413,0,0,0,0,0,0,0,0,0,0,0,0,0,0,0,0,0,0,0,0,0,0,0,0,0,0,0.7383944,0.9308963,1,0.8871961,0,0,0,0,0,0,0,0,0,0,0,0,0,0,0
0,0,0,0,0,0,0,0,0,0,0,0,0,0,0.6843786,0.8564872,1,0.967267,0.7825071,0.7591776,0.6038714,0,0,0,0,0,0,0,0,0,0,0,0,0,0,0,0,0,0,0,0,0,0,0,0,0.5894687,0.6626943,0.7202831,0.9283013,1,0.8918632,0.6507546,0,0,0,0,0,0,0,0,0,0,0,0,0,0
0,0,0,0,0,0,0,0,0,0,0,0,0,0,0,0.8151876,1,0.9983972,0.8004123,0.6733978,0,0,0,0,0,0,0,0,0,0,0,0,0,0,0,0,0,0,0,0,0,0,0,0,0,0,0,0.6437252,0.9415453,1,0.889917,0,0,0,0,0,0,0,0,0,0,0,0,0,0,0
0,0,0,0,0,0,0,0,0,0,0,0,0,0,0,0.8235542,0.9968921,1,0.9131902,0.8212408,0.6924707,0.715,0.6652056,0,0,0,0,0,0,0,0,0,0,0,0,0,0,0,0,0,0,0,0,0,0,0,0,0,0.9380789,1,0.8974275,0.7241412,0.6607791,0,0,0,0,0,0,0,0,0,0,0,0,0
0,0,0,0,0,0,0,0,0,0,0,0,0,0,0.6442594,0.8111444,1,0.996049,0.9034824,0.7391997,0.729651,0.6776174,0.7019676,0.6427077,0,0,0,0,0,0,0,0,0,0,0,0,0,0,0,0,0,0,0,0,0,0,0,0.6271985,0.9433529,1,0.8869679,0.7447651,0.6987503,0.6592298,0.6044552,0,0,0,0,0,0,0,0,0,0,0
0,0,0,0,0,0,0,0,0,0,0,0,0,0,0,0.7967957,1,0.9794375,0.8768227,0.8978413,0.7990819,0.7316046,0.7674104,0.7731577,0.6695159,0.6555114,0,0,0,0,0,0,0,0,0,0,0,0,0,0,0,0,0,0,0,0,0,0.6251131,0.9496186,1,0.8638381,0.6522976,0,0.6515529,0.6385214,0.632048,0,0,0,0,0,0,0,0,0,0
0,0,0,0,0,0,0,0,0,0,0,0,0,0,0.7263403,0.8454481,1,0.9860188,0.8088496,0.7674676,0.8101644,0.7717448,0.7646731,0.709217,0.724336,0.6686953,0,0,0,0,0,0,0,0,0,0,0,0,0,0,0,0,0,0,0.6393989,0.6380978,0,0.6420698,0.9375198,1,0.9135544,0.7620329,0.661907,0.7267157,0.6872848,0.6449207,0,0,0,0,0,0,0,0,0,0
0,0,0,0,0,0,0,0,0,0,0,0,0,0.6087377,0.6081674,0.8306333,1,0.9764269,0.7972683,0.6737472,0.7254094,0.7055675,0.6115553,0.7426296,0.6888207,0.735806,0.6907504,0.6301436,0,0,0,0,0,0,0,0,0,0,0,0,0,0,0,0,0.5518612,0.6088307,0.5897872,0.6399499,0.9365678,1,0.8668984,0.5545696,0.7445846,0.7593778,0.7214121,0.6613179,0.7352532,0.7243412,0.6353745,0.5866835,0,0,0,0,0,0
0,0,0,0,0,0,0,0,0,0,0,0.5949944,0.6283584,0.6219997,0.6433134,0.8419638,1,0.9741334,0.7222834,0.7213106,0.7995228,0.8186596,0.7538508,0.7456678,0.7419003,0,0,0,0,0,0,0,0,0,0,0,0,0,0,0,0,0,0,0,0.6223596,0,0,0.7113459,0.9441497,1,0.8841571,0,0,0,0.6100113,0.734553,0.7139301,0.7646691,0.750634,0.7117386,0.631754,0,0,0,0,0
0,0,0,0,0,0,0,0,0,0,0,0,0,0,0,0.8176291,1,0.975524,0.6848422,0.7545116,0.7360026,0.7850605,0.8192073,0.7560912,0,0,0,0,0,0,0,0,0,0,0,0,0,0,0,0,0,0,0,0,0,0,0,0,0.931584,1,0.8814103,0.6621002,0,0.649731,0.7097889,0.728627,0.6619881,0.6971763,0.7234644,0.6507422,0,0,0,0,0,0
0,0,0,0,0,0,0,0,0.6412321,0.6926666,0.7437266,0.7236833,0.7100955,0.6601682,0,0.8196754,1,0.9954414,0.8321583,0.7261716,0.7455559,0.8232092,0.7092496,0.6726201,0,0,0,0,0,0,0,0,0,0,0,0,0,0,0,0,0,0,0,0,0,0,0.706812,0.6840243,0.9455948,1,0.8973167,0,0.6344461,0.6817904,0,0.6245407,0.7012341,0,0.6342337,0,0,0,0,0,0,0
0,0,0,0,0,0,0,0,0,0.7383162,0.6847906,0.6524836,0,0.7193063,0.7264844,0.7633146,0.99447,1,0.8404958,0.779387,0.747444,0.6863734,0,0,0,0,0,0,0,0,0,0,0,0,0,0,0,0,0,0,0,0,0,0,0.7288312,0.7938803,0.7829189,0.6603533,0.9421596,1,0.8580298,0.7413284,0.7567729,0.6919286,0.6675147,0.6485742,0.6398666,0,0,0,0,0,0,0,0,0
0,0,0,0,0,0,0,0,0,0,0.8034889,0,0.8286136,0.8544741,0.833877,0.8872727,1,0.9648604,0,0,0,0,0,0,0,0,0,0,0,0,0,0,0,0,0,0,0,0,0,0,0,0,0,0,0.7926005,0,0,0,0.9500223,1,0.9134188,0,0,0,0,0,0,0,0,0,0,0,0,0,0,0
0,0,0,0,0,0,0,0,0,0.6314924,0.724257,0.7762466,0.7563118,0.8282572,0.8698108,0.7607347,1,0.9994769,0.830074,0.6554529,0,0,0,0,0,0,0,0,0,0,0,0,0,0,0,0,0,0,0,0,0,0,0,0.6167536,0.6906006,0.7557396,0.7536311,0,0.9424505,1,0.8964515,0.617906,0,0,0,0,0,0,0,0,0,0,0,0,0,0
0,0,0,0,0,0,0,0,0,0,0,0.5894009,0.6343852,0.7016332,0.8332245,0.7418255,1,0.9657623,0.8158367,0.6777201,0,0,0,0,0,0,0,0,0,0,0,0,0,0,0,0,0,0,0,0,0,0,0,0,0,0.6216217,0.7082928,0.7563222,0.9203137,1,0.8729492,0.6519051,0,0,0,0,0,0,0,0,0,0,0,0,0,0
0,0,0,0,0,0,0,0,0,0,0,0,0,0,0.6738143,0.8859824,1,0.9939227,0.8814669,0.7071106,0,0,0,0,0,0,0,0,0,0,0,0,0,0,0,0,0,0,0,0,0,0,0,0,0,0,0,0,0.9452907,1,0.880228,0.7276604,0.6641762,0,0,0,0,0,0,0,0,0,0,0,0,0
0,0,0,0,0,0,0,0,0,0,0,0,0,0.6916831,0.7051618,0.7806022,1,0.9757302,0.8012068,0.8169493,0.7891739,0.6666253,0.6229727,0,0,0,0,0,0,0,0,0,0,0,0,0,0,0,0,0,0,0,0,0,0,0.6081672,0.6505385,0,0.9355728,1,0.9068253,0.688772,0.7227424,0.7120969,0.6534958,0.5886859,0,0,0,0,0,0,0,0,0,0
0,0,0,0,0,0,0,0,0,0,0,0.6103964,0.673432,0.750798,0.7799329,0.8572426,1,0.9693379,0.7359722,0.779578,0.7349206,0.6548135,0.598289,0,0,0,0,0,0,0,0,0,0,0,0,0,0,0,0,0,0,0,0,0.5984127,0.5607903,0,0.676483,0.686487,0.9417593,1,0.8662551,0.7303433,0.7483741,0.7475539,0.7014661,0.5812278,0.5551167,0.5547695,0,0,0,0,0,0,0,0
0,0,0,0,0,0,0,0,0,0,0,0.685966,0.7802634,0.8499292,0.8577383,0.7743717,1,0.9982076,0.814161,0.7400365,0,0,0,0,0,0,0,0,0,0,0,0,0,0,0,0,0,0,0,0,0,0,0,0,0,0.6399059,0.6247714,0.7164868,0.9338425,1,0.8996115,0.7288719,0.651951,0,0,0,0,0,0,0,0,0,0,0,0,0
0,0,0,0,0,0,0,0,0.6293526,0.6641908,0.6927079,0.7881836,0.7700187,0.6547076,0.7720518,0.7921994,1,0.9983603,0.820389,0,0,0,0,0,0,0,0,0,0,0,0,0,0,0,0,0,0,0,0,0,0,0,0.5642231,0.7112868,0.7633499,0.7603776,0.6890275,0.6869785,0.9488257,1,0.8802722,0.6071411,0,0,0,0,0,0,0,0,0,0,0,0,0,0
0,0,0,0,0,0,0,0.8457502,0.8383653,0,0,0,0,0,0,0.8343131,1,0.9828194,0,0,0,0,0,0,0,0,0,0,0,0,0,0,0,0,0,0,0,0,0,0,0,0,0,0.7957975,0.8041722,0.7731018,0,0,0.9551623,1,0.9104172,0,0,0,0,0,0,0,0,0,0,0,0,0,0,0
0,0,0,0,0,0,0,0,0.6875363,0.7223322,0.6554874,0.6510795,0.6887813,0.7111261,0.7611092,0.8125098,1,0.9863831,0.7331984,0.6268562,0.5888093,0,0,0,0,0,0,0,0,0,0,0,0,0,0,0,0,0,0,0.5989881,0.7308458,0.7372261,0.6467049,0.5896311,0,0.6234056,0.6237198,0.6241013,0.946109,1,0.8783039,0,0,0,0,0,0,0,0,0,0,0,0,0,0,0
0,0,0,0,0,0,0.7253489,0.7804911,0.7176345,0.7338727,0.7845318,0.7084566,0,0,0,0.7933123,0.9978859,1,0.7985899,0,0,0,0,0,0,0,0,0,0,0,0,0,0,0,0,0,0,0,0,0,0,0.6921821,0,0,0,0,0,0,0.9389011,1,0.8926252,0,0,0,0,0,0,0,0,0,0,0,0,0,0,0
0,0,0,0,0,0,0.6509399,0.6976238,0.7047461,0.7621174,0.7737218,0.7635992,0.7456573,0.6678288,0,0.8419191,1,0.9765616,0.7317615,0,0,0,0,0,0,0,0,0,0,0,0,0,0,0,0,0,0,0,0,0,0.6805527,0.7034271,0.6975229,0.6830155,0.632059,0,0,0,0.9397739,1,0.8874277,0.6301043,0,0,0,0,0,0,0,0,0,0,0,0,0,0
