GestureName: z
Duration(ms): 893
Handedness: right

SpeakerAngles: 2
55
-55

InterpretedPoints: 19
0,0
-3.2268291364464,6.77835025756348
0.806707284111599,1.69458756439087
0,0
0,0
0,0
0.806707284111599,0.564862521463624
2.4201218523348,2.82431260731812
1.6134145682232,4.51890017170899
4.84024370466959,1.12972504292725
6.45365827289279,0
0,-1.12972504292725
-0.806707284111599,2.82431260731812
-3.22682913644639,4.51890017170899
0,0
-8.06707284111599,-1.12972504292725
-2.4201218523348,-3.95403765024536
-0.806707284111599,-2.82431260731812
0,0

StrokePoints: 20
177.666666666667,130.277777777778
177.666666666667,130.277777777778
180.893495803113,123.499427520214
180.086788519001,121.804839955823
180.086788519001,121.804839955823
180.086788519001,121.804839955823
180.086788519001,121.804839955823
179.28008123489,121.23997743436
176.859959382555,118.415664827042
175.246544814332,113.896764655333
170.406301109662,112.767039612405
163.952642836769,112.767039612405
163.952642836769,113.896764655333
164.759350120881,111.072452048015
167.986179257327,106.553551876306
167.986179257327,106.553551876306
176.053252098443,107.683276919233
178.473373950778,111.637314569478
179.28008123489,114.461627176796
179.28008123489,114.461627176796

Velocities: 19
0,0
4,8
2,1
0,0
0,0
0,0
1,0
4,1
5,3
4,-2
4,-4
-1,-1
2,3
2,6
0,0
-6,4
-5,-2
-3,-2
0,0

InverseVelocities: 19
0,0
0,0
0,0
0,0
0,0
0,0
0,0
0,0
0,-2
-2,0
-4,0
0,0
0,0
0,0
0,0
0,-1
0,0
0,0
0,0

RawData: 19
0,0,0,0,0,0,0,0,0,0,0,0,0,0,0,0.8397189,1,0.9823002,0.8012785,0,0,0,0,0,0,0,0,0,0,0,0,0,0,0,0,0,0,0,0,0,0,0,0,0,0,0,0,0,0.9396705,1,0.9063301,0.8049009,0.7667324,0,0,0,0,0,0,0,0,0,0,0,0,0
0,0,0,0,0,0,0,0,0,0,0,0,0,0,0.6625462,0.8096572,1,0.9714303,0.8388669,0.7552422,0.6801255,0.7418177,0.7503663,0.6487294,0,0,0,0,0,0,0,0,0,0,0,0,0,0,0,0,0,0,0,0,0,0,0,0,0.9358033,1,0.9092843,0.8057941,0.760668,0.756821,0.6735596,0.6333936,0.700512,0,0.6600285,0.7074089,0.6397619,0,0,0,0,0
0,0,0,0,0,0,0,0,0,0,0,0,0,0,0,0.7687407,1,0.9997715,0.7885854,0,0,0.7223511,0,0,0,0,0,0,0,0,0,0,0,0,0,0,0,0,0,0,0,0,0,0,0,0,0,0,0.917882,1,0.8882845,0.767067,0.8041399,0.7602009,0,0,0,0,0,0,0,0,0,0,0,0
0,0,0,0,0,0,0,0,0,0,0,0,0,0,0,0.8718882,1,0.9533344,0,0,0,0,0,0,0,0,0,0,0,0,0,0,0,0,0,0,0,0,0,0,0,0,0,0,0,0,0,0,0.9348487,1,0.8760746,0.7641991,0.7277445,0,0,0,0,0,0,0,0,0,0,0,0,0
0,0,0,0,0,0,0,0,0,0,0,0,0,0,0.7413412,0.8393928,1,0.9794109,0.7302505,0,0,0,0,0,0,0,0,0,0,0,0,0,0,0,0,0,0,0,0,0,0,0,0,0,0,0,0,0,0.9275956,1,0.8566339,0,0,0,0,0,0,0,0,0,0,0,0,0,0,0
0,0,0,0,0,0,0,0,0,0,0,0,0,0,0.7025914,0.8406602,1,0.9864301,0.75496,0,0,0,0,0,0,0,0,0,0,0,0,0,0,0,0,0,0,0,0,0,0,0,0,0,0,0,0,0,0.9290154,1,0.8676337,0,0,0,0,0,0,0,0,0,0,0,0,0,0,0
0,0,0,0,0,0,0,0,0,0,0,0,0,0,0,0.7659196,0.9943699,1,0.8847753,0.8358518,0.7631227,0,0,0,0,0,0,0,0,0,0,0,0,0,0,0,0,0,0,0,0,0,0,0,0,0,0,0.6577626,0.9433278,1,0.8585446,0.6960307,0,0,0,0,0,0,0,0,0,0,0,0,0,0
0,0,0,0,0,0,0,0,0,0,0,0,0,0,0.6801051,0.8374454,1,0.9732792,0.8137329,0.735326,0.6939335,0.7395017,0.7155607,0.6740543,0,0,0,0,0,0,0,0,0,0,0,0,0,0,0,0,0,0,0,0,0,0,0,0,0.9352362,1,0.8903099,0.6163165,0.6079155,0.6187552,0,0,0,0,0,0,0,0,0,0,0,0
0,0,0,0,0,0,0,0,0,0,0,0,0,0.6592477,0.6632351,0.8506095,1,0.9874779,0.8578513,0.8178319,0.7378806,0.7670051,0.6703905,0.6061017,0.6019244,0,0,0,0,0,0,0,0,0,0,0,0,0,0,0,0,0,0,0,0.6523361,0.7072688,0.6781967,0.6895847,0.9546403,1,0.8613863,0.6852492,0.5715311,0,0.5782472,0.5656967,0,0,0,0,0,0,0,0,0,0
0,0,0,0,0,0,0,0,0,0,0,0.6706661,0.7503288,0.7751094,0.81372,0.8252575,0.9936227,1,0.8864436,0.776594,0.6543691,0.6865606,0.6849467,0.6136188,0,0,0,0,0,0,0,0,0,0,0,0,0,0,0,0,0,0,0,0,0.6522973,0.683545,0.7044261,0.7855099,0.925316,1,0.8886895,0.6677467,0.6123837,0,0,0,0,0,0,0,0,0,0,0,0,0
0,0,0,0,0,0,0,0,0,0.6227052,0.6597868,0.7392986,0,0.6976647,0.7210199,0.7433213,1,0.9782063,0.6321338,0.6945721,0.7049151,0,0,0.6113481,0,0,0,0,0,0,0,0,0,0,0,0,0,0,0,0,0,0,0.6074976,0.5664222,0.7053682,0.7707176,0.7791055,0.6509305,0.9200292,1,0.891602,0,0.5686238,0,0,0,0,0,0,0,0,0,0,0,0,0
0,0,0,0,0,0,0,0,0,0,0,0,0.6517682,0.7037247,0.7408602,0.8510216,1,0.9733961,0.7239496,0.6640208,0,0,0,0,0,0,0,0,0,0,0,0,0,0,0,0,0,0,0,0,0,0,0,0,0,0.6113976,0.6362541,0.7500767,0.9535451,1,0.8950458,0.7322792,0.6732483,0,0,0,0,0,0,0,0,0,0,0,0,0
0,0,0,0,0,0,0,0,0,0,0,0,0,0,0,0.8608412,1,0.9666438,0.8132842,0.8461342,0.7942474,0.7553825,0,0,0,0,0,0,0,0,0,0,0,0,0,0,0,0,0,0,0,0,0,0,0,0,0,0,0.9469764,1,0.8707844,0.773986,0.7957689,0.8204073,0.773422,0.6905504,0,0,0,0,0,0,0,0,0,0
0,0,0,0,0,0,0,0,0,0,0,0,0,0,0,0.8563237,1,0.9862371,0.8171929,0.8570703,0.8069503,0.7985665,0,0,0,0,0,0,0,0,0,0,0,0,0,0,0,0,0,0,0,0,0,0,0,0,0,0,0.9461007,1,0.8949841,0,0,0.803455,0.8334922,0.7573882,0,0.7265472,0.7447994,0,0,0,0,0,0,0
0,0,0,0,0,0,0,0,0,0,0,0,0,0.8266127,0.8450757,0.8439285,1,0.9761227,0,0,0,0,0,0,0,0,0,0,0,0,0,0,0,0,0,0,0,0,0,0,0,0,0,0,0,0,0,0,0.9401835,1,0.897807,0,0,0,0,0,0,0,0,0,0,0,0,0,0,0
0,0,0,0,0,0,0,0.6721277,0.7428772,0.6980659,0.7063795,0.8449134,0.8629487,0.8546571,0.8475943,0.8382823,0.9831295,1,0.82565,0.6908368,0,0,0,0,0,0,0,0,0,0,0,0,0,0,0,0,0,0,0,0,0,0,0,0,0,0.6211975,0.6507352,0.7343615,0.9496695,1,0.8699597,0.7531355,0.7153441,0.6725938,0.7033595,0.6972747,0.6255853,0,0,0,0,0,0,0,0,0
0,0,0,0,0,0,0,0,0.7786404,0.8277975,0.7696531,0.7800842,0.7012964,0.7909465,0.8240547,0.827536,1,0.9850373,0.8132818,0,0,0,0,0,0,0,0,0,0,0,0,0,0,0,0,0,0,0,0,0,0,0,0,0,0.7154458,0.7548183,0.7550377,0.7494099,0.9427602,1,0.9081146,0,0.6742703,0,0,0,0,0,0,0,0,0,0,0,0,0
0,0,0,0,0,0,0,0,0,0,0.6943772,0.7538345,0.7679135,0.7668799,0.7482985,0.7856778,1,0.982795,0.719547,0,0,0,0,0,0,0,0,0,0,0,0,0,0,0,0,0,0,0,0,0,0,0,0,0,0.561442,0.6461875,0.7225232,0.791042,0.9502732,1,0.8807393,0,0,0,0,0,0,0,0,0,0,0,0,0,0,0
0,0,0,0,0,0,0,0,0,0,0,0,0,0,0.71596,0.7875677,1,0.9933916,0.788317,0,0,0,0,0,0,0,0,0,0,0,0,0,0,0,0,0,0,0,0,0,0,0,0,0,0,0,0,0.7009122,0.9394912,1,0.9034978,0,0,0,0,0,0,0,0,0,0,0,0,0,0,0
