GestureName: zigzag
Duration(ms): 1410
Handedness: right

SpeakerAngles: 2
55
-55

InterpretedPoints: 30
4.03353642055799,7.34321277902711
1.6134145682232,12.4269754721997
0,13.556700515127
0,13.556700515127
-0.806707284111598,12.9918379936633
1.6134145682232,12.4269754721997
0,4.51890017170899
-2.4201218523348,-7.34321277902711
-1.6134145682232,-12.4269754721997
0.806707284111599,-11.8621129507361
0.806707284111599,-10.7323879078088
0.806707284111599,-9.6026628648816
-0.806707284111599,-1.69458756439087
-1.6134145682232,5.64862521463624
-1.6134145682232,10.1675253863452
0,9.03780034341798
-1.6134145682232,9.03780034341798
-0.806707284111599,7.34321277902711
-0.806707284111599,0.564862521463624
2.4201218523348,-2.82431260731812
3.2268291364464,-5.64862521463624
0,-13.556700515127
0.806707284111599,-9.6026628648816
-1.6134145682232,-6.77835025756348
-1.6134145682232,-2.25945008585449
-0.806707284111599,-2.82431260731812
1.6134145682232,-2.25945008585449
0,-2.25945008585449
-0.806707284111599,-3.95403765024536
-1.6134145682232,-3.38917512878174

StrokePoints: 31
177.666666666667,130.277777777778
173.633130246109,122.934564998751
172.019715677886,110.507589526551
172.019715677886,96.950889011424
172.019715677886,83.394188496297
172.826422961997,70.4023505026337
171.213008393774,57.975375030434
171.213008393774,53.456474858725
173.633130246109,60.7996876377521
175.246544814332,73.2266631099518
174.43983753022,85.0887760606879
173.633130246109,95.8211639684968
172.826422961997,105.423826833378
173.633130246109,107.118414397769
175.246544814332,101.469789183133
176.859959382555,91.3022637967878
176.859959382555,82.2644634533698
178.473373950778,73.2266631099518
179.28008123489,65.8834503309247
180.086788519001,65.3185878094611
177.666666666667,68.1429004167792
174.43983753022,73.7915256314155
174.43983753022,87.3482261465424
173.633130246109,96.950889011424
175.246544814332,103.729239268988
176.859959382555,105.988689354842
177.666666666667,108.81300196216
176.053252098443,111.072452048015
176.053252098443,113.331902133869
176.859959382555,117.285939784115
178.473373950778,120.675114912896

Velocities: 30
9,4
12,10
12,12
12,12
11,12
12,10
4,4
-8,-5
-12,-10
-10,-11
-9,-10
-8,-9
-2,-1
4,6
8,10
8,8
7,9
6,7
0,1
-1,-4
-3,-7
-12,-12
-8,-9
-7,-5
-3,-1
-3,-2
-1,-3
-2,-2
-4,-3
-4,-2

InverseVelocities: 30
0,0
-1,0
-1,0
0,0
0,0
0,0
-1,-1
0,0
0,0
0,0
0,0
0,0
0,0
0,0
0,0
0,0
0,-1
0,0
0,0
0,0
0,0
2,0
0,0
0,0
0,0
3,4
4,5
4,2
2,2
0,0

RawData: 30
0,0,0,0,0,0,0,0,0,0,0,0,0,0,0,0.865775,1,0.9712409,0.7905812,0.7847885,0.8124871,0.842163,0.8551455,0.771557,0.7664958,0.8583377,0.8504966,0.7979187,0.7064303,0,0,0,0,0,0,0,0,0,0,0,0,0,0,0,0,0,0,0,0.9465237,1,0.8883989,0.6582937,0.6931053,0.6578179,0,0.7140113,0.6873082,0,0,0,0,0,0,0,0,0
0,0,0,0,0,0,0,0,0,0,0,0,0.6558998,0.6669281,0,0.6976539,1,0.9973578,0.7616378,0.6879508,0.6391962,0.7700026,0.7566916,0.7316492,0.8314238,0.8153704,0.9275977,0.934464,0.7987118,0.8475851,0,0.7495713,0.7155806,0,0,0,0,0,0,0,0,0,0,0,0,0,0,0,0.932771,1,0.8895469,0.584123,0.6153731,0.6461602,0,0.6411894,0.6615245,0.6439071,0.6699191,0.7234452,0.6050707,0.6464739,0.5809203,0,0,0
0,0,0,0,0,0,0,0,0,0,0,0,0.6187068,0.5976831,0.5694624,0.8337945,1,0.9834742,0.7625967,0.6771045,0.72827,0.7288595,0,0.7445512,0.7594978,0.835215,0.8176469,0.7776087,0.8948827,0.9039676,0.8558585,0.9225256,0.9235295,0,0,0,0,0,0,0,0,0,0,0,0,0,0,0,0.92649,1,0.8771133,0.5443101,0.5431568,0.5559077,0.5935291,0.5925428,0.6862424,0.7027299,0.725892,0.705668,0.6680447,0.6092583,0.7649606,0.6849445,0.6520354,0.5987372
0,0,0,0,0,0,0,0,0,0,0,0,0,0,0,0.8748426,1,0.9917037,0.8143311,0,0.8249531,0,0,0,0,0.8215145,0.8184427,0.8129198,0.8543961,0,0,0.8877103,0.9079923,0,0,0,0,0,0,0,0,0,0,0,0,0,0,0,0.9497924,1,0.9138007,0,0,0,0,0.7658954,0.7854949,0.7680095,0.7842088,0.792963,0.7697927,0.8016716,0,0.7989173,0.8027047,0.8148831
0,0,0,0,0,0,0,0,0,0,0,0,0,0,0,0.8304492,1,0.9780495,0.7563632,0.728856,0.708542,0.8306723,0.855371,0.8670062,0.8544441,0.9033239,0.9318965,0.9152021,0.8636399,0.7583901,0.6977915,0,0,0,0,0,0,0,0,0,0,0,0,0,0,0,0,0.6920916,0.9494437,1,0.8666819,0.7676153,0.7404891,0.7799119,0.7690938,0,0.7250353,0.6830975,0.7260811,0.7979282,0.7962777,0.7795423,0.815371,0.7907416,0.7410284,0
0,0,0,0,0,0,0,0,0,0,0,0,0,0,0.6217615,0.8104597,0.996585,0.9557831,0.971486,0.9640121,0.9778044,1,0.9610397,0.8654577,0.7872777,0.6539644,0.7237622,0,0.6582143,0.6377202,0.6221664,0.654349,0.6303679,0,0,0,0,0,0,0,0,0,0,0,0,0,0,0.6232707,0.9379255,1,0.8835246,0,0.6759753,0.6076526,0.6995134,0.6604305,0.7754568,0.8010398,0.7743782,0.7680629,0.7289099,0.6441735,0.5875021,0,0,0
0,0,0,0,0,0,0,0,0,0,0,0,0.7113437,0.8290078,0.9274873,0.9927568,1,0.9615052,0.8757756,0.7844475,0.7106018,0.7272879,0.7287983,0.6613404,0,0,0,0,0,0,0,0,0,0,0,0,0,0,0,0,0,0,0,0,0,0.6482981,0.7226565,0.7993313,0.9654942,1,0.8218365,0.8256416,0.773783,0.7075341,0.6336195,0.6270198,0.6362727,0,0,0,0,0,0,0,0,0
0,0,0,0,0,0.5424552,0.5520414,0.5952867,0.5834039,0.6492204,0.8143194,0.9095062,0.9728044,1,0.9693955,0.916725,0.8912376,0.8822432,0.7691494,0.5901183,0,0,0,0,0,0,0,0,0,0,0,0,0,0,0,0,0,0,0,0,0,0.6544954,0.7702829,0.8307878,0.865301,0.8680354,0.7928011,0.8074529,0.9084503,1,0.8953151,0.5886159,0,0,0,0,0,0,0,0,0,0,0,0,0,0
0.7083163,0.7181281,0.7476206,0.7250255,0.7527654,0.6774973,0.7166553,0.8311295,0.9303114,0.9733013,0.9931774,0.9798827,0.8755043,0.8611481,0.8777795,0.8129198,1,0.9847388,0.7779011,0,0,0,0,0,0,0,0,0,0,0,0,0,0,0,0,0,0.6198279,0.6153684,0.7598301,0.8164352,0.8547323,0.8535326,0.824791,0.7816572,0.6829654,0.7110854,0.7262222,0.6908601,0.9512792,1,0.8762286,0,0,0,0,0,0,0,0,0,0,0,0,0,0,0
0,0,0,0.6825255,0,0.7801966,0.8010104,0.8009094,0.7274743,0.8608691,0.8024991,0.7435952,0.7583998,0.7079594,0.7337567,0.8673765,1,0.9619576,0.7762569,0,0,0,0,0,0,0,0,0,0,0,0,0,0,0,0,0.6346945,0.7916519,0.8590809,0.8660964,0.7767861,0.7542194,0.6999724,0.6670214,0.6604383,0,0,0,0.6757947,0.9380705,1,0.8873502,0,0,0,0,0,0,0,0,0,0,0,0,0,0,0
0,0,0,0,0.7186099,0.7184479,0.7848171,0.862277,0.7691621,0.7421743,0.7410197,0.6626949,0,0.6727017,0,0.8027505,1,0.993682,0.7928233,0,0,0,0,0,0,0,0,0,0,0,0,0,0,0,0,0,0.7599996,0.8098837,0.7642664,0.7660942,0.7261971,0.6799265,0,0,0.6542954,0.6403899,0,0.6577073,0.9396089,1,0.8736638,0,0,0,0,0,0,0,0,0,0,0,0,0,0,0
0,0,0,0,0,0.6794253,0.7434881,0.7767133,0.770781,0.7682107,0.7591033,0.7059178,0.7492221,0.7116284,0.744956,0.8228118,1,0.9799591,0.6850789,0,0,0,0,0,0,0,0,0,0,0,0,0,0,0,0,0,0,0.648352,0.683547,0.6682237,0.6725665,0,0.6677574,0.6114371,0.6920913,0.7238975,0.6699693,0.7562823,0.9429734,1,0.8829136,0,0,0,0,0,0,0,0,0,0,0,0,0,0,0
0,0,0,0,0,0,0,0,0,0,0,0.6771497,0.7563323,0.8101673,0.84852,0.8982762,1,0.9809819,0.7710441,0,0,0,0,0,0,0,0,0,0,0,0,0,0,0,0,0,0,0,0,0,0,0,0,0,0,0.6421469,0.7272907,0.758612,0.9481727,1,0.8917336,0.6794857,0.6385386,0,0,0,0,0,0,0,0,0,0,0,0,0
0,0,0,0,0,0,0,0,0,0,0,0,0,0,0,0.829959,0.9866859,1,0.8755656,0,0,0.7979081,0.7980167,0.7985303,0,0,0,0,0,0,0,0,0,0,0,0,0,0,0,0,0,0,0,0,0,0,0,0,0.9553648,1,0.8938029,0.7542334,0,0,0,0,0,0.7835446,0.7771226,0,0,0,0,0,0,0
0,0,0,0,0,0,0,0,0,0,0,0,0,0,0,0.7560529,1,0.9944631,0.7312074,0,0,0,0.8058465,0.6787937,0.7501834,0.8931059,0.8953764,0.7806341,0,0,0,0,0,0,0,0,0,0,0,0,0,0,0,0,0,0,0,0,0.9444945,1,0.8782499,0.7465429,0.7161687,0.7209998,0,0.7140403,0.747341,0.7181098,0.6440892,0.7404214,0.7748242,0.7161147,0.6186699,0,0,0
0,0,0,0,0,0,0,0,0,0,0,0,0,0.7303517,0.7772308,0.8134363,1,0.9695019,0.7658391,0.7218651,0.758315,0.7305332,0.8192601,0.8162531,0.7446737,0.8842863,0.8983614,0.7739374,0,0,0,0,0,0,0,0,0,0,0,0,0,0,0,0,0,0,0,0.7068314,0.9287441,1,0.9075177,0,0.7134243,0.7390981,0.6775243,0.690977,0.7112929,0.6636943,0,0.6879225,0.7395695,0,0,0,0,0
0,0,0,0,0,0,0,0,0,0,0,0,0,0,0,0.8644823,1,0.9728957,0.8119824,0.7610226,0.656683,0.7562524,0.8447952,0.9052155,0.8507864,0.8221081,0.6924959,0,0,0,0,0,0,0,0,0,0,0,0,0,0,0,0,0,0,0.6294727,0.6162504,0.6856667,0.9577609,1,0.8705183,0.6192585,0.6025829,0.6399108,0.6134028,0.6707492,0.6497099,0.7077662,0.673467,0.743852,0.7344834,0.6206938,0,0,0,0
0,0,0,0,0,0,0,0,0,0,0,0,0,0,0.6777102,0.8240222,1,0.9899497,0.7146353,0.8026258,0.6997706,0.865665,0.8506247,0.7873134,0.7434484,0.682219,0,0,0,0,0,0,0,0,0,0,0,0,0,0,0,0,0,0,0,0,0,0,0.9472906,1,0.884086,0.6655166,0.685791,0.7519655,0.7782552,0.7827565,0.7785177,0.7490458,0.7038433,0.6524469,0,0,0,0,0,0
0,0,0,0,0,0,0,0,0,0,0,0,0,0,0,0.8016966,0.9970843,1,0.8004121,0.8428708,0,0,0,0,0,0,0,0,0,0,0,0,0,0,0,0,0,0,0,0,0,0,0,0,0,0,0,0,0.9402813,1,0.9193873,0.8417708,0.8469085,0.8118542,0,0,0,0,0,0,0,0,0,0,0,0
0,0,0,0,0,0,0,0,0,0,0,0,0.6496348,0.7524604,0.7915156,0.7826682,1,0.9796858,0.6921176,0.6813356,0,0,0,0,0,0,0,0,0,0,0,0,0,0,0,0,0,0,0,0,0,0,0.5863306,0.6140662,0.6393049,0.6961827,0.7518939,0.7273778,0.9394608,1,0.8547893,0.6930613,0.65216,0,0,0,0,0,0,0,0,0,0,0,0,0
0,0,0,0,0,0,0,0,0,0,0.7199004,0.7899764,0.7730624,0.7703217,0.7985545,0.7497607,1,0.9696748,0.7796296,0.7462187,0,0,0,0,0,0,0,0,0,0,0,0,0,0,0,0,0,0,0,0.6371446,0.6755848,0.7557904,0.7986054,0.7863377,0.7282627,0.6391572,0.7031702,0.6917371,0.9527538,1,0.8843834,0.6251158,0.6138434,0,0,0,0,0,0,0,0,0,0,0,0,0
0,0.6029202,0.6110357,0.6237999,0.616182,0.6382932,0.8076798,0.8348683,0.8276706,0.8154464,0.7022886,0.7829868,0.7244075,0.7510511,0.7604795,0.8514774,1,0.9906835,0.7971541,0.6283713,0.6378712,0.6081542,0,0,0,0,0,0,0,0,0,0,0,0.5413674,0.5354276,0.5512011,0.546966,0.6215483,0.703142,0.7220582,0.6704237,0.6259097,0.7314814,0.6197667,0.6933928,0.7347677,0.7195593,0.6634485,0.9372283,1,0.8805018,0.6387918,0,0,0,0,0,0,0,0,0,0,0,0,0,0
0,0,0,0,0,0.6866082,0.8632804,0.8740596,0.788031,0.8762024,0.8437515,0.7126955,0.6754378,0.8346148,0.7769121,0.8494837,0.9983905,1,0.8481941,0.6751512,0,0,0,0,0,0,0,0,0,0,0,0,0,0,0,0,0,0.6554859,0.7293525,0.6993458,0,0.7740498,0.8166126,0.7183487,0.7001284,0.7175817,0.6193662,0.7234698,0.9354251,1,0.902421,0.6337257,0,0,0,0,0,0,0,0,0,0,0,0,0,0
0,0,0,0,0,0,0.699643,0.7953681,0.8350232,0.8340178,0.861072,0.8525376,0.6664362,0.7556869,0.7875758,0.8867542,1,0.944727,0.8403273,0.7152159,0,0,0,0,0,0,0,0,0,0,0,0,0,0,0,0,0,0,0,0,0,0.6061146,0.7063473,0.7599024,0.7616297,0.7391394,0.7331183,0.6960998,0.939178,1,0.8922983,0.6373129,0,0,0,0,0,0,0,0,0,0,0,0,0,0
0,0,0,0,0,0,0,0,0,0,0.7059598,0.7785462,0.8627657,0.9173657,0.9422987,0.9320676,1,0.9888423,0.8018454,0.6824839,0,0,0,0,0,0,0,0,0,0,0,0,0,0,0,0,0,0,0,0,0,0,0,0,0,0.6355481,0.6063555,0.6745296,0.9296224,1,0.9076663,0.7017946,0,0,0,0,0,0,0,0,0,0,0,0,0,0
0,0,0,0,0,0,0,0,0,0,0.6280673,0.7091529,0.6330511,0.7074916,0.8537229,0.8953672,1,0.9800184,0.758346,0.8387096,0.7529299,0.6398522,0.626842,0,0,0,0,0,0,0,0,0,0,0,0,0,0,0,0,0,0,0,0,0,0.5881388,0.6151162,0.5855531,0.6982635,0.9572659,1,0.8774197,0.7196977,0.65597,0.7630551,0.7897877,0.7274593,0.562943,0,0,0,0,0,0,0,0,0
0,0,0,0,0,0,0,0,0,0,0,0,0.6337491,0.7097881,0.7870888,0.787885,0.9983603,1,0.8484668,0.739304,0.7180356,0.8279812,0.7655606,0.6494933,0,0,0,0,0,0,0,0,0,0,0,0,0,0,0,0,0,0,0,0.5990593,0.6235729,0.7090282,0.7395018,0.6980028,0.9337047,1,0.9139641,0.7503185,0.7448018,0.7886788,0.784003,0.7506579,0.6731365,0.5791249,0,0,0,0,0,0,0,0
0,0,0,0,0,0,0,0,0,0,0,0.656091,0.6892817,0.7114174,0.7347704,0.8983602,1,0.935491,0.7436184,0.7460437,0.7159278,0.6355041,0.7323309,0.6531543,0,0,0,0,0,0,0,0,0,0,0,0,0,0,0,0,0,0,0,0,0.6215934,0.6859838,0.7297871,0.7674857,0.9554287,1,0.8937773,0.8051362,0.7884477,0.7132568,0.665665,0,0,0,0,0,0,0,0,0,0,0
0,0,0,0,0,0,0,0,0,0.6630353,0.6052896,0.7317235,0.7171145,0.6387433,0.7785851,0.8309073,1,0.9926478,0.7608006,0.6975496,0.5737042,0.633192,0,0,0,0,0,0,0,0,0,0,0,0,0,0,0,0,0,0,0,0,0,0.5892233,0.6483969,0.6698765,0.5538027,0.6490437,0.9161578,1,0.9059083,0.6412588,0.6708753,0.6286164,0.625905,0,0,0,0,0,0,0,0,0,0,0
0,0,0,0,0,0,0,0,0,0.7092634,0.688755,0.6625901,0.7151113,0.8224586,0.8165269,0.7740393,1,0.9879855,0.7687677,0,0,0,0,0,0,0,0,0,0,0,0,0,0,0,0,0,0,0,0,0,0,0,0,0,0.6369771,0,0.7182637,0.7530308,0.9424993,1,0.8894278,0.6707194,0.6558982,0,0,0,0,0,0,0,0,0,0,0,0,0
