GestureName: check
Duration(ms): 799
Handedness: right

SpeakerAngles: 2
55
-55

InterpretedPoints: 17
2.4201218523348,3.95403765024536
1.6134145682232,3.38917512878174
6.45365827289279,-1.12972504292725
-1.6134145682232,-12.4269754721997
-1.6134145682232,-9.03780034341798
0,-13.556700515127
0,-9.03780034341798
-0.806707284111599,-8.47293782195435
-2.4201218523348,-1.69458756439087
-0.806707284111599,5.08376269317261
0,10.1675253863452
0,13.556700515127
0,13.556700515127
-1.6134145682232,12.4269754721997
0,5.64862521463624
-0.806707284111599,1.69458756439087
0,0

StrokePoints: 18
177.666666666667,130.277777777778
175.246544814332,126.323740127532
173.633130246109,122.934564998751
167.179471973216,124.064290041678
168.792886541439,136.491265513878
170.406301109662,145.529065857296
170.406301109662,159.085766372423
170.406301109662,168.123566715841
171.213008393774,176.596504537795
173.633130246109,178.291092102186
174.43983753022,173.207329409013
174.43983753022,163.039804022668
174.43983753022,149.483103507541
174.43983753022,135.926402992414
176.053252098443,123.499427520214
176.053252098443,117.850802305578
176.859959382555,116.156214741187
176.859959382555,116.156214741187

Velocities: 17
5,2
4,2
3,-5
-12,-10
-9,-7
-12,-12
-8,-8
-8,-7
-3,0
4,5
9,9
12,12
12,12
10,12
5,5
1,2
0,0

InverseVelocities: 17
0,0
0,0
-6,0
0,0
0,0
0,0
0,0
0,0
1,0
0,0
0,0
0,0
-2,0
-8,-5
-6,-4
-1,-2
0,0

RawData: 17
0,0,0,0,0,0,0,0,0,0,0,0,0,0,0,0.7540293,1,0.955992,0,0.8608435,0.9296547,0.8491423,0.7856482,0.7606509,0.6745212,0,0,0,0,0,0,0,0,0,0,0,0,0,0,0,0,0,0,0,0,0,0,0,0.9400057,1,0.8841465,0.7963381,0.7587844,0.7167057,0.6550375,0,0,0,0,0,0,0,0,0,0,0
0,0,0,0,0,0,0,0,0,0,0,0,0,0,0,0.8555905,1,0.9855371,0.8488426,0.8397428,0.8217642,0.7478768,0.723281,0.7037483,0,0,0,0,0,0,0,0,0,0,0,0,0,0,0,0,0,0,0,0,0,0,0,0,0.9485456,1,0.9139737,0.7271895,0.7935634,0.7612048,0.6882575,0,0,0,0,0,0,0,0,0,0,0
0,0,0,0,0,0,0,0.5911519,0.6038914,0.65848,0.7157351,0.7703481,0.7741079,0.7922474,0.7654021,0.8204771,1,0.9891787,0.7614783,0.5251543,0,0.5211238,0.5277435,0,0,0,0,0,0,0,0,0,0,0,0,0,0,0,0,0,0,0.5311942,0.5498806,0.690459,0.6876739,0.6163408,0.7233871,0.727451,0.9217282,1,0.8901269,0.5825148,0,0,0,0,0,0,0,0,0,0,0,0,0,0
0,0.5980363,0.6047204,0.6311983,0.641053,0.6692893,0.6993533,0.625495,0.7250623,0.8043604,0.82084,0.8863757,0.9152596,0.8900989,0.8060156,0.8294368,1,0.9937874,0.813986,0.6881635,0,0,0,0,0,0,0,0,0,0,0,0,0,0,0,0,0.6031673,0.5757911,0,0,0,0.6415987,0.7517611,0.7844599,0.7472686,0.8103005,0.7552731,0.6384044,0.9437966,1,0.8954868,0,0,0,0,0,0,0,0,0,0,0,0,0,0,0
0,0,0,0,0.7605929,0.7744005,0,0,0.7858694,0.850868,0.8413896,0,0,0,0,0.8727871,1,0.9869854,0.8458422,0,0,0,0,0,0,0,0,0,0,0,0,0,0,0,0,0,0,0,0,0.7829244,0.7929586,0.8184512,0.8645162,0.847781,0,0.8079497,0.7784492,0.7317777,0.9540451,1,0.9127002,0,0,0,0,0,0,0,0,0,0,0,0,0,0,0
0.5880317,0.606885,0,0.5714669,0.5890332,0.7769409,0.7878313,0.803556,0.8073415,0.7458791,0.7106593,0.6038984,0.5757888,0,0.6762712,0.8057358,1,0.979521,0.7221536,0,0,0,0,0,0,0,0,0,0,0,0,0,0,0.5437344,0.578341,0,0,0.659103,0.6792813,0.6321979,0.6740269,0.6929317,0.8021476,0.7370661,0.6455278,0.5837133,0.5702111,0,0.9454871,1,0.8783411,0.6055665,0,0,0,0,0,0,0,0,0,0,0,0,0,0
0,0,0,0,0,0.7831871,0.8508514,0.840128,0.7177085,0.7772335,0.7366948,0.7125303,0,0.701024,0.7231534,0.8328568,1,0.9886014,0.8049861,0,0,0,0,0,0,0,0,0,0,0,0,0,0,0,0,0,0,0,0.7328712,0.7616327,0.6672094,0.7723864,0.7836612,0.7301738,0,0.640776,0.6455785,0.693864,0.9536064,1,0.9005999,0,0,0,0,0,0,0,0,0,0,0,0,0,0,0
0,0,0,0,0,0.6767901,0.7496052,0.8173093,0.832258,0.7795118,0.7485628,0.7495697,0.842328,0.7815182,0.8046737,0.8248585,1,0.9903928,0.7786127,0,0,0,0,0,0,0,0,0,0,0,0,0,0,0,0,0,0,0,0,0.6250827,0.6869981,0.746999,0.7367561,0.7338759,0.7409045,0.7035096,0.6493738,0.739314,0.9490758,1,0.898827,0,0,0,0,0,0,0,0,0,0,0,0,0,0,0
0,0,0,0,0,0,0,0,0,0,0.6128044,0.7156297,0.7841641,0.8256489,0.8134171,0.7416808,0.9945251,1,0.8341227,0.6926849,0.6097245,0,0,0,0,0,0,0,0,0,0,0,0,0,0,0,0,0,0,0,0,0,0,0,0,0,0.682453,0.7700679,0.9346476,1,0.9072724,0.6443453,0.6101083,0,0,0,0,0,0,0,0,0,0,0,0,0
0,0,0,0,0,0,0,0,0,0,0,0,0,0,0,0.8516976,1,0.9770026,0.8446305,0.8585096,0.8127935,0.7624919,0.7529577,0.6954048,0,0,0,0,0,0,0,0,0,0,0,0,0,0,0,0,0,0,0,0,0,0,0,0,0.9442855,1,0.8934639,0.742518,0.705135,0.7157923,0.7148247,0.710074,0.714247,0.6803963,0,0,0,0,0,0,0,0
0,0,0,0,0,0,0,0,0,0,0,0,0,0,0.6878359,0.8536505,1,0.985404,0.765992,0.7202138,0.7740958,0.7693366,0.7586764,0.7528134,0.749558,0.8416598,0.8100851,0.7544173,0.6971771,0,0,0,0,0,0,0,0,0,0,0,0,0,0,0,0,0,0.6522651,0.6855073,0.9502153,1,0.8977211,0,0,0.6997694,0.7239699,0.7230932,0.7261372,0.7812153,0.7877583,0.6983564,0.6850668,0.6242574,0,0,0,0
0,0,0,0,0,0,0,0,0,0,0,0,0,0,0.6552569,0.8600682,1,0.9792726,0.7191344,0.6552886,0.6864366,0.7621045,0.7982876,0.7801855,0.783501,0.8006236,0.8108699,0.7774688,0.8075789,0.715106,0.608152,0.6121022,0.6180688,0,0,0,0,0,0,0,0,0,0,0,0,0,0,0.6693953,0.947596,1,0.8967877,0.6386914,0.6526266,0,0.6138676,0.6858153,0.6005496,0.7043074,0.8006562,0.6784309,0.7036663,0.6082559,0.7184262,0.6365876,0.6102834,0.6416924
0,0,0,0,0,0,0,0,0,0,0,0.5863807,0.6279302,0.6133513,0.7241418,0.8283688,1,0.9792175,0.5815027,0.799359,0.7894641,0.7735006,0.7355878,0.7815073,0.7650311,0.7298437,0,0.5757958,0.7378295,0.6778226,0.6927218,0.622534,0.5861483,0,0,0,0,0,0,0,0,0,0,0,0,0,0,0.6383334,0.935667,1,0.8955865,0.646024,0.6774716,0.7139007,0.6959217,0.7239691,0.6404257,0.7781921,0.8396088,0.7636346,0.6672535,0.7402232,0.7363283,0.7561812,0.6996539,0.7247218
0,0,0,0,0,0.5929278,0.5933543,0,0,0.6421039,0.6256137,0.6166292,0.669186,0.7276619,0.7774631,0.8527737,1,0.9787284,0.7349006,0.767398,0.6665904,0.7198176,0.7546842,0.7258651,0.6709935,0.6235042,0.6216636,0.6356168,0.6557174,0.6419076,0,0,0,0,0,0,0,0,0,0,0,0.5812252,0.6835324,0.7026191,0.6894853,0.6474395,0.6969744,0.6593443,0.9524124,1,0.8966952,0.7362524,0.7046836,0.7382236,0.6795663,0.6975358,0.7814318,0.7315174,0.6951184,0.6732727,0.7080032,0.7255359,0.7099679,0.6270189,0.6995343,0.7145895
0,0,0,0,0,0,0,0.6443253,0.6224636,0.6912581,0.713798,0.7849405,0.8454804,0.8909206,0.9036956,0.8764843,1,0.9950829,0.7923079,0.6265985,0.6873254,0.6690771,0,0,0.6252424,0,0,0,0,0,0,0,0,0,0,0,0,0,0,0,0,0,0.6455241,0.7018926,0.6868629,0.7305307,0.7792554,0.8743582,0.9167846,1,0.9055744,0.6715569,0,0.7478083,0.7654818,0.7198352,0.6966177,0.6569629,0,0,0,0,0,0,0,0
0,0,0,0,0,0,0,0,0,0,0,0,0.608237,0.6448372,0.7304671,0.8773512,1,0.9837926,0.8078871,0.6674873,0.6216193,0,0,0,0,0,0,0,0,0,0,0,0,0,0,0,0,0,0,0,0,0,0,0,0.562474,0.5670326,0.6414444,0.7461025,0.961381,1,0.8976389,0.6588019,0.6228107,0.6230105,0.585928,0,0,0,0,0,0,0,0,0,0,0
0,0,0,0,0,0,0,0,0,0,0,0,0,0,0,0.8507862,1,0.9751412,0.7099159,0,0,0,0,0,0,0,0,0,0,0,0,0,0,0,0,0,0,0,0,0,0,0,0,0,0,0,0,0.7884962,0.9733637,1,0.8870068,0.6380472,0,0,0,0,0,0,0,0,0,0,0,0,0,0
