GestureName: double_arch
Duration(ms): 1175
Handedness: right

SpeakerAngles: 2
55
-55

InterpretedPoints: 25
1.6134145682232,6.77835025756348
0,4.51890017170899
1.6134145682232,2.25945008585449
12.100609261674,-5.08376269317261
0,-13.556700515127
1.6134145682232,-12.4269754721997
0.806707284111598,-12.9918379936633
0,-7.90807530049073
1.6134145682232,-3.38917512878174
5.64695098878119,2.82431260731812
4.84024370466959,2.25945008585449
5.64695098878119,5.08376269317261
0,1.12972504292725
-0.806707284111599,-1.69458756439087
-1.6134145682232,-6.77835025756348
0,-4.51890017170899
-0.806707284111599,-3.95403765024536
-1.6134145682232,-1.12972504292725
-4.03353642055799,0.564862521463624
-5.64695098878119,2.82431260731812
-9.68048740933919,5.64862521463624
0,13.556700515127
-3.22682913644639,11.2972504292725
-1.6134145682232,7.90807530049073
2.4201218523348,3.95403765024536

StrokePoints: 26
177.666666666667,130.277777777778
176.053252098443,123.499427520214
176.053252098443,118.980527348505
174.43983753022,116.721077262651
162.339228268546,121.804839955823
162.339228268546,135.36154047095
160.725813700323,147.78851594315
159.919106416212,160.780353936813
159.919106416212,168.688429237304
158.305691847988,172.077604366086
152.658740859207,169.253291758768
147.818497154538,166.993841672913
142.171546165756,161.910078979741
142.171546165756,160.780353936813
142.978253449868,162.474941501204
144.591668018091,169.253291758768
144.591668018091,173.772191930477
145.398375302203,177.726229580722
147.011789870426,178.855954623649
151.045326290984,178.291092102186
156.692277279765,175.466779494868
166.372764689104,169.818154280231
166.372764689104,156.261453765105
169.599593825551,144.964203335832
171.213008393774,137.056128035341
168.792886541439,133.102090385096

Velocities: 25
7,5
4,4
3,1
3,-12
-12,-12
-10,-12
-11,-12
-7,-7
-2,-4
6,-1
5,-1
8,1
1,1
-2,-1
-7,-5
-4,-4
-4,-3
-2,0
-2,3
-1,6
-1,11
12,12
8,12
6,8
5,2

InverseVelocities: 25
0,0
0,0
-1,0
-6,0
0,0
0,0
0,0
0,0
3,0
0,1
0,5
-1,0
0,0
0,0
5,1
4,1
0,0
0,0
1,0
4,0
8,-1
0,0
-1,0
-2,-2
-2,-4

RawData: 25
0,0,0,0,0,0,0,0,0,0,0,0,0,0,0,0.8466204,1,0.9842432,0.8045081,0.7970511,0.7832935,0.6592638,0.7511523,0.7551227,0.7339349,0.6924812,0.6513405,0,0,0,0,0,0,0,0,0,0,0,0,0,0,0,0,0,0,0,0,0.6360732,0.9465384,1,0.8955203,0.6812453,0.7030531,0,0.7537661,0.7939564,0.7282069,0.6419526,0,0,0,0,0,0,0,0
0,0,0,0,0,0,0,0,0,0,0,0,0,0,0,0.8251221,1,0.9890661,0.8129237,0.7541032,0.7046577,0.6999249,0.6702935,0.6485909,0,0,0,0,0,0,0,0,0,0,0,0,0,0,0,0,0,0,0,0,0,0,0,0.6397091,0.9492007,1,0.9041888,0.6771065,0.6310868,0.6554866,0.6971189,0.6572991,0.6420159,0,0,0,0,0,0,0,0,0
0,0,0,0,0,0,0,0,0,0,0,0,0.5453115,0.5707281,0.669416,0.8059948,1,0.9824542,0.7987354,0.8037088,0.6812112,0.598735,0.5368994,0,0,0,0,0,0,0,0,0,0,0,0,0,0,0,0,0,0,0,0,0,0,0,0,0.5977488,0.9473392,1,0.8826821,0.6308079,0.6346136,0.5825133,0,0,0,0,0,0,0,0,0,0,0,0
0,0,0,0,0,0,0,0.5926825,0.658926,0.6763869,0.730212,0.7834353,0.7846779,0.8217189,0.7523765,0.7909908,1,0.9998239,0.7777365,0.672361,0.6000544,0,0.5433939,0,0,0,0,0,0,0,0,0,0,0.5193316,0.5242912,0.5290847,0,0.5249351,0.6288453,0.5832482,0.5420836,0.623818,0.6927137,0.6647931,0.6362178,0.6935847,0.5973441,0.6981038,0.9271249,1,0.8977477,0.5305863,0.5775297,0,0,0,0,0,0,0,0,0,0,0,0,0
0.6421699,0.6306245,0,0,0.6943189,0.7861144,0.8159656,0.8200757,0.7511882,0.8599192,0.837676,0,0.7236095,0.7561046,0.8208033,0.8861049,1,0.994291,0.8414418,0.6140087,0,0,0,0,0,0,0,0,0,0,0,0,0,0,0.663835,0.6783296,0.7375574,0.7757416,0.8171065,0.8002513,0.6515014,0.7787144,0.8234174,0.7783709,0.7699851,0.6960842,0,0.7334271,0.9543167,1,0.892206,0.6554661,0,0,0,0,0,0,0,0,0,0,0,0,0,0
0,0,0,0.6945743,0.7961324,0.8480648,0.8553442,0.8767575,0.8585079,0.7404051,0.8739743,0.7976147,0,0.7193351,0.7213814,0.8426903,1,0.9916673,0.81613,0.6951236,0,0,0,0,0,0,0,0,0,0,0,0,0,0,0.7577147,0.8250652,0.8203914,0.780621,0.7185512,0.8302696,0.7977764,0.793957,0.8336829,0.772192,0.6726098,0.7191672,0.7802252,0.8054492,0.9555883,1,0.9020849,0,0,0,0,0,0,0,0,0,0,0,0,0,0,0
0,0,0.582984,0.5630121,0,0.6660095,0.7479933,0.8022656,0.8210053,0.7662608,0.8733577,0.8798903,0.8038319,0.7743662,0.8114859,0.8261995,1,0.9850259,0.7441521,0.6006728,0,0,0,0,0,0,0,0,0,0,0,0,0,0,0.5501204,0.6257837,0.678423,0.7213509,0.732269,0.7802371,0.7903615,0.83395,0.8385972,0.5758867,0.7374229,0.718416,0.7289869,0.7609249,0.9471925,1,0.887557,0.6022925,0,0,0,0,0,0,0,0,0,0,0,0,0,0
0,0,0,0,0,0,0.5307575,0.5911657,0.6697948,0.6152204,0.7381827,0.7950171,0.7872473,0.7884668,0.7147689,0.7971558,1,0.9894587,0.7365583,0.6100151,0,0,0,0,0,0,0,0,0,0,0,0,0,0,0,0,0,0,0,0.5065078,0,0.7090285,0.8111523,0.8437785,0.8200926,0.7380865,0.7731104,0.7008312,0.937479,1,0.8981475,0,0,0,0,0,0,0,0,0,0,0,0,0,0,0
0,0,0,0,0,0,0,0,0,0,0,0.6245642,0.5847856,0.7087602,0.693597,0.8886259,1,0.9785371,0.7503433,0.7264517,0.708353,0.6565428,0.5987693,0,0,0,0,0,0,0,0,0,0,0,0,0,0,0,0,0,0,0,0.590853,0.596262,0.6973125,0.8294403,0.8675063,0.8238174,0.9484445,1,0.8940749,0.5482482,0,0,0,0,0,0,0,0,0,0,0,0,0,0
0,0,0,0,0,0,0,0,0,0,0,0,0,0.6907367,0.8103498,0.8877385,1,0.9811217,0.7135519,0.7054169,0.7593092,0.747277,0.7525135,0.7166936,0.7137999,0.6748656,0,0,0,0,0,0,0,0,0,0,0,0,0,0,0,0,0,0,0,0.6927383,0.7647919,0.7816485,0.9468179,1,0.9000218,0.6956531,0.6953687,0.6695086,0,0,0,0,0,0,0,0,0,0,0,0
0,0,0,0,0,0,0,0,0,0,0,0,0,0.632829,0.7060555,0.845078,1,0.9809458,0.7273082,0.7696946,0.7027635,0,0,0,0.664257,0,0,0,0,0,0,0,0,0,0,0,0,0,0,0,0,0,0,0,0,0.6679031,0.7345598,0.7360426,0.9384358,1,0.9174264,0.6784405,0.716979,0.6654047,0,0.6231943,0.6404952,0.6088111,0,0,0,0,0,0,0,0
0,0,0,0,0,0,0,0,0,0,0,0,0.61844,0.6915838,0.7864916,0.8816562,1,0.9951299,0.8595644,0.7210963,0.6511038,0,0,0,0.6358325,0.6673579,0.6196765,0.5975621,0,0,0,0,0,0,0,0,0,0,0,0,0,0,0,0,0,0,0.667169,0.7150084,0.9350171,1,0.9057114,0.5701531,0.6349568,0.6584878,0,0,0,0,0,0,0,0,0,0,0,0
0,0,0,0,0,0,0,0,0,0,0,0,0,0,0.6723974,0.8361455,1,0.9825113,0.7912931,0.7328565,0.7332124,0,0,0,0,0,0,0,0,0,0,0,0,0,0,0,0,0,0,0,0,0,0,0,0,0,0,0.6681808,0.9461226,1,0.9071863,0.7104692,0.6532372,0.6169422,0,0,0,0,0,0,0,0,0,0,0,0
0,0,0,0,0,0,0,0,0,0,0,0.7035561,0.7272512,0.6922,0.7864134,0.8567042,1,0.9843333,0.8195655,0.7021443,0,0,0,0,0,0,0,0,0,0,0,0,0,0,0,0,0,0,0,0,0,0,0,0,0,0.673866,0.7214789,0.7418073,0.9586335,1,0.8880523,0.7320123,0.6580482,0,0,0,0,0,0,0,0,0,0,0,0,0
0,0,0,0,0,0,0.5778974,0.5831332,0.6585546,0.6494786,0.7372543,0.7697379,0.7225785,0.7554927,0.7616336,0.7969105,1,0.9909824,0.8019231,0.6929507,0,0,0,0.5975953,0.5597612,0,0,0,0,0,0,0,0,0,0,0,0,0,0,0,0,0.5707149,0.5563982,0.5586182,0.6730765,0.6852823,0.7441055,0.7272265,0.9355699,1,0.8916225,0.7180709,0.6331031,0.5568084,0,0,0,0,0,0,0,0,0,0,0,0
0,0,0,0,0,0,0,0,0,0.6688483,0.7642783,0.6345844,0.7735038,0.6825386,0.847876,0.8557007,1,0.9954391,0.827084,0.7321348,0.6872833,0,0,0.6406615,0,0,0,0,0,0,0,0,0,0,0,0,0,0,0,0,0,0,0.6178473,0.6157346,0.6745059,0.7402304,0.6875399,0.7640317,0.9591936,1,0.8799872,0.6848139,0,0.5900398,0,0,0,0,0,0,0,0,0,0,0,0
0,0,0,0,0,0,0,0,0,0.6670047,0.6890439,0.7962012,0.7478048,0.8461295,0.8521249,0.906975,1,0.9757777,0.7736849,0,0,0,0,0,0,0,0,0,0,0,0,0,0,0,0,0,0,0,0,0,0,0,0,0.6538638,0.6745309,0.6503896,0,0,0.9453807,1,0.9140171,0.7825004,0.6718709,0,0,0,0,0,0,0,0,0,0,0,0,0
0,0,0,0,0,0,0,0,0,0,0,0.7126304,0.8285268,0.8751124,0.8504504,0.7958316,0.9932063,1,0.8078867,0,0,0,0,0,0,0,0,0,0,0,0,0,0,0,0,0,0,0,0,0,0,0,0,0,0,0,0,0.7190737,0.9524292,1,0.8854796,0.8228173,0.7821261,0,0,0,0,0,0,0,0,0,0,0,0,0
0,0,0,0,0,0,0,0,0,0,0,0.6519251,0,0.7222801,0.8348542,0.8602955,1,0.9836704,0.7834549,0.5903385,0.6049104,0,0,0,0,0,0,0,0,0,0,0,0,0,0,0,0,0,0,0,0,0,0,0,0,0,0.5847198,0.6423059,0.9464511,1,0.9093404,0.7081485,0.8090084,0.7846153,0.7425083,0.6564158,0,0,0,0,0,0,0,0,0,0
0,0,0,0,0,0,0,0,0,0,0,0,0.6222185,0.6362916,0.7553045,0.8675734,1,0.9715714,0.8269841,0.831668,0.7947723,0.7170107,0.687817,0.6016788,0,0,0,0,0,0,0,0,0,0,0,0,0,0,0,0,0,0,0,0,0,0,0.6566916,0.725922,0.9304895,1,0.8856027,0.7208992,0.7113076,0.7697184,0.7671296,0.7451634,0.8120924,0.757365,0.6550592,0,0,0,0,0,0,0
0,0,0,0,0,0,0,0,0,0,0,0,0.6734434,0.6815377,0.7945232,0.8198621,1,0.9861115,0.7878627,0.8243476,0.889273,0.896829,0.8815976,0.7892042,0,0.6842312,0.6981521,0.6653403,0,0,0,0,0,0,0,0,0,0,0,0,0,0,0,0,0,0.6161746,0.6322153,0.7127463,0.9483672,1,0.9002407,0.7601219,0.7063943,0.7702722,0.7396421,0.7229694,0.7367394,0.771777,0.8360723,0.8134236,0.796307,0.7550042,0.6999758,0.6670316,0,0.5696923
0,0,0,0,0,0,0,0,0,0,0,0,0,0,0.6965612,0.8724501,1,0.9867312,0.8591401,0.8820534,0.8367726,0.7713848,0.8477712,0.6919081,0.7990651,0.7442453,0.8162348,0.8024785,0.7557764,0.6606454,0,0.6859376,0.6690286,0,0,0,0,0,0,0,0,0,0,0,0,0,0,0.6741731,0.9465643,1,0.9078826,0.7864623,0.724387,0.7238712,0.7421141,0.7985796,0.8047275,0.7788177,0.7821348,0.7040533,0.714658,0.8301594,0.8259395,0.7560973,0.7551569,0.7780548
0,0,0,0,0,0,0,0,0,0,0,0,0.7098354,0.7175851,0,0.845377,1,0.9981589,0.8325567,0.7592513,0.8396688,0.8543977,0.8689359,0.8379102,0.765172,0,0.7777655,0.7633154,0,0,0,0,0,0,0,0,0,0,0,0,0,0,0,0,0,0,0.6849629,0.7430583,0.9524749,1,0.9130772,0.7097743,0.7751254,0.7775956,0.7301845,0.6712744,0.7298155,0.7818668,0.7455588,0.7365376,0.7559007,0,0.727092,0.7161894,0.671316,0
0,0,0,0,0,0,0,0,0,0,0,0.6115294,0.701511,0.7683738,0.7195584,0.858944,1,0.980871,0.7170328,0,0,0.7162943,0.719743,0,0.6182185,0.6427925,0,0,0,0,0,0,0,0,0,0,0,0,0,0,0,0,0,0,0.6762096,0.7192384,0.6746507,0.667528,0.9411609,1,0.8897564,0.7192421,0.6971093,0,0,0,0.5841801,0.6666945,0.6309322,0.6454959,0.5811408,0,0,0,0,0
0,0,0,0,0,0,0,0,0,0,0,0.6631902,0.7204433,0.7970354,0.7839987,0.8151363,1,0.9885424,0.7359565,0.7411911,0.7207882,0.6480046,0.6361147,0,0.598068,0,0,0,0,0,0,0,0,0,0,0,0,0,0,0,0,0,0.6435477,0.7270862,0.7750707,0.7559272,0.6226535,0.5705424,0.9441976,1,0.9008328,0.6147294,0.5520322,0.6146257,0.6080619,0,0,0,0,0,0,0,0,0,0,0
