GestureName: double_arch
Duration(ms): 1269
Handedness: right

SpeakerAngles: 2
55
-55

InterpretedPoints: 27
0.806707284111599,3.95403765024536
1.6134145682232,3.38917512878174
0.806707284111599,1.69458756439087
3.2268291364464,-1.12972504292725
0.806707284111599,-9.6026628648816
0,-13.556700515127
0,-13.556700515127
1.6134145682232,-9.03780034341798
2.4201218523348,-5.08376269317261
3.2268291364464,-3.38917512878174
-1.6134145682232,-2.25945008585449
0.806707284111599,-1.69458756439087
3.2268291364464,3.38917512878174
1.6134145682232,1.12972504292725
0.806707284111599,1.69458756439087
0,2.25945008585449
-1.6134145682232,4.51890017170899
-2.4201218523348,3.95403765024536
0,2.25945008585449
0,2.25945008585449
-4.84024370466959,2.25945008585449
-9.68048740933919,5.64862521463624
-1.6134145682232,12.4269754721997
-2.4201218523348,9.6026628648816
-2.4201218523348,8.47293782195435
-1.6134145682232,2.25945008585449
0,0

StrokePoints: 28
177.666666666667,130.277777777778
176.859959382555,126.323740127532
175.246544814332,122.934564998751
174.43983753022,121.23997743436
171.213008393774,122.369702477287
170.406301109662,131.972365342169
170.406301109662,145.529065857296
170.406301109662,159.085766372423
168.792886541439,168.123566715841
166.372764689104,173.207329409013
163.145935552658,176.596504537795
164.759350120881,178.855954623649
163.952642836769,180.55054218804
160.725813700323,177.161367059259
159.1123991321,176.031642016331
158.305691847988,174.33705445194
158.305691847988,172.077604366086
159.919106416211,167.558704194377
162.339228268546,163.604666544132
162.339228268546,161.345216458277
162.339228268546,159.085766372423
167.179471973216,156.826316286568
176.859959382555,151.177691071932
178.473373950778,138.750715599732
180.893495803113,129.148052734851
183.313617655448,120.675114912896
184.927032223671,118.415664827042
184.927032223671,118.415664827042

Velocities: 27
4,3
4,2
2,1
1,-3
-8,-9
-12,-12
-12,-12
-7,-9
-3,-6
-1,-5
-3,-1
-1,-2
5,1
2,0
2,1
2,2
3,5
2,5
2,2
2,2
-1,5
-1,11
10,12
7,10
6,9
1,3
0,0

InverseVelocities: 27
0,0
0,0
0,0
-3,0
0,1
1,1
1,0
0,0
0,0
4,1
9,2
4,2
0,0
0,0
-5,0
-4,-3
-6,-7
-11,-12
-7,-2
-7,0
0,0
5,0
0,0
0,0
-2,0
0,0
0,0

RawData: 27
0,0,0,0,0,0,0,0,0,0,0,0,0,0,0,0.8419761,1,0.9810829,0.7231508,0.7827247,0.7389388,0.775637,0.7299268,0.6608154,0,0,0,0,0,0,0,0,0,0,0,0,0,0,0,0,0,0,0,0,0,0,0,0.6326154,0.9463354,1,0.907646,0.771515,0.7966858,0.7998256,0.7138692,0.6363442,0,0,0,0,0,0,0,0,0,0
0,0,0,0,0,0,0,0,0,0,0,0,0,0,0,0.8474754,1,0.988324,0.8036352,0.6822751,0.6244022,0.6925452,0.7200445,0.6366892,0,0,0,0,0,0,0,0,0,0,0,0,0,0,0,0,0,0,0,0,0,0,0,0.6287788,0.9449279,1,0.9232846,0.8087491,0.8146993,0.733773,0.6447339,0,0,0,0,0,0,0,0,0,0,0
0,0,0,0,0,0,0,0,0,0,0,0,0,0,0,0.8416964,1,0.9801556,0.6790568,0.7909087,0.6962241,0.6137331,0,0,0,0,0,0,0,0,0,0,0,0,0,0,0,0,0,0,0,0,0,0,0,0,0,0.6393091,0.9498917,1,0.892387,0.7648414,0.7351421,0.626106,0,0,0,0,0,0,0,0,0,0,0,0
0,0,0,0,0,0,0,0,0,0,0.6182106,0.6915041,0.6591861,0.6685586,0.784931,0.7635959,1,0.9925449,0.8224135,0.7543479,0.634851,0,0,0,0,0,0,0,0,0,0,0,0,0,0,0,0,0,0,0,0,0,0,0.5876823,0.6402242,0.6859759,0.7232779,0.7362078,0.9344615,1,0.8982205,0.6247982,0.5744281,0,0,0,0,0,0,0,0,0,0,0,0,0
0,0,0,0,0,0.5729524,0.5785731,0.6428321,0.6092713,0.7115214,0.7341279,0.7573,0.7470001,0.8666239,0.8693749,0.7837995,1,0.9869064,0.7146661,0.5492295,0,0,0,0,0,0,0,0,0,0,0,0,0,0,0,0,0,0.4839148,0.5045383,0.5691394,0.6356089,0.6272582,0.6482716,0.7064734,0.7730756,0.7931779,0.636721,0.7359741,0.9523358,1,0.8718415,0.5839604,0.4893165,0.4751472,0,0,0,0,0,0,0,0,0,0,0,0
0.5936886,0.5962434,0.6332645,0.6520793,0.6571643,0.6265984,0.6792678,0.7717502,0.7275446,0.8307169,0.8489497,0.7628192,0.7758992,0.8110854,0.7717177,0.767218,1,0.9896359,0.7601581,0.5574216,0.5335461,0,0,0,0,0,0,0,0,0,0,0,0,0.5474493,0.530129,0,0.6593892,0.746331,0.797645,0.8215007,0.8003383,0.6788685,0.6309506,0.6113512,0.6802731,0.6953374,0.6937274,0.7133338,0.9457885,1,0.8870175,0.5150082,0.5097791,0.4908435,0,0,0,0,0,0,0,0,0,0,0,0
0,0.5622508,0,0.5858713,0,0,0.7131209,0.7224082,0.7836787,0.8368095,0.8103014,0.7779577,0.7936815,0.6360098,0.6937377,0.8399772,1,0.9892769,0.7794544,0,0.5299034,0,0,0,0,0,0,0,0,0,0,0,0,0.5753161,0.5302579,0,0.6691435,0.6789148,0.7217196,0.7453482,0.8343568,0.8382944,0.760134,0.6662633,0.6909508,0.6473802,0.7003568,0.7910253,0.9352427,1,0.894137,0,0,0,0,0,0,0,0,0,0,0,0,0,0,0
0,0,0,0,0,0,0.605041,0.7100716,0.7955697,0.8438642,0.8763874,0.9047138,0.859279,0.7591371,0.7977248,0.8973384,1,0.9749536,0.7502607,0,0,0,0,0,0,0,0,0,0,0,0,0,0,0,0,0,0,0.6062235,0.7201385,0.7790112,0.7866153,0.8514929,0.8172393,0.787011,0.759854,0.7576414,0.8135315,0.8158822,0.9328638,1,0.8922348,0,0,0,0,0,0,0,0,0,0,0,0,0,0,0
0,0,0,0,0,0,0,0,0,0,0.6444476,0.7011622,0.7463157,0.8449489,0.8186828,0.7873765,1,0.9914373,0.7999589,0,0,0,0,0,0,0,0,0,0,0,0,0,0,0,0,0,0,0,0,0,0.5759356,0.7265878,0.7913206,0.7889056,0.7557765,0.7247689,0.7022284,0.7374531,0.945945,1,0.8913703,0,0,0,0,0,0,0,0,0,0,0,0,0,0,0
0,0,0,0,0,0,0,0,0,0,0,0,0.6431458,0.5872221,0.7796195,0.8463986,1,0.9780351,0.7097903,0.6838322,0.685048,0.6104952,0.6235173,0.6133575,0,0,0,0,0,0,0,0,0,0,0,0,0,0,0,0,0,0.5573843,0,0.6232604,0.6721398,0.6785291,0.6594486,0.7741814,0.9260867,1,0.8923972,0.6932808,0.6392965,0.596414,0,0,0,0,0,0,0,0,0,0,0,0
0,0,0,0,0,0,0,0,0,0,0.5772485,0.5962189,0.5856116,0.6578516,0.6928538,0.8162606,1,0.9895996,0.7343696,0.768841,0.7195513,0.6819361,0.6549419,0.6654289,0.6450763,0,0,0.6310817,0.5772612,0,0,0,0,0,0,0,0,0,0,0,0,0,0,0,0,0.6202168,0.6051183,0.7927206,0.9624763,1,0.889757,0.5961034,0.6794766,0.6578594,0.612672,0,0,0,0,0,0,0,0,0,0,0
0,0,0,0,0,0,0,0,0,0,0,0,0.6113175,0.686334,0.7112531,0.8524656,1,0.9837554,0.7620462,0.7330567,0.8205853,0.7749171,0.6961477,0.7043135,0,0,0,0,0,0,0,0,0,0,0,0,0,0,0,0,0,0,0,0,0.6014549,0.6738935,0.7500159,0.6173314,0.9221448,1,0.9000924,0.7314618,0.689118,0.6088941,0.6571271,0,0,0,0,0,0,0,0,0,0,0
0,0,0,0,0,0,0,0,0,0,0,0,0,0.755557,0.8446128,0.829479,1,0.982614,0.8497429,0.8034106,0.7878715,0.7384666,0.6900362,0.7226833,0.684105,0,0,0,0,0,0,0,0,0,0,0,0,0,0,0,0,0,0,0,0,0,0.7097843,0.8267241,0.9638353,1,0.9141499,0.7263921,0.7760702,0.7234315,0,0,0,0,0,0,0,0,0,0,0,0
0,0,0,0,0,0,0,0,0,0,0,0,0,0,0.6159418,0.8236884,0.9967011,1,0.9075011,0.7425837,0.6545764,0.6495981,0,0,0,0,0,0,0,0,0,0,0,0,0,0,0,0,0,0,0,0,0,0,0,0,0,0.5704663,0.9395165,1,0.8758972,0.7757945,0,0,0,0,0,0,0,0,0,0,0,0,0,0
0,0,0,0,0,0,0,0,0.6269571,0.6288846,0,0,0.6366199,0.691496,0.6790181,0.8303406,1,0.9810236,0.8454685,0.8868492,0.8314947,0.699115,0,0,0,0,0,0,0,0,0,0,0,0,0,0,0,0,0,0,0,0,0,0,0,0,0,0,0.9422243,1,0.8932916,0.8180536,0.7637646,0.6394919,0,0,0,0,0,0,0,0,0,0,0,0
0,0,0,0,0,0,0,0,0,0.5980655,0.6675574,0.6802716,0.6193556,0.6483105,0.6248477,0.8661646,1,0.9910177,0.8213788,0.7978092,0.8426243,0.7447381,0,0,0,0,0,0,0,0,0,0,0,0,0,0,0,0,0,0,0,0,0,0.6305129,0.6282424,0.7184836,0.724595,0.7175812,0.9454492,1,0.8565954,0.7758893,0.7146092,0.661294,0.5848092,0,0,0,0,0,0,0,0,0,0,0
0,0,0,0,0,0,0,0.5672467,0.6322015,0.6401855,0.670886,0.7157676,0.5693635,0.7346103,0.739151,0.8003943,1,0.990747,0.8015375,0.7243834,0.6605031,0.5693358,0.529942,0,0,0,0,0,0,0,0,0,0,0,0,0,0,0,0,0.5644996,0.573172,0.6080521,0,0.6047535,0.6826949,0.691134,0.6728776,0.691452,0.9463333,1,0.8892301,0.7208632,0.6953554,0.634446,0.5712947,0.584305,0.5371715,0.5831413,0,0,0,0,0,0,0,0
0,0,0.4912253,0.5447675,0.5220463,0.570481,0.595049,0.6343933,0.6864677,0.7284596,0.651732,0.6100379,0.7048995,0.6501572,0.7058436,0.7858718,1,0.9871621,0.7682058,0.5636756,0.5744082,0.4984388,0,0,0,0,0,0,0,0,0,0,0,0,0.4943087,0.4965587,0,0,0,0.5046582,0,0,0.5983136,0.6092004,0.61662,0.6517362,0.6975276,0.7256323,0.9527087,1,0.837102,0.7387666,0.6856607,0.5997568,0.5675438,0.4815776,0.5018426,0.5247456,0,0,0,0,0,0,0,0
0,0,0,0,0,0,0.619522,0.6355985,0.6571202,0.6157894,0.6922929,0.6893206,0.7868896,0.794709,0.8833516,0.7700616,1,0.9890099,0.7532628,0.5755051,0,0.6257082,0,0,0,0,0,0,0,0,0,0,0,0,0,0,0,0,0,0,0,0,0,0,0.6007401,0.5848648,0.6967896,0.7390067,0.944409,1,0.9051762,0.8514533,0.7368348,0.6255966,0.5707201,0,0,0,0,0,0,0,0,0,0,0
0,0,0,0,0,0,0.5430818,0.576003,0.6063434,0.6186962,0.6114161,0.7121636,0.700976,0.7671824,0.7416214,0.8381499,1,0.9925138,0.7859035,0.5777313,0.6068173,0.5412278,0,0,0,0,0,0,0,0,0,0,0,0,0,0,0,0,0,0,0,0,0,0,0,0,0.5703804,0.7026861,0.9384316,1,0.9238901,0.6940818,0.798462,0.7338523,0.6668496,0,0,0,0,0,0,0,0,0,0,0
0,0,0,0,0,0,0,0,0,0,0,0,0.7127259,0.7123526,0.8288695,0.9109206,1,0.9865243,0.8173307,0,0,0,0,0,0,0,0,0,0,0,0,0,0,0,0,0,0,0,0,0,0,0,0,0,0,0,0.7152438,0.7905052,0.9560773,1,0.9170588,0.7959521,0.8858912,0.8928328,0.8309525,0.7826071,0.8115252,0.7406732,0,0,0,0,0,0,0,0
0,0,0,0,0,0,0,0,0,0,0,0,0.6035653,0.5961856,0.7224382,0.8756047,1,0.9832261,0.8363729,0.8509338,0.7946382,0,0.6845182,0.6888476,0.6117592,0,0,0,0,0,0,0,0,0,0,0,0,0,0,0,0,0,0,0,0,0,0,0.736577,0.9472421,1,0.8940112,0.7657383,0.8557237,0.8731008,0.7908077,0.8590425,0.8658757,0.8476544,0.8024985,0.6654378,0.5890003,0.6058808,0.626272,0.5995005,0,0
0,0,0,0,0,0,0,0,0,0,0,0,0,0,0.6492766,0.8258341,1,0.9836685,0.8156414,0.8382314,0.7225754,0.8252104,0.7987767,0.6787247,0.6116437,0,0,0,0.5905092,0.6334053,0,0,0,0,0,0,0,0,0,0,0,0,0,0,0,0,0.6262467,0.675083,0.9421622,1,0.8792682,0.7273917,0.7309796,0.8117734,0.823803,0.8111029,0.816856,0.8195006,0.7886916,0.792311,0.7259941,0.6592132,0.6506239,0.6071777,0.5835459,0.5799587
0,0,0,0,0,0,0,0,0,0,0,0,0,0,0,0.8671923,1,0.9825115,0.8187804,0.8191539,0.8235431,0.7856346,0.73265,0,0.6650907,0.6805823,0.6337906,0,0,0,0,0,0,0,0,0,0,0,0,0,0,0,0,0,0,0,0.6181469,0.7099292,0.9528614,1,0.8922854,0.7537305,0.792038,0.8289152,0.8089729,0.7551398,0.7775999,0.7331809,0.7250336,0.7927388,0.8011492,0.7381311,0.6433513,0,0,0
0,0,0,0,0,0,0,0,0,0,0,0.5896111,0.5877671,0.6774328,0.733456,0.8131018,1,0.9850556,0.843244,0.8098223,0.6128559,0.6977248,0.6692685,0,0.6118112,0.6162425,0,0,0,0,0,0,0,0,0,0,0,0,0,0,0,0,0,0,0,0,0.573218,0.6780918,0.9339256,1,0.8951969,0.7321401,0.7814453,0.7580232,0.6605904,0.7057722,0.6801939,0.7113554,0.7116501,0.6084921,0.5831152,0.5952847,0,0,0,0
0,0,0,0,0,0,0,0,0,0,0,0,0,0.641924,0.7210383,0.8743095,1,0.9833837,0.7654453,0.6668376,0.700309,0,0,0,0,0,0,0,0,0,0,0,0,0,0,0,0,0,0,0,0,0,0,0,0,0,0.6645324,0.7258264,0.9414133,1,0.8941082,0.7086627,0,0,0.6074907,0.6112732,0,0,0,0,0,0,0,0,0,0
0,0,0,0,0,0,0,0,0,0,0,0,0,0,0,0.7961694,1,0.9950587,0.78474,0.5781832,0,0,0,0,0,0,0,0,0,0,0,0,0,0,0,0,0,0,0,0,0,0,0,0,0,0,0,0.733037,0.9535375,1,0.8945121,0.5806975,0,0,0,0,0,0,0,0,0,0,0,0,0,0
