GestureName: double_arch
Duration(ms): 1175
Handedness: right

SpeakerAngles: 2
55
-55

InterpretedPoints: 25
0,2.25945008585449
1.6134145682232,6.77835025756348
-0.806707284111599,2.82431260731812
1.6134145682232,1.12972504292725
5.64695098878119,-2.82431260731812
2.4201218523348,-10.7323879078088
0,-13.556700515127
2.4201218523348,-11.8621129507361
0,-5.64862521463624
0.806707284111599,-3.95403765024536
4.03353642055799,1.69458756439087
8.87378012522759,3.95403765024536
7.26036555700439,2.82431260731812
0.806707284111599,0.564862521463623
4.03353642055799,-1.69458756439087
-3.22682913644639,-4.51890017170899
-3.22682913644639,-5.64862521463624
-6.45365827289279,-6.77835025756348
-1.6134145682232,-2.25945008585449
-6.45365827289279,1.12972504292725
-2.4201218523348,7.34321277902711
-2.4201218523348,11.8621129507361
-0.806707284111598,12.9918379936633
-1.6134145682232,12.4269754721997
-1.6134145682232,2.25945008585449

StrokePoints: 26
177.666666666667,130.277777777778
177.666666666667,128.018327691923
176.053252098443,121.23997743436
176.859959382555,118.415664827042
175.246544814332,117.285939784114
169.599593825551,120.110252391433
167.179471973216,130.842640299241
167.179471973216,144.399340814368
164.759350120881,156.261453765105
164.759350120881,161.910078979741
163.95264283677,165.864116629986
159.919106416212,164.169529065595
151.045326290984,160.21549141535
143.78496073398,157.391178808032
142.978253449868,156.826316286568
138.94471702931,158.520903850959
142.171546165756,163.039804022668
145.398375302203,168.688429237304
151.852033575096,175.466779494868
153.465448143319,177.726229580722
159.919106416211,176.596504537795
162.339228268546,169.253291758768
164.759350120881,157.391178808032
165.566057404993,144.399340814368
167.179471973216,131.972365342169
168.792886541439,129.712915256314

Velocities: 25
2,2
7,5
2,3
2,0
1,-6
-8,-11
-12,-12
-9,-12
-5,-5
-3,-4
4,-1
9,-2
7,-2
1,0
1,-4
-6,-2
-7,-3
-10,-2
-3,-1
-3,5
5,8
9,12
11,12
10,12
1,3

InverseVelocities: 25
0,0
0,0
0,0
0,0
-5,1
0,0
0,0
0,0
0,0
5,0
0,3
-2,5
-2,1
-1,0
-1,0
0,0
0,0
0,1
0,2
4,0
0,0
-1,0
-1,0
-1,-2
-4,-6

RawData: 25
0,0,0,0,0,0,0,0,0,0,0,0,0,0,0,0.8037298,1,0.9808012,0,0.6904581,0.6919202,0.7330839,0,0,0,0,0,0,0,0,0,0,0,0,0,0,0,0,0,0,0,0,0,0,0,0,0,0.6637763,0.9431285,1,0.8810932,0,0.6923226,0.6982015,0.6702109,0,0,0,0,0,0,0,0,0,0,0
0,0,0,0,0,0,0,0,0,0,0,0,0,0,0,0.8214869,1,0.9793855,0.8363648,0.784263,0.7171934,0.7041879,0.6503887,0.757473,0.7368547,0.6982086,0.6115577,0,0,0,0,0,0,0,0,0,0,0,0,0,0,0,0,0,0,0,0,0.5987465,0.9437311,1,0.8987935,0.7462307,0.7171722,0.6976573,0.748958,0.7216319,0.5700039,0.551936,0,0,0,0,0,0,0,0
0,0,0,0,0,0,0,0,0,0,0,0,0,0,0,0.8292301,0.9962653,1,0.8934236,0.7984032,0.8685796,0.829229,0,0,0,0,0,0,0,0,0,0,0,0,0,0,0,0,0,0,0,0,0,0,0,0,0,0.6897711,0.9543867,1,0.905467,0,0.7076387,0.7743951,0.7633601,0.71003,0,0,0,0,0,0,0,0,0,0
0,0,0,0,0,0,0,0,0,0,0,0,0,0,0.5971095,0.781372,1,0.9969862,0.8317948,0.7886911,0.8256122,0.6863177,0,0,0,0,0,0,0,0,0,0,0,0,0,0,0,0,0,0,0,0,0,0,0,0,0,0.573818,0.9398707,1,0.8872645,0.776625,0.7095181,0,0,0,0,0,0,0,0,0,0,0,0,0
0,0,0,0,0,0,0,0,0.6012928,0.6414095,0.5968568,0.6712919,0.7075238,0.6907584,0.6130506,0.8590975,1,0.9506449,0.7665723,0.7312305,0.6170835,0,0,0,0,0,0,0,0,0,0,0,0,0,0,0,0,0,0,0,0.5695485,0.6184269,0.676227,0.7136372,0.6832667,0.6286202,0.6931571,0.7277167,0.9378335,1,0.9093554,0,0.5642964,0.5260202,0,0,0,0,0,0,0,0,0,0,0,0
0,0,0,0,0,0.726532,0.7743457,0.816987,0.8537022,0.8574709,0.8134373,0.8285168,0.8166952,0.6957902,0.6979533,0.8583872,1,0.9821677,0.7754117,0.6973662,0,0,0,0,0,0,0,0,0,0,0,0,0,0,0,0.6393807,0.6943663,0.7359341,0.7645907,0.7588348,0.7229438,0.727873,0.7509896,0.8095164,0.782794,0.7747396,0.7919322,0.739046,0.9463953,1,0.9034081,0,0,0,0,0,0,0,0,0,0,0,0,0,0,0
0.6090286,0.6714513,0.6774047,0,0.7167586,0.7988918,0.7667632,0.7328564,0.788097,0.7717026,0.787305,0.8591963,0,0.8020962,0.798394,0.8791268,1,0.9954349,0.8459859,0.6185055,0,0,0,0,0,0,0,0,0,0,0,0,0,0,0.6379676,0.698834,0.7628259,0.8144321,0.8020059,0.7595516,0.8375301,0.8479417,0.7814317,0.6957967,0.7077803,0,0.6023703,0.6720003,0.9499425,1,0.8931907,0.6000823,0,0,0,0,0,0,0,0,0,0,0,0,0,0
0,0,0,0,0.6037278,0.6523672,0.7237339,0.7617325,0.7241557,0.8113419,0.8789857,0.9026304,0.8841348,0.8282254,0.7477371,0.8545743,1,0.9827795,0.7218695,0.6567969,0,0,0,0,0,0,0,0,0,0,0,0,0,0,0.6269443,0.6268771,0.643039,0.6523476,0.7227471,0.7757627,0.7526317,0.8558804,0.8694663,0.7970303,0.6008881,0.7585294,0.7744149,0.7027696,0.9449548,1,0.8923013,0,0,0,0,0,0,0,0,0,0,0,0,0,0,0
0,0,0,0,0,0,0,0,0.6610309,0.6755516,0.6257517,0.693597,0.8107768,0.8868425,0.9334107,0.9161004,0.9991046,1,0.7631575,0.6069072,0,0,0,0,0,0,0,0,0,0,0,0,0,0,0,0,0,0,0,0,0,0.6828395,0.7616568,0.7801219,0.834839,0.8037114,0.7831236,0.727352,0.9367033,1,0.9013853,0.5940026,0,0,0,0,0,0,0,0,0,0,0,0,0,0
0,0,0,0,0,0,0,0,0,0,0.5549463,0,0.6059929,0.7778596,0.8052209,0.8886628,1,0.9701008,0.768075,0.6627435,0.7313896,0.7418822,0.6703838,0.5377108,0.5585752,0,0,0,0,0,0,0,0,0,0,0,0,0,0,0,0,0,0.5442065,0.6434026,0.6988444,0.8308265,0.8675596,0.7892253,0.9476373,1,0.8714142,0,0,0,0,0,0,0,0,0,0,0,0,0,0,0
0,0,0,0,0,0,0,0,0,0,0,0,0,0.7864109,0.8186271,0.8742374,1,0.9877436,0.7523159,0.8179702,0.8280057,0.7525293,0.731057,0.7071946,0,0,0,0,0,0,0,0,0,0,0,0,0,0,0,0,0,0,0,0,0,0.7510206,0.6888445,0.8815168,0.954858,1,0.9127676,0.7042769,0.7080396,0.7082556,0.6670555,0.6616706,0,0,0,0,0,0,0,0,0,0
0,0,0,0,0,0,0,0,0,0,0,0.5733683,0.7108064,0.8320792,0.8145237,0.8812672,1,0.9751626,0.7420271,0.7015156,0.6914611,0.6439351,0.5952675,0,0.5955579,0.5606312,0.5971287,0.6432456,0.6134888,0,0,0,0,0,0,0,0,0,0,0,0,0,0,0,0.6213004,0.7023016,0.6224234,0.798403,0.9579204,1,0.8737621,0.7223818,0.6110747,0.5541745,0.6357011,0.6086512,0.5404525,0.5256134,0,0,0,0,0,0,0,0
0,0,0,0,0,0,0,0,0,0,0,0.5332353,0.5608637,0.7188456,0.8217654,0.8827267,1,0.9987451,0.8314723,0.6345209,0,0.5662385,0,0,0,0,0.5107682,0,0,0,0,0,0,0,0,0,0,0,0,0,0,0,0,0,0.4890338,0.5476879,0.502835,0.6756385,0.9297366,1,0.9003198,0.626424,0.5840035,0.5694346,0,0,0,0,0,0,0,0,0,0,0,0
0,0,0,0,0,0,0,0,0,0,0,0,0.596191,0.6727958,0.7076613,0.8173532,1,0.9741864,0.8177634,0.7305496,0.6116922,0,0,0,0,0,0,0,0,0,0,0,0,0,0,0,0,0,0,0,0,0,0,0,0,0,0.5987673,0.6630132,0.9427624,1,0.8892529,0.6101533,0.5312371,0,0,0,0,0,0,0,0,0,0,0,0,0
0,0,0,0,0,0,0,0,0,0,0,0,0.7372929,0.7872581,0.7339049,0.8495902,1,0.9834923,0.8461524,0.8036325,0.6892598,0,0,0,0,0,0,0,0,0,0,0,0,0,0,0,0,0,0,0,0,0,0.579698,0.6363176,0,0.6367339,0.7016987,0.6811773,0.9419628,1,0.9145886,0.7543663,0.6267946,0,0,0,0,0,0,0,0,0,0,0,0,0
0,0,0,0,0,0,0,0.6834833,0.7211156,0,0,0,0.773965,0.7939715,0.7986817,0.8559979,1,0.9952145,0.8413002,0,0,0,0,0,0,0,0,0,0,0,0,0,0,0,0,0,0,0,0,0,0,0,0,0,0.724773,0.7041532,0.7689497,0.8117551,0.9568275,1,0.8987365,0.6683713,0,0,0,0,0,0,0,0,0,0,0,0,0,0
0,0,0,0,0,0,0.6704825,0.7088525,0.627581,0.7005138,0.7401232,0.7157711,0.7717075,0.8415972,0.8285713,0.8586685,1,0.9888634,0.799547,0,0,0,0,0,0,0,0,0,0,0,0,0,0,0,0,0,0,0,0,0,0,0,0,0.6637884,0.6898587,0.669104,0.7770563,0.8045756,0.9318727,1,0.8994893,0.7567679,0.6618055,0,0,0,0,0,0,0,0,0,0,0,0,0
0,0,0,0.5262226,0.5524362,0.5386224,0,0.5496678,0.6332061,0,0.6542375,0.7095851,0.7836481,0.8329223,0.8374935,0.8140922,1,0.987125,0.7963574,0.5532758,0,0,0,0,0,0,0,0,0,0,0,0,0,0,0,0,0,0,0,0,0,0,0,0,0.5791307,0.5670002,0.6350204,0.6375268,0.9467275,1,0.8351997,0.7683048,0.5775594,0.5723501,0,0,0,0,0,0,0,0,0,0,0,0
0,0,0,0,0,0,0,0,0,0,0.6710824,0.724898,0.6900501,0.8171636,0.883347,0.877701,0.9909584,1,0.783067,0,0,0,0,0,0,0,0,0,0,0,0,0,0,0,0,0,0,0,0,0,0,0,0,0,0,0.6768101,0.6920305,0.669378,0.9509676,1,0.930432,0.8474732,0.7964663,0.7350491,0.6580651,0,0,0,0,0,0,0,0,0,0,0
0,0,0,0,0,0,0,0,0,0,0.5388655,0,0,0.6165589,0.5684477,0.8779048,1,0.9651859,0.6117193,0.7191316,0.5033275,0.5753434,0.5245686,0.5183212,0,0,0,0,0,0,0,0,0,0,0,0,0,0,0,0,0,0,0,0,0,0,0.5367956,0.6948754,0.9417471,1,0.9126452,0.7580125,0.7979686,0.7686599,0.6509687,0.7177958,0.6698548,0.5978323,0,0,0,0,0,0,0,0
0,0,0,0,0,0,0,0,0,0,0,0,0,0,0.7323142,0.8549686,1,0.9831224,0.8222609,0.812802,0.6720949,0.7822485,0.7675195,0.7462147,0.6913162,0,0,0,0,0,0,0,0,0,0,0,0,0,0,0,0,0,0,0,0,0,0,0.7534918,0.9354351,1,0.9001644,0.7802563,0.784256,0.824168,0.7761942,0.802061,0.7672698,0.846651,0.8169268,0.7314783,0.6706503,0,0,0,0,0
0,0,0,0,0,0,0,0,0,0,0,0,0.6060783,0.6430808,0.6757598,0.8392328,1,0.9874008,0.7506621,0.7745103,0.805041,0.843469,0.8484553,0.8362694,0.7833134,0.7369116,0,0.6505558,0.5896434,0,0,0,0,0,0,0,0,0,0,0,0,0,0,0,0,0,0.5899426,0.6512754,0.9426677,1,0.8589071,0.7917666,0.6805495,0.7570924,0.8188877,0.7578739,0.7155616,0.7984816,0.8314493,0.7443995,0.7439378,0.7961131,0.7653728,0.6985652,0.6833827,0.6596513
0,0,0,0,0,0,0,0,0,0,0,0,0.6029891,0.6267451,0.7072988,0.843739,1,0.9809813,0.76153,0.7599143,0.7958559,0.7773453,0.8195188,0.7911083,0.7688825,0.7673955,0.6492977,0.6729736,0.6880486,0.5782745,0.6130512,0,0,0,0,0,0,0,0,0,0,0,0,0,0,0,0,0.6967722,0.9494616,1,0.8971996,0.6948851,0.7043465,0.6424343,0.7815328,0.7767183,0.7878737,0.7322861,0.5659059,0.7343113,0.798196,0.8089828,0.7252629,0.737062,0.7577463,0.7213393
0,0,0,0,0,0,0,0,0,0,0,0,0.6306067,0.6138504,0.6882783,0.8179178,1,0.9900433,0.7617069,0.7187861,0.6359258,0.71298,0.6855494,0.635129,0.6143692,0.611886,0.6492885,0.5906779,0.594151,0.6351184,0,0,0,0,0,0,0,0,0,0,0,0,0,0,0.6185153,0.6127856,0,0.6658756,0.9480568,1,0.8944598,0.7128494,0.6698917,0.606109,0.7299946,0.7321011,0.7191683,0.7415565,0.7506508,0.7209736,0.7205279,0.6552022,0.6175321,0.6121604,0.5829212,0.579869
0,0,0,0,0,0,0,0,0,0.6845303,0.6708568,0.6722188,0.6276599,0.6713684,0.7141688,0.8128893,1,0.9867723,0.7396249,0.7340674,0.6741737,0,0,0,0,0,0,0,0,0,0,0,0,0,0,0,0,0,0,0,0.5793529,0.6118116,0.6345509,0.6365741,0.6312054,0.6661044,0.6685718,0.65736,0.941745,1,0.9087681,0.7059589,0.6870097,0.6345733,0.5808392,0.6357529,0,0,0,0,0,0,0,0,0,0
