GestureName: c
Duration(ms): 987
Handedness: right

SpeakerAngles: 5
55
-55
0
0
110

SpeakerElevations: 5
-10
-10
-10
0
30

InterpretedPoints: 21
0,0,0
0,0,0
0.813797681349374,-0.296198132726024,0.5
0,0,0
1.6134145682232,6.08414830196387,-0.868240888334652
0,0,0
0.813797681349374,-0.296198132726024,0.5
1.62759536269875,-0.592396265452048,1
0.00709039723777505,-2.7313356112624,0.32635182233307
-1.60632417098542,-6.67056662331123,1.02094453300079
-3.2268291364464,-7.21387334489112,1.21553724366851
-8.10961522454264,-7.46706904251056,-2.13175911166535
-3.26228112263527,-18.7710686334702,0.799315375671677
-2.45557383852367,-15.2213983589944,0.452019020337816
-3.26228112263527,-13.5268107946035,-0.0689255126629749
-2.44139304404812,-7.32527894671305,-0.284462756331487
0,0,0
0.806707284111599,0.564862521463624,-0.17364817766693
0,0,0
0,0,0
0,0,0

StrokePoints: 22
0,0,0
0,0,0
0,0,0
0.813797681349374,-0.296198132726024,0.5
0.813797681349374,-0.296198132726024,0.5
2.42721224957257,5.78795016923785,-0.368240888334652
2.42721224957257,5.78795016923785,-0.368240888334652
3.24100993092195,5.49175203651182,0.131759111665348
4.86860529362069,4.89935577105978,1.13175911166535
4.87569569085847,2.16802015979738,1.45811093399842
3.26937151987305,-4.50254646351386,2.47905546699921
0.0425423834266501,-11.716419808405,3.69459271066772
-8.06707284111599,-19.1834888509155,1.56283359900237
-11.3293539637513,-37.9545574843858,2.36214897467405
-13.7849278022749,-53.1759558433802,2.81416799501187
-17.0472089249102,-66.7027666379837,2.74524248234889
-19.4886019689583,-74.0280455846967,2.4607797260174
-19.4886019689583,-74.0280455846967,2.4607797260174
-18.6818946848467,-73.4631830632331,2.28713154835047
-18.6818946848467,-73.4631830632331,2.28713154835047
-18.6818946848467,-73.4631830632331,2.28713154835047
-18.6818946848467,-73.4631830632331,2.28713154835047

Velocities: 21
0,0,0
0,0,0
0,0,0
0,0,0
2,0,3
0,0,0
0,0,0
0,0,0
0,1,0
-1,2,-4
-4,0,-3
-4,0,-1
-6,-7,-6
-5,-7,-5
-4,-5,-5
-2,-2,-3
0,0,0
1,0,0
0,0,0
0,0,0
0,0,0

InverseVelocities: 21
0,0,0
0,0,0
0,0,0
0,0,0
-2,0,0
0,0,0
0,0,0
0,0,0
0,0,0
0,0,3
0,0,0
0,0,0
0,0,0
0,0,0
0,0,0
0,0,0
0,0,0
0,0,0
0,0,0
0,0,0
0,0,0

RawData: 21
0,0,0,0,0,0,0,0,0,0,0,0,0,0,0,0.9320407,1,0.8761402,0.7815384,0,0,0,0,0,0,0,0,0,0,0,0,0,0,0,0,0,0,0,0,0,0,0,0,0,0,0,0,0,0.8548852,1,0.9795985,0.8439309,0,0,0,0,0,0,0,0,0,0,0,0,0,0,0,0,0,0,0,0,0,0,0,0,0,0,0,0,0.683494,0.9404299,1,0.8961865,0,0,0,0,0,0,0,0,0,0,0,0,0,0,0,0,0,0,0,0,0,0,0,0,0,0,0,0,0,0,0.889889,1,0.9286282,0,0,0,0,0,0,0,0,0,0,0,0,0,0,0,0,0,0,0,0,0,0,0,0,0,0,0,0,0,0,0.8024294,0.9921625,1,0.8466806,0.7641064,0,0,0,0,0,0,0,0,0,0,0,0,0
0,0,0,0,0,0,0,0,0,0,0,0,0,0,0,0.9377963,1,0.8891333,0.7735734,0,0,0,0,0,0,0,0,0,0,0,0,0,0,0,0,0,0,0,0,0,0,0,0,0,0,0,0,0,0.8843949,1,0.9095658,0,0,0,0,0,0,0,0,0,0,0,0,0,0,0,0,0,0,0,0,0,0,0,0,0,0,0,0,0,0.7167601,0.9315134,1,0.8816904,0.7447219,0,0,0,0,0,0,0,0,0,0,0,0,0,0,0,0,0,0,0,0,0,0,0,0,0,0,0,0,0,0.9242676,1,0.953828,0.842603,0.7430208,0,0,0,0,0,0,0,0,0,0,0,0,0,0,0,0,0,0,0,0,0,0,0,0,0,0,0,0,0.8899111,0.9897314,1,0.8112668,0.8007196,0,0,0,0,0,0,0,0,0,0,0,0,0
0,0,0,0,0,0,0,0,0,0,0,0,0,0,0,0.9071695,1,0.9028687,0.6079478,0,0,0,0,0,0,0,0,0,0,0,0,0,0,0,0,0,0,0,0,0,0,0,0,0,0,0,0,0,0.9412549,1,0,0,0,0,0,0,0,0,0,0,0,0,0,0,0,0,0,0,0,0,0,0,0,0,0,0,0,0,0,0,0.7419592,0.9758012,1,0.7842869,0.6949038,0.6158888,0,0,0,0,0,0,0,0,0,0,0,0,0,0,0,0,0,0,0,0,0,0,0,0,0,0,0,0.7015049,0.8813604,1,0.9144216,0.8483435,0.8554326,0,0,0,0,0,0,0,0,0,0,0,0,0,0,0,0,0,0,0,0,0,0,0,0,0,0,0,0,0.8475547,0.9720486,1,0.9020247,0.7928565,0.6266158,0,0,0,0,0,0,0,0,0,0,0,0
0,0,0,0,0,0,0,0,0,0,0,0,0,0,0,0.930155,1,0.921011,0,0,0,0,0,0,0,0,0,0,0,0,0,0,0,0,0,0,0,0,0,0,0,0,0,0,0,0,0,0,0,0.9952029,1,0,0,0,0,0,0,0,0,0,0,0,0,0,0,0,0,0,0,0,0,0,0,0,0,0,0,0,0,0,0.8016582,0.9754983,1,0.8968688,0.7443513,0,0,0,0,0,0,0,0,0,0,0,0,0,0,0,0,0,0,0,0,0,0,0,0,0,0,0,0,0,0.8996977,1,0.9842008,0.8579127,0,0,0,0,0,0,0,0,0,0,0,0,0,0,0,0,0,0,0,0,0,0,0,0,0,0,0,0,0,0.8729226,1,0.9656382,0,0,0,0,0,0,0,0,0,0,0,0,0,0,0
0,0,0,0,0,0,0,0,0,0,0,0.6922109,0.6839494,0,0.705364,0.9528262,1,0.8970316,0.7151769,0,0.6958991,0.6785523,0,0,0,0,0,0,0,0,0,0,0,0,0,0,0,0,0,0,0,0,0,0,0,0,0,0,0.9168053,1,0.9356129,0,0,0,0,0,0,0,0,0,0,0,0,0,0,0,0,0,0,0,0,0,0,0,0,0,0,0,0,0,0.6868132,0.9372889,1,0.8932579,0,0,0.6731081,0.6509452,0.638359,0,0,0,0,0,0,0,0,0,0,0,0,0,0,0,0,0,0,0,0,0,0,0,0,0.7217839,0.9288231,1,0.9368837,0,0.6437788,0.6715019,0.6841947,0,0,0,0,0,0,0,0,0,0,0,0,0,0,0,0,0,0,0,0,0,0,0,0,0,0,0.8455738,0.9149098,1,0.8529601,0,0,0,0,0,0,0,0,0,0,0,0,0,0
0,0,0,0,0,0,0,0,0,0,0,0,0,0,0,0.9227588,1,0.8891871,0,0,0,0,0,0,0,0,0,0,0,0,0,0,0,0,0,0,0,0,0,0,0,0,0,0,0,0,0,0,0.9270985,1,0.8891751,0,0,0,0,0,0,0,0,0,0,0,0,0,0,0,0,0,0,0,0,0,0,0,0,0,0,0,0,0,0.6855787,0.9477852,1,0.8635534,0,0,0,0,0,0,0,0,0,0,0,0,0,0,0,0,0,0,0,0,0,0,0,0,0,0,0,0,0,0.694768,0.9162221,1,0.9473963,0.7523542,0,0,0,0,0,0,0,0,0,0,0,0,0,0,0,0,0,0,0,0,0,0,0,0,0,0,0,0,0,0.8147111,0.9766271,1,0.8986079,0.7034528,0,0,0,0,0,0,0,0,0,0,0,0,0
0,0,0,0,0,0,0,0,0,0,0,0,0,0,0.679727,0.91862,1,0.9183251,0.6897122,0,0,0,0,0,0,0,0,0,0,0,0,0,0,0,0,0,0,0,0,0,0,0,0,0,0,0,0,0,0.8090245,1,0.9762438,0.7548546,0,0,0,0,0,0,0,0,0,0,0,0,0,0,0,0,0,0,0,0,0,0,0,0,0,0,0,0,0.698015,0.96837,1,0.801779,0.7021412,0,0,0,0,0,0,0,0,0,0,0,0,0,0,0,0,0,0,0,0,0,0,0,0,0,0,0,0,0.7354907,0.8060581,1,0.8911749,0.8366255,0.7889443,0,0,0,0,0,0,0,0,0,0,0,0,0,0,0,0,0,0,0,0,0,0,0,0,0,0,0,0,0.7966404,0.9773587,1,0.848267,0.7962384,0.6652679,0,0,0,0,0,0,0,0,0,0,0,0
0,0,0,0,0,0,0,0,0,0,0,0,0,0.6195952,0.7230493,0.9558097,1,0.8796996,0.6707994,0,0,0,0,0,0,0,0,0,0,0,0,0,0,0,0,0,0,0,0,0,0,0,0,0,0,0,0,0,0.8564101,1,0.9655218,0.7783035,0.6455541,0,0,0,0,0,0,0,0,0,0,0,0,0,0,0,0,0,0,0,0,0,0,0,0,0,0,0.6038375,0.7481279,0.9568316,1,0.8883413,0.6264666,0.6347716,0,0,0,0,0,0,0,0,0,0,0,0,0,0,0,0,0,0,0,0,0,0,0,0,0,0,0.6687465,0.7363463,0.9690976,1,0.9395685,0.7434219,0.7032154,0,0,0,0,0,0,0,0,0,0,0,0,0,0,0,0,0,0,0,0,0,0,0,0,0,0,0,0.6952987,0.7801384,1,0.9985553,0.7797272,0.7717152,0.759338,0.6607412,0,0,0,0,0,0,0,0,0,0,0
0,0,0,0,0,0,0,0,0,0,0,0,0,0.7786742,0.8002868,0.9197693,1,0.9021235,0,0,0,0,0,0,0,0,0,0,0,0,0,0,0,0,0,0,0,0,0,0,0,0,0,0,0,0,0,0,0.8779862,1,0.9451066,0,0.8367411,0.7645766,0,0,0,0,0,0,0,0,0,0,0,0,0,0,0,0,0,0,0,0,0,0,0,0,0,0.7507835,0.832716,0.9323244,1,0.8612261,0.7127994,0.7213757,0,0,0,0,0,0,0,0,0,0,0,0,0,0,0,0,0,0,0,0,0,0,0,0.7845342,0.7888716,0,0.8493207,0.9386946,1,0.9768223,0.9381619,0,0.7963216,0,0,0,0,0,0,0,0,0,0,0,0,0,0,0,0,0,0,0,0,0,0,0,0,0,0,0,0,0.8571179,1,0.9998776,0.8378933,0,0.7701141,0,0,0,0,0,0,0,0,0,0,0,0
0,0,0,0,0,0,0,0,0,0,0,0,0.6929324,0.7218957,0.7197952,0.9210326,1,0.8821371,0.6193476,0,0,0,0,0,0,0,0,0,0,0,0,0,0,0,0,0,0,0,0,0,0,0,0,0,0,0,0,0,0.7333642,0.9900176,1,0.7712146,0.7525515,0.7031798,0.6676785,0,0,0,0,0,0,0,0,0,0,0,0,0,0,0,0,0,0,0,0,0.6106238,0.6169974,0.7363939,0.77444,0.7760364,0.7541246,0.9515744,1,0.851183,0.719306,0.6978583,0.6357783,0.6069866,0.6065513,0,0,0,0,0,0,0,0,0,0,0,0,0,0,0,0,0,0,0,0,0.7674394,0,0.8751411,0.8812916,0.7970635,0.8250302,1,0.9470874,0.8585697,0.8035076,0,0,0,0,0,0,0,0,0,0,0,0,0,0,0,0,0,0,0,0,0,0,0,0,0,0.7034165,0.802355,0.7728943,0.7670818,0.9564796,1,0.8293356,0.7906639,0.7614108,0,0,0,0,0,0,0,0,0,0,0,0
0,0,0,0,0,0,0,0,0,0.7074801,0.7626225,0.7031494,0.7321449,0.736772,0,0.9244989,1,0.8888401,0,0,0,0,0,0,0,0,0,0,0,0,0,0,0,0,0,0,0,0,0,0,0,0,0,0,0,0,0,0,0.8498999,1,0.9601229,0,0.7300533,0,0,0,0,0,0,0,0,0,0,0,0,0,0,0,0,0,0,0,0,0,0,0,0.7076126,0.7990612,0.7762781,0,0.6842384,0.954496,1,0.8591349,0,0,0,0,0,0,0,0,0,0,0,0,0,0,0,0,0,0,0,0,0,0,0,0,0,0,0.8516423,0.8075973,0,0,0.8868457,1,0.9674583,0.7669259,0,0,0,0,0,0,0,0,0,0,0,0,0,0,0,0,0,0,0,0,0,0,0,0,0,0,0,0.7395089,0,0.822805,0.972007,1,0.8784652,0,0,0,0,0,0,0,0,0,0,0,0,0,0
0,0,0,0,0,0,0,0,0,0.7257161,0,0,0,0,0,0.9255905,1,0.8988996,0,0,0,0,0,0,0,0,0,0,0,0,0,0,0,0,0,0,0,0,0,0,0,0,0,0,0,0,0,0,0.8623919,1,0.9601708,0,0,0,0,0,0,0,0,0,0,0,0,0,0,0,0,0,0,0,0,0,0,0,0,0,0,0,0.7365979,0,0.7578824,0.9642116,1,0.8616303,0,0,0,0,0,0,0,0,0,0,0,0,0,0,0,0,0,0,0,0,0,0,0.7735,0.8271091,0.8282692,0.7688152,0,0.7579691,0,0,0.8685989,1,0.9373524,0,0,0,0,0,0,0,0,0,0,0,0,0,0,0,0,0,0,0,0,0,0,0.799847,0.8312798,0.8257051,0,0,0,0,0,0,0.9644098,1,0.8246948,0,0,0,0,0,0,0,0,0,0,0,0,0,0
0,0,0,0,0,0,0,0.8015467,0.8026332,0,0,0,0,0,0,0.9230195,1,0.905377,0,0,0,0,0,0,0,0,0,0,0,0,0,0,0,0,0,0,0,0,0,0.8603106,0.9318675,0.9338329,0,0,0,0,0,0,0,1,0.97619,0,0,0,0,0,0,0,0,0,0,0,0,0,0,0,0,0,0,0,0,0,0,0.7994939,0.8172804,0,0,0,0,0,0,0.9636752,1,0.873988,0,0,0,0,0,0,0,0,0,0,0,0,0,0,0,0,0,0,0,0,0,0.8071305,0.8237323,0.8587205,0.7964755,0,0,0,0,0,0.874897,1,0.9395802,0,0,0,0,0,0,0,0,0,0,0,0,0,0,0,0,0,0,0,0,0,0,0,0.9129987,0.9182714,0,0,0,0,0,0,0.9807705,1,0,0,0,0,0,0,0,0,0,0,0,0,0,0,0
0,0,0,0,0,0,0,0,0.7524372,0.7393528,0,0,0,0,0,0.9090309,1,0.913854,0,0,0,0,0,0,0,0,0,0,0,0,0,0,0,0,0,0,0,0,0,0.8168539,0.8457394,0,0.7845685,0.8351042,0,0,0,0,0.7911784,1,0.9849539,0,0,0,0,0,0,0,0,0,0,0,0,0,0,0,0,0,0,0,0,0,0,0,0.7524617,0.7058107,0,0,0,0,0,0.9292027,1,0.8918247,0,0,0,0,0,0,0,0,0,0,0,0,0,0,0,0,0,0,0,0,0,0,0,0.7914106,0.7497501,0,0,0,0,0,0.8462336,1,0.969765,0.7556472,0,0,0,0,0,0,0,0,0,0,0,0,0,0,0,0,0,0,0,0,0,0,0.9580625,0.8659438,0,0,0,0,0,0,1,0.9825616,0,0,0,0,0,0,0,0,0,0,0,0,0,0,0
0,0,0,0,0,0,0,0,0,0.6530523,0.6954127,0.6823058,0.6673539,0.6006422,0.6414465,0.8957255,1,0.9046553,0,0,0,0,0,0,0,0,0,0,0,0,0,0,0,0,0,0,0,0,0,0,0,0.664162,0.769159,0.7559714,0.6934625,0.6964791,0.6954737,0.7333601,0.7772037,1,0.9807367,0.7060169,0,0,0,0,0,0,0,0,0,0,0,0,0,0,0,0,0,0,0,0,0,0,0.6461118,0.6340427,0.6184403,0.6503759,0.7104191,0.6353229,0.6389581,0.8796973,1,0.8989803,0,0,0,0,0,0,0,0,0,0,0,0,0,0,0,0,0,0,0,0,0,0,0,0.7012181,0.6849926,0.7753805,0.7275177,0,0,0.7080771,0.8606483,1,0.9512074,0,0,0,0,0,0,0,0,0,0,0,0,0,0,0,0,0,0,0,0,0,0,0,0.8732153,0.8328257,0.8389732,0.7935332,0,0,0.7902745,0.9006081,1,0.8646147,0,0,0,0,0,0,0,0,0,0,0,0,0,0,0
0,0,0,0,0,0,0,0,0,0,0,0.6375706,0.662659,0,0.6599558,0.8923715,1,0.9238669,0,0,0,0,0,0,0,0,0,0,0,0,0,0,0,0,0,0,0,0,0,0,0,0,0,0,0.7200716,0.6998309,0.7347276,0.7646021,0.7705099,1,0.9993425,0.7741783,0,0,0,0,0,0,0,0,0,0,0,0,0,0,0,0,0,0,0,0,0,0,0,0,0.6887279,0.6512748,0.6725736,0.7267097,0,0.9263375,1,0.8886015,0,0,0,0,0,0,0,0,0,0,0,0,0,0,0,0,0,0,0,0,0,0,0,0,0,0.6856601,0.7006585,0,0.7089008,0.7126808,0.8242335,1,0.9746636,0.7419173,0,0,0,0,0,0,0,0,0,0,0,0,0,0,0,0,0,0,0,0,0,0,0,0,0.7263853,0.7561701,0.765498,0,0.838769,0.8495079,0.9528564,1,0.8781703,0,0,0,0,0,0,0,0,0,0,0,0,0,0
0,0,0,0,0,0,0,0,0,0,0,0,0,0,0,0.9150604,1,0.912602,0,0,0,0,0,0,0,0,0,0,0,0,0,0,0,0,0,0,0,0,0,0,0,0,0,0,0,0,0.7843375,0.7794746,0.8416487,1,0.992701,0,0,0,0,0,0,0,0,0,0,0,0,0,0,0,0,0,0,0,0,0,0,0,0,0,0,0,0,0,0.7584863,0.9189399,1,0.8958237,0,0,0,0,0,0,0,0,0,0,0,0,0,0,0,0,0,0,0,0,0,0,0,0,0,0,0,0,0,0.8028759,0.8867416,1,0.9601294,0,0,0,0,0,0,0,0,0,0,0,0,0,0,0,0,0,0,0,0,0,0,0,0,0,0,0,0,0,0.8880501,0.951364,0.9999781,1,0,0,0,0,0,0,0,0,0,0,0,0,0,0,0
0,0,0,0,0,0,0,0,0,0,0,0,0,0,0,0.9056874,1,0.9067647,0,0.644847,0.6419843,0,0,0,0,0,0,0,0,0,0,0,0,0,0,0,0,0,0,0,0,0,0,0,0,0,0.7257748,0,0.8341271,1,0.9890351,0.7627889,0,0,0,0,0,0,0,0,0,0,0,0,0,0,0,0,0,0,0,0,0,0,0,0,0,0,0,0,0.672637,0.9123588,1,0.8745977,0,0,0,0,0,0,0,0,0,0,0,0,0,0,0,0,0,0,0,0,0,0,0,0,0,0,0,0,0,0.7367864,0.8666371,1,0.9868113,0.7644268,0,0,0,0,0,0,0,0,0,0,0,0,0,0,0,0,0,0,0,0,0,0,0,0,0,0,0,0,0.7277439,0.8745183,0.9767082,1,0.8838506,0.7150584,0,0,0,0,0,0,0,0,0,0,0,0,0
0,0,0,0,0,0,0,0,0,0,0,0,0,0,0,0.9181378,1,0.9223165,0,0,0,0,0,0,0,0,0,0,0,0,0,0,0,0,0,0,0,0,0,0,0,0,0,0,0,0,0,0,0.7929053,1,0.9997559,0,0,0,0,0,0,0,0,0,0,0,0,0,0,0,0,0,0,0,0,0,0,0,0,0,0,0,0,0,0.7500941,0.9458485,1,0.9059819,0,0,0,0,0,0,0,0,0,0,0,0,0,0,0,0,0,0,0,0,0,0,0,0,0,0,0,0,0,0,0.8185138,1,0.9992663,0.8345122,0,0,0,0,0,0,0,0,0,0,0,0,0,0,0,0,0,0,0,0,0,0,0,0,0,0,0,0,0,0,0.9616757,1,0,0,0,0,0,0,0,0,0,0,0,0,0,0,0
0,0,0,0,0,0,0,0,0,0,0,0,0,0,0,0.889616,1,0.8979599,0,0,0,0,0,0,0,0,0,0,0,0,0,0,0,0,0,0,0,0,0,0,0,0,0,0,0,0,0,0,0.8001979,1,0.992075,0,0,0,0,0,0,0,0,0,0,0,0,0,0,0,0,0,0,0,0,0,0,0,0,0,0,0,0,0,0,0.9067854,1,0.8889115,0,0,0,0,0,0,0,0,0,0,0,0,0,0,0,0,0,0,0,0,0,0,0,0,0,0,0,0,0,0,0.8264625,1,0.9560087,0.7725147,0,0,0,0,0,0,0,0,0,0,0,0,0,0,0,0,0,0,0,0,0,0,0,0,0,0,0,0,0,0.7619039,0.9793867,1,0.7893934,0,0,0,0,0,0,0,0,0,0,0,0,0,0
0,0,0,0,0,0,0,0,0,0,0,0,0,0,0,0.8922196,1,0.9132826,0,0,0,0,0,0,0,0,0,0,0,0,0,0,0,0,0,0,0,0,0,0,0,0,0,0,0,0,0,0,0,0.9775133,1,0.8586502,0,0,0,0,0,0,0,0,0,0,0,0,0,0,0,0,0,0,0,0,0,0,0,0,0,0,0,0,0,0.9275495,1,0.8484882,0,0,0,0,0,0,0,0,0,0,0,0,0,0,0,0,0,0,0,0,0,0,0,0,0,0,0,0,0,0,0,0.9860353,1,0.8932207,0,0,0,0,0,0,0,0,0,0,0,0,0,0,0,0,0,0,0,0,0,0,0,0,0,0,0,0,0,0,0.9477481,1,0,0,0,0,0,0,0,0,0,0,0,0,0,0,0
