GestureName: mu
Duration(ms): 846
Handedness: right

SpeakerAngles: 5
55
-55
0
0
110

SpeakerElevations: 5
-10
-10
-10
0
30

InterpretedPoints: 18
1.62759536269875,0.407603734547952,1
0.820888078587149,3.9268895150482,0.305407289332279
2.44139304404812,2.09621335483414,1.32635182233307
0.0141807944755501,3.52213653048741,0.479055466999209
0.0141807944755501,-2.57720401846426,1.17364817766693
-3.24100993092194,-7.34683474659678,-0.305407289332279
-1.62050496546097,-9.20789540078643,0.368240888334652
-3.24810032815972,-9.87494922118888,0.0628335990023732
-0.0141807944755501,-7.47655978952403,0.0418890660015822
-1.62759536269875,-2.52213653048741,-0.479055466999209
0,0,0
0,0,0
1.62759536269875,4.50694428349962,0.305407289332279
4.06189800950909,7.4642182925234,0.958110933998418
1.64886655441207,10.2825529557368,0.937166400997627
3.2551907253975,12.4182559427688,-0.257426309670095
0,0,0
0,0,0

StrokePoints: 19
0,0,0
1.62759536269875,0.407603734547952,1
2.4484834412859,4.33449324959615,1.30540728933228
4.88987648533402,6.43070660443029,2.63175911166535
4.90405727980957,9.9528431349177,3.11081457866456
4.91823807428512,7.37563911645344,4.28446275633149
1.67722814336317,0.0288043698566556,3.97905546699921
0.0567231779021999,-9.17909103092978,4.34729635533386
-3.19137715025752,-19.0540402521187,4.41012995433623
-3.20555794473307,-26.5306000416427,4.45201902033781
-4.83315330743182,-29.0527365721301,3.97296355333861
-4.83315330743182,-29.0527365721301,3.97296355333861
-4.83315330743182,-29.0527365721301,3.97296355333861
-3.20555794473307,-24.5457922886305,4.27837084267088
0.856340064776024,-17.0815739961071,5.2364817766693
2.5052066191881,-6.79902104037025,6.17364817766693
5.76039734458559,5.61923490239851,5.91622186799683
5.76039734458559,5.61923490239851,5.91622186799683
5.76039734458559,5.61923490239851,5.91622186799683

Velocities: 18
0,0,0
0,1,3
0,0,1
0,2,1
-1,1,-1
-1,1,-4
-1,0,-4
-3,-2,-4
0,-2,-4
-1,-1,-1
0,0,0
0,0,0
1,1,2
2,1,3
1,4,4
5,5,3
0,0,0
0,0,0

InverseVelocities: 18
0,0,0
0,0,0
0,0,0
0,0,-1
0,0,0
0,0,2
0,0,0
0,0,0
0,0,0
0,0,0
0,0,0
0,0,0
0,0,0
0,0,0
0,0,0
-2,-2,-4
0,0,0
0,0,0

RawData: 18
0,0,0,0,0,0,0,0,0,0,0,0,0,0,0,0.8831042,1,0.9366812,0.8608916,0.7797894,0,0,0,0,0,0,0,0,0,0,0,0,0,0,0,0,0,0,0,0,0,0,0,0,0,0,0,0,0,1,0.9896522,0.8950765,0,0,0,0,0,0,0,0,0,0,0,0,0,0,0,0,0,0,0,0,0,0,0,0,0,0,0,0,0,0.9172393,1,0.8309742,0.8654583,0.7634693,0,0,0,0,0,0,0,0,0,0,0,0,0,0,0,0,0,0,0,0,0,0,0,0,0,0,0,0,0.8086355,1,0.9444402,0.8932192,0.8930031,0.8473444,0,0,0,0,0,0,0,0,0,0,0,0,0,0,0,0,0,0,0,0,0,0,0,0,0,0,0,0,0.8723407,0,0.9668858,1,0.9845164,0.8495705,0,0,0,0,0,0,0,0,0,0,0
0,0,0,0,0,0,0,0,0,0,0,0,0,0,0,0.9123468,1,0.9271961,0.797888,0,0,0,0,0,0,0,0,0,0,0,0,0,0,0,0,0,0,0,0,0,0,0,0,0,0,0,0,0,0.7703928,0.9801766,1,0.9447595,0.8919272,0.7855227,0,0,0,0,0,0,0,0,0,0,0,0,0,0,0,0,0,0,0,0,0,0,0,0,0,0,0,0.934736,1,0.9418503,0.8435817,0.7423531,0.75984,0.7252037,0.7059653,0,0,0,0,0,0,0,0,0,0,0,0,0,0,0,0,0,0,0,0,0,0,0,0,0,0.8543968,1,0.9561622,0.8982947,0.8733368,0.74014,0,0,0,0,0,0,0,0,0,0,0,0,0,0,0,0,0,0,0,0,0,0,0,0,0,0,0,0,0.9662188,1,0,0.9303908,0.9767944,0.945929,0,0,0,0,0,0,0,0,0,0,0
0,0,0,0,0,0,0,0,0,0,0,0,0,0,0,0.9027154,1,0.8694872,0.8103614,0.6888842,0,0,0,0,0,0,0,0,0,0,0,0,0,0,0,0,0,0,0,0,0,0,0,0,0,0,0,0,0.6859345,1,0.9995524,0.8158169,0.7554144,0,0,0,0,0,0,0,0,0,0,0,0,0,0,0,0,0,0,0,0,0,0,0,0,0,0,0.6599115,0.6933236,0.9324287,1,0.9283724,0.7882003,0.7042953,0.646064,0,0,0,0,0,0,0,0,0,0,0,0,0,0,0,0,0,0,0,0,0,0,0,0,0,0.6780696,0.7747548,0.8034066,0.9985936,1,0.9044383,0.7961812,0.7447896,0.7369651,0,0,0,0,0,0,0,0,0,0,0,0,0,0,0,0,0,0,0,0,0,0,0,0,0,0,0.8112487,1,0.9782435,0.937955,0.8800328,0.8799767,0.9197256,0.777083,0,0,0,0,0,0,0,0,0,0
0,0,0,0,0,0,0,0,0,0,0,0,0,0.7159595,0.7748762,0.9104683,1,0.9272473,0.7268485,0,0,0,0,0,0,0,0,0,0,0,0,0,0,0,0,0,0,0,0,0,0,0,0,0,0,0,0,0,0.8483757,1,0.9736142,0.7757226,0.8046605,0.8115095,0.7417685,0,0,0,0,0,0,0,0,0,0,0,0,0,0,0,0,0,0,0,0,0,0,0,0.6427862,0.7319351,0.7617577,0.9266197,1,0.8714681,0.7503346,0.7317623,0.6904202,0,0,0,0,0,0,0,0,0,0,0,0,0,0,0,0,0,0,0,0,0,0,0,0,0,0,0.7155655,0.7780372,1,0.9652507,0.7979253,0.7615352,0.7482952,0.6990732,0,0,0,0,0,0,0,0,0,0,0,0,0,0,0,0,0,0,0,0,0,0,0,0,0,0.7756595,0.9244252,0,1,0.9487251,0.8203155,0.8646709,0.885705,0,0,0,0,0,0,0,0,0,0,0
0,0,0,0,0,0,0,0,0,0,0,0,0.7339937,0.8165376,0.8114336,0.9331249,1,0.8845919,0,0,0,0,0,0,0,0,0,0,0,0,0,0,0,0,0,0,0,0,0,0,0,0,0,0,0,0,0,0,0.8281857,1,0.9805713,0.7526964,0.8322968,0.7341478,0,0,0,0,0,0,0,0,0,0,0,0,0,0,0,0,0,0,0,0,0,0,0,0,0.7614128,0.8377787,0.8485554,0.9651178,1,0.8808055,0.7396172,0.7031538,0,0,0,0,0,0,0,0,0,0,0,0,0,0,0,0,0,0,0,0,0,0,0,0,0,0.7836646,0.8469343,0.8781536,0.9179418,1,0.9410815,0.7357092,0,0,0,0,0,0,0,0,0,0,0,0,0,0,0,0,0,0,0,0,0,0,0,0,0,0,0.7908044,0.8447083,0.8793635,0.8805283,1,0.9689496,0.8111169,0.8192062,0.8877898,0.8201681,0,0,0,0,0,0,0,0,0,0,0
0,0,0,0,0,0,0,0,0,0,0,0,0.7935387,0.7968498,0,0.9428753,1,0.8873455,0,0,0,0,0,0,0,0,0,0,0,0,0,0,0,0,0,0,0,0,0,0,0,0,0,0,0,0,0.7506213,0.8054963,0.8448743,1,0.8762807,0.8845691,0,0.7832218,0,0,0,0,0,0,0,0,0,0,0,0,0,0,0,0,0,0,0,0,0,0.6768457,0.7406139,0.7435195,0.7346379,0.7179698,0.6709686,0.9528736,1,0.8972929,0.7396564,0,0.6832235,0.6877407,0,0,0,0,0,0,0,0,0,0,0,0,0,0,0,0,0,0,0,0,0.6788064,0.7166431,0.7930136,0.727164,0.747486,0.754649,0.8955367,1,0.9539756,0.7842623,0,0,0,0,0,0,0,0,0,0,0,0,0,0,0,0,0,0,0,0,0,0,0,0,0,0.7675002,0.8034184,0.8263146,0.8658853,0.7760695,0.9767962,1,0.9482055,0.8199494,0,0,0,0,0,0,0,0,0,0,0,0,0
0,0,0,0,0,0,0,0,0,0,0,0,0.7969092,0.7444343,0,0.9151701,1,0.8964822,0,0,0,0,0,0,0,0,0,0,0,0,0,0,0,0,0,0,0,0,0,0,0,0,0,0,0,0,0,0.8795266,0.9090096,0.9600915,1,0,0,0,0,0,0,0,0,0,0,0,0,0,0,0,0,0,0,0,0,0,0,0,0,0.6576198,0.6313917,0.6868445,0.6555295,0.6467332,0.7330412,0.946929,1,0.8761032,0.6831782,0,0,0,0,0,0,0,0,0,0,0,0,0,0,0,0,0,0,0,0,0,0,0.660248,0.6710321,0.7496665,0.7948089,0.7776265,0.7652178,0.7864104,0.8369908,1,0.9669386,0.7509864,0.6820431,0,0,0,0,0,0,0,0,0,0,0,0,0,0,0,0,0,0,0,0,0,0,0,0,0,0.7804389,0.9514214,0.9362773,0.9790742,0.8793938,1,0.8763777,0.7999737,0,0,0,0,0,0,0,0,0,0,0,0,0
0,0,0,0,0,0,0,0,0,0,0.7307976,0.772507,0.7640887,0,0.7777784,0.934423,1,0.8960316,0,0,0,0,0,0,0,0,0,0,0,0,0,0,0,0,0,0,0,0,0,0,0,0,0,0,0.7666773,0.8454241,0.8583105,0.7927232,0.9146189,1,0.9328341,0.7769437,0,0,0,0,0,0,0,0,0,0,0,0,0,0,0,0,0,0,0,0,0,0,0,0.7668573,0.8010773,0.732331,0,0.7682357,0.7869993,0.9643527,1,0.8399027,0.6709006,0,0,0,0,0,0,0,0,0,0,0,0,0,0,0,0,0,0,0,0,0,0,0,0.7971072,0.8065419,0.7248183,0.8119623,0.7757445,0,0.8550785,1,0.9506978,0.7450823,0,0,0,0,0,0,0,0,0,0,0,0,0,0,0,0,0,0,0,0,0,0,0,0,0.8834094,0.8292977,0.9729382,0.9806648,0.9435655,0.9487403,1,0.9738588,0,0,0,0,0,0,0,0,0,0,0,0,0,0,0
0,0,0,0,0,0,0,0,0,0,0,0,0,0.7316857,0.7892239,0.934892,1,0.8923962,0,0,0,0,0,0,0,0,0,0,0,0,0,0,0,0,0,0,0,0,0,0,0,0,0,0,0.8000686,0.8500881,0.8222913,0.8438325,0.9230516,0.9765043,1,0.8103012,0,0,0,0,0,0,0,0,0,0,0,0,0,0,0,0,0,0,0,0,0,0,0,0.6347849,0.7236237,0.7447298,0.6813366,0.6944208,0.7559335,0.9649065,1,0.8618104,0,0,0,0,0,0,0,0,0,0,0,0,0,0,0,0,0,0,0,0,0,0,0,0,0,0.7170683,0.7947717,0.8281206,0.7500023,0,0.9075472,1,0.9425565,0.6435259,0,0,0,0,0,0,0,0,0,0,0,0,0,0,0,0,0,0,0,0,0,0,0,0,0,0.8709612,0.972041,0.9512236,0.9057496,0.8679243,0.9710603,1,0.8215331,0,0,0,0,0,0,0,0,0,0,0,0,0,0
0,0,0,0,0,0,0,0,0,0,0,0,0.6230252,0.7030376,0.8000076,0.9485323,1,0.8826445,0,0,0,0,0,0,0,0,0,0,0,0,0,0,0,0,0,0,0,0,0,0,0,0,0,0,0,0.6705905,0.7446217,0.7304541,0.8604141,1,0.9615924,0.7667823,0,0,0,0,0,0,0,0,0,0,0,0,0,0,0,0,0,0,0,0,0,0,0,0,0,0,0.709553,0.7743462,0.7959247,0.9197677,1,0.8725039,0,0,0,0,0,0,0,0,0,0,0,0,0,0,0,0,0,0,0,0,0,0,0,0,0,0,0,0.6850162,0.8045627,0.856355,0.8067162,1,0.944072,0,0,0,0,0,0,0,0,0,0,0,0,0,0,0,0,0,0,0,0,0,0,0,0,0,0,0.6766189,0,0.8366211,0.8981967,0.8707691,1,0.9860702,0.7653157,0,0,0,0,0,0,0,0,0,0,0,0,0,0
0,0,0,0,0,0,0,0,0,0,0,0,0,0,0.7075045,0.9158413,1,0.9030142,0,0,0,0,0,0,0,0,0,0,0,0,0,0,0,0,0,0,0,0,0,0,0,0,0,0,0,0,0,0,0.8531595,1,0.9635841,0,0,0,0,0,0,0,0,0,0,0,0,0,0,0,0,0,0,0,0,0,0,0,0,0,0,0,0,0,0.7583847,0.9640917,1,0.8736964,0,0,0,0,0,0,0,0,0,0,0,0,0,0,0,0,0,0,0,0,0,0,0,0,0,0,0,0,0,0,0.8702323,1,0.9569185,0.7641524,0,0,0,0,0,0,0,0,0,0,0,0,0,0,0,0,0,0,0,0,0,0,0,0,0,0,0,0,0,0.8320907,0.9995797,1,0.7855272,0,0,0,0,0,0,0,0,0,0,0,0,0,0
0,0,0,0,0,0,0,0,0,0,0,0,0,0,0,0.9314004,1,0.8670374,0.6704193,0,0,0,0,0,0,0,0,0,0,0,0,0,0,0,0,0,0,0,0,0,0,0,0,0,0,0,0,0,0.7809927,1,0.9960409,0.7971532,0,0,0,0,0,0,0,0,0,0,0,0,0,0,0,0,0,0,0,0,0,0,0,0,0,0,0,0,0.6615471,0.9550924,1,0.8453438,0.6985552,0,0,0,0,0,0,0,0,0,0,0,0,0,0,0,0,0,0,0,0,0,0,0,0,0,0,0,0,0,0.872052,1,0.9329507,0.7001635,0,0,0,0,0,0,0,0,0,0,0,0,0,0,0,0,0,0,0,0,0,0,0,0,0,0,0,0,0,0.7373546,0.8798076,1,0.9058473,0,0,0,0,0,0,0,0,0,0,0,0,0,0
0,0,0,0,0,0,0,0,0,0,0,0,0,0,0,0.9289394,1,0.892247,0.7945547,0.7689247,0.6766011,0,0,0,0,0,0,0,0,0,0,0,0,0,0,0,0,0,0,0,0,0,0,0,0,0,0,0,0.8391429,1,0.9743024,0.8014147,0.8162832,0.6632416,0,0,0,0,0,0,0,0,0,0,0,0,0,0,0,0,0,0,0,0,0,0,0,0,0,0,0,0.9423535,1,0.8949023,0.7847444,0.7720176,0.7262859,0.6386294,0,0,0,0,0,0,0,0,0,0,0,0,0,0,0,0,0,0,0,0,0,0,0,0,0,0,0.8613757,1,0.962507,0.8869888,0.8094169,0.7311605,0.6793809,0,0,0,0,0,0,0,0,0,0,0,0,0,0,0,0,0,0,0,0,0,0,0,0,0,0,0.8083479,1,0.9948455,0.9188355,0.9749135,0.932135,0.8127576,0,0,0,0,0,0,0,0,0,0,0
0,0,0,0,0,0,0,0,0,0,0,0,0,0,0,0.9245549,1,0.9004779,0.7504951,0.7543407,0.717828,0.7099248,0,0,0,0,0,0,0,0,0,0,0,0,0,0,0,0,0,0,0,0,0,0,0,0,0,0,0.7853829,1,0.9593033,0.8929374,0.9479058,0.8751737,0,0,0,0,0,0,0,0,0,0,0,0,0,0,0,0,0,0,0,0,0,0,0,0,0,0,0.6604076,0.9540716,1,0.890222,0.8343285,0.8302178,0.7907047,0.6727542,0.6625093,0,0,0,0,0,0,0,0,0,0,0,0,0,0,0,0,0,0,0,0,0,0,0,0,0.644826,0.8730205,1,0.9513012,0.6481812,0.8045802,0.8618428,0.8079712,0.6699972,0.6548809,0,0,0,0,0,0,0,0,0,0,0,0,0,0,0,0,0,0,0,0,0,0,0,0,0.7944865,0.9675148,1,0.7709622,0.908451,0.7120177,0.8377973,0.8474772,0.7966231,0,0,0,0,0,0,0,0,0
0,0,0,0,0,0,0,0,0,0,0,0,0,0.6967149,0.6699812,0.9326354,1,0.8560349,0.673582,0.7365031,0.665081,0,0,0,0,0,0,0,0,0,0,0,0,0,0,0,0,0,0,0,0,0,0,0,0,0,0,0,0.8767384,1,0.9347695,0.8290432,0.7538326,0.7752375,0.7629995,0.7088968,0.6891646,0,0,0,0,0,0,0,0,0,0,0,0,0,0,0,0,0,0,0,0,0,0,0,0.6488253,0.9505114,1,0.8596106,0.7583275,0.7170836,0.7653469,0.682709,0.6701819,0.6839964,0,0,0,0,0,0,0,0,0,0,0,0,0,0,0,0,0,0,0,0,0,0,0,0.6229692,0.8163685,1,0.9540468,0.8143657,0.8118855,0.774195,0.7882339,0.7067847,0.7704302,0.6966776,0,0,0,0,0,0,0,0,0,0,0,0,0,0,0,0,0,0,0,0,0,0.7159594,0.7261897,0.7765986,0.9395207,1,0.8382955,0.798032,0.8176411,0.8688819,0.8163055,0.7077488,0.7379556,0,0,0,0,0,0,0,0
0,0,0,0,0,0,0,0,0,0,0,0.6245328,0.6781238,0.7547783,0.6961567,0.9162554,1,0.8828827,0.68268,0.6961768,0.7628415,0.686296,0,0.6238197,0.6018146,0,0,0,0,0,0,0,0,0,0,0,0,0,0,0,0,0,0,0,0.7574999,0.789955,0.7495004,0.871021,0.8097352,0.9857993,1,0.7309138,0.7284904,0.7911092,0.7560194,0.7408413,0.7049509,0.6886342,0,0,0,0,0,0,0,0,0,0,0,0,0,0,0,0,0,0.5673918,0.6454858,0.6401471,0.6191616,0,0.7034553,0.9576662,1,0.8677195,0.6958783,0.6408992,0.5962397,0.6228911,0.5869943,0,0,0,0,0,0,0,0,0,0,0,0,0,0,0,0,0,0,0,0,0,0,0,0,0.6274766,0.8775585,1,0.9484792,0.6892519,0.7311463,0.6985458,0.7011026,0.6937756,0.6101356,0.6004016,0,0,0,0,0,0,0,0,0,0,0,0,0,0,0,0,0,0,0,0,0,0,0.7638545,0.7768387,0.9565362,1,0.9198366,0.725855,0.7490121,0.8313732,0.8289673,0.7776492,0,0,0,0,0,0,0,0,0
0,0,0,0,0,0,0,0,0,0,0,0,0,0.7860188,0.7845094,0.9045991,1,0.8984436,0,0,0,0,0,0,0,0,0,0,0,0,0,0,0,0,0,0,0,0,0,0,0,0,0,0,0,0,0,0,0.8622903,1,0.9193238,0,0,0,0,0,0,0,0,0,0,0,0,0,0,0,0,0,0,0,0,0,0,0,0,0,0,0,0,0,0,0.9098976,1,0.9115986,0,0,0,0,0,0,0,0,0,0,0,0,0,0,0,0,0,0,0,0,0,0,0,0,0,0,0,0,0,0,0.8046527,1,0.9867902,0.822607,0.7777982,0,0,0,0,0,0,0,0,0,0,0,0,0,0,0,0,0,0,0,0,0,0,0,0,0,0,0,0.8930427,0.9190046,0.9758037,1,0.9317915,0.8796909,0,0,0,0,0,0,0,0,0,0,0,0,0
0,0,0,0,0,0,0,0,0,0,0,0,0,0.7942737,0.8004469,0.9111041,1,0.9283689,0.7371544,0,0,0,0,0,0,0,0,0,0,0,0,0,0,0,0,0,0,0,0,0,0,0,0,0,0,0,0,0,0.8444994,0.997443,1,0.8392539,0,0,0,0,0,0,0,0,0,0,0,0,0,0,0,0,0,0,0,0,0,0,0,0,0,0,0,0,0.702395,0.9403132,1,0.9015702,0,0,0,0,0,0,0,0,0,0,0,0,0,0,0,0,0,0,0,0,0,0,0,0,0,0,0,0,0,0.7267184,0.8589733,1,0.962026,0,0,0,0,0,0,0,0,0,0,0,0,0,0,0,0,0,0,0,0,0,0,0,0,0,0,0,0,0.8815063,0.9668195,0.9170644,0.8843845,1,0.9214111,0,0,0,0,0,0,0,0,0,0,0,0,0,0
