GestureName: q
Duration(ms): 1410
Handedness: right

SpeakerAngles: 5
55
-55
0
0
110

SpeakerElevations: 5
-10
-10
-10
0
30

InterpretedPoints: 30
2.42721224957257,3.78795016923785,-0.368240888334652
0,0,0
0.813797681349374,-0.296198132726024,0.5
0,0,0
0,0,0
0,0,0
0,0,0
0,0,0
0,0,0
-0.806707284111599,2.389560737573,-0.347296355333861
-0.806707284111599,-2.56486252146362,0.17364817766693
-2.42721224957257,-6.96325195312847,0.194592710667721
-4.05480761227132,-4.50058073060367,-0.458110933998418
-3.24810032815972,-2.8059931662128,-0.979055466999209
-3.24810032815972,-1.98129495010342,-1.15270364466614
-0.00709039723777505,-2.25347214174981,-0.152703644666139
0,0,0
1.62759536269875,2.39241148756016,0.82635182233307
2.44139304404812,3.09621335483414,1.32635182233307
4.05480761227132,9.31008669972526,0.110814578664557
5.68240297497007,7.732882681261,1.28446275633149
2.4484834412859,12.5635588414751,0.263518223330696
1.63468575993652,10.8749492211889,-0.0628335990023732
-0.00709039723777505,2.96040120314131,-1.36824088833465
-1.62050496546097,-2.25347214174981,-0.152703644666139
0,0,0
0,0,0
0,0,0
0,0,0
0,0,0

StrokePoints: 31
0,0,0
2.42721224957257,3.78795016923785,-0.368240888334652
2.42721224957257,3.78795016923785,-0.368240888334652
3.24100993092195,3.49175203651182,0.131759111665348
3.24100993092195,3.49175203651182,0.131759111665348
3.24100993092195,3.49175203651182,0.131759111665348
3.24100993092195,3.49175203651182,0.131759111665348
3.24100993092195,3.49175203651182,0.131759111665348
3.24100993092195,3.49175203651182,0.131759111665348
3.24100993092195,3.49175203651182,0.131759111665348
2.43430264681035,5.88131277408482,-0.215537243668513
1.62759536269875,3.3164502526212,-0.0418890660015822
-0.799616886873823,-3.64680170050727,0.152703644666139
-4.85442449914514,-8.14738243111094,-0.305407289332279
-8.10252482730486,-10.9533755973237,-1.28446275633149
-11.3506251554646,-12.9346705474272,-2.43716640099763
-11.3577155527024,-15.188142689177,-2.58987004566377
-11.3577155527024,-15.188142689177,-2.58987004566377
-9.73012019000361,-12.7957312016168,-1.7635182233307
-7.28872714595549,-9.69951784678267,-0.437166400997627
-3.23391953368417,-0.389431147057417,-0.326351822333069
2.4484834412859,7.34345153420358,0.958110933998418
4.89696688257179,19.9070103756786,1.22162915732911
6.53165264250832,30.7819595968675,1.15879555832674
6.52456224527054,33.7423608000088,-0.209445330007911
4.90405727980957,31.488888658259,-0.36214897467405
4.90405727980957,31.488888658259,-0.36214897467405
4.90405727980957,31.488888658259,-0.36214897467405
4.90405727980957,31.488888658259,-0.36214897467405
4.90405727980957,31.488888658259,-0.36214897467405
4.90405727980957,31.488888658259,-0.36214897467405

Velocities: 30
2,0,3
0,0,0
0,0,0
0,0,0
0,0,0
0,0,0
0,0,0
0,0,0
0,0,0
-1,0,3
-1,0,0
-3,-1,0
-4,-2,0
-2,-1,0
-3,-2,3
0,-1,-1
0,0,0
0,0,1
0,0,1
3,1,4
3,1,3
2,3,5
2,3,4
2,1,2
-1,0,-1
0,0,0
0,0,0
0,0,0
0,0,0
0,0,0

InverseVelocities: 30
-2,0,0
0,0,0
0,0,0
0,0,0
0,0,0
0,0,0
0,0,0
0,0,0
0,0,0
0,0,0
0,0,0
0,0,0
0,1,0
0,0,0
2,0,-3
0,0,0
0,0,0
0,0,0
0,0,0
0,0,0
0,0,-1
-1,-1,0
-1,-1,0
-1,-2,0
0,0,0
0,0,0
0,0,0
0,0,0
0,0,0
0,0,0

RawData: 30
0,0,0,0,0,0,0,0,0,0,0,0.6477534,0.6626586,0.6397641,0,0.9239028,1,0.9104029,0.8750663,0.817189,0.6939605,0.6599194,0,0,0,0,0,0,0,0,0,0,0,0,0,0,0,0,0,0,0,0,0,0,0,0,0,0,0.7982222,1,0.9714108,0,0,0,0,0,0,0,0,0,0,0,0,0,0,0,0,0,0,0,0,0,0,0,0,0,0,0,0,0,0.6439776,0.9469618,1,0.8826076,0.8022494,0.7428484,0.6498495,0.6516923,0.6342851,0,0,0,0,0,0,0,0,0,0,0,0,0,0,0,0,0,0,0,0,0,0,0,0,0,0.8602796,1,0.9439227,0,0.6781203,0,0,0,0,0,0,0,0,0,0,0,0,0,0,0,0,0,0,0,0,0,0,0,0,0,0,0,0,0.7486134,1,0.9937335,0.9435098,0.8742334,0.8436713,0,0,0,0,0,0,0,0,0,0,0,0
0,0,0,0,0,0,0,0,0,0,0,0,0,0,0,0.9316898,1,0.8921709,0.8416077,0.8091144,0,0,0,0,0,0,0,0,0,0,0,0,0,0,0,0,0,0,0,0,0,0,0,0,0,0,0,0,0.8521668,1,0.9767014,0.8362724,0,0,0,0,0,0,0,0,0,0,0,0,0,0,0,0,0,0,0,0,0,0,0,0,0,0,0,0,0,0.9582529,1,0.8739504,0.7445107,0,0,0,0,0,0,0,0,0,0,0,0,0,0,0,0,0,0,0,0,0,0,0,0,0,0,0,0,0,0.8715427,1,0.970986,0.8699748,0.8000395,0,0,0,0,0,0,0,0,0,0,0,0,0,0,0,0,0,0,0,0,0,0,0,0,0,0,0,0,0,0.9609161,1,0.9522588,0.8174214,0,0,0,0,0,0,0,0,0,0,0,0,0
0,0,0,0,0,0,0,0,0,0,0,0,0,0,0,0.91235,1,0.876882,0.7573356,0.674499,0,0,0,0,0,0,0,0,0,0,0,0,0,0,0,0,0,0,0,0,0,0,0,0,0,0,0,0,0.7818871,1,0.9936206,0.8868176,0.7283394,0,0,0,0,0,0,0,0,0,0,0,0,0,0,0,0,0,0,0,0,0,0,0,0,0,0,0,0.6004102,0.9485598,1,0.8463177,0.6829501,0.6032544,0,0,0,0,0,0,0,0,0,0,0,0,0,0,0,0,0,0,0,0,0,0,0,0,0,0,0,0,0.8452938,1,0.959193,0.8270312,0.7579116,0,0,0,0,0,0,0,0,0,0,0,0,0,0,0,0,0,0,0,0,0,0,0,0,0,0,0,0,0,1,0.989641,0.743564,0.9137273,0.7330373,0,0,0,0,0,0,0,0,0,0,0,0
0,0,0,0,0,0,0,0,0,0,0,0,0,0,0,0.9301955,1,0.8901795,0.7432244,0,0,0,0,0,0,0,0,0,0,0,0,0,0,0,0,0,0,0,0,0,0,0,0,0,0,0,0,0,0.879547,1,0.9819279,0.9996558,0,0,0,0,0,0,0,0,0,0,0,0,0,0,0,0,0,0,0,0,0,0,0,0,0,0,0,0,0.6664833,0.9551216,1,0.8845213,0.7117571,0,0,0,0,0,0,0,0,0,0,0,0,0,0,0,0,0,0,0,0,0,0,0,0,0,0,0,0,0,0.8588052,1,0.9262749,0.827099,0.7665303,0,0,0,0,0,0,0,0,0,0,0,0,0,0,0,0,0,0,0,0,0,0,0,0,0,0,0,0,0,0.9197101,1,0.9338511,0,0,0,0,0,0,0,0,0,0,0,0,0,0
0,0,0,0,0,0,0,0,0,0,0,0,0,0,0,0.936314,1,0.8767695,0.7281942,0,0,0,0,0,0,0,0,0,0,0,0,0,0,0,0,0,0,0,0,0,0,0,0,0,0,0,0,0,0,0.9406265,1,0.9313045,0,0,0,0,0,0,0,0,0,0,0,0,0,0,0,0,0,0,0,0,0,0,0,0,0,0,0,0,0,0.950986,1,0.8999613,0.7329848,0,0,0,0,0,0,0,0,0,0,0,0,0,0,0,0,0,0,0,0,0,0,0,0,0,0,0,0,0,0.8593587,1,0.9826792,0.9055793,0.7620604,0,0,0,0,0,0,0,0,0,0,0,0,0,0,0,0,0,0,0,0,0,0,0,0,0,0,0,0,0,0.9933237,0.8863376,1,0.9054042,0,0,0,0,0,0,0,0,0,0,0,0,0
0,0,0,0,0,0,0,0,0,0,0,0,0,0,0,0.9323065,1,0.9274197,0,0,0,0,0,0,0,0,0,0,0,0,0,0,0,0,0,0,0,0,0,0,0,0,0,0,0,0,0,0,0,0.992188,1,0.9522917,0,0,0,0,0,0,0,0,0,0,0,0,0,0,0,0,0,0,0,0,0,0,0,0,0,0,0,0,0,0.9702432,1,0.827033,0,0,0,0,0,0,0,0,0,0,0,0,0,0,0,0,0,0,0,0,0,0,0,0,0,0,0,0,0,0,0.8823931,1,0.972923,0.8671872,0,0,0,0,0,0,0,0,0,0,0,0,0,0,0,0,0,0,0,0,0,0,0,0,0,0,0,0,0,0,0.920956,1,0.9900932,0.875125,0,0,0,0,0,0,0,0,0,0,0,0,0
0,0,0,0,0,0,0,0,0,0,0,0,0,0,0,0.9508612,1,0.896743,0,0,0,0,0,0,0,0,0,0,0,0,0,0,0,0,0,0,0,0,0,0,0,0,0,0,0,0,0,0,0.8561451,1,0.9786516,0.8794383,0,0,0,0,0,0,0,0,0,0,0,0,0,0,0,0,0,0,0,0,0,0,0,0,0,0,0,0,0,0.9565173,1,0.9026727,0,0,0,0,0,0,0,0,0,0,0,0,0,0,0,0,0,0,0,0,0,0,0,0,0,0,0,0,0,0,0.8609686,1,0.9637903,0.7384344,0,0,0,0,0,0,0,0,0,0,0,0,0,0,0,0,0,0,0,0,0,0,0,0,0,0,0,0,0,0.8935047,0.9223391,0.9067618,1,0.8792725,0,0,0,0,0,0,0,0,0,0,0,0,0
0,0,0,0,0,0,0,0,0,0,0,0,0,0,0.778398,0.9548538,1,0.8776089,0,0,0,0,0,0,0,0,0,0,0,0,0,0,0,0,0,0,0,0,0,0,0,0,0,0,0,0,0,0,0.8288668,1,0.9857344,0.8634426,0,0,0,0,0,0,0,0,0,0,0,0,0,0,0,0,0,0,0,0,0,0,0,0,0,0,0,0,0.6628859,0.9437346,1,0.8629751,0,0,0,0,0,0,0,0,0,0,0,0,0,0,0,0,0,0,0,0,0,0,0,0,0,0,0,0,0,0.654417,0.915013,1,0.9282066,0,0,0,0,0,0,0,0,0,0,0,0,0,0,0,0,0,0,0,0,0,0,0,0,0,0,0,0,0,0,0.9565683,1,0.979341,0.9100647,0.7808531,0,0,0,0,0,0,0,0,0,0,0,0,0
0,0,0,0,0,0,0,0,0,0,0,0,0,0.6746057,0.8172185,0.9396164,1,0.8847718,0,0,0,0,0,0,0,0,0,0,0,0,0,0,0,0,0,0,0,0,0,0,0,0,0,0,0,0,0,0,0.840257,1,0.934973,0.8637248,0,0,0,0,0,0,0,0,0,0,0,0,0,0,0,0,0,0,0,0,0,0,0,0,0,0,0,0.6419811,0.6616118,0.9422796,1,0.8799323,0,0,0,0,0,0,0,0,0,0,0,0,0,0,0,0,0,0,0,0,0,0,0,0,0,0,0,0,0,0.6764831,0.8189948,1,0.9722438,0.7524971,0,0,0,0,0,0,0,0,0,0,0,0,0,0,0,0,0,0,0,0,0,0,0,0,0,0,0,0,0.8172677,0.9133593,1,0.9654412,0.7523918,0,0,0,0,0,0,0,0,0,0,0,0,0,0
0,0,0,0,0,0,0,0,0,0,0,0,0.7079695,0.8161981,0.8021228,0.8971208,1,0.8934355,0,0,0,0,0,0,0,0,0,0,0,0,0,0,0,0,0,0,0,0,0,0,0,0,0,0,0,0,0,0,0.8572962,1,0.9647987,0.8191988,0,0,0,0,0,0,0,0,0,0,0,0,0,0,0,0,0,0,0,0,0,0,0,0,0,0,0,0.6521586,0,0.9464198,1,0.8712716,0.6702691,0.6538268,0.5822412,0.612963,0.5938083,0,0,0,0,0,0,0,0,0,0,0,0,0,0,0,0,0,0,0,0,0,0,0,0.7365243,0.7851366,0.8659397,1,0.963191,0.7288416,0,0,0,0,0,0,0,0,0,0,0,0,0,0,0,0,0,0,0,0,0,0,0,0,0,0,0,0.9009424,0.9902519,0.8695266,1,0.9209568,0.9522254,0,0,0,0,0,0,0,0,0,0,0,0,0,0
0,0,0,0,0,0,0,0,0,0,0,0,0.8640489,0.8856347,0.7701252,0.9336836,1,0.8976952,0,0,0,0,0,0,0,0,0,0,0,0,0,0,0,0,0,0,0,0,0,0,0,0,0,0,0,0,0,0,0.8832681,0.9746066,1,0.8975511,0.8371317,0,0,0,0,0,0,0,0,0,0,0,0,0,0,0,0,0,0,0,0,0,0,0,0,0,0,0,0.7641425,0.9591802,1,0.8846061,0,0,0,0,0,0,0,0,0,0,0,0,0,0,0,0,0,0,0,0,0,0,0,0,0,0,0.7578204,0.7979839,0.8070908,0,0.9163572,1,0.9377325,0,0,0,0,0,0,0,0,0,0,0,0,0,0,0,0,0,0,0,0,0,0,0,0,0,0,0,0,0.9673105,0.9887112,0,0.9863192,1,0.9423528,0,0,0,0,0,0,0,0,0,0,0,0,0,0
0,0,0,0,0,0,0,0,0,0,0.708048,0.8334788,0.8701215,0.778222,0.7496874,0.9327046,1,0.8748175,0.6561523,0,0,0,0,0,0,0,0,0,0,0,0,0,0,0,0,0,0,0,0,0,0,0,0,0,0,0.8207945,0.8917687,0.9794883,1,0.9241756,0.918384,0.7416898,0.7381347,0,0,0,0,0,0,0,0,0,0,0,0,0,0,0,0,0,0,0,0,0,0,0,0,0,0,0.7572367,0.830683,0.9737148,1,0.8415531,0,0,0,0,0,0,0,0,0,0,0,0,0,0,0,0,0,0,0,0,0,0,0,0.623619,0.6501542,0.6447237,0.6434981,0.7874467,0.78501,0.8051019,0.855804,1,0.9455199,0,0,0,0,0,0,0,0,0,0,0,0,0,0,0,0,0,0,0,0,0,0,0,0,0,0,0,0.834678,0.9547731,1,0.8688877,0.8719588,0.8909073,0.8166479,0.7402062,0,0,0,0,0,0,0,0,0,0,0,0,0
0,0,0,0,0,0,0,0,0,0.6962976,0.7306048,0.8399854,0.8541862,0.8101764,0,0.9291925,1,0.904769,0,0,0,0,0,0,0,0,0,0,0,0,0,0,0,0,0,0,0,0,0,0,0,0,0,0,0.8170114,0.8287191,0.8888822,0.8616487,0.9441463,1,0.9221613,0.8309839,0.8108568,0.747115,0,0,0,0,0,0,0,0,0,0,0,0,0,0,0,0,0,0,0,0,0,0,0,0,0,0.7076277,0.7746577,0.9392717,1,0.8947651,0.7100474,0,0,0,0,0,0,0,0,0,0,0,0,0,0,0,0,0,0,0,0,0,0,0,0,0,0.6907777,0.661884,0.7010193,0.8038433,0.905843,1,0.9457875,0.6849003,0,0,0,0,0,0,0,0,0,0,0,0,0,0,0,0,0,0,0,0,0,0,0,0,0.7870991,0.7874652,0.8132665,0.8427622,1,0.9805396,0.9686388,0.9696974,0.8431025,0.8040867,0,0,0,0,0,0,0,0,0,0,0,0,0
0,0,0,0,0,0,0,0,0,0,0,0.7657257,0.8123413,0.7855366,0.7977467,0.8896599,1,0.9234539,0,0,0,0,0,0,0,0,0,0,0,0,0,0,0,0,0,0,0,0,0,0,0,0,0,0,0,0.8882228,0.9196222,0.9363115,0.8379248,1,0.9612437,0.8689259,0.8527746,0,0,0,0,0,0,0,0,0,0,0,0,0,0,0,0,0,0,0,0,0,0,0,0,0,0,0.8328541,0.8310884,0.9400482,1,0.9089165,0.7375611,0,0,0,0,0,0,0,0,0,0,0,0,0,0,0,0,0,0,0,0,0,0,0,0,0,0.817373,0.8144689,0.7825878,0.9075772,0.922751,1,0.9811325,0.7806125,0,0,0,0,0,0,0,0,0,0,0,0,0,0,0,0,0,0,0,0,0,0,0,0,0.8115281,0.904917,0.9290813,0.9266029,0.9256187,1,0.9911112,0.9745632,0.8866445,0.8536583,0,0,0,0,0,0,0,0,0,0,0,0,0
0,0,0,0,0,0,0,0,0,0,0.6633852,0.7216585,0.6878294,0.6521477,0.7576809,0.9166102,1,0.9073952,0,0,0.6708009,0.6645997,0,0,0,0,0,0,0,0,0,0,0,0,0,0,0,0,0,0,0,0,0,0,0.7423981,0.8614911,0.8081192,0.85913,0.9557101,0.997511,1,0.8141172,0,0,0,0,0,0,0,0,0,0,0,0,0,0,0,0,0,0,0,0,0,0,0,0,0.6658058,0.7849227,0.8376761,0.7696985,0.8052483,0.9370894,1,0.8846623,0,0.6308516,0.6722686,0.6735222,0.6433117,0,0,0,0,0,0,0,0,0,0,0,0,0,0,0,0,0,0,0,0,0.6951221,0.7288728,0.7358522,0.8712382,0.8586195,0.8815866,1,0.9718759,0.7522004,0.6548344,0,0,0,0,0,0,0,0,0,0,0,0,0,0,0,0,0,0,0,0,0,0,0,0.7106972,0.7289296,0,0.9349058,1,0.9131296,0.8087752,0.8801954,0.787936,0,0,0,0,0,0,0,0,0,0,0,0,0,0
0,0,0,0,0,0,0,0,0,0,0,0,0,0,0.6737392,0.9121543,1,0.9231683,0.6578785,0,0,0,0,0,0,0,0,0,0,0,0,0,0,0,0,0,0,0,0,0,0,0,0,0,0,0.7551121,0.8884684,0.9092989,0.7656935,1,0.9537022,0,0,0,0,0,0,0,0,0,0,0,0,0,0,0,0,0,0,0,0,0,0,0,0,0,0,0,0.6597539,0.7665249,0.8397076,0.9426944,1,0.8905506,0,0,0,0,0,0,0,0,0,0,0,0,0,0,0,0,0,0,0,0,0,0,0,0,0,0,0,0.6616768,0.7609702,0.714456,0.914571,1,0.941565,0,0,0,0,0,0,0,0,0,0,0,0,0,0,0,0,0,0,0,0,0,0,0,0,0,0,0,0.7813307,0.8422841,0.9180266,0.8873096,1,0.9057116,0.770082,0,0,0,0,0,0,0,0,0,0,0,0,0,0
0,0,0,0,0,0,0,0,0,0,0,0,0,0,0,0.8988413,1,0.93432,0.6659943,0,0,0,0,0,0,0,0,0,0,0,0,0,0,0,0,0,0,0,0,0,0,0,0,0,0,0,0.7871076,0,0.83909,0.9572868,1,0.7908491,0,0,0,0,0,0,0,0,0,0,0,0,0,0,0,0,0,0,0,0,0,0,0,0,0,0,0,0.7092458,0.7746297,0.9291914,1,0.9131874,0.6388393,0,0,0,0,0,0,0,0,0,0,0,0,0,0,0,0,0,0,0,0,0,0,0,0,0,0,0,0,0.7461824,0.840565,0.9912139,1,0.8461933,0,0,0,0,0,0,0,0,0,0,0,0,0,0,0,0,0,0,0,0,0,0,0,0,0,0,0,0.7308601,0.9162211,0.9927868,0.8493191,1,0.9458984,0.7225973,0,0,0,0,0,0,0,0,0,0,0,0,0
0,0,0,0,0,0,0,0,0,0,0,0,0,0,0,0.9027225,1,0.883158,0.8632941,0.8019753,0,0,0,0,0,0,0,0,0,0,0,0,0,0,0,0,0,0,0,0,0,0,0,0,0,0,0,0,0.8683477,1,0.9733513,0.8248838,0,0,0,0,0,0,0,0,0,0,0,0,0,0,0,0,0,0,0,0,0,0,0,0,0,0,0,0,0.7280285,0.9465835,1,0.8547208,0.8541081,0.8210837,0.7290451,0,0,0,0,0,0,0,0,0,0,0,0,0,0,0,0,0,0,0,0,0,0,0,0,0,0,0,0.8440911,1,0.9694795,0.8257828,0.8718914,0.8518591,0.7235411,0,0,0,0,0,0,0,0,0,0,0,0,0,0,0,0,0,0,0,0,0,0,0,0,0,0,0.8968941,0.8981811,0.9904972,1,0.8657614,0.8784943,0.8483867,0,0,0,0,0,0,0,0,0,0,0
0,0,0,0,0,0,0,0,0,0,0,0,0,0,0,0.9113514,1,0.8902427,0.8304427,0,0,0,0,0,0,0,0,0,0,0,0,0,0,0,0,0,0,0,0,0,0,0,0,0,0,0,0,0.7728752,0.8833113,0.98705,1,0.8846955,0,0,0,0,0,0,0,0,0,0,0,0,0,0,0,0,0,0,0,0,0,0,0,0,0,0,0,0,0.6499193,0.913362,1,0.9329665,0.7634367,0.7632678,0.7101058,0,0,0,0,0,0,0,0,0,0,0,0,0,0,0,0,0,0,0,0,0,0,0,0,0,0,0.6983054,0.7780311,1,0.9987577,0.9275669,0.9296336,0.8178652,0.8131992,0.6862835,0,0,0,0,0,0,0,0,0,0,0,0,0,0,0,0,0,0,0,0,0,0,0,0,0,0.8585455,0,1,0.9782104,0.9890941,0.7898515,0.9578843,0.9079275,0,0,0,0,0,0,0,0,0,0
0,0,0,0,0,0,0,0,0,0,0,0,0,0,0,0.9039013,1,0.9187868,0.7855658,0.8606229,0.811371,0.7501808,0.7015959,0,0,0,0,0,0,0,0,0,0,0,0,0,0,0,0,0,0,0,0,0,0,0,0,0.7152398,0.8596804,0.9500966,1,0.8633078,0.8116644,0.734078,0,0,0,0,0,0,0,0,0,0,0,0,0,0,0,0,0,0,0,0,0,0,0,0,0,0,0.6218778,0.9408329,1,0.8670887,0.7335231,0.7793907,0.8333997,0.8088621,0.7071611,0.6439816,0,0,0,0,0,0,0,0,0,0,0,0,0,0,0,0,0,0,0,0,0,0,0,0,0.8351064,1,0.9827088,0.813675,0.8814265,0.8372919,0.8624397,0.813604,0.6553839,0,0,0,0,0,0,0,0,0,0,0,0,0,0,0,0,0,0,0,0,0,0,0,0,0.7642419,0.9174759,0.8449889,1,0.919607,0.8995832,0,0.8978108,0,0,0,0,0,0,0,0,0,0
0,0,0,0,0,0,0,0,0,0,0,0,0,0,0.703995,0.9029111,1,0.9191961,0.7715479,0,0.7996032,0.7703343,0.6942285,0,0,0,0,0,0,0,0,0,0,0,0,0,0,0,0,0,0,0,0,0,0,0,0.751739,0.8205536,0.8955758,1,0.954791,0.8083664,0.872003,0.834152,0,0,0,0,0,0,0,0,0,0,0,0,0,0,0,0,0,0,0,0,0,0,0,0,0.6421028,0.710103,0.7405207,0.9142368,1,0.8963739,0.6909696,0.8027074,0.8618814,0.7890741,0.6494948,0,0,0,0,0,0,0,0,0,0,0,0,0,0,0,0,0,0,0,0,0,0,0,0.6998628,0.7347891,0.8280271,1,0.9666452,0.7981744,0.8838364,0.9166808,0.8923137,0.7922031,0.7250118,0,0,0,0,0,0,0,0,0,0,0,0,0,0,0,0,0,0,0,0,0,0,0.7758426,0.825937,0.7595438,0.8087892,1,0.9138323,0.9790969,0.9431534,0.9718602,0.8913245,0.806343,0.8242332,0,0,0,0,0,0,0,0
0,0,0,0,0,0,0,0,0,0,0,0,0.732026,0.7998726,0.7645469,0.8972546,1,0.8843604,0.8223609,0.8398323,0.7297537,0.725997,0,0,0,0,0,0,0,0,0,0,0,0,0,0,0,0,0,0,0,0,0,0,0,0.7384306,0.7749239,0.847961,0.8837108,0.9756683,1,0.8123657,0.8154654,0,0.8048516,0.7654813,0,0,0,0,0,0,0,0,0,0,0,0,0,0,0,0,0,0,0,0,0,0,0,0.6604335,0.7655435,0.9455644,1,0.9003316,0.7118792,0.6503875,0.7421505,0.7464457,0.7047636,0.6785169,0.6343912,0,0,0,0,0,0,0,0,0,0,0,0,0,0,0,0,0,0,0,0,0,0.6817622,0.8148239,0.8774415,1,0.9522608,0.8138661,0.7875547,0.7411916,0.7923477,0.7794499,0.7688146,0.6516716,0.6503932,0,0,0,0,0,0,0,0,0,0,0,0,0,0,0,0,0,0,0,0,0,0.9049028,1,0.9748066,0.9894446,0.9230447,0.8898833,0.9211265,0.849173,0,0.8306953,0,0,0,0,0,0,0,0,0
0,0,0,0,0,0,0,0,0,0,0,0,0.7194807,0.8209792,0.6887256,0.932179,1,0.91926,0.8151813,0.7184635,0,0.6557711,0,0,0,0,0,0,0,0,0,0,0,0,0,0,0,0,0,0,0,0,0,0,0,0.7435488,0,0,0.8488494,1,0.9532646,0.7801185,0.7694504,0.7655926,0.7932099,0.7099519,0,0,0,0,0,0,0,0,0,0,0,0,0,0,0,0,0,0,0,0,0,0,0,0.6815122,0.7201455,0.93446,1,0.8929996,0.7600297,0.6608239,0,0,0.6418362,0.6348583,0,0,0,0,0,0,0,0,0,0,0,0,0,0,0,0,0,0,0,0,0,0,0.6928925,0.8101563,0.7979272,1,0.9521833,0.8100794,0.7994788,0,0.6941156,0.6838168,0,0.6618557,0,0,0,0,0,0,0,0,0,0,0,0,0,0,0,0,0,0,0,0,0,0,0,0.8766468,1,0.9684415,0.7947286,0.8781504,0,0.7917066,0.783778,0,0,0,0,0,0,0,0,0,0
0,0,0,0,0,0,0,0,0,0,0,0,0.6677759,0.80589,0.7963229,0.918888,1,0.9135256,0.7266548,0.6846904,0.7046528,0.6924693,0,0,0,0,0,0,0,0,0,0,0,0,0,0,0,0,0,0,0,0,0,0,0.7897115,0.8149948,0.8342209,0.7942623,0.844878,1,0.9591295,0.7958751,0.772319,0.7513064,0,0,0,0,0,0,0,0,0,0,0,0,0,0,0,0,0,0,0,0,0,0,0,0,0,0.666397,0.6730216,0.9476314,1,0.8938238,0.7117873,0,0.6581388,0.6916682,0,0,0,0,0,0,0,0,0,0,0,0,0,0,0,0,0,0,0,0,0,0,0,0.7565932,0.8006232,0.7440691,0.8732007,1,0.9480605,0.7693599,0.690861,0,0,0,0,0,0,0,0,0,0,0,0,0,0,0,0,0,0,0,0,0,0,0,0,0,0.847492,0.875282,0.7482575,0,0.9667466,1,0.8108495,0.7749072,0,0,0,0,0,0,0,0,0,0,0,0,0
0,0,0,0,0,0,0,0,0,0,0,0,0.719468,0,0.7193054,0.9243824,1,0.8886352,0,0,0,0,0,0,0,0,0,0,0,0,0,0,0,0,0,0,0,0,0,0,0,0,0,0,0,0,0.7221283,0,0.8348398,1,0.9616076,0.7710084,0,0,0,0,0,0,0,0,0,0,0,0,0,0,0,0,0,0,0,0,0,0,0,0,0,0,0.686865,0.7124112,0.7197502,0.9655995,1,0.8596296,0,0,0,0,0,0,0,0,0,0,0,0,0,0,0,0,0,0,0,0,0,0,0,0,0,0,0,0.7318778,0.7902008,0.7562574,0.8387653,1,0.9608099,0,0,0,0,0,0,0,0,0,0,0,0,0,0,0,0,0,0,0,0,0,0,0,0,0,0,0,0.759191,0.8384074,0.8002248,0,0.9746017,1,0.8328969,0,0,0,0,0,0,0,0,0,0,0,0,0,0
0,0,0,0,0,0,0,0,0,0,0,0,0,0,0.6973118,0.9111577,1,0.8893354,0.6474622,0,0,0,0,0,0,0,0,0,0,0,0,0,0,0,0,0,0,0,0,0,0,0,0,0,0,0,0,0.6555109,0.8741575,1,0.9542729,0,0,0,0,0,0,0,0,0,0,0,0,0,0,0,0,0,0,0,0,0,0,0,0,0,0,0,0,0.6351157,0.7135902,0.9467717,1,0.8713143,0,0,0,0,0,0,0,0,0,0,0,0,0,0,0,0,0,0,0,0,0,0,0,0,0,0,0,0,0,0.6268108,0.8851752,1,0.9389726,0,0,0,0,0,0,0,0,0,0,0,0,0,0,0,0,0,0,0,0,0,0,0,0,0,0,0,0,0,0,0.7170271,0.9417805,1,0.8422145,0,0,0,0,0,0,0,0,0,0,0,0,0,0
0,0,0,0,0,0,0,0,0,0,0,0,0,0,0,0.9246003,1,0.8843367,0,0,0,0,0,0,0,0,0,0,0,0,0,0,0,0,0,0,0,0,0,0,0,0,0,0,0,0,0,0,0.8179214,1,0.9705447,0.6725244,0,0,0,0,0,0,0,0,0,0,0,0,0,0,0,0,0,0,0,0,0,0,0,0,0,0,0,0,0.6035472,0.9345647,1,0.8797898,0,0,0,0,0,0,0,0,0,0,0,0,0,0,0,0,0,0,0,0,0,0,0,0,0,0,0,0,0,0,0.8461129,1,0.9532301,0.6384438,0,0,0,0,0,0,0,0,0,0,0,0,0,0,0,0,0,0,0,0,0,0,0,0,0,0,0,0,0,0,0.9358829,1,0.8434207,0,0,0,0,0,0,0,0,0,0,0,0,0,0
0,0,0,0,0,0,0,0,0,0,0,0,0,0,0,0.937519,1,0.8824401,0,0,0,0,0,0,0,0,0,0,0,0,0,0,0,0,0,0,0,0,0,0,0,0,0,0,0,0,0,0,0.8434644,1,0.9851441,0.7931452,0,0,0,0,0,0,0,0,0,0,0,0,0,0,0,0,0,0,0,0,0,0,0,0,0,0,0,0,0,0.9576157,1,0.8843645,0,0,0,0,0,0,0,0,0,0,0,0,0,0,0,0,0,0,0,0,0,0,0,0,0,0,0,0,0,0,0.8779267,1,0.9568487,0,0,0,0,0,0,0,0,0,0,0,0,0,0,0,0,0,0,0,0,0,0,0,0,0,0,0,0,0,0,0,0.9572816,1,0.8393872,0,0,0,0,0,0,0,0,0,0,0,0,0,0
0,0,0,0,0,0,0,0,0,0,0,0,0,0,0,0.9165493,1,0.8944488,0,0,0,0,0,0,0,0,0,0,0,0,0,0,0,0,0,0,0,0,0,0,0,0,0,0,0,0,0,0,0.8361419,1,0.948254,0.7320037,0,0,0,0,0,0,0,0,0,0,0,0,0,0,0,0,0,0,0,0,0,0,0,0,0,0,0,0,0.6131648,0.9536449,1,0.846202,0,0,0,0,0,0,0,0,0,0,0,0,0,0,0,0,0,0,0,0,0,0,0,0,0,0,0,0,0,0,0.8557054,1,0.9502357,0.6282617,0,0,0,0,0,0,0,0,0,0,0,0,0,0,0,0,0,0,0,0,0,0,0,0,0,0,0,0,0,0,0.9510089,1,0.8429052,0,0,0,0,0,0,0,0,0,0,0,0,0,0
0,0,0,0,0,0,0,0,0,0,0,0,0,0,0,0.9240689,1,0.9008152,0,0,0,0,0,0,0,0,0,0,0,0,0,0,0,0,0,0,0,0,0,0,0,0,0,0,0,0,0,0,0.8394294,1,0.9693921,0.7637175,0,0,0,0,0,0,0,0,0,0,0,0,0,0,0,0,0,0,0,0,0,0,0,0,0,0,0,0,0,0.9494318,1,0.8851395,0,0,0,0,0,0,0,0,0,0,0,0,0,0,0,0,0,0,0,0,0,0,0,0,0,0,0,0,0,0,0.8697948,1,0.9535335,0,0,0,0,0,0,0,0,0,0,0,0,0,0,0,0,0,0,0,0,0,0,0,0,0,0,0,0,0,0,0,0.9725949,1,0.8099715,0,0,0,0,0,0,0,0,0,0,0,0,0,0
