GestureName: s
Duration(ms): 987
Handedness: right

SpeakerAngles: 5
55
-55
0
0
110

SpeakerElevations: 5
-10
-10
-10
0
30

InterpretedPoints: 21
0,0,0
0,0,0
0,0,0
0,0,0
-0.813797681349374,-1.68860962028618,-0.32635182233307
-1.62759536269875,-4.36202699358458,-0.479055466999209
-1.62759536269875,-3.37721924057237,-0.652703644666139
-0.813797681349374,-1.68860962028618,-0.32635182233307
0.820888078587149,0.957274009023784,0.652703644666139
0.820888078587149,0.972466256011576,0.82635182233307
-0.00709039723777505,5.89963221519014,-2.06283359900237
4.06189800950909,7.44902604553561,0.784462756331487
4.86860529362069,6.89935577105978,1.13175911166535
5.67531257773229,4.34968549658394,1.47905546699921
2.42721224957257,1.68860962028618,0.32635182233307
1.62050496546097,2.25347214174981,0.152703644666139
0,1,0
-0.792526489636049,-0.0275337439884241,0.82635182233307
-1.6134145682232,-4.09934054895166,0.694592710667721
-1.62050496546097,-4.23827989476202,0.0209445330007911
-2.4201218523348,3.19906670669459,-0.694592710667721

StrokePoints: 22
0,0,0
0,0,0
0,0,0
0,0,0
0,0,0
-0.813797681349374,-1.68860962028618,-0.32635182233307
-2.44139304404812,-6.05063661387076,-0.805407289332278
-4.06898840674687,-9.42785585444313,-1.45811093399842
-4.88278608809624,-11.1164654747293,-1.78446275633149
-4.06189800950909,-10.1591914657055,-1.13175911166535
-3.24100993092194,-9.18672520969396,-0.305407289332278
-3.24810032815972,-3.28709299450381,-2.36824088833465
0.813797681349375,4.16193305103179,-1.58377813200316
5.68240297497007,11.0612888220916,-0.452019020337816
11.3577155527024,15.4109743186755,1.02703644666139
13.7849278022749,17.0995839389617,1.35338826899446
15.4054327677359,19.3530560807115,1.5060919136606
15.4054327677359,20.3530560807115,1.5060919136606
14.6129062780999,20.3255223367231,2.33244373599367
12.9994917098767,16.2261817877714,3.02703644666139
11.3789867444157,11.9879018930094,3.04798097966218
8.95886489208089,15.186968599704,2.35338826899446

Velocities: 21
0,0,0
0,0,0
0,0,0
0,0,0
0,0,-1
0,0,-3
0,0,-2
0,0,-1
0,1,1
0,1,0
2,1,6
2,1,4
2,0,3
2,-1,2
1,-1,1
1,0,1
0,0,0
-1,2,0
-2,0,-2
-1,0,-2
-3,0,7

InverseVelocities: 21
0,0,0
0,0,0
0,0,0
0,0,0
0,0,0
0,0,2
0,0,0
0,0,0
0,0,0
0,0,0
-2,0,0
0,0,0
0,0,0
0,0,-1
0,0,0
0,0,0
0,0,0
0,0,0
0,0,0
0,0,2
2,0,0

RawData: 21
0,0,0,0,0,0,0,0,0,0,0,0,0,0,0,0.9229521,1,0.8644973,0.7510354,0,0,0,0,0,0,0,0,0,0,0,0,0,0,0,0,0,0,0,0,0,0,0,0,0,0,0,0,0,0,0.9566878,1,0.8587366,0,0,0,0,0,0,0,0,0,0,0,0,0,0,0,0,0,0,0,0,0,0,0,0,0,0,0,0,0.6959445,0.9456536,1,0.8601074,0,0,0,0,0,0,0,0,0,0,0,0,0,0,0,0,0,0,0,0,0,0,0,0,0,0,0,0,0,0,0.8776794,1,0.965364,0.8117808,0.711642,0,0,0,0,0,0,0,0,0,0,0,0,0,0,0,0,0,0,0,0,0,0,0,0,0,0,0,0,0,0.9617912,1,0.8876404,0,0,0,0,0,0,0,0,0,0,0,0,0,0
0,0,0,0,0,0,0,0,0,0,0,0,0,0,0,0.9140496,1,0.9332075,0.7010424,0,0,0,0,0,0,0,0,0,0,0,0,0,0,0,0,0,0,0,0,0,0,0,0,0,0,0,0,0,0.7355688,0.9738168,1,0.8489196,0,0,0,0,0,0,0,0,0,0,0,0,0,0,0,0,0,0,0,0,0,0,0,0,0,0,0,0,0,0.9592264,1,0.8618395,0.7447971,0,0,0,0,0,0,0,0,0,0,0,0,0,0,0,0,0,0,0,0,0,0,0,0,0,0,0,0,0,0.844705,1,0.9845029,0.8582156,0,0,0,0,0,0,0,0,0,0,0,0,0,0,0,0,0,0,0,0,0,0,0,0,0,0,0,0,0,0,0.9687199,1,0.8885977,0,0,0,0,0,0,0,0,0,0,0,0,0,0
0,0,0,0,0,0,0,0,0,0,0,0,0,0,0,0.9315256,1,0.8627012,0,0,0,0,0,0,0,0,0,0,0,0,0,0,0,0,0,0,0,0,0,0,0,0,0,0,0,0,0,0,0.8101782,0.9985248,1,0.8603315,0,0,0,0,0,0,0,0,0,0,0,0,0,0,0,0,0,0,0,0,0,0,0,0,0,0,0,0,0.6341658,0.9422846,1,0.89129,0.6329022,0,0,0,0,0,0,0,0,0,0,0,0,0,0,0,0,0,0,0,0,0,0,0,0,0,0,0,0,0,0.8780066,1,0.9253808,0.7191306,0,0,0,0,0,0,0,0,0,0,0,0,0,0,0,0,0,0,0,0,0,0,0,0,0,0,0,0,0,0,0.9503079,1,0.8825349,0.7122667,0,0,0,0,0,0,0,0,0,0,0,0,0
0,0,0,0,0,0,0,0,0,0,0,0,0,0,0,0.913716,1,0.8834273,0,0,0,0,0,0,0,0,0,0,0,0,0,0,0,0,0,0,0,0,0,0,0,0,0,0,0,0,0,0,0.8731473,1,0.9343735,0.8881289,0,0,0,0,0,0,0,0,0,0,0,0,0,0,0,0,0,0,0,0,0,0,0,0,0,0,0,0.5889519,0.7286487,0.9422828,1,0.871717,0,0,0,0,0,0,0,0,0,0,0,0,0,0,0,0,0,0,0,0,0,0,0,0,0,0,0,0,0,0.8352263,0.9603873,1,0.969497,0,0,0,0,0,0,0,0,0,0,0,0,0,0,0,0,0,0,0,0,0,0,0,0,0,0,0,0,0,0.6460549,0.8079613,0.9872463,1,0.839403,0.6394455,0,0,0,0,0,0,0,0,0,0,0,0,0
0,0,0,0,0,0,0,0,0,0,0,0,0,0,0.6033288,0.9313957,1,0.8847294,0,0,0,0,0,0,0,0,0,0,0,0,0,0,0,0,0,0,0,0,0,0,0,0,0,0,0,0,0,0,0.6907791,0.9753732,1,0.8966865,0.6447804,0,0,0,0,0,0,0,0,0,0,0,0,0,0,0,0,0,0,0,0,0,0,0,0,0,0.6571542,0.7846686,0.8273612,0.9681422,1,0.8252769,0.630899,0,0,0,0,0,0,0,0,0,0,0,0,0,0,0,0,0,0,0,0,0,0,0,0,0,0,0.6694806,0.8448209,0.9108075,0.9413794,1,0.9440588,0.7345718,0,0,0,0,0,0,0,0,0,0,0,0,0,0,0,0,0,0,0,0,0,0,0,0,0,0,0.6321005,0.8101479,0.926569,0.9429998,0.8747222,1,0.8812253,0,0,0,0,0,0,0,0,0,0,0,0,0,0
0,0,0,0,0,0,0,0,0,0,0,0,0,0,0,0.9296744,1,0.8940651,0,0,0,0,0,0,0,0,0,0,0,0,0,0,0,0,0,0,0,0,0,0,0,0,0,0,0,0,0,0,0.8654392,1,0.9475266,0.8924261,0,0,0,0,0,0,0,0,0,0,0,0,0,0,0,0,0,0,0,0,0,0,0,0,0.6770611,0.6921912,0.7863621,0.8286291,0.7920618,0.9488032,1,0.8992867,0,0,0.6904107,0.6780832,0,0,0,0,0,0,0,0,0,0,0,0,0,0,0,0,0,0,0,0,0,0,0.7225254,0.7774752,0.9374282,0.9486879,0.8717703,1,0.9700301,0.7479761,0,0,0,0,0,0,0,0,0,0,0,0,0,0,0,0,0,0,0,0,0,0,0,0,0,0.7639326,0.8364739,0.9544418,0.989629,0.8703694,0.948794,1,0.8574749,0,0,0,0,0,0,0,0,0,0,0,0,0,0
0,0,0,0,0,0,0,0,0,0,0,0,0,0.7317589,0.7991144,0.9223015,1,0.8807501,0,0,0,0,0,0,0,0,0,0,0,0,0,0,0,0,0,0,0,0,0,0,0,0,0,0,0,0,0,0.7044286,0.7527184,0.9587988,1,0.8776395,0,0,0,0,0,0,0,0,0,0,0,0,0,0,0,0,0,0,0,0,0,0,0,0,0,0.6698694,0.7543587,0.7169584,0.7853355,0.9701509,1,0.8267819,0.659119,0,0,0,0,0,0,0,0,0,0,0,0,0,0,0,0,0,0,0,0,0,0,0,0,0,0.6868745,0.8329429,0.811673,0.6947607,0.9019404,1,0.9459112,0.6554101,0,0,0,0,0,0,0,0,0,0,0,0,0,0,0,0,0,0,0,0,0,0,0,0,0,0.7382454,0.8074052,0.9564689,0.7948725,0.939066,1,0.914174,0.8845034,0,0,0,0,0,0,0,0,0,0,0,0,0,0
0,0,0,0,0,0,0,0,0,0,0,0,0,0.6559106,0.7772482,0.912501,1,0.8754156,0,0,0,0,0,0,0,0,0,0,0,0,0,0,0,0,0,0,0,0,0,0,0,0,0,0,0,0,0,0,0.8545292,0.9540634,1,0.9767566,0.7362471,0,0,0,0,0,0,0,0,0,0,0,0,0,0,0,0,0,0,0,0,0,0,0,0,0,0.6617902,0.8091444,0.8232684,0.9491126,1,0.900085,0.6680615,0.6256662,0,0,0,0,0,0,0,0,0,0,0,0,0,0,0,0,0,0,0,0,0,0,0,0,0,0.7647085,0.9193239,0.9829067,0.8959565,1,0.935764,0.8559426,0,0,0,0,0,0,0,0,0,0,0,0,0,0,0,0,0,0,0,0,0,0,0,0,0,0,0.6614103,0.8042867,0.8630166,0.8064487,0.9364054,1,0.9110411,0,0,0,0,0,0,0,0,0,0,0,0,0,0
0,0,0,0,0,0,0,0,0,0,0,0,0,0,0.7310203,0.9490055,1,0.8833468,0.6171804,0,0,0,0,0,0,0,0,0,0,0,0,0,0,0,0,0,0,0,0,0,0,0,0,0,0,0,0,0,0.8300148,0.9865202,1,0.8337625,0.7489755,0.6797489,0,0,0,0,0,0,0,0,0,0,0,0,0,0,0,0,0,0,0,0,0,0,0,0,0,0.6264376,0.7777858,0.9464537,1,0.8266906,0.6162752,0.6845405,0.609054,0,0,0,0,0,0,0,0,0,0,0,0,0,0,0,0,0,0,0,0,0,0,0,0,0,0,0.856205,0.8869765,0.9707044,1,0.894957,0.6325505,0,0,0,0,0,0,0,0,0,0,0,0,0,0,0,0,0,0,0,0,0,0,0,0,0,0,0.6411813,0.6194726,0.8869131,0.9832605,0.9948623,1,0.8689228,0.7328393,0.659169,0,0,0,0,0,0,0,0,0,0,0
0,0,0,0,0,0,0,0,0,0,0,0,0,0,0.6915198,0.9128023,1,0.8985339,0.7444269,0.6667591,0,0,0,0,0,0,0,0,0,0,0,0,0,0,0,0,0,0,0,0,0,0,0,0,0,0,0,0,0.8186142,0.9775342,0.9522811,1,0.9039481,0.7483739,0,0,0,0,0,0,0,0,0,0,0,0,0,0,0,0,0,0,0,0,0,0,0,0,0,0,0.674399,0.9365627,1,0.9197591,0.7968339,0.6950358,0,0,0,0,0,0,0,0,0,0,0,0,0,0,0,0,0,0,0,0,0,0,0,0,0,0,0,0.7006118,0.9015735,1,0.9736143,0.7888031,0.8041281,0.7034391,0,0,0,0,0,0,0,0,0,0,0,0,0,0,0,0,0,0,0,0,0,0,0,0,0,0,0,0.8199967,0.7980965,1,0.9696048,0.8780473,0.7740828,0.7322967,0,0,0,0,0,0,0,0,0,0,0
0,0,0,0,0,0,0,0,0,0,0,0.6925579,0.7070813,0,0,0.9163575,1,0.9413965,0.8254287,0.7677967,0.7728847,0.7122745,0,0,0,0,0,0,0,0,0,0,0,0,0,0,0,0,0,0,0,0,0,0,0,0,0,0,0.7973759,0.9621001,1,0.9698448,0.8934945,0.7579789,0,0,0,0,0,0,0,0,0,0,0,0,0,0,0,0,0,0,0,0,0,0,0,0,0,0,0.6766325,0.9506679,1,0.798935,0.851572,0.7809358,0.741834,0.7288522,0,0,0.6555859,0.6609872,0,0,0,0,0,0,0,0,0,0,0,0,0,0,0,0,0,0,0.699984,0.7031128,0.7340746,0.70105,0.8812652,1,0.9263626,0.9453188,0.7448634,0,0,0,0,0,0,0,0,0,0,0,0,0,0,0,0,0,0,0,0,0,0,0,0,0,0.7492096,0.735888,0.7387758,0.753059,0.9309911,1,0.9309812,0.7508067,0,0,0,0,0,0,0,0,0,0,0,0,0
0,0,0,0,0,0,0,0,0,0,0,0,0,0,0,0.88392,1,0.9124658,0.8723441,0.8691474,0.7318008,0.6307864,0,0,0,0,0,0,0,0,0,0,0,0,0,0,0,0,0,0,0,0,0,0,0,0,0.7763691,0.8699871,0.8682633,1,0.9920529,0.8453942,0.8247532,0.7584578,0,0,0,0,0,0,0,0,0,0,0,0,0,0,0,0,0,0,0,0,0,0,0,0,0,0.6277958,0.7102891,0.9243968,1,0.9176643,0.7293018,0.6953032,0.7684162,0.7402108,0.6214408,0.5846351,0,0,0,0,0,0,0,0,0,0,0,0,0,0,0,0,0,0,0,0,0,0,0,0.727505,0.8608467,1,0.9651815,0.7841944,0.6346344,0.7564653,0.8060831,0.7534519,0,0,0,0,0,0,0,0,0,0,0,0,0,0,0,0,0,0,0,0,0,0,0,0.6322798,0.6827584,0.8884437,0.8745373,1,0.8136437,0.8120387,0.7658008,0.757893,0.7655178,0.6734698,0,0,0,0,0,0,0,0,0
0,0,0,0,0,0,0,0,0,0,0,0,0,0,0.6717303,0.902519,1,0.867394,0.8312157,0.8597005,0.8244775,0.7556307,0,0,0,0,0,0,0,0,0,0,0,0,0,0,0,0,0,0,0,0,0,0,0,0,0.8167897,0.9443313,0.9552876,0.961628,1,0.6994551,0.7200647,0,0,0,0,0,0,0,0,0,0,0,0,0,0,0,0,0,0,0,0,0,0,0,0,0,0,0.6847951,0.7398267,0.9333048,1,0.8957913,0.7158527,0.6469947,0.7256008,0.6965821,0.5945025,0,0,0,0,0,0,0,0,0,0,0,0,0,0,0,0,0,0,0,0,0,0,0,0.6605746,0.69489,0.7240997,1,0.9850951,0.7958937,0.7648355,0.7524398,0.732392,0.7363732,0.7108542,0,0,0,0,0,0,0,0,0,0,0,0,0,0,0,0,0,0,0,0,0,0,0.7344813,0.8146739,0.8871092,0.9712703,1,0.820628,0.780057,0.717173,0.6761872,0.7729056,0.7195401,0,0,0,0,0,0,0,0,0
0,0,0,0,0,0,0,0,0,0,0,0,0,0,0.7568907,0.884761,1,0.9079273,0.8505431,0.7569598,0.7038819,0.6873423,0,0,0,0,0,0,0,0,0,0,0,0,0,0,0,0,0,0,0,0,0,0,0,0.7650875,0.8672962,0.955351,0.9308234,0.9768131,1,0.8277344,0,0,0,0,0,0,0,0,0,0,0,0,0,0,0,0,0,0,0,0,0,0,0,0,0,0,0.6701124,0.7549019,0.7940917,0.9056542,1,0.8900211,0,0.7163796,0.7107878,0.625383,0,0,0,0,0,0,0,0,0,0,0,0,0,0,0,0,0,0,0,0,0,0,0,0.6960037,0.7287219,0.7681848,0.8411772,1,0.9828387,0.7284076,0.7449991,0.7347337,0.7888392,0.7473192,0,0,0,0,0,0,0,0,0,0,0,0,0,0,0,0,0,0,0,0,0,0,0.7197316,0.7513145,0.7770333,0.8048517,0.9148052,1,0.8860396,0.7147009,0,0,0.7591868,0.6943302,0,0,0,0,0,0,0,0,0
0,0,0,0,0,0,0,0,0,0,0,0,0,0.6566705,0.7369751,0.879433,1,0.9338012,0.6725441,0.7774467,0.6591448,0,0,0,0,0,0,0,0,0,0,0,0,0,0,0,0,0,0,0,0,0,0,0,0,0.7687389,0.798838,0.8569916,0.7828798,0.979519,1,0.8117828,0,0,0,0,0,0,0,0,0,0,0,0,0,0,0,0,0,0,0,0,0,0,0,0,0,0,0,0.6478184,0.6022229,0.9378198,1,0.8993964,0.7229273,0.7170207,0.6366562,0,0,0,0,0,0,0,0,0,0,0,0,0,0,0,0,0,0,0,0,0,0,0,0,0,0.6986835,0.7435383,0.7986297,1,0.9749554,0.8347339,0.8463475,0.744171,0,0,0,0,0,0,0,0,0,0,0,0,0,0,0,0,0,0,0,0,0,0,0,0,0.7312472,0.8001012,0.8393243,0.8222672,0.9662903,1,0.7900102,0.8917007,0.8339925,0,0,0,0,0,0,0,0,0,0,0,0
0,0,0,0,0,0,0,0,0,0,0,0,0,0.7093117,0.685537,0.9194887,1,0.9141942,0.8040671,0.8089148,0.6984326,0,0,0,0,0,0,0,0,0,0,0,0,0,0,0,0,0,0,0,0,0,0,0,0,0,0,0,0.8096495,0.9963363,1,0.9501926,0.9000852,0,0,0,0,0,0,0,0,0,0,0,0,0,0,0,0,0,0,0,0,0,0,0,0,0,0,0.6586289,0.7019891,0.9286368,1,0.9116458,0.7418215,0.76363,0.6651648,0,0,0,0,0,0,0,0,0,0,0,0,0,0,0,0,0,0,0,0,0,0,0,0,0,0,0,0.8335295,1,0.9770434,0.7667986,0.7611303,0.7666788,0,0,0,0,0,0,0,0,0,0,0,0,0,0,0,0,0,0,0,0,0,0,0,0,0,0.7615631,0.7559898,0,0.9616963,1,0.8101898,0.7966762,0.8599643,0,0,0,0,0,0,0,0,0,0,0,0
0,0,0,0,0,0,0,0,0,0,0,0,0,0,0,0.8989766,1,0.9418146,0.8029901,0,0,0,0,0,0,0,0,0,0,0,0,0,0,0,0,0,0,0,0,0,0,0,0,0,0,0,0,0,0.8314088,1,0.9879283,0.8397233,0,0,0,0,0,0,0,0,0,0,0,0,0,0,0,0,0,0,0,0,0,0,0,0,0,0,0,0,0,0.9417681,1,0.9083366,0,0.7493919,0,0,0,0,0,0,0,0,0,0,0,0,0,0,0,0,0,0,0,0,0,0,0,0,0,0,0,0,0.8625966,1,0.9786598,0.7896891,0.7607564,0.7703401,0,0,0,0,0,0,0,0,0,0,0,0,0,0,0,0,0,0,0,0,0,0,0,0,0,0,0,0,0.9284555,1,0.8936321,0,0,0,0,0,0,0,0,0,0,0,0,0,0
0,0,0,0,0,0,0,0,0,0,0,0,0.6950016,0.6344019,0.8012556,0.9358718,1,0.9032292,0.6706737,0,0,0,0,0,0,0,0,0,0,0,0,0,0,0,0,0,0,0,0,0,0,0,0,0,0,0,0,0,0.8141451,1,0.9887523,0.7840756,0.7236583,0.7530008,0.7292287,0,0,0,0,0,0,0,0,0,0,0,0,0,0,0,0,0,0,0,0,0,0,0,0,0.7147188,0.7193492,0.933964,1,0.8902593,0,0,0,0,0,0,0,0,0,0,0,0,0,0,0,0,0,0,0,0,0,0,0,0,0,0,0,0,0.7387812,0.7067024,0.8367124,1,0.971638,0.7153035,0.6532004,0,0,0,0,0,0,0,0,0,0,0,0,0,0,0,0,0,0,0,0,0,0,0,0,0,0.7512895,0.8077251,0.8207297,0.8291311,0.98145,1,0,0.8925014,0.8547711,0.8404245,0,0,0,0,0,0,0,0,0,0,0
0,0,0,0,0,0,0,0,0,0,0,0.7713419,0.8199466,0.7176074,0,0.906917,1,0.928993,0,0,0,0,0,0,0,0,0,0,0,0,0,0,0,0,0,0,0,0,0,0,0,0,0,0,0,0,0,0,0.8045626,1,0.9916731,0.8836843,0,0,0,0,0,0,0,0,0,0,0,0,0,0,0,0,0,0,0,0,0,0,0,0,0,0.7341568,0.8002633,0.7830215,0,0.9339359,1,0.8975727,0,0,0,0,0,0,0,0,0,0,0,0,0,0,0,0,0,0,0,0,0,0,0,0,0,0,0,0.7766331,0.8041385,0,0.8394038,1,0.9802909,0.7405906,0,0,0,0,0,0,0,0,0,0,0,0,0,0,0,0,0,0,0,0,0,0,0,0,0,0,0,0,0,0,0.9387575,1,0.8377461,0,0,0,0,0,0,0,0,0,0,0,0,0,0
0,0,0,0,0,0,0,0,0,0,0,0,0.734947,0.7938869,0.7338207,0.8991158,1,0.8913673,0,0,0,0,0,0,0,0,0,0,0,0,0,0,0,0,0,0,0,0,0,0,0,0,0,0,0,0,0,0,0.8431357,1,0.9421948,0.6777352,0,0,0,0,0,0,0,0,0,0,0,0,0,0,0,0,0,0,0,0,0,0,0,0,0,0.6253713,0.69116,0.7035627,0.7544907,0.9258772,1,0.9017602,0,0.5877726,0.6159416,0.5907015,0,0,0,0,0,0,0,0,0,0,0,0,0,0,0,0,0,0,0,0,0,0,0.6134407,0.7025082,0.7400634,0.7737532,0.8328533,1,0.970856,0.6846295,0,0.613481,0.6039544,0,0,0,0,0,0,0,0,0,0,0,0,0,0,0,0,0,0,0,0,0,0,0,0.7153206,0.7505479,0.8769184,0.8666949,0.9082319,1,0.8336648,0,0,0,0,0,0,0,0,0,0,0,0,0,0
0,0,0,0,0,0,0,0,0,0,0.5933409,0.5854334,0,0,0.6578318,0.9365686,1,0.8777834,0,0,0.6380448,0.6321203,0,0,0,0,0,0,0,0,0,0,0,0,0,0,0,0,0,0,0,0,0,0,0,0,0,0,0.7740152,1,0.9881796,0.7501343,0,0,0,0,0,0,0,0,0,0,0,0,0,0,0,0,0,0,0,0,0,0,0,0,0,0,0,0,0.6829866,0.9528171,1,0.853352,0.6180464,0,0,0.6107609,0.5870163,0,0.5866851,0.5765812,0.5677112,0,0,0,0,0,0,0,0,0,0,0,0,0,0,0,0,0,0.5892501,0,0,0.6568819,0.8773404,1,0.9363,0.5909742,0,0.5802583,0,0,0,0,0,0,0,0,0,0,0,0,0,0,0,0,0,0,0,0,0,0,0,0,0,0.698976,0.6950408,0.7797862,0.9572255,1,0.8362887,0,0,0,0,0,0,0,0,0,0,0,0,0,0
