GestureName: c
Duration(ms): 799
Handedness: right

SpeakerAngles: 5
55
-55
0
0
110

SpeakerElevations: 5
-10
-10
-10
0
30

InterpretedPoints: 17
1.6134145682232,3.25945008585449,-0.694592710667721
2.4484834412859,3.50979503348677,1.47905546699921
-1.5850529792721,8.14361360992648,0.263518223330696
-2.37757946890815,5.88701427405914,2.13175911166535
-0.785436092398274,-6.50683511883872,3.58377813200316
0.00709039723777527,-17.7469385277297,5.18850079700712
2.42721224957257,-18.0979277043022,4.14661173100554
-1.66304734888762,-18.0337550781032,-0.374332801995254
0.792526489636048,-6.02623006399986,0.389185421335443
1.59923377374765,0.477863469512593,-0.479055466999209
1.6134145682232,6.25945008585449,-0.694592710667721
0,0,0
0.820888078587149,5.08699905195103,0.305407289332279
0.813797681349374,-0.296198132726024,0.5
0,0,0
0,0,0
0,0,0

StrokePoints: 18
0,0,0
1.6134145682232,3.25945008585449,-0.694592710667721
4.06189800950909,6.76924511934127,0.784462756331488
2.476845030237,14.9128587292677,1.04798097966218
0.0992655613288513,20.7998730033269,3.17974009132753
-0.686170531069423,14.2930378844882,6.7635182233307
-0.679080133831648,-3.45390064324154,11.9520190203378
1.74813211574092,-21.5518283475437,16.0986307513434
0.0850847668533019,-39.5855834256469,15.7242979493481
0.87761125648935,-45.6118134896468,16.1134833706835
2.476845030237,-45.1339500201342,15.6344279036843
4.09025959846019,-38.8744999342797,14.9398351930166
4.09025959846019,-38.8744999342797,14.9398351930166
4.91114767704734,-33.7875008823286,15.2452424823489
5.72494535839672,-34.0836990150547,15.7452424823489
5.72494535839672,-34.0836990150547,15.7452424823489
5.72494535839672,-34.0836990150547,15.7452424823489
5.72494535839672,-34.0836990150547,15.7452424823489

Velocities: 17
3,1,0
1,2,0
0,6,4
-3,6,2
-7,-3,-2
-9,-8,-10
-6,-8,-7
-3,-8,-7
0,-3,-5
1,-3,-1
3,1,0
0,0,0
1,2,1
0,0,0
0,0,0
0,0,0
0,0,0

InverseVelocities: 17
0,0,0
0,0,0
0,0,-2
0,0,-5
0,0,0
0,1,0
0,0,0
0,0,0
0,0,0
0,0,0
0,0,0
0,0,0
0,0,0
0,0,0
0,0,0
0,0,0
0,0,0

RawData: 17
0,0,0,0,0,0,0,0,0,0,0,0,0,0,0,0.9060642,1,0.9246913,0.7124888,0,0,0.7220056,0.6745366,0,0,0,0,0,0,0,0,0,0,0,0,0,0,0,0,0,0,0,0,0,0,0,0,0,0.8136968,1,0.9762763,0.836123,0.8211133,0.7762066,0,0,0,0,0,0,0,0,0,0,0,0,0,0,0,0,0,0,0,0,0,0,0,0,0,0,0.6666942,0.9352908,1,0.8614424,0.7340591,0,0,0,0,0,0,0,0,0,0,0,0,0,0,0,0,0,0,0,0,0,0,0,0,0,0,0,0,0,0.7913284,1,0.9979576,0.8354539,0.7600248,0.7265696,0,0,0,0,0,0,0,0,0,0,0,0,0,0,0,0,0,0,0,0,0,0,0,0,0,0,0,0.73998,0.926292,1,0.9505849,0.8504766,0,0,0,0,0,0,0,0,0,0,0,0,0
0,0,0,0,0,0,0,0,0,0,0,0,0,0,0,0.8738835,1,0.9318687,0.7743677,0.7381773,0.6863243,0,0,0,0,0,0,0,0,0,0,0,0,0,0,0,0,0,0,0,0,0,0,0,0,0,0,0.6834373,0.8340103,1,0.9580866,0.6855566,0.7774234,0.7548323,0.7787968,0,0,0,0,0,0,0,0,0,0,0,0,0,0,0,0,0,0,0,0,0,0,0,0,0.709484,0.744678,0.8989741,1,0.8927884,0.7697362,0.6698558,0,0,0,0,0,0,0,0,0,0,0,0,0,0,0,0,0,0,0,0,0,0,0,0,0,0,0.672675,0.6975256,0.8020769,1,0.9819212,0.8085994,0.7184576,0.7649267,0.7552239,0.6841256,0,0,0,0,0,0,0,0,0,0,0,0,0,0,0,0,0,0,0,0,0,0,0,0,0,0.7578248,0.9620635,1,0.8514128,0.7683756,0.8172196,0.8179594,0.789999,0.6750004,0,0,0,0,0,0,0,0,0
0,0,0,0,0,0,0,0,0,0,0,0,0,0,0,0.9002407,1,0.9139925,0.7268285,0,0,0,0,0,0,0,0,0,0,0,0,0,0,0,0,0,0,0,0,0,0,0,0,0,0,0,0,0,0.8010498,0.9920734,1,0.8549115,0.6491461,0.7440687,0.8138418,0.7612752,0.646933,0.648307,0.638743,0,0,0,0,0,0,0,0,0,0,0,0,0,0,0,0,0,0,0.6729392,0.7278751,0.7215036,0.7354771,0.9294058,1,0.8444989,0.7549926,0.6747582,0.7259308,0.7479234,0.7031193,0.6648564,0,0,0,0,0,0,0,0,0,0,0,0,0,0,0,0,0,0,0,0.6245811,0.6647946,0.719531,0.6476823,0,0.8469217,1,0.9766604,0.7449059,0,0.6413085,0.7051114,0,0,0,0,0,0,0,0,0,0,0,0,0,0,0,0,0,0,0,0,0,0,0,0,0,0.6698064,0.7131845,0.9514522,1,0.8721023,0.6817102,0.6245766,0.6210337,0.6404042,0.7163505,0,0,0,0,0,0,0,0,0
0,0,0,0,0,0,0,0,0,0,0.6490391,0.6894947,0.6705112,0.6840408,0.6752921,0.9109094,1,0.9117194,0,0,0,0,0,0,0,0,0,0,0,0,0,0,0,0,0,0,0,0,0,0,0,0,0,0,0,0,0,0,0.748745,0.9987028,1,0.7656146,0.6487151,0.7153814,0.7773985,0.7163635,0,0.6706238,0.6729796,0,0,0,0,0,0,0,0,0,0,0,0,0,0,0,0.6800041,0.6886252,0,0.6659328,0.7080263,0.7075963,0.6556218,0.9111802,1,0.8977421,0.7280845,0.6639495,0.6618519,0.6861359,0,0,0,0,0,0,0,0,0,0,0,0,0,0,0,0,0,0,0,0,0,0,0,0.7092556,0.7160658,0.7064937,0.8394037,1,0.9664721,0.7606027,0.7032665,0.6400531,0.6125656,0.6231358,0.602607,0,0,0,0,0,0,0,0,0,0,0,0,0,0,0,0,0,0,0,0,0,0,0,0.619913,0.7071717,0.9654535,1,0.8551967,0.7820586,0.7327466,0.6320859,0.6812495,0.6693656,0.6438349,0.6307002,0,0,0,0,0,0,0
0,0,0,0,0,0,0.6692387,0.7199004,0,0,0,0,0,0,0,0.9028739,1,0.9125549,0,0,0,0,0,0,0,0,0,0,0,0,0,0,0,0,0,0,0,0,0,0,0,0,0,0.6921423,0.7146317,0.7536415,0.7462603,0.7072912,0.7523107,0.9799197,1,0.8609915,0.7374973,0,0,0,0,0,0,0,0,0,0,0,0,0,0,0,0,0,0,0,0,0,0,0,0,0.6479927,0.6773223,0.6330398,0,0.9289728,1,0.907829,0.6472085,0,0,0,0,0,0,0,0,0,0,0,0,0,0,0,0,0,0.6783653,0.6738692,0.6830587,0,0,0,0,0,0,0,0.7003264,0.7074578,0.8632329,1,0.9528812,0.7067649,0.636669,0,0.6274417,0,0,0,0,0,0,0,0,0,0,0,0,0,0,0,0.6929736,0.6975121,0,0,0,0,0,0,0,0.7449401,0.7794978,0.8134599,0.9510083,1,0.8913969,0.7301845,0.7815458,0.7808349,0.7461275,0,0,0,0,0,0,0,0,0,0
0,0,0,0,0.6000478,0.6653043,0.6437318,0.6393636,0.6090321,0,0.659812,0.6156235,0,0.6274943,0.6811653,0.8935554,1,0.8990396,0,0,0,0,0,0,0,0,0,0,0,0,0,0,0,0,0,0,0,0,0.6396716,0.7299642,0.6235715,0.7513987,0.717609,0.8021334,0.7698432,0.7208359,0.6460657,0.7292172,0.8385071,0.938902,1,0.8474178,0.69667,0.6644602,0,0,0,0,0,0,0,0,0,0,0,0,0,0,0,0.5515389,0.6460682,0.6870314,0.6686887,0.5273694,0,0.5784445,0.5838307,0.5938148,0,0,0.6549488,0.9372711,1,0.8793865,0.580972,0,0,0,0,0,0,0,0,0,0,0,0,0,0,0,0.5368045,0.60751,0.6435953,0.650408,0.6654245,0.5939894,0.570742,0,0,0,0,0.6149327,0.6189126,0.6699359,0.831924,1,0.9712515,0.7220637,0.5481912,0,0.5614932,0,0,0,0,0,0,0,0,0,0,0,0,0,0,0,0,0.6689896,0.6566993,0,0,0,0.7707325,0.7969183,0.6761091,0.8302138,0.7811625,0.853006,0.9668077,1,0.8652859,0.7691538,0.6452939,0,0,0,0,0,0,0,0,0,0,0,0
0,0,0,0,0,0,0,0.672724,0,0,0,0.688913,0.7288787,0.6644468,0,0.9021006,1,0.9291332,0.6824124,0,0,0,0,0,0,0,0,0,0,0,0,0,0,0,0,0,0,0,0.7650831,0.8418221,0.8296754,0,0,0.723394,0.8511068,0.8271192,0,0.766713,0.8005286,1,0.9606163,0.7307056,0,0,0,0,0,0,0,0,0,0,0,0,0,0,0,0,0,0,0,0,0.6694883,0.6348622,0,0.6504747,0.7035226,0.6481423,0.6392991,0,0,0.9315791,1,0.9012163,0.6341791,0,0,0,0,0,0,0,0,0,0,0,0,0,0,0,0,0,0,0,0,0,0,0,0,0.6514003,0.6973992,0.6819277,0,0.6637093,0.8205742,1,0.9732082,0.7296879,0.6705135,0,0,0,0,0,0,0,0,0,0,0,0,0,0,0,0,0,0,0,0,0,0.736932,0.8040349,0.8131289,0.7585174,0.7667636,0.8032575,0.7725993,0.8039684,0.925465,1,0.9115292,0,0.7468951,0,0,0,0,0,0,0,0,0,0,0,0
0,0,0,0,0,0,0,0,0,0,0.5769343,0.6481308,0.6526501,0.6858512,0.6901726,0.9355177,1,0.8863871,0,0,0,0,0,0,0,0,0,0,0,0,0,0,0,0,0,0,0,0,0.6299241,0.7016431,0,0.7956076,0.7918909,0.7425567,0.6491281,0.6440357,0.7454286,0.821215,0,1,0.983588,0.7153568,0,0,0,0,0,0,0,0,0,0,0,0,0,0,0,0,0,0,0,0,0.5577488,0.7124022,0.7107896,0.6196285,0.6105828,0,0,0.6677948,0.6991715,0.9409511,1,0.8738884,0.584762,0,0,0,0,0,0,0,0,0,0,0,0,0,0,0,0,0,0,0,0,0.626946,0.6530962,0.6944209,0.6101676,0.5529916,0,0.6743152,0.6792052,0.618638,0.8587173,1,0.9553579,0.6852602,0.5546656,0,0,0,0,0,0,0,0,0,0,0,0,0,0,0,0,0,0,0,0.7524291,0.8570759,0.892901,0.8515242,0.8271086,0.7440534,0.8060281,0.8420067,0,0.7743211,1,0.9557205,0.902101,0.7263864,0,0,0,0,0,0,0,0,0,0,0,0,0
0,0,0,0,0,0,0,0,0,0,0,0,0,0,0,0.9295118,1,0.908159,0,0,0,0,0,0,0,0,0,0,0,0,0,0,0,0,0,0,0,0,0,0,0,0,0,0.8274292,0,0.8205287,0.8441591,0,0.8597451,1,0.9817053,0,0,0,0,0,0,0,0,0,0,0,0,0,0,0,0,0,0,0,0,0,0,0,0.8077412,0.7863907,0,0,0,0,0.8479438,0.982823,1,0.8715746,0,0,0,0,0,0,0,0,0,0,0,0,0,0,0,0,0,0,0,0,0,0,0,0,0,0,0,0,0.7743717,0,0.8919061,1,0.9728782,0.7939598,0,0,0,0,0,0,0,0,0,0,0,0,0,0,0,0,0,0,0,0,0,0,0,0,0,0.919328,0.9365234,0,0,0.9442049,1,0.998122,0.9010918,0,0,0,0,0,0,0,0,0,0,0,0,0,0
0,0,0,0,0,0,0,0,0,0,0,0,0,0.6816833,0.6633313,0.9133721,1,0.8938218,0,0.6933813,0.6712352,0,0,0,0,0,0,0,0,0,0,0,0,0,0,0,0,0,0,0,0,0,0,0.6978016,0.7045488,0.7799101,0.8397275,0.7747651,0.8829829,1,0.9886019,0.8170408,0,0,0,0,0,0,0,0,0,0,0,0,0,0,0,0,0,0,0,0,0,0,0,0,0,0,0.6853433,0.7193102,0.6943563,0.95118,1,0.8537645,0.6360435,0,0,0,0,0,0,0,0,0,0,0,0,0,0,0,0,0,0,0,0,0,0,0,0,0,0,0,0.7574969,0.7826328,0.7725458,1,0.9590642,0.8029471,0,0.6677957,0.6777217,0,0,0,0,0,0,0,0,0,0,0,0,0,0,0,0,0,0,0,0,0,0,0.7600335,0.7672778,0.7181281,0.8250287,0.94423,1,0.9992391,0.8715417,0,0,0,0,0,0,0,0,0,0,0,0,0,0
0,0,0,0,0,0,0,0,0,0,0,0,0,0,0.6910013,0.9424204,1,0.8959736,0.6292743,0,0,0.640142,0.664798,0,0,0,0,0,0,0,0,0,0,0,0,0,0,0,0,0,0,0,0,0,0,0,0.7208577,0.7254621,0.87511,0.9176126,1,0.8396949,0.8075561,0.7628486,0,0,0,0,0,0,0,0,0,0,0,0,0,0,0,0,0,0,0,0,0,0,0,0,0,0,0.7024795,0.9469631,1,0.8889666,0,0,0,0,0,0,0,0,0,0,0,0,0,0,0,0,0,0,0,0,0,0,0,0,0,0,0,0,0,0.683293,0.9216367,1,0.938078,0.7981015,0.6381053,0,0,0.6477597,0.6906546,0,0,0,0,0,0,0,0,0,0,0,0,0,0,0,0,0,0,0,0,0,0,0,0,0.751227,0.99536,1,0.7740577,0.6654292,0,0,0,0,0,0,0,0,0,0,0,0,0
0,0,0,0,0,0,0,0,0,0,0,0,0,0,0,0.9443564,1,0.9192283,0,0,0,0,0,0,0,0,0,0,0,0,0,0,0,0,0,0,0,0,0,0,0,0,0,0,0,0,0,0,0,1,0.9424651,0,0.9285685,0,0,0,0,0,0,0,0,0,0,0,0,0,0,0,0,0,0,0,0,0,0,0,0,0,0,0,0.7928235,0.965016,1,0.8892437,0,0,0,0,0,0,0,0,0,0,0,0,0,0,0,0,0,0,0,0,0,0,0,0,0,0,0,0,0,0,0.9184986,1,0.9571817,0,0,0,0,0,0,0,0,0,0,0,0,0,0,0,0,0,0,0,0,0,0,0,0,0,0,0,0,0,0,0.8627934,0.9943473,1,0.8740766,0.819546,0,0,0,0,0,0,0,0,0,0,0,0,0
0,0,0,0,0,0,0,0,0,0,0,0,0,0,0,0.9348704,1,0.8462898,0,0.727898,0.7186444,0,0,0,0,0,0,0,0,0,0,0,0,0,0,0,0,0,0,0,0,0,0,0,0,0,0,0.8194018,0.8860934,1,0.937579,0.9633027,0.9937822,0.9037867,0.7825238,0,0,0,0,0,0,0,0,0,0,0,0,0,0,0,0,0,0,0,0,0,0,0,0,0,0.7454369,0.9497241,1,0.8799396,0.6757973,0.6917776,0.6861247,0,0,0,0,0,0,0,0,0,0,0,0,0,0,0,0,0,0,0,0,0,0,0,0,0,0,0,0.8649958,1,0.9491976,0.7369287,0,0.7455265,0.7325851,0.6650601,0,0,0,0,0,0,0,0,0,0,0,0,0,0,0,0,0,0,0,0,0,0,0,0,0.6841322,0.8906516,1,0.995286,0.9183106,0.8880655,0.806548,0.7725094,0,0,0,0,0,0,0,0,0,0,0
0,0,0,0,0,0,0,0,0,0,0,0,0,0,0,0.9234768,1,0.8881681,0.655512,0,0,0,0,0,0,0,0,0,0,0,0,0,0,0,0,0,0,0,0,0,0,0,0,0,0,0,0,0,0.9212287,1,0.9332366,0.8375515,0.7524687,0,0,0,0,0,0,0,0,0,0,0,0,0,0,0,0,0,0,0,0,0,0,0,0,0,0,0,0.7099738,0.9565483,1,0.8839049,0.6928791,0.6285725,0,0,0,0,0,0,0,0,0,0,0,0,0,0,0,0,0,0,0,0,0,0,0,0,0,0,0,0.6406639,0.8872246,1,0.9654768,0.8254681,0.7210974,0,0,0,0,0,0,0,0,0,0,0,0,0,0,0,0,0,0,0,0,0,0,0,0,0,0,0,0,0.8170679,0.896638,1,0.9361185,0.9925296,0.8952594,0,0,0,0,0,0,0,0,0,0,0,0
0,0,0,0,0,0,0,0,0,0,0,0,0,0,0,0.9298361,1,0.922145,0,0,0,0,0,0,0,0,0,0,0,0,0,0,0,0,0,0,0,0,0,0,0,0,0,0,0,0,0,0,0.8690612,1,0.8692349,0.8663582,0,0,0,0,0,0,0,0,0,0,0,0,0,0,0,0,0,0,0,0,0,0,0,0,0,0,0,0,0,0.9494107,1,0.9152026,0.7312031,0,0,0,0,0,0,0,0,0,0,0,0,0,0,0,0,0,0,0,0,0,0,0,0,0,0,0,0,0,0.8460929,1,0.9665436,0.7932829,0,0,0,0,0,0,0,0,0,0,0,0,0,0,0,0,0,0,0,0,0,0,0,0,0,0,0,0,0,0,0.9113294,1,0.978496,0.8659931,0,0,0,0,0,0,0,0,0,0,0,0,0
0,0,0,0,0,0,0,0,0,0,0,0,0,0,0,0.933129,1,0.8804773,0,0,0,0,0,0,0,0,0,0,0,0,0,0,0,0,0,0,0,0,0,0,0,0,0,0,0,0,0,0,0.7603202,0.9842196,1,0.8496342,0,0,0,0,0,0,0,0,0,0,0,0,0,0,0,0,0,0,0,0,0,0,0,0,0,0,0,0,0,0.9609967,1,0.7830023,0,0,0,0,0,0,0,0,0,0,0,0,0,0,0,0,0,0,0,0,0,0,0,0,0,0,0,0,0,0,0.8647859,1,0.9576494,0.6905355,0,0,0,0,0,0,0,0,0,0,0,0,0,0,0,0,0,0,0,0,0,0,0,0,0,0,0,0,0,0.9451335,0.947998,1,0,0,0,0,0,0,0,0,0,0,0,0,0,0,0
0,0,0,0,0,0,0,0,0,0,0,0,0,0,0,0.9288058,1,0.8490043,0,0,0,0,0,0,0,0,0,0,0,0,0,0,0,0,0,0,0,0,0,0,0,0,0,0,0,0,0,0,0.7792964,0.9926487,1,0.8163517,0,0,0,0,0,0,0,0,0,0,0,0,0,0,0,0,0,0,0,0,0,0,0,0,0,0,0,0,0,0.9328368,1,0.8901305,0,0,0,0,0,0,0,0,0,0,0,0,0,0,0,0,0,0,0,0,0,0,0,0,0,0,0,0,0,0,0.8681483,1,0.9445649,0.6109642,0,0,0,0,0,0,0,0,0,0,0,0,0,0,0,0,0,0,0,0,0,0,0,0,0,0,0,0,0,0,0,0.9915584,1,0,0,0,0,0,0,0,0,0,0,0,0,0,0
