GestureName: p
Duration(ms): 1410
Handedness: right

SpeakerAngles: 5
55
-55
0
0
110

SpeakerElevations: 5
-10
-10
-10
0
30

InterpretedPoints: 30
0,-0.984807753012208,0.17364817766693
0.806707284111599,-1.54967027447583,0.347296355333861
0,0,0
0,0,0
0,0,0
0,0,0
0,0,0
0,0,0
1.62759536269875,0.407603734547952,1
3.24810032815972,2.93571820914005,0.631759111665348
-0.799616886873824,2.81833466321343,-0.0209445330007911
0.0141807944755501,4.50694428349962,0.305407289332279
0.827978475824924,2.22593839776138,0.979055466999209
-0.785436092398274,6.31008669972526,0.110814578664557
3.27646191711082,8.72054118426037,2.28446275633149
0.835068873062699,6.60913558243844,0.784462756331487
7.32417913214436,16.1815231180053,1.37433280199525
4.88278608809624,17.6657501404139,0.742573690329905
7.28163674871771,3.06582886085855,0.979055466999209
-4.86151489638292,-8.89014146817667,-0.110814578664557
-7.30290794043104,-15.0856953719625,-0.742573690329905
-6.49620065631944,-19.7650906893656,-0.0479809796621837
-8.10252482730486,-13.2521684617612,-0.589870045663766
-6.46783906736834,-4.23230195065733,-0.826351822333069
-2.37757946890815,-0.937683942050234,2.30540728933228
2.46975463299922,1.59043053254186,1.93716640099763
0.884701653727124,-0.579169751374443,4.11081457866456
0.0354519861888747,-1.62629356233642,1.97905546699921
0.0212711917133253,1.82118541320059,1.15270364466614
0,0,0

StrokePoints: 31
0,0,0
0,-0.984807753012208,0.17364817766693
0.806707284111599,-2.53447802748804,0.520944533000791
0.806707284111599,-2.53447802748804,0.520944533000791
0.806707284111599,-2.53447802748804,0.520944533000791
0.806707284111599,-2.53447802748804,0.520944533000791
0.806707284111599,-2.53447802748804,0.520944533000791
0.806707284111599,-2.53447802748804,0.520944533000791
0.806707284111599,-2.53447802748804,0.520944533000791
2.43430264681035,-2.12687429294009,1.52094453300079
5.68240297497007,0.808843916199959,2.15270364466614
4.88278608809624,3.62717857941339,2.13175911166535
4.89696688257179,8.13412286291301,2.43716640099763
5.72494535839672,10.3600612606744,3.41622186799684
4.93950926599844,16.6701479603996,3.52703644666139
8.21597118310926,25.39068914466,5.81149920299288
9.05104005617196,31.9998247270985,6.59596195932437
16.3752191883163,48.1813478451038,7.97029476131962
21.2580052764126,65.8470979855177,8.71286845164953
28.5396420251303,68.9129268463763,9.69192391864873
23.6781271287474,60.0227853781996,9.58110933998418
16.3752191883163,44.9370900062371,8.83853564965427
9.87901853199688,25.1719993168716,8.79055466999209
1.77649370469202,11.9198308551103,8.20068462432832
-4.69134536267632,7.68752890445298,7.37433280199525
-7.06892483158447,6.74984496240275,9.67974009132753
-4.59917019858525,8.34027549494461,11.6169064923252
-3.71446854485812,7.76110574357016,15.7277210709897
-3.67901655866925,6.13481218123374,17.7067765379889
-3.65774536695592,7.95599759443434,18.8594801826551
-3.65774536695592,7.95599759443434,18.8594801826551

Velocities: 30
0,0,-1
0,-1,-1
0,0,0
0,0,0
0,0,0
0,0,0
0,0,0
0,0,0
0,0,0
3,2,0
0,2,1
0,2,2
0,2,1
0,4,4
1,4,2
1,4,2
7,7,4
4,4,5
3,-3,3
-4,-1,-3
-5,-2,-6
-6,-4,-7
-5,0,-6
-2,4,-3
-2,7,-1
3,7,-1
0,10,-2
0,5,-2
0,3,-1
0,0,0

InverseVelocities: 30
0,0,0
0,0,0
0,0,0
0,0,0
0,0,0
0,0,0
0,0,0
0,0,0
0,0,0
0,0,0
0,-2,-1
0,0,0
0,0,0
0,0,0
0,0,0
0,0,0
0,-1,-1
0,-1,0
-1,0,-6
0,0,0
0,0,0
0,0,0
0,0,0
0,0,2
3,0,3
0,-1,6
0,-1,10
0,-1,4
0,-1,2
0,0,0

RawData: 30
0,0,0,0,0,0,0,0,0,0,0,0,0,0.7077362,0.7338793,0.9222794,1,0.8842593,0,0,0,0,0,0,0,0,0,0,0,0,0,0,0,0,0,0,0,0,0,0,0,0,0,0,0,0,0.8292418,0.906163,0.8766388,1,0.9934958,0,0,0,0,0,0,0,0,0,0,0,0,0,0,0,0,0,0,0,0,0,0,0,0,0,0,0,0.6468716,0.7391854,0.708517,0.949293,1,0.8561481,0,0,0,0,0,0,0,0,0,0,0,0,0,0,0,0,0,0,0,0,0,0,0,0,0,0,0,0,0.7112868,0.824844,0.9000044,1,0.942783,0,0,0,0,0,0,0,0,0,0,0,0,0,0,0,0,0,0,0,0,0,0,0,0,0,0,0,0,0,0.8509549,0.8871645,0.9916244,1,0.7913855,0,0,0,0,0,0,0,0,0,0,0,0,0,0
0,0,0,0,0,0,0,0,0,0,0,0,0,0.679548,0.6361977,0.9400237,1,0.8714735,0,0,0,0,0,0,0,0,0,0,0,0,0,0,0,0,0,0,0,0,0,0,0,0,0,0,0,0.7370976,0.8756666,0.9118134,0.9111275,1,0.9717624,0,0,0,0,0,0,0,0,0,0,0,0,0,0,0,0,0,0,0,0,0,0,0,0,0,0,0,0.6301901,0.7134754,0.7310295,0.95365,1,0.8624939,0,0,0,0,0,0,0,0,0,0,0,0,0,0,0,0,0,0,0,0,0,0,0,0,0,0,0,0,0,0.735504,0.8896077,1,0.9429073,0,0,0,0,0,0,0,0,0,0,0,0,0,0,0,0,0,0,0,0,0,0,0,0,0,0,0,0,0,0.8315087,0.8685309,0.9785337,1,0.8221259,0,0,0,0,0,0,0,0,0,0,0,0,0,0
0,0,0,0,0,0,0,0,0,0,0,0,0,0,0,0.9361755,1,0.8969526,0,0,0,0,0,0,0,0,0,0,0,0,0,0,0,0,0,0,0,0,0,0,0,0,0,0,0,0,0.8157108,0.8895893,0.9747122,1,0.9403145,0,0,0,0,0,0,0,0,0,0,0,0,0,0,0,0,0,0,0,0,0,0,0,0,0,0,0,0,0.7199506,0.7790502,0.9613776,1,0.8855586,0,0,0,0,0,0,0,0,0,0,0,0,0,0,0,0,0,0,0,0,0,0,0,0,0,0,0,0,0,0,0.8722081,1,0.9620772,0,0,0,0,0,0,0,0,0,0,0,0,0,0,0,0,0,0,0,0,0,0,0,0,0,0,0,0,0,0.8258834,0.8921183,0.9956841,1,0.8339786,0,0,0,0,0,0,0,0,0,0,0,0,0,0
0,0,0,0,0,0,0,0,0,0,0,0,0,0,0.6489018,0.9245687,1,0.8871263,0,0,0,0,0,0,0,0,0,0,0,0,0,0,0,0,0,0,0,0,0,0,0,0,0,0,0,0,0,0.9213331,1,0.975584,0.9910796,0,0,0,0,0,0,0,0,0,0,0,0,0,0,0,0,0,0,0,0,0,0,0,0,0,0,0,0,0,0.7117993,0.9441901,1,0.8707237,0,0,0,0,0,0,0,0,0,0,0,0,0,0,0,0,0,0,0,0,0,0,0,0,0,0,0,0,0,0.6660943,0.8944384,1,0.9443902,0.5995908,0,0,0,0,0,0,0,0,0,0,0,0,0,0,0,0,0,0,0,0,0,0,0,0,0,0,0,0,0.717135,0.8615166,0.956577,1,0.8202887,0,0,0,0,0,0,0,0,0,0,0,0,0,0
0,0,0,0,0,0,0,0,0,0,0,0,0,0,0,0.9098384,1,0.9180816,0,0,0,0,0,0,0,0,0,0,0,0,0,0,0,0,0,0,0,0,0,0,0,0,0,0,0,0,0,0,0.9668505,0.9903865,1,0,0,0,0,0,0,0,0,0,0,0,0,0,0,0,0,0,0,0,0,0,0,0,0,0,0,0,0,0,0.6653413,0.9410784,1,0.9026159,0,0,0,0,0,0,0,0,0,0,0,0,0,0,0,0,0,0,0,0,0,0,0,0,0,0,0,0,0,0,0.8080108,1,0.9958551,0.7545716,0,0,0,0,0,0,0,0,0,0,0,0,0,0,0,0,0,0,0,0,0,0,0,0,0,0,0,0,0,0.8882853,0.9934058,1,0.8598921,0,0,0,0,0,0,0,0,0,0,0,0,0,0
0,0,0,0,0,0,0,0,0,0,0,0,0,0,0,0.9138609,1,0.9228829,0,0,0,0,0,0,0,0,0,0,0,0,0,0,0,0,0,0,0,0,0,0,0,0,0,0,0,0,0,0,0.9204034,1,0.9770567,0,0,0,0,0,0,0,0,0,0,0,0,0,0,0,0,0,0,0,0,0,0,0,0,0,0,0,0,0,0,0.9439003,1,0.9073427,0,0,0,0,0,0,0,0,0,0,0,0,0,0,0,0,0,0,0,0,0,0,0,0,0,0,0,0,0,0.7193149,0.9091152,1,0.9635221,0.7258197,0,0,0,0,0,0,0,0,0,0,0,0,0,0,0,0,0,0,0,0,0,0,0,0,0,0,0,0,0,0.9032619,0.8481933,1,0.8809147,0,0,0,0,0,0,0,0,0,0,0,0,0,0
0,0,0,0,0,0,0,0,0,0,0,0,0,0,0,0.9231688,1,0.9299574,0,0,0,0,0,0,0,0,0,0,0,0,0,0,0,0,0,0,0,0,0,0,0,0,0,0,0,0,0,0,0.8485191,1,0.9833913,0.7758656,0,0,0,0,0,0,0,0,0,0,0,0,0,0,0,0,0,0,0,0,0,0,0,0,0,0,0,0,0,0.9162155,1,0.9216038,0,0,0,0,0,0,0,0,0,0,0,0,0,0,0,0,0,0,0,0,0,0,0,0,0,0,0,0,0,0,0.8246334,1,0.9826376,0.7599558,0,0,0,0,0,0,0,0,0,0,0,0,0,0,0,0,0,0,0,0,0,0,0,0,0,0,0,0,0,0.8641967,0.9928392,1,0.8662644,0,0,0,0,0,0,0,0,0,0,0,0,0,0
0,0,0,0,0,0,0,0,0,0,0,0,0,0,0.6315222,0.822087,1,0.9324371,0,0,0,0,0,0,0,0,0,0,0,0,0,0,0,0,0,0,0,0,0,0,0,0,0,0,0,0,0,0,0.8297064,1,0.9783577,0.7415608,0,0,0,0,0,0,0,0,0,0,0,0,0,0,0,0,0,0,0,0,0,0,0,0,0,0,0,0,0.6401125,0.930982,1,0.8749848,0.6668643,0,0,0,0,0,0,0,0,0,0,0,0,0,0,0,0,0,0,0,0,0,0,0,0,0,0,0,0,0,0.8498809,1,0.9755009,0.7609694,0,0,0,0,0,0,0,0,0,0,0,0,0,0,0,0,0,0,0,0,0,0,0,0,0,0,0,0,0,0,0.9392536,1,0.8525493,0,0,0,0,0,0,0,0,0,0,0,0,0,0
0,0,0,0,0,0,0,0,0,0,0,0,0,0,0,0.9119161,1,0.8975966,0.7195243,0.7060418,0,0,0,0,0,0,0,0,0,0,0,0,0,0,0,0,0,0,0,0,0,0,0,0,0,0,0,0.7645745,0.8380817,1,0.9813461,0.751366,0,0,0,0,0,0,0,0,0,0,0,0,0,0,0,0,0,0,0,0,0,0,0,0,0,0,0,0,0.7324068,0.8980735,1,0.917441,0.7705273,0.6884692,0,0,0,0,0,0,0,0,0,0,0,0,0,0,0,0,0,0,0,0,0,0,0,0,0,0,0,0,0.8638313,1,0.9579239,0.7344655,0.7248808,0.6620233,0,0,0,0,0,0,0,0,0,0,0,0,0,0,0,0,0,0,0,0,0,0,0,0,0,0,0,0,0.9269131,1,0.8692188,0.841802,0.8356535,0.7407862,0,0,0,0,0,0,0,0,0,0,0
0,0,0,0,0,0,0,0,0,0,0,0,0,0,0.6538843,0.9079775,1,0.9122593,0.6775382,0.7205147,0.7267006,0.6958731,0.6562877,0,0,0,0,0,0,0,0,0,0,0,0,0,0,0,0,0,0,0,0,0,0,0,0,0,0.8469219,1,0.9787485,0.9338462,0.8951383,0.8491728,0.7925201,0,0,0,0,0,0,0,0,0,0,0,0,0,0,0,0,0,0,0,0,0,0,0,0,0,0.6351247,0.9395898,1,0.8952409,0.6080698,0.6333981,0,0,0,0,0,0,0,0,0,0,0,0,0,0,0,0,0,0,0,0,0,0,0,0,0,0,0,0.6718318,0.8217667,1,0.9863989,0.7674503,0,0.6410645,0,0,0,0,0,0,0,0,0,0,0,0,0,0,0,0,0,0,0,0,0,0,0,0,0,0,0,0.8366168,0.9555916,1,0.8481206,0,0.8361182,0.8051217,0.6785245,0,0,0,0,0,0,0,0,0,0
0,0,0,0,0,0,0,0,0,0,0,0,0,0,0.692553,0.9208618,1,0.9250741,0.7530941,0,0,0,0,0,0,0,0,0,0,0,0,0,0,0,0,0,0,0,0,0,0,0,0,0,0.7015992,0.6987872,0.720221,0.7445874,0.7906582,0.945572,1,0.9138328,0.7955634,0.8321598,0.8276895,0,0,0,0,0,0,0,0,0,0,0,0,0,0,0,0,0,0,0,0,0,0,0,0.6926845,0.6775944,0,0.9446127,1,0.8692579,0.7954673,0.7574013,0.7294919,0,0,0,0,0,0,0,0,0,0,0,0,0,0,0,0,0,0,0,0,0,0,0,0,0,0,0.7287586,0.8288432,1,0.9704839,0,0.6817487,0.6846327,0,0,0,0,0,0,0,0,0,0,0,0,0,0,0,0,0,0,0,0,0,0,0,0,0.688709,0.7383832,0,0.7341334,0.9453847,1,0.9169394,0.8103887,0.8198159,0,0,0,0,0,0,0,0,0,0,0,0
0,0,0,0,0,0,0,0,0,0,0,0,0,0,0,0.9135563,1,0.9316001,0.7910334,0,0,0,0,0,0,0,0,0,0,0,0,0,0,0,0,0,0,0,0,0,0,0,0,0,0,0,0,0,0.8841907,1,0.9745339,0.9064997,0.8766845,0.9042402,0.824775,0,0,0,0,0,0,0,0,0,0,0,0,0,0,0,0,0,0,0,0,0,0,0,0,0,0,0.9351218,1,0.9209234,0.7414206,0.8061669,0.8122614,0.7088298,0,0,0,0,0,0,0,0,0,0,0,0,0,0,0,0,0,0,0,0,0,0,0,0,0.7263325,0.7178237,0.8423484,1,0.9919375,0.8245328,0.7796063,0.8179074,0.7319774,0,0,0,0,0,0,0,0,0,0,0,0,0,0,0,0,0,0,0,0,0,0,0,0,0,0,0.7964842,0.9559867,1,0.8926849,0.88309,0.7973865,0.8550457,0,0,0,0,0,0,0,0,0,0,0
0,0,0,0,0,0,0,0,0,0,0,0,0,0,0,0.8848105,1,0.9396209,0.7546462,0,0,0,0,0,0,0,0,0,0,0,0,0,0,0,0,0,0,0,0,0,0,0,0,0,0,0,0,0,0,0.9799614,1,0.8575688,0,0.8465455,0.8293199,0,0,0,0,0,0,0,0,0,0,0,0,0,0,0,0,0,0,0,0,0,0,0,0,0,0,0.9172271,1,0.8901407,0.6908349,0.7981477,0.7624072,0,0,0,0,0,0,0,0,0,0,0,0,0,0,0,0,0,0,0,0,0,0,0,0,0,0,0,0.8269073,1,0.9588689,0.7280918,0.7695729,0.7969902,0,0,0,0,0,0,0,0,0,0,0,0,0,0,0,0,0,0,0,0,0,0,0,0,0,0,0,0.7918851,0.95693,1,0.8333287,0.9094546,0.9129978,0.8788176,0.7269616,0,0,0,0,0,0,0,0,0,0
0,0,0,0,0,0,0,0,0,0,0,0,0,0,0,0.909993,1,0.9260665,0.773905,0.7162833,0,0,0,0,0,0,0,0,0,0,0,0,0,0,0,0,0,0,0,0,0,0,0,0,0,0,0,0,0.7687916,1,0.9867588,0.8254926,0.7255843,0.7797957,0.7936719,0.8190754,0.8344358,0,0,0,0,0,0,0,0,0,0,0,0,0,0,0,0,0,0,0,0,0,0,0,0.700079,0.9508366,1,0.895327,0.7282376,0.7804322,0.7245322,0.6313631,0.6525064,0.6528732,0,0,0,0,0,0,0,0,0,0,0,0,0,0,0,0,0,0,0,0,0,0,0,0.6356135,0.8718512,1,0.9694698,0.8380904,0.8152673,0.7743512,0,0,0,0,0,0,0,0,0,0,0,0,0,0,0,0,0,0,0,0,0,0,0,0,0,0,0.7336923,0.8631368,1,0.9636455,0.7916119,0.9157426,0.9768121,0.9153609,0.7228357,0,0,0,0,0,0,0,0,0,0
0,0,0,0,0,0,0,0,0,0,0,0,0,0,0.7150834,0.9498365,1,0.8520253,0.7165374,0.7468463,0.7070117,0,0,0,0,0,0,0,0,0,0,0,0,0,0,0,0,0,0,0,0,0,0,0,0,0,0,0,0.8117104,1,0.9740645,0.8765546,0.8765458,0.9084907,0.9105963,0.881284,0.7925615,0,0,0,0,0,0,0,0,0,0,0,0,0,0,0,0,0,0,0,0,0,0,0,0.635314,0.958913,1,0.8375981,0.7639976,0.7703225,0.7181364,0.7076705,0,0,0,0,0,0,0,0,0,0,0,0,0,0,0,0,0,0,0,0,0,0,0,0,0,0.6842028,0.850155,1,0.9583822,0.8150759,0.7872079,0.7590484,0,0.7226533,0.6557985,0.6655142,0.6609741,0,0,0,0,0,0,0,0,0,0,0,0,0,0,0,0,0,0,0,0,0,0,0.7560018,0.9248694,1,0.9128289,0.8837803,0.8972233,0.9280385,0.848738,0.7373184,0,0.7063073,0.712262,0,0,0,0,0,0
0,0,0,0,0,0,0,0,0,0,0,0,0,0,0,0.9400755,1,0.8767244,0,0,0.7540895,0,0,0,0,0,0,0,0,0,0,0,0,0,0,0,0,0,0,0,0,0,0,0,0,0,0,0,0.8354087,1,0.9881852,0.8658183,0.8749098,0.8798048,0.8648371,0.8287403,0.7648552,0,0,0,0,0,0,0,0,0,0,0,0,0,0,0,0,0,0,0,0,0,0,0,0,0.9520144,1,0.8768196,0.8121754,0.7989608,0.7545274,0.7458572,0,0,0,0,0,0,0,0,0,0,0,0,0,0,0,0,0,0,0,0,0,0,0,0,0,0,0.8793613,1,0.9590709,0.7919529,0.7501877,0,0,0.7394113,0,0,0,0,0,0,0,0,0,0,0,0,0,0,0,0,0,0,0,0,0,0,0,0,0,0.8977991,1,0.9686118,0.9647641,0.9911429,0.8633325,0.9117475,0.8214256,0.8829255,0,0,0,0,0,0,0,0,0
0,0,0,0,0,0,0,0,0,0,0,0,0,0,0,0.9176444,1,0.8859144,0.6781377,0,0,0,0,0,0,0.7099564,0.6944459,0,0,0,0,0,0,0,0,0,0,0,0,0,0,0,0,0,0,0.6686025,0.728857,0.6735651,0.8502126,1,0.951156,0.7799264,0.8299056,0.8623951,0.7165045,0.7722974,0.7006315,0.7073318,0.6836923,0.6692716,0,0,0,0,0,0,0,0,0,0,0,0,0,0,0,0,0,0,0.6356907,0.7091466,0.6952498,0.9480017,1,0.8881384,0.67584,0.6077294,0,0.717953,0.6682897,0.6309557,0,0,0,0,0,0,0,0,0,0,0,0,0,0,0,0,0,0,0,0,0,0,0.6217015,0.6220118,0.8583413,1,0.9562685,0.644576,0.6019154,0.6658868,0.6443579,0,0,0,0.6554711,0.6464893,0,0,0,0,0,0,0,0,0,0,0,0,0,0,0,0,0,0,0,0.6871987,0.7320849,0.6749854,0.9337081,1,0.8647763,0.7183607,0.679535,0.6983068,0.7926069,0.7829563,0,0.6664852,0.6663737,0.710143,0.6864161,0,0,0,0
0,0,0,0,0,0,0,0,0,0,0,0,0,0,0,0.9266117,1,0.8950789,0,0,0.6970422,0.7606058,0.7845441,0.6905645,0,0,0,0,0,0,0,0,0,0,0,0,0,0,0,0,0,0,0,0,0,0.7462372,0.7813907,0.8380281,0.9070815,1,0.9569834,0.7296875,0.7058,0.7542486,0.7570351,0.7559234,0.7092127,0,0,0,0,0,0,0,0,0,0,0,0,0,0,0,0,0,0,0,0,0,0,0.7225606,0,0.9607331,1,0.8377175,0,0.6670564,0,0,0.698043,0.7603946,0.6833051,0,0,0,0,0,0,0,0,0,0,0,0,0,0,0,0,0,0,0,0,0.7048839,0.7337359,0.7838772,0.8889018,1,0.9723657,0.742657,0.7092384,0.6999085,0,0,0.7219365,0.7449452,0,0,0.7110739,0.717186,0.6777115,0,0,0,0,0,0,0,0,0,0,0,0,0,0,0.7030078,0.6782359,0.7408595,0.8175936,0.8082852,0.9569449,1,0.9055044,0.7573661,0.7222975,0,0.7253956,0,0.6836715,0.7134986,0,0,0,0,0,0,0
0,0,0,0,0,0,0,0,0,0,0,0,0.7072252,0.6534917,0.6872247,0.9269639,1,0.8595768,0.7821453,0.7125251,0.7166856,0.6840848,0.6362393,0,0,0,0,0,0,0,0,0,0,0,0,0,0,0,0,0,0,0,0,0.6888019,0.7558641,0.6783961,0.7036448,0.7826385,0.8514588,1,0.9677407,0.7040743,0.6450677,0,0,0,0,0,0,0,0,0,0,0,0,0,0,0,0,0,0,0,0,0.6228383,0.6605379,0.6647468,0.6426541,0.733789,0.7513388,0.7109097,0,0.9513936,1,0.8714337,0.6155825,0.6522588,0.6371933,0.6526738,0.6028033,0,0,0,0,0,0,0,0,0,0,0,0,0,0,0,0.6613929,0.6471908,0.7216569,0.7257098,0.697728,0.7044436,0,0.7604305,0.8082011,0.7147148,0.8747263,1,0.9308385,0,0,0.6909778,0,0,0,0,0,0,0,0,0,0,0,0,0,0,0,0,0,0.6510983,0.6342735,0,0.638675,0.6801288,0,0.6927075,0.7875662,0.8403304,0.7957977,0.7484955,0.9504778,1,0.8513768,0,0,0.6644077,0.6493708,0,0,0,0,0,0,0,0,0,0
0,0,0,0,0,0,0,0,0,0.7986797,0.8244295,0.834043,0.7912086,0.842717,0,0.9320208,1,0.8823344,0,0,0,0,0,0,0,0,0,0,0,0,0,0,0,0,0,0,0,0,0,0,0,0,0,0,0,0.8138167,0.8210495,0,0.8949153,1,0.9717293,0.8124385,0,0,0,0,0,0,0,0,0,0,0,0,0,0,0,0,0,0,0,0,0,0,0,0,0.7803466,0.760788,0.7702603,0.8213934,0.8018386,0.9480709,1,0.8857421,0.7716134,0,0,0,0,0,0,0,0,0,0,0,0,0,0,0,0,0,0,0,0,0,0,0,0.7844104,0.8200353,0.8515497,0.8652333,0.8343143,0.8548957,0.9308733,1,0.9604663,0.867048,0.7973721,0,0,0,0,0,0,0,0,0,0,0,0,0,0,0,0,0,0,0,0,0,0,0,0.8107404,0.8091056,0.8146408,0.8318077,0.8920105,0,0.9741735,1,0,0,0,0,0,0,0,0,0,0,0,0,0,0,0
0,0,0,0,0,0,0,0,0.785552,0.8228707,0.8670472,0.8800817,0.8295298,0.7950879,0.8082418,0.9454724,1,0.9174943,0.7053729,0,0,0,0,0,0,0,0,0,0,0,0,0,0,0,0,0,0,0,0,0,0,0,0,0,0.843951,0.8728938,0.7843133,0.831961,0,1,0.9912273,0.822817,0.8030413,0,0,0,0,0,0,0,0,0,0,0,0,0,0,0,0,0,0,0,0,0.7301325,0.784664,0.7779087,0.8276142,0.7841796,0.7531136,0.7872011,0.8129529,0.9435149,1,0.8783676,0.6992693,0.7169282,0,0,0,0,0,0,0,0,0,0,0,0,0,0,0,0,0,0,0,0.695883,0.7716753,0.8567939,0.8586865,0.8728994,0.8270757,0.8896497,0.9024377,0.9035598,0.9275444,1,0.9241028,0.7752243,0.7470737,0.7,0,0,0,0,0,0,0,0,0,0,0,0,0,0,0,0,0,0,0,0.7207004,0.7893086,0.8417541,0.8732708,0.8861229,0.8432905,0.736995,0.9355254,0.9460605,0.9937289,1,0.8885734,0.7690762,0.719197,0,0,0,0,0,0,0,0,0,0,0,0
0,0,0,0,0,0,0,0.7460579,0.8519069,0.8667091,0.802691,0.7005481,0.8358981,0.8533883,0.8558741,0.9311289,1,0.8700583,0,0,0,0,0,0,0,0,0,0,0,0,0,0,0,0,0,0,0,0,0,0,0,0,0.687244,0.7072707,0.7603732,0.7440463,0.6952741,0.7651277,0.8896884,1,0.9573721,0.712369,0,0,0,0,0,0,0,0,0,0,0,0,0,0,0,0,0,0,0,0,0.7138647,0.8271532,0.8433753,0.7799464,0.8131292,0.7844388,0.6980348,0.7652573,0,0.9601793,1,0.8735512,0,0,0,0,0,0,0,0,0,0,0,0,0,0,0,0,0,0,0,0.712969,0.6797296,0.744581,0.8656675,0.9296029,0.8925858,0.8918499,0.9234165,0.860947,0.830078,0.8071986,0.861686,1,0.957086,0.6919834,0,0,0,0,0,0,0,0,0,0,0,0,0,0,0,0,0,0,0,0,0,0.9044064,1,0.9891732,0.9242074,0.9116661,0.8673142,0.9424466,0.8838449,0.8805398,0.8879775,0.888877,0.9379042,0.7636468,0.7614405,0,0,0,0,0,0,0,0,0,0,0,0
0,0,0,0,0,0,0,0,0.7579753,0.8743737,0.8986774,0.8901572,0.714332,0,0.8249011,0.9418791,1,0.8943885,0,0,0,0,0,0,0,0,0,0,0,0,0,0,0,0,0,0,0,0,0,0,0,0,0,0,0,0,0,0.7415226,0.9117074,1,0.9645942,0.9208717,0.7715374,0,0,0,0,0,0,0,0,0,0,0,0,0,0,0,0,0,0,0,0,0.7011432,0.8198087,0.8345371,0.8650179,0.8350231,0.8645566,0.8376152,0.8433599,0.9388247,1,0.8931808,0,0,0,0,0,0,0,0,0,0,0,0,0,0,0,0,0,0,0,0,0,0,0.7001579,0.7983513,0.8294828,0.9094225,0.9238563,0.8451815,0.8669557,0.8484737,0.8223988,1,0.959389,0.7372994,0,0,0,0,0,0,0,0,0,0,0,0,0,0,0,0,0,0,0,0,0,0,0.7688842,0.8754271,0.9674841,1,0.9646012,0.8356138,0.8564418,0.8353111,0.9022069,0.9505489,0.8022916,0.771091,0,0,0,0,0,0,0,0,0,0,0,0,0
0,0,0,0,0,0,0,0,0,0,0,0.7152072,0.8788735,0.9126899,0.8566142,0.9324809,1,0.8985482,0,0,0,0,0,0,0,0,0,0,0,0,0,0,0,0,0,0,0,0,0,0,0,0,0,0,0,0,0,0,0.7166932,0.9185579,1,0.9864175,0.8293978,0.8330211,0.7893764,0.744801,0.71959,0,0,0,0,0,0,0,0,0,0,0,0,0,0,0,0,0,0,0,0.7497532,0.850807,0.9008436,0.898421,0.8198571,0.9784537,1,0.6743436,0.8050472,0.7807348,0.7875745,0.7106774,0,0,0,0,0,0,0,0,0,0,0,0,0,0,0,0,0,0,0,0,0,0.7509034,0.8312305,0.9014428,0.9162277,0.8605047,0.8616968,1,0.9817343,0.8605675,0.7386943,0.6529064,0,0,0,0,0,0,0,0,0,0,0,0,0,0,0,0,0,0,0,0,0,0,0,0.7727121,0.8488023,0.8946736,0.8914734,0.7530388,0.9373061,1,0.9601672,0.7528932,0.8147416,0.8397718,0.8101738,0.7415629,0,0,0,0,0,0,0,0,0
0,0,0,0,0,0,0,0,0,0,0,0.6614833,0,0.7428411,0.7039212,0.9365851,1,0.8606251,0.6405271,0.6369396,0,0.6271525,0.6325701,0,0,0,0,0,0,0,0,0,0,0,0,0,0,0,0,0,0,0,0,0,0,0,0.638322,0.6747446,0.752117,0.7112079,0.9028582,0.9696804,1,0.9569786,0.9251469,0.8154987,0.8806571,0.8128161,0.6856389,0.673876,0,0,0,0,0,0,0,0,0,0,0,0,0,0,0,0,0,0,0.677914,0.7190608,0.7513466,0.9116562,1,0.9161308,0.9006757,0.8461121,0.8176104,0.7533389,0.6408141,0,0,0,0,0,0,0,0,0,0,0,0,0,0,0,0,0,0,0,0,0,0,0.6649353,0.6631345,0.7902992,0.9070982,1,0.9378724,0.823703,0.7935905,0.7223382,0.7112306,0.6709308,0.6459758,0.6673175,0,0,0,0,0,0,0,0,0,0,0,0,0,0,0,0,0,0,0,0,0,0.7716231,0.8832107,0.8557901,0.9800761,0.9875236,0.8320031,1,0.9698167,0.8793089,0.898248,0.7419073,0.8775282,0.7816366,0,0,0,0,0,0,0
0,0,0,0,0,0,0,0,0,0,0,0,0,0,0,0.9234635,1,0.8590857,0.7973613,0.7703953,0.7318752,0,0.7190017,0,0,0,0,0,0,0,0,0,0,0,0,0,0,0,0,0,0,0,0,0,0,0.7362516,0.8908317,0.9536558,0.95088,0.7358091,0.9749088,1,0.9865765,0.8818915,0.8224635,0.8742472,0.8782734,0.8863737,0.8919958,0.7962598,0,0,0,0,0,0,0,0,0,0,0,0,0,0,0,0,0,0,0.673487,0.8016281,0.8489253,0.9797374,1,0.8499932,0.8872301,0.7542366,0.7859755,0,0,0.7101749,0.7152231,0.687544,0,0,0,0,0,0,0,0,0,0,0,0,0,0,0,0,0,0,0,0.7827718,0.7727774,0.7699465,0.8501491,1,0.9779174,0.8635585,0.7801412,0.7343956,0,0.7608745,0.7765862,0.7444629,0,0,0,0,0,0,0,0,0,0,0,0,0,0,0,0,0,0,0,0,0.731376,0.8173059,0.9237567,0.8914732,0.9483261,1,0.8971826,0.8549116,0.8880725,0.8062037,0.7975093,0.8473932,0.8528416,0.81388,0.762289,0,0,0,0,0,0
0,0,0,0,0,0,0,0,0,0,0,0,0,0,0,0.9131269,1,0.9375658,0,0,0,0,0,0,0,0,0,0,0,0,0,0,0,0,0,0,0,0,0,0,0,0,0,0,0,0.9239262,0.941187,0.9454849,0,0.9665864,1,0.9197602,0.9679054,0.9499018,0,0.8958099,0.8819959,0,0,0,0.8702823,0.875791,0.835867,0,0,0,0,0,0,0,0,0,0,0,0,0,0,0.7892002,0.802009,0.7365426,0.7244725,0.9398422,1,0.9156928,0,0.7211797,0,0.7424932,0.7880445,0.7651015,0,0,0,0.7143973,0.7505444,0.7165752,0,0,0,0,0,0,0,0,0,0,0,0,0,0,0,0.8089152,0.7338133,0,0.8476934,1,0.9747776,0.8152563,0.7969896,0.7926066,0,0.7665656,0.7715204,0,0,0,0,0,0,0,0,0,0,0,0,0,0,0,0,0,0,0,0,0,0.7853431,0.824187,0.7861956,0.8166842,0.8960442,1,0.946426,0.8556175,0.8811691,0.8575119,0.8147072,0.7774494,0.757185,0,0,0,0,0.7755741,0.7502726,0,0
0,0,0,0,0,0,0,0,0,0,0,0,0,0,0.7031199,0.9089723,1,0.9309406,0.7671646,0,0,0,0,0,0,0,0,0,0,0,0,0,0,0,0,0,0,0,0,0,0,0,0,0,0,0.8555112,0,0.9342331,0.9310505,1,0.9963676,0.8131087,0.8510301,0.9652007,0.9281113,0,0.8183376,0.832677,0,0,0,0,0,0,0,0,0,0,0,0,0,0,0,0,0,0,0,0.6984434,0,0.7429743,0.798934,0.9141024,1,0.9261228,0.7395053,0.7363417,0.7230852,0,0,0.6733418,0,0,0,0,0,0,0,0,0,0,0,0,0,0,0,0,0,0,0,0,0,0.6816464,0.7280033,0.7690133,0.8904434,1,0.9719724,0.8737727,0.7859741,0,0,0,0,0,0,0,0,0,0,0,0,0,0,0,0,0,0,0,0,0,0,0,0,0,0,0.7653126,0.8040652,0,1,0.9923455,0.862459,0.8496354,0,0,0.8007385,0.8239195,0.7746592,0,0,0,0,0,0,0,0
0,0,0,0,0,0,0,0,0,0,0,0,0,0,0.6852912,0.9264315,1,0.9071757,0,0,0,0,0,0,0,0,0,0,0,0,0,0,0,0,0,0,0,0,0,0,0,0,0,0,0,0.7785423,0.8446698,0,0.9301313,1,0.9517594,0.7683824,0.7784193,0,0.7967392,0.7834185,0,0,0,0,0,0,0,0,0,0,0,0,0,0,0,0,0,0,0,0,0,0,0.7101912,0.75754,0.6934565,0.9409752,1,0.9001432,0.6804601,0,0.6900733,0.6799566,0,0,0,0,0,0,0,0,0,0,0,0,0,0,0,0,0,0,0,0,0,0,0,0,0,0,0.835739,1,0.9844467,0.7236896,0.7111279,0.7071269,0.6903331,0,0,0,0,0,0,0,0,0,0,0,0,0,0,0,0,0,0,0,0,0,0,0,0,0.7328852,0,0,0.9650918,1,0.828599,0.8074384,0.7916691,0.7928854,0.7493176,0,0,0,0,0,0,0,0,0,0
0,0,0,0,0,0,0,0,0,0,0,0,0,0,0.6819068,0.8771313,1,0.9171098,0,0,0,0,0,0,0,0,0,0,0,0,0,0,0,0,0,0,0,0,0,0,0,0,0,0,0,0,0,0.8256184,0.8792265,0.9861459,1,0.7011994,0,0,0,0,0,0,0,0,0,0,0,0,0,0,0,0,0,0,0,0,0,0,0,0,0,0,0,0,0.7349793,0.9525195,1,0.8599956,0,0,0,0,0,0,0,0,0,0,0,0,0,0,0,0,0,0,0,0,0,0,0,0,0,0,0,0,0,0,0.7821845,1,0.9875041,0.7735581,0,0,0,0,0,0,0,0,0,0,0,0,0,0,0,0,0,0,0,0,0,0,0,0,0,0,0,0,0,0,0.9422998,1,0.926258,0.7542956,0,0,0,0,0,0,0,0,0,0,0,0,0
