GestureName: q
Duration(ms): 705
Handedness: right

SpeakerAngles: 5
55
-55
0
0
110

SpeakerElevations: 5
-10
-10
-10
0
30

InterpretedPoints: 15
0.0283615889511002,3.92974026503536,1.47905546699921
0.0283615889511002,5.89935577105978,1.13175911166535
-4.81188211571849,2.65509793219307,2
0,0,0
-2.46975463299922,-9.5144692976029,-1.06892551266297
-1.67722814336317,-20.5558916085906,-0.853388268994462
-4.10444039293574,-15.0154356369978,-2.22162915732911
-0.835068873062699,-9.43383379854781,-0.610814578664557
-0.00709039723777505,2.74652785825019,-0.152703644666139
0,4.95442325903662,-0.520944533000791
7.31708873490659,20.8520897413166,0.353388268994463
9.74430098447916,22.5406993616028,0.679740091327532
5.68240297497007,4.60315763833375,1.63175911166535
1.62050496546097,6.38319718467706,-0.194592710667721
6.48201986184389,6.05946530796261,1.13175911166535

StrokePoints: 16
0,0,0
0.0283615889511002,3.92974026503536,1.47905546699921
0.0567231779022004,9.82909603609514,2.61081457866456
-4.75515893781629,12.4841939682882,4.61081457866456
-4.75515893781629,12.4841939682882,4.61081457866456
-7.22491357081551,2.96972467068531,3.54188906600158
-8.90214171417868,-17.5861669379052,2.68850079700712
-13.0065821071144,-32.6016025749031,0.466871639678006
-13.8416509801771,-42.0354363734509,-0.143942938986551
-13.8487413774149,-39.2889085152007,-0.29664658365269
-13.8487413774149,-34.3344852561641,-0.817591116653481
-6.53165264250831,-13.4823955148475,-0.464202847659019
3.21264834197085,9.05830384675527,0.215537243668513
8.89505131694091,13.661461485089,1.84729635533386
10.5155562824019,20.0446586697661,1.65270364466614
16.9975761442458,26.1041239777287,2.78446275633149

Velocities: 15
-1,3,1
-1,3,3
-6,4,2
0,0,0
-3,-7,-4
-3,-10,-8
-2,-7,-7
0,-3,-5
0,-1,-1
0,0,3
7,6,8
8,5,9
2,0,3
2,1,1
4,0,1

InverseVelocities: 15
0,0,0
0,0,-1
0,0,-7
0,0,0
0,1,0
0,0,2
0,1,0
0,0,0
0,0,0
0,0,0
0,0,0
0,0,0
0,0,0
-2,-1,-2
0,0,0

RawData: 15
0,0,0,0,0,0,0,0,0,0,0,0,0.7667904,0.8454837,0.8284421,0.9277779,1,0.9375271,0.8435035,0.7683394,0,0,0,0,0,0,0,0,0,0,0,0,0,0,0,0,0,0,0,0,0,0,0,0,0,0,0,0,0.8585633,1,0.9891723,0.8550661,0.8102304,0.8247058,0.8141308,0.7908289,0,0,0,0,0,0,0,0,0,0,0,0,0,0,0,0,0,0,0,0,0,0,0,0,0.7156197,0.944429,1,0.8838171,0.7300631,0.773395,0.7167888,0,0,0,0,0,0,0,0,0,0,0,0,0,0,0,0,0,0,0,0,0,0,0,0,0,0,0.7554807,0.8992431,1,0.969144,0,0.8412512,0.7862338,0,0.7271487,0,0,0,0,0,0,0,0,0,0,0,0,0,0,0,0,0,0,0,0,0,0,0,0,0,0.9067671,0.9112473,0.8834282,0,1,0.9614981,0,0.9201116,0.9410294,0,0,0,0,0,0,0,0,0
0,0,0,0,0,0,0,0,0,0,0,0,0.6986934,0.7151361,0.7870656,0.8635232,1,0.8696503,0,0,0,0,0,0,0,0,0,0,0,0,0,0,0,0,0,0,0,0,0,0,0,0,0,0,0,0,0,0,0.8179032,1,0.972331,0.742201,0.6819256,0.7743052,0.7754254,0.8208442,0,0,0,0,0,0,0,0,0,0,0,0,0,0,0,0,0,0,0,0,0,0,0.6272628,0.7042049,0.718277,0.9516926,1,0.8653667,0.6590858,0,0,0.664791,0.6116663,0,0,0,0,0,0,0,0,0,0,0,0,0,0,0,0,0,0,0,0.6255664,0.6215957,0.6423276,0,0.755469,0.7001754,0.790834,1,0.9481478,0,0.6769933,0.619173,0.6790805,0.6539587,0,0,0,0,0,0,0,0,0,0,0,0,0,0,0,0,0,0,0,0,0,0,0,0.745692,0.769621,0,0.9309745,1,0.8789979,0.7864708,0.8096595,0,0.8662627,0.8290766,0,0,0,0,0,0,0,0,0
0,0,0,0,0,0,0,0.6316659,0.6907787,0.667137,0,0.6874455,0.6719342,0.683656,0,0.9360475,1,0.8809444,0.6265585,0,0,0,0,0,0,0,0,0,0,0,0,0,0,0,0,0,0,0,0,0,0,0,0,0,0,0,0.6920919,0.679563,0.8647673,1,0.938392,0.8752095,0.8324058,0.7985469,0.8193234,0.7569495,0.7068141,0,0,0,0,0,0,0,0,0,0,0,0,0,0,0,0.6480595,0.6732547,0,0.5993977,0.6216648,0,0.6267305,0.5971043,0.6062881,0.9417717,1,0.8911929,0.7568707,0.7239485,0.7021359,0.6715031,0,0,0,0,0,0,0,0,0,0,0,0,0,0,0,0,0,0.7140143,0.7252235,0.6221823,0.6660853,0.7337983,0.6918086,0.6730184,0.7088848,0,0.8591146,1,0.9567533,0,0.726072,0.7448797,0.7258992,0.6542129,0,0,0,0,0,0,0,0,0,0,0,0,0,0,0,0,0.6486557,0.6765333,0,0,0.7049947,0.6641904,0,0.7188734,0.7315242,0.77048,0.9705929,1,0.8553694,0.6607798,0.7893153,0.8018779,0.7669926,0.6678036,0,0,0,0,0,0,0,0,0
0,0,0,0,0,0,0,0,0,0,0,0,0,0,0,0.9480633,1,0.9093482,0,0,0,0,0,0,0,0,0,0,0,0,0,0,0,0,0,0,0,0,0,0,0,0,0,0,0,0,0,0,0,1,0.9721763,0,0,0,0,0,0,0,0,0,0,0,0,0,0,0,0,0,0,0,0,0,0,0,0,0,0,0,0,0,0,0.9680288,1,0.9212809,0,0,0,0,0,0,0,0,0,0,0,0,0,0,0,0,0,0,0,0,0,0,0,0,0,0,0,0,0,0,0.9217109,1,0.9544265,0,0,0,0,0,0,0,0,0,0,0,0,0,0,0,0,0,0,0,0,0,0,0,0,0,0,0,0,0,0,0,0.9782991,1,0,0,0,0,0,0,0,0,0,0,0,0,0,0,0
0,0,0,0,0,0,0,0,0,0,0.7337848,0.7490565,0,0,0,0.9443671,1,0.8793116,0,0,0,0,0,0,0,0,0,0,0,0,0,0,0,0,0,0,0,0,0,0.8586491,0.9414051,0.8828037,0.8371066,0.8898095,0.9062733,0,0.8746883,0.8499203,0.928922,0.9904649,1,0.9179577,0.9579269,0.8826451,0,0,0,0,0,0,0,0,0,0,0,0,0,0,0,0,0,0,0,0,0,0.714092,0.7521932,0.77547,0,0.7140723,0.7156224,0.9684492,1,0.8814014,0.7926601,0.7860193,0,0,0,0,0,0,0,0,0,0,0,0,0,0,0,0,0,0,0,0,0,0,0,0,0.7953627,0.816978,0.8028051,0.7936636,0.8855327,1,0.9586535,0,0.793834,0.7765694,0,0,0,0,0,0,0,0,0,0,0,0,0,0,0,0,0,0,0.8147672,0.7883511,0.8498666,0.8878087,0.8643364,0.83437,0.8006888,0.7848368,0.8146382,0.8622682,0.9633322,1,0.8705389,0.8627923,0.8478031,0.7962257,0,0,0,0,0,0,0,0,0,0,0
0,0,0,0,0,0,0,0,0,0,0.6917195,0.7674972,0.7619051,0.7256401,0.7287787,0.9555734,1,0.8676379,0.6865913,0.6376638,0,0,0,0,0,0,0,0,0,0,0,0,0,0,0,0,0.6560575,0.6493165,0.7542133,0.8005405,0.7324132,0.8774263,0.8155038,0.659228,0.7591155,0.8389686,0.6965104,0.8202921,0.9563397,1,0.9472925,0.8561283,0.8250882,0,0,0,0,0,0,0,0,0,0,0,0,0,0,0,0,0,0,0.6842695,0.7806388,0.7984596,0.8314406,0.7969189,0.7220176,0.661872,0.7062657,0.7284439,0.8012185,0.953092,1,0.882028,0.7223387,0.6522301,0.6084107,0.6133886,0,0,0,0,0,0,0,0,0,0,0,0,0,0,0,0,0.6874368,0.8183455,0.8525805,0.8568435,0.8674762,0.7792473,0.6816831,0.7080793,0.7807692,0.8633273,0.8691714,1,0.9616194,0.7519814,0.7109941,0.6658832,0,0,0,0,0,0,0,0,0,0,0,0,0,0,0,0,0.6883502,0.7500654,0.6524099,0.9032506,0.9206174,0.9217057,0.8973813,0.7997262,0.9123085,0.9371485,0.9154971,0.9601172,1,0.9744635,0.8801349,0.6934803,0.6726504,0.6719481,0.6845205,0.6415691,0,0,0,0,0,0,0,0,0
0,0,0,0,0,0,0,0,0,0,0,0.7161779,0.7470814,0.7970291,0.8374345,0.8947136,1,0.905705,0,0,0,0,0,0,0,0,0,0,0,0,0,0,0,0,0,0,0,0,0,0.7682343,0,0.9360558,0.99139,0.9856199,0.92338,0.9963856,0.9516805,0.9065687,0.8504815,0.9634533,1,0.8740897,0.8434534,0.7488217,0,0,0,0,0,0,0,0,0,0,0,0,0,0,0,0,0,0,0.7378817,0.7550883,0.7839918,0.7703243,0.7074044,0.7043613,0.7892343,0.7924855,0.8311532,0.9619091,1,0.8682601,0.6908154,0,0,0,0,0,0,0,0,0,0,0,0,0,0,0,0,0,0,0,0,0,0.7474858,0.8040916,0.7507719,0.6778408,0,0.8062547,0.8942653,0.8999885,0.7668322,1,0.9669991,0.8081658,0,0,0,0,0,0,0,0,0,0,0,0,0,0,0,0,0,0.7190579,0.7204142,0,0.7465577,0.8657671,0.8763878,0.8959631,0.8286484,0.9089397,0.7023591,1,0.9786099,0.931839,0.8365225,0.7496353,0.8360498,0.7334473,0,0,0,0,0,0,0,0,0,0,0,0,0
0,0,0,0,0,0,0,0,0,0,0,0,0,0,0,0.9374459,1,0.875518,0,0,0,0,0,0,0,0,0,0,0,0,0,0,0,0,0,0,0,0,0,0,0,0,0,0.7603371,0.8444638,0.9576424,1,0.954078,0.8203043,0.9211076,0.8991411,0.8135025,0,0,0,0,0,0,0,0,0,0,0,0,0,0,0,0,0,0,0,0,0,0,0.6640815,0,0.6976895,0.7677723,0.7604638,0.6642587,0.7319593,0.9491642,1,0.8958344,0.7139977,0.6709035,0,0,0,0,0,0,0,0,0,0,0,0,0,0,0,0,0,0,0,0,0,0,0.6967132,0.7640849,0.7784615,0.8126123,0.8973252,0.8385633,0.9041594,1,0.9307405,0.806262,0.7498138,0,0,0,0,0,0,0,0,0,0,0,0,0,0,0,0,0,0,0,0,0,0,0.7711409,0.8337228,0.8343638,0.838897,0.9883165,1,0.8901764,0.9270065,0.9438367,0.7819543,0.8314017,0,0,0,0,0,0,0,0,0,0,0,0,0
0,0,0,0,0,0,0,0,0,0,0,0,0,0,0.6904355,0.9091519,1,0.9262908,0.712856,0,0,0,0,0,0,0,0,0,0,0,0,0,0,0,0,0,0,0,0,0,0,0,0,0,0,0.7213174,0.7280955,0.9435512,1,0.9761238,0.9344306,0.7845485,0.6698086,0,0,0,0,0,0,0,0,0,0,0,0,0,0,0,0,0,0,0,0,0,0,0,0,0,0.6513553,0.7134592,0.792195,0.939063,1,0.6349277,0.8437018,0.6299964,0,0,0,0,0,0,0,0,0,0,0,0,0,0,0,0,0,0,0,0,0,0,0,0,0,0,0.7176985,0.7736933,0.878662,1,0.9801358,0.887922,0.8037052,0.645916,0.6217448,0.6564087,0.5822686,0,0,0,0,0,0,0,0,0,0,0,0,0,0,0,0,0,0,0,0,0,0.6936087,0,0.7113918,0.854717,0.9849508,1,0.7900342,0.8048695,0.7402966,0.6997045,0.6911331,0,0,0,0,0,0,0,0,0,0
0,0,0,0,0,0,0,0,0,0,0,0,0,0,0,0.9571826,1,0.8996187,0,0,0,0,0,0,0,0,0,0,0,0,0,0,0,0,0,0,0,0,0,0,0,0,0,0,0,0,0,0,0,1,0,0,0,0,0,0,0,0,0,0,0,0,0,0,0,0,0,0,0,0,0,0,0,0,0,0,0,0,0,0,0,0.9688612,1,0.916686,0,0,0.8541821,0.8557337,0.8535779,0,0,0,0,0,0,0,0,0,0,0,0,0,0,0,0,0,0,0,0,0,0,0,0,0,0.9081616,1,0.9343958,0.8904616,0.8863919,0.9174769,0.89219,0,0,0,0,0,0,0,0,0,0,0,0,0,0,0,0,0,0,0,0,0,0,0,0,0,0,0,0.978111,1,0.9091544,0,0,0,0,0,0,0,0,0,0,0,0,0,0
0,0,0,0,0,0,0,0,0,0,0,0,0,0,0.7045753,0.9006236,1,0.8920957,0.7589319,0.7652935,0.7030287,0.7640092,0.8541173,0.8492883,0.8029448,0.7491974,0.6458123,0,0,0,0,0,0,0,0,0,0,0,0,0,0,0,0,0,0,0,0,0.8579801,0.8642372,0.969272,0.8677486,1,0.8956022,0.9094309,0.8225092,0.8515866,0.8736246,0.8311347,0.7728595,0,0,0,0,0,0,0,0,0,0,0,0,0,0,0,0,0,0,0,0,0,0.7707061,0.958735,1,0.8792993,0.8496034,0.8562186,0.8012308,0.7163168,0.8530862,0.79597,0.8254294,0.7948402,0.723317,0.6364113,0,0,0,0,0,0,0,0,0,0,0,0,0,0,0,0,0,0,0,0.7079523,0.8641372,1,0.9459129,0.8568141,0.9113262,0.9188853,0.7876434,0.8013631,0.8831045,0.8992343,0.8803967,0.8327837,0.7344726,0,0,0,0,0,0,0,0,0,0,0,0,0,0,0,0,0,0,0.6893843,0.7069231,0.6966892,0.9308041,1,0.8921533,0.8012618,0.8206214,0.8433956,0.8311568,0.7581201,0.8266689,0.8294407,0.8262097,0.7669014,0,0,0,0,0
0,0,0,0,0,0,0,0,0,0,0,0,0,0,0.7418398,0.951275,1,0.9206854,0.8486751,0.8214187,0.6632834,0.7474065,0,0,0.664329,0.7524309,0.7591206,0.6624184,0,0,0,0,0,0,0,0,0,0,0,0,0,0,0,0,0,0,0.7552838,0.7274053,0.8540115,0.9756227,1,0.9568771,0.8273492,0.8386617,0.8422627,0.7736159,0.8272014,0.7181371,0,0,0,0,0,0,0,0,0,0,0,0,0,0,0,0,0,0,0,0,0,0.6384931,0.7756097,0.9499044,1,0.8679189,0.7125664,0.690764,0.6969506,0.806264,0.7901734,0.7760426,0.8011184,0.7313088,0.6241005,0.6791793,0.6026546,0,0,0,0,0,0,0,0,0,0,0,0,0,0,0,0,0,0,0.7137205,0.897369,1,0.9396847,0.8527291,0.8404241,0.807358,0.688215,0.6419085,0.7197911,0.6736247,0,0.7405111,0.7655808,0.6691368,0,0,0,0,0,0,0,0,0,0,0,0,0,0,0,0,0,0.6980422,0.8141095,0.8277031,0.9295804,1,0.9548557,0.8848603,0,0.7279449,0.7947341,0.8197842,0.8551947,0.7956478,0.8287817,0.8569563,0.7331063,0,0,0,0
0,0,0,0,0,0,0,0,0,0,0,0,0,0,0.7623188,0.9425228,1,0.9237463,0,0,0.8283757,0.7896398,0,0,0,0,0,0,0,0,0,0,0,0,0,0,0,0,0,0,0,0,0,0,0,0,0.8944333,0.8846467,0,1,0.9645403,0.921931,0,0,0,0,0,0,0,0,0,0,0,0,0,0,0,0,0,0,0,0,0,0,0,0,0,0,0,0,0,0.9667085,1,0.8541629,0.7962403,0.8359373,0.8408619,0.812063,0.7337313,0,0,0,0,0,0,0,0,0,0,0,0,0,0,0,0,0,0,0,0,0,0,0,0,0.7688879,0.8986782,1,0.9693525,0,0.8145411,0.8402352,0.794615,0,0,0,0,0,0,0,0,0,0,0,0,0,0,0,0,0,0,0,0,0,0,0,0,0,0.8895937,0.9174846,0.9624781,1,0.9454067,0.9514033,0,0.9321188,0.9611805,0,0.893571,0,0,0,0,0,0,0,0
0,0,0,0,0,0,0,0,0,0,0,0.6731623,0.7433692,0.7838112,0.8079314,0.9184465,1,0.9292252,0.7383988,0.7510002,0,0.7228782,0,0,0,0,0,0,0,0,0,0,0,0,0,0,0,0,0,0,0,0,0,0,0,0.7055925,0.779888,0.7294158,0.8212636,1,0.9950983,0.8831826,0.8337336,0.7624532,0,0,0,0,0,0,0,0,0,0,0,0,0,0,0,0,0,0,0,0,0,0,0,0.6301906,0.7065054,0.7094033,0.7554232,0.9503015,1,0.8741849,0.6961046,0.7372915,0.6447458,0,0,0,0,0,0,0,0,0,0,0,0,0,0,0,0,0,0,0,0,0,0,0,0.7095333,0.6619411,0.6817012,0.7786614,0.8349281,1,0.9785932,0.7673684,0.787981,0.747007,0.6836174,0.7123461,0.6772976,0,0,0,0,0,0,0,0,0,0,0,0,0,0,0,0,0,0,0,0,0,0,0.8568323,0.9047061,0.9695442,0.9151999,1,0.8663127,0.892496,0.8447506,0,0,0,0,0,0,0,0,0,0,0,0
0,0,0,0,0,0,0,0,0,0,0,0,0,0.7061608,0,0.8255115,1,0.9176952,0.7681488,0.6259367,0,0,0.6164216,0.6329151,0,0,0,0,0,0,0,0,0,0,0,0,0,0,0,0,0,0,0,0,0,0,0.7241376,0.7951834,0.851555,1,0.9681742,0.8485572,0.7083605,0,0,0,0,0,0,0,0,0,0,0,0,0,0,0,0,0,0,0,0,0,0,0,0,0,0,0.6448432,0.6518039,0.9254374,1,0.9065536,0.6511337,0,0.5653697,0,0,0,0,0,0,0,0,0,0,0,0,0,0,0,0,0,0,0,0,0,0,0,0,0.6216037,0.6988899,0.7546451,0.7337919,0.9994572,1,0.8148672,0,0,0,0,0.6232558,0,0,0,0,0,0,0,0,0,0,0,0,0,0,0,0,0,0,0,0,0,0,0.798602,0.8424193,0.9077869,1,0.9362419,0.9267254,0.8432941,0.7238836,0.7301904,0.804617,0.7321681,0,0,0,0,0,0,0,0,0
