GestureName: star
Duration(ms): 1410
Handedness: right

SpeakerAngles: 5
55
-55
0
0
110

SpeakerElevations: 5
-10
-10
-10
0
30

InterpretedPoints: 30
0.813797681349374,-0.296198132726024,0.5
0,-1,0
-4.05480761227132,-9.18036165679801,-0.458110933998418
-6.51038145079499,-14.5088769622895,-2.61081457866456
-8.94468409760534,-27.4735668207557,-0.13785102532595
-7.30999833766881,-20.583425352579,-0.0270364466613926
0.806707284111599,-1.54967027447583,0.347296355333861
0,0,0
0,0,0
0,0,0
0,0,0
4.85442449914514,14.4454040779659,-1.77837084267089
8.07416323835376,18.8109438744593,-2.62566719800475
2.43430264681035,2.94208176203599,0.479055466999209
0,0,0
0.813797681349374,-0.296198132726024,0.5
0.0141807944755501,2.52213653048741,0.479055466999209
-3.19846754749529,-6.19998477789189,1.82635182233307
4.06898840674687,-7.49618291061791,2.32635182233307
1.62759536269875,-5.62278075942763,0.652703644666139
1.6134145682232,-6.06895605497608,1.04188906600158
0,-1.96961550602442,0.347296355333861
0,1,0
0.785436092398274,-4.31008669972526,-0.110814578664557
2.3917602633837,-6.54836659448727,-0.089870045663766
-0.0283615889511002,-5.96831182603585,-0.0898700456637662
-1.62759536269875,-11.850542671318,1.25742630967009
0.806707284111599,-1.54967027447583,0.347296355333861
0,0,0
0,0,0

StrokePoints: 31
0,0,0
0.813797681349374,-0.296198132726024,0.5
0.813797681349374,-1.29619813272602,0.5
-3.24100993092194,-10.476559789524,0.0418890660015822
-9.75139138171694,-24.9854367518135,-2.56892551266297
-18.6960754793223,-52.4590035725692,-2.70677653798892
-26.0060738169911,-73.0424289251481,-2.73381298465032
-25.1993665328795,-74.592099199624,-2.38651662931646
-25.1993665328795,-74.592099199624,-2.38651662931646
-25.1993665328795,-74.592099199624,-2.38651662931646
-25.1993665328795,-74.592099199624,-2.38651662931646
-25.1993665328795,-74.592099199624,-2.38651662931646
-20.3449420337343,-60.146695121658,-4.16488747198734
-12.2707787953806,-41.3357512471987,-6.79055466999209
-9.83647614857023,-38.3936694851628,-6.31149920299288
-9.83647614857023,-38.3936694851628,-6.31149920299288
-9.02267846722086,-38.6898676178888,-5.81149920299288
-9.00849767274531,-36.1677310874014,-5.33244373599367
-12.2069652202406,-42.3677158652933,-3.5060919136606
-8.13797681349373,-49.8638987759112,-1.17974009132753
-6.51038145079499,-55.4866795353388,-0.527036446661392
-4.89696688257179,-61.5556355903149,0.51485261934019
-4.89696688257179,-63.5252510963393,0.86214897467405
-4.89696688257179,-62.5252510963393,0.86214897467405
-4.11153079017352,-66.8353377960646,0.751334396009493
-1.71977052678982,-73.3837043905518,0.661464350345727
-1.74813211574092,-79.3520162165877,0.571594304681961
-3.37572747843967,-91.2025588879057,1.82902061435206
-2.56902019432807,-92.7522291623815,2.17631696968592
-2.56902019432807,-92.7522291623815,2.17631696968592
-2.56902019432807,-92.7522291623815,2.17631696968592

Velocities: 30
0,0,0
0,0,0
-2,0,-4
0,0,-8
-9,-8,-11
-7,-5,-8
0,-1,-1
0,0,0
0,0,0
0,0,0
0,0,0
10,6,0
10,1,7
1,0,2
0,0,0
0,0,0
0,2,1
-4,4,1
0,0,1
0,0,2
0,-2,-4
0,0,-2
0,0,0
0,-4,-4
1,-6,-6
0,-4,-7
-4,-4,-5
0,-1,-1
0,0,0
0,0,0

InverseVelocities: 30
0,0,0
0,0,0
0,0,0
0,0,0
0,0,0
0,0,0
0,0,0
0,0,0
0,0,0
0,0,0
0,0,0
0,0,0
0,0,-1
0,0,0
0,0,0
0,0,0
0,0,0
0,0,-4
0,0,-5
0,0,-8
0,0,0
0,0,0
0,0,0
0,0,0
0,0,0
0,0,0
0,0,0
0,0,0
0,0,0
0,0,0

RawData: 30
0,0,0,0,0,0,0,0,0,0,0,0,0,0,0,0.9053147,1,0.9385304,0.7511964,0,0,0,0,0,0,0,0,0,0,0,0,0,0,0,0,0,0,0,0,0,0,0,0,0,0,0,0,0,0.8136114,1,0.9956711,0.8400935,0,0,0,0,0,0,0,0,0,0,0,0,0,0,0,0,0,0,0,0,0,0,0,0,0,0,0,0,0.718039,0.9495106,1,0.8944178,0.674167,0,0,0,0,0,0,0,0,0,0,0,0,0,0,0,0,0,0,0,0,0,0,0,0,0,0,0,0,0,0.8210165,1,0.9970491,0.7963864,0.6849994,0,0,0,0,0,0,0,0,0,0,0,0,0,0,0,0,0,0,0,0,0,0,0,0,0,0,0,0,0,0.9518955,1,0.9318749,0.7948496,0.6801949,0,0,0,0,0,0,0,0,0,0,0,0
0,0,0,0,0,0,0,0,0,0,0,0,0,0,0,0.8840615,1,0.924209,0,0,0,0,0,0,0,0,0,0,0,0,0,0,0,0,0,0,0,0,0,0,0,0,0,0,0,0,0,0.7356609,0.8284621,1,0.9501504,0.7238443,0,0,0,0,0,0,0,0,0,0,0,0,0,0,0,0,0,0,0,0,0,0,0,0,0,0,0,0.6652147,0.7807176,0.9084834,1,0.8917166,0,0,0,0,0,0,0,0,0,0,0,0,0,0,0,0,0,0,0,0,0,0,0,0,0,0,0,0.691152,0.7201732,0.7126376,0.8417115,1,0.9945844,0.780921,0,0,0,0,0,0,0,0,0,0,0,0,0,0,0,0,0,0,0,0,0,0,0,0,0,0,0,0.8880292,0.9250965,0.9371038,1,0.8897431,0.93779,0.7929841,0,0,0,0,0,0,0,0,0,0,0,0,0
0,0,0,0,0,0,0,0,0,0,0,0.7234685,0.8033329,0.8246118,0.7927854,0.9172103,1,0.925143,0,0,0,0,0,0,0,0,0,0,0,0,0,0,0,0,0,0,0,0,0,0,0,0,0,0,0,0,0.8093151,0.8570876,0.872834,1,0.9915136,0.7967256,0,0,0,0,0,0,0,0,0,0,0,0,0,0,0,0,0,0,0,0,0,0,0,0.6914591,0.7498712,0.7910731,0.7569335,0,0.7725269,0.900169,1,0.9202819,0,0,0,0,0,0,0,0,0,0,0,0,0,0,0,0,0,0,0,0,0,0,0,0.7199158,0.7496554,0.7869493,0.8111978,0.7846783,0.7308367,0.7674425,0.8814881,1,0.9673681,0,0,0,0,0,0,0,0,0,0,0,0,0,0,0,0,0,0,0,0,0,0,0,0,0,0.9204288,0.9650593,0.960077,0.963493,0.8902992,0.9176446,1,0.8696851,0.8595162,0,0,0,0,0,0,0,0,0,0,0,0,0,0
0,0,0,0,0,0,0,0,0,0,0,0,0,0,0,0.9347896,1,0.9078286,0,0,0,0,0,0,0,0,0,0,0,0,0,0,0,0,0,0,0,0,0,0,0,0,0,0,0,0,0,0,0.9233871,1,0.9593588,0,0,0,0,0,0,0,0,0,0,0,0,0,0,0,0,0,0,0,0,0.7568952,0.7324114,0,0,0,0,0.7387208,0.7465895,0,0,0.9438535,1,0.9094412,0,0,0,0,0,0,0,0,0,0,0,0,0,0,0,0,0,0,0,0.7620543,0.787024,0.7851357,0.7714965,0.7314639,0,0,0.7321746,0,0.7352859,0.7640385,0.8777142,1,0.9599142,0,0,0,0,0,0,0,0,0,0,0,0,0,0,0,0,0,0,0,0,0.9260957,0.9431749,0.9502985,0,0,0.9236633,0.9734138,0,0,0.9777451,0.9248258,1,0.9759111,0,0,0,0,0,0,0,0,0,0,0,0,0,0,0
0,0,0,0,0.739316,0.7839161,0.7502366,0,0,0.7277186,0.7090026,0,0,0,0,0.8838754,1,0.9270462,0,0,0,0,0,0,0,0,0,0,0,0,0,0,0,0,0,0,0,0,0.8694136,0.9839864,1,0.9094307,0,0,0.9357369,0.9012814,0.8535681,0.9562927,0.9481077,0,0.9837171,0.893849,0,0,0,0,0,0,0,0,0,0,0,0,0,0,0,0,0.6409038,0.726077,0.7233844,0.6998283,0.7562237,0.6852316,0.6615959,0.6766621,0,0,0,0.7061635,0.7234021,0.9457976,1,0.8780834,0,0,0,0,0,0,0,0,0,0,0,0,0,0,0,0,0,0,0.7708865,0.7879458,0,0.6632752,0.6727206,0,0.6451144,0.6496821,0,0,0,0,0.8976595,1,0.9586915,0.7575343,0,0,0,0,0,0,0,0,0,0,0,0,0,0,0,0,0,0.8025784,0.8237909,0,0,0,0,0.7841384,0.7795121,0.7571036,0.8356532,0.8656044,0,0,0.969365,1,0.8859655,0.7604278,0.7474469,0,0,0,0,0,0,0,0,0,0,0,0
0,0,0,0,0,0,0.7350473,0.6891937,0.6961821,0.7040316,0,0,0,0,0,0.8903995,1,0.9074478,0,0,0,0,0,0,0,0,0,0,0,0,0,0,0,0,0,0,0,0,0,0,0,0.7054063,0,0.7526187,0.7832772,0.8261448,0.8491912,0.8875412,0.9589919,1,0.9294218,0,0,0,0,0,0,0,0,0,0,0,0,0,0,0,0,0,0,0,0,0.6886439,0.6983353,0.7084551,0.7102751,0.6754367,0,0.7026278,0.6888443,0.7505298,0.8378313,0.9303458,1,0.9027667,0,0,0,0,0,0,0,0,0,0,0,0,0,0,0,0,0,0,0,0,0.7075333,0.7464172,0.739417,0.7403046,0,0,0.7222595,0.7749983,0.7255232,0.8148516,0.9438506,0.9309461,1,0.7601681,0,0,0,0,0,0,0,0,0,0,0,0,0,0,0,0,0,0,0,0,0.7087272,0.7183045,0.7075045,0.7266043,0.7298246,0.7483523,0.7538925,0.7807885,0.7924207,0.8431119,0.945197,1,0.8374095,0,0,0,0,0,0,0,0,0,0,0,0,0,0
0,0,0,0,0,0,0,0,0,0,0,0,0,0.7309418,0.7607172,0.9349805,1,0.8905678,0,0,0,0,0,0,0,0,0,0,0,0,0,0,0,0,0,0,0,0,0,0,0,0,0,0,0,0.7697461,0.852185,0.8326721,0.8962105,1,0.9412975,0,0,0,0,0,0,0,0,0,0,0,0,0,0,0,0,0,0,0,0,0,0,0,0,0,0,0,0.6999156,0.7531773,0.7489567,0.9527111,1,0.8748849,0,0,0,0,0,0,0,0,0,0,0,0,0,0,0,0,0,0,0,0,0,0,0,0,0,0,0,0,0.7589639,0.7737235,0.8986352,1,0.9365745,0,0,0,0,0,0,0,0,0,0,0,0,0,0,0,0,0,0,0,0,0,0,0,0,0,0,0,0,0,0.8024237,0.8482957,0.9947665,1,0.8240264,0,0,0,0,0,0,0,0,0,0,0,0,0,0
0,0,0,0,0,0,0,0,0,0,0,0,0,0,0.7983471,0.9480621,1,0.8785904,0,0,0,0,0,0,0,0,0,0,0,0,0,0,0,0,0,0,0,0,0,0,0,0,0,0,0,0,0,0.9255536,1,0.9565695,0.9377367,0,0,0,0,0,0,0,0,0,0,0,0,0,0,0,0,0,0,0,0,0,0,0,0,0,0,0,0,0.6933371,0.8400282,0.9804518,1,0.8796033,0.6412056,0,0,0,0,0,0,0,0,0,0,0,0,0,0,0,0,0,0,0,0,0,0,0,0,0,0,0,0,0.7211474,0.911644,1,0.9214738,0.7067432,0,0,0,0,0,0,0,0,0,0,0,0,0,0,0,0,0,0,0,0,0,0,0,0,0,0,0,0,0.7553493,0.8813904,0.9905469,1,0.765453,0,0,0,0,0,0,0,0,0,0,0,0,0,0
0,0,0,0,0,0,0,0,0,0,0,0,0,0,0.7702809,0.9081092,1,0.8918971,0,0,0,0,0,0,0,0,0,0,0,0,0,0,0,0,0,0,0,0,0,0,0,0,0,0,0,0,0,0.7983144,0,1,0.9645787,0,0,0,0,0,0,0,0,0,0,0,0,0,0,0,0,0,0,0,0,0,0,0,0,0,0,0,0,0,0.7243832,0.9603707,1,0.8394243,0.6144134,0,0,0,0,0,0,0,0,0,0,0,0,0,0,0,0,0,0,0,0,0,0,0,0,0,0,0,0,0.801263,0.9621871,1,0.9448453,0.7138878,0,0,0,0,0,0,0,0,0,0,0,0,0,0,0,0,0,0,0,0,0,0,0,0,0,0,0,0,0,0.930458,0.996344,1,0.8516586,0,0,0,0,0,0,0,0,0,0,0,0,0,0
0,0,0,0,0,0,0,0,0,0,0,0,0,0,0,0.9297464,1,0.8960702,0,0,0,0,0,0,0,0,0,0,0,0,0,0,0,0,0,0,0,0,0,0,0,0,0,0,0,0,0,0.7344697,0.9468273,1,0.8868396,0.7238617,0.7000575,0,0,0,0,0,0,0,0,0,0,0,0,0,0,0,0,0,0,0,0,0,0,0,0,0,0,0,0.7861083,0.8941966,1,0.8825276,0.6952317,0,0,0,0,0,0,0,0,0,0,0,0,0,0,0,0,0,0,0,0,0,0,0,0,0,0,0,0,0.7847933,0.9603533,1,0.9614269,0,0,0,0,0,0,0,0,0,0,0,0,0,0,0,0,0,0,0,0,0,0,0,0,0,0,0,0,0,0.6922108,0.8916361,1,0.9971591,0.8656133,0,0,0,0,0,0,0,0,0,0,0,0,0,0
0,0,0,0,0,0,0,0,0,0,0,0,0,0,0,0.955066,1,0.8984062,0,0,0,0,0,0,0,0,0,0,0,0,0,0,0,0,0,0,0,0,0,0,0,0,0,0,0,0,0,0,0.9602291,1,0.9909481,0,0,0,0,0,0,0,0,0,0,0,0,0,0,0,0,0,0,0,0,0,0,0,0,0,0,0,0,0,0.8325503,0.9817594,1,0.8915465,0,0,0,0,0,0,0,0,0,0,0,0,0,0,0,0,0,0,0,0,0,0,0,0,0,0,0,0,0,0,0.9328465,1,0.9425073,0,0,0,0,0,0,0,0,0,0,0,0,0,0,0,0,0,0,0,0,0,0,0,0,0,0,0,0,0,0,0.8965818,1,0.9787493,0.8340215,0,0,0,0,0,0,0,0,0,0,0,0,0,0
0,0,0,0,0,0,0,0,0,0,0,0,0,0,0,0.9284725,1,0.8778997,0,0,0,0,0,0,0,0,0,0,0.7595572,0.7560157,0,0,0,0,0,0,0,0,0,0,0,0,0,0,0,0,0,0,0.910256,1,0.9777833,0.8239437,0,0.865534,0.8293154,0,0.8277292,0.8393198,0.8279803,0,0,0,0,0,0,0,0,0,0,0,0,0,0,0,0,0,0,0,0,0,0.7922969,0.9707778,1,0.8757157,0,0,0,0,0,0,0,0,0,0,0,0,0,0,0,0,0,0,0,0,0,0,0,0,0,0,0,0,0,0,0.8733348,1,0.9634054,0.7744281,0.744836,0.725071,0,0,0.724456,0.714438,0.730684,0,0,0,0,0,0,0,0,0,0,0,0,0,0,0,0,0,0,0,0,0,0.7410785,0.833543,0.9851885,1,0.8324088,0,0.741243,0.7522706,0,0,0,0,0,0,0,0,0,0,0
0,0,0,0,0,0,0,0,0,0,0,0,0,0,0,0.9302182,1,0.9040264,0,0,0.7459862,0.7114671,0.6856895,0.6587297,0,0.6884868,0.7508927,0.7587498,0.7292356,0.663359,0,0,0,0,0,0,0,0,0,0,0,0,0,0,0,0,0,0,0.872166,1,0.9432526,0.8386756,0.7791082,0.7363978,0,0,0,0,0,0,0,0,0,0,0,0,0,0,0,0,0,0,0,0,0,0,0,0,0.6361896,0.6736245,0.6391228,0.9405732,1,0.8723853,0.7134911,0.7178013,0.699019,0.6392475,0.6562934,0.6379336,0.6209296,0.6521444,0.6398889,0,0,0,0,0,0,0,0,0,0,0,0,0,0,0,0,0,0,0,0.6616035,0.6768034,0.8490737,1,0.9530383,0.6548395,0,0,0,0,0.6687581,0.6522309,0.6641881,0,0,0,0,0,0,0,0,0,0,0,0,0,0,0,0,0,0,0,0,0,0.7314349,0.8070906,0.9174078,1,0.8923162,0,0.7086753,0,0,0,0,0,0,0,0,0,0,0,0
0,0,0,0,0,0,0,0,0,0,0,0,0,0,0,0.928785,1,0.8911571,0.7520053,0.7632137,0.7723266,0,0,0,0,0,0,0,0,0,0,0,0,0,0,0,0,0,0,0,0,0,0,0,0,0,0,0,0.9086369,1,0.947076,0.905522,0.8544433,0,0,0,0,0,0,0,0,0,0,0,0,0,0,0,0,0,0,0,0,0,0,0,0,0,0,0,0.7298803,0.9509494,1,0.8935975,0.7177396,0,0,0.7349904,0,0,0,0,0,0,0,0,0,0,0,0,0,0,0,0,0,0,0,0,0,0,0,0,0,0,0.8872668,1,0.9560347,0.7710316,0.8065436,0.8069924,0,0,0,0,0,0,0,0,0,0,0,0,0,0,0,0,0,0,0,0,0,0,0,0,0,0,0,0.7791233,0.9870815,1,0.827521,0,0.8130078,0.8137905,0,0,0,0,0,0,0,0,0,0,0
0,0,0,0,0,0,0,0,0,0,0,0,0,0,0.7050006,0.9224058,1,0.9054217,0.680141,0,0,0,0,0,0,0,0,0,0,0,0,0,0,0,0,0,0,0,0,0,0,0,0,0,0,0,0,0,0.806222,0.9823291,1,0.8717073,0,0,0,0,0,0,0,0,0,0,0,0,0,0,0,0,0,0,0,0,0,0,0,0,0,0,0,0.6618055,0.749405,0.9593033,1,0.8880893,0.7075878,0,0,0,0,0,0,0,0,0,0,0,0,0,0,0,0,0,0,0,0,0,0,0,0,0,0,0,0.680925,0.7296481,0.8435447,1,0.9548516,0.7459626,0.701519,0,0,0,0,0,0,0,0,0,0,0,0,0,0,0,0,0,0,0,0,0,0,0,0,0,0,0,0,0.7281665,0.9687752,1,0.8663619,0.7132764,0,0,0,0,0,0,0,0,0,0,0,0,0
0,0,0,0,0,0,0,0,0,0,0,0,0,0,0,0.9305884,1,0.9011841,0.6881433,0,0,0,0,0,0,0,0,0,0,0,0,0,0,0,0,0,0,0,0,0,0,0,0,0,0,0,0,0,0,1,0.9988331,0,0,0,0,0,0,0,0,0,0,0,0,0,0,0,0,0,0,0,0,0,0,0,0,0,0,0,0,0,0,0.9543568,1,0.8715181,0.7338533,0,0,0,0,0,0,0,0,0,0,0,0,0,0,0,0,0,0,0,0,0,0,0,0,0,0,0,0,0,0.8772968,1,0.9706362,0.7856355,0.6793808,0,0,0,0,0,0,0,0,0,0,0,0,0,0,0,0,0,0,0,0,0,0,0,0,0,0,0,0,0.7922376,1,0.9786282,0.8316066,0.8610777,0.7788308,0,0,0,0,0,0,0,0,0,0,0,0
0,0,0,0,0,0,0,0,0,0,0,0,0,0,0.7222918,0.9508823,1,0.8911598,0,0,0,0,0,0,0,0,0,0,0,0,0,0,0,0,0,0,0,0,0,0,0,0,0,0,0,0,0,0,0.7922461,0.980377,1,0.9248016,0.8889386,0.8676928,0.8084902,0,0,0,0,0,0,0,0,0,0,0,0,0,0,0,0,0,0,0,0,0,0,0,0,0,0.7612523,0.9575852,1,0.8646944,0.73943,0.730404,0.6972726,0,0,0,0,0,0,0,0,0,0,0,0,0,0,0,0,0,0,0,0,0,0,0,0,0,0.7152939,0.7419907,0.8644113,1,0.9610562,0.7723585,0.733923,0.6779698,0,0,0,0,0,0,0,0,0,0,0,0,0,0,0,0,0,0,0,0,0,0,0,0,0,0,0,0.777631,0.9803142,1,0.8280601,0.7818958,0.7710657,0.7664578,0,0,0,0,0,0,0,0,0,0,0
0,0,0,0,0,0,0,0,0,0.6454411,0.7004184,0.7271531,0.7721202,0.8120208,0.7526299,0.9248746,1,0.879756,0,0,0,0,0,0,0,0,0,0,0,0,0,0,0,0,0,0,0,0,0,0,0,0,0,0,0,0,0,0,0.8006912,1,0.9682702,0,0.8025293,0.864521,0.9202085,0.9329964,0.8482175,0,0,0,0,0,0,0,0,0,0,0,0,0,0,0,0,0,0,0.6776757,0.7223138,0.7151641,0,0,0.7223909,0.9607233,1,0.842542,0,0.7422113,0.7522271,0,0,0,0,0,0,0,0,0,0,0,0,0,0,0,0,0,0,0,0.6564444,0.6975452,0.6959392,0.694366,0.6876189,0,0.7906539,0.8033488,0.8736147,1,0.9290037,0.7419494,0.7012116,0,0,0,0,0,0,0,0,0,0,0,0,0,0,0,0,0,0,0,0,0,0,0,0.6883615,0.6901762,0.6902128,0.7262112,0.7591169,0.8116809,0.9749058,1,0.8214986,0.6684309,0.7866396,0.6470062,0.764403,0.6977746,0,0,0,0,0,0,0,0,0
0,0,0,0,0,0,0,0,0,0,0,0,0,0.7027758,0.7529389,0.9253207,1,0.9166217,0,0,0,0,0,0,0,0,0,0,0,0,0,0,0,0,0,0,0,0,0,0,0,0,0,0,0,0,0,0,0.8725533,1,0.9538084,0,0.8084566,0,0,0,0,0,0,0,0,0,0,0,0,0,0,0,0,0,0,0,0,0,0.6953757,0.6888328,0,0.7020599,0,0.7130681,0.7066557,0.9572996,1,0.8917863,0,0.7243929,0.7458789,0,0,0,0,0,0,0,0,0,0,0,0,0,0,0,0,0,0,0.774115,0.7792604,0.7371359,0.7796621,0,0.7161316,0.7143928,0.7869374,0.7416379,0.8518998,1,0.9735058,0.8672881,0.749859,0.7383828,0,0,0,0,0,0,0,0,0,0,0,0,0,0,0,0,0,0,0,0,0,0,0,0,0,0,0,0.7427701,0.9518334,1,0.8390002,0.845675,0.8293312,0.7842426,0.7152096,0.780872,0.7348578,0,0,0,0,0,0,0,0
0,0,0,0,0,0,0,0,0,0,0,0,0,0,0,0.9053634,1,0.9140949,0,0,0,0,0,0,0,0,0,0,0,0,0,0,0,0,0,0,0,0,0,0,0,0,0,0,0,0,0,0,0.7793584,1,0.9745482,0.815174,0,0,0,0,0,0,0,0,0,0,0,0,0,0,0,0,0,0,0,0.643877,0.661187,0.6311584,0.6337152,0,0,0,0.6345748,0.6781117,0,0.9118297,1,0.9061145,0.6796076,0.6244111,0.6652201,0.6368254,0,0,0,0,0,0,0,0,0,0,0,0,0,0,0,0,0,0.6474898,0,0.7083914,0.7076992,0,0.6613754,0.6449215,0.6598459,0.6824023,0.8467305,1,0.9723845,0.6867337,0.7656194,0.6974742,0,0,0,0,0,0,0,0,0,0,0,0,0,0,0,0,0.6521294,0.6584281,0,0,0,0.663949,0.6635503,0,0,0,0,0,0.913298,1,0.9228287,0.7622625,0.7146893,0.6865996,0,0,0,0,0,0,0,0,0,0,0
0,0,0,0,0,0,0,0,0,0,0,0,0,0.7189806,0.7496899,0.9287999,1,0.9023807,0,0,0,0,0,0,0,0,0,0,0,0,0,0,0,0,0,0,0,0,0,0,0,0,0,0,0.7419679,0.8074408,0.7548342,0.7513074,0.9390146,1,0.9631865,0.787713,0.7576478,0,0,0,0,0,0,0,0,0,0,0,0,0,0,0,0,0,0,0,0,0,0,0.6194434,0.6727732,0.6975603,0.6671786,0.7052463,0.6754495,0.9431964,1,0.8825293,0,0,0,0,0,0,0,0,0,0,0,0,0,0,0,0,0,0,0,0,0,0,0,0,0,0,0,0.6790009,0,0,0.8146096,1,0.9754642,0.7169177,0.6504204,0,0,0,0,0,0,0,0,0,0,0,0,0,0,0,0,0,0,0,0,0,0,0,0,0,0,0.7704808,0.8376011,0.7605106,1,0.992443,0.7888684,0,0,0,0,0,0,0,0,0,0,0,0,0,0
0,0,0,0,0,0,0,0,0,0,0,0,0,0.6693513,0.7592918,0.8408565,1,0.9234557,0,0,0,0,0,0,0,0,0,0,0,0,0,0,0,0,0,0,0,0,0,0,0,0,0,0,0,0,0,0.8814182,0.9954506,1,0.9540855,0.7330191,0,0,0,0,0,0,0,0,0,0,0,0,0,0,0,0,0,0,0,0,0,0,0,0,0,0.5650107,0.6019724,0.7144293,0.813909,0.9184207,1,0.8948185,0,0,0,0,0,0,0,0,0,0,0,0,0,0,0,0,0,0,0,0,0,0,0,0,0,0,0,0,0.5899758,0.748184,0.8927844,1,0.9686953,0.7343628,0,0,0,0,0,0,0,0,0,0,0,0,0,0,0,0,0,0,0,0,0,0,0,0,0,0,0,0,0.8315747,0.9878409,0.824697,1,0.8810028,0,0,0,0,0,0,0,0,0,0,0,0,0,0
0,0,0,0,0,0,0,0,0,0,0,0,0,0,0,0.9213982,1,0.9045843,0.768372,0.7455907,0,0,0,0,0,0,0,0,0,0,0,0,0,0,0,0,0,0,0,0,0,0,0,0,0,0,0,0.9253293,0.9631739,1,0.9820063,0,0,0,0,0,0,0,0,0,0,0,0,0,0,0,0,0,0,0,0,0,0,0,0,0,0,0,0,0.7393568,0.8106964,0.9436612,1,0.9099597,0,0,0,0,0,0,0,0,0,0,0,0,0,0,0,0,0,0,0,0,0,0,0,0,0,0,0,0,0.7349955,0.8318178,0.8845652,1,0.9685302,0.7228196,0.7632098,0.721077,0,0,0,0,0,0,0,0,0,0,0,0,0,0,0,0,0,0,0,0,0,0,0,0,0,0.765061,0.8265797,0.875549,0.9264027,1,0.8874022,0.7667835,0,0,0,0,0,0,0,0,0,0,0,0,0
0,0,0,0,0,0,0,0,0,0,0,0,0,0,0.7278553,0.9351755,1,0.909151,0.7215843,0,0,0,0,0,0,0,0,0,0,0,0,0,0,0,0,0,0,0,0,0,0,0,0.8330466,0.8737481,0.8911203,0.9357324,0.8891788,0.8757225,0.877346,0.9062684,1,0.8649822,0.869344,0,0,0,0,0,0,0,0,0,0,0,0,0,0,0,0,0,0,0,0,0,0,0.6547551,0.6430255,0.6729426,0.7233982,0.6389924,0.6645339,0.9332792,1,0.9085611,0.6663817,0,0,0,0,0,0,0,0,0,0,0,0,0,0,0,0,0,0,0,0,0,0,0,0,0.6679861,0.7429436,0.7632838,0.7286846,0.6897774,0.7968996,1,0.9836328,0.7703992,0.7309328,0.6923586,0,0,0,0,0,0,0,0,0,0,0,0,0,0,0,0,0,0,0,0,0,0,0.7705346,0.8443626,0.8738554,0.8630064,0.7764398,0.7085093,0.977186,1,0.8494027,0.7778085,0.7797167,0,0,0,0,0,0,0,0,0,0,0,0
0,0,0,0,0,0,0,0,0,0,0,0,0,0,0.701464,0.8804958,1,0.9424015,0.8056087,0.8170815,0.7091471,0,0,0,0,0,0,0,0,0,0,0,0,0,0,0,0,0,0,0,0.9222539,0.9868842,0.9493553,0.8801524,0.9508758,0.9417321,0.9512484,0.8353468,0,0.9964024,1,0,0.839,0,0,0,0,0,0,0,0,0,0,0,0,0,0,0,0,0,0,0,0,0.6750374,0.7048382,0.7061977,0.7210329,0.7236171,0.6461511,0,0.7493962,0.9046365,1,0.9009972,0,0,0,0,0,0,0,0,0,0,0,0,0,0,0,0,0,0,0,0,0,0,0,0.6556473,0.656584,0,0,0.6268537,0,0.7038593,0.8662024,1,0.9661925,0.7486407,0.6294854,0.6211046,0,0,0,0,0,0,0,0,0,0,0,0,0,0,0,0,0,0,0,0,0,0.6587321,0.7930667,0.7944503,0.7578608,0.7946142,0.7163137,0.7555929,0.967722,1,0.8329248,0.7197445,0,0,0,0,0,0,0,0,0,0,0,0,0
0,0,0,0,0,0,0,0,0,0,0,0,0,0.7812596,0.7835317,0.897714,1,0.915899,0,0.7320988,0,0,0,0,0,0,0,0,0,0,0,0,0,0,0,0,0,0,0,0,0,0,0.9047803,0.8959777,0.9921678,0.9821319,0,0.8826798,0.8938035,1,0.8865937,0.8542206,0,0,0,0,0,0,0,0,0,0,0,0,0,0,0,0,0,0,0,0,0.6246849,0.6961489,0.7036168,0.6151326,0.6399949,0.6796799,0.659814,0,0,0.9403821,1,0.8952875,0,0,0,0,0,0,0,0,0,0,0,0,0,0,0,0,0,0,0,0,0,0,0,0.6545457,0,0,0.6703046,0.7254113,0.7460086,0.6919445,0.8452528,1,0.9721681,0.7486404,0.6332332,0.6743636,0.6485032,0,0,0,0,0,0,0,0,0,0,0,0,0,0,0,0,0,0,0,0,0.6675584,0.7256015,0,0.758153,0.8169904,0.7406381,0.7762963,0.9683726,1,0.8639758,0.662982,0.6794718,0,0,0,0,0,0,0,0,0,0,0,0
0,0,0,0,0,0,0,0,0,0.6728292,0.6641771,0,0,0,0.7787396,0.9469123,1,0.9003491,0,0,0,0,0,0,0,0,0,0,0,0,0,0,0,0,0,0,0,0,0,0,0,0,0.8223732,0.9028859,0.8800173,0,0.7908016,0.9249775,0.9120246,1,0.9550807,0,0,0,0,0,0,0,0,0,0,0,0,0,0,0,0,0,0,0,0,0,0,0,0.6060265,0,0,0,0.694242,0.6435925,0.7299654,0.9130347,1,0.9008577,0,0,0,0,0,0,0,0,0,0,0,0,0,0,0,0,0,0,0,0,0,0,0,0,0,0.6201534,0.6917444,0.7077148,0.7806072,0.7922944,0.7891756,1,0.9725478,0.6739115,0,0,0,0,0,0,0,0,0,0,0,0,0,0,0,0,0,0,0,0,0,0,0,0,0,0.6713451,0.77579,0.7720979,0.7575434,0.7976449,0.9390963,1,0.8926789,0.731765,0,0,0,0,0,0,0,0,0,0,0,0,0
0,0,0,0,0,0,0,0,0,0,0,0,0,0,0.7814644,0.8783998,1,0.928615,0,0,0,0,0,0,0,0,0,0,0,0,0,0,0,0,0,0,0,0,0,0,0,0,0,0,0,0.7805673,0.8409048,0.8264386,0.8953287,0.991908,1,0.8768798,0,0,0,0,0,0,0,0,0,0,0,0,0,0,0,0,0,0,0,0,0,0,0,0,0,0,0.7370882,0.7950502,0.7947991,0.95766,1,0.884371,0.6795025,0,0,0,0,0,0,0,0,0,0,0,0,0,0,0,0,0,0,0,0,0,0,0,0,0,0,0,0.7183638,0.7100638,0.8560011,1,0.9904835,0.8338651,0,0,0,0,0,0,0,0,0,0,0,0,0,0,0,0,0,0,0,0,0,0,0,0,0,0,0,0.8024575,0.8319932,0,0.9108703,1,0.924226,0.7768885,0,0,0,0,0,0,0,0,0,0,0,0,0
0,0,0,0,0,0,0,0,0,0,0,0,0,0,0,0.9371803,1,0.8784606,0,0,0,0,0,0,0,0,0,0,0,0,0,0,0,0,0,0,0,0,0,0,0,0,0,0,0,0,0,0.8179271,0.9253772,0.9646069,1,0.8007273,0,0,0,0,0,0,0,0,0,0,0,0,0,0,0,0,0,0,0,0,0,0,0,0,0,0,0,0.7169855,0.7881986,0.931775,1,0.8842099,0.6557441,0,0,0,0,0,0,0,0,0,0,0,0,0,0,0,0,0,0,0,0,0,0,0,0,0,0,0,0,0.6610827,0.8164442,1,0.9724092,0,0,0,0,0,0,0,0,0,0,0,0,0,0,0,0,0,0,0,0,0,0,0,0,0,0,0,0,0,0.7406509,0.8715624,0.9790621,1,0.8705375,0.6765597,0,0,0,0,0,0,0,0,0,0,0,0,0
0,0,0,0,0,0,0,0,0,0,0,0,0,0,0.6520873,0.9328505,1,0.882794,0,0,0,0,0,0,0,0,0,0,0,0,0,0,0,0,0,0,0,0,0,0,0,0,0,0,0,0,0,0.7438852,0.9446295,1,0.9310521,0,0,0,0,0,0,0,0,0,0,0,0,0,0,0,0,0,0,0,0,0,0,0,0,0,0,0,0,0,0.6748138,0.9580941,1,0.8556697,0,0,0,0,0,0,0,0,0,0,0,0,0,0,0,0,0,0,0,0,0,0,0,0,0,0,0,0,0,0.6965652,0.892784,1,0.9385831,0,0,0,0,0,0,0,0,0,0,0,0,0,0,0,0,0,0,0,0,0,0,0,0,0,0,0,0,0,0.7109673,0.8691702,0.9807463,1,0.7689307,0,0,0,0,0,0,0,0,0,0,0,0,0,0
