GestureName: triangle
Duration(ms): 1081
Handedness: right

SpeakerAngles: 5
55
-55
0
0
110

SpeakerElevations: 5
-10
-10
-10
0
30

InterpretedPoints: 23
0,0,0
-0.813797681349374,-1.67341737329839,-0.152703644666139
-11.3435347582268,-28.2172439290187,1.18850079700712
-11.3718963471779,-31.2919014839691,-0.116906492325159
-3.26937151987304,-21.0397330222078,0.472963553338607
0,-0.984807753012208,0.17364817766693
4.06189800950909,3.52498728047457,1.65270364466614
6.48201986184389,0.975317005998736,2
1.60632417098542,-4.35281269070147,0.541889066001582
-0.0283615889511002,-1.0746575549504,-1.30540728933228
0.785436092398274,-3.37085568767642,-0.805407289332278
1.6134145682232,-5.09934054895166,0.694592710667721
0.813797681349374,-0.296198132726024,0.5
0.820888078587149,1.94208176203599,0.479055466999209
2.45557383852367,12.1220578100427,0.242573690329905
0.0354519861888747,9.42747024565187,0.763518223330696
4.89696688257179,11.0733538749618,1.7425736903299
0.842159270300473,8.71769043427321,1.11081457866456
0,0,0
0,0,0
0,0,0
0,0,0
0,0,0

StrokePoints: 24
0,0,0
0,0,0
-0.813797681349374,-1.67341737329839,-0.152703644666139
-12.1573324395762,-29.8906613023171,1.03579715234098
-23.5292287867541,-61.1825627862862,0.918890660015822
-26.7986003066271,-82.222295808494,1.39185421335443
-26.7986003066271,-83.2071035615062,1.56550239102136
-22.736702297118,-79.6821162810316,3.2182060356875
-16.2546824352741,-78.7067992750329,5.2182060356875
-14.6483582642887,-83.0596119657344,5.76009510168908
-14.6767198532398,-84.1342695206848,4.4546878123568
-13.8912837608416,-87.5051252083612,3.64928052302452
-12.2778691926184,-92.6044657573129,4.34387323369225
-11.464071511269,-92.9006638900389,4.84387323369225
-10.6431834326818,-90.9585821280029,5.32292870069145
-8.18760959415816,-78.8365243179601,5.56550239102136
-8.15215760796929,-69.4090540723083,6.32902061435206
-3.25519072539749,-58.3357001973464,8.07159430468196
-2.41303145509702,-49.6180097630732,9.18240888334652
-2.41303145509702,-49.6180097630732,9.18240888334652
-2.41303145509702,-49.6180097630732,9.18240888334652
-2.41303145509702,-49.6180097630732,9.18240888334652
-2.41303145509702,-49.6180097630732,9.18240888334652
-2.41303145509702,-49.6180097630732,9.18240888334652

Velocities: 23
0,0,0
0,0,-2
-11,-4,-12
-11,-8,-12
-6,-8,-6
0,0,-1
2,1,-1
3,-1,-2
0,-3,-3
0,-4,0
0,-4,0
0,-2,-2
0,0,0
0,1,2
4,6,3
1,6,3
3,5,5
0,4,4
0,0,0
0,0,0
0,0,0
0,0,0
0,0,0

InverseVelocities: 23
0,0,0
0,0,0
0,1,2
0,0,0
0,0,0
0,0,0
0,0,0
0,0,4
0,0,4
0,0,0
0,0,0
0,0,0
0,0,0
0,0,0
0,0,0
0,0,0
0,0,0
0,0,0
0,0,0
0,0,0
0,0,0
0,0,0
0,0,0

RawData: 23
0,0,0,0,0,0,0,0,0,0,0,0,0,0,0,0.9227511,1,0.8907573,0,0,0,0,0,0,0,0,0,0,0,0,0,0,0,0,0,0,0,0,0,0,0,0,0,0,0,0,0,0,0.9138141,1,0.8839045,0,0,0,0,0,0,0,0,0,0,0,0,0,0,0,0,0,0,0,0,0,0,0,0,0,0,0,0,0,0,0.9423532,1,0.8629399,0,0,0,0,0,0,0,0,0,0,0,0,0,0,0,0,0,0,0,0,0,0,0,0,0,0,0,0,0,0,0.8593192,1,0.9507259,0,0,0,0,0,0,0,0,0,0,0,0,0,0,0,0,0,0,0,0,0,0,0,0,0,0,0,0,0,0,0,0.8782854,1,0.8230215,0,0,0,0,0,0,0,0,0,0,0,0,0,0
0,0,0,0,0,0,0,0,0,0,0,0,0,0,0,0.9242985,1,0.8971224,0,0,0,0,0,0,0,0,0,0,0,0,0,0,0,0,0,0,0,0,0,0,0,0,0,0,0,0,0,0,0.8899568,1,0.9390606,0,0,0,0,0,0,0,0,0,0,0,0,0,0,0,0,0,0,0,0,0,0,0,0,0,0,0.7293693,0.7598445,0.7609734,0.8023156,0.9334747,1,0.8934069,0,0,0,0,0,0,0,0,0,0,0,0,0,0,0,0,0,0,0,0,0,0,0,0,0,0,0,0,0,0.7521624,0.8950804,1,0.9491168,0,0,0,0,0,0,0,0,0,0,0,0,0,0,0,0,0,0,0,0,0,0,0,0,0,0,0,0.7650083,0.8083878,0.8301612,0.8760804,0.9972014,1,0.8501623,0,0,0,0,0,0,0,0,0,0,0,0,0,0
0,0,0.6783746,0.6434749,0.6589823,0.7292761,0.7273518,0.671259,0.6691508,0.7372435,0.7118603,0,0.6667232,0.683486,0.6478282,0.8732569,1,0.8908776,0,0,0,0,0,0,0,0,0,0,0,0,0,0,0,0,0,0,0,0,0,0,0,0,0.7127942,0.7861605,0.782712,0.8093857,0.8549743,0.8595174,0.8723296,1,0.980014,0.8470535,0.7877569,0.7651103,0,0,0,0,0,0,0,0,0,0,0,0,0.6214654,0.6025983,0.6130772,0.6429694,0.6384711,0.6362369,0.6300386,0.5912712,0.6619314,0.7117155,0.6491109,0.5883032,0.6803821,0.6290396,0.6716365,0.9607539,1,0.8554274,0,0.5836391,0.6127382,0.5956103,0,0,0,0,0,0,0,0,0,0,0,0.5822085,0,0,0.6358441,0.6975995,0.7245902,0.6831928,0.5786785,0.6019478,0.6350529,0,0,0,0.6446314,0.743431,0.8933224,1,0.9499376,0.7057319,0.5975152,0,0,0,0,0,0,0,0,0,0,0,0,0,0,0,0,0,0,0,0.6412339,0.6944141,0.7320292,0.6529921,0.7116791,0.6864789,0.6878429,0.7359059,0.6161311,0.8161398,0.9774445,1,0.82748,0,0.6588665,0.6359874,0,0,0,0,0,0,0,0,0,0,0
0,0,0.6979854,0.7291033,0.7336417,0.7206237,0,0.6921862,0.6818225,0,0,0,0,0,0.7273821,0.9387883,1,0.8982653,0,0,0,0,0,0,0,0,0,0,0,0,0,0,0,0,0,0,0,0,0.8583569,0.8829276,0.8333464,0.9023992,0.8740592,0,0,0,0,0.9106315,0.9826899,1,0.9454137,0.8980349,0,0,0,0,0,0,0,0,0,0,0,0,0,0,0.6818358,0.7323072,0.6795909,0.6373544,0.7021893,0.7103003,0.6453647,0,0,0,0,0.6473728,0.7035502,0.6650492,0,0.955158,1,0.8707865,0,0.6449336,0,0,0,0,0,0,0,0,0,0,0,0,0,0.6855874,0.7642019,0.7319782,0.7116307,0.711252,0.692085,0.6786052,0,0,0.6690901,0.6719338,0,0,0,0,0.8575608,1,0.9534884,0.6593627,0,0,0,0,0,0,0,0,0,0,0,0,0,0,0,0,0.685626,0.6865313,0,0,0.7302334,0.7534476,0.7295114,0,0.7886778,0,0.785733,0.8249491,0.7605359,0.7843413,0.9811172,1,0.8182279,0.7189912,0.6955211,0,0,0,0,0,0,0,0,0,0,0,0
0,0,0,0,0,0,0,0.6802801,0,0,0,0,0.7190974,0.6811402,0,0.9423159,1,0.8769793,0,0,0,0,0,0,0,0,0,0,0,0,0,0,0,0,0,0,0,0,0.8174345,0.8597221,0.8925882,0.8980374,0.8674404,0.8472078,0.8381525,0,0.8883154,0.931831,0,1,0.9418258,0,0,0,0,0,0,0,0,0,0,0,0,0,0,0,0,0,0,0,0,0,0,0.6431842,0.6747285,0.6504759,0.7142381,0.727248,0,0.6870547,0,0.9608448,1,0.8675008,0,0,0,0,0,0,0,0,0,0,0,0,0,0,0,0,0,0,0,0.6674016,0.6849696,0,0,0,0,0,0,0,0.6888441,0.6450875,0.8705346,1,0.9503514,0.6606271,0,0,0,0,0,0,0,0,0,0,0,0,0,0,0,0,0,0,0,0,0,0.6848327,0.7009918,0.7085896,0.681405,0,0.7966645,0.7545608,0.7661803,0.7650397,0.96681,1,0.8496909,0,0,0,0,0,0,0,0,0,0,0,0,0,0
0,0,0,0,0,0,0,0,0,0,0,0,0,0,0,0.9226374,1,0.8962258,0,0,0,0,0,0,0,0,0,0,0,0,0,0,0,0,0,0,0,0,0,0,0,0,0,0,0,0,0.7885342,0,0.9187042,1,0.9018246,0.7836739,0,0,0,0,0,0,0,0,0,0,0,0,0,0,0,0,0,0,0,0,0,0,0,0,0,0,0.7296734,0.8121336,0.8254242,0.9600327,1,0.8347418,0.7033097,0,0,0,0,0,0,0,0,0,0,0,0,0,0,0,0,0,0,0,0,0,0,0,0,0,0,0,0,0,0.8685824,1,0.9728103,0.7624279,0,0,0,0,0,0,0,0,0,0,0,0,0,0,0,0,0,0,0,0,0,0,0,0,0,0,0,0.7597929,0.7657627,0.789354,0.9134467,1,0.9074458,0,0,0,0,0,0,0,0,0,0,0,0,0,0
0,0,0,0,0,0,0,0,0,0,0,0,0,0,0,0.9184381,1,0.900647,0.6233222,0,0.650641,0.6264988,0,0,0,0,0,0,0,0,0,0,0,0,0,0,0,0,0,0,0,0,0,0,0,0,0.7353806,0.7783837,0.7663812,0.9955887,1,0.7611496,0.7223701,0.7091714,0,0,0,0,0,0,0,0,0,0,0,0,0,0,0,0,0,0,0,0,0,0,0,0,0.6232636,0.7153647,0.7368463,0.93734,1,0.8807175,0.7173132,0,0,0,0,0,0,0,0,0,0,0,0,0,0,0,0,0,0,0,0,0,0,0,0,0,0,0,0,0.6590889,0.8465811,1,0.9649884,0.6855706,0.6468186,0,0.6586495,0.6973609,0.6574014,0,0,0,0,0,0,0,0,0,0,0,0,0,0,0,0,0,0,0,0,0,0,0,0,0.8387262,0.9784104,1,0.9310516,0.8283532,0.7371064,0,0.7043853,0.6828864,0,0,0,0,0,0,0,0,0
0,0,0,0,0,0,0,0,0,0,0,0,0,0,0.7016934,0.9030595,1,0.9063247,0,0,0,0.648598,0.6529005,0,0,0,0,0,0,0,0,0,0,0,0,0,0,0,0,0,0,0,0,0,0,0.8074924,0.8713729,0.8370088,0.8936648,1,0.9747546,0.707451,0,0,0,0,0,0,0,0,0,0,0,0,0,0,0,0,0,0,0,0,0,0,0,0,0,0.6450014,0.7188139,0.6858374,0.6297231,0.920275,1,0.9084694,0,0,0,0.6124809,0.6274212,0.6109579,0,0,0,0,0,0,0,0,0,0,0,0,0,0,0,0,0,0,0,0,0,0,0,0,0.8543643,1,0.945555,0.6917698,0,0,0,0.6720191,0,0,0,0,0,0,0,0,0,0,0,0,0,0,0,0,0,0,0,0,0,0,0.7665676,0.8360624,0.8541728,0.8867354,0.9830911,1,0.91668,0.7584878,0,0,0,0.7266583,0,0,0,0,0,0,0,0,0
0,0,0,0,0,0,0,0,0,0,0,0,0,0,0,0.9025792,1,0.9209002,0,0,0,0,0,0,0,0,0,0,0,0,0,0,0,0,0,0,0,0,0,0,0,0,0,0.7754804,0.8384969,0.8699605,0.8991902,0,0.9075857,1,0.9768869,0.7770199,0,0,0,0,0,0,0,0,0,0,0,0,0,0,0,0,0,0,0,0,0,0,0,0,0.6801808,0.6787164,0.7363122,0.6952093,0,0.9190562,1,0.9224733,0,0,0,0,0,0.6779114,0,0,0,0,0,0,0,0,0,0,0,0,0,0,0,0,0,0,0,0,0,0,0,0.7103488,0.8630965,1,0.9708105,0.7842919,0,0,0,0,0,0,0,0,0,0,0,0,0,0,0,0,0,0,0,0,0,0,0,0,0,0,0.7311823,0.7385713,0.8160501,0.8102359,0.9398253,1,0.9047031,0,0,0,0,0,0,0,0,0,0,0,0,0,0
0,0,0,0,0,0,0,0,0,0,0,0,0,0.6940343,0.6878341,0.9282379,1,0.8904337,0.6529389,0.6914633,0,0,0,0,0,0,0,0,0,0,0,0,0,0,0,0,0,0,0,0,0,0,0.8273346,0.8632284,0.8190478,0.8116131,0.8231308,0.7644854,0,1,0.9419005,0.7830176,0,0,0,0,0,0,0,0,0,0,0,0,0,0,0,0,0,0,0,0,0,0,0,0,0,0,0,0.6733986,0.6494218,0.9110392,1,0.9154854,0.6264606,0.630737,0,0,0,0,0,0,0,0,0,0,0,0,0,0,0,0,0,0,0,0,0,0,0,0,0,0,0,0,0.820774,1,0.9906498,0.8025419,0,0,0,0,0,0,0,0,0,0,0,0,0,0,0,0,0,0,0,0,0,0,0,0.6444546,0.6524098,0.6489206,0,0.6768497,0,0.7018795,0.938071,1,0.9181021,0.7051872,0,0,0,0,0,0,0,0,0,0,0,0,0
0,0,0,0,0,0,0,0,0,0,0,0,0,0,0.6831529,0.8879288,1,0.9286167,0,0,0,0,0,0,0,0,0,0,0,0,0,0,0,0,0,0,0,0,0,0,0,0,0.6821703,0.7977529,0.7263135,0,0.7128533,0.6830641,0.7958809,0.9698048,1,0.861806,0,0,0,0,0,0,0,0,0,0,0,0,0,0,0,0,0,0,0,0,0,0,0,0,0,0,0,0.7321673,0.7679108,0.9519767,1,0.8480471,0.6209072,0,0,0,0,0,0,0,0,0,0,0,0,0,0,0,0,0,0,0,0,0,0,0,0,0,0.6451535,0.6299391,0.6447479,0.6402684,0.8528985,1,0.9666479,0.7608768,0,0,0,0,0,0,0,0,0,0,0,0,0,0,0,0,0,0,0,0,0,0,0,0,0.7678468,0.8040408,0.7933095,0,0.7030496,0.854017,0.9228835,1,0.9019566,0.7468985,0,0,0,0,0,0,0,0,0,0,0,0,0
0,0,0,0,0,0,0,0,0,0,0,0,0,0,0,0.8734018,1,0.9379348,0.6667848,0,0,0,0,0,0,0,0,0,0,0,0,0,0,0,0,0,0,0,0,0,0,0,0,0,0.5678898,0.5727592,0,0.6400737,0.7425245,0.9530766,1,0.8808624,0.5584833,0,0,0,0,0,0,0,0,0,0,0,0,0,0,0,0,0,0,0,0,0,0,0,0,0.5678083,0.6351097,0.6522279,0,0.9199259,1,0.9127388,0.6913115,0,0,0,0,0,0,0,0,0,0,0,0,0,0,0,0,0,0,0,0,0,0,0,0,0,0.5695665,0,0,0.5942712,0.8077309,1,0.9893345,0.7878755,0,0,0,0,0,0,0,0,0,0,0,0,0,0,0,0,0,0,0,0,0,0,0,0,0,0,0,0.5678096,0.6771501,0.7467881,0.9593253,1,0.9080405,0.6415645,0,0,0,0,0,0,0,0,0,0,0,0,0
0,0,0,0,0,0,0,0,0,0,0,0,0,0,0,0.9180492,1,0.8699779,0.7236159,0,0,0,0,0,0,0,0,0,0,0,0,0,0,0,0,0,0,0,0,0,0,0,0,0,0,0,0,0,0,0.9483184,1,0.8697685,0.694068,0,0,0,0,0,0,0,0,0,0,0,0,0,0,0,0,0,0,0,0,0,0,0,0,0,0,0,0,0.9157444,1,0.9295162,0.6103184,0,0,0,0,0,0,0,0,0,0,0,0,0,0,0,0,0,0,0,0,0,0,0,0,0,0,0,0,0,0.8354747,1,0.9918947,0.8589606,0.6658009,0,0,0,0,0,0,0,0,0,0,0,0,0,0,0,0,0,0,0,0,0,0,0,0,0,0,0,0,0,0.9266196,1,0.9267551,0.6936008,0.6423914,0,0,0,0,0,0,0,0,0,0,0,0
0,0,0,0,0,0,0,0,0,0,0,0,0,0,0,0.9164415,1,0.920505,0.7466701,0.7402655,0,0,0,0,0,0,0,0,0,0,0,0,0,0,0,0,0,0,0,0,0,0,0,0,0,0,0,0,0,0.9864857,1,0.8515574,0.8008808,0.8159152,0,0,0,0,0,0,0,0,0,0,0,0,0,0,0,0,0,0,0,0,0,0,0,0,0,0,0,0.9371957,1,0.9041207,0.7586933,0.7398996,0.7624241,0.7394907,0,0,0,0,0,0,0,0,0,0,0,0,0,0,0,0,0,0,0,0,0,0,0,0,0,0,0.8624445,1,0.9764575,0.8414243,0.7767947,0,0,0,0,0,0,0,0,0,0,0,0,0,0,0,0,0,0,0,0,0,0,0,0,0,0,0,0,0,0.9347371,1,0.8922595,0.7624524,0.74783,0.7578515,0,0,0,0,0,0,0,0,0,0,0
0,0,0,0,0,0,0,0,0,0,0,0,0,0,0,0.9033548,1,0.9179466,0.6967505,0.6532848,0.6964045,0.7188993,0.7279493,0.6395163,0,0,0,0,0,0,0,0,0,0,0,0,0,0,0,0,0,0,0,0,0,0,0,0,0.877446,1,0.9455283,0.790387,0.788727,0.8382076,0.9053165,0.8318057,0.8355134,0.8156374,0.7290006,0,0,0,0,0,0,0,0,0,0,0,0,0,0,0,0,0,0,0,0,0,0.6590037,0.9317147,1,0.8762138,0.7593742,0,0,0.6973159,0.7218472,0,0,0,0,0,0,0,0,0,0,0,0,0,0,0,0,0,0,0,0,0,0,0,0,0,0.8379854,1,0.9611831,0.7096212,0.7141144,0.7503802,0.76623,0.7134758,0.7113633,0.6525407,0,0,0,0,0,0,0,0,0,0,0,0,0,0,0,0,0,0,0,0,0,0,0,0.6689851,0.9369039,1,0.9060153,0.6709729,0.7533909,0.7518061,0.6345524,0.6714189,0.6766378,0,0,0,0,0,0,0,0
0,0,0,0,0,0,0,0,0,0,0,0,0,0,0,0.9062374,1,0.9216094,0.700394,0.7967171,0.7534245,0,0,0,0,0,0,0,0,0,0,0,0,0,0,0,0,0,0,0,0,0,0,0,0,0,0,0,0.8732805,1,0.9614748,0.8935435,0.8121698,0.9013904,0.8436055,0.9032568,0.8610973,0.8334315,0.8220851,0,0,0,0,0,0,0,0,0,0,0,0,0,0,0,0,0,0,0,0,0,0,0.9284237,1,0.9049658,0,0,0.7352176,0.6747344,0.7338914,0,0,0,0,0,0,0,0,0,0,0,0,0,0,0,0,0,0,0,0,0,0,0,0,0,0.831353,1,0.9775995,0.8656857,0.7189695,0.8407564,0.8306249,0.7953674,0.705079,0,0,0,0,0,0,0,0,0,0,0,0,0,0,0,0,0,0,0,0,0,0,0,0,0.740171,0.9771086,1,0.8242017,0.7597881,0.7840297,0.8124202,0.7488838,0.7351981,0.7110422,0,0,0,0,0,0,0,0
0,0,0,0,0,0,0,0,0,0,0,0,0,0,0.6948365,0.9399002,1,0.8629577,0.7294655,0.7744086,0.7679942,0.6850876,0.6720725,0,0,0,0,0,0,0,0,0,0,0,0,0,0,0,0,0,0,0,0,0,0,0,0,0,0.8952356,1,0.9042132,0.8226974,0.901813,0.8439155,0,0.8633633,0.9114171,0.8263467,0,0,0,0,0,0,0,0,0,0,0,0,0,0,0,0,0,0,0,0,0,0,0.6457225,0.9460273,1,0.8856884,0.7126459,0.7758396,0.7847856,0.6665298,0.7704309,0.7565964,0.6648932,0,0,0,0,0,0,0,0,0,0,0,0,0,0,0,0,0,0,0,0,0,0,0,0.8612548,1,0.9724023,0.822181,0.8138514,0.7575603,0.7410597,0.7171986,0.7537861,0,0,0,0,0,0,0,0,0,0,0,0,0,0,0,0,0,0,0,0,0,0,0,0,0.7992268,1,0.9998919,0.7605593,0.6877521,0.7014859,0.7660834,0.7306486,0.7080919,0,0.7222891,0.7000181,0.6664226,0,0,0,0,0
0,0,0,0,0,0,0,0,0,0,0,0,0,0,0,0.9190423,1,0.937094,0.8119125,0.7158117,0,0,0,0,0,0,0,0,0,0,0,0,0,0,0,0,0,0,0,0,0,0,0,0,0,0,0,0,0.7298094,0.9500913,1,0.9224005,0.6853352,0.7803297,0.7484554,0.7510163,0.6847764,0,0,0,0,0,0,0,0,0,0,0,0,0,0,0,0,0,0,0,0,0,0,0,0.706542,0.9735854,1,0.8143543,0.8184283,0.8324953,0.7567327,0.6743509,0.6885906,0.6775442,0,0,0,0,0,0,0,0,0,0,0,0,0,0,0,0,0,0,0,0,0,0,0,0,0.8984075,1,0.9083607,0.7123107,0.7913432,0.7711848,0.7102925,0.6889548,0.6529765,0,0,0,0,0,0,0,0,0,0,0,0,0,0,0,0,0,0,0,0,0,0,0,0,0.7441677,0.9451916,1,0.8901338,0.6270309,0.7145651,0.7589872,0.7567646,0.7043785,0.6037683,0,0,0,0,0,0,0,0
0,0,0,0,0,0,0,0,0,0,0,0,0,0,0.7696591,0.8886919,1,0,0.8018567,0,0,0,0,0,0,0,0,0,0,0,0,0,0,0,0,0,0,0,0,0,0,0,0,0,0,0,0,0,0.8905196,1,0.9511782,0.9882471,0.8687888,0,0,0,0,0,0,0,0,0,0,0,0,0,0,0,0,0,0,0,0,0,0,0,0,0,0,0,0.7274327,0.9204426,1,0.9314805,0.8178857,0.686088,0,0,0,0,0,0,0,0,0,0,0,0,0,0,0,0,0,0,0,0,0,0,0,0,0,0,0,0,0.8160518,1,0.9857011,0.8414143,0.7663331,0,0,0,0,0,0,0,0,0,0,0,0,0,0,0,0,0,0,0,0,0,0,0,0,0,0,0,0,0.7847967,0.9488005,1,0.7948536,0.7397637,0,0,0,0,0,0,0,0,0,0,0,0,0
0,0,0,0,0,0,0,0,0,0,0,0,0,0,0,0.9158488,1,0.9208469,0,0,0,0,0,0,0,0,0,0,0,0,0,0,0,0,0,0,0,0,0,0,0,0,0,0,0,0,0,0,0.8349177,0.9682732,1,0.8458429,0,0,0,0,0,0,0,0,0,0,0,0,0,0,0,0,0,0,0,0,0,0,0,0,0,0,0,0,0.7613155,0.9649351,1,0.8625799,0.6493887,0,0,0,0,0,0,0,0,0,0,0,0,0,0,0,0,0,0,0,0,0,0,0,0,0,0,0,0,0.6573623,0.8923109,1,0.9394926,0.630372,0,0,0,0,0,0,0,0,0,0,0,0,0,0,0,0,0,0,0,0,0,0,0,0,0,0,0,0,0,0.8028827,0.9851946,1,0.8530114,0,0,0,0,0,0,0,0,0,0,0,0,0,0
0,0,0,0,0,0,0,0,0,0,0,0,0,0,0,0.9432251,1,0.9142103,0,0,0,0,0,0,0,0,0,0,0,0,0,0,0,0,0,0,0,0,0,0,0,0,0,0,0,0,0,0,0,1,0.9880568,0,0,0,0,0,0,0,0,0,0,0,0,0,0,0,0,0,0,0,0,0,0,0,0,0,0,0,0,0,0.7514994,0.9695929,1,0.881587,0,0,0,0,0,0,0,0,0,0,0,0,0,0,0,0,0,0,0,0,0,0,0,0,0,0,0,0,0,0,0.8974872,1,0.9395893,0,0,0,0,0,0,0,0,0,0,0,0,0,0,0,0,0,0,0,0,0,0,0,0,0,0,0,0,0,0,0.807405,0.9971456,1,0.8457203,0,0,0,0,0,0,0,0,0,0,0,0,0,0
0,0,0,0,0,0,0,0,0,0,0,0,0,0,0,0.9524251,1,0.8799907,0,0,0,0,0,0,0,0,0,0,0,0,0,0,0,0,0,0,0,0,0,0,0,0,0,0,0,0,0,0,0.8540514,1,0.9909725,0.8248382,0,0,0,0,0,0,0,0,0,0,0,0,0,0,0,0,0,0,0,0,0,0,0,0,0,0,0,0,0,0.9603456,1,0.8747897,0,0,0,0,0,0,0,0,0,0,0,0,0,0,0,0,0,0,0,0,0,0,0,0,0,0,0,0,0,0,0.8894997,1,0.9519512,0,0,0,0,0,0,0,0,0,0,0,0,0,0,0,0,0,0,0,0,0,0,0,0,0,0,0,0,0,0,0.795963,0.9958146,1,0.8574463,0,0,0,0,0,0,0,0,0,0,0,0,0,0
0,0,0,0,0,0,0,0,0,0,0,0,0,0,0,0.9239169,1,0.9063104,0,0,0,0,0,0,0,0,0,0,0,0,0,0,0,0,0,0,0,0,0,0,0,0,0,0,0,0,0,0,0.8735226,1,0.8687214,0.8530595,0,0,0,0,0,0,0,0,0,0,0,0,0,0,0,0,0,0,0,0,0,0,0,0,0,0,0,0,0.6872829,0.9544894,1,0.8904962,0,0,0,0,0,0,0,0,0,0,0,0,0,0,0,0,0,0,0,0,0,0,0,0,0,0,0,0,0,0,0.8684962,1,0.9723707,0.7703653,0,0,0,0,0,0,0,0,0,0,0,0,0,0,0,0,0,0,0,0,0,0,0,0,0,0,0,0,0,0.7066381,0.9446995,1,0.90059,0,0,0,0,0,0,0,0,0,0,0,0,0,0
