GestureName: z
Duration(ms): 1222
Handedness: right

SpeakerAngles: 5
55
-55
0
0
110

SpeakerElevations: 5
-10
-10
-10
0
30

InterpretedPoints: 26
1.62759536269875,-0.592396265452048,1
1.62759536269875,3.37721924057237,0.652703644666139
0.820888078587149,2.95727400902378,0.652703644666139
3.26228112263527,2.06867961084571,2.15270364466614
1.62759536269875,1.40760373454795,1
1.62759536269875,-0.592396265452048,1
0.813797681349374,-0.296198132726024,0.5
1.62759536269875,0.407603734547952,1
7.28872714595549,8.44902604553561,0.784462756331487
9.70884899829029,12.9835040730236,0.263518223330696
15.3841615760226,16.2186567736681,2.2635182233307
11.336444360989,9.27657501163215,1.78446275633149
0,-0.984807753012208,0.17364817766693
0,0,0
0.820888078587149,-0.0275337439884241,0.82635182233307
-2.40594105785925,4.94208176203599,0.479055466999209
-4.81188211571849,2.92974026503536,1.47905546699921
-3.18428675301974,-3.40320591456219,1.78446275633149
1.6417761571743,-2.07025973496464,1.47905546699921
-0.806707284111599,0.564862521463624,-0.17364817766693
0,0,0
0.806707284111599,0.564862521463624,-0.17364817766693
10.543917871353,10.5692603414494,2.61081457866456
10.5297370768774,15.9407780820474,0.916221867996835
2.41303145509702,1.45630766962885,-0.5
-0.00709039723777505,-3.23827989476202,0.0209445330007911

StrokePoints: 27
0,0,0
1.62759536269875,-0.592396265452048,1
3.2551907253975,2.78482297512032,1.65270364466614
4.07607880398464,5.74209698414411,2.30540728933228
7.33835992661991,7.81077659498982,4.45811093399842
8.96595528931866,9.21838032953777,5.45811093399842
10.5935506520174,8.62598406408572,6.45811093399842
11.4073483333668,8.3297859313597,6.95811093399842
13.0349436960655,8.73738966590765,7.95811093399842
20.323670842021,17.1864157114433,8.7425736903299
30.0325198403113,30.1699197844669,9.0060919136606
45.4166814163339,46.388576558135,11.2696101369913
56.7531257773229,55.6651515697672,13.0540728933228
56.7531257773229,54.680343816755,13.2277210709897
56.7531257773229,54.680343816755,13.2277210709897
57.5740138559101,54.6528100727666,14.0540728933228
55.1680727980508,59.5948918348026,14.533128360322
50.3561906823323,62.5246320998379,16.0121838273212
47.1719039293126,59.1214261852757,17.7966465836527
48.8136800864869,57.0511664503111,19.2757020506519
48.0069728023753,57.6160289717747,19.102053872985
48.0069728023753,57.6160289717747,19.102053872985
48.8136800864869,58.1808914932383,18.928405695318
59.3575979578399,68.7501518346877,21.5392202739826
69.8873350347173,84.6909299167351,22.4554421419794
72.3003664898143,86.147237586364,21.9554421419794
72.2932760925765,82.908957691602,21.9763866749802

Velocities: 26
0,0,0
0,0,2
0,1,1
0,1,1
0,0,0
0,0,0
0,0,0
0,0,0
4,-1,4
6,-2,6
7,-4,7
5,-3,5
0,0,-1
0,0,0
0,1,0
-2,3,2
-4,6,1
-2,8,1
0,2,1
0,1,0
0,0,0
1,0,0
6,1,1
6,-1,7
3,-1,-2
0,-1,-2

InverseVelocities: 26
0,0,0
0,0,0
0,0,0
0,0,0
0,0,0
0,0,0
0,0,0
0,0,0
0,0,0
0,3,-2
-2,4,-4
0,0,-3
0,0,0
0,0,0
0,0,0
0,0,-2
0,0,-4
0,-3,-4
0,-1,0
0,0,0
0,0,0
0,0,0
0,0,0
0,0,-1
0,0,0
0,0,0

RawData: 26
0,0,0,0,0,0,0,0,0,0,0,0,0,0,0,0.9358206,1,0.894291,0.7354854,0,0,0,0,0,0,0,0,0,0,0,0,0,0,0,0,0,0,0,0,0,0,0,0,0,0,0,0,0,0.8505929,1,0.9626905,0.8590832,0,0,0,0,0,0,0,0,0,0,0,0,0,0,0,0,0,0,0,0,0,0,0,0,0,0,0,0.6384505,0.6721321,0.9449117,1,0.8069889,0,0,0,0,0,0,0,0,0,0,0,0,0,0,0,0,0,0,0,0,0,0,0,0,0,0,0,0,0,0,0.8082434,1,0.9532149,0,0,0,0,0,0,0,0,0,0,0,0,0,0,0,0,0,0,0,0,0,0,0,0,0,0,0,0,0,0,0,0.9668737,1,0.7949498,0.918229,0.8450489,0.7521186,0,0,0,0,0,0,0,0,0,0,0
0,0,0,0,0,0,0,0,0,0,0,0,0,0,0,0.912182,1,0.893804,0.760533,0,0,0,0,0,0,0,0,0,0,0,0,0,0,0,0,0,0,0,0,0,0,0,0,0,0,0,0,0,0.8170215,0.9235826,1,0.9942704,0.9283977,0,0,0,0,0,0,0,0,0,0,0,0,0,0,0,0,0,0,0,0,0,0,0,0,0,0,0.6603743,0,0.9476807,1,0.8861514,0.7978329,0.7221841,0.7268543,0.6532242,0,0,0,0,0,0,0,0,0,0,0,0,0,0,0,0,0,0,0,0,0,0,0,0,0,0,0.8384441,1,0.9566835,0.9250088,0.8571582,0.7432924,0.7017662,0,0,0,0,0,0,0,0,0,0,0,0,0,0,0,0,0,0,0,0,0,0,0,0,0,0.7549512,0.8219684,0.9661317,1,0.9782199,0.9525136,0.885757,0.8294964,0,0,0,0,0,0,0,0,0,0,0
0,0,0,0,0,0,0,0,0,0,0,0,0,0,0,0.930927,1,0.9351975,0.8484524,0,0,0,0,0,0,0,0,0,0,0,0,0,0,0,0,0,0,0,0,0,0,0,0,0,0,0,0,0,0,0,0.9870897,0.986776,1,0.9289368,0,0,0,0,0,0,0,0,0,0,0,0,0,0,0,0,0,0,0,0,0,0,0,0,0,0,0,0.9538084,1,0.8579358,0.8509243,0.8665011,0.7728205,0,0,0,0,0,0,0,0,0,0,0,0,0,0,0,0,0,0,0,0,0,0,0,0,0,0,0,0.8952389,1,0.909898,0.8315606,0.870881,0.8538082,0.7077313,0,0,0,0,0,0,0,0,0,0,0,0,0,0,0,0,0,0,0,0,0,0,0,0,0,0,0,0.9467726,0.9620209,0.8936156,0.9017293,1,0.9469634,0,0,0,0,0,0,0,0,0,0,0
0,0,0,0,0,0,0,0,0,0,0,0,0,0,0,0.9200688,1,0.9461482,0.818368,0.6119117,0,0,0,0,0,0,0,0,0,0,0,0,0,0,0,0,0,0,0,0,0,0,0,0,0,0,0,0,0,0.7522269,0.8112416,1,0.9890857,0.8219828,0,0,0,0,0,0,0,0,0,0,0,0,0,0,0,0,0,0,0,0,0,0,0,0,0,0,0.6000187,0.9414088,1,0.9181032,0.8903171,0.8275506,0.6795815,0,0,0,0,0,0,0,0,0,0,0,0,0,0,0,0,0,0,0,0,0,0,0,0,0,0,0,0.8562461,1,0.9471982,0.8619487,0.9099466,0.8150561,0.5938409,0,0,0,0,0,0,0,0,0,0,0,0,0,0,0,0,0,0,0,0,0,0,0,0,0,0,0.6202832,0.8597612,0.901251,0.8625092,0.9877107,1,0.8516928,0.6744842,0.6382873,0.5943291,0,0,0,0,0,0,0,0
0,0,0,0,0,0,0,0,0,0,0,0,0,0,0,0.9308948,1,0.8617324,0.7092953,0,0,0,0,0,0,0,0,0,0,0,0,0,0,0,0,0,0,0,0,0,0,0,0,0,0,0,0,0,0,0.9281436,0.9076989,1,0.9743926,0,0,0,0,0,0,0,0,0,0,0,0,0,0,0,0,0,0,0,0,0,0,0,0,0,0,0,0.651525,0.9401405,1,0.9426465,0.9237742,0.8164819,0,0,0,0,0,0,0,0,0,0,0,0,0,0,0,0,0,0,0,0,0,0,0,0,0,0,0,0,0.8605471,1,0.9725772,0.8128529,0.8362271,0.7221627,0.6413742,0,0,0,0,0,0,0,0,0,0,0,0,0,0,0,0,0,0,0,0,0,0,0,0,0,0,0,0.8573254,0.888599,0.9686383,1,0.8852344,0.7817531,0,0,0,0,0,0,0,0,0,0,0
0,0,0,0,0,0,0,0,0,0,0,0,0,0,0,0.9225597,1,0.9015659,0.6987601,0,0,0,0,0,0,0,0,0,0,0,0,0,0,0,0,0,0,0,0,0,0,0,0,0,0,0,0,0,0.8218327,1,0.952872,0.9586682,0.8795323,0,0,0,0,0,0,0,0,0,0,0,0,0,0,0,0,0,0,0,0,0,0,0,0,0,0,0,0.6485308,0.9488012,1,0.9073723,0.8645235,0.6386159,0,0,0,0,0,0,0,0,0,0,0,0,0,0,0,0,0,0,0,0,0,0,0,0,0,0,0,0,0.8744195,1,0.9235299,0.8580504,0.6943274,0,0,0,0,0,0,0,0,0,0,0,0,0,0,0,0,0,0,0,0,0,0,0,0,0,0,0,0,0.659688,0.8543224,0.8828958,1,0.9800408,0.7833272,0.7473326,0,0,0,0,0,0,0,0,0,0,0
0,0,0,0,0,0,0,0,0,0,0,0,0,0,0,0.9213641,1,0.8868753,0.7356225,0,0,0,0,0,0,0,0,0,0,0,0,0,0,0,0,0,0,0,0,0,0,0,0,0,0,0,0,0,0.7919867,0.9835448,1,0.8739883,0,0,0,0,0,0,0,0,0,0,0,0,0,0,0,0,0,0,0,0,0,0,0,0,0,0,0,0,0.7097911,0.967407,1,0.9176897,0.8236787,0,0,0,0,0,0,0,0,0,0,0,0,0,0,0,0,0,0,0,0,0,0,0,0,0,0,0,0,0,0.8673383,1,0.9608654,0.672977,0.724723,0,0,0,0,0,0,0,0,0,0,0,0,0,0,0,0,0,0,0,0,0,0,0,0,0,0,0,0,0,0.922736,1,0.9721019,0.8419501,0.7683576,0,0,0,0,0,0,0,0,0,0,0,0
0,0,0,0,0,0,0,0,0,0,0,0,0,0,0,0.9001225,1,0.9166759,0.8538947,0.7286514,0,0,0,0,0,0,0,0,0,0,0,0,0,0,0,0,0,0,0,0,0,0,0,0,0,0,0,0,0.7550553,0.9453897,1,0.8950114,0.7560248,0,0,0,0,0,0,0,0,0,0,0,0,0,0,0,0,0,0,0,0,0,0,0,0,0,0,0,0,0.930974,1,0.9017914,0.7256048,0.7370244,0,0,0,0,0,0,0,0,0,0,0,0,0,0,0,0,0,0,0,0,0,0,0,0,0,0,0,0,0.8318425,1,0.9937763,0.759835,0.7720003,0.6517063,0,0,0,0,0,0,0,0,0,0,0,0,0,0,0,0,0,0,0,0,0,0,0,0,0,0,0,0.6661519,0.9089053,1,0.9267936,0.7928351,0.7081608,0.6163646,0,0,0,0,0,0,0,0,0,0,0
0,0,0,0,0,0,0,0,0,0,0,0,0,0,0,0.9089732,1,0.9170468,0.7877916,0.7795773,0.8455927,0.8549157,0.8055617,0.7128871,0,0,0,0,0,0,0,0,0,0,0,0,0,0,0,0,0,0,0,0,0,0.6958055,0.7472023,0.7294905,0.9089369,1,0.9883459,0.8723175,0.8850378,0,0,0,0,0,0,0,0,0,0,0,0,0,0,0,0,0,0,0,0,0,0,0,0,0,0,0.6428791,0.7265363,0.9078394,1,0.9344714,0.792456,0.7815478,0.7812392,0.7527487,0.6872425,0.6260134,0,0,0,0,0,0,0,0,0,0,0,0,0,0,0,0,0,0,0,0,0,0,0,0.6594178,0.8409328,1,0.8507081,0.9359272,0.8688044,0.7698354,0.7152487,0.7104171,0.6255317,0,0,0,0,0,0,0,0,0,0,0,0,0,0,0,0,0,0,0,0,0,0,0.6102897,0.6756135,0.7371137,0.9136228,1,0.9477459,0.7174181,0.735203,0.729818,0.6985902,0.5922174,0,0,0,0,0,0,0,0,0
0,0,0,0,0,0,0,0,0,0,0,0,0,0,0,0.8953634,1,0.9280193,0.8086653,0.7672861,0.8463498,0.9109474,0.7169465,0.8187561,0.807207,0.7872577,0,0,0,0,0,0,0,0,0,0,0,0,0,0,0,0,0,0,0.7596262,0.8802263,0.9368683,1,0.9556285,0.8647397,0.9385889,0.9554527,0.8375201,0,0.7885117,0.798393,0,0,0,0,0,0,0,0,0,0,0,0,0,0,0,0,0,0,0,0,0,0.7147966,0.810603,0.8644761,0.8981045,0.9599351,1,0.9009378,0,0,0,0.7916142,0.7381792,0.7375762,0.6694235,0.6962298,0,0,0,0,0,0,0,0,0,0,0,0,0,0,0,0,0,0,0.7441964,0.7886801,0.8484914,0.9074333,0.8583907,0.9939237,1,0,0.8113108,0.7104307,0.8039711,0.8904204,0.8257632,0.7291368,0.7085904,0,0,0,0,0,0,0,0,0,0,0,0,0,0,0,0,0,0,0,0.7751043,0.8954808,0.8969151,0.8662467,1,0.9705569,0.9362259,0.8906696,0.7431188,0,0.8682014,0.8575441,0,0,0,0,0,0,0,0,0
0,0,0,0,0,0,0,0,0,0,0,0.6166672,0.6811841,0.696397,0.6884308,0.9019293,1,0.9059492,0.797796,0.8719176,0.7905631,0.8978705,0.9022937,0.8795761,0.886821,0.7864956,0.6445681,0,0,0,0,0,0,0,0,0,0,0,0,0,0,0,0.6746525,0.8039113,0.9397552,1,0.9379051,0.8823005,0.8978441,0.8226405,0.8566397,0.7455246,0.7392291,0.7136683,0.7313215,0.763279,0.6575912,0,0,0,0,0,0,0,0,0,0,0,0,0,0,0,0,0,0,0.6570963,0.7805746,0.8498228,0.794454,0.7743359,0.7998799,0.9229557,1,0.8947223,0.7553599,0.858815,0.7901488,0.8278031,0.8199558,0.7208215,0.8191938,0.7690869,0.6646269,0,0,0,0,0,0,0,0,0,0,0,0,0,0,0,0,0.6943051,0.8244169,0.8542332,0.7224835,0.712851,0.8610951,1,0.9727125,0.8180875,0.8497851,0.8303325,0.7459564,0.8845458,0.7014941,0.7929872,0.7968395,0.7357792,0.6630161,0.586736,0.5943726,0,0,0,0,0,0,0,0,0,0,0,0,0.7059016,0.8044221,0.9126472,0.9627607,0.9145554,0.7431033,0.8882997,0.8864985,1,0.8890803,0,0.8779019,0.8380993,0.9102359,0.9202002,0.8238228,0.8516075,0.803153,0.6704049,0,0,0,0,0
0,0,0,0,0,0,0,0,0,0,0,0,0,0,0.7400281,0.9279146,1,0.8955295,0.7599577,0.8470597,0.8885416,0.8808467,0.8456221,0.7535067,0.6719674,0,0,0,0,0,0,0,0,0,0,0,0,0,0,0,0,0,0,0.7570919,0.90013,0.9695079,0.9354104,1,0.8807555,0.9678914,0.8815328,0.873297,0.7971311,0,0,0,0,0,0,0,0,0,0,0,0,0,0,0,0,0,0,0,0,0,0,0,0.6746744,0.7590076,0.715628,0.666258,0,0.9244609,1,0.922367,0.886031,0.9120742,0.8877015,0.8437631,0.792028,0.717873,0.6631378,0,0,0,0,0,0,0,0,0,0,0,0,0,0,0,0,0,0,0.6325194,0.7469715,0.7303388,0,0.7346616,0.8946301,1,0.9529178,0.8913991,0.9811766,0.9673092,0.919178,0.8565178,0.7919393,0.7081267,0,0,0,0,0,0,0,0,0,0,0,0,0,0,0,0,0,0,0,0.7860458,0.8320408,0.7778147,0.7842253,0,0.9334937,1,0.7500043,0.9871629,0.9884032,0.9479741,0.8927594,0.794825,0.713471,0.6821181,0,0,0,0,0,0,0
0,0,0,0,0,0,0,0,0,0,0,0,0,0,0,0.8825588,1,0.9345056,0,0,0,0,0,0,0,0,0,0,0,0,0,0,0,0,0,0,0,0,0,0,0,0,0,0,0,0,0.8222247,0.8707635,0.978257,1,0.8844917,0,0,0,0,0,0,0,0,0,0,0,0,0,0,0,0,0,0,0,0,0,0,0,0,0,0,0,0.6887295,0.7521828,0.8207422,0.947347,1,0.9306265,0.7618322,0,0,0,0,0,0,0,0,0,0,0,0,0,0,0,0,0,0,0,0,0,0,0,0,0,0,0,0,0.8318078,0.9730055,1,0.9991781,0.9240048,0.8533831,0,0,0,0,0,0,0,0,0,0,0,0,0,0,0,0,0,0,0,0,0,0,0,0,0,0,0.7916278,0.84125,0.8394077,0.9645706,1,0.8642944,0.7620727,0,0,0,0,0,0,0,0,0,0,0,0,0
0,0,0,0,0,0,0,0,0,0,0,0,0,0,0,0.9431686,1,0.9410918,0,0,0,0,0,0,0,0,0,0,0,0,0,0,0,0,0,0,0,0,0,0,0,0,0,0,0,0,0,0,0,0.9925547,1,0,0,0,0,0,0,0,0,0,0,0,0,0,0,0,0,0,0,0,0,0,0,0,0,0,0,0,0,0,0,0.9254685,1,0.9377079,0,0,0,0,0,0,0,0,0,0,0,0,0,0,0,0,0,0,0,0,0,0,0,0,0,0,0,0,0,0,0.9534001,1,0.9602321,0,0,0,0,0,0,0,0,0,0,0,0,0,0,0,0,0,0,0,0,0,0,0,0,0,0,0,0,0,0,0.9030811,0.9988848,1,0.8729287,0,0,0,0,0,0,0,0,0,0,0,0,0,0
0,0,0,0,0,0,0,0,0,0,0,0,0,0,0.7937358,0.910851,1,0.8692248,0.7726665,0,0,0,0,0,0,0,0,0,0,0,0,0,0,0,0,0,0,0,0,0,0,0,0,0,0,0,0,0,0.8300447,1,0.978444,0.8635032,0.8885525,0.8169617,0,0,0,0,0,0,0,0,0,0,0,0,0,0,0,0,0,0,0,0,0,0,0,0,0,0.6172405,0.7244412,0.9519167,1,0.9121701,0.7199347,0,0,0,0,0,0,0,0,0,0,0,0,0,0,0,0,0,0,0,0,0,0,0,0,0,0,0,0,0.7588734,0.9019219,1,0.9506634,0.7856478,0.6850984,0,0,0,0,0,0,0,0,0,0,0,0,0,0,0,0,0,0,0,0,0,0,0,0,0,0,0,0,0.7769706,0.9237704,1,0.8892051,0.7435577,0.7271564,0.6900769,0,0,0,0,0,0,0,0,0,0,0
0,0,0,0,0,0,0,0,0,0,0,0.6715125,0.7650676,0.8366569,0.8848769,0.9222886,1,0.9269786,0.683686,0,0,0,0,0,0,0,0,0,0,0,0,0,0,0,0,0,0,0,0,0,0,0,0,0,0,0,0,0,0.880537,0.9952628,1,0,0.8469744,0.8978485,0.7925234,0.7937264,0,0,0,0,0,0,0,0,0,0,0,0,0,0,0,0,0,0,0,0,0,0.6911548,0.7651666,0.8371643,0.8932459,0.9528182,1,0.8657471,0.7204336,0.7132274,0.6561068,0.6624192,0,0,0,0,0,0,0,0,0,0,0,0,0,0,0,0,0,0,0,0,0,0,0.6936659,0.7927327,0.8725673,0.9409981,0.9391592,0.9651748,1,0.8288608,0.7336156,0.7372138,0.7119038,0.6668518,0,0,0,0,0,0,0,0,0,0,0,0,0,0,0,0,0,0,0,0,0,0.7096534,0.7883722,0.8583282,0.8991218,0.927094,0.9864292,1,0.821616,0.8268579,0.6998622,0.7280868,0,0,0,0,0,0,0,0,0,0,0
0,0,0,0,0,0,0,0,0,0.7099354,0.7911159,0.8370657,0.7636403,0.7513302,0.7574451,0.9308707,1,0.9058213,0,0,0,0,0,0,0,0,0,0,0,0,0,0,0,0,0,0,0,0,0,0,0,0,0,0,0,0,0,0,0.8299764,0.9464903,1,0.9649163,0.9245996,0.8547738,0.8544396,0.7798288,0.8082448,0.8111442,0.781719,0,0,0,0,0,0,0,0,0,0,0,0,0,0,0,0,0.725687,0.7638668,0.6724982,0.7900434,0.6690663,0.7022265,0.9520947,1,0.8982082,0.6868072,0.7214389,0.7357973,0,0,0,0,0,0,0,0,0,0,0,0,0,0,0,0,0,0,0,0,0,0.7472954,0.8046572,0.8173823,0.8028677,0.7289956,0,0.8513647,1,0.9533736,0.7508783,0,0,0.7251129,0,0,0,0,0,0,0,0,0,0,0,0,0,0,0,0,0,0,0,0,0.7281011,0.7864154,0.8059828,0.7959918,0.8108088,0.7676086,0.7590218,0.9427533,1,0.9053884,0.7848089,0.7741076,0.7504507,0.7507992,0.705055,0,0,0,0,0,0,0,0,0
0,0,0,0,0,0,0,0,0,0,0,0.7124531,0.7176012,0.7140146,0.7221042,0.9297335,1,0.9154749,0,0,0,0,0,0,0,0,0,0,0,0,0,0,0,0,0,0,0,0,0,0,0,0,0,0.8249375,0.9014668,0.9449757,0.91988,0.9030411,0.8092952,0.9189446,1,0.9820276,0.9334968,0.9235134,0.9029658,0,0.8306504,0,0.8708147,0.8701065,0.8174517,0,0,0,0,0,0,0,0,0,0,0,0,0,0,0.7396637,0.7762041,0,0.7524149,0.6978673,0.6570891,0.9608777,1,0.851261,0,0,0.7223021,0,0,0,0,0,0,0,0,0,0,0,0,0,0,0,0,0,0,0,0.6682074,0.7063171,0.6855724,0.7546442,0.6655816,0,0,0,0.8881196,1,0.9623221,0.7564865,0.6958452,0,0,0,0,0,0,0,0,0,0,0,0,0,0,0,0,0,0,0,0,0,0,0,0,0,0,0,0,0.7281689,0.9647181,1,0.8665076,0.794166,0.7764577,0.7107182,0.702656,0.7191843,0.7063565,0.6995344,0,0,0,0,0,0,0
0,0,0,0,0,0,0,0,0,0,0,0,0,0,0,0.9250906,1,0.9163666,0,0,0,0,0,0,0,0,0,0,0,0,0,0,0,0,0,0,0,0,0,0,0,0,0,0,0,0.9563189,0.9441855,0,0,0.9809726,0.9527265,0.9465046,0.9790938,1,0.9472907,0,0,0,0,0,0,0,0,0,0,0,0,0,0,0,0,0,0,0,0,0,0,0,0,0,0.7781817,0.968237,1,0.8470704,0.8164735,0.8052149,0.785895,0,0,0,0,0,0,0,0,0,0,0,0,0,0,0,0,0,0,0,0,0,0,0.7778575,0,0,0,0,0.8630017,1,0.9755068,0.7910594,0.7800303,0,0,0,0,0,0,0,0,0,0,0,0,0,0,0,0,0,0,0,0,0,0,0,0,0,0,0,0,0,0.9761832,1,0.9082474,0.8081246,0,0,0,0.805992,0,0,0,0,0,0,0,0,0
0,0,0,0,0,0,0,0,0,0,0,0,0,0,0,0.9371079,1,0.8921795,0,0,0,0,0,0,0,0,0,0,0,0,0,0,0,0,0,0,0,0,0,0,0,0,0,0,0,0,0,0.8519747,0.9612281,0.8759567,1,0.9288576,0,0.7832488,0,0,0,0,0,0,0,0,0,0,0,0,0,0,0,0,0,0,0,0,0,0,0,0,0,0,0.7910331,0.9670925,1,0.8818495,0,0,0,0,0,0,0,0,0,0,0,0,0,0,0,0,0,0,0,0,0,0,0,0,0,0,0,0,0,0.7588251,0.8798193,1,0.939922,0,0.7236866,0,0,0,0,0,0,0,0,0,0,0,0,0,0,0,0,0,0,0,0,0,0,0,0,0,0,0,0.7887402,0.8170241,0.9379526,1,0.84971,0,0,0,0,0,0,0,0,0,0,0,0,0,0
0,0,0,0,0,0,0,0,0,0,0,0,0,0,0,0.936884,1,0.9048126,0,0,0,0,0,0,0,0,0,0,0,0,0,0,0,0,0,0,0,0,0,0,0,0,0,0,0,0,0,0,0.9528008,1,0.898163,0,0,0,0,0,0,0,0,0,0,0,0,0,0,0,0,0,0,0,0,0,0,0,0,0,0,0,0,0,0,0.9597034,1,0.8811148,0.7661278,0,0,0,0,0,0,0,0,0,0,0,0,0,0,0,0,0,0,0,0,0,0,0,0,0,0,0,0,0,0.9017245,1,0.9583429,0,0,0,0,0,0,0,0,0,0,0,0,0,0,0,0,0,0,0,0,0,0,0,0,0,0,0,0,0,0,0,0.961302,1,0.9121968,0,0,0,0,0,0,0,0,0,0,0,0,0,0
0,0,0,0,0,0,0,0,0,0,0,0,0,0,0,0.9303774,1,0.8810558,0.7082194,0.7140384,0.6837559,0,0,0,0,0,0,0,0,0,0,0,0,0,0,0,0,0,0,0,0,0,0,0,0,0,0,0,0.8235931,1,0.8800533,0.9201519,0.8825561,0,0,0,0,0,0,0,0,0,0,0,0,0,0,0,0,0,0,0,0,0,0,0,0,0,0,0,0.6806329,0.9573535,1,0.8332232,0.7531591,0,0,0,0,0,0,0,0,0,0,0,0,0,0,0,0,0,0,0,0,0,0,0,0,0,0,0,0,0,0.8668907,1,0.9575343,0,0,0,0,0,0,0,0,0,0,0,0,0,0,0,0,0,0,0,0,0,0,0,0,0,0,0,0,0,0,0.7831926,1,0.971549,0,0,0,0,0,0,0,0,0,0,0,0,0,0,0
0,0,0,0,0,0,0,0,0,0,0,0,0,0,0,0.9190482,1,0.8952901,0,0.6223963,0,0,0,0.6535308,0.6766226,0.6472201,0,0,0,0,0,0,0,0,0,0,0,0,0,0,0,0,0,0,0,0,0,0.7282251,0.8516424,1,0.9975309,0.8009652,0.8352001,0.7744078,0,0,0,0,0,0,0,0,0,0,0,0,0,0,0,0,0,0,0,0,0,0,0,0,0,0,0,0.9443026,1,0.8667227,0.7145693,0.690625,0.6471859,0,0,0,0,0,0,0,0,0,0,0,0,0,0,0,0,0,0,0,0,0,0,0,0,0,0.6108125,0.67423,0.873309,1,0.9468825,0.6329539,0.704012,0.6881937,0.6299825,0,0.6847214,0.7445279,0.7361884,0.7146852,0.634903,0,0,0,0,0,0,0,0,0,0,0,0,0,0,0,0,0,0,0,0.7176303,0.7296088,0.9748148,1,0.9063795,0.8231775,0.6958119,0,0,0.6770126,0.7254,0.774179,0.7545621,0.7139197,0,0,0,0,0
0,0,0,0,0,0,0,0,0,0,0,0,0,0,0,0.9248541,1,0.8709223,0,0,0,0.7143505,0.7326853,0.7365677,0.6360153,0.6794865,0,0,0,0,0,0,0,0,0,0,0,0,0,0,0,0,0,0,0,0.8234648,0.7783956,0.8153754,0.9288589,1,0.9462557,0,0,0,0,0,0,0,0,0,0,0,0,0,0,0,0,0,0,0,0,0,0,0,0,0,0,0,0.6666107,0.6928881,0,0.9401854,1,0.8455621,0.5895917,0,0,0.6393915,0.6755394,0.6601082,0,0.6088398,0.6147255,0,0,0,0,0,0,0,0,0,0,0,0,0,0,0,0,0,0.6053771,0.6989851,0.6950881,0,0.859349,1,0.9413307,0.6205475,0.6331583,0.6920667,0.7290381,0.7636914,0.7083369,0.6701715,0.6150947,0.7126211,0.6082197,0,0,0,0,0,0,0,0,0,0,0,0,0,0,0.6801453,0.7494067,0.8140021,0.8313287,0.8510602,0,0.8739137,0.9553302,1,0.7780071,0,0,0,0.7203102,0.7535613,0,0.706905,0,0,0,0,0,0,0
0,0,0,0,0,0,0,0,0,0,0,0,0,0,0,0.9003819,1,0.8937142,0.7798404,0,0,0.7069216,0.7113023,0,0,0,0,0,0,0,0,0,0,0,0,0,0,0,0,0,0,0,0,0,0,0.9137364,1,0.9123214,0,0.8090604,0,0,0,0,0,0,0,0,0,0,0,0,0,0,0,0,0,0,0,0,0,0,0,0,0,0,0,0.7089581,0.7994509,0.7849807,0.7283243,0.9567655,1,0.8622475,0.7500585,0.6967546,0,0,0,0,0,0,0,0,0,0,0,0,0,0,0,0,0,0,0,0,0,0,0,0,0,0.781888,0.8072609,0.7041724,0.827813,1,0.946299,0.7725198,0.7327203,0.7125962,0.6891595,0,0,0,0,0,0,0,0,0,0,0,0,0,0,0,0,0,0,0,0,0,0,0,0.8784946,0.9934308,0.9491233,0,0.9869887,1,0.8856311,0.8086951,0,0,0,0,0,0,0,0,0,0,0,0,0
0,0,0,0,0,0,0,0,0,0,0,0,0,0,0.7407553,0.9469914,1,0.865926,0.6206831,0,0,0,0,0,0,0,0,0,0,0,0,0,0,0,0,0,0,0,0,0,0,0,0,0,0,0.819093,0.9286019,1,0.9843113,0.8839964,0.7526117,0,0,0,0,0,0,0,0,0,0,0,0,0,0,0,0,0,0,0,0,0,0,0,0,0,0,0.6195523,0.6874708,0.7132951,0.6544484,0.9404672,1,0.8727937,0,0,0,0,0,0,0,0,0,0,0,0,0,0,0,0,0,0,0,0,0,0,0,0,0,0,0,0.6207335,0.653005,0.6815431,0.8734921,1,0.9470437,0,0,0,0,0,0,0,0,0,0,0,0,0,0,0,0,0,0,0,0,0,0,0,0,0,0,0,0.7434645,0.8266288,0.8110971,0.8614041,0.9980167,1,0.8484982,0,0,0,0,0,0,0,0,0,0,0,0,0,0
