GestureName: arrow
Duration(ms): 1316
Handedness: right

SpeakerAngles: 2
55
-55

InterpretedPoints: 28
3.2268291364464,0
0,0
0.806707284111599,0.564862521463624
-0.806707284111599,3.95403765024536
-3.2268291364464,6.77835025756348
-3.2268291364464,5.64862521463624
-4.84024370466959,0
-9.68048740933918,-3.38917512878174
-5.64695098878119,-1.69458756439087
0,-3.38917512878174
-0.806707284111599,1.69458756439087
-1.6134145682232,5.64862521463624
0,6.77835025756348
0.806707284111599,7.34321277902711
0,3.38917512878174
1.6134145682232,1.12972504292725
0,0
-0.806707284111599,-3.95403765024536
-1.6134145682232,-5.64862521463624
0.806707284111599,-8.47293782195435
1.6134145682232,-7.90807530049073
-0.806707284111599,-5.08376269317261
-1.6134145682232,-1.12972504292725
0,0
2.4201218523348,5.08376269317261
0,4.51890017170899
8.87378012522759,-1.69458756439087
4.03353642055799,-1.69458756439087

StrokePoints: 29
177.666666666667,130.277777777778
174.43983753022,130.277777777778
174.43983753022,130.277777777778
173.633130246109,129.712915256314
174.43983753022,125.758877606069
177.666666666667,118.980527348505
180.893495803113,113.331902133869
185.733739507783,113.331902133869
195.414226917122,116.721077262651
201.061177905903,118.415664827042
201.061177905903,121.804839955823
201.867885190015,120.110252391433
203.481299758238,114.461627176796
203.481299758238,107.683276919233
202.674592474126,100.340064140206
202.674592474126,96.950889011424
201.061177905903,95.8211639684967
201.061177905903,95.8211639684967
201.867885190015,99.7752016187421
203.481299758238,105.423826833378
202.674592474126,113.896764655333
201.061177905903,121.804839955823
201.867885190015,126.888602648996
203.481299758238,128.018327691923
203.481299758238,128.018327691923
201.061177905903,122.934564998751
201.061177905903,118.415664827042
192.187397780675,120.110252391433
188.153861360117,121.804839955823

Velocities: 28
2,-2
0,0
1,0
3,4
4,8
3,7
-3,3
-9,3
-5,2
-3,-3
1,2
4,6
6,6
7,6
3,3
2,0
0,0
-4,-3
-6,-4
-7,-8
-6,-8
-5,-4
-2,0
0,0
6,3
4,4
4,-7
1,-4

InverseVelocities: 28
0,1
0,0
0,0
0,0
-1,-2
-2,-2
0,0
1,-4
0,-5
0,0
0,0
0,0
0,0
0,-1
0,-1
0,0
0,0
0,0
0,0
0,0
0,0
0,0
0,0
0,0
0,-1
0,-2
0,0
0,0

RawData: 28
0,0,0,0,0,0,0,0,0,0,0,0,0,0.717552,0,0.7473699,0.9953449,1,0.8683085,0.8500218,0.8232279,0.7403547,0,0,0,0,0,0,0,0,0,0,0,0,0,0,0,0,0,0,0,0,0,0,0.7474258,0.8120385,0.8330194,0,0.9283283,1,0.9269125,0.8128776,0.6915097,0.6942858,0,0,0,0,0,0,0,0,0,0,0,0
0,0,0,0,0,0,0,0,0,0,0,0,0,0,0.6554998,0.7984459,0.9846563,1,0.8782198,0.6628904,0,0,0,0,0,0,0,0,0,0,0,0,0,0,0,0,0,0,0,0,0,0,0,0,0,0,0.6566625,0.7083541,0.9389679,1,0.9055021,0.6979563,0,0,0,0,0,0,0,0,0,0,0,0,0,0
0,0,0,0,0,0,0,0,0,0,0,0,0,0,0,0.8531072,1,0.9667933,0.9485143,0.8555267,0.7008225,0,0,0,0,0,0,0,0,0,0,0,0,0,0,0,0,0,0,0,0,0,0,0,0,0,0,0.6513559,0.9475399,1,0.9016564,0.7949192,0.6879336,0,0,0,0,0,0,0,0,0,0,0,0,0
0,0,0,0,0,0,0,0,0,0,0,0,0,0.6201723,0.6581068,0.8160741,1,0.9747646,0.8585232,0.8402444,0.700295,0.7218648,0.5949647,0,0,0,0,0,0,0,0,0,0,0,0,0,0,0,0,0,0,0,0,0,0,0,0.5672472,0.6713086,0.9302279,1,0.9081356,0.7094593,0.7174647,0.6999131,0.6967375,0.6714041,0.5967417,0,0,0,0,0,0,0,0,0
0,0,0,0,0,0,0,0,0,0,0,0,0.6517422,0.6315962,0.5970997,0.825437,1,0.9887433,0.893205,0.8536177,0.7737049,0.7846972,0.6938766,0.5966442,0,0,0,0,0,0,0,0,0,0,0,0,0,0,0,0,0,0,0,0,0.6201689,0.6609207,0.669591,0.6751283,0.9418976,1,0.8696128,0.6831824,0.6229978,0.5994762,0.6766033,0.7151808,0.7454628,0.7684288,0.7205049,0.6422085,0.5970867,0,0,0,0,0
0,0,0,0,0,0,0,0,0,0,0,0.6545902,0.6834388,0,0.67369,0.8236298,1,0.9940881,0.8438613,0.7591716,0.7501704,0.7764259,0.6895513,0,0,0,0,0,0,0,0,0,0,0,0,0,0,0,0,0,0,0,0,0,0.6276385,0.6584386,0.6262606,0.6558319,0.9408126,1,0.8999456,0.6461672,0.7225496,0.7306886,0.7719313,0.7885033,0.7149411,0.6732134,0.6907352,0.6362858,0,0,0,0,0,0
0,0,0,0,0,0,0,0,0,0,0.7459681,0.7829512,0.8301534,0.8298876,0.8051655,0.8301904,0.9946054,1,0.8375151,0,0,0,0,0,0,0,0,0,0,0,0,0,0,0,0,0,0,0,0,0,0,0,0,0,0,0,0,0.7116929,0.9536163,1,0.9064918,0.7823566,0.7784597,0.7112536,0,0.7272132,0,0,0,0,0,0,0,0,0,0
0,0,0,0,0.5845497,0.6867421,0.6996762,0.6543955,0.5744084,0.7340785,0.7417904,0.675145,0.6337126,0,0.7146482,0.8088772,1,0.9930876,0.7637819,0.6672144,0.6362047,0,0,0,0,0,0,0,0,0,0,0,0,0,0,0,0,0,0,0,0,0,0.5846287,0.6829724,0.7423183,0.7561893,0.7112679,0.7341325,0.9412223,1,0.8810928,0.6550846,0.6673126,0.62071,0.6356775,0.5451641,0,0,0,0,0,0,0,0,0,0
0,0,0,0,0,0,0,0,0.6828082,0.7078056,0.7692742,0.781718,0.7027442,0.713842,0.7887304,0.8640339,1,0.9845833,0.7623783,0,0,0,0,0,0,0,0,0,0,0,0,0,0,0,0,0,0,0,0,0,0,0.7039565,0.7443504,0.7538181,0.7763957,0.6960335,0.7801064,0.7359783,0.9527224,1,0.8777729,0.7120632,0.6713132,0,0.6470772,0,0,0,0,0,0,0,0,0,0,0
0,0,0,0,0,0,0,0,0,0,0.6279683,0.6947461,0.6413575,0.6813604,0.7412233,0.8468284,1,0.9696492,0.6616465,0,0,0,0,0,0,0,0,0,0,0,0,0,0,0,0,0,0,0,0,0,0,0,0,0.590414,0.6304201,0.6851765,0.7535465,0.755319,0.9317508,1,0.8666466,0.6587582,0,0,0,0,0,0,0,0,0,0,0,0,0,0
0,0,0,0,0,0,0,0,0,0,0,0,0,0,0,0.8624507,1,0.9649459,0.7785401,0.765489,0.7483714,0,0,0,0,0,0,0,0,0,0,0,0,0,0,0,0,0,0,0,0,0,0,0,0,0,0,0.6573725,0.9440197,1,0.8923482,0.6881573,0.7060294,0.6936787,0.6391829,0,0,0,0,0,0,0,0,0,0,0
0,0,0,0,0,0,0,0,0,0,0,0,0,0,0,0.8328843,1,0.9946194,0.8726181,0.8631512,0.795401,0.7378976,0.8056704,0.7398596,0,0,0,0,0,0,0,0,0,0,0,0,0,0,0,0,0,0,0,0,0,0,0.6470936,0.7150991,0.9404923,1,0.9000975,0.6521716,0.7499964,0.7613051,0.7204182,0.7064823,0.6711612,0.6920765,0.6527535,0,0,0,0,0,0,0
0,0,0,0,0,0,0,0,0,0,0,0,0,0,0.7460066,0.8846145,1,0.9877437,0.8164345,0.7705233,0.751387,0,0.8401436,0.8212749,0.7960781,0.749481,0,0,0,0,0,0,0,0,0,0,0,0,0,0,0,0,0,0,0,0,0,0.7370995,0.9570698,1,0.9129708,0,0,0,0.7244816,0,0.742027,0,0.7644367,0,0,0,0,0,0,0
0,0,0,0,0,0,0,0,0,0,0,0,0,0,0,0.8945876,1,0.9595476,0.7269782,0.6880209,0.7533829,0.7824237,0.7424749,0,0.6701933,0.7127454,0.6389826,0,0,0,0,0,0,0,0,0,0,0,0,0,0,0,0,0,0,0.5887627,0.6851258,0.6121738,0.9445968,1,0.8881614,0.785454,0.8106257,0.7634745,0.7526352,0.798375,0.7788799,0.7162975,0.6596669,0,0,0,0,0,0,0
0,0,0,0,0,0,0,0,0,0,0,0,0,0,0,0.8675004,1,0.9754397,0.7024462,0.7169898,0.7194989,0.7245601,0.6799933,0,0,0,0,0,0,0,0,0,0,0,0,0,0,0,0,0,0,0,0,0,0,0.6370545,0.7011729,0.6841293,0.9361618,1,0.9116063,0.7595201,0.6728285,0.7407654,0.7726566,0.7140344,0,0,0,0,0,0,0,0,0,0
0,0,0,0,0,0,0,0,0,0,0,0,0,0,0,0.7189302,1,0.9949799,0.7361572,0.6935244,0.688812,0.6434499,0,0,0,0,0,0,0,0,0,0,0,0,0,0,0,0,0,0,0,0,0,0,0,0,0.5713875,0.6891975,0.9434569,1,0.8916526,0.6084991,0,0,0,0,0,0,0,0,0,0,0,0,0,0
0,0,0,0,0,0,0,0,0,0,0,0,0,0,0.5972232,0.8698133,1,0.9684737,0.7335315,0,0,0,0,0,0,0,0,0,0,0,0,0,0,0,0,0,0,0,0,0,0,0,0,0,0,0,0,0.5681573,0.9372534,1,0.888737,0.6303644,0,0,0,0,0,0,0,0,0,0,0,0,0,0
0,0,0,0,0,0,0,0,0,0.6464065,0.7020872,0.6762536,0.7657974,0.7538496,0.7900112,0.8269559,1,0.996588,0.8001309,0,0,0,0,0,0,0,0,0,0,0,0,0,0,0,0,0,0,0,0,0,0,0,0,0.6893135,0.7316349,0.7017337,0.733662,0.6412378,0.943871,1,0.8681065,0.7266799,0.6423589,0,0,0,0,0,0,0,0,0,0,0,0,0
0,0,0,0,0,0,0,0.6556878,0.7229918,0,0,0.7441957,0.7746519,0.7062809,0.6852288,0.8172605,1,0.9902064,0.7872673,0,0,0,0,0,0,0,0,0,0,0,0,0,0,0,0,0,0,0,0,0,0,0,0.7434922,0.8290885,0.82651,0.743044,0.7661604,0.7658022,0.9447023,1,0.8966642,0,0,0,0,0,0,0,0,0,0,0,0,0,0,0
0,0,0,0,0,0,0.6059012,0.6207693,0.6360831,0.6825047,0.7318658,0.7132212,0.6849609,0.7681848,0.732556,0.8022017,1,0.9934844,0.7729599,0,0,0,0,0,0,0,0,0,0,0,0,0,0,0,0,0,0,0,0.6057478,0.6848052,0,0.6560258,0.6033001,0.6387882,0.7640994,0.7506467,0.7568029,0.6708619,0.9400755,1,0.8670313,0.6616272,0,0,0,0,0,0,0,0,0,0,0,0,0,0
0,0,0,0,0,0,0,0.6950939,0.6893108,0,0,0.6669907,0,0.7907457,0.8160274,0.8577155,0.9972928,1,0.8285527,0,0,0,0,0,0,0,0,0,0,0,0,0,0,0,0,0,0,0,0.6577699,0.7183255,0.667514,0.6085547,0.704641,0.7077721,0.7671306,0.8166434,0.7341375,0.7336708,0.9365974,1,0.8984523,0.6498789,0,0,0,0,0,0,0,0,0,0,0,0,0,0
0,0,0,0,0,0,0,0,0.7235855,0.757436,0.7598569,0.6673984,0.7888181,0.752285,0.8097641,0.7460459,1,0.9990706,0.8338278,0,0,0,0,0,0,0,0,0,0,0,0,0,0,0,0,0,0,0,0,0,0,0,0.6855378,0.710196,0.7417121,0.7426407,0.6809458,0.6769714,0.9489775,1,0.8976319,0,0,0,0,0,0,0,0,0,0,0,0,0,0,0
0,0,0,0,0,0,0,0,0,0,0,0.7406796,0.8071206,0.7729889,0.8162951,0.8167104,1,0.9677975,0,0,0,0,0,0,0,0,0,0,0,0,0,0,0,0,0,0,0,0,0,0,0,0,0,0,0,0,0.6988562,0.7637882,0.9475061,1,0.9040752,0,0,0,0,0,0,0,0,0,0,0,0,0,0,0
0,0,0,0,0,0,0,0,0,0,0,0,0,0,0.7877733,0.9293175,1,0.9481916,0.7201821,0.7156879,0,0,0,0,0,0,0,0,0,0,0,0,0,0,0,0,0,0,0,0,0,0,0,0,0,0,0.6432261,0.7373322,0.9404837,1,0.8919265,0.6554831,0,0,0,0,0,0,0,0,0,0,0,0,0,0
0,0,0,0,0,0,0,0,0,0,0,0,0,0,0.8056144,0.7526661,0.9401419,1,0.8618945,0,0.7953556,0.8133792,0.761509,0.71532,0.6654483,0.6733819,0,0,0,0,0,0,0,0,0,0,0,0,0,0,0,0,0,0,0,0.5562598,0.5627501,0.6904716,0.9486925,1,0.8835229,0.6875756,0.7413146,0.7175514,0.6321657,0.6085194,0,0,0,0,0,0,0,0,0,0
0,0,0,0,0,0,0,0,0,0,0,0,0,0,0.7750437,0.8795111,1,0.9684172,0.7162152,0,0.6587749,0.752247,0.7193491,0.6837212,0,0,0,0,0,0,0,0,0,0,0,0,0,0,0,0,0,0,0,0,0.5897166,0.6100345,0.6260929,0.676254,0.9393228,1,0.8946678,0.7247286,0.7282526,0.610638,0.6193195,0.6324723,0.5889364,0,0,0,0,0,0,0,0,0
0,0,0,0,0,0,0,0,0,0,0,0,0,0,0.6975032,0.8783684,1,0.9582992,0.7034609,0.7551492,0.6565816,0.6781283,0.7572262,0.715626,0,0,0,0,0,0,0,0,0,0,0,0,0,0,0,0.5883203,0.5937597,0,0,0,0,0.6419971,0.6251845,0,0.9425802,1,0.8859938,0.6331798,0.6773795,0,0,0,0,0,0,0,0,0,0,0,0,0
0,0,0,0,0,0,0,0,0,0,0,0,0,0.5642282,0.6241394,0.8126709,1,0.9689212,0.7057858,0.5727898,0.5999222,0,0,0,0,0,0,0,0,0,0,0,0,0,0,0,0,0,0,0,0,0,0.5530726,0.6274981,0.6475915,0.613916,0,0.5639137,0.9341176,1,0.8707181,0.538547,0.5205672,0,0,0,0,0,0,0,0,0,0,0,0,0
