GestureName: c
Duration(ms): 846
Handedness: right

SpeakerAngles: 2
55
-55

InterpretedPoints: 18
0,0
2.4201218523348,3.95403765024536
5.64695098878119,0.564862521463624
4.84024370466959,-1.12972504292725
2.4201218523348,0.564862521463624
1.6134145682232,-3.38917512878174
0.806707284111599,-2.82431260731812
-2.4201218523348,-0.564862521463624
-1.6134145682232,0
-0.806707284111599,-0.564862521463624
-0.806707284111599,-0.564862521463624
-1.6134145682232,0
-1.6134145682232,1.12972504292725
-1.6134145682232,1.12972504292725
-0.806707284111599,0.564862521463624
0,0
0,0
0,0

StrokePoints: 19
177.666666666667,130.277777777778
177.666666666667,130.277777777778
175.246544814332,126.323740127532
169.599593825551,125.758877606069
164.759350120881,126.888602648996
162.339228268546,126.323740127532
160.725813700323,129.712915256314
159.919106416211,132.537227863632
162.339228268546,133.102090385096
163.952642836769,133.102090385096
164.759350120881,133.66695290656
165.566057404993,134.231815428023
167.179471973216,134.231815428023
168.792886541439,133.102090385096
170.406301109662,131.972365342169
171.213008393774,131.407502820705
171.213008393774,131.407502820705
171.213008393774,131.407502820705
171.213008393774,131.407502820705

Velocities: 18
0,0
5,2
4,-3
2,-4
2,-1
-2,-4
-2,-3
-2,1
-1,1
-1,0
-1,0
-1,1
0,2
0,2
0,1
0,0
0,0
0,0

InverseVelocities: 18
0,0
-1,-2
-4,0
0,0
0,0
0,0
0,0
0,0
0,-1
0,0
0,0
0,0
0,0
0,0
0,0
0,0
0,0
0,0

RawData: 18
0,0,0,0,0,0,0,0,0,0,0,0,0,0,0,0.7860649,1,0.9926329,0.8197973,0.8293313,0,0,0,0,0,0,0,0,0,0,0,0,0,0,0,0,0,0,0,0,0,0,0,0,0,0,0,0,0.9239625,1,0.8490077,0.8053963,0.7282804,0,0,0,0,0,0,0,0,0,0,0,0,0
0,0,0,0,0,0,0,0,0,0,0,0,0.5749169,0.6117746,0.6762665,0.8104556,1,0.9857568,0.8604783,0.8513211,0.6914394,0.5665269,0.5352039,0.5692984,0.5608473,0,0,0,0,0,0,0,0,0,0,0,0,0,0,0,0,0,0,0,0.637288,0.7281991,0.7286939,0.6651288,0.9423296,1,0.8753716,0.7685089,0.7257478,0.5981136,0.5829639,0,0,0,0,0,0,0,0,0,0,0
0,0,0,0,0,0,0,0,0,0.6011502,0.5856602,0.6440434,0,0.5827433,0.6467455,0.8206142,1,0.9706041,0.8013595,0.685064,0.7721075,0.6661156,0.5898235,0.591044,0,0,0,0,0,0,0,0,0,0,0,0,0,0,0,0,0,0,0,0.673908,0.7085314,0.7262017,0.6764322,0.6766216,0.9398413,1,0.8618326,0.7324277,0.6123792,0,0,0,0,0,0,0,0,0,0,0,0,0
0,0,0,0,0,0,0,0,0,0,0,0,0,0,0.6767784,0.8210751,0.9991941,1,0.8450673,0.6116509,0.6719228,0.6286069,0,0,0,0,0,0,0,0,0,0,0,0,0,0,0,0,0,0,0,0,0.5510579,0.6272624,0.6265837,0.5706667,0,0.6393728,0.937344,1,0.909207,0.6295291,0,0,0,0,0,0,0,0,0,0,0,0,0,0
0,0,0,0,0,0,0,0,0,0,0,0,0,0,0.6482993,0.8185412,1,0.9766145,0.7529894,0.7046325,0.6144069,0.6720067,0,0,0,0,0,0,0,0,0,0,0,0,0,0,0,0,0,0,0,0,0,0,0,0.6406558,0,0.6178536,0.9383131,1,0.8845671,0.6658667,0,0,0,0,0,0,0,0,0,0,0,0,0,0
0,0,0,0,0,0,0,0,0,0,0,0.6408216,0.649695,0.6744061,0.7477592,0.744055,1,0.9982324,0.8387811,0.7005762,0,0,0,0,0,0,0,0,0,0,0,0,0,0,0,0,0,0,0,0,0,0,0.5969599,0.6362873,0.6458625,0.7340836,0.6535687,0.7920728,0.9487386,1,0.8701868,0.6268609,0.6131175,0,0,0,0,0,0,0,0,0,0,0,0,0
0,0,0,0,0,0,0,0,0,0,0,0.6377586,0.720562,0.7408718,0.6557948,0.8569745,1,0.9714511,0.8008787,0.6994264,0,0,0,0,0,0,0,0,0,0,0,0,0,0,0,0,0,0,0,0,0,0,0,0.5789651,0.6216817,0.726932,0.7458434,0.8150274,0.9521003,1,0.8935612,0.6947947,0.579515,0,0,0,0,0,0,0,0,0,0,0,0,0
0,0,0,0,0,0,0,0,0,0,0,0.5927985,0,0.818524,0.8998368,0.6724325,1,0.9634605,0.7856346,0,0,0,0,0,0,0,0,0,0,0,0,0,0,0,0,0,0,0,0,0,0,0,0,0,0,0,0.6391063,0.8035352,0.9448372,1,0.8799487,0.6197687,0.5109202,0.5321006,0,0,0,0,0,0,0,0,0,0,0,0
0,0,0,0,0,0,0,0,0,0,0,0,0.6088848,0.7491062,0.89796,0.9282637,1,0.9761928,0.7740738,0,0,0,0,0,0,0,0,0,0,0,0,0,0,0,0,0,0,0,0,0,0,0,0,0,0,0.5429113,0.5438097,0.7361503,0.9491647,1,0.8923792,0.6490244,0.6810792,0.6129386,0,0,0,0,0,0,0,0,0,0,0,0
0,0,0,0,0,0,0,0,0,0,0,0,0.6366227,0.704989,0.8241072,0.8066104,0.9940865,1,0.8229431,0.6665306,0,0,0,0,0,0,0,0,0,0,0,0,0,0,0,0,0,0,0,0,0,0,0,0,0,0,0.6463678,0.7662099,0.9380066,1,0.8675129,0.6835314,0,0,0,0,0,0,0,0,0,0,0,0,0,0
0,0,0,0,0,0,0,0,0,0,0,0,0.6095205,0,0.6213238,0.8416558,1,0.9821389,0.7501824,0,0,0,0,0,0,0,0,0,0,0,0,0,0,0,0,0,0,0,0,0,0,0,0,0,0,0,0.6495868,0.7633881,0.9351763,1,0.8977594,0.673411,0,0,0,0,0,0,0,0,0,0,0,0,0,0
0,0,0,0,0,0,0,0,0,0,0,0,0.6528133,0.7314935,0.7655502,0.8568984,1,0.986199,0.7723334,0,0,0,0,0,0,0,0,0,0,0,0,0,0,0,0,0,0,0,0,0,0,0,0,0,0,0,0,0.7191593,0.9555137,1,0.8835049,0.6981536,0.6298727,0.6363362,0,0,0,0,0,0,0,0,0,0,0,0
0,0,0,0,0,0,0,0,0,0,0,0,0,0.6194871,0.6531093,0.8368815,1,0.9891592,0.721739,0,0,0,0,0,0,0,0,0,0,0,0,0,0,0,0,0,0,0,0,0,0,0,0,0,0,0,0,0.6537825,0.9288383,1,0.9222201,0.8277798,0.8080066,0.7676398,0.6804396,0,0,0,0,0,0,0,0,0,0,0
0,0,0,0,0,0,0,0,0,0,0,0,0,0.5999885,0.6996253,0.8619714,1,0.9829857,0.7794168,0.6269016,0,0,0,0,0,0,0,0,0,0,0,0,0,0,0,0,0,0,0,0,0,0,0,0,0,0,0,0.6797682,0.9464787,1,0.8979225,0.6525295,0,0,0.6677952,0,0,0,0,0,0,0,0,0,0,0
0,0,0,0,0,0,0,0,0,0,0,0,0,0.6241419,0.6531513,0.8499869,1,0.9822395,0.7493588,0,0,0,0,0,0,0,0,0,0,0,0,0,0,0,0,0,0,0,0,0,0,0,0,0,0,0,0.5360532,0.6425118,0.92929,1,0.8890035,0,0.5751328,0.5816711,0,0,0,0,0,0,0,0,0,0,0,0
0,0,0,0,0,0,0,0,0,0,0,0,0,0,0.6531949,0.7883307,1,0.9871253,0.7637085,0.5382658,0,0,0,0,0,0,0,0,0,0,0,0,0,0,0,0,0,0,0,0,0,0,0,0,0,0,0,0.5912694,0.9360651,1,0.8926215,0.621114,0,0,0,0,0,0,0,0,0,0,0,0,0,0
0,0,0,0,0,0,0,0,0,0,0,0,0,0,0,0.8436299,1,0.9788956,0.7335302,0,0,0,0,0,0,0,0,0,0,0,0,0,0,0,0,0,0,0,0,0,0,0,0,0,0,0,0,0,0.9465926,1,0.8871209,0.633994,0,0,0,0,0,0,0,0,0,0,0,0,0,0
0,0,0,0,0,0,0,0,0,0,0,0,0,0,0,0.806375,1,0.9799404,0.7238811,0,0,0,0,0,0,0,0,0,0,0,0,0,0,0,0,0,0,0,0,0,0,0,0,0,0,0,0,0.5848298,0.9436825,1,0.8568764,0,0,0,0,0,0,0,0,0,0,0,0,0,0,0
