GestureName: mu
Duration(ms): 940
Handedness: right

SpeakerAngles: 2
55
-55

InterpretedPoints: 20
-0.806707284111599,1.69458756439087
0,3.38917512878174
0.806707284111599,5.08376269317261
-1.6134145682232,6.77835025756348
2.4201218523348,8.47293782195435
4.84024370466959,4.51890017170899
1.6134145682232,2.25945008585449
6.45365827289279,-2.25945008585449
6.45365827289279,-2.25945008585449
3.2268291364464,0
-0.806707284111599,-0.564862521463624
0,0
0,0
1.6134145682232,1.12972504292725
3.2268291364464,3.38917512878174
4.84024370466959,2.25945008585449
5.64695098878119,1.69458756439087
4.84024370466959,2.25945008585449
0.806707284111599,2.82431260731812
-1.6134145682232,0

StrokePoints: 21
177.666666666667,130.277777777778
178.473373950778,128.583190213387
178.473373950778,125.194015084605
177.666666666667,120.110252391433
179.28008123489,113.331902133869
176.859959382555,104.858964311915
172.019715677885,100.340064140206
170.406301109662,98.0806140543512
163.952642836769,100.340064140206
157.498984563877,102.59951422606
154.27215542743,102.59951422606
155.078862711542,103.164376747524
155.078862711542,103.164376747524
155.078862711542,103.164376747524
153.465448143319,102.034651704597
150.238619006872,98.6454765758149
145.398375302203,96.3860264899604
139.751424313422,94.6914389255695
134.911180608752,92.431988839715
134.10447332464,89.6076762323969
135.717887892864,89.6076762323969

Velocities: 20
1,2
3,3
5,4
5,7
9,6
7,1
3,1
2,-6
2,-6
2,-2
-1,0
0,0
0,0
2,0
5,1
5,-1
5,-2
5,-1
3,2
-1,1

InverseVelocities: 20
0,0
0,0
0,0
0,0
0,0
0,-2
-1,-7
-6,0
-6,0
-6,1
0,0
0,0
0,0
0,0
0,-1
0,0
-2,0
-3,2
-1,0
0,-2

RawData: 20
0,0,0,0,0,0,0,0,0,0,0,0,0,0,0,0.8008178,1,0.9494403,0.8247257,0.7683899,0.626931,0,0,0,0,0,0,0,0,0,0,0,0,0,0,0,0,0,0,0,0,0,0,0,0,0,0,0,0.9383497,1,0.9089689,0.7423543,0.7223167,0.6427093,0.6697175,0,0,0,0,0,0,0,0,0,0,0
0,0,0,0,0,0,0,0,0,0,0,0,0,0,0,0.8455021,1,0.9817891,0.7204589,0,0.7261817,0.7838768,0.7682557,0,0,0,0,0,0,0,0,0,0,0,0,0,0,0,0,0,0,0,0,0,0,0,0,0.7298431,0.956413,1,0.8865021,0.7722223,0.8111981,0.701852,0.777385,0.7476828,0,0,0,0,0,0,0,0,0,0
0,0,0,0,0,0,0,0,0,0,0,0,0,0,0,0.8409184,1,0.9915619,0.8058159,0,0,0.7402374,0.8071693,0.7757758,0.6750546,0,0,0,0,0,0,0,0,0,0,0,0,0,0,0,0,0,0,0,0,0,0,0,0.9357798,1,0.8833501,0.7688658,0.6833481,0.7890999,0.8328564,0.7294947,0.7546425,0,0,0,0,0,0,0,0,0
0,0,0,0,0,0,0,0,0,0,0,0,0,0,0,0.8205824,1,0.9831795,0.7268279,0.6400685,0.7477252,0.7204639,0.6878145,0,0.6530957,0,0,0,0,0,0,0,0,0,0,0,0,0,0,0,0,0,0,0,0,0,0.6101665,0.7048218,0.9149197,1,0.9039916,0.7149795,0.8159252,0.8567631,0.872665,0.8554542,0.7367867,0.711986,0.7420604,0.6870369,0,0,0,0,0,0
0,0,0,0,0,0,0,0,0,0,0,0,0,0,0,0.834567,1,0.982464,0.7678481,0.6185285,0.7301683,0.8074872,0.8200428,0.8151736,0.807928,0.7315331,0.695421,0.6648446,0.6184065,0,0,0,0,0,0,0,0,0,0,0,0,0,0,0,0,0,0.6490103,0.6120142,0.9313782,1,0.8732784,0.762871,0.8331146,0.8862527,0.849825,0.8369295,0.8019291,0.7019179,0.6769401,0,0,0,0,0,0,0
0,0,0,0,0,0,0,0,0,0,0,0,0,0,0,0.8598731,1,0.9794881,0.7915637,0.7570794,0.7441981,0.8329471,0.8148903,0.8062468,0.7731587,0.7029281,0.6787273,0,0,0,0,0,0,0,0,0,0,0,0,0,0,0,0,0,0.6623415,0.681614,0.793699,0.8526122,0.9637104,1,0.8626761,0.7760952,0.7682096,0.7745269,0,0,0,0,0,0,0,0,0,0,0,0
0,0,0,0,0,0,0,0,0,0,0,0,0.6064759,0.7272294,0.8231643,0.8457705,0.9810586,1,0.8837797,0.8224242,0.775322,0.6358082,0.676985,0,0,0,0,0,0,0,0,0,0,0,0,0,0,0,0,0.668676,0.6719612,0.6725971,0.671213,0.762386,0.7614554,0.7565171,0.7888827,0.7560602,0.9263824,1,0.892127,0.6754254,0,0.6452304,0,0,0,0,0,0,0,0,0,0,0,0
0,0,0,0,0,0,0,0.6483199,0.6432457,0.5610857,0.6661659,0.7761185,0.8059348,0.8070195,0.8181363,0.8476166,1,0.9633424,0.7452313,0,0,0.6394216,0,0,0,0,0,0,0,0,0,0,0,0,0,0,0,0,0,0,0.6112619,0.6151525,0.6541899,0.6749098,0.7557907,0.6487573,0.7761968,0.7820511,0.9313996,1,0.8927705,0.6446975,0,0,0,0,0,0,0,0,0,0,0,0,0,0
0,0,0,0,0,0,0,0.6869937,0.7457348,0.6186655,0.7169809,0.7904241,0.6553286,0.8493871,0.9545923,0.8026789,1,0.9744898,0.7543272,0.7325764,0,0.6523913,0,0,0,0,0,0,0,0,0,0,0,0,0,0,0,0,0,0,0.5772634,0.6499665,0.5970498,0.6925212,0.7256714,0.7645369,0.7768887,0.8471269,0.8549216,1,0.908178,0.6765767,0.5780151,0,0,0,0,0,0,0,0,0,0,0,0,0
0,0,0,0,0,0,0,0.6146245,0.6621076,0,0.6505411,0.6454697,0.791662,0.7499158,0.8252592,0.7635508,0.9829583,1,0.8742661,0.7285846,0.6822442,0.6190076,0,0,0,0,0,0,0,0,0,0,0,0,0,0,0,0,0,0,0,0,0,0,0.5901971,0.6420819,0.6764095,0.8180785,0.9832724,1,0.8386382,0.7035064,0.6936178,0.6185025,0,0,0,0,0,0,0,0,0,0,0,0
0,0,0,0,0,0,0,0,0,0,0,0,0.6640455,0.5873309,0.7986182,0.9197446,1,0.9736986,0.7936025,0.6293571,0,0,0,0,0,0,0,0,0,0,0,0,0,0,0,0,0,0,0,0,0,0,0,0,0,0,0.6666412,0.7890565,0.9079383,1,0.8887861,0.6488609,0,0,0,0,0,0,0,0,0,0,0,0,0,0
0,0,0,0,0,0,0,0,0,0,0,0,0,0.6246396,0.7108158,0.7662699,1,0.9987592,0.6795495,0,0,0,0,0,0,0,0,0,0,0,0,0,0,0,0,0,0,0,0,0,0,0,0,0,0,0,0,0.5780544,0.9478827,1,0.8675408,0,0,0,0,0,0,0,0,0,0,0,0,0,0,0
0,0,0,0,0,0,0,0,0,0,0,0,0,0,0,0.8526195,1,0.9565336,0.8193527,0.7124457,0,0,0,0,0,0,0,0,0,0,0,0,0,0,0,0,0,0,0,0,0,0,0,0,0,0,0,0.6501533,0.9368025,1,0.8957519,0.6946817,0,0,0,0,0,0,0,0,0,0,0,0,0,0
0,0,0,0,0,0,0,0,0,0,0,0,0,0,0,0.7857704,0.9853479,1,0.902705,0.7349464,0.7498444,0.6966581,0,0,0,0,0,0,0,0,0,0,0,0,0,0,0,0,0,0,0,0,0,0,0,0,0,0.721818,0.9356832,1,0.9176325,0.8005902,0.6956721,0,0,0,0,0,0,0,0,0,0,0,0,0
0,0,0,0,0,0,0,0,0,0,0,0,0,0,0.6970516,0.8515083,1,0.9237475,0.8765714,0.8981363,0.8570615,0.6512898,0.6962564,0.712983,0.6585477,0,0,0,0,0,0,0,0,0,0,0,0,0,0,0,0,0,0,0,0,0.6385174,0.7102318,0,0.9339233,1,0.9235433,0.7287555,0.7486665,0.6272523,0,0,0,0,0,0,0,0,0,0,0,0
0,0,0,0,0,0,0,0,0,0,0,0,0,0,0,0.8391674,1,0.988476,0.8894847,0.8615211,0.6706433,0,0.6701246,0.6586435,0.678884,0,0,0,0,0,0,0,0,0,0,0,0,0,0,0,0,0,0,0,0,0.6212,0.7233638,0.6847209,0.9386284,1,0.9026295,0.812037,0.6745455,0,0,0,0,0,0,0,0,0,0,0,0,0
0,0,0,0,0,0,0,0,0,0,0,0.6438225,0.7560897,0.764435,0.7893069,0.787197,0.97808,1,0.9042765,0.8669293,0.8247176,0.7005312,0.7042764,0.7195185,0.6788077,0,0,0,0,0,0,0,0,0,0,0,0,0,0,0,0,0,0,0,0.644039,0.6873626,0.5921392,0.710354,0.9542499,1,0.9024991,0.7369038,0.6411717,0,0,0,0,0,0,0,0,0,0,0,0,0
0,0,0,0,0,0,0,0,0,0,0.6656404,0.7167609,0.7858361,0.7434652,0.7500887,0.7550266,0.9966255,1,0.8988063,0.8285056,0,0.761062,0.8125932,0.7307923,0.6990957,0,0,0,0,0,0,0,0,0,0,0,0,0,0,0,0,0,0,0,0,0.6636894,0.6865769,0.6743358,0.9377898,1,0.8825336,0.7793989,0.7609987,0.6355764,0.6380959,0,0,0,0,0,0,0,0,0,0,0
0,0,0,0,0,0,0,0,0,0,0,0,0.7661278,0.7911158,0.7930244,0.864168,1,0.9997556,0.904743,0.8247188,0.820247,0.7894387,0.7537482,0,0,0,0,0,0,0,0,0,0,0,0,0,0,0,0,0,0,0,0,0,0,0,0.744469,0,0.9353887,1,0.9232364,0.8625419,0.7965633,0.7797799,0.7598307,0,0,0,0,0,0,0,0,0,0,0
0,0,0,0,0,0,0,0,0,0,0,0,0.7157788,0.7781861,0.7181369,0.8309816,1,0.9823874,0.8562,0.7862923,0,0,0,0,0,0,0,0,0,0,0,0,0,0,0,0,0,0,0,0,0,0,0,0,0.6928239,0.78539,0.7784637,0,0.9531898,1,0.8667557,0.8267899,0.834507,0.7437297,0,0,0,0,0,0,0,0,0,0,0,0
