GestureName: q
Duration(ms): 1410
Handedness: right

SpeakerAngles: 2
55
-55

InterpretedPoints: 30
1.6134145682232,1.12972504292725
0.806707284111599,2.82431260731812
1.6134145682232,5.64862521463624
0,6.77835025756348
0.806707284111599,6.21348773609986
2.4201218523348,3.95403765024536
4.84024370466959,0
4.84024370466959,-2.25945008585449
0,-4.51890017170899
-0.806707284111599,-5.08376269317261
-0.806707284111599,-1.69458756439087
-2.4201218523348,-3.95403765024536
-0.806707284111599,-1.69458756439087
-1.6134145682232,-1.12972504292725
-0.806707284111599,-0.564862521463624
0,0
0,0
-0.806707284111599,1.69458756439087
-0.806707284111599,2.82431260731812
-0.806707284111599,2.82431260731812
0.806707284111599,2.82431260731812
0.806707284111599,2.82431260731812
2.4201218523348,2.82431260731812
2.4201218523348,2.82431260731812
0,5.64862521463624
0,2.25945008585449
0,0
0,0
0,0
0,0

StrokePoints: 31
177.666666666667,130.277777777778
176.053252098443,129.148052734851
175.246544814332,126.323740127532
173.633130246109,120.675114912896
173.633130246109,113.896764655333
172.826422961997,107.683276919233
170.406301109662,103.729239268987
165.566057404993,103.729239268987
160.725813700323,105.988689354842
160.725813700323,110.507589526551
161.532520984435,115.591352219724
162.339228268546,117.285939784114
164.759350120881,121.23997743436
165.566057404993,122.934564998751
167.179471973216,124.064290041678
167.986179257328,124.629152563142
167.986179257328,124.629152563142
167.986179257328,124.629152563142
168.792886541439,122.934564998751
169.599593825551,120.110252391433
170.406301109662,117.285939784114
169.599593825551,114.461627176796
168.792886541439,111.637314569478
166.372764689104,108.81300196216
163.95264283677,105.988689354842
163.95264283677,100.340064140206
163.95264283677,98.0806140543512
163.95264283677,98.0806140543512
163.95264283677,98.0806140543512
163.95264283677,98.0806140543512
163.95264283677,98.0806140543512

Velocities: 30
2,0
3,2
6,4
6,6
6,5
5,2
3,-3
1,-5
-4,-4
-5,-4
-2,-1
-5,-2
-2,-1
-2,0
-1,0
0,0
0,0
1,2
2,3
2,3
3,2
3,2
4,1
4,1
5,5
2,2
0,0
0,0
0,0
0,0

InverseVelocities: 30
0,0
0,0
0,0
0,0
0,0
0,-1
0,0
-2,1
0,0
0,0
1,0
0,0
0,0
0,0
0,0
0,0
0,0
0,0
0,0
0,0
0,0
-2,-1
-2,-2
-1,-2
-1,-2
0,0
0,0
0,0
0,0
0,0

RawData: 30
0,0,0,0,0,0,0,0,0,0,0,0,0,0,0,0.8098981,1,0.988703,0.8206173,0.7702864,0.5769786,0.5549127,0,0,0,0,0,0,0,0,0,0,0,0,0,0,0,0,0,0,0,0,0,0,0,0,0,0.5912212,0.9416223,1,0.8808149,0.6759982,0.6596392,0,0,0,0,0,0,0,0,0,0,0,0,0
0,0,0,0,0,0,0,0,0,0,0,0,0,0,0,0.8247089,1,0.9847012,0.7805886,0.8478276,0.7541143,0.6624981,0.6357293,0,0,0,0,0,0,0,0,0,0,0,0,0,0,0,0,0,0,0,0,0,0,0,0,0.6676644,0.9529624,1,0.8893258,0.8439695,0.8455515,0.7857727,0.6941741,0,0,0,0,0,0,0,0,0,0,0
0,0,0,0,0,0,0,0,0,0,0,0,0,0,0,0.8141596,1,0.9833072,0.834352,0.8498393,0.8825644,0.8160316,0,0.6629482,0.6975592,0.6421398,0,0,0,0,0,0,0,0,0,0,0,0,0,0,0,0,0,0,0,0,0,0,0.9350231,1,0.8943554,0.7917297,0.8400276,0.849439,0.6623678,0.6924031,0.634764,0,0,0,0,0,0,0,0,0
0,0,0,0,0,0,0,0,0,0,0,0,0,0,0,0.8475696,1,0.9867769,0.8001491,0.7524842,0.8270277,0.8305643,0.7405217,0,0,0.6630597,0,0,0,0,0,0,0,0,0,0,0,0,0,0,0,0,0,0,0,0,0,0,0.9384834,1,0.9055888,0.8341319,0.857451,0.8179801,0.6834924,0.7366759,0.708822,0.7023435,0.6506872,0,0,0,0,0,0,0
0,0,0,0,0,0,0,0,0,0,0,0,0,0,0,0.8274883,1,0.9820204,0.7103546,0.8144334,0.8823326,0.8378016,0.7484246,0.6653642,0.6574751,0.6123797,0,0,0,0,0,0,0,0,0,0,0,0,0,0,0,0,0,0,0,0,0.6044829,0.7788156,0.9634306,1,0.8541914,0.8180642,0.8527845,0.7392859,0.6901717,0.7398763,0.6926016,0.6057038,0,0,0,0,0,0,0,0
0,0,0,0,0,0,0,0,0,0,0,0,0,0,0,0.8291869,1,0.9843732,0.9274523,0.7690856,0.8922287,0.806339,0.7136268,0.6519937,0.6357272,0,0,0,0,0,0,0,0,0,0,0,0,0,0,0,0,0,0,0,0,0.6876629,0.7537482,0.849079,0.9269449,1,0.9325261,0.8145524,0.7624764,0.7141048,0.6712323,0,0,0,0,0,0,0,0,0,0,0
0,0,0,0,0,0,0,0,0,0,0,0,0,0,0,0.8749437,1,0.9688644,0.9308612,0.9470847,0.8612846,0,0.6483758,0,0,0,0,0,0,0,0,0,0,0,0,0,0,0,0,0,0,0,0,0.7291558,0.8104021,0.8805581,0.883338,0.775777,0.9714919,1,0.8543555,0.6778212,0.7142143,0,0,0,0,0,0,0,0,0,0,0,0,0
0,0,0,0,0,0,0,0,0,0,0,0.695666,0.7536492,0.83459,0.8900652,0.9256892,1,0.9915021,0.8607181,0.7142354,0.6709503,0,0,0,0,0,0,0,0,0,0,0,0,0,0,0,0,0,0,0,0,0.6614039,0.7489898,0.8044565,0.6705742,0.7735789,0.7241501,0.7903537,0.933955,1,0.8748198,0.7180151,0.7024364,0.6181883,0,0,0,0,0,0,0,0,0,0,0,0
0,0,0,0,0,0,0,0,0,0.7589927,0.7843376,0.7490414,0,0.8904566,0.9056476,0.7985206,1,0.9990833,0.7477522,0,0,0,0,0,0,0,0,0,0,0,0,0,0,0,0,0,0,0,0,0,0,0,0.7777463,0.7881324,0.8035129,0.7823625,0.8266801,0.7906406,0.9341594,1,0.8947772,0.7195121,0,0,0,0,0,0,0,0,0,0,0,0,0,0
0,0,0,0,0,0,0,0,0.6829017,0.7249839,0.7035093,0.7008564,0.7805961,0.8585486,0.871276,0.7291306,0.9857438,1,0.8478745,0,0,0,0,0,0,0,0,0,0,0,0,0,0,0,0,0,0,0,0,0,0,0,0.708909,0.7595536,0.7585864,0.685735,0.8384843,0.8858823,0.9538051,1,0.8962701,0.7044679,0,0,0,0,0,0,0,0,0,0,0,0,0,0
0,0,0,0,0,0,0,0,0,0,0,0.7385094,0,0.879169,0.8932078,0.8799065,1,0.9840586,0.7782598,0.6739583,0.6687008,0,0,0,0,0,0,0,0,0,0,0,0,0,0,0,0,0,0,0,0,0,0,0,0,0.7733107,0.7124276,0.8818001,0.9670193,1,0.8736924,0.7611284,0,0,0,0,0,0,0,0,0,0,0,0,0,0
0,0,0,0,0,0,0,0,0.6246186,0.690031,0.7544535,0.807677,0.7966487,0.6828827,0.8764747,0.8445258,0.9973668,1,0.7912749,0.6954985,0,0,0,0,0,0,0,0,0,0,0,0,0,0,0,0,0,0,0,0,0,0,0,0,0.5967188,0.6213179,0.7697976,0.7292257,0.952329,1,0.8869135,0.7305107,0,0,0,0,0,0,0,0,0,0,0,0,0,0
0,0,0,0,0,0,0,0,0,0,0,0.6079563,0.7493274,0.6550214,0.7926191,0.8219995,1,0.9841248,0.785794,0.6757355,0,0,0,0,0,0,0,0,0,0,0,0,0,0,0,0,0,0,0,0,0,0,0,0,0,0.6688493,0.6856264,0.8278656,0.9307388,1,0.889948,0.6409628,0,0,0,0,0,0,0,0,0,0,0,0,0,0
0,0,0,0,0,0,0,0,0,0,0,0.6883004,0.8002383,0.8480394,0.8252881,0.839584,1,0.994511,0.81605,0,0,0,0,0,0,0,0,0,0,0,0,0,0,0,0,0,0,0,0,0,0,0,0,0,0,0,0.6876529,0.8681883,0.9750906,1,0.8910206,0,0,0,0,0,0,0,0,0,0,0,0,0,0,0
0,0,0,0,0,0,0,0,0,0,0,0,0.6767076,0.6756346,0.7144954,0.7870213,1,0.9776778,0.7137305,0,0,0,0,0,0,0,0,0,0,0,0,0,0,0,0,0,0,0,0,0,0,0,0,0,0,0,0.6570993,0.741596,0.9179795,1,0.8896983,0,0,0,0,0,0,0,0,0,0,0,0,0,0,0
0,0,0,0,0,0,0,0,0,0,0,0,0,0.5995958,0.7858551,0.9013339,1,0.9712741,0.7349501,0,0,0,0,0,0,0,0,0,0,0,0,0,0,0,0,0,0,0,0,0,0,0,0,0,0,0,0,0.7888044,0.9739785,1,0.8644755,0.6217064,0,0,0,0,0,0,0,0,0,0,0,0,0,0
0,0,0,0,0,0,0,0,0,0,0,0,0,0,0.7243002,0.8837116,1,0.978468,0.7627262,0.6315632,0,0,0,0,0,0,0,0,0,0,0,0,0,0,0,0,0,0,0,0,0,0,0,0,0,0,0.6884097,0.766476,0.92665,1,0.9081669,0,0,0,0,0,0,0,0,0,0,0,0,0,0,0
0,0,0,0,0,0,0,0,0,0,0,0,0,0.568548,0.6202392,0.8202499,1,0.9789532,0.7553623,0.7229446,0.5268821,0,0,0,0,0,0,0,0,0,0,0,0,0,0,0,0,0,0,0,0,0,0,0,0,0,0,0.6562588,0.9070686,1,0.8796279,0.7119921,0.7459857,0.7291642,0.6284842,0,0,0,0,0,0,0,0,0,0,0
0,0,0,0,0,0,0,0,0,0,0,0,0,0,0,0.8401702,0.9976248,1,0.8726822,0.8098598,0.7916375,0.719879,0,0,0,0,0,0,0,0,0,0,0,0,0,0,0,0,0,0,0,0,0,0,0,0,0,0.7480229,0.9574761,1,0.8762279,0.8013742,0.7462368,0.7782174,0.7361036,0.7211218,0,0,0,0,0,0,0,0,0,0
0,0,0,0,0,0,0,0,0,0,0,0,0,0,0.6935864,0.8298026,1,0.9839126,0.7557779,0.7517442,0.7694962,0.7417173,0,0,0,0,0,0,0,0,0,0,0,0,0,0,0,0,0,0,0,0,0,0,0,0,0,0,0.9384384,1,0.9013057,0.7654096,0.7943491,0.6889407,0,0.6491548,0,0,0,0,0,0,0,0,0,0
0,0,0,0,0,0,0,0,0,0,0,0,0,0,0.6482555,0.8452834,1,0.9509128,0.8585213,0.9072806,0.8778264,0.7436138,0.6706384,0,0,0,0,0,0,0,0,0,0,0,0,0,0,0,0,0,0,0,0,0,0,0,0.6366979,0.6489026,0.9400595,1,0.8885909,0.7295393,0.6817552,0.5849925,0.6014528,0,0,0,0,0,0,0,0,0,0,0
0,0,0,0,0,0,0,0,0,0,0,0.6452365,0.638914,0.6603997,0.7717467,0.8781283,1,0.9693058,0.8102604,0.8262998,0.7365204,0.6861097,0.6629209,0,0,0,0,0,0,0,0,0,0,0,0,0,0,0,0,0,0,0,0,0,0,0.6421022,0.7408247,0.739865,0.9419098,1,0.9098675,0.7746431,0.7746887,0.7160279,0.6295287,0,0,0,0,0,0,0,0,0,0,0
0,0,0,0,0,0,0,0,0,0,0,0.6558179,0.6759818,0.7112602,0.7102424,0.8824195,1,0.9900661,0.8426491,0.824273,0.8406979,0.8212078,0.7723237,0.6985607,0,0,0,0,0,0,0,0,0,0,0,0,0,0,0,0,0,0,0,0,0.6737673,0.6904544,0.7012824,0.6311762,0.9476718,1,0.9005305,0.7798587,0.8088247,0.6761879,0,0,0,0,0,0,0,0,0,0,0,0
0,0,0,0,0,0,0,0,0,0,0,0,0.687493,0.7600294,0.7910522,0.8665386,1,0.980413,0.8331934,0.8279269,0.8848765,0.8629858,0.7019825,0.6936626,0,0,0,0,0,0,0,0,0,0,0,0,0,0,0,0,0,0,0,0,0.7196828,0.780592,0.7233484,0.760491,0.9369432,1,0.9085338,0.745226,0.8210021,0.7687063,0,0,0,0,0,0,0,0,0,0,0,0
0,0,0,0,0,0,0,0,0,0,0,0,0.5593029,0.6028123,0.6501554,0.8594421,1,0.9988226,0.826307,0.7622035,0.8111032,0.5727824,0.7029108,0.6188189,0.598569,0,0,0,0,0,0,0,0,0,0,0,0,0,0,0,0,0,0,0,0.5536139,0.7414673,0.8220135,0.7817711,0.9371169,1,0.9329624,0.8473977,0.6223244,0.7175757,0.6895453,0.6893079,0.5509724,0.5555549,0,0,0,0,0,0,0,0
0,0,0,0,0,0,0,0,0,0,0,0,0,0,0.7466596,0.8306462,1,0.9863996,0.7871376,0.8103953,0.8290347,0.7923958,0,0,0,0,0,0,0,0,0,0,0,0,0,0,0,0,0,0,0,0,0,0,0,0,0.7321181,0.8335493,0.8943264,1,0.9507329,0.8574061,0.8071594,0.7833487,0.7339972,0,0,0,0,0,0,0,0,0,0,0
0,0,0,0,0,0,0,0,0,0,0,0,0,0,0,0.8178042,1,0.9856071,0.7707222,0.684103,0,0,0,0,0,0,0,0,0,0,0,0,0,0,0,0,0,0,0,0,0,0,0,0,0,0,0,0,0.9053866,1,0.9083511,0.8037455,0,0,0,0,0,0,0,0,0,0,0,0,0,0
0,0,0,0,0,0,0,0,0,0,0,0,0,0,0,0.8797068,1,0.9851972,0.8083298,0,0,0,0,0,0,0,0,0,0,0,0,0,0,0,0,0,0,0,0,0,0,0,0,0,0,0,0,0.84383,0.9893629,1,0.8435615,0,0,0,0,0,0,0,0,0,0,0,0,0,0,0
0,0,0,0,0,0,0,0,0,0,0,0,0,0,0,0.8516238,1,0.9693215,0,0,0,0,0,0,0,0,0,0,0,0,0,0,0,0,0,0,0,0,0,0,0,0,0,0,0,0,0,0,0.9497018,1,0.8940419,0.6577123,0,0,0,0,0,0,0,0,0,0,0,0,0,0
0,0,0,0,0,0,0,0,0,0,0,0,0,0,0,0.8095544,1,0.9803319,0.7406998,0,0,0,0,0,0,0,0,0,0,0,0,0,0,0,0,0,0,0,0,0,0,0,0,0,0,0,0,0.6140482,0.9329623,1,0.9030605,0,0,0,0,0,0,0,0,0,0,0,0,0,0,0
