GestureName: rectangle
Duration(ms): 1410
Handedness: right

SpeakerAngles: 2
55
-55

InterpretedPoints: 30
0.806707284111599,-2.82431260731812
1.6134145682232,-6.77835025756348
0.806707284111599,-8.47293782195435
0.806707284111599,-8.47293782195435
0,-7.90807530049073
-0.806707284111599,-2.82431260731812
0,0
0,0
0,0
-3.2268291364464,-2.25945008585449
-3.2268291364464,-3.38917512878174
-0.806707284111599,-2.82431260731812
0.806707284111599,-0.564862521463624
0,0
0,0
0,0
0,2.25945008585449
0,2.25945008585449
0,2.25945008585449
0,2.25945008585449
0.806707284111599,0.564862521463624
0,2.25945008585449
0,5.64862521463624
1.6134145682232,10.1675253863452
2.4201218523348,10.7323879078088
2.4201218523348,5.08376269317261
3.2268291364464,1.12972504292725
3.2268291364464,0
0.806707284111599,-0.564862521463624
0,0

StrokePoints: 31
177.666666666667,130.277777777778
176.859959382555,133.102090385096
175.246544814332,139.880440642659
174.43983753022,148.353378464614
173.633130246109,156.826316286568
173.633130246109,164.734391587059
174.43983753022,167.558704194377
174.43983753022,167.558704194377
174.43983753022,167.558704194377
174.43983753022,167.558704194377
177.666666666667,169.818154280231
180.893495803113,173.207329409013
181.700203087225,176.031642016331
180.893495803113,176.596504537795
180.893495803113,176.596504537795
180.893495803113,176.596504537795
180.893495803113,176.596504537795
180.893495803113,174.33705445194
180.893495803113,172.077604366086
180.893495803113,169.818154280231
180.893495803113,167.558704194377
180.086788519001,166.993841672913
180.086788519001,164.734391587059
180.086788519001,159.085766372423
178.473373950778,148.918240986077
176.053252098443,138.185853078269
173.633130246109,133.102090385096
170.406301109662,131.972365342169
167.179471973216,131.972365342169
166.372764689104,132.537227863632
166.372764689104,132.537227863632

Velocities: 30
-2,-3
-5,-7
-7,-8
-7,-8
-7,-7
-3,-2
0,0
0,0
0,0
-4,0
-5,-1
-3,-2
0,-1
0,0
0,0
0,0
2,2
2,2
2,2
2,2
1,0
2,2
5,5
10,8
11,8
6,3
3,-1
2,-2
0,-1
0,0

InverseVelocities: 30
0,0
0,0
0,0
0,0
1,0
0,0
0,0
0,0
0,0
0,0
0,0
0,0
0,0
0,0
0,0
0,0
0,0
0,0
0,0
0,0
0,0
0,0
0,0
0,-1
0,-2
0,-3
0,0
0,0
0,0
0,0

RawData: 30
0,0,0,0,0,0,0,0,0,0,0,0.6947485,0.7130318,0.7777926,0.8868754,0.8426294,1,0.9796367,0.7756115,0,0,0,0,0,0,0,0,0,0,0,0,0,0,0,0,0,0,0,0,0,0,0,0,0.6565929,0.6593373,0.6705462,0.6415792,0.7170447,0.9547446,1,0.8958476,0,0,0,0,0,0,0,0,0,0,0,0,0,0,0
0,0,0,0,0,0,0,0,0.644462,0.6449109,0.7355328,0.7614048,0.726689,0.6501893,0.7638029,0.8297085,1,0.9694862,0.6238398,0.6109655,0,0,0,0,0,0,0,0,0,0,0,0,0,0,0,0,0,0,0,0.5371381,0.6475255,0.7033236,0.6908918,0.5969112,0.6801887,0.628659,0.6030369,0.670983,0.9455014,1,0.8800191,0.5827346,0,0,0,0,0,0,0,0,0,0,0,0,0,0
0,0,0,0,0,0,0.6991699,0.7967095,0.7895299,0.7557101,0.6806521,0.7200713,0.6770009,0.7403684,0.7576667,0.8327969,1,0.9911506,0.8319392,0.6963698,0,0,0,0,0,0,0,0,0,0,0,0,0,0,0,0,0,0,0.7129515,0.7699388,0.7032272,0,0.7106683,0.6678414,0.6701012,0.6695064,0.6816912,0.7411041,0.951759,1,0.8925847,0.6853144,0,0,0,0,0,0,0,0,0,0,0,0,0,0
0,0,0,0,0,0,0.7300385,0.8116733,0.7831552,0.7686938,0.8158643,0.7325053,0.7633167,0.7827162,0,0.8732077,1,0.9775437,0.7696894,0,0,0,0,0,0,0,0,0,0,0,0,0,0,0,0,0,0,0,0.750931,0.7645719,0,0.7149777,0.7619177,0.7938178,0.7264405,0.6991249,0.7656767,0.6977654,0.9430931,1,0.9235764,0,0,0,0,0,0,0,0,0,0,0,0,0,0,0
0,0,0,0,0,0,0.5885072,0.7103155,0.7588232,0.7605364,0,0.7198684,0.7784892,0.6621161,0.7238242,0.8589308,1,0.9743885,0.7086434,0.6471934,0.6522079,0,0,0,0,0,0,0,0,0,0,0,0,0,0,0,0,0,0,0.6187672,0.6698383,0.6725386,0.6625225,0.6673726,0.6979039,0.6692941,0.7516021,0.6745586,0.9380582,1,0.8824927,0.6621856,0,0,0,0,0,0,0,0,0,0,0,0,0,0
0,0,0,0,0,0,0,0,0,0,0.6800622,0.6983473,0.8126359,0.8802148,0.8978364,0.7821609,1,0.9810666,0.7587467,0,0,0,0,0,0,0,0,0,0,0,0,0,0,0,0,0,0,0,0,0,0,0,0,0,0.6502639,0.7543186,0.76942,0.7752005,0.9465078,1,0.899902,0,0,0,0,0,0,0,0,0,0,0,0,0,0,0
0,0,0,0,0,0,0,0,0,0,0,0,0,0.6358789,0.8326609,0.9168506,1,0.9562426,0.7161926,0,0,0,0,0,0,0,0,0,0,0,0,0,0,0,0,0,0,0,0,0,0,0,0,0,0,0,0.584731,0.7379452,0.9270251,1,0.8902001,0.5806989,0,0,0,0,0,0,0,0,0,0,0,0,0,0
0,0,0,0,0,0,0,0,0,0,0,0,0,0,0.8197065,0.9094971,0.990971,1,0.7869731,0,0,0,0,0,0,0,0,0,0,0,0,0,0,0,0,0,0,0,0,0,0,0,0,0,0,0,0,0,0.9498881,1,0.9013671,0.6160219,0,0,0,0,0,0,0,0,0,0,0,0,0,0
0,0,0,0,0,0,0,0,0,0,0,0,0,0,0.7661589,0.869339,0.9515979,1,0.8192533,0,0,0,0,0,0,0,0,0,0,0,0,0,0,0,0,0,0,0,0,0,0,0,0,0,0,0,0.5584176,0.7584885,0.9636001,1,0.8621395,0.6582453,0,0,0,0,0,0,0,0,0,0,0,0,0,0
0,0,0,0,0,0,0,0,0,0.6573905,0.6617813,0.743044,0.7845066,0.7566818,0.6586369,0.812813,1,0.9849051,0.8112812,0,0,0,0,0,0,0,0,0,0,0,0,0,0,0,0,0,0,0,0,0,0,0,0,0,0,0,0.6875358,0.6569085,0.9281812,1,0.914151,0,0,0,0,0,0,0,0,0,0,0,0,0,0,0
0,0,0,0,0,0,0,0,0.7213509,0.790456,0.7799886,0,0,0.7731712,0.7754533,0.8289176,1,0.9585994,0.7723209,0,0,0,0,0,0,0,0,0,0,0,0,0,0,0,0,0,0,0,0,0,0,0,0,0,0,0.6973304,0.7199798,0.7167802,0.9375798,1,0.8997535,0.6468602,0,0,0,0,0,0,0,0,0,0,0,0,0,0
0,0,0,0,0,0,0,0,0,0,0.63045,0.7230603,0.7035734,0.6820614,0,0.8320861,1,0.9676014,0.6624755,0,0,0,0,0,0,0,0,0,0,0,0,0,0,0,0,0,0,0,0,0,0,0,0,0,0.6061785,0.650482,0.568025,0.5806296,0.9417722,1,0.8870263,0.5408719,0,0,0,0,0,0,0,0,0,0,0,0,0,0
0,0,0,0,0,0,0,0,0,0,0,0,0,0,0.6907027,0.7413644,0.9914536,1,0.7545217,0,0,0,0,0,0,0,0,0,0,0,0,0,0,0,0,0,0,0,0,0,0,0,0,0,0,0.6305959,0.7223017,0.7532557,0.9298454,1,0.8891014,0,0,0,0,0,0,0,0,0,0,0,0,0,0,0
0,0,0,0,0,0,0,0,0,0,0,0,0,0,0,0.8317383,0.9938206,1,0.8194866,0,0,0,0,0,0,0,0,0,0,0,0,0,0,0,0,0,0,0,0,0,0,0,0,0,0,0,0,0,0.9412602,1,0.8969721,0,0,0,0,0,0,0,0,0,0,0,0,0,0,0
0,0,0,0,0,0,0,0,0,0,0,0,0,0,0,0,0.9572304,1,0.8391844,0,0,0,0,0,0,0,0,0,0,0,0,0,0,0,0,0,0,0,0,0,0,0,0,0,0,0,0,0.6232823,0.9443486,1,0.8618137,0.6326667,0,0,0,0,0,0,0,0,0,0,0,0,0,0
0,0,0,0,0,0,0,0,0,0,0,0,0,0,0,0.8149998,1,0.9801213,0.8289139,0.8092881,0,0,0,0,0,0,0,0,0,0,0,0,0,0,0,0,0,0,0,0,0,0,0,0,0,0,0,0,0.9463183,1,0.8769482,0.7511837,0,0,0,0,0,0,0,0,0,0,0,0,0,0
0,0,0,0,0,0,0,0,0,0,0,0,0,0,0,0.7911152,1,0.9499641,0.844763,0.7812567,0.7151107,0.6744184,0,0,0,0,0,0,0,0,0,0,0,0,0,0,0,0,0,0,0,0,0,0,0,0,0,0.5391026,0.936686,1,0.8755963,0.7200118,0.6899015,0.6809325,0.5989986,0,0,0,0,0,0,0,0,0,0,0
0,0,0,0,0,0,0,0,0,0,0,0,0,0,0,0.8075087,1,0.982169,0.7974522,0.7725096,0.8385022,0.8047779,0,0,0,0,0,0,0,0,0,0,0,0,0,0,0,0,0,0,0,0,0,0,0,0,0,0.6858149,0.941733,1,0.8756744,0,0,0.7331296,0.7183922,0,0,0,0,0,0,0,0,0,0,0
0,0,0,0,0,0,0,0,0,0,0,0,0,0,0,0.8416091,1,0.9767439,0.8354437,0.8107058,0.8458546,0.717252,0,0,0,0,0,0,0,0,0,0,0,0,0,0,0,0,0,0,0,0,0,0,0,0,0,0,0.9481086,1,0.8770101,0.7318181,0,0,0.7103974,0,0,0,0,0,0,0,0,0,0,0
0,0,0,0,0,0,0,0,0,0,0,0,0,0,0,0.8792039,1,0.9518709,0.7019273,0.7766984,0.8552121,0.8206555,0,0,0,0,0,0,0,0,0,0,0,0,0,0,0,0,0,0,0,0,0,0,0,0,0,0,0.9407254,1,0.9015846,0,0,0.6954545,0.6437038,0,0,0,0,0,0,0,0,0,0,0
0,0,0,0,0,0,0,0,0,0,0,0,0,0,0,0,1,0.9873698,0.8437394,0.8285868,0.8580357,0,0,0,0,0,0,0,0,0,0,0,0,0,0,0,0,0,0,0,0,0,0,0,0,0,0,0.731052,0.9590971,1,0.8741912,0.7838497,0.7142617,0,0,0,0,0,0,0,0,0,0,0,0,0
0,0,0,0,0,0,0,0,0,0,0,0,0,0,0,0.8316575,0.9996652,1,0.9008381,0.8218716,0.7174376,0.6748337,0,0,0,0,0,0,0,0,0,0,0,0,0,0,0,0,0,0,0,0,0,0,0,0,0,0,0.9425251,1,0.8733659,0.712074,0.6841282,0.7210507,0.6749183,0,0,0,0,0,0,0,0,0,0,0
0,0,0,0,0,0,0,0,0,0,0,0,0,0,0,0.8397427,1,0.9922494,0.8365138,0.8095573,0.7729966,0,0,0.6796584,0.7027498,0,0,0,0,0,0,0,0,0,0,0,0,0,0,0,0,0,0,0,0,0,0,0.6598187,0.9455473,1,0.9095863,0,0.7382271,0.6717191,0.7310591,0.6734707,0.6769252,0.6447761,0,0,0,0,0,0,0,0
0,0,0,0,0,0,0,0,0,0,0,0,0,0,0,0.7953527,1,0.9912943,0.8538157,0.7621279,0.693184,0.6444396,0.7321083,0.7406611,0.7034044,0.6744542,0.7554151,0.7595949,0.7016847,0.5545519,0,0,0,0,0,0,0,0,0,0,0,0,0,0,0,0.5109181,0.5187956,0.5072494,0.9342568,1,0.8846824,0.6309065,0.694126,0.7508283,0.6902397,0.6312685,0.6229897,0.548589,0.6393344,0.5678097,0.5334404,0,0,0,0,0
0,0,0,0,0,0,0,0,0,0,0,0,0,0,0,0.8029162,1,0.9771364,0.7893448,0.7653231,0.6363903,0.6667491,0.6305405,0,0.6593603,0.7020947,0.7369328,0.7427444,0.7449971,0.7035493,0.6195489,0,0,0,0,0,0,0,0,0,0,0,0,0,0.5696763,0.5704739,0,0.6973455,0.9463482,1,0.884725,0.7023767,0.7002,0.6575788,0.7340913,0.7296618,0.61594,0.627866,0.6166586,0.566992,0.5408645,0,0,0,0,0
0,0,0,0,0,0,0,0,0,0,0,0,0,0,0,0.8164861,1,0.9848619,0.7900792,0.7498596,0.6802515,0.7938634,0.7976822,0.7509922,0.6677554,0.6273513,0,0,0,0,0,0,0,0,0,0,0,0,0,0,0,0,0,0.5798118,0.6333175,0.6429047,0.6645986,0.7537177,0.9357145,1,0.8878108,0.7449928,0.6870317,0.6606199,0.7100819,0.6382006,0,0,0,0,0,0,0,0,0,0
0,0,0,0,0,0,0,0,0,0,0,0,0,0,0.6664991,0.8428871,1,0.996585,0.8548622,0.7146112,0.7737428,0.7929369,0.7318938,0,0,0,0,0,0,0,0,0,0,0,0,0,0,0,0,0,0,0,0,0,0,0.6882336,0.7580153,0.7503691,0.9484038,1,0.897913,0.6823263,0,0,0,0,0,0,0,0,0,0,0,0,0,0
0,0,0,0,0,0,0,0,0,0,0,0,0,0,0.7044111,0.8141969,0.9991456,1,0.8598035,0.8974664,0.8126137,0.699935,0,0,0,0,0,0,0,0,0,0,0,0,0,0,0,0,0,0,0,0,0,0,0.5520853,0.613019,0.6406665,0.6133366,0.9428537,1,0.8918989,0.5725432,0,0,0,0,0,0,0,0,0,0,0,0,0,0
0,0,0,0,0,0,0,0,0,0,0,0,0,0,0,0.8670648,1,0.9641231,0.8199477,0.6649213,0,0,0,0,0,0,0,0,0,0,0,0,0,0,0,0,0,0,0,0,0,0,0,0,0,0.5607244,0.593368,0.6743676,0.92915,1,0.8776199,0.5591162,0,0,0,0,0,0,0,0,0,0,0,0,0,0
0,0,0,0,0,0,0,0,0,0,0,0,0,0,0,0.8428465,1,0.9834554,0.8225074,0,0,0,0,0,0,0,0,0,0,0,0,0,0,0,0,0,0,0,0,0,0,0,0,0,0,0,0,0.734015,0.9613644,1,0.8816588,0,0,0,0,0,0,0,0,0,0,0,0,0,0,0
