GestureName: triangle
Duration(ms): 1410
Handedness: right

SpeakerAngles: 2
55
-55

InterpretedPoints: 30
0,0
0,0
3.2268291364464,-1.12972504292725
4.84024370466959,-3.38917512878174
2.4201218523348,-8.47293782195435
2.4201218523348,-9.6026628648816
1.6134145682232,-10.1675253863452
3.2268291364464,-7.90807530049073
1.6134145682232,-4.51890017170899
0,0
0.806707284111599,0.564862521463624
0,1.12972504292725
-1.6134145682232,4.51890017170899
-1.6134145682232,2.25945008585449
-2.4201218523348,3.95403765024536
-4.03353642055799,0.564862521463623
-0.806707284111599,-0.564862521463624
0,0
0,0
0,0
0,0
0,0
0,0
0,1.12972504292725
0.806707284111599,3.95403765024536
0.806707284111599,5.08376269317261
0,4.51890017170899
2.4201218523348,5.08376269317261
2.4201218523348,3.95403765024536
1.6134145682232,2.25945008585449

StrokePoints: 31
177.666666666667,130.277777777778
177.666666666667,130.277777777778
177.666666666667,130.277777777778
174.43983753022,131.407502820705
169.599593825551,134.796677949487
167.179471973216,143.269615771441
164.759350120881,152.872278636323
163.145935552658,163.039804022668
159.919106416212,170.947879323159
158.305691847988,175.466779494868
158.305691847988,175.466779494868
157.498984563877,174.901916973404
157.498984563877,173.772191930477
159.1123991321,169.253291758768
160.725813700323,166.993841672913
163.145935552658,163.039804022668
167.179471973216,162.474941501204
167.986179257328,163.039804022668
167.986179257328,163.039804022668
167.986179257328,163.039804022668
167.986179257328,163.039804022668
167.986179257328,163.039804022668
167.986179257328,163.039804022668
167.986179257328,163.039804022668
167.986179257328,161.910078979741
167.179471973216,157.956041329495
166.372764689104,152.872278636323
166.372764689104,148.353378464614
163.952642836769,143.269615771441
161.532520984435,139.315578121196
159.919106416211,137.056128035341

Velocities: 30
0,0
0,0
1,-3
0,-6
-6,-9
-7,-10
-8,-10
-5,-9
-3,-5
0,0
1,0
1,1
3,5
1,3
2,5
-2,3
-1,0
0,0
0,0
0,0
0,0
0,0
0,0
1,1
4,3
5,4
4,4
6,3
5,2
3,1

InverseVelocities: 30
0,0
0,0
0,0
0,0
1,2
0,0
1,0
0,0
0,0
0,0
0,0
0,0
-1,-1
-1,-1
-2,-2
0,-2
0,0
0,0
0,0
0,0
0,0
0,0
0,0
0,0
0,0
0,0
0,0
0,0
0,-1
0,0

RawData: 30
0,0,0,0,0,0,0,0,0,0,0,0,0,0,0,0.8248718,1,0.9599205,0.5875608,0.6708918,0,0,0,0,0,0,0,0,0,0,0,0,0,0,0,0,0,0,0,0,0,0,0,0,0,0,0,0.6067383,0.9459116,1,0.8467883,0.7401925,0.6019669,0,0,0,0,0,0,0,0,0,0,0,0,0
0,0,0,0,0,0,0,0,0,0,0,0,0,0,0,0.8571228,1,0.9682655,0.8116077,0.7828642,0,0,0,0,0,0,0,0,0,0,0,0,0,0,0,0,0,0,0,0,0,0,0,0,0,0,0,0,0.9450976,1,0.9071066,0.6657675,0,0,0,0,0,0,0,0,0,0,0,0,0,0
0,0,0,0,0,0,0,0,0,0,0,0,0,0.627999,0.6808115,0.712097,0.9834836,1,0.8765669,0.7661711,0.5984904,0,0,0,0,0,0,0,0,0,0,0,0,0,0,0,0,0,0,0,0,0,0,0.5978365,0.6788975,0.7220234,0.7146987,0.6867015,0.9303097,1,0.8883092,0,0,0,0,0,0,0,0,0,0,0,0,0,0,0
0,0,0,0,0,0,0,0,0,0,0,0,0,0,0.7630636,0.8707636,1,0.9672307,0.7416685,0.7389956,0,0,0,0,0,0,0,0,0,0,0,0,0,0,0,0,0,0,0,0,0.6414556,0.6581169,0,0.6784241,0.6612419,0.6812384,0.6358131,0.6572661,0.9372304,1,0.9024072,0.626175,0.6247529,0,0,0,0,0,0,0,0,0,0,0,0,0
0,0,0,0,0,0,0,0.7152415,0.8165129,0.8480451,0.8462281,0.8525085,0.8672022,0.7926282,0.652142,0.6941345,0.995443,1,0.7958137,0.7994054,0.6649459,0,0,0,0,0,0,0,0,0,0,0,0,0,0,0,0,0.6269738,0.6616311,0.6907845,0.6772571,0.7164751,0.7005921,0.6697894,0.5940223,0.6845965,0.5821322,0.7467441,0.9385487,1,0.8840709,0.6755433,0.6688486,0.6116602,0.5987332,0,0,0,0,0,0,0,0,0,0,0
0,0,0,0,0,0,0.7190194,0.819684,0.8448684,0.7424824,0.7223255,0.84438,0.8616379,0.7382228,0.7256859,0.8193063,0.9943618,1,0.8496473,0.801451,0,0,0,0,0,0,0,0,0,0,0,0,0,0,0,0,0.6395799,0.6668074,0.6758321,0.6776575,0.6864579,0.742208,0.7250126,0.6752462,0.6948699,0.804155,0.819674,0.7662721,0.9353141,1,0.8986655,0.6504362,0,0,0,0,0,0,0,0,0,0,0,0,0,0
0,0,0,0,0,0.6460862,0.6502855,0.6747066,0.7444342,0.7609094,0.7043651,0.6585919,0.6752033,0.7196984,0.7463274,0.8796198,1,0.9741777,0.7799324,0.7785228,0.6337628,0,0,0,0,0,0,0,0,0,0,0,0,0,0,0,0.5581499,0.6155032,0.6699538,0.5554833,0.6406827,0.6366057,0.6478551,0.7198958,0.7260765,0.6624144,0.7234054,0.6956879,0.9423137,1,0.8903263,0.5438511,0,0,0,0,0,0,0,0,0,0,0,0,0,0
0,0,0,0,0,0,0,0,0.7289883,0.7741606,0.7141463,0.634155,0.7214631,0.7762169,0.7729682,0.8733675,1,0.9708005,0.7285445,0.6122878,0,0,0,0,0,0,0,0,0,0,0,0,0,0,0,0,0,0.5321091,0.5415506,0.6059239,0.6135811,0.701826,0.7292404,0.7322529,0.7506186,0.8047893,0.8003177,0.7496549,0.9448156,1,0.8743042,0.5175877,0,0,0,0,0,0,0,0,0,0,0,0,0,0
0,0,0,0,0,0,0,0,0,0,0.6335618,0.7008462,0.7749995,0.8135771,0.7847368,0.8527626,1,0.9702774,0.7089857,0.6004477,0,0,0,0,0,0,0,0,0,0,0,0,0,0,0,0,0,0,0,0,0,0.588803,0.6140644,0.6208479,0.6658665,0.7263727,0.7804743,0.8080406,0.9276237,1,0.8882828,0.5861486,0,0,0,0,0,0,0,0,0,0,0,0,0,0
0,0,0,0,0,0,0,0,0,0,0,0,0,0,0.6863687,0.7001731,0.9901924,1,0.8005022,0,0,0,0,0,0,0,0,0,0,0,0,0,0,0,0,0,0,0,0,0,0,0,0,0,0,0,0.6131196,0.734963,0.9601797,1,0.8840173,0.5826802,0.5589901,0,0,0,0,0,0,0,0,0,0,0,0,0
0,0,0,0,0,0,0,0,0,0,0,0,0,0,0,0.8251129,0.9857128,1,0.89067,0.8170212,0.732946,0,0,0,0,0,0,0,0,0,0,0,0,0,0,0,0,0,0,0,0,0,0,0,0,0,0.6259209,0.7064841,0.9408949,1,0.9099838,0.7306488,0.6093205,0,0,0,0,0,0,0,0,0,0,0,0,0
0,0,0,0,0,0,0,0,0,0,0,0,0,0,0.8347786,0.8908755,1,0.9820283,0.8484346,0.7830551,0.7451091,0,0,0,0,0,0,0,0,0,0,0,0,0,0,0,0,0,0,0,0,0,0,0,0,0,0.7417538,0.7224414,0.9461882,1,0.9069649,0.7115083,0.6954477,0.7114421,0,0,0,0,0,0,0,0,0,0,0,0
0,0,0,0,0,0,0,0,0,0,0,0,0.6671432,0.8080189,0.8036072,0.7633648,0.9895999,1,0.7821494,0.7348904,0.6689593,0.6202158,0.5932227,0,0,0,0,0,0,0,0,0,0,0,0,0,0,0,0,0,0,0,0,0,0,0.5878557,0.6995416,0.644438,0.9431892,1,0.8771626,0.5683129,0.6774361,0.6743718,0.6080529,0.6242661,0.6003945,0.5731129,0,0,0,0,0,0,0,0
0,0,0,0,0,0,0,0,0,0,0,0,0.6815394,0.8285834,0.8604228,0.7842604,1,0.9933522,0.7489326,0.6480289,0.6247595,0,0,0,0,0,0,0,0,0,0,0,0,0,0,0,0,0,0,0,0,0,0,0,0,0.6681479,0.6573741,0.6229078,0.9449191,1,0.8900477,0.6167883,0.6712942,0.7216965,0.7094004,0.5961018,0,0,0,0,0,0,0,0,0,0
0,0,0,0,0,0,0,0,0,0,0,0.6646866,0.70446,0.7659918,0,0.7533303,1,0.9708669,0,0,0.6891876,0.6603082,0,0,0,0,0,0,0,0,0,0,0,0,0,0,0,0,0,0,0,0,0,0,0.6133075,0.7244123,0.7532308,0.7244899,0.9476143,1,0.9034435,0.7348661,0.6811312,0.6059893,0.6778042,0.6443569,0.6166021,0.6105189,0,0,0,0,0,0,0,0
0,0,0,0,0,0,0,0,0,0,0,0.6062023,0.6249906,0.7662686,0.702903,0.8370038,1,0.9652924,0.7017837,0,0,0,0,0,0,0,0,0,0,0,0,0,0,0,0,0,0,0,0,0,0,0,0,0,0.5639619,0.5711446,0.6728097,0.7067809,0.9310688,1,0.8560166,0.6797124,0.6064103,0.5895543,0,0.6111378,0,0,0,0,0,0,0,0,0,0
0,0,0,0,0,0,0,0,0,0,0,0,0.7307833,0.7964163,0.839663,0,1,0.9864967,0.7559531,0,0,0,0,0,0,0,0,0,0,0,0,0,0,0,0,0,0,0,0,0,0,0,0,0,0,0,0.6734473,0.6750798,0.9467472,1,0.9167118,0.6371792,0.6316394,0,0,0,0,0,0,0,0,0,0,0,0,0
0,0,0,0,0,0,0,0,0,0,0,0,0,0.6685625,0.71697,0.8309885,1,0.9876974,0.7781783,0,0,0,0,0,0,0,0,0,0,0,0,0,0,0,0,0,0,0,0,0,0,0,0,0,0,0,0,0.6666065,0.9279593,1,0.8900686,0.5724364,0,0,0,0,0,0,0,0,0,0,0,0,0,0
0,0,0,0,0,0,0,0,0,0,0,0,0,0,0.6274243,0.8562786,1,0.9722496,0.6958597,0,0,0,0,0,0,0,0,0,0,0,0,0,0,0,0,0,0,0,0,0,0,0,0,0,0,0,0,0.6147276,0.9436563,1,0.8894981,0.5821571,0,0,0,0,0,0,0,0,0,0,0,0,0,0
0,0,0,0,0,0,0,0,0,0,0,0,0,0,0,0.792106,1,0.9746663,0.6582375,0,0,0,0,0,0,0,0,0,0,0,0,0,0,0,0,0,0,0,0,0,0,0,0,0,0,0,0,0.6075678,0.9411813,1,0.8862713,0.5215631,0,0,0,0,0,0,0,0,0,0,0,0,0,0
0,0,0,0,0,0,0,0,0,0,0,0,0,0,0,0.834444,1,0.9840755,0.7824323,0,0,0,0,0,0,0,0,0,0,0,0,0,0,0,0,0,0,0,0,0,0,0,0,0,0,0,0,0.5933237,0.9408505,1,0.8940381,0,0,0,0,0,0,0,0,0,0,0,0,0,0,0
0,0,0,0,0,0,0,0,0,0,0,0,0,0,0,0.8516909,1,0.9599243,0,0,0,0,0,0,0,0,0,0,0,0,0,0,0,0,0,0,0,0,0,0,0,0,0,0,0,0,0,0.6359974,0.9513204,1,0.8863052,0.6348042,0,0,0,0,0,0,0,0,0,0,0,0,0,0
0,0,0,0,0,0,0,0,0,0,0,0,0,0,0,0.8449317,1,0.9778445,0.7609596,0.6346028,0,0,0,0,0,0,0,0,0,0,0,0,0,0,0,0,0,0,0,0,0,0,0,0,0,0,0,0.6170051,0.9461553,1,0.9085279,0.771051,0.6845545,0,0,0,0,0,0,0,0,0,0,0,0,0
0,0,0,0,0,0,0,0,0,0,0,0,0,0,0,0.8333151,1,0.9872284,0.844128,0.6482882,0.6482883,0,0,0,0,0,0,0,0,0,0,0,0,0,0,0,0,0,0,0,0,0,0,0,0,0,0,0.6159351,0.9448984,1,0.9020689,0.826623,0.8034764,0.6745247,0,0,0,0,0,0,0,0,0,0,0,0
0,0,0,0,0,0,0,0,0,0,0,0,0,0,0,0.8216763,1,0.9811967,0.8261896,0.8212997,0.7453451,0.6668339,0.6383687,0.6027969,0,0,0,0,0,0,0,0,0,0,0,0,0,0,0,0,0,0,0,0,0,0,0,0.5969321,0.9446838,1,0.8906209,0.7758349,0.7748839,0.6395051,0.633376,0.5424086,0,0,0,0,0,0,0,0,0,0
0,0,0,0,0,0,0,0,0,0,0,0,0,0,0,0.7983665,1,0.9838359,0.7719651,0.7967885,0.7644715,0.7106814,0.7695485,0.7556633,0.6165956,0,0,0,0,0,0,0,0,0,0,0,0,0,0,0,0,0,0,0,0,0,0,0.5706273,0.9460427,1,0.8720013,0.6780552,0.6929246,0.7383768,0.7234221,0.638256,0.5503992,0,0,0,0,0,0,0,0,0
0,0,0,0,0,0,0,0,0,0,0,0,0,0,0,0.7178252,0.9796067,1,0.8499005,0.7172636,0,0.7792439,0.8432514,0.7169231,0,0,0,0,0,0,0,0,0,0,0,0,0,0,0,0,0,0,0,0,0,0,0.6308733,0.6943741,0.9438676,1,0.8881159,0.6911985,0.7217177,0.7462343,0.7533171,0.7178143,0.6567788,0,0,0,0,0,0,0,0,0
0,0,0,0,0,0,0,0,0,0,0,0,0,0,0,0.7330331,0.9825474,1,0.8470311,0,0.7647454,0.8223581,0.8640125,0,0.7934445,0.7239141,0,0,0,0,0,0,0,0,0,0,0,0,0,0,0,0,0,0,0,0,0,0.7132106,0.9423282,1,0.8918069,0.7301952,0.6897827,0,0.6855403,0.6717616,0,0,0,0,0,0,0,0,0,0
0,0,0,0,0,0,0,0,0,0,0,0,0,0,0.6496699,0.8155463,1,0.9883844,0.8370917,0.8409212,0.7534946,0.7480596,0.8468793,0.8543253,0.7319996,0,0,0,0,0,0,0,0,0,0,0,0,0,0,0,0,0,0,0,0,0.6223078,0.6477882,0.6078773,0.9270592,1,0.9060727,0.7316228,0.7073788,0.7084306,0.6594433,0,0,0,0,0,0,0,0,0,0,0
0,0,0,0,0,0,0,0,0,0,0,0,0,0,0,0.8546324,1,0.9654265,0.7923669,0.7701559,0.618477,0.6844229,0.7130036,0,0,0,0,0,0,0,0,0,0,0,0,0,0,0,0,0,0,0,0,0,0,0,0.576451,0.6817755,0.9576703,1,0.8263632,0.7241967,0.6118158,0.6123942,0,0,0,0,0,0,0,0,0,0,0,0
