GestureName: w
Duration(ms): 1410
Handedness: right

SpeakerAngles: 2
55
-55

InterpretedPoints: 30
0,0
0,0
0,0
0,0
0,0
0,1.12972504292725
2.4201218523348,2.82431260731812
0.806707284111599,3.95403765024536
-0.806707284111599,6.21348773609986
2.4201218523348,7.34321277902711
1.6134145682232,7.90807530049073
0.806707284111599,6.21348773609986
-1.6134145682232,-5.64862521463624
-1.6134145682232,-7.90807530049073
0,-4.51890017170899
0,0
0.806707284111599,0.564862521463624
0.806707284111599,2.82431260731812
0.806707284111599,1.69458756439087
-1.6134145682232,2.25945008585449
1.6134145682232,4.51890017170899
-1.6134145682232,5.64862521463624
1.6134145682232,0
0,-10.1675253863452
0.806707284111599,-10.7323879078088
0.806707284111599,-9.6026628648816
2.4201218523348,-6.21348773609986
1.6134145682232,0
0,0
0,0

StrokePoints: 31
177.666666666667,130.277777777778
177.666666666667,130.277777777778
177.666666666667,130.277777777778
177.666666666667,130.277777777778
177.666666666667,130.277777777778
177.666666666667,130.277777777778
177.666666666667,129.148052734851
175.246544814332,126.323740127532
174.43983753022,122.369702477287
175.246544814332,116.156214741187
172.826422961997,108.81300196216
171.213008393774,100.904926661669
170.406301109662,94.6914389255695
172.019715677885,100.340064140206
173.633130246109,108.248139440696
173.633130246109,112.767039612405
173.633130246109,112.767039612405
172.826422961997,112.202177090942
172.019715677885,109.377864483624
171.213008393774,107.683276919233
172.826422961997,105.423826833378
171.213008393774,100.904926661669
172.826422961997,95.2563014470331
171.213008393774,95.2563014470331
171.213008393774,105.423826833378
170.406301109662,116.156214741187
169.599593825551,125.758877606069
167.179471973216,131.972365342169
165.566057404993,131.972365342169
165.566057404993,131.972365342169
165.566057404993,131.972365342169

Velocities: 30
0,0
0,0
0,0
0,0
0,0
1,1
4,1
4,3
5,6
8,5
8,6
6,5
-6,-4
-8,-6
-4,-4
0,0
1,0
3,2
2,1
1,3
5,3
4,6
1,-1
-9,-9
-9,-10
-8,-9
-4,-7
1,-1
0,0
0,0

InverseVelocities: 30
0,0
0,0
0,0
0,0
0,0
0,0
0,0
0,0
0,-1
0,0
0,0
-1,0
0,0
0,0
0,0
0,0
0,0
0,0
0,0
-1,-1
0,-1
-1,-2
-2,0
0,0
0,1
2,2
2,2
0,0
0,0
0,0

RawData: 30
0,0,0,0,0,0,0,0,0,0,0,0,0,0,0,0.8199941,1,0.998533,0.8411707,0,0,0,0,0,0,0,0,0,0,0,0,0,0,0,0,0,0,0,0,0,0,0,0,0,0,0,0,0.6570882,0.9288825,1,0.9156862,0.6545306,0,0,0,0,0,0,0,0,0,0,0,0,0,0
0,0,0,0,0,0,0,0,0,0,0,0,0,0,0,0.8768231,1,0.9815412,0.8092682,0,0,0,0,0,0,0,0,0,0,0,0,0,0,0,0,0,0,0,0,0,0,0,0,0,0,0,0,0,0.9206504,1,0.8886845,0.6310306,0,0,0,0,0,0,0,0,0,0,0,0,0,0
0,0,0,0,0,0,0,0,0,0,0,0,0,0,0.7423601,0.6938093,1,0.8459048,0.8685971,0,0,0,0,0,0,0,0,0,0,0,0,0,0,0,0,0,0,0,0,0,0,0,0,0,0,0,0,0.7127993,0.9513071,1,0.8717624,0,0,0,0,0,0,0,0,0,0,0,0,0,0,0
0,0,0,0,0,0,0,0,0,0,0,0,0,0,0,0.8215042,0.9901675,1,0.8912529,0.7137079,0,0,0,0,0,0,0,0,0,0,0,0,0,0,0,0,0,0,0,0,0,0,0,0,0,0,0,0.6481835,0.9441535,1,0.8767977,0,0,0,0,0,0,0,0,0,0,0,0,0,0,0
0,0,0,0,0,0,0,0,0,0,0,0,0,0,0,0.7443691,0.994606,1,0.7507248,0,0,0,0,0,0,0,0,0,0,0,0,0,0,0,0,0,0,0,0,0,0,0,0,0,0,0,0.6128878,0.6405603,0.9427671,1,0.8808587,0.6142301,0.6278166,0,0,0,0,0,0,0,0,0,0,0,0,0
0,0,0,0,0,0,0,0,0,0,0,0,0,0,0,0.8413064,0.9902522,1,0.9023266,0.8101851,0.7374735,0,0,0,0,0,0,0,0,0,0,0,0,0,0,0,0,0,0,0,0,0,0,0,0,0,0.7106912,0.7645847,0.9359586,1,0.9093438,0.7019236,0.7472436,0.6870203,0,0,0,0,0,0,0,0,0,0,0,0
0,0,0,0,0,0,0,0,0,0,0,0,0,0,0.8206539,0.8992831,1,0.961136,0.774826,0,0.7560938,0.7507259,0.7364995,0.7284807,0,0,0,0,0,0,0,0,0,0,0,0,0,0,0,0,0,0,0,0,0,0,0,0.7121652,0.9546437,1,0.8724091,0.7453725,0.702059,0.7263016,0,0,0,0,0,0,0,0,0,0,0,0
0,0,0,0,0,0,0,0,0,0,0,0,0,0.7045358,0.8128632,0.743139,1,0.9769504,0.7284862,0.8201749,0.8450487,0.7928697,0.6902075,0.6674736,0,0,0,0,0,0,0,0,0,0,0,0,0,0,0,0,0,0,0,0,0,0,0.6632957,0.775251,0.9356514,1,0.886672,0,0.570869,0.71036,0.669705,0.5754111,0,0,0,0,0,0,0,0,0,0
0,0,0,0,0,0,0,0,0,0,0,0,0,0.5899948,0.671928,0.774379,0.9962369,1,0.7600408,0.8933757,0.8900083,0.7387282,0.8008084,0.7423012,0.6065322,0,0,0,0,0,0,0,0,0,0,0,0,0,0,0,0,0,0,0,0,0.6147522,0.6214974,0.6864988,0.9389845,1,0.8742262,0.7078562,0.6749428,0.7033815,0.6329886,0.6773928,0.6342567,0.6014782,0.5820594,0,0,0,0,0,0,0
0,0,0,0,0,0,0,0,0,0,0,0,0,0,0.738167,0.8575796,1,0.9785116,0.9734144,0.9971753,0.9404835,0.8669001,0.7725039,0.8398425,0.7437259,0.7120025,0.7190143,0.6893125,0,0,0,0,0,0,0,0,0,0,0,0,0,0,0,0,0,0,0,0,0.9407753,1,0.8843132,0.7459449,0.7281623,0.7399596,0.7808709,0.7112267,0.7336737,0.6373107,0,0,0,0,0,0,0,0
0,0,0,0,0,0,0,0,0,0,0,0,0,0.7187818,0.7751797,0.8413798,1,0.9822572,0.8766946,0.9352535,0.9106245,0.8719618,0.7535648,0.8505526,0.9013977,0.8433774,0.7172631,0.6812599,0,0,0,0,0,0,0,0,0,0,0,0,0,0,0,0,0,0,0,0,0.9463927,1,0.8627673,0.7829279,0.7823179,0.7939671,0.7511548,0.6511472,0.7165008,0.7249274,0.6409972,0,0,0,0,0,0,0
0,0,0,0,0,0,0,0,0,0,0,0,0.734335,0.8057347,0,0.7839323,0.9984667,1,0.8271496,0.7481043,0.7551102,0.7526687,0.8400459,0.8287142,0.7845918,0.7064982,0,0,0,0,0,0,0,0,0,0,0,0,0,0,0,0,0,0,0,0,0.736571,0.7990121,0.9604245,1,0.8755026,0.756475,0.74703,0.7240428,0.7729643,0.7356696,0,0.6728406,0,0,0,0,0,0,0,0
0,0,0,0,0,0,0,0.8113011,0.8465992,0.7897372,0,0,0,0,0.7709426,0.898774,1,0.9838757,0.7775248,0,0,0,0,0,0,0,0,0,0,0,0,0,0,0,0,0,0,0,0,0,0,0,0.7572196,0.8114278,0.79855,0.7433611,0.7385104,0.7563896,0.9439074,1,0.9120658,0.7377163,0,0,0,0,0,0,0,0,0,0,0,0,0,0
0,0,0,0,0,0.6461183,0.760249,0.8646368,0.9024152,0.8189745,0.8324499,0.8620906,0.6334215,0.8119472,0.7738404,0.7224932,1,0.9907551,0.8051251,0.5971555,0,0,0,0,0,0,0,0,0,0,0,0,0,0,0,0,0,0,0,0,0.6482551,0.7106116,0.7098129,0.7033546,0.6919772,0.7377399,0.6441167,0.6731439,0.923746,1,0.8707397,0.5855182,0,0,0,0,0,0,0,0,0,0,0,0,0,0
0,0,0,0,0,0,0,0,0,0.7603553,0.86772,0.9353709,0.9602422,0.9350725,0.8987914,0.8432125,0.9927001,1,0.7699616,0,0,0,0,0,0,0,0,0,0,0,0,0,0,0,0,0,0,0,0,0,0,0,0.6426095,0.7134035,0.6500711,0.6984849,0.7698504,0.7354087,0.9451553,1,0.8434877,0.6524839,0,0,0,0,0,0,0,0,0,0,0,0,0,0
0,0,0,0,0,0,0,0,0,0,0,0,0,0.7249207,0.8089483,0.9112965,1,0.9635561,0.73382,0,0,0,0,0,0,0,0,0,0,0,0,0,0,0,0,0,0,0,0,0,0,0,0,0,0,0,0.6734313,0,0.9343804,1,0.9083757,0,0,0,0,0,0,0,0,0,0,0,0,0,0,0
0,0,0,0,0,0,0,0,0,0,0,0,0,0,0,0.829458,1,0.9959579,0.8265815,0.837284,0.7889121,0,0,0,0,0,0,0,0,0,0,0,0,0,0,0,0,0,0,0,0,0,0,0,0,0,0,0,0.9449893,1,0.902338,0.6994295,0.6889793,0,0,0,0,0,0,0,0,0,0,0,0,0
0,0,0,0,0,0,0,0,0,0,0,0,0,0,0.6680307,0.8705069,1,0.948759,0.8247027,0.8082959,0.8875594,0.8363025,0.6987636,0,0,0,0,0,0,0,0,0,0,0,0,0,0,0,0,0,0,0,0,0,0,0,0,0.6191104,0.9432868,1,0.9117324,0.8361931,0.8186204,0.7486789,0.6615975,0,0,0,0,0,0,0,0,0,0,0
0,0,0,0,0,0,0,0,0,0,0,0,0,0,0.7423854,0.8698047,1,0.975737,0.8305915,0.798877,0.7636067,0.7744839,0,0,0,0,0,0,0,0,0,0,0,0,0,0,0,0,0,0,0,0,0,0,0,0,0,0.7881644,0.9523091,1,0.8651271,0.7453651,0.8182264,0.7732239,0,0,0,0,0,0,0,0,0,0,0,0
0,0,0,0,0,0,0,0,0,0,0,0,0.7278239,0.7267603,0.6996895,0.8041055,1,0.9986051,0.7984213,0.7814664,0.7394822,0,0,0,0,0,0,0,0,0,0,0,0,0,0,0,0,0,0,0,0,0,0,0,0,0.6456636,0.6500412,0.7708359,0.9485591,1,0.8914227,0.781052,0.7870806,0.7781547,0.7696914,0.6859198,0,0,0,0,0,0,0,0,0,0
0,0,0,0,0,0,0,0,0,0,0,0,0,0,0.7338445,0.8246782,1,0.9975833,0.7515787,0.724571,0.7434758,0.7028801,0.6694533,0.6849381,0.7437572,0,0,0,0,0,0,0,0,0,0,0,0,0,0,0,0,0,0,0,0,0.6954263,0.7732956,0.7697527,0.9493743,1,0.8676044,0.809332,0.8046976,0.6878226,0.751808,0.7323052,0,0,0,0,0,0,0,0,0,0
0,0,0,0,0,0,0,0,0,0,0,0,0.7676924,0.79346,0.8277848,0.8715894,1,0.9921263,0.8305151,0.7626023,0.8056031,0.7566247,0,0.655061,0,0,0,0,0,0,0,0,0,0,0,0,0,0,0,0,0,0,0,0,0.6565716,0.727453,0.6445097,0.7843422,0.9472545,1,0.9055555,0.7984793,0.7918939,0.6855723,0.692706,0,0.6882173,0.694897,0.6628076,0,0,0,0,0,0,0
0,0,0,0,0,0,0,0,0,0,0,0.686376,0.6677759,0.7471131,0.7119174,0.8595291,1,0.9814791,0.7745661,0,0.6338151,0,0,0,0,0,0,0,0,0,0,0,0,0,0,0,0,0,0,0,0,0,0,0,0,0.644604,0.6290938,0.7300257,0.9257662,1,0.8922257,0.7059425,0,0,0,0,0,0,0,0,0,0,0,0,0,0
0,0,0,0,0.5851386,0.6451974,0.5885705,0.6365152,0.6845528,0.6812264,0.7131395,0.6735666,0.6691405,0.7034569,0.6452003,0.8433594,1,0.9828976,0.7391768,0,0,0,0,0,0,0,0,0,0,0,0,0,0,0,0,0,0,0.6538158,0.6993194,0.6749447,0.6526284,0.7390405,0.7222428,0.7662793,0.7023138,0.668972,0.7718476,0.7469327,0.933617,1,0.8855243,0,0,0,0,0,0,0,0,0,0,0,0,0,0,0
0,0,0,0,0.6936691,0.7013426,0,0.6437346,0.6452513,0.7187868,0,0,0,0,0,0.8439819,1,0.9728153,0.7217883,0,0,0,0,0,0,0,0,0,0,0,0,0,0,0,0,0,0.6779678,0.7335211,0.7402449,0.8018299,0.6677822,0.7777263,0.7657533,0.6831139,0.7445886,0.7211519,0.7160656,0.693429,0.9329578,1,0.8685609,0.7723008,0.7467611,0.679094,0,0,0,0,0,0,0,0,0,0,0,0
0,0,0,0,0,0.5721707,0.6284801,0.6825317,0.7345402,0.7099485,0,0.6155258,0.6529144,0,0,0.8222403,1,0.9881198,0.8022225,0.6804386,0.6046566,0.5612582,0,0,0,0,0,0,0,0,0,0,0,0,0,0,0,0.6230713,0.7100897,0.5893174,0.7030385,0.7517192,0.6807913,0.6966802,0,0.6716596,0.6841829,0.6851799,0.9373507,1,0.8857337,0.6563834,0.6861268,0.7079527,0.6225708,0,0,0,0,0,0,0,0,0,0,0
0,0,0,0,0,0,0,0,0,0.6597536,0.6781128,0.6893175,0.6574329,0.6428955,0,0.8358741,1,0.9778654,0.7325606,0.767427,0.7888009,0.6749818,0,0,0,0,0,0,0,0,0,0,0,0,0,0,0,0,0,0.6070511,0,0.6553364,0.709857,0.6820163,0.6549564,0.7081736,0.7523582,0.7601481,0.955009,1,0.8928072,0.6730385,0,0,0.6196771,0,0,0,0,0,0,0,0,0,0,0
0,0,0,0,0,0,0,0,0,0,0,0,0,0.6595074,0.7107779,0.8183741,1,0.9919012,0.8058107,0.6218561,0.7189999,0,0,0,0,0,0,0,0,0,0,0,0,0,0,0,0,0,0,0,0,0,0,0,0,0.7507746,0.7988185,0.8095729,0.949105,1,0.9008533,0.7050931,0,0,0,0,0,0,0,0,0,0,0,0,0,0
0,0,0,0,0,0,0,0,0,0,0,0,0,0,0.5973332,0.7917345,1,0.9931375,0.7842853,0.6436567,0,0,0,0,0,0,0,0,0,0,0,0,0,0,0,0,0,0,0,0,0,0,0,0,0,0,0,0.710498,0.9243963,1,0.8597155,0.6792328,0,0,0,0,0,0,0,0,0,0,0,0,0,0
0,0,0,0,0,0,0,0,0,0,0,0,0,0,0,0.8361415,1,0.9871818,0.7605113,0,0,0,0,0,0,0,0,0,0,0,0,0,0,0,0,0,0,0,0,0,0,0,0,0,0,0,0,0,0.941891,1,0.9070275,0.6999946,0,0,0,0,0,0,0,0,0,0,0,0,0,0
