GestureName: p
Duration(ms): 846
Handedness: right

SpeakerAngles: 5
55
-55
0
0
110

SpeakerElevations: 5
-10
-10
-10
0
30

InterpretedPoints: 18
0,0,0
-0.835068873062699,-8.44902604553561,-0.784462756331487
-0.0141807944755501,-2.52213653048741,-0.479055466999209
2.4484834412859,12.7084761313901,0.0898700456637662
7.32417913214436,19.7163867542846,1.54798097966218
8.93759370036756,18.5866617113574,1.89527733499604
16.9692145552947,10.8845491328632,1.65270364466614
-8.15215760796929,-32.6902909156339,-0.0959619593243675
-10.543917871353,-21.2876128286442,-1.22162915732911
-14.5561831001977,-26.565382355604,1.32025990867247
-8.07416323835376,-13.6274550235438,1.06283359900237
-4.04062681779577,-3.6582251263106,0.0209445330007911
-3.17719635578197,3.28501809693273,1.41622186799684
4.11862118741129,-20.1585828927589,6.17364817766693
2.5052066191881,26.6065282224613,1.65879555832674
-1.59923377374765,24.1789488121486,-2.9939080863394
0,0,0
-1.62759536269875,-6.76639436935411,0.389185421335443

StrokePoints: 19
0,0,0
0,0,0
-0.835068873062699,-8.44902604553561,-0.784462756331487
-0.849249667538249,-10.971162576023,-1.2635182233307
1.59923377374765,1.73731355536709,-1.17364817766693
8.92341290589201,21.4537003096517,0.374332801995253
17.8610066062596,40.0403620210091,2.2696101369913
34.8302211615542,50.9249111538724,3.92231378165744
26.678063553585,18.2346202382384,3.82635182233307
16.134145682232,-3.05299259040576,2.60472266500396
1.57796258203433,-29.6183749460098,3.92498257367642
-6.49620065631944,-43.2458299695535,4.9878161726788
-10.5368274741152,-46.9040550958641,5.00876070567959
-13.7140238298972,-43.6190369989314,6.42498257367642
-9.59540264248588,-63.7776198916903,12.5986307513434
-7.09019602329778,-37.171091669229,14.2574263096701
-8.68942979704543,-12.9921428570805,11.2635182233307
-8.68942979704543,-12.9921428570805,11.2635182233307
-10.3170251597442,-19.7585372264346,11.6527036446661

Velocities: 18
0,0,0
0,-3,-4
0,-2,-1
3,4,4
4,4,9
4,2,9
6,-11,7
-10,-12,-12
-5,0,-11
-12,1,-11
-8,1,-2
-2,2,-3
1,12,-1
2,9,-12
2,11,12
5,9,9
0,0,0
-3,-3,-2

InverseVelocities: 18
0,0,0
0,1,0
0,0,0
0,0,0
0,0,0
0,-5,-5
-3,0,-12
0,0,0
0,0,0
0,-1,0
0,0,1
2,0,3
0,0,5
0,0,12
0,0,0
-5,-7,-7
0,0,0
0,0,0

RawData: 18
0,0,0,0,0,0,0,0,0,0,0,0,0,0,0,0.9165124,1,0.8942403,0,0,0,0,0,0,0,0,0,0,0,0,0,0,0,0,0,0,0,0,0,0,0,0,0,0,0,0,0,0,0,0,1,0,0,0,0,0,0,0,0,0,0,0,0,0,0,0,0,0,0,0,0,0,0,0,0,0,0,0,0,0,0,0.9245999,1,0.9098314,0,0,0,0,0,0,0,0,0,0,0,0,0,0,0,0,0,0,0,0,0,0,0,0,0,0,0,0,0,0,0.8716583,1,0.9518951,0,0,0,0,0,0,0,0,0,0,0,0,0,0,0,0,0,0,0,0,0,0,0,0,0,0,0,0,0,0,0,0.9602691,1,0,0,0,0,0,0,0,0,0,0,0,0,0,0,0
0,0,0,0,0,0,0,0,0,0,0,0,0,0,0.6960996,0.9336541,1,0.8939427,0.7265533,0,0,0,0,0,0,0,0,0,0,0,0,0,0,0,0,0,0,0,0,0,0,0,0,0.8412989,0.8606795,0.9471329,0.9368715,0.8897928,0.8469516,0.967326,1,0.817727,0.7889768,0.7744904,0,0,0,0,0,0,0,0,0,0,0,0,0,0,0,0,0,0,0,0,0,0.6665395,0.707036,0.7272211,0.7532497,0.7278948,0.8046474,0.9555463,1,0.9015388,0.7361752,0,0,0,0,0,0,0,0,0,0,0,0,0,0,0,0,0,0,0,0,0,0,0,0.638391,0.6792359,0.6484907,0.683888,0.7405731,0.745698,0.8929745,1,0.9540098,0.731405,0.6595142,0,0,0,0,0,0,0,0,0,0,0,0,0,0,0,0,0,0,0,0,0,0,0.8002899,0.8425917,0.8241254,0.8555136,0.8631706,0.7089622,0.8687373,0.9778303,1,0.8288968,0.7238763,0,0,0,0,0,0,0,0,0,0,0,0,0
0,0,0,0,0,0,0,0,0,0,0,0,0,0,0.628135,0.9034073,1,0.9044619,0.7390421,0,0,0,0,0,0,0,0,0,0,0,0,0,0,0,0,0,0,0,0,0,0,0,0,0,0.6830433,0,0,0.8183261,0.8310655,1,0.9806466,0.8547406,0.8030527,0,0,0,0,0,0,0,0,0,0,0,0,0,0,0,0,0,0,0,0,0,0,0,0,0,0.6035212,0.7218399,0.769937,0.9448467,1,0.8286929,0.7270745,0.6828927,0,0,0,0,0,0,0,0,0,0,0,0,0,0,0,0,0,0,0,0,0,0,0,0,0,0.5895625,0.660975,0.6296965,0.8798832,1,0.9513318,0.5837241,0.6921743,0.5910894,0.5863568,0,0,0,0,0,0,0,0,0,0,0,0,0,0,0,0,0,0,0,0,0,0,0.6683406,0.7493225,0.8139127,0.8010214,0.8161884,0.9477956,1,0.8422815,0.7886086,0.651857,0,0,0,0,0,0,0,0,0,0,0,0
0,0,0,0,0,0,0,0,0,0,0,0,0,0,0,0.9286987,1,0.8598962,0.7817408,0.6883994,0.7064193,0.7400576,0.7247799,0,0,0,0,0,0,0,0,0,0,0,0,0,0,0,0,0,0,0,0,0,0,0,0,0.7968088,0.9455525,1,0.8957524,0.8541765,0.9480946,0.9346051,0,0.8432192,0.8289213,0,0,0,0,0,0,0,0,0,0,0,0,0,0,0,0,0,0,0,0,0,0,0,0.6929909,0.9560202,1,0.873331,0.7428289,0.784914,0.6296056,0.763761,0.763227,0.6911394,0,0,0,0,0,0,0,0,0,0,0,0,0,0,0,0,0,0,0,0,0,0,0,0,0.86838,1,0.9567921,0.7862285,0.7576913,0.7762828,0.7958616,0.7708917,0,0.7101499,0.6912805,0,0,0,0,0,0,0,0,0,0,0,0,0,0,0,0,0,0,0,0,0,0,0.7754996,1,0.9931528,0.8509982,0.8298485,0.7760644,0.8271428,0.82673,0.7524635,0,0,0,0,0,0,0,0,0
0,0,0,0,0,0,0,0,0,0,0,0,0,0,0.7257327,0.8901724,1,0.9232818,0.8174365,0.811155,0.7191537,0,0.7774193,0.7467566,0,0,0,0,0,0,0,0,0,0,0,0,0,0,0,0,0,0,0,0,0,0,0,0.9115882,0.9503416,0.8814512,0.9520025,0.8825923,0.8898288,1,0.9404086,0.8641925,0.9128388,0,0,0,0,0,0,0,0,0,0,0,0,0,0,0,0,0,0,0,0,0,0,0.7007996,0.757179,0.9444034,1,0.8964019,0.773253,0.7743659,0.7418022,0.6826292,0.7776946,0.8083916,0.7126845,0,0,0.6974174,0.6761913,0,0,0,0,0,0,0,0,0,0,0,0,0,0,0,0,0,0,0.7096982,0.9000382,1,0.9403861,0.6980376,0.7738242,0.7776574,0,0,0.817007,0.8165599,0,0.7206777,0.7356878,0.72731,0,0,0,0,0,0,0,0,0,0,0,0,0,0,0,0,0,0,0.7716496,0.8455444,0.9977027,1,0.8570776,0.8418499,0.7916517,0.8139795,0.7846716,0,0.7953339,0.7661639,0,0.8042884,0.7805381,0,0,0,0
0,0,0,0,0,0,0,0,0,0,0,0,0,0,0.6759286,0.9479867,1,0.8771873,0.678952,0.6877836,0.7047295,0.6424462,0,0.668651,0,0,0,0,0,0,0,0,0,0,0,0,0,0,0,0,0,0.8219646,0.8306755,0.9277371,0.9568217,0.9689535,0.9912115,1,0.9001068,0.9061157,0.8672159,0,0,0.7895647,0.7843797,0,0,0,0,0,0,0,0,0,0,0,0,0,0,0,0,0,0,0,0.6610464,0.676367,0.7227708,0.7544135,0.7272026,0.7820833,0.8026174,0.9610533,1,0.865343,0.6825075,0,0.6395838,0.6683019,0.6798245,0.7426024,0.6698514,0.6429033,0.6461474,0,0.629586,0,0,0,0,0,0,0,0,0,0,0,0,0,0,0,0.7153215,0.7531709,0.7104231,0,0.8323378,1,0.9644567,0.6832103,0.7754494,0.6949698,0,0.7557435,0.6922173,0.7156333,0,0.711908,0.6592663,0.6566527,0,0,0,0,0,0,0,0,0,0,0,0,0,0.7693945,0.775464,0,0,0.8148909,0.8265326,0.8924399,0.8922251,1,0.8677239,0.7809283,0.819553,0,0.8482475,0.8531723,0.7501714,0.7993188,0.8617802,0.8355406,0.7970212,0,0,0,0
0,0,0,0,0,0,0,0,0,0,0.6241026,0.7681532,0.8081708,0.7890196,0.7146636,0.9370639,1,0.9032069,0.6300061,0.6545002,0.6354259,0,0,0,0.6453007,0.6194564,0,0,0,0,0,0,0,0,0,0.759406,0.8478463,0.8429455,0,0.8484278,0.9057563,0.9397015,0.9099469,0.7718445,0.8031021,0,0,0.7693278,0.8733392,1,0.9418012,0.7863188,0,0,0,0,0,0,0,0,0,0,0,0,0,0,0,0.6298826,0.6201344,0.622733,0.6342127,0.7081499,0.7323715,0.7367774,0.6881649,0.6918604,0,0.743588,0.742222,0.6148956,0.8055227,0.9521994,1,0.8792139,0.6584414,0.7294983,0.7355561,0.6874195,0,0,0,0,0.6133884,0,0,0,0,0,0,0,0,0,0,0,0,0,0,0.6998622,0.6441391,0,0,0.6708177,0.792782,0.7159097,0.8800478,1,0.9617537,0.7693585,0.7074619,0,0.697879,0.7370954,0.6586952,0,0.6450005,0.6594271,0.6208096,0,0,0,0,0,0,0,0,0,0,0.7460818,0.8072464,0.7415997,0.7941047,0.8004746,0.745732,0.7871038,0.717536,0.7785636,0.8146598,0.8780298,0.9900043,1,0.875324,0.7440956,0.7014393,0.7305245,0.7456557,0.7367724,0,0,0,0,0,0,0,0,0
0,0,0,0.6530222,0.722829,0.7046282,0,0.7473023,0.8044366,0.7897648,0.7585985,0.7137716,0.7366176,0.6354496,0.7909036,0.9229977,1,0.8715116,0,0,0,0,0,0,0,0,0,0,0,0,0,0,0,0.7926449,0.8254648,0,0.7479581,0.8370405,0,0,0,0.7730879,0.7542908,0.7787981,0.7455049,0,0,0,0.9472747,1,0.8464838,0,0,0,0,0,0,0,0,0,0,0,0,0,0,0,0,0.6338971,0.6822979,0.6386259,0.6519921,0.767608,0.681109,0.6443607,0.7582781,0.7297686,0.6947701,0.7551746,0.7189969,0.6488423,0.6047559,0.9456194,1,0.8466137,0,0,0,0,0,0,0,0,0,0,0,0,0,0,0,0.6417957,0.6177,0.6319637,0.6852634,0.7460723,0.737901,0.6511621,0.8025734,0.8039752,0.7119678,0.622099,0.7186266,0.7284939,0.7341061,0.6150166,0.8735541,1,0.9414197,0.6266839,0.6003332,0,0,0,0,0,0,0,0,0,0,0,0,0,0.7829944,0.7893038,0.7026106,0.7416297,0.7939078,0.8159634,0.7893934,0.8545464,0.8444093,0.7209951,0,0.8176299,0.7995979,0.7166092,0,0.7073917,0.928233,1,0.759398,0.7794666,0,0,0,0,0,0,0,0,0,0,0,0,0
0,0,0,0,0,0,0,0,0.7731587,0,0,0,0,0,0,0.9386696,1,0.9055362,0,0,0,0,0,0,0,0,0,0,0,0,0,0,0,0,0,0,0,0,0,0,0,0,0,0,0,0,0,0,1,0.9977096,0.9467317,0.9386146,0,0,0,0,0,0,0,0,0,0,0,0,0,0,0,0,0.7587655,0.7463957,0.7749337,0.7941746,0,0.7690341,0,0,0,0,0,0,0.7403795,0.9668326,1,0.8851863,0.760465,0,0,0,0,0,0,0,0,0,0,0,0,0,0,0,0,0,0.7830813,0.7465004,0.7693409,0,0.7971479,0.7693518,0.7854198,0,0,0,0,0,0.8842291,1,0.9447845,0.7605533,0,0,0,0,0,0,0,0,0,0,0,0,0,0,0,0,0,0,0,0.8286523,0,0,0,0.7990612,0,0,0,0,0,0.8088519,0.967037,1,0.8642799,0,0,0,0,0,0,0,0,0,0,0,0,0,0
0.6140473,0.5965629,0.6358039,0.6707057,0.6300148,0.6226064,0,0,0.7014387,0.7881367,0.791472,0.7438318,0.7406882,0.6110753,0.7339534,0.9137041,1,0.8998897,0.6546491,0,0,0,0,0,0,0,0,0,0,0,0,0,0,0,0,0,0,0,0,0,0,0,0,0,0,0.8000295,0.7897213,0.8468964,0.9490841,0.9633353,1,0.8282605,0.7977698,0.7410771,0,0,0,0,0,0,0,0,0,0,0,0,0,0,0.583466,0.6346449,0.6146857,0,0.5767191,0.6941151,0.7444283,0.7634134,0.782111,0.8098097,0.8032439,0.6880918,0.6858962,0.9596065,1,0.8478671,0.6577108,0.6819808,0,0,0,0,0,0,0,0,0,0,0,0,0,0,0,0.6135736,0.6386886,0,0.5779886,0.6272925,0.7040061,0.7578663,0.7814367,0.7654883,0.7509902,0.7760319,0.7829369,0.7086809,0.8547466,1,0.944028,0,0.685734,0.6623935,0.5775083,0,0,0,0,0,0,0,0,0,0,0,0,0,0,0,0,0,0,0,0.608113,0.7301035,0.7522038,0.7393131,0.7198721,0,0.6800812,0.6834968,0.9744326,1,0.8139037,0,0.6887919,0.6674864,0,0,0,0,0,0,0,0,0,0,0
0,0,0,0,0,0.6375272,0.6561986,0,0,0,0,0.6705174,0.7002366,0.7443393,0.7982475,0.9556976,1,0.8337498,0.7425927,0,0,0,0,0,0,0,0,0,0,0,0,0,0,0,0,0,0,0,0,0,0,0,0,0,0,0,0,0.7999448,0.9163067,0.9371752,0.9650618,1,0.9460089,0.8139911,0,0,0,0,0,0,0,0,0,0,0,0,0,0,0,0,0,0,0,0,0,0,0,0.7010832,0.746744,0.7063766,0.8083279,0.9490414,1,0.8009816,0.8057024,0.7086484,0.6161503,0,0,0,0,0,0,0,0,0,0,0,0,0,0,0,0,0,0.6699302,0.6552945,0,0,0,0,0.6455779,0.6533702,0.6665837,0.7652913,0.8542392,1,0.9660648,0.7763224,0.6582316,0.6861696,0.6679465,0.750634,0.6411333,0,0,0,0,0,0,0,0,0,0,0,0,0,0,0,0,0,0,0,0,0,0.6450014,0,0.6884374,0.7537791,0.9589427,1,0.865024,0.6455752,0.6370153,0.6696885,0.7297171,0.6732927,0,0,0,0,0,0,0,0,0
0,0,0,0,0,0,0,0,0,0,0,0.7014386,0.7272578,0.687664,0,0.9085544,1,0.9432781,0.7765595,0,0.6875297,0.6770432,0,0,0,0,0,0,0,0,0,0,0,0,0,0,0,0,0,0,0,0,0,0,0,0,0,0,0.7999676,0.8884522,0.8019055,0.8675928,1,0.9445453,0.7860057,0,0,0,0,0,0,0,0,0,0,0,0,0,0,0,0,0,0,0,0,0,0.6691306,0.7181635,0.7099612,0.6752854,0.6829501,0.9357749,1,0.9249744,0.8269294,0.7636581,0.7578647,0.7253507,0.6907302,0,0,0,0,0,0,0,0,0,0,0,0,0,0,0,0,0,0,0,0,0,0,0.6902966,0.6925042,0,0.870293,1,0.9770771,0.8497366,0.7569559,0.7880219,0.8077615,0.7695762,0,0,0,0,0,0,0,0,0,0,0,0,0,0,0,0,0,0,0,0,0,0,0.7050291,0.6966312,0,0.7324097,0.9705405,1,0.8942779,0.790191,0.7673283,0,0.7578636,0,0,0,0,0,0,0,0,0,0
0,0,0,0,0,0,0,0,0,0,0,0,0,0,0,0.9346618,1,0.7828475,0.7994711,0.6693258,0.6303787,0,0,0,0,0,0,0,0,0,0,0,0,0,0,0,0,0,0,0,0,0,0,0,0,0,0,0,0.8527362,0.9458585,0.908792,0.9426931,0.9719787,1,0.9251086,0.8900698,0.8040942,0,0,0.7672374,0.7652051,0,0,0.8103181,0.7975353,0.7468705,0,0,0,0,0,0,0,0,0,0,0,0,0.5839892,0,0,0.9400804,1,0.8466611,0.7410876,0.7197785,0.6999595,0.5929134,0.6257032,0.6609254,0.6099064,0,0,0,0,0,0,0,0,0,0,0,0,0,0,0,0,0,0,0,0,0.6175973,0,0,0.8918026,1,0.9618954,0.892092,0.8392918,0.7535041,0.7594654,0.6999862,0,0.6093166,0.6277743,0,0,0,0,0,0.6156597,0.6449153,0,0,0,0,0,0,0,0,0,0,0,0,0,0,0,0.787728,0.9888133,1,0.8761302,0.7703914,0.7829092,0.7645568,0.6641641,0.6913511,0,0.6446109,0.658605,0,0,0,0,0,0.6368178
0,0,0,0,0,0,0,0,0,0,0,0,0,0,0.6973323,0.9473401,1,0.914767,0.8164928,0.7944526,0.7795994,0.7238715,0,0,0,0,0,0,0,0,0,0,0,0,0,0,0,0,0,0,0,0,0,0,0,0,0,0,0.9282165,0.9532762,0.7891843,0,0,0,0.8765399,0.9899718,1,0.9738629,0.9421752,0.941422,0.892602,0.8275002,0,0,0,0,0,0.6277248,0.6304468,0,0,0,0,0,0,0,0,0,0,0.6327158,0.8102671,0.9792945,1,0.852883,0.8605168,0.8038489,0.6419151,0.686192,0.7440313,0.728723,0.7033864,0.7397634,0.6357216,0.6307613,0.6658103,0.6290918,0.6777464,0.6871832,0.67909,0,0,0.6648764,0.6794924,0,0,0,0,0,0,0,0,0,0.6755422,0.7614703,0.8031763,1,0.9167653,0.9309337,0.9132925,0.8097088,0.7536564,0.8027799,0.827488,0.7987304,0.7904662,0.7505603,0,0.668997,0.7039015,0.7018204,0.7013267,0,0,0,0,0,0,0,0,0,0,0,0,0,0,0,0.7011779,0.8423277,1,0.9906803,0.7689181,0.821348,0.7728403,0.7783949,0,0.820216,0.8380385,0.803887,0.8196166,0.7962114,0.6940459,0.760691,0.769482,0.7470735,0.7717886
0,0,0,0,0,0,0,0,0,0,0,0,0,0,0.8429165,0.8123736,1,0.9545211,0.8140708,0.792529,0.7498394,0.7349219,0,0,0,0,0,0,0,0,0,0,0,0,0,0,0,0,0,0,0,0,0,0,0,0,0,0,0.9355845,1,0.8823259,0,0,0,0,0,0.909968,0.8811861,0,0.9224484,0.8804424,0.9120705,0.8604251,0.8270849,0,0,0,0,0,0,0,0,0,0,0,0,0,0,0,0,0.7269569,0.9368244,1,0.9059812,0.8462809,0.7978,0.7394708,0.7453825,0.688057,0,0,0,0.7755157,0.7806935,0.7264747,0.7475883,0.6855338,0.6929305,0,0,0,0,0,0,0,0,0,0,0,0,0,0,0.7270114,0,0.850511,1,0.9717042,0.9023266,0.9045445,0.8512037,0.7995629,0.7561309,0,0.7981998,0.7642216,0,0.7957239,0.801947,0.8151761,0.7646714,0,0,0.7244949,0,0,0,0,0,0,0,0,0,0,0,0,0,0,0.7642175,0.9595218,1,0.8617412,0.8712419,0,0.7465557,0,0.7726035,0.7389805,0.7314889,0.7617928,0.8202812,0.7855654,0,0.7935059,0.7348733,0
0,0,0,0,0,0,0,0,0.7290955,0.7351958,0,0,0,0.7224088,0.7313976,0.9225968,1,0.9260312,0.8322554,0.805538,0.7193419,0.7511891,0.7148228,0.7154061,0.6953338,0,0,0,0,0,0,0,0,0,0,0,0,0,0,0.842432,0.8762091,0.8590668,0.8280012,0,0,0,0,0,0.9507018,0.891458,1,0,0,0,0,0,0,0,0,0,0.8484851,0.867801,0,0,0,0,0,0,0,0,0,0,0.7077106,0.6674925,0,0,0,0,0,0.708946,0.7997721,0.9379377,1,0.9327932,0.8184932,0.7273991,0.7031615,0.7473639,0.697404,0,0,0,0,0.7071193,0.6737902,0,0,0,0,0,0,0,0,0,0,0,0,0,0,0,0,0,0,0.6890101,0.8707018,1,0.9862006,0.845693,0.7686701,0.7628817,0.6978174,0,0,0,0,0.7529015,0.6985694,0,0,0,0,0,0,0,0,0,0,0,0,0,0,0,0,0,0,0,0.724407,0.7621103,0.9362375,1,0.8651044,0.7965724,0.8641126,0.7823713,0,0,0,0,0,0,0,0,0,0,0
0,0,0,0,0,0,0,0,0,0,0,0,0,0,0,0.9195683,1,0.94425,0,0,0,0,0,0,0,0,0,0,0,0,0,0,0,0,0,0,0,0,0,0,0,0,0,0,0,0,0,0,0,0.9504086,1,0.9733489,0,0,0,0,0,0,0,0,0,0,0,0,0,0,0,0,0,0,0,0,0,0,0,0,0,0,0,0,0,0.9300306,1,0.9437936,0,0,0,0,0,0,0,0,0,0,0,0,0,0,0,0,0,0,0,0,0,0,0,0,0,0,0,0,0,0,0.880312,1,0.9738075,0,0,0,0,0,0,0,0,0,0,0,0,0,0,0,0,0,0,0,0,0,0,0,0,0,0,0,0,0,0,0,0.9646796,1,0.976854,0.9445159,0,0,0,0,0,0,0,0,0,0,0,0,0
0,0,0,0,0,0,0,0,0,0,0.6513377,0.6512401,0.706759,0.7480049,0.7278641,0.8926771,1,0.9019627,0,0,0,0,0,0,0,0,0,0,0,0,0,0,0,0,0,0,0,0,0,0,0,0,0,0.7669232,0.8448958,0.8854635,0.8838881,0.781946,0.8082565,0.920562,1,0.8615822,0,0,0,0,0,0,0,0,0,0,0,0,0,0,0,0,0,0,0,0,0,0,0,0,0,0.6394061,0.6674971,0,0.6697507,0.923464,1,0.881389,0.740074,0,0,0,0,0,0,0,0,0,0,0,0,0,0,0,0,0,0,0,0,0,0,0,0,0,0.6747171,0.7034147,0.6967221,0.7593136,0.8626849,1,0.946391,0.8197537,0.7537616,0,0,0,0,0,0,0,0,0,0,0,0,0,0,0,0,0,0,0,0,0,0,0,0,0.7282759,0.7189989,0.736351,0.7264717,0,0.913424,1,0.9763143,0.871759,0,0,0,0,0,0,0,0,0,0,0,0,0
