GestureName: rectangle
Duration(ms): 1410
Handedness: right

SpeakerAngles: 5
55
-55
0
0
110

SpeakerElevations: 5
-10
-10
-10
0
30

InterpretedPoints: 30
0,0,0
0,2.95442325903662,-0.520944533000791
0,2.95442325903662,-0.520944533000791
0,0,0
0,0,0
1.59923377374765,-15.850542671318,1.25742630967009
-9.76557217619249,-33.8200159585612,0.251334396009493
-10.5722794603041,-33.2551534370976,0.0776862183425626
-9.76557217619249,-33.8200159585612,0.251334396009493
3.21973873920862,-4.22308764777422,0.194592710667721
19.4318787910561,-3.23739487768504,4.13175911166535
19.4247883938183,-9.47567477244706,4.15270364466614
0,0,0
0,0,0
0,2,0
0,2.98480775301221,-0.17364817766693
10.4942850906886,21.3758063959229,-2.79931537567168
0,35.3743935512735,-6.25133439600949
12.9924013126389,28.5757581196945,0.616906492325159
3.26937151987305,6.27657501163215,1.78446275633149
3.2551907253975,1.78482297512032,1.65270364466614
-3.14174436959309,16.9037535910455,3.91622186799684
0.813797681349374,-2.26581363875044,0.847296355333861
0.813797681349374,-19.1594679098359,2.06283359900237
-7.30290794043104,-12.971162576023,-1.2635182233307
-1.6134145682232,-4.09934054895166,0.694592710667721
0.813797681349374,0.703801867273976,0.5
1.62759536269875,1.39241148756016,0.82635182233307
0,0,0
0,0,0

StrokePoints: 31
0,0,0
0,0,0
0,2.95442325903662,-0.520944533000791
0,5.90884651807325,-1.04188906600158
0,5.90884651807325,-1.04188906600158
0,5.90884651807325,-1.04188906600158
1.59923377374765,-9.94169615324473,0.215537243668513
-8.16633840244484,-43.7617121118059,0.466871639678005
-18.7386178627489,-77.0168655489035,0.544557858020568
-28.5041900389414,-110.836881507465,0.795892254030061
-25.2844512997328,-115.059969155239,0.990484964697782
-5.85257250867667,-118.297364032924,5.12224407636313
13.5722158851417,-127.773038805371,9.27494772102927
13.5722158851417,-127.773038805371,9.27494772102927
13.5722158851417,-127.773038805371,9.27494772102927
13.5722158851417,-125.773038805371,9.27494772102927
13.5722158851417,-122.788231052359,9.10129954336234
24.0665009758302,-101.412424656436,6.30198416769066
24.0665009758302,-66.0380311051624,0.0506497716811687
37.0589022884691,-37.4622729854679,0.667556264006327
40.3282738083422,-31.1856979738358,2.45201902033781
43.5834645337397,-29.4008749987155,4.10472266500395
40.4417201641466,-12.4971214076699,8.02094453300079
41.2555178454959,-14.7629350464204,8.86824088833465
42.0693155268453,-33.9224029562562,10.931074487337
34.7664075864143,-46.8935655322793,9.66755626400633
33.1529930181911,-50.9929060812309,10.362148974674
33.9667906995404,-50.289104213957,10.862148974674
35.5943860622392,-48.8966927263968,11.6885007970071
35.5943860622392,-48.8966927263968,11.6885007970071
35.5943860622392,-48.8966927263968,11.6885007970071

Velocities: 30
0,0,0
0,0,3
0,0,3
0,0,0
0,0,0
-2,-6,-5
-12,-12,-12
-12,-11,-12
-12,-12,-12
2,-3,-3
12,-2,-5
12,-3,-7
0,0,0
0,0,0
0,0,0
0,0,1
12,0,7
12,12,12
12,8,11
0,2,5
0,0,2
-4,12,4
0,0,-2
0,0,-9
-4,-1,-5
-2,0,-2
0,0,0
0,0,1
0,0,0
0,0,0

InverseVelocities: 30
0,0,0
0,0,-3
0,0,-2
0,0,0
0,0,0
0,0,0
0,0,3
0,0,0
0,1,0
0,9,8
0,10,12
-3,4,12
0,0,0
0,0,0
0,0,0
0,0,-1
0,0,0
0,0,0
0,0,0
0,0,0
0,0,-2
0,0,-5
0,0,0
0,0,0
0,0,0
0,0,3
0,0,0
0,0,0
0,0,0
0,0,0

RawData: 30
0,0,0,0,0,0,0,0,0,0,0,0,0,0,0,0.9249954,1,0.8941072,0,0,0,0,0,0,0,0,0,0,0,0,0,0,0,0,0,0,0,0,0,0,0,0,0,0,0,0,0,0,0.7974523,1,0.978488,0,0,0,0,0,0,0,0,0,0,0,0,0,0,0,0,0,0,0,0,0,0,0,0,0,0,0,0,0,0.63369,0.9517238,1,0.866452,0,0,0,0,0,0,0,0,0,0,0,0,0,0,0,0,0,0,0,0,0,0,0,0,0,0,0,0,0,0,0.8699005,1,0.9407664,0.6020887,0,0,0,0,0,0,0,0,0,0,0,0,0,0,0,0,0,0,0,0,0,0,0,0,0,0,0,0,0,0.7047536,0.9709186,1,0.8217235,0,0,0,0,0,0,0,0,0,0,0,0,0,0
0,0,0,0,0,0,0,0,0,0,0,0,0,0.5943222,0.6902755,0.9315581,1,0.8899139,0.6872044,0.6065804,0,0,0,0,0,0,0,0,0,0,0,0,0,0,0,0,0,0,0,0,0,0,0,0,0,0,0,0,0,1,0.9898239,0,0,0,0,0,0,0,0,0,0,0,0,0,0,0,0,0,0,0,0,0,0,0,0,0,0.600812,0.5803497,0.619847,0.6577602,0.7122468,0.9551964,1,0.8734874,0.7037984,0.6352534,0,0.6080273,0.5794291,0,0,0,0,0,0,0,0,0,0,0,0,0,0,0,0,0,0,0,0,0,0,0,0.6205575,0.6905434,0.8689058,1,0.9480052,0.7012551,0.6253552,0,0,0,0,0,0,0,0,0,0,0,0,0,0,0,0,0,0,0,0,0,0,0,0,0,0,0,0,0.7208869,0.9732045,1,0.8203626,0.6912165,0,0,0,0,0,0,0,0,0,0,0,0,0
0,0,0,0,0,0,0,0,0,0,0,0,0,0.5900124,0.5925761,0.928819,1,0.8832373,0.6692463,0.5763523,0,0,0,0,0,0,0,0,0,0,0,0,0,0,0,0,0,0,0,0,0,0,0,0,0,0,0,0,0.8183722,1,0.9441096,0,0,0,0,0,0,0,0,0,0,0,0,0,0,0,0,0,0,0,0,0,0,0,0,0,0,0.5850798,0.6055079,0.641327,0.5795562,0.9497107,1,0.85969,0.6722385,0.5932406,0.5904888,0,0.5724114,0,0,0,0,0,0,0,0,0,0,0,0,0,0,0,0,0,0,0,0,0,0,0,0,0.6411723,0.8492793,1,0.9470152,0,0.6178381,0,0,0,0,0,0,0,0,0,0,0,0,0,0,0,0,0,0,0,0,0,0,0,0,0,0,0,0,0,0.9680939,1,0.8007429,0.64916,0,0,0,0,0,0,0,0,0,0,0,0,0
0,0,0,0,0,0,0,0,0,0,0,0,0,0,0,0.931955,1,0.8993015,0,0,0,0,0,0,0,0,0,0,0,0,0,0,0,0,0,0,0,0,0,0,0,0,0,0,0,0,0,0,0.84775,1,0.9778193,0.7857835,0,0,0,0,0,0,0,0,0,0,0,0,0,0,0,0,0,0,0,0,0,0,0,0,0,0,0,0,0.6735863,0.9556629,1,0.875769,0,0,0,0,0,0,0,0,0,0,0,0,0,0,0,0,0,0,0,0,0,0,0,0,0,0,0,0,0,0,0.862969,1,0.9532555,0.6446645,0,0,0,0,0,0,0,0,0,0,0,0,0,0,0,0,0,0,0,0,0,0,0,0,0,0,0,0,0,0.6401989,0.9674727,1,0.8381783,0,0,0,0,0,0,0,0,0,0,0,0,0,0
0,0,0,0,0,0,0,0,0,0,0,0,0,0,0.6218899,0.9183325,1,0.8984804,0.5679807,0,0,0,0,0,0,0,0,0,0,0,0,0,0,0,0,0,0,0,0,0,0,0,0,0,0,0,0,0,0.9149791,0.8131722,1,0.9701635,0,0,0,0,0,0,0,0,0,0,0,0,0,0,0,0,0,0,0,0,0,0,0,0,0,0,0,0,0.6092198,0.9439636,1,0.8696481,0,0,0,0,0,0,0,0,0,0,0,0,0,0,0,0,0,0,0,0,0,0,0,0,0,0,0,0,0,0.5893618,0.8122672,1,0.960942,0.694272,0,0,0,0,0,0,0,0,0,0,0,0,0,0,0,0,0,0,0,0,0,0,0,0,0,0,0,0,0,0.7040359,0.9674382,1,0.8396069,0,0,0,0,0,0,0,0,0,0,0,0,0,0
0,0,0,0,0,0,0,0,0,0,0,0.6365836,0.6734487,0.7009362,0.6899487,0.9306702,1,0.8690783,0,0,0,0,0,0,0,0,0,0,0,0,0,0,0,0,0,0,0,0,0,0,0.7784184,0.7899616,0.7779217,0.7728415,0.7699742,0.7801995,0.7765905,0.8893166,0.9856777,1,0.9437761,0.8494354,0,0,0,0,0,0,0,0,0,0,0,0,0,0,0,0,0,0,0,0,0,0,0.6315666,0.6536735,0.6332902,0.6263629,0,0.6683396,0.7320335,0.9505706,1,0.8736893,0.582317,0,0,0,0,0,0,0,0,0,0,0,0,0,0,0,0,0,0,0,0,0.6191579,0.6686214,0.6886518,0.6669211,0.6727176,0.6885378,0.6832731,0.7309874,0.7511191,0.8264371,1,0.9669883,0.7081001,0,0,0,0,0,0,0,0,0,0,0,0,0,0,0,0,0,0,0,0,0,0,0,0,0,0.681487,0.7304882,0.7082374,0.7477614,0.844221,1,0.9967265,0.7407377,0,0,0,0,0,0,0,0,0,0,0,0,0,0
0.721965,0.7633756,0.7520483,0.7093123,0.7380918,0,0.6802441,0.72094,0.6904634,0,0,0,0.6785063,0,0.7125775,0.9255346,1,0.924415,0.7111838,0,0,0,0,0,0,0,0,0,0,0,0,0,0,0.886321,0.9070331,0.8944743,0,0,0,0.8865894,0.866254,0,0,0,0,0.9048333,0.9059753,0,0,1,0.9477509,0,0,0,0,0,0,0,0,0,0,0,0,0,0,0,0.6399232,0.7069735,0.7295442,0.7126646,0.6626883,0,0,0,0.6741684,0,0.6720128,0.6362851,0.6594101,0.6722169,0.7921619,0.9576299,1,0.8972647,0.7272374,0.6920958,0.7112099,0.6739036,0.6411452,0,0,0,0,0,0,0,0,0,0,0.6918613,0.738583,0.7525517,0.7422329,0.7219822,0.7462463,0.6961229,0.7199235,0.6862749,0.673004,0,0,0,0,0,0.82925,1,0.9868479,0.8416886,0.71653,0.6806626,0.7397712,0.7059509,0,0,0,0,0,0,0,0,0,0,0.7781909,0.7547513,0.6943779,0,0.7677464,0.7642331,0,0,0,0.6955915,0.724587,0,0.7259753,0.7573727,0.7448989,0.7204557,0.9317231,1,0.8924378,0,0,0,0,0,0,0,0,0,0,0,0,0,0
0.7655627,0.8290224,0.7943992,0.8358903,0.768006,0.694537,0,0,0,0,0,0,0,0,0,0.8925626,1,0.9176956,0,0,0,0,0,0,0,0,0,0,0,0,0,0,0,0,0,0.7659683,0,0,0,0,0.7680859,0,0,0,0,0,0.8206574,0.8507727,0.9034917,1,0.9876466,0.8009325,0,0,0,0,0,0,0,0,0,0,0,0,0,0,0.7253353,0.7193082,0.6629685,0.6561211,0,0,0,0.6188788,0.6799282,0,0.6112168,0,0.6271004,0,0.7080162,0.9263787,1,0.8618642,0.689678,0,0,0,0,0,0,0,0,0,0,0,0,0,0,0.7196057,0.7200338,0.7578465,0.7192348,0.6960571,0,0,0,0,0,0,0,0,0.6627104,0.7733628,0.9181808,1,0.8566962,0.7934651,0,0,0.6697246,0,0,0,0,0,0,0,0,0,0,0,0,0.6709707,0.6710805,0.6795287,0,0,0.6636673,0.7017584,0.6754845,0,0,0,0,0,0.7366508,0.7581375,0.9154899,1,0.9144339,0,0,0,0,0,0,0,0,0,0,0,0,0,0
0,0.6429574,0.6801386,0.754314,0.7074648,0.6593512,0.6841096,0.7535924,0.7513949,0.6714701,0.6616801,0.7156132,0.7232195,0.6908401,0,0.8929647,1,0.885895,0,0,0,0,0,0,0,0,0,0,0,0,0,0,0,0.9733668,1,0.9954087,0.9507721,0.8473029,0.7543522,0.732595,0.7255892,0,0.744588,0.8629181,0.8542948,0,0.8519182,0.8139864,0.7271588,0.9762393,0.9447058,0.7426388,0.75547,0.7402669,0,0,0,0,0,0,0,0,0,0,0,0,0.7461719,0.7602144,0.7260588,0.6111566,0.6219187,0.609158,0.6029699,0.5673214,0.6535805,0.6214641,0,0.6931449,0.6775773,0.5731899,0,0.9253663,1,0.898522,0.6313843,0.5680517,0,0,0,0,0,0,0,0,0,0,0,0,0,0.7670782,0.7823331,0.7946346,0.7582347,0,0.6712875,0.7169688,0,0,0.6476277,0.703105,0,0.7582994,0.7722902,0.6724416,0.8592666,1,0.9858584,0.8189639,0,0,0,0,0,0,0,0,0,0,0,0,0,0,0.8524288,0.8422436,0.8200566,0.8021166,0.7476092,0.6856463,0,0.6571171,0,0,0,0.7534009,0.7312404,0.7304831,0.704556,0.827222,0.9437466,1,0.7659419,0,0,0,0,0,0,0,0,0,0,0,0,0,0
0,0,0,0,0,0,0,0,0,0,0,0,0,0,0.7633084,0.9170991,1,0.927082,0.7826319,0.780727,0.770776,0.7247991,0,0,0,0,0,0,0,0,0,0,0,0,0,0,0,0,0,0,0,0,0,0.9123707,0.9496711,0.9010776,0,0.9371988,0.9012168,0.9980611,0.9715272,0,0,0.9266787,0.9376671,0.9520966,0.9559097,0.9625556,1,0.9905845,0.9654623,0.9081244,0,0,0,0,0,0,0,0,0,0,0,0,0,0,0.6802722,0.6909749,0.6577114,0,0.7262618,0.9059551,1,0.9001901,0.7249563,0.7131481,0.6874514,0.6802748,0.6952866,0.6858263,0.7127793,0.7348074,0.7182637,0.6967503,0,0,0,0,0,0,0,0,0,0,0,0,0,0,0,0,0,0.7292709,0.7734486,0.7488521,0.9056496,1,0.9996514,0.7548251,0.7208257,0,0,0,0.7479589,0.7496622,0.7717537,0.7904847,0.7642515,0.7206125,0,0,0,0,0,0,0,0,0,0,0,0,0,0,0,0,0.7360073,0.7731579,0.8264095,0.8554527,0.9722878,1,0.860167,0.7535894,0,0,0,0.7378813,0.7710842,0.7861905,0.8132307,0.8297235,0.8103411,0.7697978,0,0,0
0,0,0,0,0,0,0,0,0,0,0,0,0,0,0.6887158,0.8937054,1,0.9143721,0,0.663285,0.7101381,0.7128688,0,0,0,0,0.6459041,0.7531185,0.7713336,0.7090783,0.6446643,0.7483113,0.7512085,0,0,0,0,0,0,0,0,0,0,0,0.7694619,0.8666503,0.8609037,0.8526406,0.9084669,1,0.9991381,0.8167628,0.7643168,0.795889,0.8131843,0.8130379,0.8327986,0.8185385,0.8950713,0.8857145,0,0.8583729,0.8168728,0,0,0,0,0,0,0,0,0,0,0,0.5762253,0.5900171,0,0.6452445,0.6688504,0.681246,0.7873797,0.9563906,1,0.8705052,0.6256263,0.5866574,0,0.6034595,0,0.6042599,0.6215011,0.6697928,0.6295045,0.6668855,0.6817349,0,0.6274918,0.5936921,0.6301888,0,0,0,0,0,0,0,0,0,0,0,0,0.671559,0.638086,0.6828279,0.84212,1,0.9802725,0.7400347,0,0,0,0,0.6771051,0.6405224,0.643067,0.7551705,0,0.7604809,0.7049274,0.6635749,0.6918458,0,0,0,0,0,0,0,0,0,0,0,0,0,0,0.707825,0.7175352,0.8161671,0.9541579,1,0.8507853,0,0,0,0.6795155,0.7043869,0.751652,0.671937,0.7467536,0.7491264,0.7334129,0.7362314,0,0,0
0,0,0,0,0,0,0,0,0,0,0.7172221,0.7542161,0.7659948,0,0,0.8981721,1,0.9202666,0.7285182,0.749418,0.7400493,0.7365739,0.7413647,0.7723029,0.7917491,0.7719186,0.711973,0,0.7441877,0.7823393,0.7707776,0.7575017,0.7241637,0,0,0,0,0,0,0,0,0,0,0.744336,0.8052143,0,0,0.723879,0.8186426,0.9620133,1,0.9034682,0,0,0.7194597,0.7017584,0.721921,0,0,0,0,0,0,0,0,0,0,0,0,0,0,0,0.6512491,0.6951585,0.6857781,0.6274706,0.7138656,0.7342463,0.7244383,0,0.6304668,0.9268629,1,0.9104917,0,0.6434283,0,0.6706951,0.6933063,0.6720581,0.6561997,0.6605899,0.6694131,0.625226,0,0.6710538,0.6593616,0.6687022,0.6704634,0,0,0,0,0,0,0,0,0.7094768,0.7226102,0,0,0.725354,0,0.7129107,0.8276734,1,0.9601202,0.8536618,0,0.7830572,0.7445294,0,0,0.7293558,0.7833803,0.8064596,0.7783688,0,0,0.767969,0.755718,0.7131295,0,0,0,0,0,0,0,0,0,0,0,0.7061982,0.7276031,0.7352296,0.7155135,0.8027056,0.9489233,1,0.903165,0.705231,0,0,0,0,0,0,0.687368,0.728938,0.7158204,0,0,0,0
0,0,0,0,0,0,0,0,0,0,0,0,0,0,0,0.9180597,1,0.9315351,0.7966265,0,0,0,0,0,0,0,0,0,0,0,0,0,0,0,0,0,0,0,0,0,0,0,0,0,0,0,0,0,0,0.9063169,1,0.9313579,0,0,0,0,0,0,0,0,0,0,0,0,0,0,0,0,0,0,0,0,0,0,0,0,0,0,0,0,0,0.9199206,1,0.9277068,0,0,0,0,0,0,0,0,0,0,0,0,0,0,0,0,0,0,0,0,0,0,0,0,0,0,0,0,0,0,0.8448549,1,0.9987679,0.8799821,0,0,0,0,0,0,0,0,0,0,0,0,0,0,0,0,0,0,0,0,0,0,0,0,0,0,0,0,0,0,0.9615927,1,0.8317847,0,0,0,0,0,0,0,0,0,0,0,0,0,0
0,0,0,0,0,0,0,0,0,0,0,0,0,0,0,0.8884911,1,0.9252722,0.6227528,0,0,0,0,0,0,0,0,0,0,0,0,0,0,0,0,0,0,0,0,0,0,0,0,0,0,0,0,0,0.9061086,1,0.8567107,0.8358622,0,0,0,0,0,0,0,0,0,0,0,0,0,0,0,0,0,0,0,0,0,0,0,0,0,0,0,0,0.6580616,0.924218,1,0.8875924,0.5876822,0,0,0,0,0,0,0,0,0,0,0,0,0,0,0,0,0,0,0,0,0,0,0,0,0,0,0,0,0,0.8506508,1,0.9826819,0.8020507,0,0,0,0,0,0,0,0,0,0,0,0,0,0,0,0,0,0,0,0,0,0,0,0,0,0,0,0,0,0.7318815,0.8987389,1,0.886242,0,0,0,0,0,0,0,0,0,0,0,0,0,0
0,0,0,0,0,0,0,0,0,0,0,0,0,0,0.6248104,0.9199314,1,0.9109176,0,0,0,0,0,0,0,0,0,0,0,0,0,0,0,0,0,0,0,0,0,0,0,0,0,0,0,0,0,0.6826581,0.9026034,1,0.9504507,0.7030279,0,0,0,0,0,0,0,0,0,0,0,0,0,0,0,0,0,0,0,0,0,0,0,0,0,0,0,0,0.6914051,0.9455881,1,0.8886047,0,0,0,0,0,0,0,0,0,0,0,0,0,0,0,0,0,0,0,0,0,0,0,0,0,0,0,0,0,0,0.7975237,1,0.9694316,0.6700489,0.6325387,0.6461701,0.6588607,0,0,0,0,0,0,0,0,0,0,0,0,0,0,0,0,0,0,0,0,0,0,0,0,0,0,0.8238258,0.9580679,1,0.8551642,0.6850893,0,0,0,0,0,0,0,0,0,0,0,0,0
0,0,0,0,0,0,0,0,0,0,0,0,0,0.6616769,0.7663492,0.917175,1,0.8990293,0,0,0,0,0,0,0,0,0,0,0,0,0,0,0,0,0,0,0,0,0,0,0,0,0,0,0,0,0,0,0.7428253,0.9845431,1,0.7806488,0,0,0,0,0,0,0,0,0,0,0,0,0,0,0,0,0,0,0,0,0,0,0,0,0,0,0.6268015,0.6592777,0,0.9395229,1,0.8886306,0,0.6454968,0.6622401,0,0,0,0,0,0,0,0,0,0,0,0,0,0,0,0,0,0,0,0,0,0,0,0,0,0,0.7612213,0.8241566,1,0.9631796,0.6775748,0.6836681,0.6934513,0.6848525,0,0,0,0,0,0,0,0,0,0,0,0,0,0,0,0,0,0,0,0,0,0,0,0,0,0,0.8478099,1,0.9853701,0.8026431,0,0,0,0,0,0,0,0,0,0,0,0,0,0
0,0,0,0,0,0,0,0,0,0,0,0,0,0,0.6858702,0.92181,1,0.9190336,0.7695118,0.6822519,0,0,0.6671257,0.675817,0,0,0,0.7093917,0.7109062,0,0.6819153,0.6931365,0,0,0,0,0,0,0,0,0,0,0,0,0,0,0,0.7483576,0.9429626,1,0.941574,0.7863274,0,0,0,0,0,0,0,0,0,0,0,0,0,0,0,0,0,0,0,0,0,0,0,0,0,0,0,0,0.7503976,0.953823,1,0.8951472,0.7251284,0,0,0,0,0,0,0.622017,0.6420801,0,0,0,0,0,0,0,0,0,0,0,0,0,0,0,0,0,0,0,0,0.714713,0.9066443,1,0.9547269,0.780578,0.6703246,0,0,0,0.670805,0.6471227,0.6595555,0.6726782,0.6549844,0,0,0,0,0,0,0,0,0,0,0,0,0,0,0,0,0,0,0,0.8073176,0.9491474,0.99095,1,0,0.8294595,0.7806163,0,0,0,0,0,0,0,0,0,0,0,0
0,0,0,0,0,0,0,0,0,0,0,0,0,0,0,0.9230156,1,0.8892326,0,0.6641676,0,0,0,0,0,0,0,0.6881993,0.7243801,0.7739161,0.6908051,0.6968081,0,0,0,0,0,0,0,0,0,0,0,0,0,0,0,0.7862962,0.8665716,0.949285,1,0.9184254,0,0,0,0.8062107,0.7693644,0,0.796531,0.8258101,0.7767264,0,0,0.7821363,0.7816434,0,0,0,0,0,0,0,0,0,0,0,0,0,0,0,0.6919925,0.9529368,1,0.8572713,0,0,0,0.6706207,0.6470335,0.6634758,0,0,0,0,0,0,0,0.6293024,0.6586292,0,0,0,0,0,0,0,0,0,0,0,0,0,0,0.6604849,0.8446292,1,0.9383967,0.6543425,0,0,0,0.6614309,0.7132329,0.6484661,0,0,0.6529123,0.6817113,0.6495852,0,0,0,0,0,0,0,0,0,0,0,0,0,0,0,0,0,0,0.8385451,0.969566,1,0.881928,0,0,0,0,0,0,0,0,0,0,0,0,0,0
0,0,0,0,0,0,0,0,0,0,0,0,0,0,0,0.9283327,1,0.8859944,0,0,0,0.6545632,0.6623853,0.6413245,0.6575654,0,0,0,0.666995,0.6995221,0.7012377,0.6800951,0,0,0,0,0,0,0,0,0,0,0,0,0,0,0,0,0.8215262,0.9897838,1,0.9327255,0.8327557,0.73014,0.7993074,0.7604775,0.7520195,0.7478151,0.7442652,0.739522,0.7314198,0,0,0,0,0,0,0,0,0,0,0,0,0,0,0,0,0,0,0,0.6607323,0.9470422,1,0.8820732,0.6718883,0.6527635,0.6430536,0.6720236,0.6736831,0,0.6663729,0.6927431,0.7073424,0.6857563,0,0.6207596,0.604724,0,0,0,0,0,0,0,0,0,0,0,0,0,0,0,0,0,0.8518381,1,0.9658121,0.7188336,0,0,0,0,0.629406,0.7226854,0.7188182,0.711902,0.7435367,0.737552,0.6868553,0,0,0,0,0,0,0,0,0,0,0,0,0,0,0,0,0,0,0,0.9376817,1,0.8347054,0.7787236,0.7325195,0,0,0,0,0.7358311,0.7130399,0.7084351,0.7169958,0.8203368,0.8347101,0.8200292,0.7594366
0,0,0,0,0,0,0,0,0,0,0,0,0,0,0,0.9185711,1,0.8842151,0.6787374,0.6706168,0,0,0,0,0,0,0,0,0,0,0,0,0,0,0,0,0,0,0,0,0,0,0,0,0,0,0,0,0.8477818,1,0.8366961,0.8786442,0.9556578,0.957688,0.8981702,0,0,0,0,0,0,0,0,0,0,0,0,0,0,0,0,0,0,0,0,0,0,0,0,0,0.6536953,0.9557636,1,0.8677403,0.6893143,0.763631,0.6817411,0.694285,0.687872,0.6597214,0.6128494,0,0,0,0,0,0,0,0,0,0,0,0,0,0,0,0,0,0,0,0,0,0,0,0.883026,1,0.9562264,0.9176494,0.8178906,0.6936212,0.6441975,0,0,0,0,0,0,0,0,0,0,0,0,0,0,0,0,0,0,0,0,0,0,0,0,0,0,0.734608,0.9423965,1,0.9529905,0.8728284,0.8406453,0.8307016,0.7983468,0.7529423,0.707718,0.6489238,0,0,0,0,0,0,0
0,0,0,0,0,0,0,0,0,0,0,0,0,0,0.7653469,0.9345388,1,0.941386,0.8192178,0,0,0,0,0,0,0,0,0,0,0,0,0,0,0,0,0,0,0,0,0,0,0,0,0,0,0,0,0,0.7970247,0.9530728,1,0.9306316,0.7865832,0,0,0,0,0,0,0,0,0,0,0,0,0,0,0,0,0,0,0,0,0,0,0,0,0.7124631,0.7303616,0.7315621,0.7698645,0.9650952,1,0.8160868,0.8671478,0.7816129,0.7401326,0.7488691,0,0,0,0,0,0,0,0,0,0,0,0,0,0,0,0,0,0,0,0,0,0,0,0,0.768118,0.8451338,0.904056,1,0.9874281,0.8957334,0,0.7599582,0,0,0,0,0,0,0,0,0,0,0,0,0,0,0,0,0,0,0,0,0,0,0,0,0,0,0,0.8446739,1,0.9686171,0.9607192,0.9669915,0,0.8728758,0.8697504,0.8111216,0,0,0,0,0,0,0,0,0
0,0,0,0,0,0,0,0,0,0.6794866,0.7542957,0,0.7447902,0.676861,0,0.9295933,1,0.8529099,0.8447016,0.6836635,0,0,0,0,0,0,0,0,0,0,0,0,0,0,0,0,0,0,0,0,0,0,0,0,0,0,0,0.7790459,0.9582942,1,0.9261684,0.9784478,0.8778383,0.8488358,0.7730806,0.7420878,0.786534,0.754504,0,0,0.7279937,0.7505563,0,0,0.724132,0.7245064,0,0,0,0,0,0,0,0,0.6090115,0.6759974,0.6476756,0.7068048,0,0.6073337,0.6440355,0.9440672,1,0.9298177,0.8321857,0.6354085,0.6300056,0.7443193,0.7253588,0.6311141,0,0,0,0,0,0,0,0,0,0,0,0,0,0,0,0,0,0,0,0,0,0,0.653016,0,0.832592,1,0.9493142,0.8189733,0.7472385,0.7474209,0.7084894,0.6499536,0.6553335,0,0,0,0,0,0,0,0.6519279,0.6566169,0,0,0,0,0,0,0,0,0,0,0,0,0,0.7257892,0.6818054,0.7965038,0.9609314,1,0.9007368,0.7800144,0.7469772,0.7512952,0.7835132,0.7651011,0,0.7412226,0.7057024,0,0,0.7049864,0.6972657,0.6911973,0
0,0,0,0,0,0,0,0,0,0,0,0,0,0,0,0.9431203,1,0.8077287,0.8455924,0,0,0,0,0,0,0,0,0,0,0,0,0,0,0,0,0,0,0,0,0,0,0,0,0,0,0,0,0,0.9052549,0.9245768,1,0.8826362,0,0,0,0,0,0,0,0,0,0,0,0,0,0,0,0,0,0,0,0,0,0,0,0,0,0.7737594,0.7945993,0.7640597,0,0.957621,1,0.9225308,0.8543569,0,0,0,0,0,0,0,0,0,0,0,0,0,0,0,0,0,0,0,0,0,0,0,0,0,0,0,0,0,0.9021679,1,0.9614747,0.8463212,0,0,0,0,0,0,0,0,0,0,0,0,0,0,0,0,0,0,0,0,0,0,0,0,0,0,0,0.8790936,0.9384993,0.9240297,0.9605422,1,0.9113313,0.9343549,0.9009006,0,0,0,0,0,0,0,0,0,0,0,0
0,0,0,0,0,0,0,0,0,0,0,0,0,0,0,0.9261476,1,0.9437953,0.8312026,0,0,0,0,0,0,0,0,0,0,0,0,0,0,0,0,0,0,0,0,0,0,0,0,0,0,0,0,0,0.8146007,0.9988716,1,0.859044,0,0,0,0,0,0,0,0,0,0,0,0,0,0,0,0,0,0,0.6914683,0.7080114,0,0,0,0,0,0,0.6913373,0,0.6719047,0.9424566,1,0.9238433,0.8025261,0,0,0,0,0,0,0,0,0,0,0,0,0,0,0,0,0,0.7517496,0.7828684,0.8098573,0.7959802,0,0,0,0,0.8074059,0.7650123,0.7614872,0,0.8512451,1,0.9151331,0.8954651,0.7652955,0.7440385,0,0,0,0,0,0,0,0,0,0,0,0,0,0,0,0,0.8920741,0.9072446,0.8831121,0,0,0,0,0,0,0,0,0.9837044,1,0.8926049,0.9689856,0.8794029,0.8681827,0,0,0,0,0,0,0,0,0,0,0,0
0,0,0,0,0,0,0,0,0,0.7170563,0.7498977,0.7704889,0,0.8539209,0.8943311,0.8657733,1,0.8607692,0.6488666,0,0,0,0,0,0,0,0,0,0,0,0,0,0,0,0,0,0,0,0,0,0,0,0,0,0,0.6767313,0.8243577,0.8883237,0.905452,1,0.9750625,0.7543864,0,0,0,0,0,0,0,0,0,0,0,0,0,0,0,0,0,0,0,0,0,0,0.6005168,0.5939626,0.6702938,0.6405925,0.5865635,0,0.6849751,0.9622757,1,0.796017,0.6674964,0,0,0,0,0,0,0,0,0,0,0,0,0,0,0,0,0,0,0,0,0.7021123,0.767699,0.8055575,0.8360685,0.8608359,0.8245466,0.726733,0.8888782,0.9004404,0.8795803,1,0.9970025,0.9106281,0.6955707,0,0,0,0,0,0,0,0,0,0,0,0,0,0,0,0,0,0,0,0,0.7432354,0.7966352,0.8196114,0.8422419,0.8486122,0.8045572,0.7769907,0.875134,0.7865592,0.8592089,1,0.9177224,0,0,0,0,0,0,0,0,0,0,0,0,0,0
0,0,0,0,0,0,0,0,0,0,0,0.6660235,0,0.7366358,0.8539904,0.9650527,1,0.880171,0.6698579,0,0,0,0,0,0,0,0,0,0,0,0,0,0,0,0,0,0,0,0,0,0,0,0,0,0,0,0,0,0.8305529,1,0.9593645,0,0,0,0,0,0,0,0,0,0,0,0,0,0,0,0,0,0,0,0,0,0,0,0,0,0,0.6367828,0,0.5950596,0.7056807,0.9509755,1,0.9066142,0.7373465,0.612352,0.5936432,0.593757,0.6054674,0,0,0,0,0,0,0,0,0,0,0,0,0,0,0,0,0,0,0,0,0,0,0.7224544,0.7920932,0.8299124,0.9054366,1,0.9697683,0.881595,0,0,0,0,0,0,0,0,0,0,0,0,0,0,0,0,0,0,0,0,0,0,0,0,0,0,0,0.710045,0.7831821,0,0.9491858,1,0.8882168,0.6874264,0,0,0,0,0,0,0,0,0,0,0,0,0
0,0,0,0,0,0,0,0,0,0,0,0,0,0,0,0.8791054,1,0.9909732,0.9210296,0.8124061,0,0,0,0,0,0,0,0,0,0,0,0,0,0,0,0,0,0,0,0,0,0,0,0,0,0,0,0,0.8040159,1,0.9728301,0.883289,0.8197812,0,0,0,0,0,0,0,0,0,0,0,0,0,0,0,0,0,0,0,0,0,0,0,0,0,0,0,0.7146654,0.9578336,1,0.8899981,0.8194696,0.7106367,0,0,0,0,0,0,0,0,0,0,0,0,0,0,0,0,0,0,0,0,0,0,0,0,0,0,0,0,0.8057972,1,0.9177837,0.8915762,0.8463343,0.770375,0,0,0,0,0,0,0,0,0,0,0,0,0,0,0,0,0,0,0,0,0,0,0,0,0,0,0,0.8726841,1,0.8989301,0.9642408,0.9257097,0.7795083,0,0,0,0,0,0,0,0,0,0,0,0
0,0,0,0,0,0,0,0,0,0,0,0,0,0,0,0.9120483,1,0.9851917,0.968945,0.8440423,0,0,0,0,0,0,0,0,0,0,0,0,0,0,0,0,0,0,0,0,0,0,0,0,0,0,0,0,0.8764083,1,0.9802591,0.8682315,0.7058438,0,0,0,0,0,0,0,0,0,0,0,0,0,0,0,0,0,0,0,0,0,0,0,0,0,0,0,0.6044784,0.9475421,1,0.890311,0.7795302,0.7358516,0.5806547,0,0,0,0,0,0,0,0,0,0,0,0,0,0,0,0,0,0,0,0,0,0,0,0,0,0,0,0.8768964,1,0.958147,0.8307257,0.8885924,0.7572916,0,0,0,0,0,0,0,0,0,0,0,0,0,0,0,0,0,0,0,0,0,0,0,0,0,0,0,0.8533438,1,0.931185,0.8387845,0.8165305,0.8350663,0.7383822,0,0,0,0,0,0,0,0,0,0,0
0,0,0,0,0,0,0,0,0,0,0,0,0,0,0,0.9291945,1,0.9303626,0.8248917,0,0,0,0,0,0,0,0,0,0,0,0,0,0,0,0,0,0,0,0,0,0,0,0,0,0,0,0,0,0.8923404,1,0.8864192,0.8809196,0.7636007,0,0,0,0,0,0,0,0,0,0,0,0,0,0,0,0,0,0,0,0,0,0,0,0,0,0,0,0.712141,0.9420912,1,0.8956847,0.7389721,0,0,0,0,0,0,0,0,0,0,0,0,0,0,0,0,0,0,0,0,0,0,0,0,0,0,0,0,0,0.8796021,1,0.9285876,0.8239263,0.7750356,0,0,0,0,0,0,0,0,0,0,0,0,0,0,0,0,0,0,0,0,0,0,0,0,0,0,0,0,0.8534415,1,0.9068243,0.9923121,0.8646878,0,0,0,0,0,0,0,0,0,0,0,0,0
0,0,0,0,0,0,0,0,0,0,0,0,0,0,0,0.8969327,1,0.9069313,0,0,0,0,0,0,0,0,0,0,0,0,0,0,0,0,0,0,0,0,0,0,0,0,0,0,0,0,0,0,0.7544662,0.9905255,1,0.8318371,0,0,0,0,0,0,0,0,0,0,0,0,0,0,0,0,0,0,0,0,0,0,0,0,0,0,0,0.5861461,0.6342441,0.9347561,1,0.896772,0.6208987,0,0,0,0,0,0,0,0,0,0,0,0,0,0,0,0,0,0,0,0,0,0,0,0,0,0,0,0,0,0.7652583,0.9995542,1,0.8108974,0.6347624,0,0,0,0,0,0,0,0,0,0,0,0,0,0,0,0,0,0,0,0,0,0,0,0,0,0,0,0,0.7671208,0.9803321,1,0.8271669,0,0,0,0,0,0,0,0,0,0,0,0,0,0
