GestureName: triangle
Duration(ms): 1128
Handedness: right

SpeakerAngles: 5
55
-55
0
0
110

SpeakerElevations: 5
-10
-10
-10
0
30

InterpretedPoints: 24
0,0,0
0,-14.8784620240977,1.38918542133544
0,0,0
0,0,0
0,0,0
0,-4.95442325903662,0.520944533000791
-7.29581754319326,-23.0612888220916,0.452019020337816
-8.15215760796929,-30.5605658727067,-0.443258314658228
-8.95886489208089,-31.1254283941703,-0.269610136991298
-2.46266423576145,-16.490062747732,0.125667198004747
0.792526489636048,-10.0262300639999,0.389185421335443
0,0,0
0,0,0
-4.88278608809624,-6.22281120364386,-3
0,0,0
0,0,0
7.28872714595549,21.5179821005117,-0.257426309670095
15.4054327677359,25.4979733706266,1.33244373599367
0.863430462013799,22.9362380432805,-0.51485261934019
1.62759536269875,4.36202699358458,0.479055466999209
0.813797681349374,1.67341737329839,0.152703644666139
0.813797681349374,-0.296198132726024,0.5
0,0,0
0,0,0

StrokePoints: 25
0,0,0
0,0,0
0,-14.8784620240977,1.38918542133544
0,-14.8784620240977,1.38918542133544
0,-14.8784620240977,1.38918542133544
0,-14.8784620240977,1.38918542133544
0,-19.8328852831343,1.91012995433623
-7.29581754319326,-42.8941741052259,2.36214897467405
-15.4479751511626,-73.4547399779325,1.91889066001582
-24.4068400432434,-104.580168372103,1.64928052302452
-26.8695042790049,-121.070231119835,1.77494772102927
-26.0769777893688,-131.096461183835,2.16413314236471
-26.0769777893688,-131.096461183835,2.16413314236471
-26.0769777893688,-131.096461183835,2.16413314236471
-30.9597638774651,-137.319272387479,-0.835866857635285
-30.9597638774651,-137.319272387479,-0.835866857635285
-30.9597638774651,-137.319272387479,-0.835866857635285
-23.6710367315096,-115.801290286967,-1.09329316730538
-8.26560396377368,-90.3033169163403,0.239150568688291
-7.40217350175988,-67.3670788730599,-0.275702050651899
-5.77457813906113,-63.0050518794753,0.20335341634731
-4.96078045771176,-61.3316345061769,0.356057061013449
-4.14698277636239,-61.6278326389029,0.856057061013449
-4.14698277636239,-61.6278326389029,0.856057061013449
-4.14698277636239,-61.6278326389029,0.856057061013449

Velocities: 24
0,0,0
0,0,-8
0,0,0
0,0,0
0,0,0
0,0,-3
-7,-3,-7
-9,-11,-12
-10,-11,-12
-5,-8,-5
0,-3,-5
0,0,0
0,0,0
0,0,0
0,0,0
0,0,0
5,0,8
11,3,10
4,11,11
0,0,3
0,0,2
0,0,0
0,0,0
0,0,0

InverseVelocities: 24
0,0,0
0,0,2
0,0,0
0,0,0
0,0,0
0,0,0
0,0,0
0,1,0
0,0,0
0,0,0
0,0,4
0,0,0
0,0,0
0,0,0
0,0,0
0,0,0
0,0,0
0,0,-1
0,0,-3
0,0,-2
0,0,-3
0,0,0
0,0,0
0,0,0

RawData: 24
0,0,0,0,0,0,0,0,0,0,0,0,0,0,0,0.9389322,1,0,0,0,0,0,0,0,0,0,0,0,0,0,0,0,0,0,0,0,0,0,0,0,0,0,0,0,0,0,0,0,0,1,0.9642748,0,0,0,0,0,0,0,0,0,0,0,0,0,0,0,0,0,0,0,0,0,0,0,0,0,0,0,0,0,0,0.9662649,1,0.8706754,0,0,0,0,0,0,0,0,0,0,0,0,0,0,0,0,0,0,0,0,0,0,0,0,0,0,0,0,0,0,0.900099,1,0.9420341,0,0,0,0,0,0,0,0,0,0,0,0,0,0,0,0,0,0,0,0,0,0,0,0,0,0,0,0,0,0,0,0,0,0,0,0,0,0,0,0,0,0,0,0,0,0,0,0
0,0,0,0,0,0,0,0,0,0,0,0,0,0,0.6959518,0.9378553,1,0.8469445,0,0,0,0,0,0,0,0,0,0,0,0,0,0,0,0,0,0,0,0,0,0,0,0,0,0,0,0,0,0,0.8685576,1,0.9296955,0,0,0,0,0,0,0,0,0,0,0,0,0,0,0,0,0,0,0,0,0.5707653,0.5728657,0,0,0,0.6362112,0.6400167,0.6667362,0.6709169,0.7374492,0.9580501,1,0.8693842,0.67486,0.6478963,0.6279405,0.6441973,0,0,0,0,0,0,0,0,0,0,0,0,0,0,0,0,0,0.6526917,0.6589814,0,0,0,0.6840473,0.6710869,0.6824096,0.74383,0.8842406,1,0.9672601,0.6851467,0,0,0,0,0,0,0,0,0,0,0,0,0,0,0,0,0,0,0,0,0,0,0,0,0,0,0,0,0,0.8308872,0.9934668,1,0.8100908,0,0,0,0,0,0,0,0,0,0,0,0,0,0
0,0,0,0,0,0,0,0,0,0,0,0,0,0,0,0.9023379,1,0.8994271,0,0,0,0,0,0,0,0,0,0,0,0,0,0,0,0,0,0,0,0,0,0,0,0,0,0,0,0,0,0,0.8793349,1,0.9276279,0,0,0,0,0,0,0,0,0,0,0,0,0,0,0,0,0,0,0,0,0,0,0,0,0,0,0,0,0,0.7047172,0.940747,1,0.8821012,0,0,0,0,0,0,0,0,0,0,0,0,0,0,0,0,0,0,0,0,0,0,0,0,0,0,0,0,0,0,0.8679962,1,0.9813356,0.7462781,0,0,0,0,0,0,0,0,0,0,0,0,0,0,0,0,0,0,0,0,0,0,0,0,0,0,0,0,0,0.8590004,1,0.9833745,0.8011469,0,0,0,0,0,0,0,0,0,0,0,0,0,0
0,0,0,0,0,0,0,0,0,0,0,0,0,0,0,0.8733971,1,0.9281566,0,0,0,0,0,0,0,0,0,0,0,0,0,0,0,0,0,0,0,0,0,0,0,0,0,0,0,0,0,0,0.8324267,1,0.9784068,0.7839537,0,0,0,0,0,0,0,0,0,0,0,0,0,0,0,0,0,0,0,0,0,0,0,0,0,0,0,0,0.647732,0.9288511,1,0.8929356,0.6251594,0,0,0,0,0,0,0,0,0,0,0,0,0,0,0,0,0,0,0,0,0,0,0,0,0,0,0,0,0,0.8872893,1,0.963702,0.7922735,0,0,0,0,0,0,0,0,0,0,0,0,0,0,0,0,0,0,0,0,0,0,0,0,0,0,0,0,0,0.8282478,0.9939241,1,0.8113693,0.6947593,0,0,0,0,0,0,0,0,0,0,0,0,0
0,0,0,0,0,0,0,0,0,0,0,0,0,0,0,0.9024834,1,0.9070699,0,0,0,0,0,0,0,0,0,0,0,0,0,0,0,0,0,0,0,0,0,0,0,0,0,0,0,0,0,0,0.8106204,1,0.983275,0,0,0,0,0,0,0,0,0,0,0,0,0,0,0,0,0,0,0,0,0,0,0,0,0,0,0,0,0,0.6465292,0.944378,1,0.8933866,0,0,0,0,0,0,0,0,0,0,0,0,0,0,0,0,0,0,0,0,0,0,0,0,0,0,0,0,0,0.6759166,0.9021355,1,0.9476129,0.7342249,0,0,0,0,0,0,0,0,0,0,0,0,0,0,0,0,0,0,0,0,0,0,0,0,0,0,0,0,0,0.8290039,0.8890849,1,0.9557765,0.7253611,0,0,0,0,0,0,0,0,0,0,0,0,0
0,0,0,0,0,0,0,0,0,0,0,0,0,0.8303289,0.9074215,0.9222526,1,0.926967,0,0,0,0,0,0,0,0,0,0,0,0,0,0,0,0,0,0,0,0,0,0,0,0,0,0,0,0,0,0,0.8957694,1,0.9620663,0,0,0,0,0,0,0,0,0,0,0,0,0,0,0,0,0,0,0,0,0,0,0,0,0,0.7062483,0.7318937,0.7432663,0.7309819,0.7134095,0.9424884,1,0.9095578,0.7051163,0,0,0,0,0,0,0,0,0,0,0,0,0,0,0,0,0,0,0,0,0,0,0,0,0,0.7538938,0.7742037,0.7585583,0.8792099,0.9167162,1,0.9846972,0.7677442,0,0,0,0,0,0,0,0,0,0,0,0,0,0,0,0,0,0,0,0,0,0,0,0,0,0,0,0,0.7512624,0.866423,0.9882429,1,0.8673134,0,0,0,0,0,0,0,0,0,0,0,0,0,0
0,0,0,0,0,0,0.8467957,0.8493578,0.8339642,0.8511406,0.9019223,0.9193261,0.8843361,0,0.8188995,0.9403185,1,0.9165392,0,0,0,0,0,0,0,0,0,0,0,0,0,0,0,0,0,0,0,0,0,0,0,0,0,0.7484397,0.8406509,0.8355095,0.8092987,0.8594854,0.8083709,1,0.9784939,0,0,0,0,0,0,0,0,0,0,0,0,0,0,0,0,0,0,0,0,0,0.6391935,0.6377869,0.7234786,0.7437992,0.6987655,0.6500545,0.7462901,0.6757697,0.6890769,0.9185559,1,0.910247,0,0,0,0,0,0,0,0,0,0,0,0,0,0,0,0.7029848,0.7295682,0.7551994,0.7144204,0,0,0,0.7738668,0.7851096,0.7061117,0,0.7591113,0.8134295,0.8460861,0.8314734,0.8766072,1,0.9825599,0.7364151,0,0,0,0,0,0,0,0,0,0,0,0,0,0,0,0,0,0,0,0,0,0,0.6740509,0.660931,0.7256135,0.7660593,0.7214267,0.6714369,0.7404368,0,0.9625521,1,0.855099,0,0,0,0,0,0,0,0,0,0,0,0,0,0
0,0,0,0,0.8254074,0.8672565,0.781291,0,0,0,0,0,0,0.8133041,0.8271827,0.9096955,1,0.9171962,0,0,0,0,0,0,0,0,0,0,0,0,0,0,0,0,0,0.7701709,0.7957884,0.7502195,0,0,0,0,0,0.7571396,0,0.8152772,0.7980995,0,0.8360404,1,0.9941438,0,0.762152,0.7453439,0,0,0,0,0,0,0,0,0,0,0,0,0,0.716942,0.751339,0.7173948,0.6598444,0,0,0.6682751,0.6373844,0,0,0.6286051,0.6837906,0.6555279,0,0.9277698,1,0.8901474,0,0,0,0,0,0,0,0,0,0,0,0,0,0,0,0,0,0.7714127,0.7730569,0.7007193,0.6921055,0,0,0.7065035,0.7000687,0,0.6616462,0,0,0.6675867,0.7962459,1,0.9802014,0.7580531,0.6622663,0,0,0,0,0,0,0,0,0,0,0,0,0,0,0.6752468,0.688716,0,0,0,0,0,0,0,0.6761795,0,0,0,0,0,0.9594123,1,0.8682222,0,0,0,0,0,0,0,0,0,0,0,0,0,0
0,0,0,0.7889137,0.7981216,0.8641123,0.9065999,0.887686,0.8675731,0.8035113,0,0,0,0,0,0.9202168,1,0.9006619,0,0,0,0,0,0,0,0,0,0,0,0,0,0,0,0,0,0.7722548,0,0,0,0.7789137,0.7850298,0,0,0,0,0,0,0.7856133,0.8373938,0.9674282,1,0.8458314,0,0,0,0,0,0,0,0,0,0,0,0,0,0,0.7303154,0.6826776,0.7426237,0,0.6798545,0.7350568,0,0,0,0,0,0,0,0,0.6820714,0.9362781,1,0.8974934,0,0,0,0,0,0,0,0,0,0,0,0,0,0,0,0,0,0.76192,0.7510198,0.7295285,0.7585058,0,0,0,0,0,0,0,0,0.7050828,0.8425555,1,0.9675657,0,0,0,0,0,0,0,0,0,0,0,0,0,0,0,0.8123186,0.7573107,0,0,0,0,0,0,0,0,0,0,0,0,0,0,0.9545553,1,0.8595425,0,0,0,0,0,0,0,0,0,0,0,0,0,0
0,0,0,0,0,0,0,0,0.8232872,0.8340306,0.8193923,0.8241923,0.8686171,0.9278468,0.9185165,0.8996981,1,0.9406273,0.7710776,0,0,0,0,0,0,0,0,0,0,0,0,0,0,0,0,0,0,0,0.7132592,0.7412532,0.7083973,0,0.7390599,0.7956207,0.7743836,0,0,0.8440346,0.8745261,0.9771364,1,0.8172714,0,0,0,0,0,0,0,0,0,0,0,0,0,0,0,0,0,0,0,0,0,0,0.6229552,0.6556974,0.6747373,0,0,0.6224085,0.6222743,0.9312199,1,0.8805494,0.6467894,0,0,0,0,0,0,0,0,0,0,0,0,0,0,0,0,0,0,0,0,0,0.6771839,0.6659057,0.7355185,0.7418248,0.7521526,0.6713783,0.7635485,0.8004541,0.7921935,1,0.9763132,0.7114339,0,0,0,0,0,0,0,0,0,0,0,0,0,0,0,0,0,0,0,0,0,0.7439514,0.7582,0.7606873,0.7684365,0.7367007,0,0,0.8001724,0.8744724,0.9750736,1,0.8762735,0.7266632,0,0,0,0,0,0,0,0,0,0,0,0,0
0,0,0,0,0,0,0,0,0,0,0,0,0,0,0.8167239,0.9459273,1,0.9025738,0,0,0,0,0,0,0,0,0,0,0,0,0,0,0,0,0,0,0,0,0,0,0,0,0,0.7995778,0.7406595,0,0.7323025,0.7457716,0.8624939,1,0.9472321,0,0,0,0,0,0,0,0,0,0,0,0,0,0,0,0,0,0,0,0,0,0,0,0.6786128,0.6717548,0.6299186,0.6610995,0.6828435,0.6438021,0,0.9136204,1,0.901779,0.6798775,0.7102762,0.6922471,0.6629416,0.6448802,0.6243481,0,0,0,0,0,0,0,0,0,0,0,0,0,0,0,0,0,0,0.6955357,0.7392828,0.7247006,0.6517434,0.6763927,0.7139885,0.7735745,0.9921091,1,0.8341721,0,0,0,0,0,0,0,0,0,0,0,0,0,0,0,0,0,0,0,0,0,0,0,0,0,0.7062522,0.7211073,0.7489043,0.7219529,0.8188817,0.9264946,1,0.9038132,0.7139751,0.738126,0,0,0,0,0,0,0,0,0,0,0,0
0,0,0,0,0,0,0,0,0,0,0,0,0,0,0,0.8804789,1,0.9336564,0.7704847,0,0,0,0,0,0,0,0,0,0,0,0,0,0,0,0,0,0,0,0,0,0,0,0,0,0,0,0,0,0,1,0.8469687,0.9588114,0.8304597,0,0,0,0,0,0,0,0,0,0,0,0,0,0,0,0,0,0,0,0,0,0,0,0,0,0,0,0,0.9231629,1,0.900391,0,0,0,0,0,0,0,0,0,0,0,0,0,0,0,0,0,0,0,0,0,0,0,0,0,0,0,0,0,0,0.8024473,1,0.9649662,0.8310889,0,0,0,0,0,0,0,0,0,0,0,0,0,0,0,0,0,0,0,0,0,0,0,0,0,0,0,0,0,0,0.9118521,1,0.9508626,0.7420665,0,0,0,0,0,0,0,0,0,0,0,0,0
0,0,0,0,0,0,0,0,0,0,0,0,0,0,0,0.8939331,1,0.9187344,0,0,0,0,0,0,0,0,0,0,0,0,0,0,0,0,0,0,0,0,0,0,0,0,0,0,0,0,0,0,0.8182545,0.9742408,1,0.8917425,0,0,0,0,0,0,0,0,0,0,0,0,0,0,0,0,0,0,0,0,0,0,0,0,0,0,0,0,0.749777,0.9588841,1,0.8792235,0,0,0,0,0,0,0,0,0,0,0,0,0,0,0,0,0,0,0,0,0,0,0,0,0,0,0,0,0,0,0.9070437,1,0.9458126,0.7506601,0,0,0,0,0,0,0,0,0,0,0,0,0,0,0,0,0,0,0,0,0,0,0,0,0,0,0,0,0,0.8369139,1,0,0.9847715,0.8805474,0,0,0,0,0,0,0,0,0,0,0,0,0
0,0,0,0,0,0,0,0,0,0,0,0,0,0,0,0.9456714,1,0.846756,0,0,0,0,0,0,0,0,0,0,0,0,0,0,0,0,0,0,0,0,0,0,0,0,0,0,0,0,0.7771847,0.8012068,0,1,0.9897754,0,0,0,0,0,0,0,0,0,0,0,0,0,0,0,0,0,0,0,0,0,0,0,0,0,0,0,0,0,0,0.9544538,1,0.870726,0,0,0,0,0,0,0,0,0,0,0,0,0,0,0,0,0,0,0,0,0.6657799,0.6873296,0.6907459,0,0,0,0,0,0,0,0.8903351,1,0.9479887,0.6863973,0,0,0,0,0,0,0,0,0,0,0,0,0,0,0,0,0,0,0,0,0,0.7645691,0.7569436,0.7611297,0,0,0,0,0.7666492,0.9492071,1,0.9339492,0.8121015,0,0,0,0,0,0,0,0,0,0,0,0,0,0
0,0,0,0,0,0,0,0,0,0,0,0,0,0,0.8346974,0.9826241,1,0.8578559,0,0,0,0,0,0,0,0,0,0,0,0,0,0,0,0,0,0,0,0,0,0,0,0,0,0,0,0,0,0,0.9853569,1,0.9993408,0,0,0,0,0,0,0,0,0,0,0,0,0,0,0,0,0,0,0,0,0,0,0,0,0,0,0,0,0,0.7291436,0.9460166,1,0.8676648,0.6857576,0,0,0,0,0,0,0,0,0,0,0,0,0,0,0,0,0,0,0,0,0,0,0,0,0,0,0,0,0.7172661,0.7022137,1,0.9703555,0,0,0,0,0,0,0,0,0,0,0,0,0,0,0,0,0,0,0,0,0,0,0,0,0,0,0,0,0,0.7118154,0.9601224,1,0.9116322,0,0,0,0,0,0,0,0,0,0,0,0,0,0,0
0,0,0,0,0,0,0,0,0,0,0,0,0,0,0.9014218,0,1,0.9239914,0,0,0,0,0,0,0,0,0,0,0,0,0,0,0,0,0,0,0,0,0,0,0,0,0,0,0,0,0,0.9137263,1,0.9930707,0.9100891,0,0,0,0,0,0,0,0,0,0,0,0,0,0,0,0,0,0,0,0,0,0,0,0,0,0,0,0,0,0.8328235,0.9727512,1,0.904431,0,0,0,0,0,0,0,0,0,0,0,0,0,0,0,0,0,0,0,0,0,0,0,0,0,0,0,0,0,0.874666,0.961835,1,0.9418018,0,0,0,0,0,0,0,0,0,0,0,0,0,0,0,0,0,0,0,0,0,0,0,0,0,0,0,0,0,0.8629478,1,0.9850258,0.8497351,0,0,0,0,0,0,0,0,0,0,0,0,0,0,0
0,0,0,0,0,0,0,0,0,0,0,0,0,0,0.8716823,0.9882666,1,0.8518437,0,0,0.7747423,0.7299596,0.7643747,0.8095015,0.7654358,0,0,0,0,0,0,0,0,0,0,0,0,0,0,0,0,0,0,0,0,0,0,0.8704713,1,0.951741,0.9544899,0,0,0,0,0,0,0,0,0,0,0,0,0,0,0,0,0,0,0,0,0,0,0,0,0,0,0,0,0.7335821,0.8249195,0.9325956,1,0.8638348,0.6751216,0.6864907,0.6622452,0.6586376,0,0,0,0.6849817,0.6692847,0.6627229,0,0,0,0,0,0,0,0,0,0,0,0,0,0,0,0,0.6784313,0.7223924,0.7577876,0.8781536,0.9107057,1,0.960089,0.6793491,0,0,0,0,0,0,0,0,0,0,0,0.6811303,0.7063253,0,0,0,0,0,0,0,0,0,0,0,0,0,0,0,0.8114042,0.9611756,1,0.9317537,0.6975783,0,0,0,0.6944802,0.70472,0,0,0,0,0,0,0,0,0
0,0,0,0,0,0,0,0,0,0,0,0,0,0,0.7659093,0.8522593,1,0.8867938,0,0.6666812,0.6906159,0.670494,0.6898882,0.7745537,0,0,0,0.6556497,0.7045386,0.695762,0.6695567,0,0,0,0,0,0,0,0,0,0,0,0,0,0,0,0,0.8552405,0.8865048,1,0.9031012,0.9342284,0.8206646,0.9104832,0.9229863,0.9160829,0,0,0,0,0,0,0,0,0,0,0,0,0,0,0,0,0,0,0,0,0,0,0.6202968,0.6571522,0.7528276,0.95961,1,0.8626654,0.5626399,0.6615163,0,0,0.6500355,0.6967202,0.6196474,0,0.5695877,0.5755634,0.5908347,0.6130313,0,0,0.5900365,0,0,0,0,0,0,0,0,0,0,0,0,0.5972301,0.6468184,0.6977542,0.8277248,1,0.9342654,0.706738,0.6952125,0.6948187,0.6113643,0,0.6654184,0.7337583,0.7264681,0.6422112,0,0.602268,0.6333731,0.622677,0,0,0,0,0,0,0,0,0,0,0,0,0,0,0,0,0.7820699,0.8986205,0.9637465,1,0.8618776,0,0.7633323,0.7786602,0.7222661,0.7109221,0.7154959,0.6735709,0.6375403,0,0,0.6405103,0.6475925,0,0
0,0,0,0,0,0,0,0,0,0,0,0,0,0,0,0.9418507,1,0.8745225,0.7695884,0.6967928,0.6550925,0,0.7045367,0.7028614,0,0,0,0,0,0,0,0,0,0,0,0,0,0,0,0,0,0,0,0,0,0,0,0,0.8572749,1,0.9943828,0.8472244,0.7577311,0.8001253,0,0.7762788,0,0.7680967,0.7313309,0,0,0.7608909,0.7956751,0.7347153,0,0,0,0,0,0,0,0,0,0,0,0,0.5696316,0.5950913,0.5917422,0.6318431,0.6111247,0.9426904,1,0.8809364,0.6935562,0.7014877,0,0.6267573,0.683553,0.5855113,0.6056409,0.61269,0,0,0.5948902,0.6034231,0.5674699,0,0,0,0,0,0,0,0,0,0,0,0,0,0,0.6581577,0.7485944,0.7283105,0.8737066,1,0.9020191,0.7648726,0.7607959,0.6851556,0,0,0,0,0.6169378,0,0,0,0,0,0,0,0,0,0,0,0,0,0,0,0,0,0,0.6748986,0.7469348,0.7741562,0.7710689,0.7630486,0.9197594,1,0.9005149,0.761758,0.6933337,0,0.7418206,0,0.693281,0.7359664,0.7483085,0.7206151,0,0,0,0,0
0,0,0,0,0,0,0,0,0,0,0,0,0,0,0.7087107,0.8814571,1,0.9470055,0.7745554,0,0,0,0,0,0,0,0,0,0,0,0,0,0,0,0,0,0,0,0,0,0,0,0,0,0,0,0,0,0,1,0.9845061,0.9361385,0.9208551,0,0,0,0,0,0,0,0,0,0,0,0,0,0,0,0,0,0,0,0,0,0,0,0,0.6481041,0.6275154,0.6463935,0.6812629,0.9566402,1,0.881368,0.7592992,0.7189296,0,0,0.6311836,0,0,0,0,0,0,0,0,0,0,0,0,0,0,0,0,0,0,0,0,0,0,0,0,0.7450579,0.7646312,1,0.9967157,0.881094,0.7393755,0.6488898,0.6674891,0,0,0,0,0,0,0,0,0,0,0,0,0,0,0,0,0,0,0,0,0,0,0,0,0,0,0.848353,1,0.9924001,0.9414845,0.8479072,0.752762,0.7370573,0,0,0,0,0,0,0,0,0,0,0
0,0,0,0,0,0,0,0,0,0,0,0,0,0,0,0.9448177,1,0.9774802,0.8881648,0,0,0,0,0,0,0,0,0,0,0,0,0,0,0,0,0,0,0,0,0,0,0,0,0,0,0,0,0,0.8631837,0.9977319,1,0.9035496,0,0,0,0,0,0,0,0,0,0,0,0,0,0,0,0,0,0,0,0,0,0,0,0,0.6747451,0.6776085,0.6989198,0.669365,0.7134413,0.9543774,1,0.8951051,0.7450228,0.6734001,0.6610938,0.6817492,0,0,0,0,0,0,0,0,0,0,0,0,0,0,0,0,0,0,0,0,0,0,0,0,0,0,0.8751734,1,0.9434133,0.7941227,0.6450611,0,0,0,0,0,0,0,0,0,0,0,0,0,0,0,0,0,0,0,0,0,0,0,0,0,0,0,0,0.7653663,0.9209761,0.9095368,1,0.9193076,0.7346768,0,0,0,0,0,0,0,0,0,0,0,0
0,0,0,0,0,0,0,0,0,0,0,0,0,0,0,0.9141239,1,0.9568434,0.8221971,0,0,0,0,0,0,0,0,0,0,0,0,0,0,0,0,0,0,0,0,0,0,0,0,0,0,0,0,0.7930728,0.9440619,1,0.8930002,0.679392,0,0,0,0,0,0,0,0,0,0,0,0,0,0,0,0,0,0,0,0,0,0,0,0,0,0,0,0,0.612043,0.9472663,1,0.8550516,0.5912505,0,0,0,0,0,0,0,0,0,0,0,0,0,0,0,0,0,0,0,0,0,0,0,0,0,0,0,0,0,0.8462436,1,0.9624217,0.8092511,0,0,0,0,0,0,0,0,0,0,0,0,0,0,0,0,0,0,0,0,0,0,0,0,0,0,0,0,0.6626858,0.7743459,0.9378501,1,0.9818662,0.8667442,0.6417182,0,0,0,0,0,0,0,0,0,0,0,0
0,0,0,0,0,0,0,0,0,0,0,0,0,0,0.7136713,0.941129,1,0.8893854,0,0,0,0,0,0,0,0,0,0,0,0,0,0,0,0,0,0,0,0,0,0,0,0,0,0,0,0,0,0.9202067,1,0.9736423,0.7829511,0.8908989,0,0,0,0,0,0,0,0,0,0,0,0,0,0,0,0,0,0,0,0,0,0,0,0,0,0,0,0,0.702667,0.9509584,1,0.914193,0.7091377,0,0,0,0,0,0,0,0,0,0,0,0,0,0,0,0,0,0,0,0,0,0,0,0,0,0,0,0,0.6993029,0.8798522,1,0.9798595,0.8345336,0,0,0,0,0,0,0,0,0,0,0,0,0,0,0,0,0,0,0,0,0,0,0,0,0,0,0,0,0,0.7031498,0.9698577,1,0.9654149,0.8304012,0,0,0,0,0,0,0,0,0,0,0,0,0
0,0,0,0,0,0,0,0,0,0,0,0,0,0,0.726737,0.9067996,1,0.8936614,0,0,0,0,0,0,0,0,0,0,0,0,0,0,0,0,0,0,0,0,0,0,0,0,0,0,0,0,0,0.78925,0.9321278,1,0.9997303,0.8460219,0,0,0,0,0,0,0,0,0,0,0,0,0,0,0,0,0,0,0,0,0,0,0,0,0,0,0,0,0.6562112,0.9704857,1,0.799868,0.7131661,0,0,0,0,0,0,0,0,0,0,0,0,0,0,0,0,0,0,0,0,0,0,0,0,0,0,0,0,0.7174352,0.8363807,1,0.9898176,0.8380738,0,0,0,0,0,0,0,0,0,0,0,0,0,0,0,0,0,0,0,0,0,0,0,0,0,0,0,0,0,0,0.9291354,1,0.916764,0,0,0,0,0,0,0,0,0,0,0,0,0,0
