GestureName: x
Duration(ms): 987
Handedness: right

SpeakerAngles: 5
55
-55
0
0
110

SpeakerElevations: 5
-10
-10
-10
0
30

InterpretedPoints: 21
0.813797681349374,-0.296198132726024,0.5
0,0,0
0,0,0
1.62050496546097,-1.84586840720186,0.847296355333861
-0.00709039723777505,-4.32242819672589,0.889185421335443
-0.835068873062699,-19.0824590131841,1.12566719800475
-8.12379601901819,-26.6308256076713,1.03579715234098
3.21973873920862,-32.2690750582171,4.70944533000791
8.87378012522759,-17.0463730192341,3.82025990867247
1.6134145682232,-17.0611796574307,4.34120444167326
-5.63986059154342,12.1923175450074,-1.2364817766693
0,11.8632697771099,-1.56283359900237
4.03353642055799,17.1375265011609,-2.77837084267089
4.07607880398464,16.345145457817,0.0479809796621837
-5.60440860535454,5.46745465130182,2.82635182233307
3.26228112263527,11.4122779986641,0.589870045663766
8.13797681349374,34.4124122240132,-1.25133439600949
0,22.8328852831343,-1.91012995433623
7.26745595424216,21.1315485570562,-1.93107448733702
4.04062681779577,-2.99117130590815,0.32635182233307
0,0,0

StrokePoints: 22
0,0,0
0.813797681349374,-0.296198132726024,0.5
0.813797681349374,-0.296198132726024,0.5
0.813797681349374,-0.296198132726024,0.5
2.43430264681035,-2.14206653992788,1.34729635533386
2.42721224957257,-6.46449473665377,2.2364817766693
1.59214337650987,-25.5469537498378,3.36214897467405
-6.53165264250831,-52.1777793575091,4.39794612701503
-3.3119139032997,-84.4468544157263,9.10739145702294
5.56186622192789,-101.49322743496,12.9276513656954
7.17528079015109,-118.554407092391,17.2688558073687
1.53542019860767,-106.362089547384,16.0323740306994
1.53542019860767,-94.4988197702738,14.469540431697
5.56895661916567,-77.3612932691129,11.6911695890261
9.64503542315031,-61.0161478112959,11.7391505686883
4.04062681779577,-55.5486931599941,14.5655023910214
7.30290794043104,-44.13641516133,15.1553724366851
15.4408847539248,-9.72400293731681,13.9040380406756
15.4408847539248,13.1088823458175,11.9939080863394
22.7083407081669,34.2404309028737,10.0628335990024
26.7489675259627,31.2492595969655,10.3891854213354
26.7489675259627,31.2492595969655,10.3891854213354

Velocities: 21
0,0,0
0,0,0
0,0,0
0,-1,-1
-1,-2,-5
-5,-8,-5
-10,-8,-11
-7,-12,-11
0,-11,-11
-8,-10,-7
0,8,2
0,0,9
8,3,5
5,6,6
-8,5,4
3,4,4
12,12,12
0,0,11
8,0,6
4,0,-3
0,0,0

InverseVelocities: 21
0,0,0
0,0,0
0,0,0
0,0,0
0,0,0
0,0,0
0,0,2
0,0,2
0,0,0
0,0,0
0,0,0
0,0,-3
0,0,-4
-7,-5,-8
0,-3,-2
0,0,0
-2,0,-7
0,0,-1
0,0,0
0,0,0
0,0,0

RawData: 21
0,0,0,0,0,0,0,0,0,0,0,0,0,0,0,0.8939133,1,0.917074,0,0,0,0,0,0,0,0,0,0,0,0,0,0,0,0,0,0,0,0,0,0,0,0,0,0,0,0,0,0,0.8182223,1,0.9996814,0.796778,0,0,0,0,0,0,0,0,0,0,0,0,0,0,0,0,0,0,0,0,0,0,0,0,0,0,0,0,0,0.9109425,1,0.8818977,0.6331379,0,0,0,0,0,0,0,0,0,0,0,0,0,0,0,0,0,0,0,0,0,0,0,0,0,0,0,0,0,0.865378,1,0.9261476,0.7722402,0.6280285,0,0,0,0,0,0,0,0,0,0,0,0,0,0,0,0,0,0,0,0,0,0,0,0,0,0,0,0,0,0.9275391,1,0.9316655,0.8273068,0.674521,0,0,0,0,0,0,0,0,0,0,0,0
0,0,0,0,0,0,0,0,0,0,0,0,0,0,0,0.8982053,1,0.9051857,0.71197,0,0,0,0,0,0,0,0,0,0,0,0,0,0,0,0,0,0,0,0,0,0,0,0,0,0,0,0,0,0.854364,1,0.9062831,0.9385774,0,0,0,0,0,0,0,0,0,0,0,0,0,0,0,0,0,0,0,0,0,0,0,0,0,0,0,0,0,0.9127321,1,0.9158979,0.7302783,0,0,0,0,0,0,0,0,0,0,0,0,0,0,0,0,0,0,0,0,0,0,0,0,0,0,0,0,0,0.7864698,0.9933987,1,0.8223556,0,0,0,0,0,0,0,0,0,0,0,0,0,0,0,0,0,0,0,0,0,0,0,0,0,0,0,0,0,0,0.9576204,1,0.8163837,0,0,0,0,0,0,0,0,0,0,0,0,0,0
0,0,0,0,0,0,0,0,0,0,0,0,0,0,0.6971932,0.916127,1,0.9262932,0.723515,0,0,0,0,0,0,0,0,0,0,0,0,0,0,0,0,0,0,0,0,0,0,0,0,0,0,0,0,0,0.8677917,0.9346688,1,0.8944819,0,0,0,0,0,0,0,0,0,0,0,0,0,0,0,0,0,0,0,0,0,0,0,0,0,0,0,0,0.7423953,0.9450021,1,0.905844,0.7124311,0,0,0,0,0,0,0,0,0,0,0,0,0,0,0,0,0,0,0,0,0,0,0,0,0,0,0,0,0.7002018,0.8578728,1,0.9859058,0.8322054,0.7379146,0,0,0,0,0,0,0,0,0,0,0,0,0,0,0,0,0,0,0,0,0,0,0,0,0,0,0,0,0.8058732,0.9687154,1,0.9062389,0.7467625,0,0,0,0,0,0,0,0,0,0,0,0,0
0,0,0,0,0,0,0,0,0,0,0,0,0,0,0.6662999,0.9003896,1,0.911122,0,0,0,0,0,0,0,0,0,0,0,0,0,0,0,0,0,0,0,0,0,0,0,0,0,0,0,0.6762711,0.8248659,0.8927541,0.7357917,0.9673681,1,0.811241,0,0,0,0,0,0,0,0,0,0,0,0,0,0,0,0,0,0,0,0,0,0,0,0,0,0,0.5710139,0.6249425,0.7163482,0.9300263,1,0.8960242,0.6954888,0.6180105,0,0,0,0,0,0,0,0,0,0,0,0,0,0,0,0,0,0,0,0,0,0,0,0,0,0,0.7090512,0.7403579,0.7832087,1,0.9786484,0.8007541,0.6478401,0,0,0,0,0,0,0,0,0,0,0,0,0,0,0,0,0,0,0,0,0,0,0,0,0,0,0,0.6977619,0.8185748,0.8641661,1,0.9128647,0.7258821,0.5992162,0,0,0,0,0,0,0,0,0,0,0,0
0,0,0,0,0,0,0,0,0,0,0,0,0.702933,0.7131441,0.6282848,0.9299434,1,0.8835295,0,0,0,0,0,0,0,0,0,0,0,0,0,0,0,0,0,0,0,0,0,0,0,0,0,0,0.6918581,0.8296697,0.8951662,0.8512084,0.7646421,0.9457647,1,0.8581429,0,0,0,0,0,0,0,0,0,0,0,0,0,0,0,0,0,0,0,0,0,0,0.5815917,0.6125872,0,0.6625702,0.6834558,0.6609343,0.7301404,0.9280525,1,0.9104013,0.6058152,0.59246,0,0,0,0,0,0,0,0,0,0,0,0,0,0,0,0,0,0,0,0,0,0,0,0,0.7012623,0.7320101,0.7735618,0.708172,0.8803351,1,0.9311257,0.6979728,0.6985825,0.6530361,0.6595189,0,0,0,0,0,0,0,0,0,0,0,0,0,0,0,0,0,0,0,0,0,0,0,0.7145927,0.6685949,0.713487,0.7247906,0.9124903,1,0.926318,0,0,0,0,0,0,0,0,0,0,0,0,0,0
0,0,0,0,0,0,0,0,0.6155881,0.6224207,0.6390331,0,0.6503597,0.6701435,0.6821123,0.9291051,1,0.8811291,0.6456699,0.6780578,0,0,0,0,0,0,0,0,0,0,0,0,0,0,0,0,0,0,0.6346288,0.6957219,0.6999772,0.6641718,0.7347066,0.6707692,0.7186168,0.787145,0,0.7358249,0.6977941,0.9773334,1,0.8371002,0,0,0,0,0,0,0,0,0,0,0,0,0,0,0,0,0,0,0,0,0,0,0.5730186,0.6499435,0.5488772,0.6298919,0.6237292,0.6572781,0.6149241,0.9503708,1,0.855304,0.5448272,0,0,0,0,0,0,0,0,0,0,0,0,0,0,0,0,0,0,0,0.5826452,0.5992998,0,0,0,0.5832314,0.6831923,0.693137,0.7060108,0.590999,0.8619969,1,0.961755,0.773519,0.610993,0,0,0,0,0,0,0,0,0,0,0,0,0,0,0,0,0,0,0,0,0,0,0.7322648,0.8534384,0.7747329,0.7126276,0.7574574,0.7495732,0.8042216,0.9000148,0.8990618,1,0.9113615,0.6970513,0,0,0,0,0,0,0,0,0,0,0,0
0,0,0,0.6444972,0.6594391,0.6357034,0.6484407,0,0.6463419,0.6467424,0.6270865,0.7181928,0.6288472,0,0.6482419,0.8850948,1,0.9164525,0.6571172,0,0,0,0,0,0,0,0,0,0,0,0,0,0,0,0,0,0,0,0.7030723,0,0.7204429,0.64489,0,0.7395625,0.7610828,0.6651608,0,0.6601983,0.8907528,1,0.8541597,0.8020453,0,0,0,0,0,0,0,0,0,0,0,0,0,0,0,0,0.5639101,0.6005335,0.5869423,0.680037,0.6621064,0.6159402,0,0.668798,0.6787318,0.6533218,0.6730589,0.7383571,0.6319674,0.9479593,1,0.8719354,0.6022906,0.6587723,0.622721,0.5783157,0,0,0,0,0,0,0,0,0,0,0,0,0,0,0,0,0.6320264,0.5933841,0.6697119,0.6765179,0.5883257,0.7053753,0.7078645,0.6053132,0.7041245,0.7616005,0.8304397,1,0.9551307,0.7216765,0.6240105,0,0,0,0,0,0,0,0,0,0,0,0,0,0,0,0,0,0,0.6815267,0.6795401,0.7790018,0.7891204,0.7183918,0,0.7110828,0.7688736,0.7992952,0.7480962,0.7760815,1,0.9822206,0.9377816,0.9125196,0.6893232,0,0,0,0,0,0,0,0,0,0,0,0
0,0,0,0,0,0,0.729039,0.7579033,0.6987759,0,0.7253319,0.7747979,0.7264798,0,0,0.9287683,1,0.8991236,0.7564524,0,0,0,0,0,0,0,0,0,0,0,0,0,0,0.7075249,0.7552081,0,0,0,0,0,0.7590919,0.7640666,0.7518827,0.7319531,0.7649181,0.752789,0,0.7119377,0.9226491,1,0.8799586,0.9001654,0.7664966,0,0,0,0,0,0,0,0,0,0,0,0,0,0,0,0.6847782,0.6716692,0.6701871,0.6990725,0.665341,0.6299402,0.6261288,0.622242,0.692627,0.7237388,0.7180917,0.6633793,0.6797862,0.9599898,1,0.8884104,0.7026149,0.6727034,0.7152361,0.6787966,0,0,0,0,0,0,0,0,0,0,0,0,0,0.6884699,0.6789443,0.7104975,0.743168,0.7315012,0.6559724,0,0.7116874,0.6889136,0,0,0,0.6997858,0.8786557,1,0.929088,0.6755729,0,0.6799992,0.656085,0,0,0,0,0,0,0,0,0,0,0,0,0,0,0,0,0,0,0,0,0,0,0,0.6846012,0.6951467,0.7015762,0.7058681,0.9594079,1,0.9002976,0,0,0,0,0,0,0,0,0,0,0,0,0,0
0,0,0,0,0,0,0,0,0,0,0,0,0,0,0.7465771,0.9478416,1,0.8968225,0.6725248,0,0,0,0,0,0,0,0,0,0,0,0,0,0,0,0,0.7421018,0.7271517,0,0,0,0,0,0,0,0,0,0,0,0.8075354,0.9867533,1,0.8811427,0,0,0,0,0,0,0,0,0,0,0,0,0,0,0.6470627,0,0.6750119,0,0,0,0,0,0,0,0,0,0,0,0.6655853,0.9538407,1,0.8887275,0.7252697,0,0,0,0,0,0,0,0,0,0,0,0,0,0,0,0,0,0,0,0,0,0,0,0,0,0,0,0,0,0.8622294,1,0.9577239,0.6614871,0,0,0,0,0,0,0,0,0,0,0,0,0,0,0,0,0,0,0,0,0,0,0,0,0,0,0,0.6958231,0,0.8486515,1,0.9645653,0.9481834,0.8210099,0,0,0,0,0,0,0,0,0,0,0,0,0
0,0,0,0,0,0.6433382,0.629336,0,0,0,0,0,0,0,0.6955615,0.900808,1,0.862464,0.6318234,0,0,0,0,0,0,0,0,0,0,0,0,0,0,0,0,0,0.7015656,0.6921123,0,0,0.7301499,0.7254118,0.6997014,0.708531,0.7862135,0.7652164,0.7118846,0.7582035,0.7955149,0.9384231,1,0.7749046,0,0,0,0,0,0,0,0,0,0,0,0,0,0,0,0,0,0,0,0,0.5811584,0.6026502,0.5731882,0,0,0,0,0,0.6531636,0.9505852,1,0.8679717,0.5866575,0,0,0,0,0,0,0,0,0,0,0,0,0,0,0,0,0,0,0,0,0,0,0,0,0,0,0,0.576404,0.6523653,0.852391,1,0.9566768,0.6768157,0,0,0,0,0,0,0,0,0,0,0,0,0,0,0,0,0,0,0,0,0,0,0,0,0,0,0,0,0.684384,0.7146272,0.9598129,1,0.8867717,0.6854269,0,0,0,0,0,0,0,0,0,0,0,0,0
0,0,0,0,0,0,0,0,0,0,0,0,0,0,0,0.9288417,1,0.8808783,0,0,0,0,0,0,0,0,0,0,0,0,0,0,0,0,0,0,0,0,0,0,0,0,0,0,0,0,0,0.7679603,0.9312089,1,0.7642588,0.8990639,0.8399869,0.8191202,0,0.7674624,0.7969889,0.7618114,0.7674141,0.7767354,0.7429149,0,0,0,0,0,0,0,0,0,0,0,0,0,0,0,0,0,0,0,0,0.9415155,1,0.8712669,0.6006545,0,0.6383451,0.6599078,0,0,0,0,0,0,0,0,0,0,0,0,0,0,0,0,0,0,0,0,0,0,0,0,0,0,0.8735138,1,0.9440459,0,0,0,0,0,0,0.6141416,0.6440272,0,0,0,0,0,0,0.6028625,0,0,0,0,0,0,0,0,0,0,0,0,0,0,0,0.7080805,0.9525417,1,0.8423959,0.705145,0.7421516,0,0,0,0,0,0,0,0,0,0,0,0
0,0,0,0,0,0,0,0,0,0,0,0,0,0,0,0.9345334,1,0.8980495,0,0,0,0,0,0,0,0,0,0,0,0,0,0,0,0,0,0,0,0,0,0,0,0,0,0,0,0,0,0,0.9849256,0.9587748,1,0.8597918,0,0,0,0,0,0,0,0,0,0,0,0,0,0,0,0,0,0,0,0,0,0,0,0,0.6802619,0.6984868,0.6927319,0,0.6911466,0.9448413,1,0.8674163,0.693482,0.6956343,0.7249724,0.6980889,0,0,0.6973134,0.7240281,0.6927341,0.6689177,0.677045,0,0,0,0,0,0,0,0,0,0,0,0,0,0,0,0.6805726,0.6880723,0.6840414,0.7539854,0.8975977,1,0.9537325,0.7642395,0.6934722,0.6950981,0.6946472,0.6630617,0,0,0,0,0,0,0,0,0,0,0,0,0,0,0,0,0,0,0,0,0,0,0,0,0,0.8609484,1,0.9815574,0,0,0,0,0,0,0,0,0,0,0,0,0,0,0
0,0,0,0,0,0,0,0,0,0,0,0,0,0,0.7699636,0.9541826,1,0.7954541,0.7725765,0,0,0,0,0,0,0,0.7039331,0.6938655,0,0,0,0,0,0,0,0,0,0,0,0,0,0,0,0,0,0,0,0,0.9121664,1,0.96804,0.8183961,0,0.7552628,0.7709445,0.770678,0,0,0,0,0,0,0,0,0,0,0,0,0,0,0,0,0,0,0,0.6229218,0.651594,0.6234682,0.6614824,0.6630189,0.7685903,0.9630382,1,0.8818047,0,0,0.6588606,0.6722394,0.6430847,0.6685262,0.6261612,0,0,0,0,0,0,0,0,0,0,0,0,0,0,0,0,0,0.6764748,0.6617565,0,0.6629708,0,0.6988643,0.9297717,1,0.9056117,0,0.6707909,0,0,0.6983699,0,0.6602012,0.6511862,0,0,0,0,0,0,0,0,0,0,0,0,0,0,0,0,0,0,0,0,0,0.8145266,1,0.9783846,0.9933649,0.9680673,0,0,0,0,0,0,0,0,0,0,0,0,0,0
0.6199096,0,0,0,0,0,0.670825,0.6874158,0,0,0,0,0,0.6173804,0.6977457,0.9120985,1,0.900718,0.656518,0,0.6323937,0.653321,0,0.6414052,0.6358846,0,0,0,0,0,0,0,0,0,0,0,0,0,0,0,0,0.6780948,0.6881595,0,0,0,0,0,0.8821238,1,0.8954019,0.7557834,0.6767212,0,0,0,0.6808333,0.7484451,0.6953774,0,0,0,0,0,0,0,0,0,0,0,0,0.6157532,0.5976464,0.5666538,0,0,0,0.5941559,0.5846645,0,0.6768593,0.9601755,1,0.8461645,0.6041396,0.5779158,0.6350995,0,0.6644594,0.5991668,0.6651151,0.6156422,0,0,0,0,0,0,0,0,0,0,0,0,0,0,0,0,0,0.6367807,0.6662945,0.6456746,0,0.6949927,0.8007513,1,0.968416,0.8255216,0,0.721299,0.6461838,0.6607025,0.6936683,0,0.7122101,0,0,0,0,0,0,0,0,0,0,0,0,0,0,0,0,0,0,0,0,0,0,0.8398909,1,0.987282,0.8421725,0.7083255,0.7063936,0.6558685,0,0,0.7060645,0.7491109,0,0,0,0,0,0,0
0,0,0,0,0,0.6451452,0.6711817,0.665621,0.6528839,0.6552321,0.6484788,0.6544805,0.677794,0.659162,0,0.9252991,1,0.9060342,0,0,0,0,0,0,0,0,0,0,0,0,0,0,0,0,0,0,0,0,0,0,0,0,0,0.7284542,0.7302581,0.7312205,0.7160989,0.7445182,0.7851961,0.9770716,1,0.8666061,0.8302698,0.7749947,0.7307671,0.8005336,0.8185494,0.7268598,0,0,0,0,0,0,0,0,0,0,0,0,0,0,0,0,0,0,0,0.6116959,0,0,0.6008187,0.9338661,1,0.8792459,0.684704,0.5990504,0.6573594,0.6758241,0.7503762,0.7303286,0,0,0,0,0,0,0,0,0,0,0,0,0,0,0,0,0,0,0.6917429,0.6944589,0.6605552,0.6971443,0.693163,0.6776849,0.8397066,1,0.9641744,0.8423996,0.8004151,0.6673009,0.7403532,0.7739625,0.7864568,0.7305316,0,0,0,0,0,0,0,0,0,0,0,0,0,0,0,0,0,0,0.7026708,0.7042946,0,0,0.6702504,0.6582574,0.9550287,1,0.9172245,0.7938751,0.785831,0.7016722,0,0.7284941,0.7202291,0.6987123,0,0,0,0,0,0,0
0,0,0,0,0,0,0,0,0,0,0,0,0,0,0,0.9384673,1,0.8897597,0.8059256,0,0,0.7443234,0.7447844,0,0,0,0,0,0,0,0,0,0,0,0,0,0,0,0,0,0,0,0,0,0,0,0,0,0.8064474,0.9662926,1,0.9234726,0.8086411,0,0.8157293,0.800892,0.8010246,0,0,0,0,0,0,0,0,0,0,0,0,0,0,0,0,0,0,0,0,0,0,0,0.7360307,0.9634063,1,0.8563934,0,0,0.6971275,0,0,0.6795615,0,0,0,0,0,0,0,0,0,0,0,0,0,0,0,0,0,0,0,0,0,0,0,0,0.8202866,0.9957074,1,0.8419829,0,0,0.7032407,0,0,0.6861847,0,0,0,0,0,0,0,0,0,0,0,0,0,0,0,0,0,0,0,0,0,0,0,0.7956616,0.9948459,1,0.965307,0.8326424,0,0,0.8045393,0.8368896,0.7997848,0,0,0,0,0,0,0,0
0,0,0,0,0,0,0,0,0,0,0,0.6420138,0.6529976,0,0,0.9109437,1,0.9260631,0.6557399,0,0,0,0.6973617,0.708886,0.6678109,0,0.6303501,0.6526542,0,0,0,0.6620349,0.6913458,0,0,0,0,0,0,0,0,0,0,0,0,0,0,0,0.8965515,1,0.9501812,0.9344634,0.8442031,0,0.9065024,0,0.8790858,0.9546334,0.9307503,0.8774142,0,0.9875141,0.9765942,0.8936762,0.8657779,0.9021949,0,0,0,0,0,0,0.6293828,0.5880185,0,0,0,0.6804925,0.6934531,0.6287003,0.6822131,0.9429064,1,0.8978083,0.67725,0.6206053,0.6842135,0.613994,0.5984548,0,0,0,0.6107503,0.6502779,0.6149268,0,0.5832835,0.598584,0.6110964,0,0,0,0,0,0,0.6282923,0.6474305,0,0,0.6239057,0.6799512,0.6877057,0,0.656276,0.9091181,1,0.8798952,0.8239655,0.6637085,0.6804069,0,0.6496165,0.6535164,0.7095035,0.7469637,0.720082,0.666454,0,0,0.5948787,0.6702707,0,0,0,0,0,0,0,0,0,0,0,0,0,0,0,0,0,0.9243707,1,0.9019872,0.7644001,0.629036,0.6272288,0.6579589,0.7289629,0.6702535,0.655021,0.6647357,0,0.685228,0.6382705,0,0,0
0,0,0,0,0,0,0,0,0,0,0,0,0,0,0.7833446,0.9435897,1,0.8257551,0,0,0,0,0,0,0,0,0,0,0,0,0,0,0,0,0,0,0,0,0,0,0,0,0,0,0,0,0,0,0.9028456,1,0.9766492,0.8729327,0.8200228,0,0,0,0,0,0,0,0,0,0,0,0,0,0,0,0,0,0,0,0,0,0,0,0,0,0.6865744,0.6904787,0.6853883,0.9418374,1,0.897665,0.6842875,0.7125125,0,0,0,0,0,0,0,0,0,0,0.6913093,0,0,0,0,0,0,0,0,0,0,0,0,0,0.7113907,0,0,0,0.8552749,1,0.9822224,0.8266959,0,0,0,0,0,0,0.7018901,0,0,0,0,0,0.7023258,0,0,0,0,0,0,0,0,0,0,0,0,0,0,0,0,0,1,0.940889,0.9982401,0,0,0,0,0,0,0,0,0,0,0,0,0,0
0,0,0,0,0,0,0,0,0,0,0,0,0,0.7178706,0.7699464,0.9016867,1,0.9119061,0,0,0,0,0,0.8042156,0.7373886,0,0.7975443,0.7802031,0,0,0,0,0,0,0,0,0,0,0,0,0,0,0,0,0,0,0,0,0.7586861,0.9766004,1,0.8239855,0,0,0,0,0,0,0,0,0,0,0,0,0,0,0,0,0,0,0,0,0,0,0,0,0,0,0,0.6298711,0.7031146,0.9364195,1,0.8869705,0,0.6644607,0.7137073,0,0,0,0.649457,0.6558653,0,0,0,0,0,0,0.6453434,0,0,0,0,0,0,0,0,0,0,0,0,0,0,0.6946711,0.8676997,1,0.9806003,0.7744595,0,0,0,0,0,0.655372,0.6466711,0,0.6726159,0.6368241,0.645171,0.6371414,0,0,0.7568237,0,0,0,0,0,0,0,0,0,0,0,0,0,0.7815993,0.7674664,0.9305757,1,0.930445,0.7154019,0.7677408,0,0,0,0,0,0,0,0,0,0,0,0
0,0,0,0,0,0,0,0,0,0,0,0,0,0.7759622,0.7806518,0.9074777,1,0.8829947,0.7965729,0.8462888,0.8388532,0.8004482,0.7732013,0.7315672,0,0,0,0,0,0,0,0,0,0,0,0,0,0,0,0,0,0,0,0,0,0,0,0.7883342,0.7818974,0.9289858,1,0.8462878,0.7428083,0,0,0,0,0,0,0,0,0,0,0,0,0,0,0,0,0,0,0,0,0,0,0,0.669979,0.7015921,0.667465,0.668614,0.6469815,0.9518811,1,0.8682886,0,0,0,0,0,0,0,0,0,0,0,0,0,0,0,0,0,0,0,0,0,0,0,0,0,0,0.6465001,0.6684148,0.6882891,0,0.8091562,0.9975702,1,0.8310803,0,0,0,0,0,0,0,0,0,0,0,0,0,0,0,0,0,0,0,0,0,0,0,0.7195264,0.7111006,0.7377743,0.7509443,0.7733696,0,0.7277574,0.9117334,1,0.906706,0.7796172,0.7058005,0,0,0,0,0,0,0,0,0,0,0,0
0,0,0,0,0,0,0,0,0,0,0,0,0,0,0,0.8653629,1,0.9596067,0.7599249,0,0,0,0,0,0,0,0,0,0,0,0,0,0,0,0,0,0,0,0,0,0,0,0,0,0,0,0,0,0,0.9572611,1,0,0,0,0,0,0,0,0,0,0,0,0,0,0,0,0,0,0,0,0,0,0,0,0,0,0,0,0,0,0,0.9297954,1,0.904961,0.734209,0,0,0,0,0,0,0,0,0,0,0,0,0,0,0,0,0,0,0,0,0,0,0,0,0,0,0,0,0,0.832552,1,0.998962,0.9090382,0.7203022,0,0,0,0,0,0,0,0,0,0,0,0,0,0,0,0,0,0,0,0,0,0,0,0,0,0,0,0,0,0.8815483,1,0.9406614,0.7688551,0,0,0,0,0,0,0,0,0,0,0,0,0
