GestureName: y
Duration(ms): 846
Handedness: right

SpeakerAngles: 5
55
-55
0
0
110

SpeakerElevations: 5
-10
-10
-10
0
30

InterpretedPoints: 18
-2.4484834412859,-12.6932838844023,0.0837781320031643
-1.62759536269875,-1.63666932642686,0.0418890660015822
0.863430462013799,14.6078319024499,1.22162915732911
5.73203575563449,29.9957033512431,0.616906492325159
8.15215760796929,32.6902909156339,0.0959619593243675
7.30999833766881,16.3695520076879,1.2425736903299
8.11670562178041,10.7053489372726,2.11081457866456
-1.5850529792721,14.6095211912297,1.47905546699921
-1.60632417098542,-2.23427231840108,3.27837084267089
-16.2121400518475,-11.1609945539798,-4.11081457866456
-12.9711301209256,-20.151524232821,-1.72162915732911
-4.06898840674687,-19.0764810690794,0.278370842670886
2.43430264681035,-0.157258786915671,1.17364817766693
18.6393523014201,24.3622703835946,2.52703644666139
-2.44139304404812,37.2781801964393,-7.57768621834256
-0.0354519861888738,33.916538811646,-7.36214897467405
4.80479171848072,-12.6565358375308,0.278370842670886
-2.45557383852367,-6.732882681261,-1.28446275633149

StrokePoints: 19
0,0,0
-2.4484834412859,-12.6932838844023,0.0837781320031643
-4.07607880398464,-14.3299532108292,0.125667198004746
-3.21264834197085,0.277878691620703,1.34729635533386
2.51938741366365,30.2735820428638,1.96420284765902
10.6715450216329,62.9638729584977,2.06016480698339
17.9815433593018,79.3334249661855,3.30273849731329
26.0982489810822,90.0387739034581,5.41355307597785
24.5131960018101,104.648295094688,6.89260854297706
22.9068718308246,102.414022776287,10.1709793856479
6.69473177897714,91.2530282223069,6.06016480698339
-6.27639834194841,71.1015039894859,4.33853564965427
-10.3453867486953,52.0250229204065,4.61690649232516
-7.91108410188493,51.8677641334909,5.79055466999209
10.7282681995351,76.2300345170855,8.31759111665348
8.28687515548702,113.508214713525,0.73990489831092
8.25142316929814,147.424753525171,-6.62224407636313
13.0562148877789,134.76821768764,-6.34387323369224
10.6006410492552,128.035335006379,-7.62833599002373

Velocities: 18
-3,-4,-5
-2,-2,-2
1,8,7
7,12,12
10,12,12
5,3,5
4,1,3
-4,2,5
-12,-9,5
-11,-2,5
-7,0,-9
-5,-5,-6
0,-1,0
10,-1,11
12,12,11
11,6,11
0,-11,-5
-1,-3,-3

InverseVelocities: 18
1,2,1
1,2,1
0,0,0
-3,0,-5
-3,-1,-5
-1,-1,-1
-1,-1,0
0,-7,-6
0,0,-12
0,0,-12
0,0,0
0,0,0
0,2,0
-5,6,-3
-3,0,-3
-4,-2,-3
0,0,0
0,0,0

RawData: 18
0,0,0,0,0,0,0,0,0,0,0.7003308,0,0,0,0,0.9234582,1,0.89039,0.8594037,0.8359505,0.7375246,0,0,0,0,0,0,0,0,0,0,0,0,0,0,0,0,0,0,0,0,0,0.7805616,0.8323359,0.8453382,0.8890135,0.8029175,0,0.806398,0.9854662,0.9778244,0.9786869,1,0.7736911,0.75683,0,0,0,0,0,0,0,0,0,0,0,0,0,0,0,0,0,0,0,0.6752637,0.6738523,0.6415189,0.7069073,0,0.7957071,0.7719626,0.9541337,1,0.7960682,0.8124388,0.879836,0.8052492,0,0,0,0,0,0,0,0,0,0,0,0,0,0,0,0,0,0,0,0,0.6599734,0.715244,0.6887453,0.7414188,0.7133734,0.7967151,0.8714355,0.7918565,1,0.9217535,0.8187301,0.88802,0.8849747,0,0,0,0,0,0,0,0,0,0,0,0,0,0,0,0,0,0,0,0,0,0.697498,0.8023303,0.8719547,0.8572971,0.7219925,0.9067816,0.8709089,0.9635808,1,0.7643522,0.9264811,0.7923203,0.8278385,0,0,0,0,0,0,0,0,0,0,0
0,0,0,0,0,0,0,0,0,0,0,0.6341292,0.652205,0.6595343,0,0.9200081,1,0.9533861,0.8746854,0.6812704,0.6622232,0,0,0,0,0,0,0,0,0,0,0,0,0,0,0,0,0,0,0,0,0,0,0,0.7124004,0.7920507,0.8542348,0.8649558,0.8475507,0.8625327,0.8252807,0.9800782,1,0.8776358,0.6882288,0,0,0,0,0,0,0,0,0,0,0,0,0,0,0,0,0,0,0,0,0,0,0.65558,0.7311575,0.7446078,0.8070644,0.9622139,1,0.9086367,0.8817303,0.854232,0.7537925,0,0,0,0,0,0,0,0,0,0,0,0,0,0,0,0,0,0,0,0,0,0,0,0,0,0,0.7125467,0.8879496,1,0.9600385,0.8941426,0.8782477,0.754135,0.6609183,0,0,0,0,0,0,0,0,0,0,0,0,0,0,0,0,0,0,0,0,0,0,0.6469664,0.7248846,0.7793243,0.743296,0.8017249,0.9766359,1,0.9187885,0.9728217,0.882404,0.6666901,0.6463647,0,0,0,0,0,0,0,0,0,0
0,0,0,0,0,0,0,0,0,0,0,0,0,0,0.6888199,0.9536635,1,0.8522528,0.7401485,0.721536,0.6738415,0,0,0,0,0,0,0,0,0,0,0,0,0,0,0,0,0,0,0,0,0,0,0,0,0,0,0.8352022,0.8173416,0.8651262,0.9041561,1,0.838792,0.9004263,0.8793002,0.8802535,0.8753534,0.8721554,0.8489469,0.8152867,0.7240898,0,0,0,0,0,0,0,0,0,0,0,0,0,0,0,0,0,0,0.6626778,0.7355263,0.9256333,1,0.9279724,0.7854868,0.7943633,0.7752092,0.7467667,0.720111,0.7185302,0.698881,0.6820018,0.6463538,0,0,0,0,0,0,0,0,0,0,0,0,0,0,0,0,0,0,0,0,0,0.8737945,1,0.966019,0.8980789,0.8043174,0.7721136,0.6950682,0.7131135,0.6955948,0.6996763,0,0,0,0,0,0,0,0,0,0,0,0,0,0,0,0,0,0,0,0,0,0,0.6979598,0.7509691,0.998049,1,0.9572627,0.947714,0.8975264,0.841006,0.8295853,0.7844737,0.8009323,0.7866656,0.7752572,0.7325086,0,0,0,0,0
0,0,0,0,0,0,0,0,0,0,0.6302242,0.6244336,0,0.6344762,0.6374476,0.8982967,1,0.920202,0,0.7152871,0.7635188,0.7164258,0.7213736,0.7551889,0.6493967,0.6612027,0.6214712,0,0,0,0,0,0,0,0,0,0,0,0,0,0,0,0,0,0,0,0,0,0.8998086,0.9635304,1,0.9869766,0.7211636,0.853703,0.8658941,0.8321593,0.8998014,0.9030681,0.8738869,0.8764032,0.886452,0.8821958,0.8717986,0.8013174,0.6968623,0.658363,0,0,0,0,0,0,0,0,0.6068041,0.586229,0,0.6411141,0.6393645,0.7685724,0.8526145,0.9637259,1,0.8657579,0.7657323,0.5920399,0.6741605,0,0.7347828,0.7264087,0.8125463,0.7550942,0.7033266,0.7298169,0.7202519,0.7162181,0.6760617,0.6662701,0.6189747,0,0,0,0,0,0,0,0,0.5950601,0.59861,0.6304339,0.6051675,0.6089716,0.734428,0.8412823,0.920415,1,0.9582849,0.8459063,0.7877843,0.7423074,0.6912039,0.7629932,0.7994543,0.8098661,0.7429997,0.730132,0.7469668,0,0.6642687,0.618035,0,0,0,0,0,0,0,0,0,0,0,0,0,0.627405,0.620547,0.6321103,0.6476922,0.7703461,0.955985,1,0.9176087,0.8509212,0.6962281,0.6525527,0,0.7570012,0.7750868,0.7387396,0.7698399,0.6552685,0.7357331,0.7833888,0.7618005,0.7345583,0.6721683
0,0,0,0,0,0,0,0,0,0,0.606971,0.6428323,0.6739402,0.7186856,0.7991041,0.9398167,1,0.9142077,0.6534206,0,0.7041837,0.7023549,0,0.6686316,0.789349,0.7637621,0.6055483,0.7103571,0.6913143,0.6196293,0,0,0,0,0,0,0,0,0,0,0,0,0,0,0,0.7272088,0.7358518,0.783443,0.8894225,0.9167643,1,0.9757944,0.8668621,0.8479598,0.8788208,0.9508798,0.9072431,0.6916735,0.6952968,0,0.7509716,0.7636045,0.8677835,0.8396025,0.7053521,0.7347112,0,0,0,0,0,0,0,0,0.5812308,0,0.6457246,0.6695201,0.7098498,0.7745977,0.8559769,0.9520542,1,0.8436405,0.8053033,0.7718947,0.7361115,0.6670484,0.7548435,0.7737434,0.7370192,0.7810581,0.7439917,0.6442398,0,0.6764004,0.693885,0.672226,0.6601931,0,0,0,0,0,0,0,0,0,0.6951641,0,0.7029861,0.752333,0.8216329,0.9195706,0.9715136,0.9471224,1,0.8553089,0.7941414,0.8212879,0.7919918,0.6898856,0.8694879,0.8612976,0.8447578,0.8535382,0,0,0,0.6788575,0.6948367,0.6481538,0,0,0,0,0,0,0,0,0.5976622,0.6630107,0,0.6473209,0.6175224,0.7145385,0.7974287,0.8210565,0.9258541,1,0.9131492,0.8608841,0.7762875,0.7838578,0.7791755,0.8515649,0.8708313,0.8011926,0.6562951,0.6796949,0.6208485,0.6952472,0.6582422,0.7259449,0.7301157
0,0,0,0,0,0,0,0,0,0,0,0,0.7697161,0.8774849,0.9078175,0.906501,1,0.9189398,0,0,0,0.7503957,0.7837498,0.7169567,0.7226382,0,0,0,0,0,0,0,0,0,0,0,0,0,0,0,0,0,0,0,0,0.8652617,0.9216923,0.9246569,0.9280016,1,0.997332,0.8824283,0.9112828,0.917833,0,0.8671033,0,0,0,0,0,0,0,0,0,0,0,0,0,0,0,0,0,0,0,0,0,0,0.7521423,0.7970122,0.790354,0.9429254,1,0.9065213,0.7451792,0.739803,0.737452,0.7165312,0,0.7020929,0.7383782,0,0,0,0,0,0,0,0,0,0,0,0,0,0,0,0,0,0,0,0,0.7900825,0.9126767,0.933884,0.8246572,1,0.9385301,0.7629491,0.8306241,0.7631664,0,0.823232,0.8190183,0.7534684,0,0.7839848,0.7854184,0.7902122,0,0,0,0,0,0,0,0,0,0,0,0,0,0,0,0,0,0.8507341,0.9153202,0.9161553,0.9196082,1,0.9174711,0.8314104,0,0.7701991,0.7516448,0.8259584,0.8266137,0.7545093,0.7694716,0,0,0,0,0,0
0,0,0,0,0,0,0,0,0,0,0,0,0.6500123,0.7233059,0.7234643,0.8758504,1,0.9407985,0.6562509,0,0,0.7192582,0.7173313,0.6741346,0,0,0,0,0,0,0,0,0,0,0,0,0,0,0,0,0,0,0,0,0,0.7607177,0,0,0.8840334,0.977532,1,0.8661955,0.8354244,0.7586474,0,0,0,0,0,0,0,0,0,0,0,0,0,0,0,0,0,0,0,0,0,0,0,0,0,0.6642643,0.696991,0.9275876,1,0.8917278,0.6940601,0,0.6669569,0.6567667,0.6448067,0,0,0,0,0,0,0,0,0,0,0,0,0,0,0,0,0,0,0,0,0,0,0.7070752,0.7983612,0.7599789,0.8166855,0.9972497,1,0.8612936,0.7702097,0.7587112,0.8077836,0.7345315,0.7333078,0.7430292,0.7149809,0.7057334,0,0,0,0,0,0,0,0,0,0,0,0,0,0.6900952,0.699861,0,0,0,0.7259548,0.762598,0.7940442,0.8309692,0.927769,1,0.9046928,0.7624597,0.7942599,0.7732247,0.7612799,0.7416584,0.6846775,0.6735486,0.6823644,0,0,0,0,0,0
0,0,0,0,0,0,0,0,0,0.5835933,0.6476533,0.6308408,0.701524,0.6973879,0.7462035,0.8464911,1,0.9155071,0.6297234,0,0,0,0,0,0,0,0,0,0,0,0,0,0,0,0,0,0,0,0,0.64922,0.7267731,0,0,0,0.7453682,0.7755078,0.7666902,0,0.7103383,0.9207395,1,0.9430451,0.7655667,0.6984283,0.708619,0,0,0,0,0,0,0,0,0,0,0,0,0,0,0,0,0,0,0.5514093,0.5635389,0.6260676,0.7036703,0.6722467,0.5725784,0.6376556,0.6812779,0.913961,1,0.9170716,0.7286943,0.585032,0.6264717,0.6097197,0.5943022,0.5829443,0.6159104,0,0,0,0,0,0,0,0,0,0,0,0,0,0,0.5886872,0.5738822,0.6856847,0.5902121,0.6106241,0.7240351,0.7530904,0,0.6129565,0.8067495,1,0.9994215,0.7505304,0.6754082,0,0.7290781,0.7383826,0.6435191,0.6482546,0,0.6116366,0,0.5761589,0.5917193,0.575317,0.6016338,0,0,0,0,0,0,0,0,0.6360331,0.6942817,0.6616171,0.7376192,0.7901628,0.7041429,0.7874706,0.7626092,0.6657047,0.9564962,1,0.8573042,0.7849223,0,0,0.6927752,0.6762452,0,0,0,0,0,0,0,0,0
0.6206812,0.6711672,0.6821815,0.7218019,0.7340178,0.7284463,0.7379518,0.7390974,0.7178646,0.7105569,0.7407002,0.6302547,0.622292,0.7047334,0.7567883,0.9029972,1,0.8793412,0.7178662,0,0,0,0,0,0,0,0,0,0,0,0,0,0,0,0,0,0,0.8104088,0.8337002,0.7785417,0,0.8547964,0.7805373,0.84746,0.9000763,0.9347491,0.9137945,0.8203056,0.8010653,0.9677474,1,0,0.7666337,0,0,0,0,0,0,0,0,0,0,0,0,0,0.6724752,0.6579763,0.5903116,0,0,0,0.6354119,0.6692409,0.672779,0.7479702,0.7530012,0.6354755,0.5885261,0.6347922,0.6941814,0.9211571,1,0.9040932,0.7493411,0.6177071,0.5899528,0.673519,0,0,0.5835647,0,0,0,0,0,0,0,0,0,0.6825665,0.6457112,0.6533212,0.6990775,0.6142308,0.6645583,0.7728494,0.7202657,0.7470436,0.8194348,0.8080134,0.8043141,0.790401,0.7719483,0.8781212,1,0.9537648,0.7351546,0.8020672,0.7577576,0.6742443,0,0,0.6448243,0,0,0,0,0,0,0,0,0,0,0,0.7516522,0.7459903,0.7494174,0.7661346,0.762538,0.7705239,0.844451,0.9022184,0.9604301,0.981209,0.9458154,0.8232341,0.728603,0.8975165,1,0.8987589,0.8352652,0.8068323,0,0,0,0,0,0,0,0,0,0,0,0
0.6835617,0,0.6931736,0.7252709,0.6236283,0,0,0.6194506,0.6532496,0,0.6323588,0.6998245,0.7047559,0.6581872,0.6586778,0.9117769,1,0.903088,0.6185158,0,0,0,0,0,0,0,0,0,0,0,0,0,0,0,0,0,0,0,0,0,0,0,0,0,0.7604017,0,0.7467262,0.8720461,0.9652609,1,0.9546506,0,0,0,0,0,0,0,0,0,0,0,0,0,0,0.7675717,0.587818,0.6600235,0.6569336,0.6164256,0.5875657,0.6487378,0.6463309,0,0,0.6295601,0.5774168,0.643515,0,0.7041922,0.7220361,0.9170538,1,0.8982841,0.641927,0.5848643,0.5783194,0.6033135,0.6258258,0.5794609,0.5945274,0,0,0,0,0,0,0,0,0.6340504,0.7127444,0.721625,0.7058128,0.7231315,0.7000555,0.6881942,0.6892686,0.6641852,0.6763391,0,0.6380961,0.627506,0,0.6466194,0.8094991,1,0.966235,0.7855671,0.6410336,0,0,0,0,0,0,0,0,0,0,0,0,0,0,0,0.7212306,0.7772348,0.7241632,0,0.7011626,0.8000752,0.7646885,0,0,0,0.7132749,0,0.8775336,0.9492906,1,0.9670635,0.752082,0.7404413,0,0,0,0,0,0,0,0,0,0,0,0,0
0,0,0,0,0,0,0.7101417,0.7183643,0.736078,0.7182029,0,0,0,0,0,0.906046,1,0.9277525,0.7351539,0,0,0,0,0,0,0,0,0,0,0,0,0,0,0,0,0,0,0,0,0,0,0,0,0,0,0,0,0,0.8928546,0.9328896,1,0,0,0,0,0,0,0,0,0,0,0,0,0,0,0,0,0,0,0,0.7063723,0.7177588,0.6837186,0,0.6913342,0.7018292,0.6839845,0,0,0,0,0.9389298,1,0.8841552,0.7366827,0,0,0,0,0,0,0,0,0,0,0,0,0,0,0,0,0,0.7456008,0.7083005,0.6974635,0.7615373,0.7410547,0.7595182,0.7470424,0,0.7291096,0,0,0,0.8588851,1,0.9655614,0.864736,0,0,0,0,0,0,0,0,0,0,0,0,0,0,0,0,0,0,0.7386701,0,0,0,0,0,0,0,0,0,0,0.766658,0.9114227,1,0.9499105,0.7821656,0,0,0,0,0,0,0,0,0,0,0,0,0
0,0,0,0,0,0,0,0,0.685322,0,0.7219538,0.7266553,0.7040312,0.7365494,0.7477551,0.9191485,1,0.9039199,0.7451391,0,0,0,0,0,0,0,0,0,0,0,0,0,0,0,0,0,0,0,0,0,0,0.8118528,0.8444381,0.8391559,0.8190535,0.8554225,0.8239102,0,0.8123717,0.9206153,1,0.9557101,0.8875715,0,0,0,0,0,0,0,0,0,0,0,0,0,0,0,0,0,0,0,0,0.722261,0.7294918,0,0.7130991,0.7175253,0.7510263,0.7448529,0.7217377,0.9349967,1,0.8789752,0.7394167,0,0,0,0,0,0,0,0,0,0,0,0,0,0,0,0,0,0,0.6751884,0.6855714,0.6904147,0.7337398,0,0.7233135,0.7230853,0.7327578,0.7534945,0.7513301,0.7278265,0.8433874,1,0.9945534,0.8959896,0.7684214,0.6896309,0,0,0,0,0,0,0,0,0,0,0,0,0,0,0,0,0,0,0,0,0.7207746,0.7514725,0,0,0,0,0.7797183,0.8138155,0.8976855,0.9923751,1,0.8758869,0.7222013,0,0,0,0,0,0,0,0,0,0,0,0
0,0,0,0,0,0,0,0,0,0,0,0,0,0,0.6487248,0.9059145,1,0.9095273,0,0,0,0,0,0,0,0,0,0,0,0,0,0,0,0,0,0,0,0,0,0,0,0,0,0,0,0.7000418,0,0.8967917,0.9742697,1,0.9639643,0.864958,0.7146013,0.7165329,0.6872364,0,0,0,0,0,0,0,0,0,0,0,0,0,0,0,0,0,0,0,0,0,0,0,0,0.690217,0.7860172,0.9115865,1,0.915221,0.6733043,0.6606351,0,0,0,0,0,0,0,0,0,0,0,0,0,0,0,0,0,0,0,0,0,0,0,0,0,0,0.6220924,0.7317904,0.8707834,1,0.9674469,0.7315427,0.7161077,0.6422929,0,0,0,0,0,0,0,0,0,0,0,0,0,0,0,0,0,0,0,0,0,0,0,0,0,0,0.9000795,0.9752429,1,0.8625503,0.8831937,0.8532549,0.7878171,0.7685435,0,0,0,0,0,0,0,0,0,0,0
0,0,0,0,0,0,0,0,0.7088521,0.6950879,0.6894902,0.6879133,0,0,0.768122,0.9466906,1,0.8942442,0.7585137,0.7636091,0.7318841,0.695956,0,0,0,0,0.7229647,0.6944023,0.7197089,0.7340128,0,0,0,0,0,0,0,0,0,0,0,0,0,0,0,0.8659735,0.94372,1,0.9966459,0.9842318,0.9121551,0.9599477,0.952954,0.9361743,0.93262,0.881513,0,0.8503401,0.8555543,0,0,0,0,0,0,0,0,0,0,0,0,0,0,0,0,0,0.745122,0.776553,0.7843218,0.778854,0.8010712,0.9699672,1,0.8670914,0.7633489,0,0,0.7058681,0.7386553,0,0.7307503,0.7469488,0.7004215,0.6867628,0.7194378,0.7237137,0.6975005,0,0,0,0,0,0,0,0,0,0,0,0,0,0.6967469,0.803573,0.8116049,0.790931,0.9023764,1,0.9614232,0.7576762,0.7875953,0.7709826,0.6870759,0.7362862,0.7597265,0.7649145,0.7568687,0.7480521,0.7352881,0.7149852,0,0.7201349,0.7384856,0.6985348,0,0,0,0,0,0,0,0,0,0,0,0,0.8430158,0.9308396,0.9390078,0.8427692,0.9666881,1,0.8911453,0,0,0,0,0,0,0,0.7930906,0.7994864,0,0,0.8161621,0.8209916,0.7898151
0,0,0,0,0,0,0,0,0,0,0.6724437,0.7052562,0,0.7150126,0.7761462,0.9115448,1,0.9143908,0,0,0,0,0,0,0,0,0.677703,0.7031903,0,0.6983692,0,0.7244033,0.6876618,0,0,0,0,0,0,0,0,0,0,0,0,0,0,0.894021,0.9794651,0.9658788,1,0.8634112,0,0,0,0,0,0,0.8534536,0,0,0,0,0,0.8547589,0.8730975,0,0,0,0,0,0,0,0,0,0,0.7117207,0.7808481,0.7611869,0.8031912,0.7821807,0.960138,1,0.8581086,0,0,0,0,0.6810825,0.6928169,0,0.6762117,0.6911007,0.6777586,0.6750929,0.7093996,0.6755247,0,0,0,0,0,0,0,0,0,0,0,0,0.6766515,0.7785603,0.7699904,0.7257892,0.7730974,0.8712704,1,0.9542501,0.7268698,0,0,0,0,0.6921168,0,0,0.6890921,0.684587,0,0,0.7528039,0.7127531,0,0.8190984,0,0,0,0,0,0,0,0,0,0.7513749,0.7472746,0.8218659,0,0.8702444,0.806437,0.9619789,1,0.8356495,0,0,0,0,0,0,0,0,0,0,0,0,0,0.7640243
0,0,0,0,0,0,0,0,0,0.5769804,0.5852281,0,0.6282551,0.7026313,0.6501673,0.9289312,1,0.875995,0.6494457,0.6087807,0,0,0,0.5854761,0.5936285,0,0,0,0,0.5752538,0.5726744,0,0,0,0,0,0,0,0,0,0,0,0,0,0.7652374,0.7474077,0,0,0.8617234,1,0.9850181,0.8455642,0,0,0,0,0,0,0.7361377,0,0,0,0,0,0,0,0,0,0,0,0,0,0,0,0,0,0.6284987,0.5746332,0.5814032,0.7205533,0.632014,0.9440189,1,0.8784137,0.6335119,0.609087,0,0,0,0,0,0,0.5601122,0.6168455,0.6172351,0.6233078,0.5936022,0,0,0.5834826,0,0.6127754,0.5877964,0,0,0,0,0,0,0.6442825,0,0.6223516,0.6959752,0.6557149,0.8698614,1,0.9505796,0.7659857,0.6501028,0.6230975,0.6513599,0,0,0,0,0,0.5778013,0,0,0.653739,0.5812132,0,0.6612936,0,0,0,0,0,0,0,0.6685985,0.6552646,0,0,0.7281473,0.7437201,0.7153859,0.7245701,0.9431574,1,0.9138193,0.6936671,0.6794298,0.6932261,0.653516,0,0.6558154,0.7339789,0.7396771,0.707072,0.689827,0,0,0,0
0,0,0,0,0,0,0,0,0,0,0,0,0,0,0.7851683,0.9397854,1,0.9031796,0.7820042,0,0,0,0,0,0,0,0,0,0,0,0,0,0,0,0,0.8485651,0.8485568,0.8559785,0.8609308,0.8742521,0.8723701,0.8877234,0.8957174,0.8725735,0.8749833,0,0,0,0.849289,0.9747829,1,0.9298918,0,0,0,0,0,0,0,0,0,0,0,0,0,0,0,0,0,0,0,0,0,0,0.7251484,0.6983979,0,0,0,0.6879243,0,0.9669868,1,0.8674061,0.8020438,0,0,0,0,0,0,0,0,0,0,0,0,0,0,0,0,0,0,0,0,0,0,0,0,0.7208157,0,0,0,0.7241231,0.8682517,1,0.9540643,0.7510757,0.727677,0,0,0,0,0,0,0,0,0,0,0,0,0,0,0,0,0,0,0,0,0,0.8339638,0.7988752,0.7969831,0.8053155,0,0,0,0.8792812,0.9943879,0.9964015,1,0.9224357,0,0,0,0,0,0,0,0,0,0,0,0,0
0,0,0,0,0,0,0,0,0,0,0,0,0.6693478,0.712642,0.7728589,0.9396398,1,0.9003666,0.6754583,0,0,0,0,0,0,0,0,0,0,0,0,0,0,0,0,0,0,0,0,0,0,0,0,0.842576,0.8779244,0,0,0,0.8960612,1,0.9894804,0.9132749,0.8702698,0,0,0,0,0,0,0,0,0,0,0,0,0,0,0,0,0,0,0,0,0,0,0,0.623562,0.6452459,0.6907117,0,0,0.9440165,1,0.905788,0.6636001,0.6024798,0,0,0,0,0,0,0,0,0,0,0,0,0,0,0,0,0,0,0,0,0,0,0,0.619376,0.6570587,0.7155696,0.6825168,0.7218189,0.8730388,1,0.9499016,0.7884443,0,0,0,0,0,0,0,0,0,0,0,0,0,0,0,0,0,0,0,0,0,0,0.6712624,0,0,0,0.6854517,0.7213284,0.8001705,0.8216758,0.9091493,1,0.9255117,0.7294452,0,0,0,0,0,0,0,0,0,0,0,0,0
