GestureName: arrow
Duration(ms): 1410
Handedness: right

SpeakerAngles: 2
55
-55

InterpretedPoints: 30
-0.806707284111599,2.82431260731812
0,-6.77835025756348
0.806707284111599,-3.95403765024536
0,-2.25945008585449
0,0
1.6134145682232,2.25945008585449
0,3.38917512878174
3.2268291364464,5.64862521463624
0.806707284111599,6.21348773609986
1.6134145682232,5.64862521463624
2.4201218523348,3.95403765024536
0.806707284111599,0.564862521463624
0,0
-1.6134145682232,-2.25945008585449
-0.806707284111599,-3.95403765024536
0.806707284111599,-6.21348773609986
-0.806707284111599,-7.34321277902711
-0.806707284111599,-6.21348773609986
0,-2.25945008585449
0.806707284111599,-0.564862521463624
0,0
0,0
0,0
4.84024370466959,-4.51890017170899
0,0
0,0
0,0
0,0
0,0
0,0

StrokePoints: 31
177.666666666667,130.277777777778
178.473373950778,127.45346517046
178.473373950778,134.231815428023
177.666666666667,138.185853078269
177.666666666667,140.445303164123
177.666666666667,140.445303164123
176.053252098443,138.185853078269
176.053252098443,134.796677949487
172.826422961997,129.148052734851
172.019715677886,122.934564998751
170.406301109662,117.285939784114
167.986179257328,113.331902133869
167.179471973216,112.767039612405
167.179471973216,112.767039612405
168.792886541439,115.02648969826
169.599593825551,118.980527348505
168.792886541439,125.194015084605
169.599593825551,132.537227863632
170.406301109662,138.750715599732
170.406301109662,141.010165685587
169.599593825551,141.57502820705
169.599593825551,141.57502820705
169.599593825551,141.57502820705
169.599593825551,141.57502820705
164.759350120881,146.093928378759
164.759350120881,146.093928378759
164.759350120881,146.093928378759
164.759350120881,146.093928378759
164.759350120881,146.093928378759
164.759350120881,146.093928378759
164.759350120881,146.093928378759

Velocities: 30
2,3
-6,-6
-3,-4
-2,-2
0,0
3,1
3,3
7,3
6,5
6,4
5,2
1,0
0,0
-3,-1
-4,-3
-5,-6
-7,-6
-6,-5
-2,-2
0,-1
0,0
0,0
0,0
-1,-7
0,0
0,0
0,0
0,0
0,0
0,0

InverseVelocities: 30
-6,0
0,0
0,0
0,0
0,0
0,0
0,0
0,0
0,0
0,0
0,0
0,0
0,0
0,0
0,0
0,0
0,0
0,0
0,0
0,0
0,0
0,0
0,0
0,0
0,0
0,0
0,0
0,0
0,0
0,0

RawData: 30
0,0,0,0,0,0,0,0.6623764,0.6667807,0.657231,0.5705106,0,0,0.6691492,0.7004518,0.7801043,1,0.9888211,0.7161266,0,0,0.6633115,0,0,0,0,0,0,0,0,0,0,0,0,0,0,0,0,0,0,0,0,0,0,0,0,0,0,0.9306765,1,0.8783173,0.6311711,0.7163929,0.7064419,0.6232738,0.6166571,0,0,0,0,0,0,0,0,0,0
0,0,0,0,0,0,0,0.6290672,0.7060149,0.6928401,0.7097958,0.6105686,0.6916542,0.6311432,0.6784224,0.8147491,1,0.9926186,0.753096,0,0,0,0,0,0,0,0,0,0,0,0,0,0,0,0,0,0,0,0,0,0.5648062,0.6217082,0,0,0,0.6250824,0.6751778,0.6471685,0.9288909,1,0.8863699,0.6962287,0.6681637,0,0,0,0,0,0,0,0,0,0,0,0,0
0,0,0,0,0,0,0,0,0,0,0.7236038,0.7362722,0.6993062,0.7120014,0,0.8457826,1,0.9852268,0.7762853,0,0,0,0,0,0,0,0,0,0,0,0,0,0,0,0,0,0,0,0,0,0,0,0.645382,0.6213294,0,0.6217567,0.7205104,0.6719642,0.9435946,1,0.8928608,0.6191466,0,0,0,0,0,0,0,0,0,0,0,0,0,0
0,0,0,0,0,0,0,0,0,0,0,0.6417545,0.6931629,0.6852035,0.668092,0.8088367,1,0.9880811,0.7695001,0,0,0,0,0,0,0,0,0,0,0,0,0,0,0,0,0,0,0,0,0,0,0,0,0,0.6248916,0.5970511,0.7099023,0.7104889,0.9390733,1,0.8781253,0,0,0,0,0,0,0,0,0,0,0,0,0,0,0
0,0,0,0,0,0,0,0,0,0,0,0,0,0.6143581,0.6690727,0.8398423,1,0.9777428,0.6934292,0,0,0,0,0,0,0,0,0,0,0,0,0,0,0,0,0,0,0,0,0,0,0,0,0,0,0,0.6040487,0.6271384,0.9328069,1,0.8836588,0,0,0,0,0,0,0,0,0,0,0,0,0,0,0
0,0,0,0,0,0,0,0,0,0,0,0,0,0,0,0.7786132,1,0.9929263,0.7650223,0.6183985,0.6813747,0.6965806,0.6306655,0,0,0,0,0,0,0,0,0,0,0,0,0,0,0,0,0,0,0,0,0,0,0,0,0.6054234,0.9341217,1,0.8878507,0.693224,0.6563731,0.6157525,0,0,0,0,0,0,0,0,0,0,0,0
0,0,0,0,0,0,0,0,0,0,0,0,0,0,0,0.8332894,1,0.986365,0.7994932,0,0.7548311,0.7234561,0.7455015,0,0,0,0,0,0,0,0,0,0,0,0,0,0,0,0,0,0,0,0,0,0,0,0,0,0.9467998,1,0.8974239,0,0,0,0.7323963,0.7611492,0,0,0,0,0,0,0,0,0,0
0,0,0,0,0,0,0,0,0,0,0,0,0,0,0,0.8332539,1,0.9818922,0.7919923,0.6940923,0.6166576,0.6806645,0,0.7440937,0.8023025,0.7853251,0.6806611,0,0,0,0,0,0,0,0,0,0,0,0,0,0,0,0,0,0,0,0,0,0.9409748,1,0.8797486,0.704528,0.7010226,0.6096918,0.7835195,0.7742019,0,0,0,0,0,0,0,0,0,0
0,0,0,0,0,0,0,0,0,0,0,0,0,0,0,0.833105,1,0.9729201,0.6871995,0,0.6291665,0.7158423,0.7449381,0,0.7500612,0.6400118,0,0,0,0,0,0,0,0,0,0,0,0,0,0,0,0,0,0,0,0,0,0.6508036,0.9396113,1,0.8917377,0,0.723894,0,0.7446932,0.693497,0.7281768,0.7022484,0,0,0,0,0,0,0,0
0,0,0,0,0,0,0,0,0,0,0,0,0,0,0,0.8359454,1,0.9918566,0.8279343,0,0.7348796,0.7017968,0.8176426,0.774994,0.7107676,0.7160424,0,0,0,0,0,0,0,0,0,0,0,0,0,0,0,0,0,0,0,0,0,0,0.9460242,1,0.8514532,0.7804449,0.7258976,0.808093,0.8132253,0.7996125,0.7224987,0,0,0,0,0,0,0,0,0
0,0,0,0,0,0,0,0,0,0,0,0,0,0,0,0.8098008,1,0.9647334,0.6966727,0.7853958,0.7934334,0,0.7724521,0.7444328,0.6712949,0,0,0,0,0,0,0,0,0,0,0,0,0,0,0,0,0,0,0,0,0,0,0,0.9342563,1,0.8844583,0.7553549,0.7447437,0.6920335,0.684138,0,0,0,0,0,0,0,0,0,0,0
0,0,0,0,0,0,0,0,0,0,0,0,0,0,0,0.8165063,1,0.9882778,0.888436,0.8834543,0.8168564,0,0,0,0,0,0,0,0,0,0,0,0,0,0,0,0,0,0,0,0,0,0,0,0,0,0,0.71093,0.940733,1,0.9289624,0.837015,0.7650476,0,0,0,0,0,0,0,0,0,0,0,0,0
0,0,0,0,0,0,0,0,0,0,0,0,0,0,0.7372492,0.6559892,1,0.9939455,0.7635641,0.6574346,0,0,0,0,0,0,0,0,0,0,0,0,0,0,0,0,0,0,0,0,0,0,0,0,0,0,0,0.6598244,0.9161111,1,0.8133304,0.7272761,0,0,0,0,0,0,0,0,0,0,0,0,0,0
0,0,0,0,0,0,0,0,0,0,0.6208068,0.6843464,0.7071301,0.8003148,0.8297047,0.8178616,1,0.9881174,0.7842405,0,0,0,0,0,0,0,0,0,0,0,0,0,0,0,0,0,0,0,0,0,0,0,0,0,0,0.6608039,0.696032,0.786511,0.9529828,1,0.8803498,0,0,0,0,0,0,0,0,0,0,0,0,0,0,0
0,0,0,0,0,0,0,0,0,0.6921586,0.7458063,0.7326708,0,0.720037,0.6348295,0.6950258,1,0.9967585,0.7664011,0,0,0,0,0,0,0,0,0,0,0,0,0,0,0,0,0,0,0,0,0,0,0,0,0.6135604,0.6256866,0.7645906,0.7680654,0.6577404,0.9382415,1,0.8916832,0,0,0,0,0,0,0,0,0,0,0,0,0,0,0
0,0,0,0,0,0,0,0,0.6806817,0.7260519,0.5977395,0.6480823,0.6555037,0.6410262,0.6916442,0.8006402,1,0.986184,0.7505623,0,0,0,0,0,0,0,0,0,0,0,0,0,0,0,0,0,0,0,0,0,0.5772665,0.6489544,0.6879903,0.6830218,0.7610129,0.7912151,0.7087662,0.6949151,0.9315246,1,0.8682773,0,0,0,0,0,0,0,0,0,0,0,0,0,0,0
0,0,0,0,0,0,0.6900135,0.7929459,0.8524791,0.8430701,0.8042271,0.7517172,0.6122485,0,0,0.8410434,1,0.9784623,0.7281624,0,0,0,0,0,0,0,0,0,0,0,0,0,0,0,0,0,0,0,0,0,0.6097845,0.6587163,0.7592026,0.73296,0.7027739,0.6496029,0.654536,0.6622364,0.9386002,1,0.8837293,0,0,0,0,0,0,0,0,0,0,0,0,0,0,0
0,0,0,0,0,0,0,0.677218,0.6954141,0.6550593,0.7416773,0.7892934,0.7353237,0.7243927,0.7168281,0.7386414,1,0.9973992,0.7633383,0,0,0,0,0,0,0,0,0,0,0,0,0,0,0,0,0,0,0,0,0,0,0.571734,0.6930907,0.6981259,0.6777558,0.6577207,0,0.6503822,0.9350677,1,0.8790178,0,0,0,0,0,0,0,0,0,0,0,0,0,0,0
0,0,0,0,0,0,0,0,0,0,0,0.7479591,0.7368506,0,0.7435033,0.8346229,1,0.9812438,0.7437432,0,0,0,0,0,0,0,0,0,0,0,0,0,0,0,0,0,0,0,0,0,0,0,0,0,0.735279,0.7930107,0.7938219,0.6938289,0.9365973,1,0.8939067,0,0,0,0,0,0,0,0,0,0,0,0,0,0,0
0,0,0,0,0,0,0,0,0,0,0,0,0,0.7599663,0.808604,0.7536982,1,0.979389,0,0,0,0,0,0,0,0,0,0,0,0,0,0,0,0,0,0,0,0,0,0,0,0,0,0,0,0.7479317,0.82265,0.7957728,0.9308298,1,0.8748576,0,0,0,0,0,0,0,0,0,0,0,0,0,0,0
0,0,0,0,0,0,0,0,0,0,0,0,0,0,0,0.8625567,1,0.9826675,0.7995011,0,0,0,0,0,0,0,0,0,0,0,0,0,0,0,0,0,0,0,0,0,0,0,0,0,0,0,0,0.7753729,0.9564451,1,0.8849925,0,0,0,0,0,0,0,0,0,0,0,0,0,0,0
0,0,0,0,0,0,0,0,0,0,0,0,0,0,0,0.8337055,1,0.9800012,0.7444277,0,0,0,0,0,0,0,0,0,0,0,0,0,0,0,0,0,0,0,0,0,0,0,0,0,0,0,0.6057957,0.7175446,0.9358607,1,0.8831949,0,0,0,0,0,0,0,0,0,0,0,0,0,0,0
0,0,0,0,0,0,0,0,0,0,0,0,0,0,0,0.8101056,1,0.9696852,0.7060276,0.6136923,0,0,0,0,0,0,0,0,0,0,0,0,0,0,0,0,0,0,0,0,0,0,0,0,0,0,0.6000031,0.5376861,0.9403675,1,0.873912,0,0,0,0,0,0,0,0,0,0,0,0,0,0,0
0,0,0,0,0,0,0,0,0,0,0,0,0.619857,0.6151903,0.6651601,0.8376102,1,0.9829556,0.7524575,0,0,0,0,0,0,0,0,0,0,0,0,0,0,0,0,0,0,0,0,0.5876685,0.6238292,0.5932978,0.6544625,0.6326736,0.5890623,0.6144111,0,0.5786633,0.9412389,1,0.8724499,0.5640227,0,0,0,0,0,0,0,0,0,0,0,0,0,0
0,0,0,0,0,0,0,0,0,0,0,0,0,0,0.7279587,0.8250526,1,0.9906693,0.7865121,0,0,0,0,0,0,0,0,0,0,0,0,0,0,0,0,0,0,0,0,0,0,0,0,0,0,0,0.6625773,0.7332403,0.9496725,1,0.8849339,0,0,0,0,0,0,0,0,0,0,0,0,0,0,0
0,0,0,0,0,0,0,0,0,0,0,0,0,0,0.6434213,0.8571466,1,0.9740287,0.7123688,0,0,0,0,0,0,0,0,0,0,0,0,0,0,0,0,0,0,0,0,0,0,0,0,0,0,0,0.6353847,0.6825448,0.9443538,1,0.8882438,0,0,0,0,0,0,0,0,0,0,0,0,0,0,0
0,0,0,0,0,0,0,0,0,0,0,0,0,0,0,0.8120385,1,0.9889541,0.7626207,0,0,0,0,0,0,0,0,0,0,0,0,0,0,0,0,0,0,0,0,0,0,0,0,0,0,0,0,0,0.934577,1,0.8841091,0,0,0,0,0,0,0,0,0,0,0,0,0,0,0
0,0,0,0,0,0,0,0,0,0,0,0,0,0,0,0.8222295,1,0.9920855,0.7811219,0,0,0,0,0,0,0,0,0,0,0,0,0,0,0,0,0,0,0,0,0,0,0,0,0,0,0,0,0.6406578,0.9443411,1,0.8941635,0,0,0,0,0,0,0,0,0,0,0,0,0,0,0
0,0,0,0,0,0,0,0,0,0,0,0,0,0,0,0.819541,1,0.9919065,0.7898636,0,0,0,0,0,0,0,0,0,0,0,0,0,0,0,0,0,0,0,0,0,0,0,0,0,0,0,0,0,0.9444572,1,0.9078884,0,0,0,0,0,0,0,0,0,0,0,0,0,0,0
0,0,0,0,0,0,0,0,0,0,0,0,0,0,0,0.8093122,1,0.9831283,0.7043819,0,0,0,0,0,0,0,0,0,0,0,0,0,0,0,0,0,0,0,0,0,0,0,0,0,0,0,0,0,0.9353184,1,0.8817754,0,0,0,0,0,0,0,0,0,0,0,0,0,0,0
