GestureName: mu
Duration(ms): 1222
Handedness: right

SpeakerAngles: 2
55
-55

InterpretedPoints: 26
-0.806707284111599,-0.564862521463624
0,0
0,0
0,2.25945008585449
1.6134145682232,3.38917512878174
0,5.64862521463624
1.6134145682232,6.77835025756348
0.806707284111599,7.34321277902711
2.4201218523348,2.82431260731812
3.2268291364464,-3.38917512878174
1.6134145682232,-4.51890017170899
0,-4.51890017170899
0,-3.38917512878174
-0.806707284111599,-1.69458756439087
0,0
0,0
0,0
0,0
2.4201218523348,3.95403765024536
0.806707284111599,6.21348773609986
2.4201218523348,2.82431260731812
2.4201218523348,6.21348773609986
0,2.25945008585449
0,0
0,0
0,0

StrokePoints: 27
177.666666666667,130.277777777778
178.473373950778,130.842640299241
178.473373950778,130.842640299241
178.473373950778,130.842640299241
178.473373950778,128.583190213387
176.859959382555,125.194015084605
176.859959382555,119.545389869969
175.246544814332,112.767039612405
174.43983753022,105.423826833378
172.019715677886,102.59951422606
168.792886541439,105.988689354842
167.179471973216,110.507589526551
167.179471973216,115.02648969826
167.179471973216,118.415664827042
167.986179257328,120.110252391433
167.986179257328,120.110252391433
167.986179257328,120.110252391433
167.986179257328,120.110252391433
167.986179257328,120.110252391433
165.566057404993,116.156214741187
164.759350120881,109.942727005087
162.339228268546,107.118414397769
159.919106416212,100.904926661669
159.919106416212,98.6454765758149
159.919106416212,98.6454765758149
159.919106416212,98.6454765758149
159.919106416212,98.6454765758149

Velocities: 26
-1,0
0,0
0,0
2,2
4,2
5,5
7,5
7,6
4,1
-1,-5
-3,-5
-4,-4
-3,-3
-2,-1
0,0
0,0
0,0
0,0
5,2
6,5
4,1
7,4
2,2
0,0
0,0
0,0

InverseVelocities: 26
0,0
0,0
0,0
0,0
0,0
0,0
0,0
-1,-3
0,-5
0,0
1,0
1,0
0,1
0,0
0,0
0,0
0,0
0,0
0,0
0,-3
0,0
0,-2
-1,-1
0,0
0,0
0,0

RawData: 26
0,0,0,0,0,0,0,0,0,0,0,0,0.7705047,0.886619,0.8688201,0.8264177,1,0.9825837,0,0,0,0,0,0,0,0,0,0,0,0,0,0,0,0,0,0,0,0,0,0,0,0,0,0,0,0,0.7180669,0.7972292,0.9388376,1,0.8968337,0,0,0,0,0,0,0,0,0,0,0,0,0,0,0
0,0,0,0,0,0,0,0,0,0,0,0,0,0.7736634,0.8826904,0.8515059,0.9930584,1,0.8210674,0,0,0,0,0,0,0,0,0,0,0,0,0,0,0,0,0,0,0,0,0,0,0,0,0,0,0,0.6437771,0.7645751,0.9495142,1,0.9016141,0,0,0,0,0,0,0,0,0,0,0,0,0,0,0
0,0,0,0,0,0,0,0,0,0,0,0,0,0,0.7135865,0.8761572,1,0.96746,0.7747438,0.7412626,0,0,0,0,0,0,0,0,0,0,0,0,0,0,0,0,0,0,0,0,0,0,0,0,0,0,0,0.6941363,0.9397113,1,0.9040584,0.7347091,0.7191349,0,0,0,0,0,0,0,0,0,0,0,0,0
0,0,0,0,0,0,0,0,0,0,0,0,0,0,0,0.8041287,0.9970079,1,0.8713236,0.8371811,0.8344698,0.7916293,0,0,0,0,0,0,0,0,0,0,0,0,0,0,0,0,0,0,0,0,0,0,0,0,0,0.6645938,0.9502904,1,0.8930877,0,0.6742501,0.6986041,0.7010076,0,0,0,0,0,0,0,0,0,0,0
0,0,0,0,0,0,0,0,0,0,0,0,0,0,0,0.8251644,1,0.9826351,0.7681249,0,0.6898313,0.7455406,0.7286761,0.7346158,0,0,0,0,0,0,0,0,0,0,0,0,0,0,0,0,0,0,0,0,0,0,0,0.6408297,0.9369831,1,0.8867446,0,0,0.6445962,0.652846,0,0,0,0,0,0,0,0,0,0,0
0,0,0,0,0,0,0,0,0,0,0,0,0,0,0,0.8307751,1,0.9698083,0.6919057,0,0.7079573,0.6809371,0,0.7523488,0.7621865,0,0,0,0,0,0,0,0,0,0,0,0,0,0,0,0,0,0,0,0,0,0,0.6262866,0.9311944,1,0.8905926,0.6537905,0.7261541,0.6965876,0,0,0.6963004,0.6471846,0,0,0,0,0,0,0,0
0,0,0,0,0,0,0,0,0,0,0,0,0,0,0,0.7698384,1,0.9983055,0.8287902,0.6919907,0,0.7734152,0.820634,0.7938005,0.6585253,0.7988002,0.7000092,0,0,0,0,0,0,0,0,0,0,0,0,0,0,0,0,0,0,0,0.6081415,0.6773151,0.9411719,1,0.8962298,0.760743,0.7708431,0.7446599,0.7845096,0.6108231,0.6261351,0.6464735,0,0,0,0,0,0,0,0
0,0,0,0,0,0,0,0,0,0,0,0,0.6292114,0.6380495,0.6938995,0.8129925,1,0.9749439,0.7780566,0.8407475,0.7816663,0.7364482,0.7099792,0.7972003,0.7913002,0.753731,0.6426823,0,0,0,0,0,0,0,0,0,0,0,0,0,0,0,0,0.5462092,0.644995,0.6199099,0.593353,0.7585744,0.9509577,1,0.8925254,0.8231617,0.8707793,0.8490089,0.7308059,0,0.6655744,0.6229386,0.5607249,0,0,0,0,0,0,0
0,0,0,0,0,0,0,0,0,0,0,0,0,0.7162129,0.7357059,0.7714119,0.9895495,1,0.8872796,0.7852708,0.8828052,0.8474228,0.7268509,0.6780697,0,0,0,0,0,0,0,0,0,0,0,0,0,0,0,0,0,0.656687,0.6379437,0.7030585,0.7335542,0.720869,0.6981337,0.7749043,0.9270771,1,0.9069788,0.7659301,0.725234,0.6969112,0,0,0,0,0,0,0,0,0,0,0,0
0,0,0,0,0,0,0,0,0,0,0,0,0.7103097,0.791872,0.8516223,0.9262917,1,0.9220845,0.7803854,0.8103279,0,0,0,0,0,0,0,0,0,0,0,0,0,0,0,0,0,0,0,0,0,0.7918119,0.7481574,0.7680224,0.7616811,0.749396,0.7738088,0.7769429,0.947131,1,0.8957971,0,0.7054185,0,0,0,0,0,0,0,0,0,0,0,0,0
0,0,0,0,0,0,0,0,0,0,0.7362782,0.7052298,0.7327783,0.8135568,0.7268637,0.7290349,0.9848771,1,0.8882045,0.7687486,0.6989558,0,0,0,0,0,0,0,0,0,0,0,0,0,0,0,0,0,0,0,0,0.8032969,0.7964915,0.7494727,0.8460073,0.7985411,0.7590272,0.7714559,0.9521046,1,0.8890034,0,0,0,0,0,0,0,0,0,0,0,0,0,0,0
0,0,0,0,0,0,0,0,0,0.6528393,0.6986754,0.6845653,0,0.7320005,0.7349339,0.865866,1,0.9896536,0.7849945,0.6998776,0.6883109,0,0,0,0,0,0,0,0,0,0,0,0,0,0,0,0,0,0,0,0,0,0.7573568,0.7508057,0,0.7836158,0.7279829,0.7160047,0.9553109,1,0.8641648,0,0,0,0,0,0,0,0,0,0,0,0,0,0,0
0,0,0,0,0,0,0,0,0,0,0.6642486,0.7623945,0.801603,0.7293552,0.8127293,0.8583114,1,0.977712,0.6969141,0.6880435,0,0,0,0,0,0,0,0,0,0,0,0,0,0,0,0,0,0,0,0,0,0,0,0.6360221,0.7419945,0.7740564,0.6301497,0.6790863,0.929519,1,0.8936524,0.6238525,0.624758,0.6290159,0,0,0,0,0,0,0,0,0,0,0,0
0,0,0,0,0,0,0,0,0,0,0,0.725357,0.7488061,0,0.8436281,0.929381,1,0.9697834,0.7654779,0,0,0,0,0,0,0,0,0,0,0,0,0,0,0,0,0,0,0,0,0,0,0,0,0,0,0.7302151,0.7999367,0.8154823,0.9256431,1,0.9192161,0.6725907,0.6687642,0,0,0,0,0,0,0,0,0,0,0,0,0
0,0,0,0,0,0,0,0,0,0,0,0,0,0.7751882,0.8119272,0.8770206,1,0.9881942,0,0,0,0,0,0,0,0,0,0,0,0,0,0,0,0,0,0,0,0,0,0,0,0,0,0,0,0,0.7567635,0.8086182,0.9641914,1,0.8933365,0.6719564,0.6425273,0,0,0,0,0,0,0,0,0,0,0,0,0
0,0,0,0,0,0,0,0,0,0,0,0,0,0,0.7590677,0.8746724,1,0.9736596,0.7033135,0,0,0,0,0,0,0,0,0,0,0,0,0,0,0,0,0,0,0,0,0,0,0,0,0,0,0,0,0.6980718,0.9401844,1,0.8858587,0,0,0,0,0,0,0,0,0,0,0,0,0,0,0
0,0,0,0,0,0,0,0,0,0,0,0,0,0,0,0.8393106,1,0.9870931,0.764412,0,0,0,0,0,0,0,0,0,0,0,0,0,0,0,0,0,0,0,0,0,0,0,0,0,0,0,0,0,0.9477343,1,0.8941451,0,0,0,0,0,0,0,0,0,0,0,0,0,0,0
0,0,0,0,0,0,0,0,0,0,0,0,0,0,0,0.8541048,1,0.9996389,0.887915,0,0,0,0,0,0,0,0,0,0,0,0,0,0,0,0,0,0,0,0,0,0,0,0,0,0,0,0,0,0.9551666,1,0.9120216,0,0,0,0,0,0,0,0,0,0,0,0,0,0,0
0,0,0,0,0,0,0,0,0,0,0,0,0,0.6285428,0.6014253,0.8124093,1,0.9855642,0.8914163,0.8609252,0.7286766,0.7009453,0.5850046,0.5893721,0.5802012,0,0,0,0,0,0,0,0,0,0,0,0,0,0,0,0,0,0,0,0,0,0.5618547,0.6798695,0.9280144,1,0.9225518,0.7899498,0.6820378,0.5482445,0.5544035,0,0,0,0,0,0,0,0,0,0,0
0,0,0,0,0,0,0,0,0,0,0,0,0,0.675519,0.7752614,0.8119856,1,0.9832012,0.8142918,0.8858306,0.768947,0.7823882,0.661202,0.7420059,0.7634836,0.6541421,0,0,0,0,0,0,0,0,0,0,0,0,0,0,0,0,0,0.5696518,0.6079752,0.6597945,0.6532585,0.6368575,0.9379076,1,0.8765569,0.7230368,0.6815799,0.6644977,0.6679137,0.6213783,0.6573176,0.600067,0,0,0,0,0,0,0,0
0,0,0,0,0,0,0,0,0,0,0,0,0,0,0.8618017,0.9134886,1,0.9759084,0.8815894,0.8690493,0,0,0.8378195,0.7942706,0,0,0,0,0,0,0,0,0,0,0,0,0,0,0,0,0,0,0,0,0,0,0,0,0.9437865,1,0.9182148,0.8222149,0.7505745,0.753119,0,0,0,0,0,0,0,0,0,0,0,0
0,0,0,0,0,0,0,0,0,0,0,0,0,0.742564,0.7671569,0.8193369,0.9202419,1,0.9155799,0.8402491,0.9125498,0.7905287,0.8531882,0.8092499,0.6253117,0.6355683,0.6104516,0,0,0,0,0,0,0,0,0,0,0,0,0,0,0,0,0,0.5939497,0.6197301,0.6318597,0.6856349,0.944086,1,0.8966704,0.8308065,0.8227057,0.7652506,0.7259293,0.7112426,0.6602583,0,0,0,0,0,0,0,0,0
0,0,0,0,0,0,0,0,0,0,0,0,0.7546264,0.8002552,0.7524186,0.8811539,1,0.9252625,0.9164546,0.8607605,0.8552279,0.8055461,0,0,0,0,0,0,0,0,0,0,0,0,0,0,0,0,0,0,0,0,0,0,0,0.6732212,0,0.6782408,0.940292,1,0.8724285,0.7769185,0.7749839,0.7275,0.7143317,0,0,0,0,0,0,0,0,0,0,0
0,0,0,0,0,0,0,0,0,0,0,0,0,0,0.7690201,0.8454971,1,0.9491951,0.7883774,0.7909137,0,0,0,0,0,0,0,0,0,0,0,0,0,0,0,0,0,0,0,0,0,0,0,0,0,0,0,0.6582847,0.9230398,1,0.9031912,0,0,0,0,0,0,0,0,0,0,0,0,0,0,0
0,0,0,0,0,0,0,0,0,0,0,0,0,0,0,0.9073089,1,0.9541444,0,0,0,0,0,0,0,0,0,0,0,0,0,0,0,0,0,0,0,0,0,0,0,0,0,0,0,0,0,0,0.9323068,1,0.882759,0,0,0,0,0,0,0,0,0,0,0,0,0,0,0
0,0,0,0,0,0,0,0,0,0,0,0,0,0,0,0.9785133,0.9868215,1,0,0,0,0,0,0,0,0,0,0,0,0,0,0,0,0,0,0,0,0,0,0,0,0,0,0,0,0,0,0.6559097,0.9486212,1,0.8935167,0,0,0,0,0,0,0,0,0,0,0,0,0,0,0
