GestureName: zigzag
Duration(ms): 1410
Handedness: right

SpeakerAngles: 2
55
-55

InterpretedPoints: 30
2.4201218523348,8.47293782195435
0,11.2972504292725
0,11.2972504292725
-2.4201218523348,6.21348773609986
0.806707284111599,1.69458756439087
0,-2.25945008585449
-0.806707284111599,-5.08376269317261
3.22682913644639,-11.2972504292725
1.6134145682232,-10.1675253863452
3.2268291364464,-7.90807530049073
1.6134145682232,-3.38917512878174
-2.4201218523348,1.69458756439087
-2.4201218523348,8.47293782195435
-1.6134145682232,11.2972504292725
-0.806707284111599,7.34321277902711
-2.4201218523348,6.21348773609986
-1.6134145682232,2.25945008585449
0,0
1.6134145682232,-2.25945008585449
0.806707284111599,-7.34321277902711
1.6134145682232,-7.90807530049073
1.6134145682232,-9.03780034341798
0.806707284111599,-5.08376269317261
0,0
-4.03353642055799,2.82431260731812
-7.26036555700439,5.08376269317261
-0.806707284111599,6.21348773609986
-4.03353642055799,3.95403765024536
-0.806707284111599,0.564862521463624
0,0

StrokePoints: 31
177.666666666667,130.277777777778
175.246544814332,121.804839955823
175.246544814332,110.507589526551
175.246544814332,99.2103390972785
177.666666666667,92.9968513611786
176.859959382555,91.3022637967878
176.859959382555,93.5617138826423
177.666666666667,98.6454765758149
174.43983753022,109.942727005087
172.826422961997,120.110252391433
169.599593825551,128.018327691923
167.986179257328,131.407502820705
170.406301109662,129.712915256314
172.826422961997,121.23997743436
174.43983753022,109.942727005087
175.246544814332,102.59951422606
177.666666666667,96.3860264899604
179.28008123489,94.1265764041059
179.28008123489,94.1265764041059
177.666666666667,96.3860264899604
176.859959382555,103.729239268987
175.246544814332,111.637314569478
173.633130246109,120.675114912896
172.826422961997,125.758877606069
172.826422961997,125.758877606069
176.859959382555,122.934564998751
184.12032493956,117.850802305578
184.927032223671,111.637314569478
188.960568644229,107.683276919233
189.767275928341,107.118414397769
189.767275928341,107.118414397769

Velocities: 30
9,6
10,10
10,10
4,7
2,1
-2,-2
-5,-4
-8,-12
-8,-10
-5,-9
-2,-4
0,3
6,9
9,11
6,7
4,7
1,3
0,0
-1,-3
-6,-7
-6,-8
-7,-9
-4,-5
0,0
0,5
0,9
5,6
1,6
0,1
0,0

InverseVelocities: 30
0,0
0,0
-1,0
0,0
0,0
0,0
0,0
0,0
0,0
0,0
0,0
0,0
0,0
0,0
0,0
0,0
0,0
0,0
0,0
0,0
0,0
0,0
0,0
0,0
0,0
0,0
0,0
0,0
0,0
0,0

RawData: 30
0,0,0,0,0,0,0,0,0,0,0,0,0,0,0,0.7678255,1,0.9841865,0.7385691,0,0,0.6404102,0.6968836,0.6220053,0.630286,0.6505322,0.6287644,0.5712927,0.5663499,0,0,0,0,0,0,0,0,0,0,0,0,0,0,0,0,0,0,0,0.9290228,1,0.8638047,0,0,0.6821824,0.620121,0.6678133,0.7249889,0.6144655,0.5767047,0,0,0,0,0,0,0
0,0,0,0,0,0,0,0,0,0,0,0,0,0,0.6696286,0.8051834,1,0.9787499,0.7468305,0.635642,0.6869591,0.68726,0.684538,0.631067,0,0.7422507,0.7437347,0.731458,0.7309245,0.6702529,0,0,0,0,0,0,0,0,0,0,0,0,0,0,0,0,0,0,0.9433331,1,0.8552623,0.6899785,0.6415807,0.7643214,0.7527428,0.7104583,0.7371183,0.6571438,0.7074668,0.6396256,0.6891561,0.7243321,0.696064,0,0,0
0,0,0,0,0,0,0,0,0,0,0,0,0.6009378,0.5945401,0.6638551,0.7910638,1,0.9923887,0.8008683,0.6174697,0.6753721,0.6979305,0.6871359,0.7056342,0.6878697,0.6894182,0.7197011,0.7037307,0.6955541,0.6608022,0,0,0,0,0,0,0,0,0,0,0,0,0,0,0,0,0,0.6206437,0.9404051,1,0.8787695,0.7224196,0.7274992,0,0.6647574,0.7390721,0.7742736,0.7113308,0.7662438,0.7727943,0.7077557,0.7247557,0.6111378,0,0,0
0,0,0,0,0,0,0,0,0,0,0,0,0,0,0,0.8305542,1,0.9888264,0.853986,0.8355511,0.7921437,0.7787676,0.7637291,0.7511891,0,0,0,0,0,0,0,0,0,0,0,0,0,0,0,0,0,0,0,0,0,0,0,0,0.9267799,1,0.9025973,0.7903858,0.7528819,0.821162,0.7524408,0,0,0.8262139,0.842028,0.7754492,0,0,0,0,0,0
0,0,0,0,0,0,0,0,0,0,0,0,0,0,0.7038624,0.8424012,1,0.9870042,0.8446095,0.7846121,0.7254069,0.6320198,0,0,0,0,0,0,0,0,0,0,0,0,0,0,0,0,0,0,0,0,0,0,0,0,0,0,0.9291309,1,0.9165716,0.812749,0.8012068,0.7250429,0,0,0,0,0,0,0,0,0,0,0,0
0,0,0,0,0,0,0,0,0,0,0,0.7196084,0.7705398,0.6777374,0.7134905,0.8273591,1,0.9862899,0.759464,0,0,0,0,0,0,0,0,0,0,0,0,0,0,0,0,0,0,0,0,0,0,0,0,0,0.6747629,0.683627,0.6388167,0.7599331,0.9608829,1,0.8770352,0,0,0,0,0,0,0,0,0,0,0,0,0,0,0
0,0,0,0,0,0,0,0,0.7298462,0.7826996,0.7882364,0.7542286,0.7694266,0.7725807,0.7425058,0.8567609,1,0.9817638,0.7657369,0,0,0,0,0,0,0,0,0,0,0,0,0,0,0,0,0,0,0,0,0,0,0,0.6996206,0.7879009,0.7653808,0,0.7197474,0.7143355,0.9281527,1,0.8827119,0,0,0,0,0,0,0,0,0,0,0,0,0,0,0
0,0,0,0,0,0.7069771,0.7474555,0.758333,0.7703785,0.6847492,0.7098416,0.7566162,0.6385525,0,0.7205129,0.8496563,1,0.9836919,0.750913,0,0,0,0,0,0,0,0,0,0,0,0,0,0,0,0.6476516,0.7008649,0.7261082,0.7418819,0.6984435,0.6974739,0.6656388,0.6435258,0.7363549,0.7608696,0,0.6986713,0.7296684,0.6987159,0.9459168,1,0.8801033,0,0,0,0,0,0,0,0,0,0,0,0,0,0,0
0,0,0,0,0,0.7287104,0,0,0.7103538,0,0,0.7042413,0,0,0,0.8335484,1,0.9867967,0.7770804,0,0,0,0,0,0,0,0,0,0,0,0,0,0,0,0,0,0.7220401,0.7776824,0.7518604,0,0,0,0,0,0.7503545,0.7645025,0.7071019,0.7161204,0.9436461,1,0.8922601,0,0,0,0,0,0,0,0,0,0,0,0,0,0,0
0,0,0,0,0,0,0,0,0.6258988,0.6682822,0,0,0,0,0.7206285,0.7136689,1,0.9944961,0.7555248,0,0,0,0,0,0,0,0,0,0,0,0,0,0,0,0,0,0,0.6554228,0.6770993,0.6630509,0.7220133,0.7394246,0.6956177,0.6594756,0.6760913,0.6642506,0.70359,0.6658976,0.9236876,1,0.8778822,0,0,0,0,0,0,0,0,0,0,0,0,0,0,0
0,0,0,0,0,0,0,0,0,0,0,0.6295393,0.6366099,0,0.6262711,0.8523785,1,0.9805361,0.7429155,0,0,0,0,0,0,0,0,0,0,0,0,0,0,0,0,0,0,0,0,0,0,0,0.6144223,0.6461233,0.6870019,0.6916486,0.6853989,0.7540072,0.9464943,1,0.8825069,0.6134666,0,0,0,0,0,0,0,0,0,0,0,0,0,0
0,0,0,0,0,0,0,0,0,0,0,0,0,0,0,0.8247876,1,0.9881152,0.7787772,0,0,0,0,0,0,0,0,0,0,0,0,0,0,0,0,0,0,0,0,0,0,0,0,0,0,0,0,0,0.9366385,1,0.9038349,0,0.7247028,0.7337418,0.7174102,0.7050908,0,0,0,0,0,0,0,0,0,0
0,0,0,0,0,0,0,0,0,0,0,0,0,0,0,0.8245045,1,0.9915232,0.8310705,0.6928779,0,0,0.6583492,0.7223739,0.732173,0.7129772,0,0,0,0,0,0,0,0,0,0,0,0,0,0,0,0,0,0,0,0,0,0,0.9371229,1,0.8817809,0.633058,0,0,0.6493717,0,0.6813494,0.7537852,0.7903563,0.7837825,0.6778623,0.6050915,0,0,0,0
0,0,0,0,0,0,0,0,0,0,0,0,0,0,0,0.8372805,1,0.9837394,0.7992525,0.763105,0.6918429,0.6400526,0,0,0.6965176,0.7870907,0.7814251,0.7522548,0.6502008,0,0,0,0,0,0,0,0,0,0,0,0,0,0,0,0,0,0,0.6597518,0.9428922,1,0.8964664,0,0,0,0,0.6939899,0.6843231,0,0.6587422,0.7869201,0.7409465,0.6352931,0.7095371,0.6570011,0,0
0,0,0,0,0,0,0,0,0,0,0,0,0,0,0,0.8261448,1,0.9838992,0.7714854,0.6440386,0.6286737,0.7554051,0.7431579,0.6550307,0.6783239,0.6527814,0,0,0,0,0,0,0,0,0,0,0,0,0,0,0,0,0,0,0,0,0,0.6480279,0.9457377,1,0.8802788,0,0.6654456,0.6623355,0.7057844,0.6461173,0.7640549,0.7520428,0.7572656,0.7681221,0,0,0,0,0,0
0,0,0,0,0,0,0,0,0,0,0,0,0,0,0,0.8507658,1,0.9818841,0.779291,0.7849045,0.763741,0,0.777305,0.6973872,0,0,0,0,0,0,0,0,0,0,0,0,0,0,0,0,0,0,0,0,0,0,0,0,0.9500046,1,0.8930527,0.7469268,0.738139,0.7271478,0.8207642,0.7945846,0.7713541,0.7281656,0.7144017,0.6864428,0,0,0,0,0,0
0,0,0,0,0,0,0,0,0,0,0,0,0,0,0,0.8242748,1,0.990064,0.8403587,0.7516026,0.6757009,0,0,0,0,0,0,0,0,0,0,0,0,0,0,0,0,0,0,0,0,0,0,0,0,0,0,0,0.9499111,1,0.8541473,0.7120652,0.691453,0.7783591,0.7370782,0.6690068,0,0,0,0,0,0,0,0,0,0
0,0,0,0,0,0,0,0,0,0,0,0,0,0,0,0.8613659,1,0.9782637,0.7669307,0,0,0,0,0,0,0,0,0,0,0,0,0,0,0,0,0,0,0,0,0,0,0,0,0,0,0,0,0.7989424,0.9380894,1,0.9128419,0,0,0,0,0,0,0,0,0,0,0,0,0,0,0
0,0,0,0,0,0,0,0,0,0,0,0,0.7496135,0.7969617,0.7911962,0.7542891,1,0.9944022,0.7955878,0,0,0,0,0,0,0,0,0,0,0,0,0,0,0,0,0,0,0,0,0,0,0,0,0.6827087,0.7298098,0,0,0.7738323,0.9482626,1,0.8924772,0,0,0,0,0,0,0,0,0,0,0,0,0,0,0
0,0,0,0,0,0,0,0.6316831,0.6864551,0.6048077,0.6569857,0.6297221,0.756083,0.7363835,0.7045779,0.8526582,1,0.9804426,0.7569426,0,0,0,0,0,0,0,0,0,0,0,0,0,0,0,0,0,0,0,0,0.6723526,0.6589712,0.7137161,0.7060807,0.6724389,0.7028995,0.7245651,0.695071,0.7234775,0.9424276,1,0.882559,0,0,0,0,0,0,0,0,0,0,0,0,0,0,0
0,0,0,0,0,0,0,0.7048027,0.6824166,0.7122807,0.7086543,0.6959976,0.7252432,0.6718407,0.5941078,0.7762613,1,0.9886466,0.7475979,0,0,0,0,0,0,0,0,0,0,0,0,0,0,0,0,0,0,0,0.6089808,0.6247514,0.6735181,0.6231161,0.6045722,0.6446816,0.6386484,0.6092859,0.6384484,0.6593742,0.9303683,1,0.8705728,0,0,0,0,0,0,0,0,0,0,0,0,0,0,0
0,0,0,0,0,0,0.6066102,0.6998044,0.6783246,0,0.6244535,0.5854194,0.6993847,0.6407121,0.6153137,0.7921873,1,0.9868555,0.7362232,0,0,0,0,0,0,0,0,0,0,0,0,0,0,0,0,0,0,0.6537446,0.6919149,0.6922388,0,0.6681252,0.6128261,0,0.6503226,0.5935193,0.5959499,0.6941748,0.9386503,1,0.87906,0,0,0,0,0,0,0,0,0,0,0,0,0,0,0
0,0,0,0,0,0,0,0,0,0.7042767,0.7183331,0.705825,0,0.7347522,0.7424624,0.8375552,1,0.990662,0.7683141,0,0,0,0,0,0,0,0,0,0,0,0,0,0,0,0,0,0,0,0,0,0,0.6880718,0.7036591,0.6862355,0,0.7289149,0.7162189,0.6931146,0.9468541,1,0.8876469,0,0,0,0,0,0,0,0,0,0,0,0,0,0,0
0,0,0,0,0,0,0,0,0,0,0,0,0,0,0.7181104,0.8669343,1,0.9856694,0.7849318,0,0,0,0,0,0,0,0,0,0,0,0,0,0,0,0,0,0,0,0,0,0,0,0,0,0,0,0,0.741083,0.9371583,1,0.8811216,0,0,0,0,0,0,0,0,0,0,0,0,0,0,0
0,0,0,0,0,0,0,0,0,0,0,0,0,0,0,0.7926258,1,0.9870045,0.7515025,0.6616591,0,0,0,0,0,0,0,0,0,0,0,0,0,0,0,0,0,0,0,0,0,0,0,0,0,0,0,0.6777517,0.9401113,1,0.8911135,0,0,0,0,0.6890756,0.669742,0.647018,0,0,0,0,0,0,0,0
0,0,0,0,0,0,0,0,0,0,0,0,0,0,0,0.8229509,1,0.988136,0.8040992,0,0,0,0,0,0,0,0,0,0,0,0,0,0,0,0,0,0,0,0,0,0,0,0,0,0,0,0,0,0.9486908,1,0.880214,0,0,0,0,0,0,0,0,0.7054086,0.7183825,0.7014738,0,0,0,0
0,0,0,0,0,0,0,0,0,0,0,0,0,0,0,0.8460919,1,0.9826947,0.8361425,0.8415143,0.7917492,0.740002,0.7655664,0.7365136,0.7457941,0,0,0,0,0,0,0,0,0,0,0,0,0,0,0,0,0,0,0,0,0,0,0,0.9472042,1,0.9013519,0,0.7366202,0.7704006,0,0,0,0.7055382,0.7349374,0,0,0,0,0,0,0
0,0,0,0,0,0,0,0,0,0,0,0,0,0,0,0.8490992,1,0.9849295,0.8247045,0,0.8050286,0,0,0,0,0,0,0,0,0,0,0,0,0,0,0,0,0,0,0,0,0,0,0,0,0,0,0,0.9517722,1,0.8937916,0,0.7895474,0.790079,0,0.7456991,0.76536,0.7873077,0.7815754,0,0,0,0,0,0,0
0,0,0,0,0,0,0,0,0,0,0,0,0,0,0,0.8278003,1,0.9941364,0.8565389,0.7646284,0,0,0,0,0,0,0,0,0,0,0,0,0,0,0,0,0,0,0,0,0,0,0,0,0,0,0,0,0.9455731,1,0.9189389,0.813755,0.8027519,0.7771654,0,0,0,0,0,0,0,0,0,0,0,0
0,0,0,0,0,0,0,0,0,0,0,0,0,0,0,0.7823614,1,0.9856104,0,0,0,0,0,0,0,0,0,0,0,0,0,0,0,0,0,0,0,0,0,0,0,0,0,0,0,0,0,0,0.9510697,1,0.9022593,0.7899661,0,0,0,0,0,0,0,0,0,0,0,0,0,0
