GestureName: arrow
Duration(ms): 1410
Handedness: right

SpeakerAngles: 5
55
-55
0
0
110

SpeakerElevations: 5
-10
-10
-10
0
30

InterpretedPoints: 30
0.799616886873824,4.41073092866548,-1.02094453300079
-0.00709039723777505,-0.2686643887376,-0.32635182233307
0,0,0
0,0,0
0.827978475824924,2.21074615077359,0.805407289332278
0.835068873062699,5.4642182925234,0.958110933998418
-2.4201218523348,3.69458756439087,-0.520944533000791
0.0283615889511002,4.02908081398702,0.784462756331487
0.0141807944755501,3.52213653048741,0.479055466999209
0,0,0
0,0,0
0,0,0
4.05480761227132,5.21074615077359,0.805407289332278
6.48911025908166,8.15282791280958,1.28446275633149
2.40594105785925,7.12687429294009,-1.52094453300079
0,0,0
-0.0141807944755501,-6.47655978952403,0.0418890660015822
1.60632417098542,-5.35281269070147,0.541889066001582
-0.820888078587149,-3.08699905195103,-0.305407289332279
0,-0.984807753012208,0.17364817766693
0,0,0
0,0,0
0,0,0
0,0,0
-0.806707284111599,-3.53447802748804,0.520944533000791
-4.03353642055799,-10.7483513723792,1.7364817766693
0,0,0
0.806707284111599,-1.54967027447583,0.347296355333861
0,0,0
0,0,0

StrokePoints: 31
0,0,0
0.799616886873824,4.41073092866548,-1.02094453300079
0.792526489636049,4.14206653992788,-1.34729635533386
0.792526489636049,4.14206653992788,-1.34729635533386
0.792526489636049,4.14206653992788,-1.34729635533386
1.62050496546097,6.35281269070147,-0.541889066001582
2.45557383852367,11.8170309832249,0.416221867996836
0.0354519861888756,15.5116185476157,-0.104722665003955
0.0638135751399758,19.5406993616028,0.679740091327532
0.0779943696155259,23.0628358920902,1.15879555832674
0.0779943696155259,23.0628358920902,1.15879555832674
0.0779943696155259,23.0628358920902,1.15879555832674
0.0779943696155259,23.0628358920902,1.15879555832674
4.13280198188684,28.2735820428638,1.96420284765902
10.6219122409685,36.4264099556734,3.24866560399051
13.0278532988278,43.5532842486134,1.72772107098972
13.0278532988278,43.5532842486134,1.72772107098972
13.0136725043522,37.0767244590894,1.7696101369913
14.6199966753376,31.7239117683879,2.31149920299288
13.7991085967505,28.6369127164369,2.0060919136606
13.7991085967505,27.6521049634247,2.17974009132753
13.7991085967505,27.6521049634247,2.17974009132753
13.7991085967505,27.6521049634247,2.17974009132753
13.7991085967505,27.6521049634247,2.17974009132753
13.7991085967505,27.6521049634247,2.17974009132753
12.9924013126389,24.1176269359367,2.70068462432832
8.95886489208088,13.3692755635575,4.43716640099763
8.95886489208088,13.3692755635575,4.43716640099763
9.76557217619248,11.8196052890817,4.78446275633149
9.76557217619248,11.8196052890817,4.78446275633149
9.76557217619248,11.8196052890817,4.78446275633149

Velocities: 30
2,0,1
0,-1,0
0,0,0
0,0,0
0,2,2
0,3,3
0,3,0
0,4,3
0,2,1
0,0,0
0,0,0
0,0,0
2,0,2
3,0,4
3,-2,2
0,0,0
0,-2,-4
0,-3,-3
-1,-2,-1
0,0,-1
0,0,0
0,0,0
0,0,0
0,0,0
-1,0,-2
-5,0,-5
0,0,0
0,-1,-1
0,0,0
0,0,0

InverseVelocities: 30
0,0,0
0,0,0
0,0,0
0,0,0
0,0,0
0,0,0
0,0,0
0,0,0
0,0,-2
0,0,0
0,0,0
0,0,0
0,0,0
0,0,0
0,0,-2
0,0,0
0,0,0
0,0,0
0,0,0
0,0,0
0,0,0
0,0,0
0,0,0
0,0,0
0,0,0
0,0,0
0,0,0
0,0,0
0,0,0
0,0,0

RawData: 30
0,0,0,0,0,0,0,0,0,0,0,0,0,0,0.6542158,0.9018888,1,0.9233544,0.729354,0.6856205,0.6984984,0.6983778,0,0,0,0,0,0,0,0,0,0,0,0,0,0,0,0,0,0,0,0,0,0,0,0,0,0.8953018,0.9184623,1,0.9860932,0.7737536,0,0,0,0,0,0,0,0,0,0,0,0,0,0,0,0,0,0,0,0,0,0,0,0,0,0,0,0,0.6910168,0.9342056,1,0.9097694,0.6841023,0.6529694,0.6112813,0,0,0,0,0,0,0,0,0,0,0,0,0,0,0,0,0,0,0,0,0,0,0,0,0,0,0,0.8193796,1,0.9859098,0.7898157,0.7298501,0.6887571,0.6547682,0,0,0,0,0,0,0,0,0,0,0,0,0,0,0,0,0,0,0,0,0,0,0,0.8595837,0.8482067,0.8532264,0.8529609,0.9957104,1,0.7849668,0,0,0,0,0,0,0,0,0,0,0,0,0,0
0,0,0,0,0,0,0,0,0,0,0,0,0,0,0.6171755,0.871239,1,0.9270434,0.7010486,0.5635012,0,0,0,0,0,0,0,0,0,0,0,0,0,0,0,0,0,0,0,0,0,0,0,0,0,0.693432,0.79261,0.8487045,0.9013801,1,0.9835404,0.7423455,0,0,0,0,0,0,0,0,0,0,0,0,0,0,0,0,0,0,0,0,0,0,0,0,0,0,0,0.5890718,0.7192727,0.935459,1,0.8853968,0.6375792,0.5216485,0,0,0,0,0,0,0,0,0,0,0,0,0,0,0,0,0,0,0,0,0,0,0,0,0,0,0.5434859,0.5534363,0.814693,1,0.9714743,0.6833253,0.6187633,0,0,0,0,0,0,0,0,0,0,0,0,0,0,0,0,0,0,0,0,0,0,0,0,0,0.6006104,0.7326006,0.7827706,0.6019572,0.9430451,1,0.8720865,0.6600664,0.6264347,0,0,0,0,0,0,0,0,0,0,0,0
0,0,0,0,0,0,0,0,0,0,0,0,0,0,0,0.924004,1,0.897338,0,0,0,0,0,0,0,0,0,0,0,0,0,0,0,0,0,0,0,0,0,0,0,0,0,0,0,0,0,0.8474119,1,0.877618,0.9460831,0.9012124,0,0,0,0,0,0,0,0,0,0,0,0,0,0,0,0,0,0,0,0,0,0,0,0,0,0,0,0,0,0.9484338,1,0.8716689,0,0,0,0,0,0,0,0,0,0,0,0,0,0,0,0,0,0,0,0,0,0,0,0,0,0,0,0,0,0,0.8707124,1,0.9571869,0.6586911,0,0,0,0,0,0,0,0,0,0,0,0,0,0,0,0,0,0,0,0,0,0,0,0,0,0,0,0,0,0,0.9462324,1,0.8488232,0,0,0,0,0,0,0,0,0,0,0,0,0,0
0,0,0,0,0,0,0,0,0,0,0,0,0,0,0,0.9334592,1,0.9059601,0,0,0,0,0,0,0,0,0,0,0,0,0,0,0,0,0,0,0,0,0,0,0,0,0,0,0,0,0,0,0,0.984203,1,0.9848518,0,0,0,0,0,0,0,0,0,0,0,0,0,0,0,0,0,0,0,0,0,0,0,0,0,0,0,0,0,0.9584756,1,0.9035611,0.7168127,0,0,0,0,0,0,0,0,0,0,0,0,0,0,0,0,0,0,0,0,0,0,0,0,0,0,0,0,0,0.8835827,1,0.9656484,0.7511924,0,0,0,0,0,0,0,0,0,0,0,0,0,0,0,0,0,0,0,0,0,0,0,0,0,0,0,0,0,0,0.9819731,1,0.8923713,0,0,0,0,0,0,0,0,0,0,0,0,0,0
0,0,0,0,0,0,0,0,0,0,0,0,0,0,0.6340113,0.9372594,1,0.8719573,0.6503965,0,0,0,0,0,0,0,0,0,0,0,0,0,0,0,0,0,0,0,0,0,0,0,0,0,0,0,0,0,0.8020528,1,0.9567205,0.8421288,0.9155492,0.8571791,0.7771894,0,0,0,0,0,0,0,0,0,0,0,0,0,0,0,0,0,0,0,0,0,0,0,0,0.6092595,0.6705716,0.9532958,1,0.8721933,0.714609,0.6797164,0.5840923,0.5863456,0,0,0,0,0,0,0,0,0,0,0,0,0,0,0,0,0,0,0,0,0,0,0,0,0,0,0.8603597,1,0.9576064,0.6440033,0,0,0,0,0,0,0,0,0,0,0,0,0,0,0,0,0,0,0,0,0,0,0,0,0,0,0,0,0,0,0.9902362,1,0.8205581,0.7572815,0.8257691,0.7752785,0.7598841,0,0,0,0,0,0,0,0,0,0
0,0,0,0,0,0,0,0,0,0,0,0,0,0,0,0.9201882,1,0.8864054,0,0,0,0,0,0,0,0,0,0,0,0,0,0,0,0,0,0,0,0,0,0,0,0,0,0,0,0,0,0,0.8410482,1,0.9069749,0.8519089,0.8522757,0.960796,0.950916,0.8283832,0,0,0,0,0,0,0,0,0,0,0,0,0,0,0,0,0,0,0,0,0,0,0,0,0.7067271,0.9563301,1,0.8859321,0,0,0.6443071,0.6599954,0.6321919,0,0,0,0,0,0,0,0,0,0,0,0,0,0,0,0,0,0,0,0,0,0,0.6485907,0.6449987,0,0.8849146,1,0.958855,0,0.7150818,0.7294178,0.6825986,0,0,0,0,0,0,0,0,0,0,0,0,0,0,0,0,0,0,0,0,0,0,0,0,0,0,0,0.9806226,1,0.8657909,0.8986034,0.9511066,0.9601688,0.9094572,0.7850948,0,0,0,0,0,0,0,0,0
0,0,0,0,0,0,0,0,0,0,0,0,0,0,0.7868618,0.9555842,1,0.8686388,0,0,0,0,0,0,0,0,0,0,0,0,0,0,0,0,0,0,0,0,0,0,0,0,0,0,0,0,0,0,0.8301975,1,0.9689975,0,0,0,0.8988552,0.8874197,0,0,0,0,0,0,0,0,0,0,0,0,0,0,0,0,0,0,0,0,0,0,0,0,0.7517657,0.9575913,1,0.8823479,0,0,0,0,0,0,0,0,0,0,0,0,0,0,0,0,0,0,0,0,0,0,0,0,0,0,0,0,0,0.7026327,0.8693622,1,0.9602512,0.7070985,0.6946972,0,0.6932266,0,0,0,0,0,0,0,0,0,0,0,0,0,0,0,0,0,0,0,0,0,0,0,0,0,0,0,0.9817024,1,0.8701716,0,0,0,0,0,0,0,0,0,0,0,0,0,0
0,0,0,0,0,0,0,0,0,0,0,0,0,0,0,0.9141326,1,0.8886626,0,0,0,0,0,0,0,0,0,0,0,0,0,0,0,0,0,0,0,0,0,0,0,0,0,0,0,0,0,0,0.8233252,1,0.9512812,0.7090722,0.8196451,0.8598236,0.8095019,0.7070014,0.71955,0,0,0,0,0,0,0,0,0,0,0,0,0,0,0,0,0,0,0,0,0,0,0,0.6089405,0.9487581,1,0.8667294,0.6306148,0.6481611,0.6067664,0.5631346,0.539435,0,0,0,0,0,0,0,0,0,0,0,0,0,0,0,0,0,0,0,0,0,0,0,0.5924826,0.5770299,0.8674378,1,0.9414322,0.6694266,0,0,0,0,0,0,0,0,0,0,0,0,0,0,0,0,0,0,0,0,0,0,0,0,0,0,0,0,0,0.7387771,0.9667411,1,0.8470992,0.791232,0.7859295,0.7300148,0.7054546,0.6496249,0,0,0,0,0,0,0,0,0
0,0,0,0,0,0,0,0,0,0,0,0,0,0.6649127,0.7236026,0.9321695,1,0.8923837,0.6718798,0,0,0,0,0,0,0,0,0,0,0,0,0,0,0,0,0,0,0,0,0,0,0,0,0,0,0,0,0,0,1,0.9570981,0.8472791,0.873421,0.8841794,0.7983398,0,0,0,0,0,0,0,0,0,0,0,0,0,0,0,0,0,0,0,0,0,0,0.6420483,0.688933,0.6352647,0.6922625,0.9575061,1,0.8616768,0.6801735,0.679536,0.6313571,0,0,0,0,0,0,0,0,0,0,0,0,0,0,0,0,0,0,0,0,0,0,0,0.6279204,0.7205396,0.6661416,0,0.861559,1,0.9505675,0.6382433,0.6484022,0.6219955,0.6155238,0,0,0,0,0,0,0,0,0,0,0,0,0,0,0,0,0,0,0,0,0,0,0,0.7816338,0.7984009,0.7082696,0.8006934,0.98257,1,0.846971,0.7786545,0.7737168,0.7339545,0,0,0,0,0,0,0,0,0,0,0
0,0,0,0,0,0,0,0,0,0,0,0,0,0,0,0.9358701,1,0.9052904,0,0,0,0,0,0,0,0,0,0,0,0,0,0,0,0,0,0,0,0,0,0,0,0,0,0,0,0,0,0,0,0.997569,1,0,0,0,0,0,0,0,0,0,0,0,0,0,0,0,0,0,0,0,0,0,0,0,0,0,0,0,0,0.6967894,0,0.9565745,1,0.8811753,0,0,0,0,0,0,0,0,0,0,0,0,0,0,0,0,0,0,0,0,0,0,0,0,0,0,0,0,0.7484533,0.7980576,0.8544913,1,0.9636222,0,0,0,0,0,0,0,0,0,0,0,0,0,0,0,0,0,0,0,0,0,0,0,0,0,0,0,0,0,0.8188096,0.8585514,0.9894421,1,0.8442512,0.8497684,0,0,0,0,0,0,0,0,0,0,0,0,0
0,0,0,0,0,0,0,0,0,0,0,0,0,0,0,0.9231833,1,0.9010385,0,0,0,0,0,0,0,0,0,0,0,0,0,0,0,0,0,0,0,0,0,0,0,0,0,0,0,0,0,0,0.8252819,1,0.9743502,0.789199,0.7395856,0,0,0,0,0,0,0,0,0,0,0,0,0,0,0,0,0,0,0,0,0,0,0,0,0,0,0,0.6397121,0.9488236,1,0.8835339,0,0,0,0,0,0,0,0,0,0,0,0,0,0,0,0,0,0,0,0,0,0,0,0,0,0,0,0,0,0,0.8772021,1,0.9456689,0,0,0,0,0,0,0,0,0,0,0,0,0,0,0,0,0,0,0,0,0,0,0,0,0,0,0,0,0,0,0.7176478,1,0.9403387,0.9315735,0.7798591,0,0,0,0,0,0,0,0,0,0,0,0,0
0,0,0,0,0,0,0,0,0,0,0,0,0,0,0,0.9314883,1,0.8820527,0.7457904,0,0,0,0,0,0,0,0,0,0,0,0,0,0,0,0,0,0,0,0,0,0,0,0,0,0,0,0,0,0,1,0.9837342,0.9262002,0,0,0,0,0,0,0,0,0,0,0,0,0,0,0,0,0,0,0,0,0,0,0,0,0,0,0,0,0.7074091,0.9641764,1,0.8484058,0.7356088,0,0,0,0,0,0,0,0,0,0,0,0,0,0,0,0,0,0,0,0,0,0,0,0,0,0,0,0,0,0.8798469,1,0.9577145,0.7738644,0.7008032,0,0,0,0,0,0,0,0,0,0,0,0,0,0,0,0,0,0,0,0,0,0,0,0,0,0,0,0,0,0.9645103,1,0.9007069,0,0,0,0,0,0,0,0,0,0,0,0,0,0
0,0,0,0,0,0,0,0,0,0,0,0,0,0,0,0.9325979,1,0.8668948,0.7091392,0.7118153,0.7833368,0.7119396,0,0,0,0,0,0,0,0,0,0,0,0,0,0,0,0,0,0,0,0,0,0,0,0,0,0,0.8880883,1,0.9371731,0,0,0,0,0,0,0,0,0,0,0,0,0,0,0,0,0,0,0,0,0,0,0,0,0,0,0,0,0,0.6290938,0.9398155,1,0.8960136,0,0.7326068,0.7225706,0.6669118,0,0,0,0,0,0,0,0,0,0,0,0,0,0,0,0,0,0,0,0,0,0,0,0,0,0,0.8926767,1,0.9361586,0.6441305,0.650853,0.6919453,0.7236122,0.6565385,0,0,0,0,0,0,0,0,0,0,0,0,0,0,0,0,0,0,0,0,0,0,0,0,0,0.7965573,0.9846557,1,0.894085,0.819163,0.7515612,0.7592087,0.7313321,0,0,0,0,0,0,0,0,0,0
0,0,0,0,0,0,0,0,0,0,0,0,0,0,0,0.9259834,1,0.8857608,0.6529106,0.5786748,0.7310871,0.7237069,0.6327943,0,0,0,0,0,0,0,0,0,0,0,0,0,0,0,0,0,0,0,0,0,0,0,0,0.7105799,0.8217072,0.975163,1,0.7561232,0,0,0,0,0,0,0,0,0,0,0,0,0,0,0,0,0,0,0,0,0,0,0,0,0,0,0,0.6301457,0.6274301,0.9551927,1,0.8709927,0.6558067,0.5889552,0.5987752,0.6907151,0.6614396,0.5619804,0,0,0,0,0,0,0,0,0,0,0,0,0,0,0,0,0,0,0,0,0,0,0,0.6268204,0.8723212,1,0.9511889,0.7297174,0.6340721,0.6065297,0.7057421,0.7044186,0.6577627,0,0,0,0,0,0,0,0,0,0,0,0,0,0,0,0,0,0,0,0,0,0,0.7263125,0.7739704,0.7863271,0.994721,1,0.8665156,0.8333631,0.7902664,0.806502,0.8418794,0.8275319,0.6870691,0,0,0,0,0,0,0,0
0,0,0,0,0,0,0,0,0,0,0,0,0,0,0.6146021,0.9308266,1,0.8794978,0.6286976,0.6369581,0.6887863,0.6984554,0.6123129,0,0,0,0,0,0,0,0,0,0,0,0,0,0,0,0,0,0,0,0,0,0.673376,0.7153006,0.6925622,0.8214971,0.8785851,1,0.9502775,0.6808679,0.6688661,0,0,0,0,0,0,0,0,0,0,0,0,0,0,0,0,0,0,0,0,0,0,0,0,0.5832181,0.6093355,0.6947722,0.6590728,0.9433062,1,0.8747312,0.5608273,0,0.6141523,0.568769,0,0,0,0,0,0,0,0,0,0,0,0,0,0,0,0,0,0,0,0,0,0,0,0.5803386,0.6255326,0.5709537,0.8814298,1,0.9457626,0.6707802,0.6036479,0.6533387,0.6350064,0.6330158,0.6154184,0,0,0,0,0,0,0,0,0,0,0,0,0,0,0,0,0,0,0,0,0.6898006,0.7297551,0,0.7584652,0.8370823,0.9967071,1,0.781396,0.7341549,0,0,0,0,0,0,0,0,0,0,0,0,0
0,0,0,0,0,0,0,0,0,0,0,0,0,0,0,0.9151235,1,0.9097055,0,0,0,0,0,0,0,0,0,0,0,0,0,0,0,0,0,0,0,0,0,0,0,0,0,0,0,0,0,0,0,1,0.9865683,0,0,0,0,0,0,0,0,0,0,0,0,0,0,0,0,0,0,0,0,0,0,0,0,0,0,0,0,0,0,0.9411427,1,0.8864197,0,0,0,0,0,0,0,0,0,0,0,0,0,0,0,0,0,0,0,0,0,0,0,0,0,0,0,0,0,0,0.8601211,1,0.9745452,0.8037301,0.7126263,0,0,0,0,0,0,0,0,0,0,0,0,0,0,0,0,0,0,0,0,0,0,0,0,0,0,0.825848,0.8445148,0,0.9634563,1,0.8693426,0,0,0,0,0,0,0,0,0,0,0,0,0,0
0,0,0,0,0,0,0,0,0,0,0,0,0,0,0.7206865,0.8906115,1,0.9339255,0.7288105,0.7122722,0,0,0,0,0,0,0,0,0,0,0,0,0,0,0,0,0,0,0,0,0,0,0,0,0.7532344,0.7930707,0.7581727,0.7650105,0.8310572,1,0.9943261,0.7857373,0,0,0,0,0,0,0,0,0,0,0,0,0,0,0,0,0,0,0,0,0,0,0,0.6418108,0.6553017,0.6983281,0,0.6557342,0.683348,0.9379606,1,0.9077742,0.641751,0,0,0,0,0,0,0,0,0,0,0,0,0,0,0,0,0,0,0,0,0,0,0,0,0,0.7213442,0.7075179,0.6571713,0.6796262,0.83898,1,0.9827496,0.739063,0,0,0,0,0,0,0,0,0,0,0,0,0,0,0,0,0,0,0,0,0,0,0,0,0,0.8178606,0.8555817,0.8369595,0,0.8195878,0.9533871,1,0.9123235,0,0,0,0,0,0,0,0,0,0,0,0,0,0
0,0,0,0,0,0,0,0,0,0,0,0,0,0,0,0.9060518,1,0.9121925,0,0,0,0,0,0,0,0,0,0,0,0,0,0,0,0,0,0,0,0,0,0,0,0,0,0.8002238,0.8726231,0.7985554,0,0,0.7902935,1,0.996326,0,0,0,0,0,0,0,0,0,0,0,0,0,0,0,0,0,0,0,0,0,0,0,0,0,0.7192435,0.7070208,0,0.7000593,0,0.9245298,1,0.8967407,0,0,0,0,0,0,0,0,0,0,0,0,0,0,0,0,0,0,0,0,0,0,0,0,0,0,0,0.717851,0,0,0.8548486,1,0.9773672,0.7220389,0,0,0,0,0,0,0,0,0,0,0,0,0,0,0,0,0,0,0,0,0,0,0,0,0,0,0.9588735,0.952878,0,0,0,1,0.9856145,0,0,0,0,0,0,0,0,0,0,0,0,0,0
0,0,0,0,0,0,0,0,0,0,0,0,0.711825,0.7396661,0,0.8992621,1,0.9229352,0,0,0,0,0,0,0,0,0,0,0,0,0,0,0,0,0,0,0,0,0,0,0,0,0,0,0.7498819,0.8220111,0.8822742,0.8391599,0.8080578,1,0.9981452,0.7988254,0,0,0,0,0,0,0,0,0,0,0,0,0,0,0,0,0,0,0,0,0,0,0,0,0,0,0.6604967,0.6720676,0,0.9281951,1,0.904011,0,0,0,0,0,0,0,0,0,0,0,0,0,0,0,0,0,0,0,0,0,0,0,0,0,0,0,0.708207,0.698663,0.729723,0.8511173,1,0.9806886,0.7442825,0,0,0,0,0,0,0,0,0,0,0,0,0,0,0,0,0,0,0,0,0,0,0,0,0,0.7973942,0.8749438,0.8554193,0.8309122,0.7646189,0.9588425,1,0.8468211,0,0,0,0,0,0,0,0,0,0,0,0,0,0
0,0,0,0,0,0,0,0,0,0,0,0,0,0.6295918,0.7375424,0.9200056,1,0.9138487,0,0,0,0,0,0,0,0,0,0,0,0,0,0,0,0,0,0,0,0,0,0,0,0,0,0,0,0,0.760528,0.8953035,0.8946879,0.9666311,1,0.7698864,0,0,0,0,0,0,0,0,0,0,0,0,0,0,0,0,0,0,0,0,0,0,0,0,0,0,0.5811368,0.6398398,0.7226153,0.9310912,1,0.8937275,0,0,0,0,0,0,0,0,0,0,0,0,0,0,0,0,0,0,0,0,0,0,0,0,0,0,0,0,0,0,0.8477986,1,0.980257,0.7495316,0,0,0,0,0,0,0,0,0,0,0,0,0,0,0,0,0,0,0,0,0,0,0,0,0,0,0,0,0.7832876,0.8654619,0.9372258,1,0.823841,0,0,0,0,0,0,0,0,0,0,0,0,0,0
0,0,0,0,0,0,0,0,0,0,0,0,0,0,0,0.8797549,1,0.9182267,0,0,0,0,0,0,0,0,0,0,0,0,0,0,0,0,0,0,0,0,0,0,0,0,0,0,0,0,0,0.6499358,0.8705867,1,0.9586189,0,0,0,0,0,0,0,0,0,0,0,0,0,0,0,0,0,0,0,0,0,0,0,0,0,0,0,0,0,0.6593659,0.9372975,1,0.8921393,0,0,0,0,0,0,0,0,0,0,0,0,0,0,0,0,0,0,0,0,0,0,0,0,0,0,0,0,0,0,0.8219367,1,0.9831754,0.7567834,0,0,0,0,0,0,0,0,0,0,0,0,0,0,0,0,0,0,0,0,0,0,0,0,0,0,0,0,0,0.7285962,0.9544014,1,0.874838,0,0,0,0,0,0,0,0,0,0,0,0,0,0
0,0,0,0,0,0,0,0,0,0,0,0,0,0,0,0.9162331,1,0.9083303,0,0,0,0,0,0,0,0,0,0,0,0,0,0,0,0,0,0,0,0,0,0,0,0,0,0,0,0,0,0,0.7867613,1,0.9867312,0.7631055,0,0,0,0,0,0,0,0,0,0,0,0,0,0,0,0,0,0,0,0,0,0,0,0,0,0,0,0,0,0.9353986,1,0.9002913,0,0,0,0,0,0,0,0,0,0,0,0,0,0,0,0,0,0,0,0,0,0,0,0,0,0,0,0,0,0,0.8393937,1,0.9810833,0.7457468,0,0,0,0,0,0,0,0,0,0,0,0,0,0,0,0,0,0,0,0,0,0,0,0,0,0,0,0,0,0,0.9390547,1,0.874436,0,0,0,0,0,0,0,0,0,0,0,0,0,0
0,0,0,0,0,0,0,0,0,0,0,0,0,0,0,0.9208858,1,0.9113957,0,0,0,0,0,0,0,0,0,0,0,0,0,0,0,0,0,0,0,0,0,0,0,0,0,0,0,0,0,0,0.8046955,0.991939,1,0.8542793,0,0,0,0,0,0,0,0,0,0,0,0,0,0,0,0,0,0,0,0,0,0,0,0,0,0,0,0,0,0.9338443,1,0.9164879,0,0,0,0,0,0,0,0,0,0,0,0,0,0,0,0,0,0,0,0,0,0,0,0,0,0,0,0,0,0,0.8446084,1,0.9816399,0.7744142,0,0,0,0,0,0,0,0,0,0,0,0,0,0,0,0,0,0,0,0,0,0,0,0,0,0,0,0,0,0,0.9527589,1,0.8910788,0,0,0,0,0,0,0,0,0,0,0,0,0,0
0,0,0,0,0,0,0,0,0,0,0,0,0,0,0.6962056,0.9249461,1,0.912159,0,0,0,0,0,0,0,0,0,0,0,0,0,0,0,0,0,0,0,0,0,0,0,0,0,0,0,0,0,0,0.844864,1,0.9690372,0.7308227,0,0,0,0,0,0,0,0,0,0,0,0,0,0,0,0,0,0,0,0,0,0,0,0,0,0,0,0,0.6166314,0.9218159,1,0.901651,0.584801,0,0,0,0,0,0,0,0,0,0,0,0,0,0,0,0,0,0,0,0,0,0,0,0,0,0,0,0,0,0.8354368,1,0.9741507,0.7171865,0,0,0,0,0,0,0,0,0,0,0,0,0,0,0,0,0,0,0,0,0,0,0,0,0,0,0,0,0,0.7513404,0.971422,1,0.8392677,0.6380932,0,0,0,0,0,0,0,0,0,0,0,0,0
0,0,0,0,0,0,0,0,0,0,0,0,0.7265854,0.7553858,0.7917311,0.8786804,1,0.929601,0,0,0,0,0,0,0,0,0,0,0,0,0,0,0,0,0,0,0,0,0,0,0,0,0,0,0,0,0,0.8496453,0.9776186,1,0.9897723,0,0,0,0,0,0,0,0,0,0,0,0,0,0,0,0,0,0,0,0,0,0,0,0,0,0,0.6415389,0.6487691,0.7062903,0.7564583,0.9375008,1,0.8958294,0.6244889,0,0,0,0,0,0,0,0,0,0,0,0,0,0,0,0,0,0,0,0,0,0,0,0,0,0,0.6218297,0.6489939,0.6691265,0.8882191,1,0.9537405,0.6260821,0,0,0,0,0,0,0,0,0,0,0,0,0,0,0,0,0,0,0,0,0,0,0,0,0,0,0,0,0,0.7662735,0.98773,1,0.8442302,0,0,0,0,0,0,0,0,0,0,0,0,0,0
0,0,0,0,0,0,0,0,0.6463215,0.6067537,0,0.6626621,0.7077578,0.6354538,0.696256,0.9212441,1,0.8896397,0,0,0,0,0,0,0,0,0,0,0,0,0,0,0,0,0,0,0,0,0,0,0,0,0,0,0,0,0,0.8328523,0.9225484,1,0.9529951,0,0,0,0,0,0,0,0,0,0,0,0,0,0,0,0,0,0,0,0,0,0,0,0.5640655,0.6373917,0,0,0.571673,0.6570495,0.7362098,0.9551958,1,0.8658544,0.5725768,0,0,0,0,0,0,0,0,0,0,0,0,0,0,0,0,0,0,0,0,0,0,0,0,0.55485,0.5755661,0,0.583935,0.6176051,0.8927705,1,0.934567,0.5922769,0.5853818,0,0,0,0,0,0,0,0,0,0,0,0,0,0,0,0,0,0,0,0,0,0,0,0,0,0,0,0.8081558,0.8248193,1,0.8666784,0.8853953,0,0,0,0,0,0,0,0,0,0,0,0,0,0
0,0,0,0,0,0,0,0,0,0,0,0,0,0,0,0.9513616,1,0.8957404,0,0,0,0,0,0,0,0,0,0,0,0,0,0,0,0,0,0,0,0,0,0,0,0,0,0,0,0,0,0.8549139,0.9152661,1,0.9574295,0,0,0,0,0,0,0,0,0,0,0,0,0,0,0,0,0,0,0,0,0,0,0,0,0,0,0,0,0,0.7375345,0.9606112,1,0.8846915,0,0,0,0,0,0,0,0,0,0,0,0,0,0,0,0,0,0,0,0,0,0,0,0,0,0,0,0,0,0,0.9118615,1,0.9428458,0,0,0,0,0,0,0,0,0,0,0,0,0,0,0,0,0,0,0,0,0,0,0,0,0,0,0,0,0,0.8449121,0,1,0.9980174,0.841154,0,0,0,0,0,0,0,0,0,0,0,0,0,0
0,0,0,0,0,0,0,0,0,0,0,0,0,0,0,0.9357693,1,0.8929161,0,0,0,0,0,0,0,0,0,0,0,0,0,0,0,0,0,0,0,0,0,0,0,0,0,0,0,0.7786325,0.8238373,0.8303111,0.8773851,1,0.9633799,0,0,0,0,0,0,0,0,0,0,0,0,0,0,0,0,0,0,0,0,0,0,0,0,0,0,0,0.6873204,0.6698803,0.6793114,0.9581505,1,0.8791312,0,0,0,0,0,0,0,0,0,0,0,0,0,0,0,0,0,0,0,0,0,0,0,0,0,0,0,0,0,0.7106627,0.8876664,1,0.9475318,0,0,0,0,0,0,0,0,0,0,0,0,0,0,0,0,0,0,0,0,0,0,0,0,0,0,0,0,0,0.7355293,0.7777109,0.993727,1,0.8400694,0,0,0,0,0,0,0,0,0,0,0,0,0,0
0,0,0,0,0,0,0,0,0,0,0,0,0,0,0,0.9253535,1,0.8868588,0,0,0,0,0,0,0,0,0,0,0,0,0,0,0,0,0,0,0,0,0,0,0,0,0,0,0,0,0,0,0.835614,1,0.9518968,0,0,0,0,0,0,0,0,0,0,0,0,0,0,0,0,0,0,0,0,0,0,0,0,0,0,0,0,0,0.603111,0.9489931,1,0.86713,0,0,0,0,0,0,0,0,0,0,0,0,0,0,0,0,0,0,0,0,0,0,0,0,0,0,0,0,0,0,0.8636095,1,0.9396697,0,0,0,0,0,0,0,0,0,0,0,0,0,0,0,0,0,0,0,0,0,0,0,0,0,0,0,0,0,0,0.6690934,0.9699987,1,0.8343534,0,0,0,0,0,0,0,0,0,0,0,0,0,0
0,0,0,0,0,0,0,0,0,0,0,0,0,0,0,0.9289794,1,0.8983477,0,0,0,0,0,0,0,0,0,0,0,0,0,0,0,0,0,0,0,0,0,0,0,0,0,0,0,0,0,0,0.8014666,1,0.970856,0,0,0,0,0,0,0,0,0,0,0,0,0,0,0,0,0,0,0,0,0,0,0,0,0,0,0,0,0,0.6625689,0.953912,1,0.8845742,0,0,0,0,0,0,0,0,0,0,0,0,0,0,0,0,0,0,0,0,0,0,0,0,0,0,0,0,0,0,0.8685026,1,0.951047,0,0,0,0,0,0,0,0,0,0,0,0,0,0,0,0,0,0,0,0,0,0,0,0,0,0,0,0,0,0,0.7069176,0.9678866,1,0.8557153,0,0,0,0,0,0,0,0,0,0,0,0,0,0
