GestureName: arrow
Duration(ms): 1410
Handedness: right

SpeakerAngles: 5
55
-55
0
0
110

SpeakerElevations: 5
-10
-10
-10
0
30

InterpretedPoints: 30
5.67531257773229,0.219960453656697,1.82635182233307
0,0,0
0,0,0
0,0,0
0.813797681349374,-0.296198132726024,0.5
0.0212711917133253,5.77560867223722,0.631759111665348
-1.60632417098542,4.35281269070147,-0.541889066001582
0.842159270300473,2.74807492824879,1.45811093399842
0.813797681349374,-0.296198132726024,0.5
-0.813797681349374,-3.67341737329839,-0.152703644666139
0,-0.984807753012208,0.17364817766693
0,0,0
3.24100993092194,3.52213653048741,0.479055466999209
5.67531257773229,6.4642182925234,0.958110933998418
4.86860529362069,5.89935577105978,1.13175911166535
2.4201218523348,4.53447802748804,-0.520944533000791
2.4201218523348,-5.79392811334253,1.21553724366851
-1.6417761571743,-5.01388856699923,-0.610814578664557
-1.63468575993652,-5.76041642524942,-0.458110933998418
0.806707284111599,-0.564862521463624,0.17364817766693
0,0,0
0,0,0
0,0,0
0,0,0
-1.6134145682232,-1.12972504292725,0.347296355333861
0,0,0
0,0,0
0,0,0
0,0,0
0,0,0

StrokePoints: 31
0,0,0
5.67531257773229,0.219960453656697,1.82635182233307
5.67531257773229,0.219960453656697,1.82635182233307
5.67531257773229,0.219960453656697,1.82635182233307
5.67531257773229,0.219960453656697,1.82635182233307
6.48911025908167,-0.0762376790693268,2.32635182233307
6.51038145079499,5.69937099316789,2.95811093399842
4.90405727980957,10.0521836838694,2.41622186799684
5.74621655011004,12.8002586121181,3.87433280199525
6.56001423145942,12.5040604793921,4.37433280199525
5.74621655011004,8.83064310609373,4.22162915732911
5.74621655011004,7.84583535308153,4.39527733499604
5.74621655011004,7.84583535308153,4.39527733499604
8.98722648103199,11.3679718835689,4.87433280199525
14.6625390587643,17.8321901760923,5.83244373599367
19.531144352385,23.7315459471521,6.96420284765902
21.9512662047198,28.2660239746401,6.44325831465823
24.3713880570546,22.4720958612976,7.65879555832674
22.7296118998803,17.4582072942984,7.04798097966218
21.0949261399437,11.697790869049,6.58987004566377
21.9016334240553,11.1329283475853,6.7635182233307
21.9016334240553,11.1329283475853,6.7635182233307
21.9016334240553,11.1329283475853,6.7635182233307
21.9016334240553,11.1329283475853,6.7635182233307
21.9016334240553,11.1329283475853,6.7635182233307
20.2882188558321,10.0032033046581,7.11081457866456
20.2882188558321,10.0032033046581,7.11081457866456
20.2882188558321,10.0032033046581,7.11081457866456
20.2882188558321,10.0032033046581,7.11081457866456
20.2882188558321,10.0032033046581,7.11081457866456
20.2882188558321,10.0032033046581,7.11081457866456

Velocities: 30
1,-2,2
0,0,0
0,0,0
0,0,0
0,0,0
0,3,2
0,3,3
0,4,2
0,0,0
0,0,-2
0,0,-1
0,0,0
2,0,1
3,0,3
2,0,3
2,-1,2
-1,-4,-2
-1,-3,-4
-1,-2,-3
0,-1,0
0,0,0
0,0,0
0,0,0
0,0,0
-2,0,0
0,0,0
0,0,0
0,0,0
0,0,0
0,0,0

InverseVelocities: 30
0,0,-2
0,0,0
0,0,0
0,0,0
0,0,0
0,0,0
0,0,0
0,0,0
0,0,0
0,0,0
0,0,0
0,0,0
0,0,0
0,0,0
0,0,0
0,0,0
0,0,0
0,0,0
0,0,0
0,0,0
0,0,0
0,0,0
0,0,0
0,0,0
0,0,0
0,0,0
0,0,0
0,0,0
0,0,0
0,0,0

RawData: 30
0,0,0,0,0,0,0,0,0,0,0,0,0,0.6429036,0.7054797,0.9339994,1,0.8801576,0,0.6672301,0.6182401,0,0,0,0,0,0,0,0,0,0,0,0,0,0,0,0,0,0,0,0,0,0,0,0.7088898,0.8045967,0.8781371,0.853411,0.8631346,1,0.9688682,0.70011,0,0,0,0,0,0,0,0,0,0,0,0,0,0,0,0,0,0,0,0,0,0,0,0,0,0.581333,0.6362778,0.6679098,0,0.9555159,1,0.8635362,0,0.5895764,0.6534554,0.5856724,0,0,0,0,0,0,0,0,0,0,0,0,0,0,0,0,0,0,0,0,0,0,0,0,0.6244967,0.7070246,0.8727137,1,0.9598648,0.6643307,0,0,0,0,0,0,0,0,0,0,0,0,0,0,0,0,0,0,0,0,0,0,0,0,0,0,0,0.7753469,0.8282501,0.8639007,0.9809262,1,0.78686,0,0,0.7138479,0,0.6912593,0,0,0,0,0,0,0,0,0
0,0,0,0,0,0,0,0,0,0,0,0,0,0,0,0.9326416,1,0.9071903,0.7351587,0,0,0,0,0,0,0,0,0,0,0,0,0,0,0,0,0,0,0,0,0,0,0,0,0,0,0,0.8191591,0.8969398,0.8079172,1,0.9887881,0,0,0,0,0,0,0,0,0,0,0,0,0,0,0,0,0,0,0,0,0,0,0,0,0,0,0,0,0,0.7612354,0.954599,1,0.8935161,0.681637,0,0,0,0,0,0,0,0,0,0,0,0,0,0,0,0,0,0,0,0,0,0,0,0,0,0,0,0,0.7098837,0.8719433,1,0.9560386,0.696039,0.7067059,0,0,0,0,0,0,0,0,0,0,0,0,0,0,0,0,0,0,0,0,0,0,0,0,0,0,0,0.8217894,0,1,0.9864765,0,0,0,0,0,0,0,0,0,0,0,0,0,0,0
0,0,0,0,0,0,0,0,0,0,0,0,0,0,0.7059571,0.9434589,1,0.9073285,0.7111049,0,0,0,0,0,0,0,0,0,0,0,0,0,0,0,0,0,0,0,0,0,0,0,0,0,0,0,0,0,0.9062253,1,0.9425743,0,0,0,0,0,0,0,0,0,0,0,0,0,0,0,0,0,0,0,0,0,0,0,0,0,0,0,0,0,0.7779245,0.9637512,1,0.8760599,0,0,0,0,0,0,0,0,0,0,0,0,0,0,0,0,0,0,0,0,0,0,0,0,0,0,0,0,0,0.6854103,0.8507331,1,0.961026,0,0,0,0,0,0,0,0,0,0,0,0,0,0,0,0,0,0,0,0,0,0,0,0,0,0,0,0,0,0,0.8406796,1,0.9913003,0.8380215,0,0,0,0,0,0,0,0,0,0,0,0,0,0
0,0,0,0,0,0,0,0,0,0,0,0,0,0,0.5685502,0.9234288,1,0.8813329,0.5454421,0,0,0,0,0,0,0,0,0,0,0,0,0,0,0,0,0,0,0,0,0,0,0,0,0,0,0,0,0,0.6979828,0.9966668,1,0.7950686,0,0,0,0,0,0,0,0,0,0,0,0,0,0,0,0,0,0,0,0,0,0,0,0,0,0,0,0,0.5352177,0.9456282,1,0.8581569,0.5827222,0,0,0,0,0,0,0,0,0,0,0,0,0,0,0,0,0,0,0,0,0,0,0,0,0,0,0,0,0.5149785,0.8602189,1,0.9408078,0.5868318,0,0,0,0,0,0,0,0,0,0,0,0,0,0,0,0,0,0,0,0,0,0,0,0,0,0,0,0,0,0.6617619,0.9415643,1,0.8657629,0,0,0,0,0,0,0,0,0,0,0,0,0,0
0,0,0,0,0,0,0,0,0,0,0,0,0,0,0,0.9121838,1,0.9036587,0.7459899,0,0,0,0,0,0,0,0,0,0,0,0,0,0,0,0,0,0,0,0,0,0,0,0,0,0,0,0,0,0,1,0.9875653,0.9431447,0.919035,0,0,0,0,0,0,0,0,0,0,0,0,0,0,0,0,0,0,0,0,0,0,0,0,0,0,0,0.7172883,0.9651917,1,0.8465596,0.7793035,0,0,0,0,0,0,0,0,0,0,0,0,0,0,0,0,0,0,0,0,0,0,0,0,0,0,0,0,0,0.8889855,1,0.9655511,0.7902668,0,0,0,0,0,0,0,0,0,0,0,0,0,0,0,0,0,0,0,0,0,0,0,0,0,0,0,0,0,0,0.9835718,1,0,0.9050248,0.8392357,0,0,0,0,0,0,0,0,0,0,0,0
0,0,0,0,0,0,0,0,0,0,0,0,0,0,0.6910444,0.9325023,1,0.8782716,0.73387,0,0,0,0,0,0,0,0,0,0,0,0,0,0,0,0,0,0,0,0,0,0,0,0,0,0,0,0,0,0.8647809,1,0.9523903,0,0.9040345,0.9619173,0.9034711,0.7966356,0,0,0,0,0,0,0,0,0,0,0,0,0,0,0,0,0,0,0,0,0,0,0,0.612602,0.6796545,0.9528638,1,0.8812384,0.5992739,0.6845867,0.7024822,0.6584589,0,0,0,0,0,0,0,0,0,0,0,0,0,0,0,0,0,0,0,0,0,0,0,0,0.6324226,0.6864458,0.8602841,1,0.9590735,0.7046402,0.7367517,0.711858,0.6827607,0.6420658,0,0,0,0,0,0,0,0,0,0,0,0,0,0,0,0,0,0,0,0,0,0,0,0,0,0,0.9943694,1,0.8811885,0.8516832,0.9957092,0.981348,0.8918543,0,0,0,0,0,0,0,0,0,0
0,0,0,0,0,0,0,0,0,0,0,0,0,0,0,0.9277061,1,0.8851547,0.7344183,0,0,0,0,0,0,0,0,0,0,0,0,0,0,0,0,0,0,0,0,0,0,0,0,0,0,0,0,0,0,1,0.9924629,0,0.8561535,0.9117572,0.9830132,0.929514,0,0,0,0,0,0,0,0,0,0,0,0,0,0,0,0,0,0,0,0,0,0,0,0,0,0.940353,1,0.8961992,0,0,0,0.7175279,0.6924086,0,0,0,0,0,0,0,0,0,0,0,0,0,0,0,0,0,0,0,0,0,0,0,0,0,0.8443738,1,0.9814665,0.8030618,0.686609,0,0,0,0,0,0,0,0,0,0,0,0,0,0,0,0,0,0,0,0,0,0,0,0,0,0,0,0,0,0.9604758,1,0.8487416,0.9205069,0.887641,0,0,0,0,0,0,0,0,0,0,0,0
0,0,0,0,0,0,0,0,0,0,0,0,0,0,0,0.908563,1,0.913378,0,0,0,0,0,0,0,0,0,0,0,0,0,0,0,0,0,0,0,0,0,0,0,0,0,0,0,0,0,0,0,0.9915667,1,0.74601,0.7834606,0,0.8234704,0.875596,0.7628883,0,0,0,0,0,0,0,0,0,0,0,0,0,0,0,0,0,0,0,0,0,0,0,0.6629384,0.9326895,1,0.9092656,0,0.6786163,0.6678962,0.6188238,0,0,0,0,0,0,0,0,0,0,0,0,0,0,0,0,0,0,0,0,0,0,0,0,0,0,0.8444044,1,0.970512,0.6549615,0,0,0,0,0,0,0,0,0,0,0,0,0,0,0,0,0,0,0,0,0,0,0,0,0,0,0,0,0,0,0.9237923,1,0.8829038,0.7873666,0.7905644,0.8250158,0.8632311,0.8257288,0.7471876,0,0,0,0,0,0,0,0
0,0,0,0,0,0,0,0,0,0,0,0,0,0,0,0.9150871,1,0.932596,0,0,0,0,0,0,0,0,0,0,0,0,0,0,0,0,0,0,0,0,0,0,0,0,0,0,0,0,0,0,0.8569441,1,0.9975674,0,0,0,0,0,0,0,0,0,0,0,0,0,0,0,0,0,0,0,0,0,0,0,0,0,0,0,0,0,0,0.9391384,1,0.9112725,0,0,0,0,0,0,0,0,0,0,0,0,0,0,0,0,0,0,0,0,0,0,0,0,0,0,0,0,0,0,0.8731878,1,0.9695108,0,0,0,0,0,0,0,0,0,0,0,0,0,0,0,0,0,0,0,0,0,0,0,0,0,0,0,0,0,0,0,0.9475235,1,0.8525518,0.8123619,0.8173717,0,0,0,0,0,0,0,0,0,0,0,0
0,0,0,0,0,0,0,0,0,0,0,0,0,0,0,0.8950014,1,0.9252483,0,0,0,0,0,0,0,0,0,0,0,0,0,0,0,0,0,0,0,0,0,0,0,0,0,0,0,0,0,0,0.8317422,1,0.9924582,0.8344272,0,0,0,0,0,0,0,0,0,0,0,0,0,0,0,0,0,0,0,0,0,0,0,0,0,0.707051,0.7004415,0,0,0.9328439,1,0.9121876,0.6900197,0,0,0,0,0,0,0,0,0,0,0,0,0,0,0,0,0,0,0,0,0,0,0,0,0,0.7463221,0.8023063,0.7979831,0.7472184,0.8563094,1,0.9742844,0.7567552,0,0,0,0,0,0,0,0,0,0,0,0,0,0,0,0,0,0,0,0,0,0,0,0,0,0,0.7969524,0.792566,0,0,0.9256609,1,0.8937253,0.7717077,0,0,0,0,0,0,0,0,0,0,0,0,0
0,0,0,0,0,0,0,0,0,0,0,0,0,0.669315,0.7360095,0.920248,1,0.9178022,0,0,0,0,0,0,0,0,0,0,0,0,0,0,0,0,0,0,0,0,0,0,0,0,0,0,0,0,0,0,0.7313019,0.9877226,1,0.735927,0.7008216,0,0,0,0,0,0,0,0,0,0,0,0,0,0,0,0,0,0,0,0,0,0,0,0,0,0.6047278,0.6673245,0.7315187,0.9076495,1,0.917856,0.5976345,0,0,0,0,0,0,0,0,0,0,0,0,0,0,0,0,0,0,0,0,0,0,0,0,0,0,0,0.6349376,0.687096,0.8610455,1,0.9792666,0.7792975,0,0,0,0,0,0,0,0,0,0,0,0,0,0,0,0,0,0,0,0,0,0,0,0,0,0,0,0,0,0,0.9333244,1,0.9138388,0.7585669,0,0,0,0,0,0,0,0,0,0,0,0,0
0,0,0,0,0,0,0,0,0,0,0,0,0,0,0,0.9020084,1,0.9124485,0.6638269,0,0,0,0,0,0,0,0,0,0,0,0,0,0,0,0,0,0,0,0,0,0,0,0,0,0,0,0,0,0.7324079,0.9813158,1,0.8329198,0,0,0,0,0,0,0,0,0,0,0,0,0,0,0,0,0,0,0,0,0,0,0,0,0,0,0,0,0,0.9319274,1,0.9072881,0.6535048,0,0,0,0,0,0,0,0,0,0,0,0,0,0,0,0,0,0,0,0,0,0,0,0,0,0,0,0,0,0.8365632,1,0.9701351,0.6651331,0,0,0,0,0,0,0,0,0,0,0,0,0,0,0,0,0,0,0,0,0,0,0,0,0,0,0,0,0,0,0.9516848,1,0.8784083,0,0,0,0,0,0,0,0,0,0,0,0,0,0
0,0,0,0,0,0,0,0,0,0,0,0,0,0,0,0.903964,1,0.8967743,0.7824885,0.7813805,0.7112015,0.5878809,0,0,0,0,0,0,0,0,0,0,0,0,0,0,0,0,0,0,0,0,0,0,0,0,0,0.6289249,0.8390539,1,0.9814119,0.816203,0.6847006,0,0,0,0,0,0,0,0,0,0,0,0,0,0,0,0,0,0,0,0,0,0,0,0,0,0,0,0.6266558,0.9372154,1,0.9008299,0.7159516,0.6878985,0.6445498,0,0,0,0,0,0,0,0,0,0,0,0,0,0,0,0,0,0,0,0,0,0,0,0,0,0,0,0.8395979,1,0.9769184,0.7440717,0.6308176,0.6972162,0.6040111,0,0,0,0,0,0,0,0,0,0,0,0,0,0,0,0,0,0,0,0,0,0,0,0,0,0,0,0.9458339,1,0.7846934,0.7745646,0.7970767,0.7130337,0,0,0,0,0,0,0,0,0,0,0
0,0,0,0,0,0,0,0,0,0,0,0,0,0,0,0.9033785,1,0.914205,0.728453,0.7609491,0.8068013,0.7768025,0.630449,0,0,0,0,0,0,0,0,0,0,0,0,0,0,0,0,0,0,0,0,0,0,0,0,0,0.8400381,1,0.972037,0.7466059,0,0,0,0,0,0,0,0,0,0,0,0,0,0,0,0,0,0,0,0,0,0,0,0,0,0,0,0,0,0.9349284,1,0.8937476,0,0.5835534,0.7226197,0.7350389,0.6518899,0,0,0,0,0,0,0,0,0,0,0,0,0,0,0,0,0,0,0,0,0,0,0,0,0.6024867,0.7953274,1,0.9783068,0.6982909,0.6544995,0,0.7429188,0.7332689,0,0,0,0,0,0,0,0,0,0,0,0,0,0,0,0,0,0,0,0,0,0,0,0,0,0.8100412,0.9660619,1,0.8805111,0,0,0.7265275,0.7996569,0.7156704,0,0,0,0,0,0,0,0,0
0,0,0,0,0,0,0,0,0,0,0,0,0,0,0,0.9047396,1,0.9291342,0,0,0,0.7203125,0,0,0,0,0,0,0,0,0,0,0,0,0,0,0,0,0,0,0,0,0,0,0,0,0,0,0.7957374,1,0.9955491,0.7966534,0,0,0,0,0,0,0,0,0,0,0,0,0,0,0,0,0,0,0,0,0,0,0,0,0,0,0,0,0,0.9385415,1,0.8994133,0.6591479,0.6621403,0,0.732058,0.6817821,0,0,0,0,0,0,0,0,0,0,0,0,0,0,0,0,0,0,0,0,0,0,0,0.6741077,0.7040159,0.8556282,1,0.9745565,0.7251355,0,0.7171754,0.711578,0.7378734,0,0,0,0,0,0,0,0,0,0,0,0,0,0,0,0,0,0,0,0,0,0,0.768298,0.7865072,0.7709202,0,0.9433123,1,0.8494342,0,0,0.770865,0.823318,0.774964,0,0,0,0,0,0,0,0,0
0,0,0,0,0,0,0,0,0,0,0,0,0,0,0.6808484,0.9026521,1,0.9110788,0.6472199,0,0,0.6489726,0,0,0,0,0,0,0,0,0,0,0,0,0,0,0,0,0,0,0,0,0,0,0,0.7364933,0.822576,0.8387245,0.8254721,1,0.9815584,0.794129,0.7198893,0,0,0,0,0,0,0,0,0,0,0,0,0,0,0,0,0,0,0,0,0,0,0,0,0,0,0.635399,0.7242151,0.926173,1,0.9031637,0.6688912,0.6823209,0.6594085,0.6419383,0,0,0,0,0,0,0,0,0,0,0,0,0,0,0,0,0,0,0,0,0,0,0,0,0,0,0.8562067,1,0.9694322,0.7688792,0.6514246,0.7099894,0.6865907,0,0,0,0,0,0,0,0,0,0,0,0,0,0,0,0,0,0,0,0,0,0,0,0,0,0.755374,0.7604362,0.9928142,1,0.818938,0,0,0,0,0,0,0,0,0,0,0,0,0,0
0,0,0,0,0,0,0,0,0,0,0,0,0.6770686,0.6985052,0.672049,0.9396906,1,0.8861253,0.6911925,0,0,0,0,0,0,0,0,0,0,0,0,0,0,0,0,0,0,0,0,0,0,0,0.7664421,0.7927432,0,0.8187637,0.7874758,0.7760633,0.8098247,1,0.964853,0,0,0,0,0,0,0,0,0,0,0,0,0,0,0,0,0,0,0,0,0,0,0,0,0,0,0.6912554,0.7108922,0.6664197,0.6972622,0.9605557,1,0.8616974,0.7155406,0.6725112,0,0,0,0,0,0,0,0,0,0,0,0,0,0,0,0,0,0,0,0,0,0,0,0,0,0.6513132,0.6364363,0,0.8865066,1,0.9582132,0.7425267,0,0,0,0,0,0,0,0,0,0,0,0,0,0,0,0,0,0,0,0,0,0,0,0,0,0,0,0.8572202,0.8382069,0.8398018,1,0.9900798,0.7660272,0,0,0,0,0,0,0,0,0,0,0,0,0,0
0,0,0,0,0,0,0,0,0,0,0,0,0.683333,0.7862063,0.823921,0.9240312,1,0.90835,0,0,0,0,0,0,0,0,0,0,0,0,0,0,0,0,0,0,0,0,0,0,0,0,0,0.8740682,0.9461743,0.8895116,0.7504995,0.7610897,0.7969202,1,0.9763225,0,0,0,0,0,0,0,0,0,0,0,0,0,0,0,0,0,0,0,0,0,0,0,0,0.6298363,0.6811182,0.7024744,0,0.6908416,0.7289668,0.9608886,1,0.8682054,0,0,0,0,0,0,0,0,0,0,0,0,0,0,0,0,0,0,0,0,0,0,0,0,0,0,0,0,0.7357522,0.7351539,0.849314,1,0.9624842,0.7063491,0,0,0,0,0,0,0,0,0,0,0,0,0,0,0,0,0,0,0,0,0,0,0,0.7677514,0.7659444,0.7668954,0.8011931,0.7505158,0,0.7857776,0.8976044,1,0.9067559,0.7597755,0,0,0,0,0,0,0,0,0,0,0,0,0
0,0,0,0,0,0,0,0,0,0,0,0,0.7168558,0.7291459,0.7328606,0.9328879,1,0.886038,0.6561788,0,0,0,0,0,0,0,0,0,0,0,0,0,0,0,0,0,0,0,0,0,0,0,0,0,0.8605757,0.9021974,0.7192923,0.7602419,0.7979813,1,0.987225,0.766131,0,0,0,0,0,0,0,0,0,0,0,0,0,0,0,0,0,0,0,0,0,0,0,0,0.6634963,0.7405951,0.6687753,0,0.6496038,0.9552088,1,0.8700153,0,0,0,0,0,0,0,0,0,0,0,0,0,0,0,0,0,0,0,0,0,0,0,0,0,0,0.6390995,0.7135041,0.7205876,0.6042721,0.8658886,1,0.9636153,0.7158051,0,0,0,0,0,0,0,0,0,0,0,0,0,0,0,0,0,0,0,0,0,0,0,0,0.6678899,0.7569917,0.724539,0.715314,0.7060664,0.719467,0.9691306,1,0.8573027,0,0,0,0,0,0,0,0,0,0,0,0,0,0
0,0,0,0,0,0,0,0,0,0,0,0,0,0,0,0.9377262,1,0.8972087,0,0,0,0,0,0,0,0,0,0,0,0,0,0,0,0,0,0,0,0,0,0,0,0,0,0,0,0.9327643,0.9637072,0.9017212,0,1,0.9899265,0,0,0,0,0,0,0,0,0,0,0,0,0,0,0,0,0,0,0,0,0,0,0,0,0,0,0,0,0,0.7467757,0.9627817,1,0.8867857,0,0,0,0,0,0,0,0,0,0,0,0,0,0,0,0,0,0,0,0,0,0,0,0,0,0,0,0,0,0,0.8904406,1,0.960878,0,0,0,0,0,0,0,0,0,0,0,0,0,0,0,0,0,0,0,0,0,0,0,0,0,0,0,0,0,0.7795871,0.8142637,0.9674105,1,0.8690654,0,0,0,0,0,0,0,0,0,0,0,0,0,0
0,0,0,0,0,0,0,0,0,0,0,0,0,0,0.6599946,0.9269484,1,0.8745384,0,0,0,0,0,0,0,0,0,0,0,0,0,0,0,0,0,0,0,0,0,0,0,0,0,0,0,0,0.6800042,0.8431992,0.8437726,1,0.9647604,0,0,0,0,0,0,0,0,0,0,0,0,0,0,0,0,0,0,0,0,0,0,0,0,0,0,0,0,0.6282961,0.692083,0.949112,1,0.8679814,0,0,0,0,0,0,0,0,0,0,0,0,0,0,0,0,0,0,0,0,0,0,0,0,0,0,0,0,0,0.6310809,0.8630272,1,0.9438873,0.5745637,0,0,0,0,0,0,0,0,0,0,0,0,0,0,0,0,0,0,0,0,0,0,0,0,0,0,0,0,0.6756352,0.6678694,0.9433666,1,0.8579717,0,0,0,0,0,0,0,0,0,0,0,0,0,0
0,0,0,0,0,0,0,0,0,0,0,0,0,0,0,0.9210275,1,0.8913878,0,0,0,0,0,0,0,0,0,0,0,0,0,0,0,0,0,0,0,0,0,0,0,0,0,0,0,0,0,0.8082919,0.9394188,1,0.9360117,0,0,0,0,0,0,0,0,0,0,0,0,0,0,0,0,0,0,0,0,0,0,0,0,0,0,0,0,0,0.7588948,0.9612257,1,0.8764079,0,0,0,0,0,0,0,0,0,0,0,0,0,0,0,0,0,0,0,0,0,0,0,0,0,0,0,0,0,0,0.878722,1,0.9459916,0,0,0,0,0,0,0,0,0,0,0,0,0,0,0,0,0,0,0,0,0,0,0,0,0,0,0,0,0,0,0,0.9579422,1,0.8490235,0,0,0,0,0,0,0,0,0,0,0,0,0,0
0,0,0,0,0,0,0,0,0,0,0,0,0,0,0,0.9345534,1,0.8892595,0,0,0,0,0,0,0,0,0,0,0,0,0,0,0,0,0,0,0,0,0,0,0,0,0,0,0,0,0,0.7396648,0.9281973,1,0.9495916,0.779393,0,0,0,0,0,0,0,0,0,0,0,0,0,0,0,0,0,0,0,0,0,0,0,0,0,0,0,0,0,0.9489221,1,0.8731387,0,0,0,0,0,0,0,0,0,0,0,0,0,0,0,0,0,0,0,0,0,0,0,0,0,0,0,0,0,0,0.8757197,1,0.9496124,0.6471683,0,0,0,0,0,0,0,0,0,0,0,0,0,0,0,0,0,0,0,0,0,0,0,0,0,0,0,0,0.6680822,0.7633556,0.9767429,1,0.8454618,0,0,0,0,0,0,0,0,0,0,0,0,0,0
0,0,0,0,0,0,0,0,0,0,0,0,0,0,0,0.9409546,1,0.9174863,0,0,0,0,0,0,0,0,0,0,0,0,0,0,0,0,0,0,0,0,0,0,0,0,0,0,0,0,0,0,0.9516467,1,0.9584728,0,0,0,0,0,0,0,0,0,0,0,0,0,0,0,0,0,0,0,0,0,0,0,0,0,0,0,0,0,0,0.9571676,1,0.9031561,0,0,0,0,0,0,0,0,0,0,0,0,0,0,0,0,0,0,0,0,0,0,0,0,0,0,0,0,0,0,0.8974492,1,0.9589227,0,0,0,0,0,0,0,0,0,0,0,0,0,0,0,0,0,0,0,0,0,0,0,0,0,0,0,0,0,0,0,0.9803398,1,0.8601617,0,0,0,0,0,0,0,0,0,0,0,0,0,0
0,0,0,0,0,0,0,0,0,0,0,0.6555427,0.6675828,0.6942688,0.7258395,0.9095766,1,0.8889474,0,0,0,0,0,0,0,0,0,0,0,0,0,0,0,0,0,0,0,0,0,0,0,0,0,0,0,0,0,0.8682452,0.9653177,1,0.9283286,0,0,0,0,0,0,0,0,0,0,0,0,0,0,0,0,0,0,0,0,0,0,0,0,0,0,0,0,0.6128056,0.7042497,0.9498153,1,0.8746324,0,0,0,0,0,0,0,0,0,0,0,0,0,0,0,0,0,0,0,0,0,0,0,0,0,0,0,0,0,0.599979,0.8706813,1,0.9485931,0.5955405,0,0,0,0,0,0,0,0,0,0,0,0,0,0,0,0,0,0,0,0,0,0,0,0,0,0,0,0,0,0.7787424,0.9867208,1,0.8261131,0,0,0,0,0,0,0,0,0,0,0,0,0,0
0,0,0,0,0,0,0,0,0,0,0,0,0,0,0,0.927095,1,0.9053693,0,0,0,0,0,0,0,0,0,0,0,0,0,0,0,0,0,0,0,0,0,0,0,0,0,0,0,0,0,0.9208242,0,1,0.9783766,0,0,0,0,0,0,0,0,0,0,0,0,0,0,0,0,0,0,0,0,0,0,0,0,0,0,0,0,0,0.7017263,0.9546473,1,0.8839751,0,0,0,0,0,0,0,0,0,0,0,0,0,0,0,0,0,0,0,0,0,0,0,0,0,0,0,0,0,0,0.8915743,1,0.9531187,0,0,0,0,0,0,0,0,0,0,0,0,0,0,0,0,0,0,0,0,0,0,0,0,0,0,0,0,0,0,0,0.9600295,1,0.8519366,0,0,0,0,0,0,0,0,0,0,0,0,0,0
0,0,0,0,0,0,0,0,0,0,0,0,0,0,0,0.9307048,1,0.8898649,0,0,0,0,0,0,0,0,0,0,0,0,0,0,0,0,0,0,0,0,0,0,0,0,0,0,0,0,0.8852683,1,0.975718,0.9616468,0.9223859,0,0,0,0,0,0,0,0,0,0,0,0,0,0,0,0,0,0,0,0,0,0,0,0,0,0,0,0,0,0.7052302,0.9597352,1,0.8716027,0,0,0,0,0,0,0,0,0,0,0,0,0,0,0,0,0,0,0,0,0,0,0,0,0,0,0,0,0,0.6353203,0.8686522,1,0.9509577,0,0,0,0,0,0,0,0,0,0,0,0,0,0,0,0,0,0,0,0,0,0,0,0,0,0,0,0,0,0,0.8069823,0.9385239,1,0.8394527,0,0,0,0,0,0,0,0,0,0,0,0,0,0
0,0,0,0,0,0,0,0,0,0,0,0,0,0,0.6390719,0.936815,1,0.8860679,0,0,0,0,0,0,0,0,0,0,0,0,0,0,0,0,0,0,0,0,0,0,0,0,0,0,0,0,0,0,0,0.9671701,1,0,0,0,0,0,0,0,0,0,0,0,0,0,0,0,0,0,0,0,0,0,0,0,0,0,0,0,0,0,0,0.9513851,1,0.86804,0,0,0,0,0,0,0,0,0,0,0,0,0,0,0,0,0,0,0,0,0,0,0,0,0,0,0,0,0,0.6222928,0.8548477,1,0.9524112,0.642775,0,0,0,0,0,0,0,0,0,0,0,0,0,0,0,0,0,0,0,0,0,0,0,0,0,0,0,0,0,0.7378429,0.9707506,1,0.8317283,0,0,0,0,0,0,0,0,0,0,0,0,0,0
0,0,0,0,0,0,0,0,0,0,0,0,0,0,0,0.9272423,1,0.9110222,0,0,0,0,0,0,0,0,0,0,0,0,0,0,0,0,0,0,0,0,0,0,0,0,0,0,0,0,0,0,0,1,0.9754832,0,0,0,0,0,0,0,0,0,0,0,0,0,0,0,0,0,0,0,0,0,0,0,0,0,0,0,0,0,0.7030538,0.9523959,1,0.8974041,0,0,0,0,0,0,0,0,0,0,0,0,0,0,0,0,0,0,0,0,0,0,0,0,0,0,0,0,0,0,0.8607079,1,0.9664789,0,0,0,0,0,0,0,0,0,0,0,0,0,0,0,0,0,0,0,0,0,0,0,0,0,0,0,0,0,0,0,0.9599493,1,0.870855,0,0,0,0,0,0,0,0,0,0,0,0,0,0
0,0,0,0,0,0,0,0,0,0,0,0,0,0,0,0.9023619,1,0.9177091,0,0,0,0,0,0,0,0,0,0,0,0,0,0,0,0,0,0,0,0,0,0,0,0,0,0,0,0,0,0,0.8242493,1,0.8907265,0,0,0,0,0,0,0,0,0,0,0,0,0,0,0,0,0,0,0,0,0,0,0,0,0,0,0,0,0,0,0.9290841,1,0.9002044,0,0,0,0,0,0,0,0,0,0,0,0,0,0,0,0,0,0,0,0,0,0,0,0,0,0,0,0,0,0,0.8372344,1,0.9702352,0.7028061,0,0,0,0,0,0,0,0,0,0,0,0,0,0,0,0,0,0,0,0,0,0,0,0,0,0,0,0,0,0,0.9433446,1,0.8508722,0,0,0,0,0,0,0,0,0,0,0,0,0,0
