GestureName: caret
Duration(ms): 987
Handedness: right

SpeakerAngles: 5
55
-55
0
0
110

SpeakerElevations: 5
-10
-10
-10
0
30

InterpretedPoints: 21
2.4484834412859,1.50979503348678,1.47905546699921
4.06189800950909,6.33449324959615,1.30540728933228
3.27646191711082,11.8046894862242,1.41622186799684
3.27646191711082,11.8046894862242,1.41622186799684
1.6417761571743,4.04427306097482,0.958110933998418
0.827978475824924,2.22593839776138,0.979055466999209
0,0,0
0,0,0
0,0,0
0,0,0
-1.62050496546097,-3.23827989476202,0.0209445330007911
0,-4.11453279593946,0.520944533000791
-2.43430264681035,-8.31606464382994,0.736481776669304
0,0,0
-4.05480761227132,-13.7296463224826,0.583778132003164
-1.63468575993652,-11.9894820171283,0.583778132003164
1.6134145682232,-6.08414830196387,0.868240888334652
0,0,0
0,0,0
0,0,0
0,0,0

StrokePoints: 22
0,0,0
2.4484834412859,1.50979503348678,1.47905546699921
6.51038145079499,7.84428828308293,2.78446275633149
9.78684336790581,19.6489777693072,4.20068462432832
13.0633052850166,31.4536672555314,5.61690649232516
14.7050814421909,35.4979403165062,6.57501742632358
15.5330599180159,37.7238787142676,7.55407289332279
15.5330599180159,37.7238787142676,7.55407289332279
15.5330599180159,37.7238787142676,7.55407289332279
15.5330599180159,37.7238787142676,7.55407289332279
15.5330599180159,37.7238787142676,7.55407289332279
13.9125549525549,34.4855988195056,7.57501742632358
13.9125549525549,30.3710660235661,8.09596195932437
11.4782523057445,22.0550013797362,8.83244373599367
11.4782523057445,22.0550013797362,8.83244373599367
7.42344469347322,8.32535505725362,9.41622186799684
5.78875893353669,-3.66412695987472,10
7.40217350175989,-9.74827526183859,10.8682408883347
7.40217350175989,-9.74827526183859,10.8682408883347
7.40217350175989,-9.74827526183859,10.8682408883347
7.40217350175989,-9.74827526183859,10.8682408883347
7.40217350175989,-9.74827526183859,10.8682408883347

Velocities: 21
1,2,0
1,0,3
2,5,5
2,5,5
1,3,2
0,2,1
0,0,0
0,0,0
0,0,0
0,0,0
-1,0,-2
-1,-1,-1
-4,-3,-3
0,0,0
-6,-4,-2
-3,-4,-5
0,-2,-3
0,0,0
0,0,0
0,0,0
0,0,0

InverseVelocities: 21
0,0,0
0,0,0
0,0,0
0,0,0
0,0,0
0,0,0
0,0,0
0,0,0
0,0,0
0,0,0
0,0,0
0,0,0
0,0,0
0,0,0
0,0,0
0,0,0
0,0,0
0,0,0
0,0,0
0,0,0
0,0,0

RawData: 21
0,0,0,0,0,0,0,0,0,0,0,0,0,0,0,0.9264518,1,0.8711388,0,0.7239285,0.7364241,0,0,0,0,0,0,0,0,0,0,0,0,0,0,0,0,0,0,0,0,0,0,0,0,0,0,0,0.7695838,1,0.9726471,0,0,0,0.7684715,0,0,0,0,0,0,0,0,0,0,0,0,0,0,0,0,0,0,0,0,0,0,0,0,0,0,0.9522626,1,0.842184,0.6607853,0.6314232,0,0,0,0,0,0,0,0,0,0,0,0,0,0,0,0,0,0,0,0,0,0,0,0,0,0,0,0,0.8510818,1,0.9500859,0,0,0.6871299,0,0,0,0,0,0,0,0,0,0,0,0,0,0,0,0,0,0,0,0,0,0,0,0,0,0,0,0,0.9695043,1,0.8101458,0,0,0,0.7778878,0.7716963,0,0,0,0,0,0,0,0,0
0,0,0,0,0,0,0,0,0,0,0,0,0,0,0,0.9401997,1,0.8978936,0,0,0.7997031,0,0,0,0,0,0,0,0,0,0,0,0,0,0,0,0,0,0,0,0,0,0,0,0,0,0,0,0.8495903,1,0.9739597,0,0,0,0,0,0,0,0,0,0,0,0,0,0,0,0,0,0,0,0,0,0,0,0,0,0,0,0,0,0,0.9588308,1,0.885772,0.7219707,0.7550461,0.7484809,0.7569743,0.7461094,0,0,0,0,0,0,0,0,0,0,0,0,0,0,0,0,0,0,0,0,0,0,0,0,0,0.8758667,1,0.9540929,0.7814651,0.8115553,0.7991639,0.7639387,0.8017357,0.7818494,0,0,0,0,0,0,0,0,0,0,0,0,0,0,0,0,0,0,0,0,0,0,0,0,0,0.9658982,1,0.8838535,0,0,0,0,0.8434234,0,0,0,0,0,0,0,0,0
0,0,0,0,0,0,0,0,0,0,0,0,0,0,0.6142345,0.9300345,1,0.8766668,0.6690116,0.7303607,0.7169681,0.6983259,0,0,0,0,0,0,0,0,0,0,0,0,0,0,0,0,0,0,0,0,0,0,0,0,0,0,0.7830008,1,0.9715461,0.7320587,0.7636381,0.8400107,0.7525172,0.7764843,0.8395646,0.8053697,0,0,0,0,0,0,0,0,0,0,0,0,0,0,0,0,0,0,0,0,0,0.5656083,0.6737999,0.9570188,1,0.8421566,0.6340721,0.6474785,0.6114563,0.57305,0.6470296,0.6572585,0.6094888,0,0,0,0,0,0,0,0,0,0,0,0,0,0,0,0,0,0,0,0,0,0,0,0.8660672,1,0.9335816,0.6566441,0.7386592,0.6968736,0.5978526,0.70987,0.6706215,0.7006429,0,0,0,0,0,0,0,0,0,0,0,0,0,0,0,0,0,0,0,0,0,0,0,0.713891,0.9708191,1,0.8506094,0.7651114,0.8157943,0.7663807,0.7969548,0.7960724,0.7711661,0.799013,0.6630658,0,0,0,0,0,0
0,0,0,0,0,0,0,0,0,0,0,0,0,0,0.6779401,0.9231369,1,0.8865439,0.7053975,0.746074,0.6844302,0.5985772,0,0,0,0,0,0,0,0,0,0,0,0,0,0,0,0,0,0,0,0,0,0,0,0,0,0,0.8230193,1,0.9643337,0.7422551,0.7796968,0.7575244,0.8079819,0.7780308,0.7562016,0.7164904,0,0,0,0,0,0,0,0,0,0,0,0,0,0,0,0,0,0,0,0,0,0.5704127,0.674273,0.9484791,1,0.8863887,0.6696966,0.6996122,0.6896652,0.642984,0.6072766,0.5924134,0.5679031,0,0,0,0,0,0,0,0,0,0,0,0,0,0,0,0,0,0,0,0,0,0,0,0.8684239,1,0.9390307,0.7400085,0.7736517,0.7857157,0.7513934,0.7413583,0.6747813,0.6157365,0,0,0,0,0,0,0,0,0,0,0,0,0,0,0,0,0,0,0,0,0,0,0,0.7299778,0.9757774,1,0.8754804,0.6927528,0.8010474,0.7267143,0.683087,0.7412199,0.6647801,0.7241892,0.6265509,0,0,0,0,0,0
0,0,0,0,0,0,0,0,0,0,0,0,0,0,0,0.9191346,1,0.896723,0.7118707,0.7021613,0.7258442,0,0,0,0,0,0,0,0,0,0,0,0,0,0,0,0,0,0,0,0,0,0,0,0,0,0,0,0.8091382,0.9943887,1,0.9083256,0.8644134,0.859045,0.8282454,0.7784467,0,0,0,0,0,0,0,0,0,0,0,0,0,0,0,0,0,0,0,0,0,0,0,0,0.6979392,0.9538606,1,0.8872832,0.7453933,0.7023601,0,0.6734053,0,0,0,0,0,0,0,0,0,0,0,0,0,0,0,0,0,0,0,0,0,0,0,0,0,0,0.8742869,1,0.9418332,0.7995099,0.771293,0.7461173,0,0,0,0,0,0,0,0,0,0,0,0,0,0,0,0,0,0,0,0,0,0,0,0,0,0,0,0,0.9778956,1,0.859247,0.7735456,0.8160893,0,0.7695273,0.7788299,0,0,0,0,0,0,0,0,0
0,0,0,0,0,0,0,0,0,0,0,0,0,0,0,0.9173191,1,0.9086017,0.639358,0,0,0,0,0,0,0,0,0,0,0,0,0,0,0,0,0,0,0,0,0,0,0,0,0,0,0,0,0,0.8201914,1,0.9720256,0.8843296,0.8903564,0.7877086,0.7343956,0,0,0,0,0,0,0,0,0,0,0,0,0,0,0,0,0,0,0,0,0,0,0,0,0,0.6327926,0.9483188,1,0.892814,0.6950653,0.7351108,0.6709873,0,0,0,0,0,0,0,0,0,0,0,0,0,0,0,0,0,0,0,0,0,0,0,0,0,0,0.6304585,0.8984933,1,0.9408916,0.6882948,0.6592001,0.6518327,0,0,0,0,0,0,0,0,0,0,0,0,0,0,0,0,0,0,0,0,0,0,0,0,0,0,0,0.7153282,0.9614158,1,0.8524677,0,0.7808909,0.7825946,0.6770479,0,0,0,0,0,0,0,0,0,0
0,0,0,0,0,0,0,0,0,0,0,0,0,0,0,0.9381762,1,0.8962004,0,0,0,0,0,0,0,0,0,0,0,0,0,0,0,0,0,0,0,0,0,0,0,0,0,0,0,0,0,0,0.8577805,1,0.9736313,0.9081301,0,0,0,0,0,0,0,0,0,0,0,0,0,0,0,0,0,0,0,0,0,0,0,0,0,0,0,0,0.6942904,0.963706,1,0.8683619,0.7450443,0,0,0,0,0,0,0,0,0,0,0,0,0,0,0,0,0,0,0,0,0,0,0,0,0,0,0,0,0.6783293,0.81459,1,0.9618815,0.6655223,0,0,0,0,0,0,0,0,0,0,0,0,0,0,0,0,0,0,0,0,0,0,0,0,0,0,0,0,0,0,0.9705737,1,0.9011896,0.8107396,0,0,0,0,0,0,0,0,0,0,0,0,0
0,0,0,0,0,0,0,0,0,0,0,0,0,0,0.6553173,0.9411878,1,0.8883514,0,0,0,0,0,0,0,0,0,0,0,0,0,0,0,0,0,0,0,0,0,0,0,0,0,0,0,0,0,0,0,0.9812642,1,0.8681531,0,0,0,0,0,0,0,0,0,0,0,0,0,0,0,0,0,0,0,0,0,0,0,0,0,0,0,0,0,0.9495434,1,0.8777633,0,0,0,0,0,0,0,0,0,0,0,0,0,0,0,0,0,0,0,0,0,0,0,0,0,0,0,0,0,0.6596803,0.8820851,1,0.9531009,0.6720401,0,0,0,0,0,0,0,0,0,0,0,0,0,0,0,0,0,0,0,0,0,0,0,0,0,0,0,0,0,0.8230435,1,0.9964471,0.8174321,0,0,0,0,0,0,0,0,0,0,0,0,0,0
0,0,0,0,0,0,0,0,0,0,0,0,0,0,0.721157,0.9134969,1,0.8909466,0,0,0,0,0,0,0,0,0,0,0,0,0,0,0,0,0,0,0,0,0,0,0,0,0,0,0,0,0,0,0.8166301,1,0.9838749,0.7618243,0,0,0,0,0,0,0,0,0,0,0,0,0,0,0,0,0,0,0,0,0,0,0,0,0,0,0,0,0.7764122,0.9633282,1,0.8803891,0,0,0,0,0,0,0,0,0,0,0,0,0,0,0,0,0,0,0,0,0,0,0,0,0,0,0,0,0,0.6819096,0.917474,1,0.9392835,0.6358965,0,0,0,0,0,0,0,0,0,0,0,0,0,0,0,0,0,0,0,0,0,0,0,0,0,0,0,0,0.7471844,0.9127679,0.907923,1,0.8941451,0,0,0,0,0,0,0,0,0,0,0,0,0,0
0,0,0,0,0,0,0,0,0,0,0,0,0,0,0.7180102,0.9262598,1,0.8821526,0,0,0,0,0,0,0,0,0,0,0,0,0,0,0,0,0,0,0,0,0,0,0,0,0,0,0,0,0,0.7334462,0.9019442,1,0.9538364,0,0,0,0,0,0,0,0,0,0,0,0,0,0,0,0,0,0,0,0,0,0,0,0,0,0,0,0,0.5756685,0.747343,0.9278553,1,0.8699396,0,0,0,0,0,0,0,0,0,0,0,0,0,0,0,0,0,0,0,0,0,0,0,0,0,0,0,0,0,0.7336697,0.8318413,1,0.9572802,0.6717941,0,0,0,0,0,0,0,0,0,0,0,0,0,0,0,0,0,0,0,0,0,0,0,0,0,0,0,0,0.6816111,0.8893971,1,0.9813322,0.7744639,0,0,0,0,0,0,0,0,0,0,0,0,0,0
0,0,0,0,0,0,0,0,0,0,0,0,0.6761539,0.6893426,0,0.929098,1,0.8867187,0,0,0,0,0,0,0,0,0,0,0,0,0,0,0,0,0,0,0,0,0,0,0,0,0,0,0,0,0.7284846,0.8918077,0.9212639,1,0.9624082,0,0,0,0,0,0,0,0,0,0,0,0,0,0,0,0,0,0,0,0,0,0,0,0,0,0,0.5978377,0.6842264,0.7362284,0.8106524,0.9724553,1,0.8624558,0,0,0,0,0,0,0,0,0,0,0,0,0,0,0,0,0,0,0,0,0,0,0,0,0,0,0,0.6015725,0.6921238,0.8006945,0.7328921,1,0.9639373,0.6458145,0,0,0,0,0,0,0,0,0,0,0,0,0,0,0,0,0,0,0,0,0,0,0,0,0,0,0.6807831,0.7587123,0.8130484,0.8087339,0.9590636,1,0.8259409,0,0,0,0,0,0,0,0,0,0,0,0,0,0
0,0,0,0,0,0,0,0,0,0,0,0,0.7786859,0.7590635,0,0.9252415,1,0.9019281,0,0,0,0,0,0,0,0,0,0,0,0,0,0,0,0,0,0,0,0,0,0,0,0,0,0,0,0.8121222,0.8558257,0.8547412,0.8633759,1,0.9742842,0.7937801,0,0,0,0,0,0,0,0,0,0,0,0,0,0,0,0,0,0,0,0,0,0,0,0,0,0,0.7449307,0.7229527,0,0.9465876,1,0.8783256,0,0,0,0,0,0,0,0,0,0,0,0,0,0,0,0,0,0,0,0,0,0,0,0,0,0,0.6639633,0.7281753,0,0.7017638,0.8928958,1,0.9526037,0.6694379,0,0,0,0,0,0,0,0,0,0,0,0,0,0,0,0,0,0,0,0,0,0,0,0,0,0,0,0,0.7984189,0,0.9640948,1,0.8455405,0,0,0,0,0,0,0,0,0,0,0,0,0,0
0,0,0,0,0,0,0,0,0,0.6752017,0.6781892,0.6586594,0,0,0.6836588,0.8934842,1,0.9145987,0.6290044,0,0,0,0,0,0,0,0,0,0,0,0,0,0,0,0,0,0,0,0,0,0,0,0,0.7632852,0.7912919,0.8295587,0.7655488,0,0,1,0.9990762,0.8047649,0,0,0,0,0,0,0,0,0,0,0,0,0,0,0,0,0,0,0,0,0,0,0,0,0.6280666,0.6407955,0,0.6373592,0.6825749,0.9392006,1,0.8889387,0,0,0,0,0,0,0,0,0,0,0,0,0,0,0,0,0,0,0,0,0,0,0,0,0,0,0.6235363,0,0,0.7187232,0.7690171,1,0.9759719,0.7203129,0,0,0,0,0,0,0,0,0,0,0,0,0,0,0,0,0,0,0,0,0,0,0,0,0,0.7466028,0.8179435,0.6920751,0.8088382,0.7811338,0.9534932,1,0.838511,0,0,0,0,0,0,0,0,0,0,0,0,0,0
0,0,0,0,0,0,0,0,0,0,0,0,0,0,0,0.9180267,1,0.9135916,0,0,0,0,0,0,0,0,0,0,0,0,0,0,0,0,0,0,0,0,0,0,0,0,0,0,0,0,0,0,0,1,0.9861469,0,0,0,0,0,0,0,0,0,0,0,0,0,0,0,0,0,0,0,0,0,0,0,0,0,0,0,0,0,0,0.9315828,1,0.9090762,0,0,0,0,0,0,0,0,0,0,0,0,0,0,0,0,0,0,0,0,0,0,0,0,0,0,0,0,0.7235835,0.7215388,0.8462219,1,0.9772542,0.7629954,0,0,0,0,0,0,0,0,0,0,0,0,0,0,0,0,0,0,0,0,0,0,0,0,0,0,0,0.8555342,0.8396726,0.900815,0.992915,1,0,0,0,0,0,0,0,0,0,0,0,0,0,0,0
0,0,0,0,0,0,0,0.6142139,0.6497834,0.6277183,0.6173824,0.6504223,0,0,0.6131077,0.9261828,1,0.9046474,0,0,0,0,0,0,0,0,0,0,0,0,0,0,0,0,0,0,0,0,0,0,0,0,0.7521229,0.7880109,0.78537,0.6957788,0.7521116,0.8018594,0.7400316,1,0.992201,0.7317871,0,0,0,0,0,0,0,0,0,0,0,0,0,0,0,0,0,0,0,0,0,0,0,0,0,0.6324313,0.6695301,0.6753402,0,0.9396782,1,0.891543,0.5698346,0,0,0,0,0,0,0,0,0,0,0,0,0,0,0,0,0,0,0,0,0.6539683,0.6542684,0.6270698,0.6280423,0,0,0.608252,0.6852634,0.6974156,0.8703804,1,0.9688088,0.7228221,0,0,0,0,0,0,0,0,0,0,0,0,0,0,0,0,0,0,0,0,0,0,0,0,0.7169587,0.6992656,0,0.7183074,0.8161733,0.7864484,0.897573,1,0.8896337,0.706494,0,0,0,0,0,0,0,0,0,0,0,0,0
0,0,0,0,0,0,0,0,0,0,0.6961607,0.6701655,0.6646086,0,0.7305916,0.8946662,1,0.9107851,0,0,0,0,0,0,0,0,0,0,0,0,0,0,0,0,0,0,0,0,0,0,0,0,0.7190372,0.7490361,0.7730778,0.73816,0.8267603,0.8469173,0.8384892,1,0.9889473,0.7262794,0,0,0,0,0,0,0,0,0,0,0,0,0,0,0,0,0,0,0,0,0,0,0.5988333,0.6096372,0.604358,0.6626061,0.6199006,0.6277811,0,0.9378119,1,0.895035,0,0,0,0,0,0,0,0,0,0,0,0,0,0,0,0,0,0,0,0,0,0,0,0,0.6472819,0,0.6361019,0.6400793,0,0,0.8158499,1,0.9807563,0.7263739,0,0,0,0,0,0,0,0,0,0,0,0,0,0,0,0,0,0,0,0,0,0,0,0,0.7351736,0.7392004,0.7294627,0.7472098,0.7928655,0.7436165,0.9325461,1,0.887901,0,0,0,0,0,0,0,0,0,0,0,0,0,0
0,0,0,0,0,0,0,0,0,0,0,0,0,0,0.64459,0.9082212,1,0.9202601,0,0,0,0,0,0,0,0,0,0,0,0,0,0,0,0,0,0,0,0,0,0,0,0,0,0,0.7018768,0.7196273,0.7814895,0.7503637,0.8513042,1,0.9776289,0.724912,0,0,0,0,0,0,0,0,0,0,0,0,0,0,0,0,0,0,0,0,0,0,0,0,0.6121133,0.6539603,0.6545048,0,0.6743816,0.9377475,1,0.9016237,0,0,0,0,0,0,0,0,0,0,0,0,0,0,0,0,0,0,0,0,0,0,0,0,0,0,0.657361,0,0.6528594,0.6554869,0.819701,1,0.9796175,0.7146182,0,0,0,0,0,0,0,0,0,0,0,0,0,0,0,0,0,0,0,0,0,0,0,0,0,0,0,0,0.7294358,0.8180856,0.9388391,1,0.8617306,0,0,0,0,0,0,0,0,0,0,0,0,0,0
0,0,0,0,0,0,0,0,0,0,0,0,0,0,0,0.916978,1,0.9182786,0,0,0,0,0,0,0,0,0,0,0,0,0,0,0,0,0,0,0,0,0,0,0,0,0,0,0,0,0,0.7751268,0.8216783,0.9734705,1,0.8213835,0,0,0,0,0,0,0,0,0,0,0,0,0,0,0,0,0,0,0,0,0,0,0,0,0,0,0,0,0,0.9323814,1,0.9055251,0,0,0,0,0,0,0,0,0,0,0,0,0,0,0,0,0,0,0,0,0,0,0,0,0,0,0,0,0,0,0.8499517,1,0.9775358,0.7432138,0,0,0,0,0,0,0,0,0,0,0,0,0,0,0,0,0,0,0,0,0,0,0,0,0,0,0,0,0,0,0.9394241,1,0.8654368,0,0,0,0,0,0,0,0,0,0,0,0,0,0
0,0,0,0,0,0,0,0,0,0,0,0,0,0,0,0.9045838,1,0.9108661,0,0,0,0,0,0,0,0,0,0,0,0,0,0,0,0,0,0,0,0,0,0,0,0,0,0,0,0,0,0,0.8049091,1,0.9871267,0,0,0,0,0,0,0,0,0,0,0,0,0,0,0,0,0,0,0,0,0,0,0,0,0,0,0,0,0,0,0.9283224,1,0.9084307,0,0,0,0,0,0,0,0,0,0,0,0,0,0,0,0,0,0,0,0,0,0,0,0,0,0,0,0,0,0,0.8057829,1,0.9774349,0,0,0,0,0,0,0,0,0,0,0,0,0,0,0,0,0,0,0,0,0,0,0,0,0,0,0,0,0,0,0,0.9371767,1,0.8732841,0,0,0,0,0,0,0,0,0,0,0,0,0,0
0,0,0,0,0,0,0,0,0,0,0,0,0,0,0,0.8752434,1,0.915707,0,0,0,0,0,0,0,0,0,0,0,0,0,0,0,0,0,0,0,0,0,0,0,0,0,0,0,0,0,0,0,1,0.9990507,0,0,0,0,0,0,0,0,0,0,0,0,0,0,0,0,0,0,0,0,0,0,0,0,0,0,0,0,0,0,0.9145517,1,0.8754387,0,0,0,0,0,0,0,0,0,0,0,0,0,0,0,0,0,0,0,0,0,0,0,0,0,0,0,0,0,0,0.8021386,1,0.9723615,0.7543664,0,0,0,0,0,0,0,0,0,0,0,0,0,0,0,0,0,0,0,0,0,0,0,0,0,0,0,0,0,0,0.9443375,1,0.8348569,0,0,0,0,0,0,0,0,0,0,0,0,0,0
0,0,0,0,0,0,0,0,0,0,0,0,0,0,0,0.8976737,1,0.8788388,0,0,0,0,0,0,0,0,0,0,0,0,0,0,0,0,0,0,0,0,0,0,0,0,0,0,0,0,0,0,0.7052323,0.9841533,1,0.7946916,0,0,0,0,0,0,0,0,0,0,0,0,0,0,0,0,0,0,0,0,0,0,0,0,0,0,0,0,0,0.9165952,1,0.8895169,0,0,0,0,0,0,0,0,0,0,0,0,0,0,0,0,0,0,0,0,0,0,0,0,0,0,0,0,0,0,0.8142329,1,0.9770253,0.7252441,0,0,0,0,0,0,0,0,0,0,0,0,0,0,0,0,0,0,0,0,0,0,0,0,0,0,0,0,0,0,0.9319376,1,0.8558823,0,0,0,0,0,0,0,0,0,0,0,0,0,0
