GestureName: check
Duration(ms): 799
Handedness: right

SpeakerAngles: 5
55
-55
0
0
110

SpeakerElevations: 5
-10
-10
-10
0
30

InterpretedPoints: 17
0.785436092398274,-8.31008669972526,-0.110814578664557
0.778345695160498,-8.59394333545065,-0.610814578664557
-0.0283615889511002,-9.01388856699923,-0.610814578664557
0.806707284111599,-1.54967027447583,0.347296355333861
0,0,0
1.62759536269875,1.40760373454795,1
0.0141807944755501,6.50694428349962,0.305407289332279
8.11670562178041,14.9496067761393,1.24257369032991
7.29581754319326,14.9771405201277,0.416221867996835
8.10252482730486,16.5116185476157,-0.104722665003955
7.29581754319326,8.732882681261,1.28446275633149
7.28163674871771,7.1955539037858,0.631759111665348
0,0,0
0,0,0
0,0,0
0,0,0
0,0,0

StrokePoints: 18
0,0,0
0.785436092398274,-8.31008669972526,-0.110814578664557
1.56378178755877,-16.9040300351759,-0.721629157329114
1.53542019860767,-25.9179186021751,-1.33244373599367
2.34212748271927,-27.467588876651,-0.985147380659811
2.34212748271927,-27.467588876651,-0.985147380659811
3.96972284541802,-26.059985142103,0.0148526193401893
3.98390363989357,-19.5530408586034,0.320259908672468
12.100609261674,-4.60343408246412,1.56283359900237
19.3964268048672,10.3737064376636,1.97905546699921
27.4989516321721,26.8853249852793,1.87433280199525
34.7947691753654,35.6182076665403,3.15879555832674
42.0764059240831,42.8137615703261,3.79055466999209
42.0764059240831,42.8137615703261,3.79055466999209
42.0764059240831,42.8137615703261,3.79055466999209
42.0764059240831,42.8137615703261,3.79055466999209
42.0764059240831,42.8137615703261,3.79055466999209
42.0764059240831,42.8137615703261,3.79055466999209

Velocities: 17
0,-4,-4
0,-5,-3
0,-4,-4
0,-1,-1
0,0,0
0,0,0
0,2,2
6,3,4
6,2,4
7,2,6
4,0,3
4,-2,3
0,0,0
0,0,0
0,0,0
0,0,0
0,0,0

InverseVelocities: 17
0,0,0
0,0,0
0,0,0
0,0,0
0,0,0
0,0,0
0,0,0
0,0,0
0,0,0
0,0,0
0,0,0
-2,0,-2
0,0,0
0,0,0
0,0,0
0,0,0
0,0,0

RawData: 17
0,0,0,0,0,0,0,0,0,0,0,0,0,0,0.6879556,0.9243211,1,0.8873806,0,0,0,0,0,0,0,0,0,0,0,0,0,0,0,0,0,0,0,0,0,0,0,0,0.8611805,0.9715273,1,0.9795588,0.7728654,0.9646881,0.9522607,0.876305,0.9519107,0.8028513,0,0,0,0,0,0,0,0,0,0,0,0,0,0,0,0,0,0,0,0,0,0,0,0.6607077,0.7090777,0.7207658,0.7036172,0.7037978,0.7344123,0.948112,1,0.864438,0,0,0,0,0,0,0,0,0,0,0,0,0,0,0,0,0,0,0,0,0,0,0,0,0,0.6755752,0.6211146,0.6352398,0.6762946,0.7789836,0.8342272,1,0.9484205,0.6060801,0,0,0,0,0,0,0,0,0,0,0,0,0,0,0,0,0,0,0,0,0,0,0,0,0.7127519,0.7868977,0.8489534,0.8301393,0.7297661,0,0.9644417,1,0.7980682,0,0,0,0,0,0,0,0,0,0,0,0,0,0
0,0,0,0,0,0,0,0,0,0,0,0,0,0,0.6687015,0.9262605,1,0.885037,0,0,0,0,0,0,0,0,0,0,0,0,0,0,0,0,0,0,0,0,0,0,0,0.8195428,0.9366207,0.8427516,0.8643545,0.8909518,0.846998,0,0.8830701,1,0.9504282,0,0,0,0,0,0,0,0,0,0,0,0,0,0,0,0,0,0,0,0,0,0,0,0,0,0.6747267,0.6778314,0.6425499,0,0.6409006,0.9526824,1,0.8671671,0,0,0,0,0,0,0,0,0,0,0,0,0,0,0,0,0,0,0,0,0,0,0,0,0.6751933,0.6286229,0.694168,0.712566,0.6936451,0,0.8521415,1,0.9541999,0.6777231,0,0,0,0,0,0,0,0,0,0,0,0,0,0,0,0,0,0,0,0,0,0,0,0.6888962,0.8039331,0.7682096,0,0,0,0.7911634,0.9866399,1,0.8043517,0,0,0,0,0,0,0,0,0,0,0,0,0,0
0,0,0,0,0,0,0,0,0,0,0,0,0,0,0,0.9278977,1,0.8991602,0,0,0,0,0,0,0,0,0,0,0,0,0,0,0,0,0,0,0,0,0,0,0,0,0.8209111,0.8018595,0,0,0,0,0.8228291,1,0.9638235,0,0,0,0,0,0,0,0,0,0,0,0,0,0,0,0,0,0,0,0,0,0,0,0,0.6786563,0.7235048,0.7132155,0.6824743,0.6615547,0.6764342,0.9536811,1,0.8778459,0,0,0,0,0,0,0,0,0,0,0,0,0,0,0,0,0,0,0,0,0,0,0,0,0.6474373,0.7285532,0.750941,0.7232835,0.6815746,0,0.8760024,1,0.9452926,0,0,0,0,0,0,0,0,0,0,0,0,0,0,0,0,0,0,0,0,0,0,0,0,0.6954651,0.7055506,0.7215297,0.7125272,0.7641479,0.7847743,0.746026,0.9720231,1,0.8173958,0,0,0,0,0,0,0,0,0,0,0,0,0,0
0,0,0,0,0,0,0,0,0,0,0,0,0,0,0,0.9041786,1,0.9016378,0,0,0,0,0,0,0,0,0,0,0,0,0,0,0,0,0,0,0,0,0,0,0,0,0,0,0,0.8228587,0.8943629,0.8425372,0.8230748,1,0.9808373,0,0,0,0,0,0,0,0,0,0,0,0,0,0,0,0,0,0,0,0,0,0,0,0,0,0,0,0.6862904,0.7174326,0.6874309,0.9416804,1,0.8829589,0,0,0,0,0,0,0,0,0,0,0,0,0,0,0,0,0,0,0,0,0,0,0,0,0,0,0,0,0.6698175,0,0.8617923,1,0.955873,0.6616979,0,0,0,0,0,0,0,0,0,0,0,0,0,0,0,0,0,0,0,0,0,0,0,0,0,0,0,0.6876371,0,0.7687787,0.9887452,1,0.8201643,0,0,0,0,0,0,0,0,0,0,0,0,0,0
0,0,0,0,0,0,0,0,0,0,0,0,0,0,0.668022,0.9136689,1,0.89911,0,0,0,0,0,0,0,0,0,0,0,0,0,0,0,0,0,0,0,0,0,0,0,0,0,0,0,0,0.8229776,0.9098785,0.8952844,0.951937,1,0.7252155,0,0,0,0,0,0,0,0,0,0,0,0,0,0,0,0,0,0,0,0,0,0,0,0,0,0,0,0.6501309,0.677967,0.9479834,1,0.8692617,0,0,0,0,0,0,0,0,0,0,0,0,0,0,0,0,0,0,0,0,0,0,0,0,0,0,0,0,0.5750527,0.5691477,0.8507521,1,0.9599342,0.6356054,0.5633425,0,0,0,0,0,0,0,0,0,0,0,0,0,0,0,0,0,0,0,0,0,0,0,0,0,0,0,0.7611249,0.693302,0.9844839,1,0.7974716,0,0,0,0,0,0,0,0,0,0,0,0,0,0
0,0,0,0,0,0,0,0,0,0,0,0,0,0,0,0.8957761,1,0.9150943,0,0,0,0,0,0,0,0,0,0,0,0,0,0,0,0,0,0,0,0,0,0,0,0,0,0,0,0,0,0,0.7832163,0.944783,1,0.8756166,0,0,0,0,0,0,0,0,0,0,0,0,0,0,0,0,0,0,0,0,0,0,0,0,0,0,0,0,0,0.9312681,1,0.8861273,0.6742378,0.6110572,0,0,0,0,0,0,0,0,0,0,0,0,0,0,0,0,0,0,0,0,0,0,0,0,0,0,0,0,0.821476,1,0.9885667,0.7861703,0.6197398,0.67892,0.5766238,0,0,0,0,0,0,0,0,0,0,0,0,0,0,0,0,0,0,0,0,0,0,0,0,0,0.6993129,0,0.9902948,1,0.874243,0.7708448,0.7752958,0.7259718,0,0,0,0,0,0,0,0,0,0,0
0,0,0,0,0,0,0,0,0,0,0,0,0,0,0,0.9124907,1,0.9150912,0,0,0,0,0,0,0,0,0,0,0,0,0,0,0,0,0,0,0,0,0,0,0,0,0,0,0,0,0,0,0,0.9200941,1,0.9292558,0.915545,0.9678912,0.97802,0,0,0,0,0,0,0,0,0,0,0,0,0,0,0,0,0,0,0,0,0,0,0,0,0,0,0.9431325,1,0.8963458,0,0.7607234,0.7697611,0.7484948,0,0,0,0,0,0,0,0,0,0,0,0,0,0,0,0,0,0,0,0,0,0,0,0,0,0,0.8490783,1,0.9764664,0.772464,0.7365158,0.7123079,0.7371586,0.7135102,0.7025427,0,0,0,0,0,0,0,0,0,0,0,0,0,0,0,0,0,0,0,0,0,0,0,0,0,0.9162314,1,0.9215655,0.7891945,0.772625,0.7666855,0,0,0,0,0,0,0,0,0,0,0
0,0,0,0,0,0,0,0,0,0,0,0,0,0,0,0.9028717,1,0.8679711,0.7680874,0.7388523,0,0,0,0,0.6760822,0.6831737,0,0,0,0,0,0,0,0,0,0,0,0,0,0,0,0,0,0,0,0,0.6894532,0.7466446,0,0.9321796,1,0.9360325,0.8879682,0.8554901,0.8420466,0.6995648,0,0,0,0,0,0,0,0,0,0,0,0,0,0,0,0,0,0,0,0,0,0,0,0,0.5664004,0.928945,1,0.878353,0,0.6010976,0,0.6484649,0.6000478,0.6129426,0,0,0,0,0,0,0,0,0,0,0,0,0,0,0,0,0,0,0,0,0,0,0,0.5759393,0.8149136,1,0.9757425,0.7341024,0.6253852,0.706831,0.6252734,0.6203666,0,0,0.6313856,0.5725338,0.5815222,0,0,0,0,0,0,0,0,0,0,0,0,0,0,0,0,0,0,0.5988063,0.6054043,0,0.9352192,1,0.8765138,0.6506812,0.7378921,0.7373909,0.6414043,0,0.6023164,0.6053291,0.5870216,0,0,0,0,0,0
0,0,0,0,0,0,0,0,0,0,0,0,0,0,0,0.8956244,1,0.9163342,0.7574012,0.8134279,0.7973714,0.8269848,0.7794312,0,0,0.7283373,0,0,0,0,0,0,0,0,0,0,0,0,0,0,0,0,0,0,0,0,0,0.8188339,0.9160702,1,0.9424155,0.8375942,0.9427694,0.8839101,0.800386,0,0,0,0,0,0,0,0,0,0,0,0,0,0,0,0,0,0,0,0,0,0,0,0,0,0.6869479,0.929811,1,0.8954888,0.695214,0.7278699,0.6525014,0.7166244,0.7229197,0.6838563,0,0,0,0,0,0,0,0,0,0,0,0,0,0,0,0,0,0,0,0,0,0,0,0.6884537,0.7928495,1,0.9846382,0.7838464,0.6953866,0.7317069,0,0.7242981,0.7102787,0,0,0,0.6893439,0,0,0,0,0,0,0,0,0,0,0,0,0,0,0,0,0,0,0,0,0,0.9502838,1,0.8704324,0.7333562,0.7313403,0,0,0.7093101,0.6788856,0,0,0,0,0,0,0,0
0,0,0,0,0,0,0,0,0,0,0,0,0,0,0.6999559,0.9090595,1,0.9126994,0,0.7132984,0,0.7108799,0.8621542,0.8506978,0.844831,0.8287744,0.7589843,0,0,0,0,0,0,0,0,0,0,0,0,0,0,0,0,0,0,0,0,0,0,0.9251221,0.9841782,0.9754777,0.9414791,1,0.8493974,0,0,0,0,0,0,0,0,0,0,0,0,0,0,0,0,0,0,0,0,0,0,0,0,0,0,0.927257,1,0.8934803,0,0.7326351,0,0.6693766,0.647251,0.6954879,0.7278317,0.7008636,0,0,0,0,0,0,0,0,0,0,0,0,0,0,0,0,0,0,0,0,0,0,0.8288045,1,0.9830127,0.8228669,0.7050211,0,0.7329937,0.7227995,0.7641629,0.7734371,0.7657398,0.721956,0,0,0,0,0,0,0,0,0,0,0,0,0,0,0,0,0,0,0,0,0,0,0.9541663,1,0.8590189,0.7267017,0.7547816,0.7352892,0.7402422,0.7755958,0.7430664,0,0,0,0,0,0,0,0
0,0,0,0,0,0,0,0,0,0,0,0,0,0,0,0.8974106,1,0.9327736,0.7889284,0.8341056,0.8688992,0.7919052,0.805051,0.7968343,0,0,0,0,0,0,0,0,0,0,0,0,0,0,0,0,0,0,0,0,0,0,0,0,0,1,0.9981607,0,0.9197454,0,0,0,0,0,0,0,0,0,0,0,0,0,0,0,0,0,0,0,0,0,0,0,0,0,0,0,0.6949479,0.9225218,1,0.9076687,0.79702,0.7099169,0.7260527,0.7554303,0.7743478,0,0,0,0,0,0,0,0,0,0,0,0,0,0,0,0,0,0,0,0,0,0,0,0,0,0.84123,1,0.977277,0.7925876,0.7230555,0,0.7605168,0,0.7565209,0.7097666,0,0,0,0,0,0,0,0,0,0,0,0,0,0,0,0,0,0,0,0,0,0,0,0,0.9628956,1,0.8982019,0.786402,0.8024757,0.8029382,0.7480844,0.7777784,0.7522101,0,0,0,0,0,0,0,0
0,0,0,0,0,0,0,0,0,0,0,0.6360653,0.6779622,0.6429442,0.6510867,0.9069556,1,0.8901082,0.6670831,0.8160844,0.8203663,0.7410907,0.6366821,0.6366373,0,0,0,0,0,0,0,0,0,0,0,0,0,0,0,0,0,0,0,0,0.7566002,0.7683654,0,0.7836626,0.8071433,0.942089,1,0.9065148,0.7978618,0,0,0,0,0,0,0,0,0,0,0,0,0,0,0,0,0,0,0,0,0,0,0,0,0.6146517,0.6332962,0,0.6089293,0.9256136,1,0.8884343,0.7423625,0.682704,0.7408801,0.7215062,0.6530563,0,0,0,0,0,0,0,0,0,0,0,0,0,0,0,0,0,0,0,0,0.6071264,0.6788113,0.6953756,0.6392892,0.6121461,0.8553149,1,0.9676768,0.6040382,0.6481647,0.7469972,0.7370816,0.6961521,0.6627112,0,0,0,0,0,0,0,0,0,0,0,0,0,0,0,0,0,0,0,0,0,0.7734784,0.7368047,0,0.7013022,0.9468778,1,0.8532221,0,0.7371824,0.7945096,0.7230964,0,0,0,0,0,0,0,0,0,0
0,0,0,0,0,0,0,0,0,0,0,0,0,0,0,0.9016025,1,0.9165425,0.7216556,0.7234457,0,0,0,0,0,0,0,0,0,0,0,0,0,0,0,0,0,0,0,0,0,0,0,0,0,0,0,0.8973413,0.9214742,1,0.9652529,0.9172732,0,0,0,0,0,0,0,0,0,0,0,0,0,0,0,0,0,0,0,0,0,0,0,0,0,0,0,0,0.6798507,0.9436719,1,0.8779047,0.6658367,0,0,0,0,0,0,0,0,0,0,0,0,0,0,0,0,0,0,0,0,0,0,0,0,0,0,0,0,0,0.8351289,1,0.9774224,0.7335415,0,0,0,0,0,0,0,0,0,0,0,0,0,0,0,0,0,0,0,0,0,0,0,0,0,0,0,0.7281021,0.7580396,0,0.9145051,1,0.9023939,0,0,0,0,0,0,0,0,0,0,0,0,0,0
0,0,0,0,0,0,0,0,0,0,0,0,0,0,0,0.9041435,1,0.9176647,0,0,0,0,0,0,0,0,0,0,0,0,0,0,0,0,0,0,0,0,0,0,0,0,0,0,0,0,0,0,0,0.9753919,1,0,0,0,0,0,0,0,0,0,0,0,0,0,0,0,0,0,0,0,0,0,0,0,0,0,0,0,0,0,0,0.9239593,1,0.9040642,0,0,0,0,0,0,0,0,0,0,0,0,0,0,0,0,0,0,0,0,0,0,0,0,0,0,0,0,0,0,0.8415892,1,0.9731902,0.7542722,0,0,0,0,0,0,0,0,0,0,0,0,0,0,0,0,0,0,0,0,0,0,0,0,0,0,0,0,0,0.7089649,0.947834,1,0.8847497,0.643023,0,0,0,0,0,0,0,0,0,0,0,0,0
0,0,0,0,0,0,0,0,0,0,0,0,0,0,0,0.9185526,1,0.9054334,0,0,0,0,0,0,0,0,0,0,0,0,0,0,0,0,0,0,0,0,0,0,0,0,0,0,0,0,0,0,0.8329787,1,0.9846824,0,0,0,0,0,0,0,0,0,0,0,0,0,0,0,0,0,0,0,0,0,0,0,0,0,0,0,0,0,0.7036744,0.9464906,1,0.8886747,0.6379551,0,0,0,0,0,0,0,0,0,0,0,0,0,0,0,0,0,0,0,0,0,0,0,0,0,0,0,0,0,0.8834938,1,0.9378399,0,0,0,0,0,0,0,0,0,0,0,0,0,0,0,0,0,0,0,0,0,0,0,0,0,0,0,0,0,0,0.692799,0.9506516,1,0.8777251,0,0,0,0,0,0,0,0,0,0,0,0,0,0
0,0,0,0,0,0,0,0,0,0,0,0,0,0,0.6349587,0.9402387,1,0.8720103,0,0,0,0,0,0,0,0,0,0,0,0,0,0,0,0,0,0,0,0,0,0,0,0,0,0,0,0,0,0,0,0.991245,1,0.7630857,0,0,0,0,0,0,0,0,0,0,0,0,0,0,0,0,0,0,0,0,0,0,0,0,0,0,0,0,0.6210198,0.9474412,1,0.8709203,0,0,0,0,0,0,0,0,0,0,0,0,0,0,0,0,0,0,0,0,0,0,0,0,0,0,0,0,0,0,0.8577923,1,0.9434203,0.6265635,0,0,0,0,0,0,0,0,0,0,0,0,0,0,0,0,0,0,0,0,0,0,0,0,0,0,0,0,0,0.6186544,0.9543432,1,0.8480102,0,0,0,0,0,0,0,0,0,0,0,0,0,0
0,0,0,0,0,0,0,0,0,0,0,0,0,0,0,0.938972,1,0.8780084,0,0,0,0,0,0,0,0,0,0,0,0,0,0,0,0,0,0,0,0,0,0,0,0,0,0,0,0,0,0,0.827086,1,0.9697943,0.7037916,0,0,0,0,0,0,0,0,0,0,0,0,0,0,0,0,0,0,0,0,0,0,0,0,0,0,0,0,0.6199887,0.9515293,1,0.8681709,0,0,0,0,0,0,0,0,0,0,0,0,0,0,0,0,0,0,0,0,0,0,0,0,0,0,0,0,0,0,0.8539862,1,0.9600355,0.6764473,0,0,0,0,0,0,0,0,0,0,0,0,0,0,0,0,0,0,0,0,0,0,0,0,0,0,0,0,0,0.6790292,0.9666927,1,0.8446561,0,0,0,0,0,0,0,0,0,0,0,0,0,0
