GestureName: double_arch
Duration(ms): 1410
Handedness: right

SpeakerAngles: 5
55
-55
0
0
110

SpeakerElevations: 5
-10
-10
-10
0
30

InterpretedPoints: 30
0,1,0
0.806707284111599,3.67939531740308,-0.694592710667721
2.42721224957257,2.80314241622564,-0.194592710667721
4.86860529362069,5.91454801804757,1.30540728933228
2.44139304404812,-3.8430176572147,2.02094453300079
0.813797681349374,-0.296198132726024,0.5
-0.806707284111599,-8.50409353351246,0.868240888334652
-1.6134145682232,-1.11453279593946,0.520944533000791
-0.0141807944755501,-5.49175203651182,-0.131759111665348
1.6134145682232,-5.08414830196387,0.868240888334652
5.66113178325674,-12.3407476378312,2.7364817766693
0,0,0
0,0,0
-1.6134145682232,3.11453279593946,-0.520944533000791
0.835068873062699,6.44902604553561,0.784462756331487
0.827978475824924,9.45500398964029,-0.0628335990023732
1.64886655441207,8.29774520272462,1.11081457866456
3.26228112263527,10.4122779986641,0.589870045663766
4.06898840674687,8.86260772418825,0.937166400997627
3.24810032815972,11.0046742641161,-0.410129954336234
8.10961522454264,11.5360250974866,1.08987004566377
8.90923211141646,11.8170309832249,0.416221867996835
7.28872714595549,9.56355884147506,0.263518223330696
6.47492946460611,8.76041642524942,0.458110933998418
7.28872714595549,6.34968549658394,1.47905546699921
6.47492946460611,7.63069138232218,0.805407289332278
2.40594105785925,2.21802777486684,-0.479055466999209
2.4201218523348,-1.43513747853638,-0.17364817766693
-0.806707284111599,-0.564862521463624,0.17364817766693
0,0,0

StrokePoints: 31
0,0,0
0,1,0
0.806707284111599,4.67939531740308,-0.694592710667721
3.23391953368417,7.48253773362872,-0.889185421335443
8.10252482730486,13.3970857516763,0.416221867996836
10.543917871353,9.55406809446159,2.43716640099763
11.3577155527024,9.25786996173557,2.93716640099763
10.5510082685908,0.753776428223111,3.80540728933228
8.93759370036756,-0.360756367716345,4.32635182233307
8.92341290589201,-5.85250840422817,4.19459271066772
10.5368274741152,-10.936656706192,5.06283359900237
16.1979592573719,-23.2774043440232,7.79931537567168
16.1979592573719,-23.2774043440232,7.79931537567168
16.1979592573719,-23.2774043440232,7.79931537567168
14.5845446891488,-20.1628715480838,7.27837084267088
15.4196135622115,-13.7138455025482,8.06283359900237
16.2475920380364,-4.25884151290789,8
17.8964585924484,4.03890368981673,9.11081457866456
21.1587397150837,14.4511816884808,9.70068462432832
25.2277281218306,23.3137894126691,10.6378510253259
28.4758284499903,34.3184636767852,10.2277210709897
36.5854436745329,45.8544887742718,11.3175911166535
45.4946757859494,57.6715197574967,11.7338129846503
52.7834029319049,67.2350785989718,11.997331207981
59.258332396511,75.9954950242212,12.4554421419794
66.5470595424665,82.3451805208051,13.9344976089786
73.0219890070726,89.9758719031273,14.7399048983109
75.4279300649319,92.1938996779942,14.2608494313117
77.8480519172667,90.7587621994578,14.0872012536448
77.0413446331551,90.1938996779942,14.2608494313117
77.0413446331551,90.1938996779942,14.2608494313117

Velocities: 30
0,0,0
2,1,1
2,0,2
2,0,2
0,0,-3
0,0,0
-1,0,-4
-2,0,-1
0,-2,-3
0,-2,-3
0,-5,-5
0,0,0
0,0,0
0,2,1
0,3,4
2,4,3
1,4,3
3,4,4
3,3,3
4,3,4
5,1,5
6,0,6
5,0,5
4,-1,3
3,-2,2
3,-2,3
3,-2,-4
2,-1,0
-1,0,0
0,0,0

InverseVelocities: 30
0,0,0
0,0,0
0,0,0
0,0,0
0,0,0
0,0,0
0,0,0
0,0,0
0,1,0
0,1,0
0,3,0
0,0,0
0,0,0
0,0,0
0,-1,0
0,0,0
0,0,0
0,0,-1
0,-1,-1
0,0,0
0,-3,0
0,0,0
0,0,-1
0,0,-1
0,0,-1
-2,0,-1
-2,0,0
-2,0,0
0,0,0
0,0,0

RawData: 30
0,0,0,0,0,0,0,0,0,0,0,0,0,0,0,0.9100777,1,0.9188676,0.754881,0,0,0,0,0,0,0,0,0,0,0,0,0,0,0,0,0,0,0,0,0,0,0,0,0,0,0,0,0,0,0.9911767,1,0.8371719,0.8116779,0,0,0,0,0,0,0,0,0,0,0,0,0,0,0,0,0,0,0,0,0,0,0,0,0,0,0,0.6760395,0.9543971,1,0.8576931,0.6173661,0,0,0,0,0,0,0,0,0,0,0,0,0,0,0,0,0,0,0,0,0,0,0,0,0,0,0,0,0,0.878723,1,0.9490066,0.6780918,0.6466979,0.6260156,0,0,0,0,0,0,0,0,0,0,0,0,0,0,0,0,0,0,0,0,0,0,0,0,0,0,0,0.6963634,0.9774112,1,0.7430604,0.7571908,0,0,0,0,0,0,0,0,0,0,0,0,0
0,0,0,0,0,0,0,0,0,0,0,0,0,0,0,0.9273254,1,0.8802527,0.6749719,0.7731398,0.7896697,0.7186704,0,0,0,0,0,0,0,0,0,0,0,0,0,0,0,0,0,0,0,0,0,0,0,0,0,0,0,1,0.9978929,0,0.8841841,0.8822786,0,0,0,0,0,0,0,0,0,0,0,0,0,0,0,0,0,0,0,0,0,0,0,0,0,0,0.6541113,0.9492298,1,0.8748016,0.6805111,0.7621194,0.7271014,0,0,0,0,0,0,0,0,0,0,0,0,0,0,0,0,0,0,0,0,0,0,0,0,0,0,0,0.8740913,1,0.9514332,0.6888585,0.6475076,0.6696222,0,0,0,0,0,0,0,0,0,0,0,0,0,0,0,0,0,0,0,0,0,0,0,0,0,0,0,0.6841317,0.9697661,1,0.7894953,0.6858591,0,0,0,0,0,0,0,0,0,0,0,0,0
0,0,0,0,0,0,0,0,0,0,0,0,0,0,0,0.9336585,1,0.885368,0,0,0.7853289,0.7860245,0,0,0,0,0,0,0,0,0,0,0,0,0,0,0,0,0,0,0,0,0,0,0,0,0,0,0,1,0.9738961,0,0,0,0,0,0,0,0,0,0,0,0,0,0,0,0,0,0,0,0,0,0,0,0,0,0,0,0,0,0.68739,0.9510608,1,0.8851052,0,0,0.7121296,0.6860448,0,0,0,0,0,0,0,0,0,0,0,0,0,0,0,0,0,0,0,0,0,0,0,0,0,0,0.8636603,1,0.9673846,0.805828,0.7130964,0,0,0,0,0,0,0,0,0,0,0,0,0,0,0,0,0,0,0,0,0,0,0,0,0,0,0,0,0.7466766,0.9728965,1,0.8040461,0.800819,0.7448252,0,0,0,0,0,0,0,0,0,0,0,0
0,0,0,0,0,0,0,0,0,0,0,0,0,0,0,0.9184658,1,0.8910775,0.6754081,0,0,0.6760354,0,0,0,0,0,0,0,0,0,0,0,0,0,0,0,0,0,0,0,0,0,0,0,0,0,0,0,1,0.9615056,0,0,0,0,0,0,0,0,0,0,0,0,0,0,0,0,0,0,0,0,0,0,0,0,0,0,0,0,0.6650142,0.7258666,0.9527471,1,0.8590494,0.6649991,0,0.6459339,0.619055,0,0,0,0,0,0,0,0,0,0,0,0,0,0,0,0,0,0,0,0,0,0,0,0,0.6310914,0.7068661,0.8724617,1,0.9347588,0,0.6685528,0.6693778,0.7166862,0.6931866,0.6468102,0,0,0,0,0,0,0,0,0,0,0,0,0,0,0,0,0,0,0,0,0,0,0.6866478,0.6836791,0,0.9485649,1,0.8426173,0,0,0.6929477,0.672917,0.665081,0,0,0,0,0,0,0,0,0
0,0,0,0,0,0,0,0,0,0,0,0,0,0.69054,0.6853897,0.9301367,1,0.8661292,0,0,0,0,0,0,0,0,0,0,0,0,0,0,0,0,0,0,0,0,0,0,0,0,0,0,0,0,0,0.822026,0.8949456,1,0.9394735,0.8330089,0.7878747,0,0,0,0,0,0,0,0,0,0,0,0,0,0,0,0,0,0,0,0,0,0,0,0.5992225,0.6493506,0.6371546,0.6552784,0.6721023,0.9515662,1,0.8731468,0.5872133,0,0,0,0,0,0,0,0,0,0,0,0,0,0,0,0,0,0,0,0,0,0,0,0,0,0,0,0.6518984,0.6944163,0.880947,1,0.9081121,0.7421905,0.7026907,0,0,0,0,0,0,0,0,0,0,0,0,0,0,0,0,0,0,0,0,0,0,0,0,0.6821205,0.6813127,0,0,0.6668784,0.9391258,1,0.8842386,0.7552326,0.6779684,0.620645,0.626202,0,0,0,0,0,0,0,0,0,0
0,0,0,0,0,0,0,0,0,0,0,0,0,0,0,0.9338853,1,0.9025657,0,0,0,0,0,0,0,0,0,0,0,0,0,0,0,0,0,0,0,0,0,0,0,0,0,0,0,0,0,0,0.9326556,1,0.9568225,0,0,0,0,0,0,0,0,0,0,0,0,0,0,0,0,0,0,0,0,0,0,0,0,0,0,0,0,0,0.7906005,0.9487984,1,0.8755011,0,0,0,0,0,0,0,0,0,0,0,0,0,0,0,0,0,0,0,0,0,0,0,0,0,0,0,0,0,0.7869017,0.863393,1,0.9625587,0,0,0,0,0,0,0,0,0,0,0,0,0,0,0,0,0,0,0,0,0,0,0,0,0,0,0,0,0,0,0,0.9776883,1,0.8674119,0.7916281,0.8100689,0,0,0,0,0,0,0,0,0,0,0,0
0,0,0,0,0,0,0,0,0,0,0,0,0.7471629,0.7010276,0.711196,0.922488,1,0.8792384,0,0,0,0,0,0,0,0,0,0,0,0,0,0,0,0,0,0,0,0,0,0,0,0,0,0,0,0,0,0,0.7959265,1,0.9856979,0,0,0,0,0,0,0,0,0,0,0,0,0,0,0,0,0,0,0,0,0,0,0,0,0.6667261,0.7067926,0.7302033,0.6576256,0.6441476,0.8021727,0.9455228,1,0.8726151,0,0,0,0,0,0,0,0,0,0,0,0,0,0,0,0,0,0,0,0,0,0,0,0,0.6615369,0.6998835,0.7053657,0,0,0.6679716,0.8557792,1,0.9479931,0,0,0,0,0,0,0,0,0,0,0,0,0,0,0,0,0,0,0,0,0,0,0,0,0,0,0,0,0,0.7287574,0.9142113,0.9440408,1,0.8876932,0.7229074,0,0,0,0,0,0,0,0,0,0,0,0,0
0,0,0,0,0,0,0,0,0,0,0,0.6810674,0.6796601,0.7173551,0.711041,0.9190732,1,0.884029,0,0,0,0,0,0,0,0,0,0,0,0,0,0,0,0,0,0,0,0,0,0,0,0,0,0,0,0,0,0.7728398,0.9284189,1,0.9159042,0.7976655,0,0,0,0,0,0,0,0,0,0,0,0,0,0,0,0,0,0,0,0,0,0,0,0,0,0,0.6723471,0.7028847,0.7751225,0.9586546,1,0.8829296,0.6727061,0.66628,0,0,0,0,0,0,0,0,0,0,0,0,0,0,0,0,0,0,0,0,0,0,0,0,0,0,0.6498148,0.6781168,0.8644301,1,0.9512166,0.6502256,0.6567985,0.6286456,0,0,0,0,0,0,0,0,0,0,0,0,0,0,0,0,0,0,0,0,0,0,0,0,0,0,0.7925972,0.919368,1,0.9970317,0.8486215,0,0,0,0,0,0,0,0,0,0,0,0,0,0
0,0,0,0,0,0,0,0,0,0,0,0,0,0,0.7354389,0.9376701,1,0.8795169,0,0,0,0,0,0,0,0,0,0,0,0,0,0,0,0,0,0,0,0,0,0,0,0,0,0,0.7509609,0.7936845,0,0.7570833,0.886232,1,0.8835864,0.8305764,0.7952589,0.731769,0,0,0,0,0,0,0,0,0,0,0,0,0,0,0,0,0,0,0,0,0,0,0.6862598,0.684782,0.6846745,0.7283744,0.7587818,0.9576561,1,0.8395828,0.7017906,0.7310192,0,0,0,0,0,0,0,0,0,0,0,0,0,0,0,0,0,0,0,0,0,0,0,0,0.6730673,0.6544705,0.7411348,0.7612339,0.8764405,1,0.9545037,0.7266222,0.6433188,0,0,0,0,0,0,0,0,0,0,0,0,0,0,0,0,0,0,0,0,0,0,0,0,0.7141671,0.7472775,0.8075528,0.8442357,0.7818082,0.9524133,1,0.8794148,0.7205226,0,0,0,0,0,0,0,0,0,0,0,0,0
0,0,0,0,0,0,0,0,0,0,0,0,0,0,0,0.9215128,1,0.9004025,0.7024775,0.7078813,0,0,0,0,0,0,0,0,0,0,0,0,0,0,0,0,0,0,0,0,0,0,0,0,0.8493588,0.8940921,0.91856,0.9225335,0.8722596,0.9967186,1,0.8509611,0,0.8347286,0,0,0,0,0,0,0,0,0,0,0,0,0,0,0,0,0,0,0,0,0,0,0.6774485,0,0,0.7326656,0.7299299,0.9530149,1,0.8783584,0,0.7205192,0,0,0,0,0,0,0,0,0,0,0,0,0,0,0,0,0,0,0,0,0,0,0,0,0,0.6625526,0.7210156,0.7235955,0.8865249,1,0.9485636,0.7211367,0,0,0,0,0,0,0,0,0,0,0,0,0,0,0,0,0,0,0,0,0,0,0,0,0,0,0,0.7412676,0,0.7950206,0.989638,1,0.8628377,0.7644736,0,0,0,0,0,0,0,0,0,0,0,0,0
0,0,0,0,0,0,0,0,0,0,0,0,0,0.5982724,0.6811057,0.9253809,1,0.8715715,0,0,0,0,0,0,0,0,0,0,0,0,0,0,0,0,0,0,0,0,0,0,0,0.7713704,0.7959285,0.79408,0.9045089,0.9252313,0.9499766,0.9125102,0.763855,1,0.9861743,0,0,0.840139,0.818246,0.745981,0,0,0,0,0,0,0,0,0,0,0,0,0,0,0,0,0,0,0.5776574,0.6444471,0.6560929,0.620111,0.6860065,0.7122282,0.6667911,0.9458476,1,0.8459254,0,0.5764773,0,0,0,0,0,0,0,0,0,0,0,0,0,0,0,0,0,0,0,0,0,0,0.5732149,0.5892493,0,0.5575367,0.6980539,0.7163729,0.8263061,1,0.9443341,0.5472329,0.6165262,0.5753104,0,0,0,0,0,0,0,0,0,0,0,0,0,0,0,0,0,0,0,0,0,0,0,0,0.5757138,0.6510509,0.6813677,0.6678107,0.9586033,1,0.8412385,0.639681,0.6558298,0.6138059,0,0,0,0,0,0,0,0,0,0,0
0,0,0,0,0,0,0,0,0,0,0,0,0,0,0,0.9235681,1,0.8917755,0,0,0,0,0,0,0,0,0,0,0,0,0,0,0,0,0,0,0,0,0,0,0,0,0,0,0,0,0,0,0.8977025,1,0.9819793,0,0,0,0,0,0,0,0,0,0,0,0,0,0,0,0,0,0,0,0,0,0,0,0,0,0,0,0,0,0,0.9550259,1,0.8689465,0,0,0,0,0,0,0,0,0,0,0,0,0,0,0,0,0,0,0,0,0,0,0,0,0,0,0,0,0.697886,0.7395104,0.851186,1,0.951906,0,0,0,0,0,0,0,0,0,0,0,0,0,0,0,0,0,0,0,0,0,0,0,0,0,0,0,0,0,0,0.6848918,0.970131,1,0.8412542,0,0,0,0,0,0,0,0,0,0,0,0,0,0
0,0,0,0,0,0,0,0,0,0,0,0,0,0,0,0.9228842,1,0.8839979,0,0,0,0,0,0,0,0,0,0,0,0,0,0,0,0,0,0,0,0,0,0,0,0,0,0,0,0,0,0.8806409,0.9207311,0.9357156,1,0.8862437,0,0,0,0,0,0,0,0,0,0,0,0,0,0,0,0,0,0,0,0,0,0,0,0,0,0,0,0,0.7002144,0.9487867,1,0.868067,0,0,0,0,0,0,0,0,0,0,0,0,0,0,0,0,0,0,0,0,0,0,0,0,0,0,0,0,0,0.6904683,0.8478124,1,0.9659595,0.6869393,0,0,0,0,0,0,0,0,0,0,0,0,0,0,0,0,0,0,0,0,0,0,0,0,0,0,0,0,0,0.7140587,0.9619682,1,0.8593231,0,0,0,0,0,0,0,0,0,0,0,0,0,0
0,0,0,0,0,0,0,0,0,0,0,0,0,0,0.7045239,0.8756841,1,0.9254323,0.73037,0,0,0,0,0,0,0,0,0,0,0,0,0,0,0,0,0,0,0,0,0,0,0,0,0,0,0,0,0,0,0.9247415,0.9266413,0,0.969896,1,0.8787984,0,0,0,0,0,0,0,0,0,0,0,0,0,0,0,0,0,0,0,0,0,0,0,0,0.6837687,0.6959401,0.9362112,1,0.9025038,0.7503231,0.6805897,0.6346198,0,0,0,0,0,0,0,0,0,0,0,0,0,0,0,0,0,0,0,0,0,0,0,0,0,0,0,0.8460674,1,0.9803944,0.7787222,0.658762,0.6458459,0,0,0,0,0,0,0,0,0,0,0,0,0,0,0,0,0,0,0,0,0,0,0,0,0,0,0,0,0.9461896,1,0.8708352,0,0,0,0,0,0,0,0,0,0,0,0,0,0
0,0,0,0,0,0,0,0,0,0,0,0,0,0,0,0.9063169,1,0.9251856,0.7853619,0,0,0,0,0,0,0,0,0,0,0,0,0,0,0,0,0,0,0,0,0,0,0,0,0,0,0.8305139,0.8045585,0.8239325,0.8696399,0,1,0.9707177,0.907788,0.9800119,0.8981322,0.8483552,0,0,0,0,0,0,0,0,0,0,0,0,0,0,0,0,0,0,0,0,0,0,0,0.6457549,0.6225995,0.9284827,1,0.8979772,0,0.6392455,0.6820814,0,0.6960076,0.6404998,0,0,0,0,0,0,0,0,0,0,0,0,0,0,0,0,0,0,0,0,0,0,0,0,0.8434246,1,0.9746948,0.7284311,0.6977742,0.728465,0.6329963,0,0,0,0,0,0,0,0,0,0,0,0,0,0,0,0,0,0,0,0,0,0,0,0,0,0,0.6890573,0.9295121,1,0.8536764,0.6910528,0.8069355,0.7900525,0.738895,0.6862154,0,0,0,0,0,0,0,0,0
0,0,0,0,0,0,0,0,0,0,0,0,0,0,0.7150504,0.8837833,1,0.9377903,0.808047,0.831228,0.8070014,0.7644827,0,0,0,0,0,0,0,0,0,0,0,0,0,0,0,0,0,0,0,0,0,0,0,0,0,0,0.8770693,1,0.9480891,0.9363851,0.9532746,0.8504551,0.8114808,0.8194845,0.7752631,0,0,0,0,0,0,0,0,0,0,0,0,0,0,0,0,0,0,0,0,0,0,0.6340908,0.624351,0.9339397,1,0.8908197,0.7855462,0.8120292,0.7737443,0.687283,0.7137794,0,0,0,0,0,0,0,0,0,0,0,0,0,0,0,0,0,0,0,0,0,0,0,0,0.6610882,0.8579105,1,0.9732342,0.7339951,0.8155482,0.7840064,0.6400563,0.6802539,0.6445467,0,0,0,0,0,0,0,0,0,0,0,0,0,0,0,0,0,0,0,0,0,0,0,0.7159063,0.7228642,0.9539384,1,0.8822646,0.6759809,0.8433383,0.7896504,0.6891304,0,0,0,0,0,0,0,0,0,0
0,0,0,0,0,0,0,0,0,0,0,0,0,0,0,0.899124,1,0.9333875,0.8213494,0.8095207,0.7201995,0,0,0,0,0,0,0,0,0,0,0,0,0,0,0,0,0,0,0,0,0,0,0,0,0,0,0.8547915,0.9056463,1,0.9983148,0.8835513,0.9582738,0.902034,0,0.8523926,0.8371369,0,0,0,0,0,0,0,0,0,0,0,0,0,0,0,0,0,0,0,0,0,0,0,0,0.9299412,1,0.9036399,0.7738276,0.7526725,0.7198405,0,0.6894224,0,0,0,0,0,0,0,0,0,0,0,0,0,0,0,0,0,0,0,0,0,0,0,0,0,0.8497187,1,0.9784667,0.7921125,0.8344958,0.7464002,0.7587351,0.7309874,0.7302602,0,0,0,0,0,0,0,0,0,0,0,0,0,0,0,0,0,0,0,0,0,0,0,0.7530463,0,0.9553909,1,0.8541698,0.9069085,0.9515787,0.8277116,0.8843322,0.8760123,0.8144033,0,0,0,0,0,0,0,0
0,0,0,0,0,0,0,0,0,0,0,0,0,0,0,0.9097915,1,0.8603759,0.7507101,0.8690759,0.835869,0.8298734,0.7369981,0,0,0,0,0,0,0,0,0,0,0,0,0,0,0,0,0,0,0,0,0,0,0,0.7684235,0.8272595,0,0.9028198,0.9570674,0.9566334,1,0.9081821,0.9292264,0.8833981,0.8150463,0,0,0,0,0,0,0,0,0,0,0,0,0,0,0,0,0,0,0,0,0,0.6579633,0.7060949,0.6882277,0.9285216,1,0.8867313,0.772679,0.8208315,0.6775599,0.6752862,0.6477311,0.6573368,0,0,0,0,0,0,0,0,0,0,0,0,0,0,0,0,0,0,0,0,0,0,0,0,0.8487859,1,0.9663751,0.7844313,0.8737106,0.8397098,0,0,0.6490322,0,0,0,0,0,0,0,0,0,0,0,0,0,0,0,0,0,0,0,0,0,0.7447122,0.7326646,0.825932,0.8536137,0.8468204,1,0.9213039,0.9271791,0.9117602,0.861748,0.7007169,0,0.718272,0,0,0,0,0,0,0,0
0,0,0,0,0,0,0,0,0,0,0,0,0,0,0,0.9011231,1,0.8994262,0.849191,0.858689,0.7150433,0.8271096,0.7853259,0,0,0,0,0,0,0,0,0,0,0,0,0,0,0,0,0,0,0,0,0,0,0.8418552,0.8381854,0.7753168,0.8195464,0.9958059,1,0.8577049,0,0.9415784,0.937418,0.7990937,0,0,0,0,0,0,0,0,0,0,0,0,0,0,0,0,0,0,0,0,0,0,0.6732616,0.6559992,0.6415813,0.9117783,1,0.9180512,0.6400158,0.7311449,0.7652637,0.7569067,0.70775,0,0,0,0,0,0,0,0,0,0,0,0,0,0,0,0,0,0,0,0,0,0.6307153,0.7069083,0.643584,0.613436,0.8456254,1,0.9691259,0.7699574,0.8315949,0.7548255,0.6650572,0.7416084,0.6536701,0,0,0,0,0,0,0,0,0,0,0,0,0,0,0,0,0,0,0,0,0,0,0.7240254,0,0.735592,0.9429,0.9544129,0.8809583,0.8894759,0.9882496,1,0.9079586,0.8331519,0.6956028,0,0,0,0,0,0,0,0
0,0,0,0,0,0,0,0,0,0,0,0,0,0.6169846,0.6507324,0.8887944,1,0.9168298,0.7804207,0.8067264,0.7716393,0.8311105,0.7929556,0.660175,0,0,0,0,0,0,0,0,0,0,0,0,0,0,0,0,0,0,0,0,0,0,0.8042073,0.9311468,0.9456794,1,0.9220147,0.9858587,0.9984582,0.896612,0.7481058,0.7246658,0,0,0,0,0,0,0,0,0,0,0,0,0,0,0,0,0,0,0,0,0,0,0,0.5896769,0.6139889,0.914615,1,0.8927109,0.8364577,0.7801793,0.7017425,0.7526263,0.7056723,0.5815148,0,0,0,0,0,0,0,0,0,0,0,0,0,0,0,0,0,0,0,0,0.5728829,0.6513197,0.6670302,0.6612545,0.8396394,1,0.9792965,0.8378372,0.810584,0.7341631,0.7529827,0.7594318,0.6080809,0,0,0,0,0,0,0,0,0,0,0,0,0,0,0,0,0,0,0,0,0.6592306,0.6936862,0.6707675,0.7316401,0.7317897,0.9219695,1,0.9425388,0.9600801,0.9594309,0.9046948,0.794946,0,0,0,0,0,0,0,0,0,0
0,0,0,0,0,0,0,0,0,0,0,0,0,0,0,0.9137726,1,0.8938902,0.7197551,0.65031,0.7415562,0.6399432,0.8180009,0.7948403,0.6932235,0,0,0,0,0,0,0,0,0,0,0,0,0,0,0,0,0,0,0.7636395,0.7756171,0.7650837,0.830728,0,0.7019808,0.9645754,1,0.8622357,0,0.768007,0,0,0,0,0,0,0,0,0,0,0,0,0,0,0,0,0,0,0,0,0,0,0,0,0,0,0.6951464,0.9398148,1,0.8648987,0.6680058,0.7937049,0.7548992,0,0.7445695,0.7228912,0.6117912,0,0,0,0,0,0,0,0,0,0,0,0,0,0,0,0,0,0,0,0,0,0.6101417,0,0.8219782,1,0.9753343,0.7905302,0.8288838,0.7782863,0.7131993,0.7523026,0.7104594,0.6404352,0,0,0,0,0,0,0,0,0,0,0,0,0,0,0,0,0,0,0,0.759546,0,0.7057093,0.7876896,0.8321022,0.9559138,0.8722143,0.9823998,1,0.890266,0.7857035,0.9121916,0.8422368,0.8106872,0.7872807,0,0,0,0,0,0,0
0,0,0,0,0,0,0,0,0,0,0,0,0,0,0,0.8939669,1,0.9299992,0.7582031,0,0.6984236,0.7464659,0.7566718,0.7885951,0.7780316,0.6601767,0,0,0,0,0,0,0,0,0,0,0,0,0,0,0,0,0,0,0,0,0,0.9318879,0.9692507,1,0.9460956,0.7606568,0,0,0,0,0,0,0,0,0,0,0,0,0,0,0,0,0,0,0,0,0,0,0,0,0,0,0,0.6736216,0.7793009,0.9338081,1,0.9128777,0.6918762,0.7456689,0.7570429,0.7110271,0.6667914,0.7051883,0.6291322,0.6413684,0,0,0,0,0,0,0,0,0,0,0,0,0,0,0,0,0,0,0,0.6587234,0.6678832,0.7519311,0.8682318,1,0.9749245,0,0.7855445,0.7720009,0.7036337,0.6602181,0.6995267,0,0,0,0,0,0,0,0,0,0,0,0,0,0,0,0,0,0,0,0,0,0.7879582,0.8434193,0.9065907,1,0.921946,0.863319,0.8276969,0.8425129,0,0.8529682,0.8758644,0.9279443,0.8954554,0,0,0,0,0,0,0,0
0,0,0,0,0,0,0,0,0,0,0,0,0,0,0,0.9263403,1,0.885298,0,0.7747621,0.7792715,0.6972591,0.683591,0.7058597,0.6946422,0,0,0,0,0,0,0,0,0,0,0,0,0,0,0,0,0,0,0,0,0,0.9173524,0.8045357,0.9859994,0.9996113,1,0.892863,0,0,0,0,0,0,0,0,0,0,0,0,0,0,0,0,0,0,0,0,0,0,0,0,0,0,0.7076032,0.7553696,0,0.9454932,1,0.8567703,0.7632405,0.8267795,0.8067721,0.8288931,0.7798567,0.6782867,0.6767925,0,0,0,0,0,0,0,0,0,0,0,0,0,0,0,0,0,0,0,0,0,0.757055,0,0.8877858,1,0.9540688,0,0,0.689748,0.7379136,0.7500159,0,0,0,0,0,0,0,0,0,0,0,0,0,0,0,0,0,0,0,0,0,0,0.8182333,0.93174,0.8408203,1,0.9162948,0.9832669,0.9704145,0.9666047,0.9416384,0.9306058,0.8590779,0.8156953,0,0,0,0,0,0,0,0,0
0,0,0,0,0,0,0,0,0,0,0,0,0,0,0,0.9463191,1,0.8426592,0.8413759,0.8459128,0.7462859,0.7168134,0.7471924,0.7224857,0,0,0,0,0,0,0,0,0,0,0,0,0,0,0,0,0,0,0,0,0,0.8419041,0.8427292,0.9489316,0.9888934,1,0.9988918,0.8854618,0.8324389,0,0,0,0,0,0,0,0,0,0,0,0,0,0,0,0,0,0,0,0,0,0,0,0,0,0.6734883,0.6920982,0.7472812,0.9579015,1,0.8806352,0.705763,0.7002826,0.7765083,0.774897,0.7348972,0,0,0,0,0,0,0,0,0,0,0,0,0,0,0,0,0,0,0,0,0,0,0,0,0.7504344,0.8727638,1,0.9460819,0,0,0,0.7324495,0.7827711,0.7414278,0.7088697,0,0,0,0,0,0,0,0,0,0,0,0,0,0,0,0,0,0,0,0.7757156,0.8153079,0.8224337,0.9352436,0.9605221,1,0.9903875,0.8871748,0.8857844,0.8622954,0.8218454,0.7959607,0,0,0,0,0,0,0,0,0,0
0,0,0,0,0,0,0,0,0,0,0,0,0,0.6715022,0.7343304,0.9299836,1,0.9259464,0.7640603,0.7196027,0.7583598,0.7228641,0.6892802,0,0,0,0,0,0,0,0,0,0,0,0,0,0,0,0,0,0,0,0,0,0.7837951,0.7730464,0.835938,0.9185427,0.878103,1,0.9846698,0,0,0,0,0,0,0,0,0,0,0,0,0,0,0,0,0,0,0,0,0,0,0,0,0,0,0,0.7332778,0.8113206,0.7668794,0.9446539,1,0.8615394,0.753008,0.6819508,0.684899,0.6843779,0,0,0,0,0,0,0,0,0,0,0,0,0,0,0,0,0,0,0,0,0,0,0,0,0.7147207,0.792155,0.8931583,1,0.952706,0,0,0,0,0,0,0.6567977,0,0,0,0,0,0,0,0,0,0,0,0,0,0,0,0,0,0,0,0.7734915,0.7743694,0.9149905,0.848171,0.8418264,0.9912546,1,0.8536924,0.8239391,0.79319,0.7490795,0.7965968,0.7852655,0,0,0,0,0,0,0,0,0
0,0,0,0,0,0,0,0,0,0,0,0.6745338,0.7152888,0.6963831,0.7676896,0.9078228,1,0.9068547,0.7809097,0.6844866,0,0,0.6684298,0,0,0,0,0,0,0,0,0,0,0,0,0,0,0,0,0,0,0,0,0,0.678892,0.764838,0.8058199,0.8164715,0.9094402,1,0.9264269,0.7041238,0,0,0,0,0,0,0,0,0,0,0,0,0,0,0,0,0,0,0,0,0,0,0,0,0,0,0.6838724,0.7748556,0.7473545,0.9530749,1,0.8546542,0.6977102,0.618273,0.6373732,0.6233823,0.5916679,0,0,0,0,0,0,0,0,0,0,0,0,0,0,0,0,0,0,0,0,0,0.6527215,0.7448657,0.7806141,0.7858945,0.880256,1,0.9579971,0.72462,0.6977773,0.6196174,0,0,0.6184651,0.5852147,0,0,0,0,0,0,0,0,0,0,0,0,0,0,0,0,0,0,0.7361853,0.8262232,0.8253318,0.7280994,0.8304735,0.8764339,0.9836181,1,0.8173543,0.7128267,0,0.6950296,0.7257148,0,0,0,0,0,0,0,0,0,0
0,0,0,0,0,0,0,0,0,0,0,0.6965101,0.7637368,0.7393067,0.6347399,0.9131845,1,0.8931541,0.6957861,0.6370301,0,0.6235672,0.6135786,0,0,0,0,0,0,0,0,0,0,0,0,0,0,0,0,0,0,0,0,0,0.7235163,0.7590072,0.7780195,0.7280463,0.7444045,1,0.9735456,0.8018246,0.7681668,0,0,0,0,0,0,0,0,0,0,0,0,0,0,0,0,0,0,0,0,0,0,0.5842358,0.6125565,0.6958653,0.6440865,0.6855261,0.6896961,0.952584,1,0.8529961,0.6130198,0,0,0,0,0,0,0,0,0,0,0,0,0,0,0,0,0,0,0,0,0,0,0,0,0,0.7020482,0.6278173,0.6519036,0.6828918,0.8713962,1,0.9545696,0.6243862,0.6234114,0.6120037,0,0,0,0.6088451,0,0,0,0,0,0,0,0,0,0,0,0,0,0,0,0,0,0,0,0.7142878,0.711449,0.7360727,0.7915525,0.7301539,0.9735934,1,0.8420782,0.6674606,0,0,0,0,0,0,0,0,0,0,0,0,0
0,0,0,0,0,0,0,0,0,0,0,0.6734985,0.6606189,0.734282,0.7226778,0.9341275,1,0.8713181,0.6455277,0,0,0.6531783,0,0,0,0,0,0,0,0,0,0,0,0,0,0,0,0,0,0,0,0,0,0,0,0.7124468,0.8442264,0.8304272,0.890725,1,0.9542227,0.8359529,0.7444854,0,0,0,0,0,0,0,0,0,0,0,0,0,0,0,0,0,0,0,0,0,0,0,0,0,0,0.6379091,0.6330191,0.9591269,1,0.8673878,0.6192391,0,0,0,0,0,0,0,0,0,0,0,0,0,0,0,0,0,0,0,0,0,0,0,0,0,0.5908182,0.6156631,0.6305714,0.5901482,0.8592249,1,0.9550797,0.7075064,0.5902739,0,0,0,0,0,0,0,0,0,0,0,0,0,0,0,0,0,0,0,0,0,0,0,0,0,0,0,0.7347066,0.7839625,0.9650867,1,0.8471085,0,0,0,0,0,0,0,0,0,0,0,0,0,0
0,0,0,0,0,0,0,0,0,0,0,0,0.6689247,0.6910216,0,0.9100213,1,0.8977437,0,0,0,0,0,0,0,0,0,0,0,0,0,0,0,0,0,0,0,0,0,0,0,0,0,0,0,0,0.8345093,0.9819913,0.9390853,0.9743986,1,0,0,0,0,0,0,0,0,0,0,0,0,0,0,0,0,0,0,0,0,0,0,0,0,0,0,0,0,0.7029334,0.7276082,0.9500761,1,0.8506619,0.6611036,0,0,0,0,0,0,0,0,0,0,0,0,0,0,0,0,0,0,0,0,0,0,0,0,0,0,0,0,0,0.8643041,1,0.9521063,0.6812534,0.6173537,0,0,0,0,0,0,0,0,0,0,0,0,0,0,0,0,0,0,0,0,0,0,0,0,0,0,0.7448022,0.8125195,0.8219922,0.9589375,1,0.7989578,0.6993165,0,0,0,0,0,0,0,0,0,0,0,0,0
0,0,0,0,0,0,0,0,0,0,0,0,0,0.6481406,0.7221643,0.9095946,1,0.8745043,0,0,0,0,0,0,0,0,0,0,0,0,0,0,0,0,0,0,0,0,0,0,0,0,0,0,0,0,0,0.8407199,0.9144335,1,0.9832144,0.7197422,0,0,0,0,0,0,0,0,0,0,0,0,0,0,0,0,0,0,0,0,0,0,0,0,0,0,0,0.6532908,0.6858533,0.9338844,1,0.8723462,0,0,0,0,0,0,0,0,0,0,0,0,0,0,0,0,0,0,0,0,0,0,0,0,0,0,0,0,0,0,0.8577724,1,0.9472854,0.6032075,0,0,0,0,0,0,0,0,0,0,0,0,0,0,0,0,0,0,0,0,0,0,0,0,0,0,0,0,0.7520549,0.8321401,0.9551913,1,0.8287039,0.6240817,0,0,0,0,0,0,0,0,0,0,0,0,0
