GestureName: mu
Duration(ms): 1081
Handedness: right

SpeakerAngles: 5
55
-55
0
0
110

SpeakerElevations: 5
-10
-10
-10
0
30

InterpretedPoints: 23
3.2551907253975,6.04427306097482,0.958110933998418
4.06189800950909,3.34968549658394,1.47905546699921
2.42721224957257,0.848719157189015,0.32635182233307
5.68240297497007,-0.351265620702872,2.15270364466614
2.46266423576145,-5.06740898497748,2.65270364466614
0,-4.98480775301221,0.17364817766693
0,0,0
-4.88278608809624,1.80757329033173,-2.65270364466614
0.0212711917133253,4.77560867223722,0.631759111665348
1.6417761571743,3.91454801804757,1.30540728933228
0.0141807944755501,-7.53162727750088,1.69459271066772
0.799616886873824,-1.81833466321343,0.0209445330007911
0,0,0
0.813797681349374,-0.296198132726024,0.5
0.0141807944755501,-0.447478975537009,0.82635182233307
-0.799616886873824,3.83352691020122,0.152703644666139
-4.06189800950909,-1.18957595968111,-1.47905546699921
-4.06898840674687,1.48099066363012,-2.5
0,-2.96961550602442,0.347296355333861
0,-2.96961550602442,0.347296355333861
0,0,0
0,0,0
0,0,0

StrokePoints: 24
0,0,0
3.2551907253975,6.04427306097482,0.958110933998418
7.31708873490659,9.39395855755876,2.43716640099763
9.74430098447916,10.2426777147478,2.7635182233307
15.4267039594492,9.8914120940449,4.91622186799684
17.8893681952107,4.82400310906742,7.56892551266297
17.8893681952107,-0.160804643944788,7.7425736903299
17.8893681952107,-0.160804643944788,7.7425736903299
13.0065821071144,1.64676864638694,5.08987004566377
13.0278532988278,6.42237731862415,5.72162915732911
14.6696294560021,10.3369253366717,7.02703644666139
14.6838102504776,2.80529805917084,8.72162915732911
15.4834271373514,0.986963395957411,8.7425736903299
15.4834271373514,0.986963395957411,8.7425736903299
16.2972248187008,0.690765263231387,9.2425736903299
16.3114056131764,0.243286287694378,10.068925512663
15.5117887263025,4.0768131978956,10.2216291573291
11.4498907167934,2.88723723821449,8.7425736903299
7.38090231004657,4.36822790184461,6.2425736903299
7.38090231004657,1.39861239582019,6.58987004566376
7.38090231004657,-1.57100311020422,6.93716640099762
7.38090231004657,-1.57100311020422,6.93716640099762
7.38090231004657,-1.57100311020422,6.93716640099762
7.38090231004657,-1.57100311020422,6.93716640099762

Velocities: 23
2,2,2
1,0,2
2,0,-1
2,0,0
0,3,-1
0,0,-1
0,0,0
0,0,-2
0,3,2
0,2,2
-1,1,-4
0,-2,-1
0,0,0
0,0,0
0,2,-1
0,2,0
0,1,-4
0,0,0
0,0,-2
0,0,-2
0,0,0
0,0,0
0,0,0

InverseVelocities: 23
0,0,0
0,0,0
0,0,0
0,0,0
0,0,0
0,0,0
0,0,0
0,0,0
0,0,0
0,-9,-3
0,-3,0
0,0,0
0,0,0
0,0,0
0,-1,0
0,-1,0
0,-4,0
0,0,0
0,0,0
0,0,0
0,0,0
0,0,0
0,0,0

RawData: 23
0,0,0,0,0,0,0,0,0,0,0,0,0,0,0,0.8930069,1,0.9114295,0.8196927,0.8241914,0.8263202,0.7856677,0,0,0,0,0,0,0,0,0,0,0,0,0,0,0,0,0,0,0,0,0,0,0,0,0,0,0,0.9984703,0.9626196,0,0,0.9812407,1,0,0,0,0,0,0,0,0,0,0,0,0,0,0,0,0,0,0,0,0,0,0,0,0,0,0,0.9265803,1,0.8909969,0.8140673,0.7914156,0.7130726,0.7430536,0,0,0,0,0,0,0,0,0,0,0,0,0,0,0,0,0,0,0,0,0,0,0,0,0,0,0.7653331,0.9959863,1,0.9229993,0.9015446,0,0.8109984,0.7463856,0,0,0,0,0,0,0,0,0,0,0,0,0,0,0,0,0,0,0,0,0,0,0,0,0,0.7433701,0.9630878,1,0.8304746,0.8350388,0,0.8034573,0.7043692,0.7272272,0,0,0,0,0,0,0,0,0
0,0,0,0,0,0,0,0,0,0,0,0,0,0,0.7480633,0.8796994,1,0.8907858,0.8799927,0,0.8179284,0,0,0,0,0,0,0,0,0,0,0,0,0,0,0,0,0,0,0,0,0,0,0,0,0,0,0,0,0.9913739,1,0,0,0,0,0,0,0,0,0,0,0,0,0,0,0,0,0,0,0,0,0,0,0,0,0,0,0,0,0,0,0.922036,1,0.9186341,0.7335619,0,0,0.7172084,0,0,0,0,0,0,0,0,0,0,0,0,0,0,0,0,0,0,0,0,0,0,0,0,0.7298931,0.7663112,0.872165,1,0.9540735,0.8175932,0.8141863,0,0.7525488,0,0,0,0,0,0,0,0,0,0,0,0,0,0,0,0,0,0,0,0,0,0,0,0,0,0.8098218,0.8237945,0.9291245,1,0.8831275,0.8446723,0.7914581,0,0.7716784,0.7848401,0,0,0,0,0,0,0,0,0
0,0,0,0,0,0,0,0,0,0,0,0,0,0,0,0.8948171,1,0.9244836,0.7813834,0.7811785,0.7634276,0.7452139,0,0,0,0,0,0,0,0,0,0,0,0,0,0,0,0,0,0,0,0,0,0,0,0,0,0,0,0.9967706,1,0,0,0,0,0,0,0,0,0,0,0,0,0,0,0,0,0,0,0,0,0,0,0,0,0,0,0,0.646778,0.7167512,0.7678602,0.9353289,1,0.8997998,0.7086219,0,0,0,0,0,0,0,0,0,0,0,0,0,0,0,0,0,0,0,0,0,0,0,0,0,0,0,0.6781479,0.7936272,0.8142336,1,0.9832964,0.809416,0.7127483,0.7190691,0,0,0,0,0,0,0,0,0,0,0,0,0,0,0,0,0,0,0,0,0,0,0,0,0,0.7812676,0.7775207,0.7990852,0.9559335,1,0.8617295,0.734676,0.7217048,0,0,0,0,0,0,0,0,0,0,0,0
0,0,0,0,0,0,0,0,0,0,0,0,0,0,0,0.9199862,1,0.9197528,0,0,0,0.750855,0,0,0,0,0,0,0,0,0,0,0,0,0,0,0,0,0,0,0,0,0,0,0,0,0,0,0,1,0.9790962,0,0,0,0,0,0,0,0,0,0,0,0,0,0,0,0,0,0,0,0,0,0,0,0,0,0,0,0,0,0,0.9379087,1,0.9015859,0.7027736,0,0,0,0,0,0,0,0,0,0,0,0,0,0,0,0,0,0,0,0,0,0,0,0,0,0,0,0,0,0.8327718,1,0.9677268,0,0,0,0,0,0,0,0,0,0,0,0,0,0,0,0,0,0,0,0,0,0,0,0,0,0,0,0.7322454,0.8189,0.7832437,0.7485592,0.9500717,1,0.9055371,0.7491958,0,0,0,0.7334276,0.7528178,0,0,0,0,0,0,0,0
0,0,0,0,0,0,0,0,0,0,0,0,0,0,0.6810063,0.8956392,1,0.8901871,0,0,0,0,0,0,0,0,0,0,0,0,0,0,0,0,0,0,0,0,0,0,0,0,0,0,0,0,0.8584078,0.8223647,0.8891354,1,0.9450494,0,0,0,0.8427109,0.842655,0,0,0,0,0,0,0,0,0,0,0,0,0,0,0,0,0,0,0,0,0,0,0.6388552,0.7078235,0.6993332,0.9429629,1,0.8628999,0,0,0,0,0,0,0,0,0,0,0,0,0,0,0,0,0,0,0,0,0,0,0,0,0.6225697,0.6558074,0.6401943,0.6747575,0.6657814,0.6408242,0.8584315,1,0.9552677,0.6923566,0.6111053,0,0,0,0,0,0,0,0,0,0,0,0,0,0,0,0,0,0,0,0,0,0,0,0,0,0.669737,0.6845117,0.7408692,0.7324403,0.9546165,1,0.8289303,0.6323286,0,0,0,0,0.6365563,0.6392273,0,0,0,0,0,0,0
0,0,0,0,0,0,0,0,0,0,0,0,0,0,0,0.9260541,1,0.8918398,0,0,0,0,0,0,0,0,0,0,0,0,0,0,0,0,0,0,0,0,0,0,0,0,0,0,0,0,0.9917375,0.9692456,0,0.9518248,1,0,0,0,0,0,0,0,0,0,0,0,0,0,0,0,0,0,0,0,0,0,0,0,0,0,0,0,0.6517762,0,0.6856483,0.9554067,1,0.8611935,0,0,0,0,0,0,0,0,0,0,0,0,0,0,0,0,0,0,0,0,0,0,0,0,0.7011389,0,0,0,0,0,0.8592449,1,0.9512069,0,0,0,0,0,0,0,0,0,0,0,0,0,0,0,0,0,0,0,0,0,0,0,0,0,0,0,0,0.7160958,0.7761067,0.7891716,0.9719738,1,0.8351638,0,0,0,0,0,0,0,0,0,0,0,0,0,0
0,0,0,0,0,0,0,0,0,0,0,0,0,0,0,0.9282809,1,0.9068965,0,0,0,0,0,0,0,0,0,0,0,0,0,0,0,0,0,0,0,0,0,0,0,0,0,0,0,0,0,0,0,1,0.9634415,0,0,0,0,0,0,0,0,0,0,0,0,0,0,0,0,0,0,0,0,0,0,0,0,0,0,0,0,0,0,0.9556377,1,0.8606515,0.719703,0,0,0,0,0,0,0,0,0,0,0,0,0,0,0,0,0,0,0,0,0,0,0,0,0,0,0,0,0,0.8663195,1,0.9659729,0.7674575,0,0,0,0,0,0,0,0,0,0,0,0,0,0,0,0,0,0,0,0,0,0,0,0,0,0,0,0,0,0.7935516,0.9808741,1,0.854,0.7526256,0,0,0,0,0,0,0,0,0,0,0,0,0
0,0,0,0,0,0,0,0,0,0,0,0,0,0,0.6643713,0.9352148,1,0.8458229,0.7222942,0.647432,0,0,0,0,0,0,0,0,0,0,0,0,0,0,0,0,0,0,0,0,0,0,0,0,0,0,0,0,0,1,0.9004763,0.9091006,0,0,0,0,0,0,0,0,0,0,0,0,0,0,0,0,0,0,0,0,0,0,0,0,0,0.5855705,0.592117,0.622291,0.6481454,0.9478967,1,0.8785761,0.6146645,0.6064102,0,0,0,0,0,0,0,0,0,0,0,0,0,0,0,0,0,0,0,0,0,0,0,0,0,0.6581581,0.6954746,0.6614187,0.8636559,1,0.9572403,0.7296842,0.6817786,0.6650162,0.6371642,0,0,0,0,0,0,0,0,0,0,0,0,0,0,0,0,0,0,0.6747819,0.6704993,0,0,0,0,0,0.7386506,0.7359765,0.9570794,1,0.8013191,0.7415127,0.7483779,0,0,0,0,0,0,0,0,0,0,0,0
0,0,0,0,0,0,0,0,0,0,0,0,0,0,0,0.9294372,1,0.8948905,0,0,0,0,0,0,0,0,0,0,0,0,0,0,0,0,0,0,0,0,0,0,0,0,0,0,0,0,0,0,0.8948388,1,0.9483632,0.9219169,0.9328173,0.9687498,0.9787283,0.8946771,0,0,0,0,0,0,0,0,0,0,0,0,0,0,0,0,0,0,0,0,0,0,0,0,0.6620982,0.9548338,1,0.8696031,0.708208,0.7115855,0.7213099,0.7220918,0,0,0,0,0,0,0,0,0,0,0,0,0,0,0,0,0,0,0,0,0,0,0,0,0.7259038,0.6824418,0.887497,1,0.9494673,0.7113648,0,0,0.6840451,0,0,0,0,0,0,0,0,0,0,0,0,0,0,0,0,0,0,0,0,0,0,0,0,0.7738476,0.8008644,0.8316201,0.9816365,1,0.7566263,0.7703251,0,0.7827271,0.8081647,0,0,0,0,0,0,0,0,0,0
0,0,0,0,0,0,0,0,0,0,0,0,0,0,0,0.9098639,1,0.8510713,0.6889727,0.6227388,0,0,0,0,0,0,0,0,0,0,0,0,0,0,0,0,0,0.7162918,0.7097365,0,0.7696159,0.7603824,0,0.7771529,0.7442534,0.7126036,0.7842061,0.917644,1,0.9474882,0.8041002,0.9611176,0.8074384,0.8719115,0.7966945,0,0,0,0,0,0,0,0,0,0,0,0.5359204,0,0,0,0,0,0,0,0,0,0.6118905,0.6065739,0.5517582,0.6785471,0.7376574,0.9549965,1,0.8691571,0.6790315,0.5696027,0.6157622,0.6000244,0,0,0,0,0,0,0,0,0,0,0,0,0,0,0,0,0,0,0,0,0,0.552157,0.5698812,0.6195099,0,0.6591154,0.8547222,1,0.9574668,0.7419075,0.6629815,0.6344321,0.6292332,0,0,0,0,0,0,0,0,0,0,0,0,0,0,0,0,0,0,0,0,0,0,0,0,0.7502213,0.7311792,0.7721025,0.9935429,1,0.7148963,0.823976,0.843151,0.8354638,0.7494512,0.6681014,0,0,0,0,0,0,0,0,0
0,0,0,0,0,0,0,0,0,0,0,0,0.6278983,0.7073563,0.6583422,0.9032283,1,0.9027866,0,0,0,0,0,0,0,0,0,0,0,0,0,0,0,0,0,0,0,0,0,0,0,0,0,0.7425443,0.8065177,0.7574557,0.8130023,0.8131894,0.9614109,0.9954721,0.9477465,1,0.9274928,0.7900178,0,0,0,0,0,0,0,0,0,0,0,0,0,0,0,0,0,0,0,0,0,0.6232501,0.6154553,0,0.6438047,0.606065,0.6988099,0.941082,1,0.9071322,0.7829236,0.6573198,0,0,0,0,0,0,0,0,0,0,0,0,0,0,0,0,0,0,0,0,0,0,0,0.5939645,0,0,0.6537426,0.7352548,0.8933361,1,0.9072825,0.7972905,0.6210287,0,0,0,0,0,0,0,0,0,0,0,0,0,0,0,0,0,0,0,0,0,0,0,0,0,0.7315435,0.7289743,0,0.7114121,0.903422,1,0.9604923,0.8272414,0.6407589,0.675428,0,0,0,0,0,0,0,0,0,0,0
0,0,0,0,0,0,0,0,0,0,0,0,0,0,0.7289714,0.9476708,1,0.8808012,0,0,0,0,0,0,0,0,0,0,0,0,0,0,0,0,0,0,0,0,0,0,0,0,0,0,0.7440671,0,0.7561426,0.8635704,0.8716446,1,0.945222,0.7962726,0,0,0,0,0,0,0,0,0,0,0,0,0,0,0,0,0,0,0,0,0,0,0,0,0,0,0.7089491,0.7292572,0.695859,0.9587955,1,0.8241196,0.6814398,0,0,0,0,0,0,0,0,0,0,0,0,0,0,0,0,0,0,0,0,0,0,0,0,0,0,0,0.6514896,0.7500109,0.8430177,1,0.9712625,0.7738117,0,0,0,0,0,0,0,0,0,0,0,0,0,0,0,0,0,0,0,0,0,0,0,0,0,0,0.7072534,0.8011155,0.7589242,0.8153309,1,0.9485545,0.874862,0.7263624,0,0,0,0,0,0,0,0,0,0,0,0,0
0,0,0,0,0,0,0,0,0,0,0,0,0,0,0,0.9425152,1,0.8988328,0,0,0,0,0,0,0,0,0,0,0,0,0,0,0,0,0,0,0,0,0,0,0,0,0,0,0,0,0,0,0.958141,1,0,0,0,0,0,0,0,0,0,0,0,0,0,0,0,0,0,0,0,0,0,0,0,0,0,0,0,0,0,0,0,0.9574656,1,0.9057848,0,0,0,0,0,0,0,0,0,0,0,0,0,0,0,0,0,0,0,0,0,0,0,0,0,0,0,0,0,0,0.9188799,1,0.9398119,0,0,0,0,0,0,0,0,0,0,0,0,0,0,0,0,0,0,0,0,0,0,0,0,0,0,0,0,0,0,0,0.9561481,1,0.9024802,0,0,0,0,0,0,0,0,0,0,0,0,0,0
0,0,0,0,0,0,0,0,0,0,0,0,0,0,0,0.9391226,1,0.8590317,0,0,0,0,0,0,0,0,0,0,0,0,0,0,0,0,0,0,0,0,0,0,0,0,0,0,0,0,0,0.8206474,1,0.9725476,0.801606,0.8053573,0,0,0,0,0,0,0,0,0,0,0,0,0,0,0,0,0,0,0,0,0,0,0,0,0,0,0,0,0.7149911,0.9455944,1,0.8866115,0.6360733,0,0,0,0,0,0,0,0,0,0,0,0,0,0,0,0,0,0,0,0,0,0,0,0,0,0,0,0,0.6815553,0.9012632,1,0.9317085,0.6788439,0.6558737,0,0,0,0,0,0,0,0,0,0,0,0,0,0,0,0,0,0,0,0,0,0,0,0,0,0,0,0.6880705,0.854554,0.9933686,1,0.8077692,0.7072241,0.7021261,0,0,0,0,0,0,0,0,0,0,0,0
0,0,0,0,0,0,0,0,0,0,0,0,0,0,0.7379539,0.9475169,1,0.9034653,0.6924846,0,0,0,0,0,0,0,0,0,0,0,0,0,0,0,0,0,0,0,0,0,0,0,0,0,0,0.8143424,0.8685791,0.8840383,0.9672814,1,0.9262718,0.8786303,0.8821436,0.8906421,0.8637888,0,0,0,0,0,0,0,0,0,0,0,0,0,0,0,0,0,0,0,0,0,0,0,0.6790903,0.7531815,0.8239456,0.9711583,1,0.8658634,0,0,0,0,0,0,0,0,0,0,0,0,0,0,0,0,0,0,0,0,0,0,0,0,0,0,0,0,0.7678822,0.7681853,0.7982172,1,0.9816923,0.7823939,0,0,0,0,0,0,0,0,0,0,0,0,0,0,0,0,0,0,0,0,0,0,0,0,0,0,0.708866,0.7281811,0,0.8333243,0.987635,1,0.8331742,0.7130631,0.8014377,0.7259492,0,0,0,0,0,0,0,0,0,0,0
0,0,0,0,0,0,0,0,0,0,0,0,0,0,0.7442387,0.9034896,1,0.9021411,0,0,0,0,0,0,0,0,0,0,0,0,0,0,0,0,0,0,0,0,0,0,0,0,0,0,0,0.9141797,0.9927996,0.9464229,0.8904241,1,0.8951995,0.9897332,0.9650609,0,0.9582409,0,0,0,0,0,0,0,0,0,0,0,0,0,0,0,0,0,0,0,0,0,0,0,0,0,0.6866785,0.943048,1,0.8505594,0,0,0,0,0,0,0,0,0,0,0,0,0,0,0,0,0,0,0,0,0,0,0,0,0,0,0,0.7660854,0.8264018,0.8165717,0.845067,1,0.9632534,0,0,0.7193307,0.7169901,0.6966154,0,0,0,0,0,0,0,0,0,0,0,0,0,0,0,0,0,0,0,0,0,0,0.7491802,0.7373963,0.7258313,0.7674819,0.9713316,1,0.8770542,0.7122447,0.7245406,0,0,0,0,0,0,0,0,0,0,0,0
0,0,0,0,0,0,0,0,0,0,0,0,0,0.682733,0.6842346,0.9267653,1,0.8875315,0,0,0,0,0,0,0,0,0,0,0,0,0,0,0,0,0,0,0,0,0,0,0,0,0.8434812,0.9253232,0.9288204,0.9056062,0.8453035,0.7822034,0,1,0.9985038,0.8243717,0.7674616,0.8085495,0,0,0,0,0,0,0,0,0,0,0,0,0,0,0,0,0,0,0,0,0,0.6804301,0.6825419,0,0.7148947,0.6419776,0.6425188,0.9421851,1,0.8774893,0,0,0,0,0,0,0,0,0,0,0,0,0,0,0,0,0,0,0,0,0,0,0,0,0,0,0,0.7052515,0.7108642,0.6778084,0.8349646,1,0.9547263,0.694796,0,0.698485,0,0,0,0,0,0,0,0,0,0,0,0,0,0,0,0,0,0,0,0,0,0.6851988,0.7795503,0.7406185,0.6973144,0.696095,0.6785101,0.8087008,0.9570192,1,0.8590315,0.7246961,0,0,0,0,0,0,0,0,0,0,0,0,0
0,0,0,0,0,0,0,0,0,0,0,0,0,0,0.7217348,0.8825838,1,0.9157197,0,0,0,0,0,0,0,0,0,0,0,0,0,0,0,0,0,0,0,0,0,0,0,0,0,0,0,0,0,0,0,0.9756761,1,0,0,0,0,0,0,0,0,0,0,0,0,0,0,0,0,0,0,0,0,0,0,0,0,0,0,0,0,0,0.7220857,0.9432437,1,0.8854643,0,0,0,0,0,0,0,0,0,0,0,0,0,0,0,0,0,0,0,0,0,0,0,0,0,0,0,0,0,0,0.8674437,1,0.9561104,0.7097766,0,0,0,0,0,0,0,0,0,0,0,0,0,0,0,0,0,0,0,0,0,0,0.7621863,0.7676062,0,0,0,0,0,0.7504635,0.9588085,1,0.86721,0,0,0,0,0,0,0,0,0,0,0,0,0,0
0,0,0,0,0,0,0,0,0,0,0,0,0,0,0,0.8902824,1,0.9193186,0,0,0,0,0,0,0,0,0,0,0,0,0,0,0,0,0,0,0,0,0,0,0,0,0,0,0,0,0,0,0,1,0.9720485,0,0,0,0,0,0,0,0,0,0,0,0,0,0,0,0,0,0,0,0,0,0,0,0,0,0,0.6042443,0.6410025,0,0,0.9273136,1,0.8851801,0,0,0,0,0,0,0,0,0,0,0,0,0,0,0,0,0,0,0,0,0,0,0,0,0,0,0,0.6516651,0.6452506,0.7051407,0.7746318,1,0.9874608,0.7634072,0,0,0,0,0,0,0,0,0,0,0,0,0,0,0,0,0,0,0,0,0,0,0,0,0,0,0,0,0,0.7316013,0.9367052,1,0.85124,0,0,0,0,0,0,0,0,0,0,0,0,0,0
0,0,0,0,0,0,0,0,0,0,0,0,0,0,0.7455332,0.9160784,1,0.9142781,0,0,0,0,0,0,0,0,0,0,0,0,0,0,0,0,0,0,0,0,0,0,0,0,0,0,0,0,0.8598166,0.94511,0.8942683,0.9710459,1,0.826207,0,0,0,0,0,0,0,0,0,0,0,0,0,0,0,0,0,0,0,0,0,0,0,0,0,0.6364981,0.6627312,0.7163094,0.7317621,0.940126,1,0.8941727,0,0,0,0,0,0,0,0,0,0,0,0,0,0,0,0,0,0,0,0,0,0,0,0,0,0,0,0.6771991,0.7010672,0.6556581,0.8358844,1,0.9801425,0.7509974,0,0,0,0,0,0,0,0,0,0,0,0,0,0,0,0,0,0,0,0,0,0,0,0,0,0,0,0.759481,0.7899133,0.7050222,0.9412218,1,0.8621671,0,0,0,0,0,0,0,0,0,0,0,0,0,0
0,0,0,0,0,0,0,0,0,0,0,0,0,0,0,0.902951,1,0.912313,0,0,0,0,0,0,0,0,0,0,0,0,0,0,0,0,0,0,0,0,0,0,0,0,0,0,0,0,0,0,0,0.9857162,1,0,0,0,0,0,0,0,0,0,0,0,0,0,0,0,0,0,0,0,0,0,0,0,0,0,0,0,0,0,0.6714514,0.9294218,1,0.9014246,0,0,0,0,0,0,0,0,0,0,0,0,0,0,0,0,0,0,0,0,0,0,0,0,0,0,0,0,0,0,0.8513126,1,0.9713746,0.7060723,0,0,0,0,0,0,0,0,0,0,0,0,0,0,0,0,0,0,0,0,0,0,0,0,0,0,0,0,0,0,0.936372,1,0.8640757,0,0,0,0,0,0,0,0,0,0,0,0,0,0
0,0,0,0,0,0,0,0,0,0,0,0,0,0,0,0.9152581,1,0.9221365,0,0,0,0,0,0,0,0,0,0,0,0,0,0,0,0,0,0,0,0,0,0,0,0,0,0,0,0,0,0,0.8416884,1,0.9784224,0,0,0,0,0,0,0,0,0,0,0,0,0,0,0,0,0,0,0,0,0,0,0,0,0,0,0,0,0,0,0.9342616,1,0.9070338,0,0,0,0,0,0,0,0,0,0,0,0,0,0,0,0,0,0,0,0,0,0,0,0,0,0,0,0,0,0,0.8531706,1,0.9716015,0,0,0,0,0,0,0,0,0,0,0,0,0,0,0,0,0,0,0,0,0,0,0,0,0,0,0,0,0,0,0,0.9611771,1,0.8713962,0,0,0,0,0,0,0,0,0,0,0,0,0,0
0,0,0,0,0,0,0,0,0,0,0,0,0,0,0,0.9021408,1,0.9159518,0,0,0,0,0,0,0,0,0,0,0,0,0,0,0,0,0,0,0,0,0,0,0,0,0,0,0,0,0,0,0.7718805,1,0.9922252,0.7703261,0,0,0,0,0,0,0,0,0,0,0,0,0,0,0,0,0,0,0,0,0,0,0,0,0,0,0,0,0,0.9293962,1,0.8928244,0,0,0,0,0,0,0,0,0,0,0,0,0,0,0,0,0,0,0,0,0,0,0,0,0,0,0,0,0,0,0.832454,1,0.9716917,0.7097859,0,0,0,0,0,0,0,0,0,0,0,0,0,0,0,0,0,0,0,0,0,0,0,0,0,0,0,0,0,0.6562561,0.9499285,1,0.8685182,0,0,0,0,0,0,0,0,0,0,0,0,0,0
