GestureName: p
Duration(ms): 1269
Handedness: right

SpeakerAngles: 5
55
-55
0
0
110

SpeakerElevations: 5
-10
-10
-10
0
30

InterpretedPoints: 27
0,0,0
0,0,0
0,0,0
0,1.98480775301221,-0.17364817766693
0,0,0
3.2268291364464,7.25945008585449,-0.694592710667721
7.30290794043104,10.971162576023,1.2635182233307
4.06189800950909,7.59394333545065,0.610814578664557
0,-1.96961550602442,0.347296355333861
-0.806707284111599,-5.53447802748804,0.520944533000791
-3.23391953368417,-11.3224281967259,0.889185421335443
-4.04062681779577,-9.9176752121651,0.715537243668512
-0.806707284111599,-6.51928578050025,0.694592710667721
-3.24100993092194,-4.37721924057237,-0.652703644666139
0.827978475824924,-1.74367710826303,1.32635182233307
1.6417761571743,3.91454801804757,1.30540728933228
0.827978475824924,3.21074615077359,0.805407289332278
0.813797681349374,-2.26581363875044,0.847296355333861
2.42721224957257,-2.39553868167769,1.19459271066772
-3.24100993092194,-7.49175203651182,-0.131759111665348
0,0,0
0.806707284111599,-0.564862521463624,0.17364817766693
0,0,0
0,0,0
0,0,0
0,0,0
0,0,0

StrokePoints: 28
0,0,0
0,0,0
0,0,0
0,0,0
0,1.98480775301221,-0.17364817766693
0,1.98480775301221,-0.17364817766693
3.2268291364464,9.2442578388667,-0.868240888334652
10.5297370768774,20.2154204148897,0.395277334996044
14.5916350863865,27.8093637503404,1.0060919136606
14.5916350863865,25.8397482443159,1.35338826899446
13.7849278022749,20.3052702168279,1.87433280199525
10.5510082685908,8.98284202010202,2.7635182233307
6.51038145079499,-0.934833192063071,3.47905546699921
5.70367416668339,-7.45411897256332,4.17364817766693
2.46266423576145,-11.8313382131357,3.52094453300079
3.29064271158637,-13.5750153213987,4.84729635533386
4.93241886876067,-9.66046730335115,6.15270364466614
5.76039734458559,-6.44972115257756,6.95811093399842
6.57419502593497,-8.715534791328,7.80540728933228
9.00140727550754,-11.1110734730057,9
5.76039734458559,-18.6028255095175,8.86824088833465
5.76039734458559,-18.6028255095175,8.86824088833465
6.56710462869719,-19.1676880309811,9.04188906600158
6.56710462869719,-19.1676880309811,9.04188906600158
6.56710462869719,-19.1676880309811,9.04188906600158
6.56710462869719,-19.1676880309811,9.04188906600158
6.56710462869719,-19.1676880309811,9.04188906600158
6.56710462869719,-19.1676880309811,9.04188906600158

Velocities: 27
0,0,0
0,0,0
0,0,0
0,0,1
0,0,0
4,0,0
4,1,5
3,2,3
0,0,-2
-1,0,-2
-3,0,-5
-4,0,-3
-1,0,-3
-1,1,-2
0,2,-1
0,2,2
0,2,2
0,0,-2
0,-2,-2
-2,0,-3
0,0,0
0,-1,0
0,0,0
0,0,0
0,0,0
0,0,0
0,0,0

InverseVelocities: 27
0,0,0
0,0,0
0,0,0
0,0,0
0,0,0
0,0,0
0,0,0
-1,-1,-1
0,0,0
0,0,0
0,0,0
0,0,0
0,0,0
0,0,0
0,0,1
0,0,0
0,0,0
0,0,0
0,1,0
0,0,0
0,0,0
0,0,0
0,0,0
0,0,0
0,0,0
0,0,0
0,0,0

RawData: 27
0,0,0,0,0,0,0,0,0,0,0,0,0,0,0,0.9317421,1,0.9065385,0,0,0,0,0,0,0,0,0,0,0,0,0,0,0,0,0,0,0,0,0,0,0,0,0,0,0,0,0,0,0.8283654,1,0.9951993,0.8346655,0,0,0,0,0,0,0,0,0,0,0,0,0,0,0,0,0,0,0,0,0,0,0,0,0,0,0,0,0,0.951858,1,0.8748552,0,0,0,0,0,0,0,0,0,0,0,0,0,0,0,0,0,0,0,0,0,0,0,0,0,0,0,0,0,0,0.8829928,1,0.935591,0.7366061,0,0,0,0,0,0,0,0,0,0,0,0,0,0,0,0,0,0,0,0,0,0,0,0,0,0,0,0,0,0,0.9460911,1,0.8934045,0,0,0,0,0,0,0,0,0,0,0,0,0,0
0,0,0,0,0,0,0,0,0,0,0,0,0,0,0,0.9218114,1,0.8780155,0,0,0,0,0,0,0,0,0,0,0,0,0,0,0,0,0,0,0,0,0,0,0,0,0,0,0,0,0,0,0.7970597,1,0.9647582,0,0,0,0,0,0,0,0,0,0,0,0,0,0,0,0,0,0,0,0,0,0,0,0,0,0,0,0,0,0.5918911,0.9469569,1,0.8445314,0,0,0,0,0,0,0,0,0,0,0,0,0,0,0,0,0,0,0,0,0,0,0,0,0,0,0,0,0,0,0.8722827,1,0.942683,0,0,0,0,0,0,0,0,0,0,0,0,0,0,0,0,0,0,0,0,0,0,0,0,0,0,0,0,0,0,0.7216206,0.978568,1,0,0,0,0,0,0,0,0,0,0,0,0,0,0,0
0,0,0,0,0,0,0,0,0,0,0,0,0,0,0,0.939422,1,0.8944731,0,0,0,0,0,0,0,0,0,0,0,0,0,0,0,0,0,0,0,0,0,0,0,0,0,0,0,0,0,0,0,0.9781904,1,0,0,0,0,0,0,0,0,0,0,0,0,0,0,0,0,0,0,0,0,0,0,0,0,0,0,0,0,0,0.756106,0.9619128,1,0.8806857,0,0,0,0,0,0,0,0,0,0,0,0,0,0,0,0,0,0,0,0,0,0,0,0,0,0,0,0,0,0,0.8813236,1,0.9537947,0,0,0,0,0,0,0,0,0,0,0,0,0,0,0,0,0,0,0,0,0,0,0,0,0,0,0,0,0,0,0,0.9569126,1,0.9094043,0,0,0,0,0,0,0,0,0,0,0,0,0,0
0,0,0,0,0,0,0,0,0,0,0,0,0,0,0,0.9043142,1,0.8818628,0,0,0,0,0,0,0,0,0,0,0,0,0,0,0,0,0,0,0,0,0,0,0,0,0,0,0,0,0,0,0.8348778,1,0.9958969,0.9033657,0,0,0,0,0,0,0,0,0,0,0,0,0,0,0,0,0,0,0,0,0,0,0,0,0,0,0,0,0.716759,0.9565524,1,0.8538467,0,0.6751871,0.6430013,0,0,0,0,0,0,0,0,0,0,0,0,0,0,0,0,0,0,0,0,0,0,0,0,0,0,0,0.8677237,1,0.9499187,0.6388047,0.6740976,0.6687586,0,0,0,0,0,0,0,0,0,0,0,0,0,0,0,0,0,0,0,0,0,0,0,0,0,0,0,0.7992647,0.9744374,1,0.8786113,0,0,0,0,0,0,0,0,0,0,0,0,0,0
0,0,0,0,0,0,0,0,0,0,0,0,0,0,0,0.9061415,1,0.904158,0,0,0,0,0,0,0,0,0,0,0,0,0,0,0,0,0,0,0,0,0,0,0,0,0,0,0,0,0,0,0,1,0.93364,0,0,0,0,0,0,0,0,0,0,0,0,0,0,0,0,0,0,0,0,0,0,0,0,0,0,0,0,0,0.6128291,0.9283564,1,0.8769216,0,0,0,0,0,0,0,0,0,0,0,0,0,0,0,0,0,0,0,0,0,0,0,0,0,0,0,0,0.5962533,0.6165383,0.8159068,1,0.9676039,0.7063991,0,0,0,0,0,0,0,0,0,0,0,0,0,0,0,0,0,0,0,0,0,0,0,0,0,0,0,0,0,0,0.943996,1,0.8386779,0,0,0,0,0,0,0,0,0,0,0,0,0,0
0,0,0,0,0,0,0,0,0,0,0,0,0,0,0,0.9043704,1,0.9213122,0,0,0,0.7427097,0.7632182,0.7659715,0,0,0,0,0,0,0,0,0,0,0,0,0,0,0,0,0,0,0,0,0,0,0,0,0,0.9851182,1,0.9170172,0.8540425,0,0,0,0,0,0,0,0,0,0,0,0,0,0,0,0,0,0,0,0,0,0,0,0,0,0,0,0,0.9357231,1,0.9015223,0.6971166,0,0,0,0,0,0,0,0,0,0,0,0,0,0,0,0,0,0,0,0,0,0,0,0,0,0,0,0,0,0.8514336,1,0.9748845,0.7309871,0,0,0,0.713352,0.6919615,0.6954662,0,0,0,0,0,0,0,0,0,0,0,0,0,0,0,0,0,0,0,0,0,0,0,0,0.9325545,1,0.8531875,0,0,0,0,0,0,0,0,0,0,0,0,0,0
0,0,0,0,0,0,0,0,0,0,0,0,0,0,0.5789082,0.8703412,1,0.9115372,0.6230326,0.7182993,0.6933799,0.6527121,0.6863267,0.6499656,0,0,0,0,0,0,0,0,0,0,0,0,0,0,0,0,0,0,0,0,0,0,0.7078003,0.7049056,0.6876515,1,0.9750498,0.8267513,0.7696546,0.7928195,0,0,0,0,0,0,0,0,0,0,0,0,0,0,0,0,0,0,0,0,0,0,0,0,0,0,0.6146401,0.9192117,1,0.8844312,0.5674734,0.6005712,0.5906357,0.5727469,0,0.5541638,0.5519625,0,0,0,0,0,0,0,0,0,0,0,0,0,0,0,0,0,0,0,0,0,0,0.6025181,0.7859792,1,0.9781566,0.7182727,0.596173,0,0,0.5983523,0.6051517,0.6336219,0,0,0,0,0,0,0,0,0,0,0,0,0,0,0,0,0,0,0.5960773,0.6421071,0.5978573,0,0.6574417,0.6445826,0.9560843,1,0.8408529,0.6027861,0.6177712,0,0.5992417,0.7024207,0.732573,0.6380541,0,0,0,0,0,0,0
0,0,0,0,0,0,0,0,0,0,0,0,0.6782901,0.67661,0.6788233,0.9107046,1,0.9137251,0.6955609,0.7452467,0.7361567,0.632963,0.6406062,0,0,0,0,0,0,0,0,0,0,0,0,0,0,0,0,0,0,0,0,0,0,0.7661579,0.9130703,0.8974839,0.8699058,1,0.944856,0,0.8272203,0.8392245,0.7827355,0,0,0,0,0,0,0,0,0,0,0,0,0,0,0,0,0,0,0,0,0,0,0,0.5973642,0.6306258,0.5917981,0.9272792,1,0.8848445,0,0.6322965,0.6334871,0.6515263,0.6500202,0,0,0,0,0,0,0,0,0,0,0,0,0,0,0,0,0,0,0,0,0,0,0,0.6273828,0.6801935,0.8374528,1,0.9822497,0.8128624,0.7166929,0.6824427,0.6279761,0.6066816,0,0,0,0,0,0,0,0,0,0,0,0,0,0,0,0,0,0,0,0,0,0,0,0.6796054,0.7639902,0.7574999,0.891082,1,0.8882629,0.7418994,0.7406539,0.6789019,0,0.6527646,0,0,0,0,0,0,0,0,0
0,0,0,0,0,0,0,0,0,0,0,0,0,0.7619467,0.7663542,0.9180912,1,0.8728755,0,0.6975031,0,0,0,0,0,0,0,0,0,0,0,0,0,0,0,0,0,0,0,0,0,0,0,0,0,0,1,0.9870605,0.9786857,0,0,0,0,0,0,0,0,0,0,0,0,0,0,0,0,0,0,0,0,0,0,0,0,0,0,0,0,0.6963096,0.7627682,0.7062658,0,0.928481,1,0.8796775,0.7241686,0,0,0,0,0,0,0,0,0,0,0,0,0,0,0,0,0,0,0,0,0,0,0,0,0,0,0,0.6751267,0.7166952,0.7886764,1,0.9835176,0.7856292,0,0,0,0,0,0,0,0,0,0,0,0,0,0,0,0,0,0,0,0,0,0,0,0,0,0,0,0,0,0.7433613,0.9628109,1,0.8523329,0,0,0,0,0,0,0,0,0,0,0,0,0,0
0,0,0,0,0,0,0,0,0,0,0,0,0.795887,0.7776828,0,0.9013892,1,0.9265351,0,0,0,0,0,0,0,0,0,0,0,0,0,0,0,0,0,0,0,0,0,0,0,0,0,0,0,0,0,1,0.9701881,0,0,0,0,0,0,0,0,0,0,0,0,0,0,0,0,0,0,0,0,0,0,0,0,0,0,0,0,0.7888484,0.8224909,0,0,0.9080088,1,0.9178602,0.7410378,0,0,0,0,0,0,0,0,0,0,0,0,0,0,0,0,0,0,0,0,0,0,0,0,0.7486457,0.7490809,0.7984595,0.8062857,0.756866,0.8759137,1,0.9662336,0,0,0,0,0,0,0,0,0,0,0,0,0,0,0,0,0,0,0,0,0,0,0,0,0,0,0,0,0,0,0,0.9321275,1,0.8739105,0,0,0,0,0,0,0,0,0,0,0,0,0,0
0,0,0,0,0,0,0,0,0,0,0.7721037,0.7743972,0.77847,0,0,0.8884639,1,0.9181359,0,0,0,0,0,0,0,0,0,0,0,0,0,0,0,0,0,0,0,0,0,0,0,0,0,0,0,0,0,0,0.9169251,1,0.9492565,0,0,0,0,0,0,0,0,0,0,0,0,0,0,0,0,0,0,0,0,0,0,0,0.7504091,0.7780389,0.7273716,0.7870257,0,0.7833031,0.7962936,0.9309799,1,0.8934634,0,0,0,0,0,0,0,0,0,0,0,0,0,0,0,0,0,0,0,0,0,0,0,0.7211031,0.7226003,0.7246524,0.7573175,0.8022018,0.8028437,0.7747826,0.8075235,1,0.9813714,0.7298859,0,0,0,0,0,0,0,0,0,0,0,0,0,0,0,0,0,0,0,0,0,0,0,0,0,0,0.8820099,0.902117,0.9465815,0,0.9145386,1,0,0,0,0,0,0,0,0,0,0,0,0,0,0,0
0,0,0,0,0,0,0,0,0,0.8274872,0.8115963,0.7981133,0,0.831734,0.8224931,0.8941302,1,0.9158387,0,0,0,0,0,0,0,0,0,0,0,0,0,0,0,0,0,0,0,0,0,0,0,0,0,0,0,0,0.889868,0.9652311,0.9994163,0.9942139,1,0,0,0,0,0,0,0,0,0,0,0,0,0,0,0,0,0,0,0,0,0,0,0,0,0,0.752113,0,0,0,0.8397333,0.9467096,1,0.9032923,0,0,0,0,0,0,0,0,0,0,0,0,0,0,0,0,0,0,0,0,0,0,0,0.7859118,0.7931619,0.7770345,0,0.742354,0.8008597,0.7962125,0.8427322,1,0.9834607,0.7643335,0,0,0,0,0,0,0,0,0,0,0,0,0,0,0,0,0,0,0,0,0,0,0,0,0,0,0.8783171,0.8802059,0.927195,0,1,0.9827819,0,0,0,0,0,0,0,0,0,0,0,0,0,0,0
0,0,0,0,0,0,0,0,0,0,0,0,0.8333877,0.8278394,0.8387456,0.8658274,1,0.903982,0,0,0,0,0,0,0,0,0,0,0,0,0,0,0,0,0,0,0,0,0,0,0,0,0,0,0,0,0,0,0.8238831,1,0.9731538,0,0,0,0,0,0,0,0,0,0,0,0,0,0,0,0,0,0,0,0,0,0,0,0,0,0.7264657,0,0,0.7923011,0.771847,0.9037958,1,0.9023298,0,0,0,0,0,0,0,0,0,0,0,0,0,0,0,0,0,0,0,0,0,0,0,0,0,0.7972797,0.8284888,0,0.7287627,0.8018115,0.8188652,1,0.9804786,0.7500786,0,0,0,0,0,0,0,0,0,0,0,0,0,0,0,0,0,0,0,0,0,0,0,0,0,0,0,0.8308425,0.8388818,0,0.8537442,1,0.9149362,0,0,0,0,0,0,0,0,0,0,0,0,0,0
0,0,0,0,0,0,0,0,0,0,0,0,0.7599802,0.8312123,0.8111894,0.907783,1,0.8965489,0.629465,0,0,0,0,0,0,0,0,0,0,0,0,0,0,0,0,0,0,0,0,0,0,0,0,0,0,0,0,0,0.8311737,1,0.9964668,0.8479912,0.6955301,0.6716521,0,0,0,0,0,0,0,0,0,0,0,0,0,0,0,0,0,0,0,0,0,0,0,0.7545736,0.8222189,0.750737,0.801684,0.9171174,1,0.9066026,0.6822702,0,0,0,0,0,0,0,0,0,0,0,0,0,0,0,0,0,0,0,0,0,0,0,0,0.6772737,0.8293694,0.9070978,0.9496065,0.8957624,0.7877688,1,0.9631097,0.7727898,0.7070772,0,0,0,0,0,0,0,0,0,0,0,0,0,0,0,0,0,0,0,0,0,0,0,0,0.741487,0.879223,0.9156377,0.8889443,0.8365782,0.9652291,1,0.7953425,0.6823134,0.7610117,0,0,0,0,0,0,0,0,0,0,0,0
0,0,0,0,0,0,0,0,0,0,0,0,0,0.8229699,0.8820288,0.9729573,1,0.874921,0,0,0,0,0,0,0,0,0,0,0,0,0,0,0,0,0,0,0,0,0,0,0,0,0,0,0,0,0,0.7273365,0.9222238,1,0,0.9395076,0.9227439,0.9092505,0.7906535,0,0,0,0,0,0,0,0,0,0,0,0,0,0,0,0,0,0,0,0,0,0,0,0.741158,0.8705876,0.9062486,0.975677,1,0.8358872,0.8056504,0.7537856,0.6927119,0,0,0,0,0,0,0,0,0,0,0,0,0,0,0,0,0,0,0,0,0,0,0,0,0.7100714,0.8427199,0.9053358,0.9425166,1,0.9503423,0.807013,0.7174593,0.70466,0,0,0,0,0,0,0,0,0,0,0,0,0,0,0,0,0,0,0,0,0,0,0,0,0,0.7786616,0.8474993,0.7293369,0.9536722,1,0.9293495,0.862829,0.7987499,0.7971857,0.7693835,0,0,0,0,0,0,0,0,0,0
0,0,0,0,0,0,0,0,0,0,0,0,0,0,0.8321251,0.9323543,1,0.923877,0.8165795,0.7790876,0,0,0,0,0,0,0,0,0,0,0,0,0,0,0,0,0,0,0,0,0,0,0,0,0,0,0,0,0.9025388,1,0.9295151,0.7832741,0.8518116,0.8200383,0.7886652,0,0,0,0,0,0,0,0,0,0,0,0,0,0,0,0,0,0,0,0,0,0,0,0,0,0.7517643,0.9616119,1,0.8691863,0.7162263,0.7426956,0.75519,0.6640707,0,0,0,0,0,0,0,0,0,0,0,0,0,0,0,0,0,0,0,0,0,0,0,0,0,0.6976023,0.7708255,1,0.9770055,0.8291613,0,0.7681799,0.7127841,0,0,0,0,0,0,0,0,0,0,0,0,0,0,0,0,0,0,0,0,0,0,0,0,0,0,0.7755061,1,0.9500571,0.914081,0.9193988,0.8453318,0,0.7816069,0.751483,0,0,0,0,0,0,0,0,0
0,0,0,0,0,0,0,0,0,0,0,0,0,0,0.7335105,0.9096886,1,0.8886961,0.8206109,0.7842649,0,0,0,0,0,0,0,0,0,0,0,0,0,0,0,0,0,0,0,0,0,0,0,0,0,0,0,0,0.9693757,0.8583533,1,0.98092,0.8550822,0,0.8287915,0,0,0,0,0,0,0,0,0,0,0,0,0,0,0,0,0,0,0,0,0,0,0,0,0,0.7069906,0.9562289,1,0.8682334,0.7311542,0.7249697,0.7102746,0.6432273,0,0,0,0,0,0,0,0,0,0,0,0,0,0,0,0,0,0,0,0,0,0,0,0,0,0.6905076,0.9041648,1,0.9473621,0.7576281,0.7096659,0.7430885,0,0,0,0,0,0,0,0,0,0,0,0,0,0,0,0,0,0,0,0,0,0,0,0,0,0,0.747736,0.8194965,0.9085697,1,0.8486568,0.8100557,0.8402391,0.7758301,0.8273506,0,0,0,0,0,0,0,0,0,0
0,0,0,0,0,0,0,0,0,0,0,0,0,0,0,0.9336174,1,0.7879515,0,0,0,0,0,0,0,0,0,0,0,0,0,0,0,0,0,0,0,0,0,0,0,0,0,0,0,0,0.9583252,0.9770253,0.9663143,1,0.9228858,0.9154034,0,0,0,0,0,0,0,0,0,0,0,0,0,0,0,0,0,0,0,0,0,0,0,0,0,0.7021612,0.6978456,0.701279,0.7017097,0.9472224,1,0.8622376,0,0,0,0,0,0,0,0,0,0,0,0,0,0,0,0,0,0,0,0,0,0,0,0,0,0,0,0,0.7028219,0.7800432,0.7896214,1,0.9672909,0.7497348,0,0,0,0,0,0,0,0,0,0,0,0,0,0,0,0,0,0,0,0,0,0,0,0,0,0,0,0.7770043,0.7966706,0.8551953,0.9832918,1,0.8694864,0.7788262,0.7957383,0,0,0,0,0,0,0,0,0,0,0,0
0,0,0,0,0,0,0,0,0,0,0,0,0,0,0.723244,0.9356418,1,0.8860732,0.6373584,0.6457271,0,0,0,0,0,0,0,0,0,0,0,0,0,0,0,0,0,0,0,0,0,0,0,0,0.8300558,0.9520378,0.9258944,0.8342208,0.9037794,0.9733379,1,0.9251874,0.8848169,0.8874817,0,0,0,0,0,0,0,0,0,0,0,0,0,0,0,0,0,0,0,0,0,0,0,0.6580489,0.6798092,0.6185658,0.655113,0.9485598,1,0.8664917,0,0,0,0,0,0,0,0,0,0,0,0,0,0,0,0,0,0,0,0,0,0,0,0,0,0,0,0,0,0.6419281,0.8618504,1,0.9467035,0.6488373,0.605141,0.5924563,0,0,0,0,0,0,0,0,0,0,0,0,0,0,0,0,0,0,0,0,0,0,0,0.7149979,0.7579408,0.7173324,0.7430075,0.779071,0.9829211,1,0.7678342,0,0.6650774,0,0,0,0,0,0,0,0,0,0,0,0
0,0,0,0,0,0,0,0,0,0,0,0.6533895,0.6816676,0.6931534,0.7069788,0.937106,1,0.8696851,0.6251678,0,0,0,0,0,0,0,0,0,0,0,0,0,0,0,0,0,0,0,0,0,0,0,0,0,0,0,0,0,0.8961259,0.9161214,0.9079812,1,0,0,0,0,0,0,0,0,0,0,0,0,0,0,0,0,0,0,0,0,0,0,0,0,0.6269277,0.6495237,0.5769752,0.5832041,0.6879045,0.9571043,1,0.8577569,0.5889781,0.57579,0,0,0,0,0,0,0,0,0,0,0,0,0,0,0,0,0,0,0,0,0,0,0.5877743,0.6607163,0.6457858,0,0,0,0.874064,1,0.9529749,0.7100411,0.6353909,0,0,0,0,0,0,0,0,0,0,0,0,0,0,0,0,0,0,0,0,0,0,0,0,0.6832795,0.7797967,0.7719291,0.7107325,0.6824704,0.9507632,1,0.8576216,0,0,0,0,0,0,0,0,0,0,0,0,0,0
0,0,0,0,0,0,0,0,0,0,0,0,0,0,0,0.9226889,1,0.9029304,0,0,0,0,0,0,0,0,0,0,0,0,0,0,0,0,0,0,0,0,0,0,0,0,0,0,0,0,0,0,0,0,0,0,0,0,0,0,0,0,0,0,0,0,0,0,0,0,0,0,0,0,0,0,0,0,0,0,0,0,0,0,0,0.9583449,1,0.8837426,0,0,0,0,0,0,0,0,0,0,0,0,0,0,0,0,0,0,0,0,0,0,0,0,0,0,0,0,0,0,0.8836262,1,0.9584506,0,0,0,0,0,0,0,0,0,0,0,0,0,0,0,0,0,0,0,0,0,0,0,0,0,0,0,0,0,0,0,0.9734272,1,0.8271269,0,0,0,0,0,0,0,0,0,0,0,0,0,0
0,0,0,0,0,0,0,0,0,0,0,0,0,0,0.6668051,0.9219498,1,0.8826514,0,0,0,0,0,0,0,0,0,0,0,0,0,0,0,0,0,0,0,0,0,0,0,0,0,0,0,0.7869496,0.858859,0.9607264,1,0.9382097,0,0,0,0,0,0,0,0,0,0,0,0,0,0,0,0,0,0,0,0,0,0,0,0,0,0,0,0,0,0.6627226,0.6590399,0.9536387,1,0.8644229,0,0,0,0,0,0,0,0,0,0,0,0,0,0,0,0,0,0,0,0,0,0,0,0,0,0,0,0,0,0.6508024,0.8673152,1,0.9391468,0,0,0,0,0,0,0,0,0,0,0,0,0,0,0,0,0,0,0,0,0,0,0,0,0,0,0,0,0,0.7133217,0.6513758,0.974727,1,0.7835684,0,0,0,0,0,0,0,0,0,0,0,0,0,0
0,0,0,0,0,0,0,0,0,0,0,0,0,0,0.6563496,0.9157767,1,0.8890615,0,0,0,0,0,0,0,0,0,0,0,0,0,0,0,0,0,0,0,0,0,0,0,0,0,0,0,0,0,0.9833283,1,0.9600295,0.8383271,0,0,0,0,0,0,0,0,0,0,0,0,0,0,0,0,0,0,0,0,0,0,0,0,0,0,0,0,0.6653696,0.7581382,0.9488264,1,0.8662736,0,0,0,0,0,0,0,0,0,0,0,0,0,0,0,0,0,0,0,0,0,0,0,0,0,0,0,0,0,0.7518557,0.8016928,1,0.9523828,0.6331484,0,0,0,0,0,0,0,0,0,0,0,0,0,0,0,0,0,0,0,0,0,0,0,0,0,0,0,0,0.6680828,0.8137432,0.9921973,1,0.7927282,0,0,0,0,0,0,0,0,0,0,0,0,0,0
0,0,0,0,0,0,0,0,0,0,0,0,0,0,0,0.9228573,1,0.8751157,0,0,0,0,0,0,0,0,0,0,0,0,0,0,0,0,0,0,0,0,0,0,0,0,0,0,0,0,0,0,1,0.9515487,0.9464915,0,0,0,0,0,0,0,0,0,0,0,0,0,0,0,0,0,0,0,0,0,0,0,0,0,0,0,0,0,0,0.9502786,1,0.8592693,0,0,0,0,0,0,0,0,0,0,0,0,0,0,0,0,0,0,0,0,0,0,0,0,0,0,0,0,0,0,0.8790952,1,0.9408163,0,0,0,0,0,0,0,0,0,0,0,0,0,0,0,0,0,0,0,0,0,0,0,0,0,0,0,0,0,0,0,0.9678996,1,0.80665,0,0,0,0,0,0,0,0,0,0,0,0,0,0
0,0,0,0,0,0,0,0,0,0,0,0,0,0,0,0.9131109,1,0.8820748,0,0,0,0,0,0,0,0,0,0,0,0,0,0,0,0,0,0,0,0,0,0,0,0,0,0,0,0,0,0,0.8462873,1,0.9022262,0,0,0,0,0,0,0,0,0,0,0,0,0,0,0,0,0,0,0,0,0,0,0,0,0,0,0,0,0,0.5741266,0.9486718,1,0.8475752,0,0,0,0,0,0,0,0,0,0,0,0,0,0,0,0,0,0,0,0,0,0,0,0,0,0,0,0,0,0,0.8580802,1,0.9465297,0.6214609,0,0,0,0,0,0,0,0,0,0,0,0,0,0,0,0,0,0,0,0,0,0,0,0,0,0,0,0,0,0.6397479,0.9651185,1,0.8131351,0,0,0,0,0,0,0,0,0,0,0,0,0,0
0,0,0,0,0,0,0,0,0,0,0,0,0,0,0,0.921426,1,0.8888016,0,0,0,0,0,0,0,0,0,0,0,0,0,0,0,0,0,0,0,0,0,0,0,0,0,0,0,0,0,0,0.873758,1,0.9120128,0,0,0,0,0,0,0,0,0,0,0,0,0,0,0,0,0,0,0,0,0,0,0,0,0,0,0,0,0,0,0.9478021,1,0.8763061,0,0,0,0,0,0,0,0,0,0,0,0,0,0,0,0,0,0,0,0,0,0,0,0,0,0,0,0,0,0,0.872093,1,0.9509411,0,0,0,0,0,0,0,0,0,0,0,0,0,0,0,0,0,0,0,0,0,0,0,0,0,0,0,0,0,0,0,0.9759303,1,0.8147388,0,0,0,0,0,0,0,0,0,0,0,0,0,0
0,0,0,0,0,0,0,0,0,0,0,0,0,0,0,0.9101431,1,0.8875101,0,0,0,0,0,0,0,0,0,0,0,0,0,0,0,0,0,0,0,0,0,0,0,0,0,0,0,0,0,0,0.8182457,1,0.9663411,0,0,0,0,0,0,0,0,0,0,0,0,0,0,0,0,0,0,0,0,0,0,0,0,0,0,0,0,0,0.6287204,0.9405997,1,0.8723981,0,0,0,0,0,0,0,0,0,0,0,0,0,0,0,0,0,0,0,0,0,0,0,0,0,0,0,0,0,0,0.8518977,1,0.9531469,0,0,0,0,0,0,0,0,0,0,0,0,0,0,0,0,0,0,0,0,0,0,0,0,0,0,0,0,0,0,0,0.9642503,1,0.8070404,0,0,0,0,0,0,0,0,0,0,0,0,0,0
