GestureName: rectangle
Duration(ms): 1410
Handedness: right

SpeakerAngles: 5
55
-55
0
0
110

SpeakerElevations: 5
-10
-10
-10
0
30

InterpretedPoints: 30
0,0,0
-0.820888078587149,-5.91169726806041,-0.131759111665348
-4.87569569085847,-6.41227799866408,-0.589870045663766
-4.08316920122242,-12.583425352579,-0.0270364466613926
-3.26937151987304,-18.8948157322928,0.299315375671677
-3.26228112263527,-12.3818935046885,-0.242573690329905
0,0,0
0,-11.8176930361465,2.08377813200316
0,0,0
2.43430264681035,1.10219129893882,0.479055466999209
0.806707284111599,1.69458756439087,-0.520944533000791
5.67531257773229,5.47941053951119,1.13175911166535
1.6134145682232,5.09934054895166,-0.694592710667721
0,-1.98480775301221,0.17364817766693
0,0,0
0,0,0
0,1,0
0.813797681349374,3.81833466321343,-0.0209445330007911
2.44139304404812,5.34047119370084,0.458110933998418
3.2551907253975,8.02908081398702,0.784462756331487
0.827978475824924,11.5695367855797,-0.583778132003164
1.62759536269875,10.7512021223663,-0.562833599002373
2.43430264681035,1.97246625601158,0.82635182233307
0.827978475824924,5.21074615077359,0.805407289332278
0,0,0
0,0,0
0,0,0
0.813797681349374,-0.296198132726024,0.5
0.813797681349374,-4.26581363875044,0.847296355333861
-2.41303145509702,-10.4948792306294,1.88918542133544

StrokePoints: 31
0,0,0
0,0,0
-0.820888078587149,-5.91169726806041,-0.131759111665348
-5.69658376944562,-12.3239752667245,-0.721629157329114
-9.77975297066804,-24.9074006193035,-0.748665603990507
-13.0491244905411,-43.8022163515963,-0.44935022831883
-16.3114056131763,-56.1841098562847,-0.691923918648735
-16.3114056131763,-56.1841098562847,-0.691923918648735
-16.3114056131763,-68.0018028924312,1.39185421335443
-16.3114056131763,-68.0018028924312,1.39185421335443
-13.877102966366,-66.8996115934924,1.87090968035364
-13.0703956822544,-65.2050240291016,1.34996514735285
-7.39508310452211,-59.7256134895904,2.4817242590182
-5.78166853629891,-54.6262729406387,1.78713154835047
-5.78166853629891,-56.6110806936509,1.9607797260174
-5.78166853629891,-56.6110806936509,1.9607797260174
-5.78166853629891,-56.6110806936509,1.9607797260174
-5.78166853629891,-55.6110806936509,1.9607797260174
-4.96787085494954,-51.7927460304375,1.93983519301661
-2.52647781090142,-46.4522748367366,2.39794612701503
0.728712914496077,-38.4231940227496,3.18240888334652
1.556691390321,-26.8536572371698,2.59863075134335
3.18428675301975,-16.1024551148035,2.03579715234098
5.6185893998301,-14.129988858792,2.86214897467405
6.44656787565502,-8.91924270801836,3.66755626400633
6.44656787565502,-8.91924270801836,3.66755626400633
6.44656787565502,-8.91924270801836,3.66755626400633
6.44656787565502,-8.91924270801836,3.66755626400633
7.26036555700439,-9.21544084074439,4.16755626400633
8.07416323835377,-13.4812544794948,5.01485261934019
5.66113178325674,-23.9761337101242,6.90403804067563

Velocities: 30
0,0,0
0,-1,-4
-4,-3,-4
-5,-7,-8
-5,-7,-7
-3,-4,-6
0,0,0
0,0,-12
0,0,0
2,1,0
2,1,0
3,0,2
2,0,2
0,0,-1
0,0,0
0,0,0
0,0,0
1,1,1
2,2,2
2,2,3
3,5,4
3,3,3
1,0,0
0,2,2
0,0,0
0,0,0
0,0,0
0,0,0
0,0,-2
-4,0,-4

InverseVelocities: 30
0,0,0
0,0,0
0,0,0
0,0,0
0,0,0
0,0,0
0,0,0
0,0,0
0,0,0
0,0,0
0,0,0
0,0,0
-1,0,-1
0,0,0
0,0,0
0,0,0
0,0,0
0,0,0
0,0,0
0,0,0
0,0,0
0,0,0
0,0,0
0,0,0
0,0,0
0,0,0
0,0,0
0,0,0
0,0,0
0,0,0

RawData: 30
0,0,0,0,0,0,0,0,0,0,0,0,0,0,0,0.9181721,1,0.9012824,0,0,0,0,0,0,0,0,0,0,0,0,0,0,0,0,0,0,0,0,0,0,0,0,0,0,0,0,0.9795769,1,0,0.8925006,0.9041564,0,0,0,0,0,0,0,0,0,0,0,0,0,0,0,0,0,0,0,0,0,0,0,0,0,0,0,0,0.7476174,0.7587319,0.9280066,1,0.905748,0,0,0,0,0,0,0,0,0,0,0,0,0,0,0,0,0,0,0,0,0,0,0,0,0,0,0,0,0.7441898,0.776152,0.8300083,1,0.9739835,0.6954451,0,0,0,0,0,0,0,0,0,0,0,0,0,0,0,0,0,0,0,0,0,0,0,0,0,0,0,0,0.7272905,0.8224605,0.9698447,1,0.8590651,0,0,0,0,0,0,0,0,0,0,0,0,0,0
0,0,0,0,0,0,0,0,0,0,0,0,0,0,0.6813536,0.8886264,1,0.9145898,0,0,0,0,0,0,0,0,0,0,0,0,0,0,0,0,0,0,0,0,0,0,0,0,0,0,0,0.8752645,0.9103079,0.838053,0,0.9683418,1,0.8524029,0,0,0,0,0,0,0,0,0,0,0,0,0,0,0,0,0,0,0,0,0,0,0,0.5920217,0.6307923,0.6200439,0.6162732,0.5952694,0,0.9285878,1,0.8940391,0,0,0,0,0,0,0,0,0,0,0,0,0,0,0,0,0,0,0,0,0,0,0,0,0,0,0.6757775,0.7222315,0.6322733,0,0.8147314,1,0.9749206,0.7037974,0,0,0,0,0,0,0,0,0,0,0,0,0,0,0,0,0,0,0,0,0,0,0,0,0,0.6640165,0.6937698,0,0,0,0.9205391,1,0.8846719,0,0,0,0,0,0,0,0,0,0,0,0,0,0
0,0,0,0,0,0,0,0,0,0.6416227,0.6872361,0.6994448,0.6631895,0,0,0.9081044,1,0.9241647,0,0,0,0,0,0,0,0,0,0,0,0,0,0,0,0,0,0,0,0,0,0,0,0,0,0.8719201,0.8233003,0,0,0,0,0.9346963,1,0.8419578,0,0,0,0,0,0,0,0,0,0,0,0,0,0,0,0,0,0,0,0,0,0,0,0.6916092,0.7146004,0.6168723,0,0.629351,0.6535624,0.9302759,1,0.9032982,0,0,0,0,0,0,0,0,0,0,0,0,0,0,0,0,0,0,0,0,0,0,0,0,0,0,0,0,0.6499467,0.7188033,0.8397245,1,0.9709889,0.7072732,0,0,0,0,0,0,0,0,0,0,0,0,0,0,0,0,0,0,0,0,0,0,0.7235709,0.7435089,0.6652606,0.6927092,0.6666008,0,0,0,0.937322,1,0.8758106,0,0,0,0,0,0,0,0,0,0,0,0,0,0
0,0,0,0,0,0,0,0,0.6854643,0.6792204,0,0.6911126,0.6592187,0,0.6286618,0.9233348,1,0.8879487,0,0,0,0,0,0,0,0,0,0,0,0,0,0,0,0,0,0,0,0,0,0.9419293,0.9251922,0.9654045,1,0.8796317,0.8644542,0,0,0.9351959,0.9300122,0.9211383,0.897449,0,0,0,0,0,0,0,0,0,0,0,0,0,0,0,0,0,0,0,0,0.6247945,0.648941,0.6378069,0.6997981,0.6728487,0,0.6145593,0.6152254,0,0.6774647,0.9507477,1,0.8756173,0,0,0,0,0,0,0,0,0,0,0,0,0,0,0,0,0,0,0,0,0,0,0,0,0,0,0,0,0.6683371,0.7329893,0.8596502,1,0.9548483,0.6842382,0,0,0,0,0,0,0,0,0,0,0,0,0,0,0,0,0,0,0,0,0.6878293,0.7240954,0.7317423,0,0.6952543,0,0,0.6742739,0.7766631,0.7435126,0.9599485,1,0.8324361,0,0,0,0,0,0,0,0,0,0,0,0,0,0
0,0,0,0,0,0,0,0,0.6774946,0.6353465,0.6368669,0,0,0,0.6464351,0.9375588,1,0.8818724,0,0,0,0,0,0,0,0,0,0,0,0,0,0,0,0,0,0,0,0,0,0.9650521,1,0,0.9106663,0,0.9042175,0.9240544,0.9466987,0,0,0.9865745,0.9458369,0,0,0,0,0,0,0,0,0,0,0,0,0,0,0,0,0,0,0,0,0,0.6522025,0.6078838,0.6396541,0.6226021,0.5939383,0,0,0.6382375,0.6401976,0.9537797,1,0.8691553,0,0,0,0,0,0,0,0,0,0,0,0,0,0,0,0,0,0,0,0,0,0.6489128,0.6699853,0,0,0,0.6913245,0.6822307,0.6395477,0.6618723,0.8717548,1,0.9505934,0,0,0,0,0,0,0,0,0,0,0,0,0,0,0,0,0,0,0,0,0,0,0.6867191,0.6605636,0.6797473,0.7109505,0.6558331,0,0,0.704243,0.76771,0.9714074,1,0.8410243,0,0,0,0,0,0,0,0,0,0,0,0,0,0
0,0,0,0,0,0,0,0,0,0,0.616528,0.6375125,0.6956691,0.6832023,0.6908333,0.9233477,1,0.8830034,0,0,0,0,0,0,0,0,0,0,0,0,0,0,0,0,0,0,0,0,0,0,0,0,0.7438834,0.7442301,0,0,0,0.7172771,0.8960785,1,0.9571632,0.7592881,0,0,0,0,0,0,0,0,0,0,0,0,0,0,0,0,0,0,0,0,0,0.5539408,0.5890008,0.6157417,0.5774195,0.6128624,0.6194856,0.6149275,0.6686069,0.9544694,1,0.8567581,0.5652439,0,0,0,0,0,0,0,0,0,0,0,0,0,0,0,0,0,0,0,0,0,0,0,0.6061664,0.6548141,0.6730654,0.5917371,0,0,0.8443332,1,0.9594333,0.6714969,0,0,0,0,0,0,0,0,0,0,0,0,0,0,0,0,0,0,0,0,0,0,0.6188061,0.6594959,0.6166589,0.6170315,0.6482915,0,0.5800447,0.7487404,0.9782966,1,0.8250586,0,0,0,0,0,0,0,0,0,0,0,0,0,0
0,0,0,0,0,0,0,0,0,0,0,0,0,0.7193163,0,0.9311472,1,0.8895999,0,0,0,0,0,0,0,0,0,0,0,0,0,0,0,0,0,0,0,0,0,0,0,0,0,0,0,0,0,0.8706458,0,1,0.9571902,0,0,0,0,0,0,0,0,0,0,0,0,0,0,0,0,0,0,0,0,0,0,0,0,0,0,0,0,0,0,0.9517943,1,0.8797312,0,0,0,0,0,0,0,0,0,0,0,0,0,0,0,0,0,0,0,0,0,0,0,0,0,0,0,0,0,0.7188848,0.8957708,1,0.9549322,0,0,0,0,0,0,0,0,0,0,0,0,0,0,0,0,0,0,0,0,0,0,0,0,0,0,0,0,0,0,0.7273437,0.9780296,1,0.8421462,0,0,0,0,0,0,0,0,0,0,0,0,0,0
0,0,0,0,0,0,0,0,0,0,0,0,0,0,0.6770638,0.9381417,1,0.8709133,0.5599273,0,0,0,0,0,0,0,0,0,0,0,0,0,0,0,0,0,0,0,0,0,0,0,0,0,0,0,0,0.7750384,0.9098043,1,0.9374043,0,0,0,0,0,0,0,0,0,0,0,0,0,0,0,0.5200772,0.5397162,0,0,0,0,0,0,0,0,0,0,0,0,0.7086377,0.9586604,1,0.8577141,0,0,0,0,0,0,0,0,0,0,0,0,0,0,0,0,0,0,0,0,0,0,0,0,0,0,0,0,0,0,0.8486537,1,0.952759,0.6173681,0,0,0,0,0,0,0,0,0,0,0,0,0,0,0,0,0,0,0,0,0,0,0,0,0,0,0,0,0.5462816,0.7648823,0.9813988,1,0.8207245,0,0,0,0,0,0,0,0,0,0,0,0,0,0
0,0,0,0,0,0,0,0,0,0,0,0,0,0,0,0.9279395,1,0.8903168,0.7347798,0,0,0,0,0,0,0,0,0,0,0,0,0,0,0,0,0,0,0,0,0,0,0,0,0,0,0,0,0,0,0.9929063,1,0,0,0,0,0,0,0,0,0,0,0,0,0,0,0,0,0,0,0,0,0,0,0,0,0,0,0,0,0,0.6567379,0.9559323,1,0.8691072,0.6827293,0,0,0,0,0,0,0,0,0,0,0,0,0,0,0,0,0,0,0,0,0,0,0,0,0,0,0,0,0,0.8668791,1,0.9602146,0.6916645,0.6669974,0,0,0,0,0,0,0,0,0,0,0,0,0,0,0,0,0,0,0,0,0,0,0,0,0,0,0,0,0.711453,0.9722696,1,0.8579241,0,0,0,0,0,0,0,0,0,0,0,0,0,0
0,0,0,0,0,0,0,0,0,0,0,0,0,0,0,0.9318362,1,0.9041626,0.6798388,0.7103925,0.7046403,0.6751117,0,0,0,0,0,0,0,0,0,0,0,0,0,0,0,0,0,0,0,0,0,0,0,0,0,0,0.8926944,1,0.9160133,0.9126377,0.9580025,0.9407402,0,0,0,0,0,0,0,0,0,0,0,0,0,0,0,0,0,0,0,0,0,0,0,0,0,0,0.6805707,0.9556566,1,0.8731089,0.6712067,0.6531639,0,0,0,0,0,0,0,0,0,0,0,0,0,0,0,0,0,0,0,0,0,0,0,0,0,0,0,0,0.8733913,1,0.9503732,0,0,0,0,0,0,0,0,0,0,0,0,0,0,0,0,0,0,0,0,0,0,0,0,0,0,0,0,0,0,0.7446643,0.9808902,1,0.8531279,0.7807849,0.7209923,0.7029985,0,0,0,0,0,0,0,0,0,0,0
0,0,0,0,0,0,0,0,0,0,0,0,0,0,0,0.9377524,1,0.9051449,0.6981047,0,0,0.7184194,0,0,0,0,0,0,0,0,0,0,0,0,0,0,0,0,0,0,0,0,0,0,0,0,0,0,0,1,0.959933,0.8675433,0.9433438,0.9289182,0,0,0,0,0,0,0,0,0,0,0,0,0,0,0,0,0,0,0,0,0,0,0,0,0,0,0.7130456,0.9599015,1,0.8808928,0.6730787,0.6556098,0,0,0,0,0,0,0,0,0,0,0,0,0,0,0,0,0,0,0,0,0,0,0,0,0,0,0,0,0.8731618,1,0.9548486,0,0,0,0,0,0,0,0,0,0,0,0,0,0,0,0,0,0,0,0,0,0,0,0,0,0,0,0,0,0,0.7463233,0.9763539,1,0.8604884,0.7356837,0,0,0,0,0,0,0,0,0,0,0,0,0
0,0,0,0,0,0,0,0,0,0,0,0,0,0,0,0.9213519,1,0.906738,0.6883179,0,0.7131611,0.7263838,0.6652035,0,0,0,0,0,0,0,0,0,0,0,0,0,0,0,0,0,0,0,0,0,0,0,0,0.8644898,0.8572149,1,0.9884726,0,0,0,0,0,0,0,0,0,0,0,0,0,0,0,0,0,0,0,0,0,0,0,0,0,0,0,0,0,0.6744449,0.9532877,1,0.8766754,0,0.5917154,0.699671,0.6610029,0,0,0,0,0,0,0,0,0,0,0,0,0,0,0,0,0,0,0,0,0,0,0,0,0,0.6424119,0.8576449,1,0.9522513,0.6096693,0,0.6488928,0.7208766,0.6537722,0,0,0,0,0,0,0,0,0,0,0,0,0,0,0,0,0,0,0,0,0,0,0,0,0.6807367,0.7896382,0.975481,1,0.836827,0.6566324,0,0.6805095,0.6753128,0.6436291,0,0,0,0,0,0,0,0,0
0,0,0,0,0,0,0,0,0,0,0,0,0.5845914,0.5736131,0.59013,0.9047439,1,0.8861889,0.6202528,0.631314,0.600474,0.6089636,0,0,0,0,0,0,0,0,0,0,0,0,0,0,0,0,0,0,0,0,0,0,0,0,0.7518472,0.7295355,0.9147259,1,0.910614,0.725251,0,0,0,0,0,0,0,0,0,0,0,0,0,0.7124072,0,0,0,0,0,0,0,0,0,0,0,0,0.5931311,0.6401907,0.7152699,0.9516716,1,0.8649834,0,0.6071422,0.6122802,0.5633739,0,0,0,0,0,0,0,0,0,0,0,0,0,0,0,0,0,0,0,0,0,0,0,0,0,0,0.8751976,1,0.9429127,0,0,0.6333524,0.6033804,0,0,0,0,0,0,0,0,0,0,0,0,0,0,0,0,0,0,0,0,0,0,0,0,0.6597628,0.7511238,0.8209665,0.9753801,1,0.8028422,0.6620542,0,0,0,0,0,0,0,0,0,0,0,0,0
0,0,0,0,0,0,0,0,0,0,0,0,0,0,0,0.9279853,1,0.906719,0,0,0,0,0,0,0,0,0,0,0,0,0,0,0,0,0,0,0,0,0,0,0,0,0,0,0,0,0.9067014,0.9622377,0.9236146,0.996975,1,0,0,0,0,0,0,0,0,0,0,0,0,0,0,0,0,0,0,0,0,0,0,0,0,0,0,0,0.6487132,0,0,0.9553156,1,0.8825199,0,0,0,0,0,0,0,0,0,0,0,0,0,0,0,0,0,0,0,0,0,0,0,0,0,0,0,0.6549028,0.6809379,0.6549213,0.8891085,1,0.9482235,0,0,0,0,0,0,0,0,0,0,0,0,0,0,0,0,0,0,0,0,0,0,0,0,0,0,0,0,0,0,0.794023,0.9736555,1,0.8441862,0.7155291,0,0,0,0,0,0,0,0,0,0,0,0,0
0,0,0,0,0,0,0,0,0,0,0,0,0,0,0,0.9447336,1,0.8905153,0,0,0,0,0,0,0,0,0,0,0,0,0,0,0,0,0,0,0,0,0,0,0,0,0,0,0,0,0,0,0.8626856,1,0.9679262,0,0,0,0,0,0,0,0,0,0,0,0,0,0,0,0,0,0,0,0,0,0,0,0,0,0,0,0,0,0,0.9557047,1,0.8805768,0,0,0,0,0,0,0,0,0,0,0,0,0,0,0,0,0,0,0,0,0,0,0,0,0,0,0,0,0,0,0.8835799,1,0.9583815,0.6970389,0,0,0,0,0,0,0,0,0,0,0,0,0,0,0,0,0,0,0,0,0,0,0,0,0,0,0,0,0,0.7646509,0.9722255,1,0.8451101,0,0,0,0,0,0,0,0,0,0,0,0,0,0
0,0,0,0,0,0,0,0,0,0,0,0,0,0,0,0.9227642,1,0.889129,0.6525695,0,0,0,0,0,0,0,0,0,0,0,0,0,0,0,0,0,0,0,0,0,0,0,0,0,0,0,0,0,0.7624163,1,0.9797089,0,0,0,0,0,0,0,0,0,0,0,0,0,0,0,0,0,0,0,0,0,0,0,0,0,0,0,0,0,0.6472809,0.9493328,1,0.8859347,0,0,0,0,0,0,0,0,0,0,0,0,0,0,0,0,0,0,0,0,0,0,0,0,0,0,0,0,0,0,0.8739451,1,0.9614643,0.7103209,0,0,0,0,0,0,0,0,0,0,0,0,0,0,0,0,0,0,0,0,0,0,0,0,0,0,0,0,0,0.7113014,0.9694164,1,0.8432296,0,0,0,0,0,0,0,0,0,0,0,0,0,0
0,0,0,0,0,0,0,0,0,0,0,0,0,0,0,0.8910336,1,0.9201041,0.7129312,0.6108297,0,0,0,0,0,0,0,0,0,0,0,0,0,0,0,0,0,0,0,0,0,0,0,0,0,0,0,0,0.7453173,0.9976667,1,0.8038116,0.7421203,0,0,0,0,0,0,0,0,0,0,0,0,0,0,0,0,0,0,0,0,0,0,0,0,0,0,0,0,0.9318419,1,0.901141,0.6572426,0.6062422,0,0,0,0,0,0,0,0,0,0,0,0,0,0,0,0,0,0,0,0,0,0,0,0,0,0,0,0,0.8373539,1,0.9739168,0.7731712,0.652433,0.5820256,0,0,0,0,0,0,0,0,0,0,0,0,0,0,0,0,0,0,0,0,0,0,0,0,0,0,0,0,0.9574642,1,0.8269075,0,0,0,0,0,0,0,0,0,0,0,0,0,0
0,0,0,0,0,0,0,0,0,0,0,0,0,0,0,0.8998422,1,0.9276158,0,0.7091448,0.6702157,0,0,0,0,0,0,0,0,0,0,0,0,0,0,0,0,0,0,0,0,0,0,0,0,0,0,0,0.7700282,1,0.9950438,0.8559642,0.8695115,0.7952733,0,0,0,0,0,0,0,0,0,0,0,0,0,0,0,0,0,0,0,0,0,0,0,0,0,0,0,0.9346701,1,0.892741,0.6888595,0.6681566,0.6551011,0,0,0,0,0,0,0,0,0,0,0,0,0,0,0,0,0,0,0,0,0,0,0,0,0,0,0,0.8451625,1,0.9697376,0.727792,0.7079046,0.7003637,0.6342504,0,0,0,0,0,0,0,0,0,0,0,0,0,0,0,0,0,0,0,0,0,0,0,0,0,0,0,0.9421496,1,0.9023853,0.7399749,0.6534918,0,0,0,0,0,0,0,0,0,0,0,0
0,0,0,0,0,0,0,0,0,0,0,0,0,0,0,0.9050127,1,0.9164053,0.6541153,0.7067453,0.7846613,0.7107514,0,0,0,0,0,0,0,0,0,0,0,0,0,0,0,0,0,0,0,0,0,0,0,0,0,0,0.805098,1,0.9663736,0.7516817,0.8639263,0.8516888,0.7520181,0,0,0,0,0,0,0,0,0,0,0,0,0,0,0,0,0,0,0,0,0,0,0,0,0,0,0.9272442,1,0.9069988,0.614763,0.6625093,0.6558906,0.6282949,0,0,0,0,0,0,0,0,0,0,0,0,0,0,0,0,0,0,0,0,0,0,0,0,0,0,0.8489468,1,0.9730195,0.749965,0.6999965,0.7219297,0.7296137,0,0,0,0,0,0,0,0,0,0,0,0,0,0,0,0,0,0,0,0,0,0,0,0,0,0,0.6660098,0.9552038,1,0.8582551,0.7335109,0.7371463,0.6515377,0.6860744,0,0,0,0,0,0,0,0,0,0
0,0,0,0,0,0,0,0,0,0,0,0,0,0,0,0.9125078,1,0.9159923,0.730436,0.7628032,0.742932,0.7187795,0,0,0,0,0,0,0,0,0,0,0,0,0,0,0,0,0,0,0,0,0,0,0,0,0,0,0.7723892,0.9863924,1,0.7893479,0.80181,0.8085598,0.8800393,0,0,0,0,0,0,0,0,0,0,0,0,0,0,0,0,0,0,0,0,0,0,0,0,0,0,0.9267808,1,0.9125329,0.6383193,0,0.695435,0.7281294,0.6912218,0,0,0,0,0,0,0,0,0,0,0,0,0,0,0,0,0,0,0,0,0,0,0,0,0,0.8564334,1,0.9672049,0.7140464,0,0.6771373,0,0.6637159,0.6785393,0,0,0,0,0,0,0,0,0,0,0,0,0,0,0,0,0,0,0,0,0,0,0,0,0.6703699,0.9512007,1,0.887627,0.6868347,0.7749542,0.7447627,0.7148815,0.7222992,0,0,0,0,0,0,0,0,0
0,0,0,0,0,0,0,0,0,0,0,0,0,0,0.5949535,0.9108157,1,0.9086858,0.6394906,0.7111344,0.6756765,0.6552641,0.6511831,0,0,0,0,0,0,0,0,0,0,0,0,0,0,0,0,0,0,0,0,0,0,0,0,0,0,0.9618976,1,0.7757338,0.7445914,0,0.8776972,0.9616314,0.9102365,0.7478897,0,0,0,0,0,0,0,0,0,0,0,0,0,0,0,0,0,0,0,0,0,0,0.6216892,0.9312723,1,0.8873317,0.5829408,0.5662708,0.7157528,0.7224373,0.5628678,0.6008217,0,0,0,0,0,0,0,0,0,0,0,0,0,0,0,0,0,0,0,0,0,0,0,0,0.8298565,1,0.9770355,0.7589756,0.6406662,0.7091061,0.7560289,0.7084195,0.6600003,0,0,0,0,0,0,0,0,0,0,0,0,0,0,0,0,0,0,0,0,0,0,0,0,0,0.9386845,1,0.8389968,0.7472306,0.6382296,0.7331416,0.5794859,0,0,0,0,0,0,0,0,0,0
0,0,0,0,0,0,0,0,0,0,0,0,0,0,0,0.9010785,1,0.9181992,0.6445975,0.6473045,0.69754,0,0.661421,0,0,0,0,0,0,0,0,0,0,0,0,0,0,0,0,0,0,0,0,0,0,0,0,0,0.8478619,1,0.9640378,0,0,0,0,0.8561471,0,0,0,0,0,0,0,0,0,0,0,0,0,0,0,0,0,0,0,0,0,0,0,0,0,0.9272053,1,0.9043112,0.708145,0.7020294,0.7143502,0.7702271,0.7019551,0,0,0,0,0,0,0,0,0,0,0,0,0,0,0,0,0,0,0,0,0,0,0,0,0,0.8148716,1,0.9840978,0.7621217,0.687151,0.6931406,0.8236841,0.7814509,0.6316653,0.6364648,0,0,0,0,0,0,0,0,0,0,0,0,0,0,0,0,0,0,0,0,0,0,0,0,0.938935,1,0.8760413,0.7313274,0.789737,0.7110595,0,0,0,0,0,0,0,0,0,0,0
0,0,0,0,0,0,0,0,0,0,0,0,0,0,0,0.9170362,1,0.9321745,0.7926695,0.7920964,0.7910725,0,0,0,0,0,0,0,0,0,0,0,0,0,0,0,0,0,0,0,0,0,0,0,0,0,0,0,0,0.9836849,1,0,0,0,0,0,0,0,0,0,0,0,0,0,0,0,0,0,0,0,0,0,0,0,0,0,0,0,0,0,0,0.9376405,1,0.9144666,0,0,0,0,0,0,0,0,0,0,0,0,0,0,0,0,0,0,0,0,0,0,0,0,0,0,0,0,0,0,0.8543451,1,0.9821337,0.7884381,0.766117,0.8387622,0.7924907,0,0,0,0,0,0,0,0,0,0,0,0,0,0,0,0,0,0,0,0,0,0,0,0,0,0,0,0.9465925,1,0.9175618,0,0,0.8192412,0,0,0,0,0,0,0,0,0,0,0
0,0,0,0,0,0,0,0,0,0,0,0,0,0,0,0.8963743,1,0.9162133,0.7745886,0.7429669,0,0,0,0,0,0,0,0,0,0,0,0,0,0,0,0,0,0,0,0,0,0,0,0,0,0,0,0,0.831355,1,0.9548847,0.8812335,0.9715057,0.8778873,0.7827863,0,0,0,0,0,0,0,0,0,0,0,0,0,0,0,0,0,0,0,0,0,0,0,0,0,0,0.9235699,1,0.9020572,0.5785123,0.6591562,0.6591612,0.5842267,0,0,0,0,0,0,0,0,0,0,0,0,0,0,0,0,0,0,0,0,0,0,0,0,0,0,0.8346335,1,0.974575,0.7721381,0.7666391,0.7358388,0.6334996,0.632789,0,0,0,0,0,0,0,0,0,0,0,0,0,0,0,0,0,0,0,0,0,0,0,0,0,0,0.9369512,1,0.8608816,0.7781531,0.7766969,0.7283424,0.6687512,0,0,0,0,0,0,0,0,0,0
0,0,0,0,0,0,0,0,0,0,0,0,0,0,0,0.9100633,1,0.9402226,0.800938,0,0,0,0,0,0,0,0,0,0,0,0,0,0,0,0,0,0,0,0,0,0,0,0,0,0,0,0,0,0,0.9663479,1,0.9719138,0.9516476,0,0,0,0,0,0,0,0,0,0,0,0,0,0,0,0,0,0,0,0,0,0,0,0,0,0,0,0,0.9379406,1,0.902464,0,0,0,0,0,0,0,0,0,0,0,0,0,0,0,0,0,0,0,0,0,0,0,0,0,0,0,0,0,0,0.8555514,1,0.9670013,0,0,0,0,0,0,0,0,0,0,0,0,0,0,0,0,0,0,0,0,0,0,0,0,0,0,0,0,0,0,0,0.9534118,1,0.8659537,0,0,0,0,0,0,0,0,0,0,0,0,0,0
0,0,0,0,0,0,0,0,0,0,0,0,0,0,0,0.9225118,1,0.8994172,0.6972172,0,0,0,0,0,0,0,0,0,0,0,0,0,0,0,0,0,0,0,0,0,0,0,0,0,0,0,0,0,0,0.9128477,0.9517989,1,0,0,0,0,0,0,0,0,0,0,0,0,0,0,0,0,0,0,0,0,0,0,0,0,0,0,0,0,0.703528,0.9512827,1,0.884555,0,0,0,0,0,0,0,0,0,0,0,0,0,0,0,0,0,0,0,0,0,0,0,0,0,0,0,0,0,0,0.8662427,1,0.9673074,0.742865,0,0,0,0,0,0,0,0,0,0,0,0,0,0,0,0,0,0,0,0,0,0,0,0,0,0,0,0,0,0.6816117,0.9480773,1,0.898853,0,0,0,0,0,0,0,0,0,0,0,0,0,0
0,0,0,0,0,0,0,0,0,0,0,0,0,0,0,0.9346371,1,0.8938789,0,0,0,0,0,0,0,0,0,0,0,0,0,0,0,0,0,0,0,0,0,0,0,0,0,0,0,0,0,0,0,0.950879,1,0.9403092,0,0,0,0,0,0,0,0,0,0,0,0,0,0,0,0,0,0,0,0,0,0,0,0,0,0,0,0,0.7778516,0.9672844,1,0.874061,0,0,0,0,0,0,0,0,0,0,0,0,0,0,0,0,0,0,0,0,0,0,0,0,0,0,0,0,0,0,0.8857368,1,0.9506732,0.6867397,0,0,0,0,0,0,0,0,0,0,0,0,0,0,0,0,0,0,0,0,0,0,0,0,0,0,0,0,0,0.701364,0.9622393,1,0.8479435,0.7111931,0,0,0,0,0,0,0,0,0,0,0,0,0
0,0,0,0,0,0,0,0,0,0,0,0,0,0,0.7640845,0.9471037,1,0.8952916,0,0,0,0,0,0,0,0,0,0,0,0,0,0,0,0,0,0,0,0,0,0,0,0,0,0,0,0,0,0,0,1,0,0.9416615,0.9169595,0,0,0,0,0,0,0,0,0,0,0,0,0,0,0,0,0,0,0,0,0,0,0,0,0,0,0.7121617,0.7304893,0.9576381,1,0.8690913,0,0,0,0,0,0,0,0,0,0,0,0,0,0,0,0,0,0,0,0,0,0,0,0,0,0,0,0,0,0.781476,0.8414303,1,0.9639928,0.7418672,0,0,0,0,0,0,0,0,0,0,0,0,0,0,0,0,0,0,0,0,0,0,0,0,0,0,0,0,0,0.7377656,0.9669524,1,0.8431328,0.7691275,0.7605864,0,0,0,0,0,0,0,0,0,0,0,0
0,0,0,0,0,0,0,0,0,0,0,0,0,0.6948206,0.7153062,0.9268748,1,0.8677536,0.5456362,0,0,0,0,0,0,0,0,0,0,0,0,0,0,0,0,0,0,0,0,0,0,0,0,0,0,0,0,0.6829294,0.7114503,0.9919787,1,0.9084134,0.764434,0,0,0,0,0,0,0,0,0,0,0,0,0,0,0,0,0,0,0,0,0,0,0,0,0.5823277,0.6725486,0.6451049,0.5208604,0.9470027,1,0.8573686,0.6449041,0.6479943,0,0,0,0,0,0,0,0,0,0,0,0,0,0,0,0,0,0,0,0,0,0,0,0,0.5175118,0.5954044,0.6692486,0.7251762,0.835449,1,0.9584224,0.6505556,0.6522999,0.5675557,0,0,0,0,0,0,0,0,0,0,0,0,0,0,0,0,0,0,0,0,0,0,0,0,0.5894945,0.6495184,0.6731253,0.7290135,0.9810987,1,0.8637724,0.7380361,0.6749039,0,0,0,0,0,0,0,0,0,0,0,0
0,0,0,0,0,0,0,0,0,0.648044,0.6373636,0,0.6569923,0.6745055,0.7041879,0.9316553,1,0.8938344,0,0,0,0,0,0,0,0,0,0,0,0,0,0,0,0,0,0,0,0,0,0,0,0,0,0,0,0,0,0,0.8768646,1,0.9473143,0.8925614,0.8381099,0,0,0,0,0,0,0,0,0,0,0,0,0,0,0,0,0,0,0,0,0,0,0.5997658,0.6016126,0,0.6246457,0.597233,0.6804194,0.9539522,1,0.8778093,0.6159439,0,0,0,0,0,0,0,0,0,0,0,0,0,0,0,0,0,0,0,0,0,0,0,0.5992521,0.676432,0.7080783,0.6809723,0.6321802,0.6828443,0.8603663,1,0.960282,0.6841947,0.6668189,0.6206802,0,0,0,0,0,0,0,0,0,0,0,0,0,0,0,0,0,0,0,0,0,0,0.7027321,0.6802006,0.6857231,0.7504553,0.7022278,0.7738843,1,0.9809822,0,0.763802,0.7355978,0,0,0,0,0,0,0,0,0,0,0,0
