GestureName: rectangle
Duration(ms): 1410
Handedness: right

SpeakerAngles: 5
55
-55
0
0
110

SpeakerElevations: 5
-10
-10
-10
0
30

InterpretedPoints: 30
0.785436092398274,-9.29489445273746,0.0628335990023732
0.799616886873823,-5.9176752121651,0.715537243668512
0,-0.984807753012208,0.17364817766693
0,0,0
0,0,0
0.806707284111599,0.564862521463624,-0.17364817766693
0.813797681349374,2.70380186727398,0.5
0,5.95442325903662,-0.520944533000791
0,0,0
0,0,0
0,0,0
0,0,0
-1.6134145682232,2.11453279593946,-0.520944533000791
0.835068873062699,2.47941053951119,1.13175911166535
3.26228112263527,8.29774520272462,1.11081457866456
4.88278608809624,8.56640959146222,1.43716640099763
4.87569569085847,8.29774520272462,1.11081457866456
0.00709039723777505,6.36800493768926,-0.368240888334652
0,0,0
0,0,0
0,0,0
0,0,0
0,0,0
-0.792526489636049,-5.12687429294009,1.52094453300079
-4.04771721503354,-7.07180680496324,-0.131759111665348
-3.24810032815972,-8.87494922118888,0.0628335990023732
-2.42721224957257,-5.78795016923785,0.368240888334652
0,0,0
0,0,0
0,0,0

StrokePoints: 31
0,0,0
0.785436092398274,-9.29489445273746,0.0628335990023732
1.5850529792721,-15.2125696649026,0.778370842670886
1.5850529792721,-16.1973774179148,0.952019020337816
1.5850529792721,-16.1973774179148,0.952019020337816
1.5850529792721,-16.1973774179148,0.952019020337816
2.3917602633837,-15.6325148964511,0.778370842670886
3.20555794473307,-12.9287130291772,1.27837084267089
3.20555794473307,-6.97428977014054,0.757426309670095
3.20555794473307,-6.97428977014054,0.757426309670095
3.20555794473307,-6.97428977014054,0.757426309670095
3.20555794473307,-6.97428977014054,0.757426309670095
3.20555794473307,-6.97428977014054,0.757426309670095
1.59214337650987,-4.85975697420109,0.236481776669303
2.42721224957257,-2.3803464346899,1.36824088833465
5.68949337220784,5.91739876803473,2.47905546699921
10.5722794603041,14.483808359497,3.91622186799683
15.4479751511626,22.7815535622216,5.02703644666139
15.4550655484003,29.1495584999108,4.65879555832674
15.4550655484003,29.1495584999108,4.65879555832674
15.4550655484003,29.1495584999108,4.65879555832674
15.4550655484003,29.1495584999108,4.65879555832674
15.4550655484003,29.1495584999108,4.65879555832674
15.4550655484003,29.1495584999108,4.65879555832674
14.6625390587643,24.0226842069708,6.17974009132753
10.6148218437307,16.9508774020075,6.04798097966218
7.36672151557101,8.07592818081864,6.11081457866456
4.93950926599844,2.28797801158079,6.47905546699921
4.93950926599844,2.28797801158079,6.47905546699921
4.93950926599844,2.28797801158079,6.47905546699921
4.93950926599844,2.28797801158079,6.47905546699921

Velocities: 30
0,-4,-5
-1,-3,-3
0,0,-1
0,0,0
0,0,0
1,0,0
0,0,0
0,0,3
0,0,0
0,0,0
0,0,0
0,0,0
0,2,1
0,3,2
2,3,3
3,3,3
3,2,3
1,2,2
0,0,0
0,0,0
0,0,0
0,0,0
0,0,0
-2,1,-2
-3,0,-2
-3,-2,-4
-2,0,-3
0,0,0
0,0,0
0,0,0

InverseVelocities: 30
0,0,0
0,0,0
0,0,0
0,0,0
0,0,0
0,0,0
0,0,0
0,0,0
0,0,0
0,0,0
0,0,0
0,0,0
0,0,0
0,0,0
0,0,0
0,0,0
0,0,0
0,0,0
0,0,0
0,0,0
0,0,0
0,0,0
0,0,0
0,0,0
0,0,0
0,0,0
0,0,0
0,0,0
0,0,0
0,0,0

RawData: 30
0,0,0,0,0,0,0,0,0,0,0,0,0,0,0,0.9029211,1,0.9185807,0,0,0,0,0,0,0,0,0,0,0,0,0,0,0,0,0,0,0,0,0,0,0,0,0.9455734,1,0,0,0,0.8956898,0.9498221,0.9551328,0.9015478,0,0,0,0,0,0,0,0,0,0,0,0,0,0,0,0,0,0,0,0,0,0,0,0.6285264,0,0.6775092,0,0,0,0.7047844,0.9361079,1,0.9007948,0,0,0,0,0,0,0,0,0,0,0,0,0,0,0,0,0,0,0,0,0,0,0,0,0,0.6731777,0,0,0,0.735899,0.8744004,1,0.9757103,0.7033079,0,0,0,0,0,0,0,0,0,0,0,0,0,0,0,0,0,0,0,0,0,0,0,0,0.7143091,0.7002187,0,0,0.6982488,0.7567804,0.9476746,1,0.8743746,0,0,0,0,0,0,0,0,0,0,0,0,0,0
0,0,0,0,0,0,0,0,0,0,0,0,0.6265602,0.603423,0.6490761,0.8937222,1,0.9173355,0,0,0,0,0,0,0,0,0,0,0,0,0,0,0,0,0,0,0,0,0,0,0,0,0,0.7889185,0.830404,0.7872285,0.833197,0.865694,0.8078545,1,0.9580131,0,0,0,0,0,0,0,0,0,0,0,0,0,0,0,0,0,0,0,0,0,0,0,0,0,0.6184243,0.664895,0.6205862,0.6721708,0.619082,0.9284563,1,0.8979226,0,0,0,0,0,0,0,0,0,0,0,0,0,0,0,0,0,0,0,0,0,0,0,0,0,0,0,0.6474832,0.7105036,0.7700232,0.8448681,1,0.9853911,0.7521855,0,0,0,0,0,0,0,0,0,0,0,0,0,0,0,0,0,0,0,0,0,0,0,0,0,0,0.6510755,0.6691118,0.7139584,0.6781124,0.9543921,1,0.8452617,0,0,0,0,0,0,0,0,0,0,0,0,0,0
0,0,0,0,0,0,0,0,0,0,0,0,0,0,0,0.9176871,1,0.8967049,0,0,0,0,0,0,0,0,0,0,0,0,0,0,0,0,0,0,0,0,0,0,0,0,0,0,0,0,0,0.9032273,0.9303244,1,0.9993575,0.8057269,0,0,0,0,0,0,0,0,0,0,0,0,0,0,0,0,0,0,0,0,0,0,0,0,0,0,0.5781233,0.7123921,0.7470592,0.9351443,1,0.8847904,0.6048146,0,0,0,0,0,0,0,0,0,0,0,0,0,0,0,0,0,0,0,0,0,0,0,0,0,0,0,0.6415387,0.6806078,0.7260449,1,0.9890236,0.7595367,0,0,0,0,0,0,0,0,0,0,0,0,0,0,0,0,0,0,0,0,0,0,0,0,0,0,0,0,0.6535993,0.713834,0.9665402,1,0.8551102,0,0,0,0,0,0,0,0,0,0,0,0,0,0
0,0,0,0,0,0,0,0,0,0,0,0,0,0,0,0.9449159,1,0.9205702,0,0,0,0,0,0,0,0,0,0,0,0,0,0,0,0,0,0,0,0,0,0,0,0,0,0,0,0,0,0,0,1,0.9975697,0,0,0,0,0,0,0,0,0,0,0,0,0,0,0,0,0,0,0,0,0,0,0,0,0,0,0,0,0,0,0.9643587,1,0.9011599,0,0,0,0,0,0,0,0,0,0,0,0,0,0,0,0,0,0,0,0,0,0,0,0,0,0,0,0,0,0,0.8945825,1,0.9691969,0,0,0,0,0,0,0,0,0,0,0,0,0,0,0,0,0,0,0,0,0,0,0,0,0,0,0,0,0,0,0,0.9816343,1,0.8627684,0,0,0,0,0,0,0,0,0,0,0,0,0,0
0,0,0,0,0,0,0,0,0,0,0,0,0,0,0,0.9353527,1,0.8752501,0.7408726,0.667353,0,0,0,0,0,0,0,0,0,0,0,0,0,0,0,0,0,0,0,0,0,0,0,0,0,0,0,0,0.8663265,1,0.9551184,0,0,0,0,0,0,0,0,0,0,0,0,0,0,0,0,0,0,0,0,0,0,0,0,0,0,0,0,0,0.6899911,0.958531,1,0.8798244,0,0,0,0,0,0,0,0,0,0,0,0,0,0,0,0,0,0,0,0,0,0,0,0,0,0,0,0,0,0,0.87431,1,0.9515892,0,0,0,0,0,0,0,0,0,0,0,0,0,0,0,0,0,0,0,0,0,0,0,0,0,0,0,0,0,0,0.7325531,0.9764132,1,0.8411019,0.6620836,0,0,0,0,0,0,0,0,0,0,0,0,0
0,0,0,0,0,0,0,0,0,0,0,0,0,0,0,0.9301477,1,0.899061,0.6667193,0.705631,0.6835744,0,0,0,0,0,0,0,0,0,0,0,0,0,0,0,0,0,0,0,0,0,0,0,0,0,0,0,0.8406153,1,0.9552301,0.7763525,0.8311182,0,0,0,0,0,0,0,0,0,0,0,0,0,0,0,0,0,0,0,0,0,0,0,0,0,0,0,0.6576965,0.9580845,1,0.8761857,0.6378144,0,0,0,0,0,0,0,0,0,0,0,0,0,0,0,0,0,0,0,0,0,0,0,0,0,0,0,0,0,0.8712963,1,0.9503419,0,0,0,0,0,0,0,0,0,0,0,0,0,0,0,0,0,0,0,0,0,0,0,0,0,0,0,0,0,0,0.7418296,0.9730932,1,0.8333651,0.6685339,0,0,0,0,0,0,0,0,0,0,0,0,0
0,0,0,0,0,0,0,0,0,0,0,0,0,0,0,0.934141,1,0.9033824,0,0,0,0,0,0,0,0,0,0,0,0,0,0,0,0,0,0,0,0,0,0,0,0,0,0,0,0,0,0,0.8317891,1,0.9576576,0.8123937,0.8308398,0,0,0,0,0,0,0,0,0,0,0,0,0,0,0,0,0,0,0,0,0,0,0,0,0,0,0,0.7142652,0.9576395,1,0.8833725,0,0,0,0,0,0,0,0,0,0,0,0,0,0,0,0,0,0,0,0,0,0,0,0,0,0,0,0,0,0,0.887421,1,0.9510198,0,0,0,0.7154284,0.7288691,0,0,0,0,0,0,0,0,0,0,0,0,0,0,0,0,0,0,0,0,0,0,0,0,0,0.7457203,0.9774916,1,0.8019909,0.7743468,0.7311076,0,0,0,0,0,0,0,0,0,0,0,0
0,0,0,0,0,0,0,0,0,0,0,0,0,0,0,0.9208723,1,0.908651,0,0,0,0,0,0,0,0,0,0,0,0,0,0,0,0,0,0,0,0,0,0,0,0,0,0,0,0,0,0,0.8675126,1,0.9657894,0,0,0,0,0,0,0,0,0,0,0,0,0,0,0,0,0,0,0,0,0,0,0,0,0,0,0,0,0,0,0.9546278,1,0.8880542,0,0,0,0.6730952,0.6788732,0,0,0,0,0,0,0,0,0,0,0,0,0,0,0,0,0,0,0,0,0,0,0,0,0,0.8953121,1,0.9507232,0,0,0,0.7131519,0.7046223,0,0,0,0,0,0,0,0,0,0,0,0,0,0,0,0,0,0,0,0,0,0,0,0,0,0,0.9664024,1,0.8663807,0,0,0,0,0,0,0,0,0,0,0,0,0,0
0,0,0,0,0,0,0,0,0,0,0,0,0,0,0,0.9352754,1,0.9039013,0,0,0,0,0,0,0,0,0,0,0,0,0,0,0,0,0,0,0,0,0,0,0,0,0,0,0,0,0,0,0.8598213,1,0.9545397,0,0,0,0,0,0,0,0,0,0,0,0,0,0,0,0,0,0,0,0,0,0,0,0,0,0,0,0,0,0.6838511,0.9586557,1,0.8831954,0,0,0,0,0,0,0,0,0,0,0,0,0,0,0,0,0,0,0,0,0,0,0,0,0,0,0,0,0,0.7012714,0.8752979,1,0.9547989,0,0,0,0,0,0,0,0,0,0,0,0,0,0,0,0,0,0,0,0,0,0,0,0,0,0,0,0,0.763991,0.8174534,0,0.9757956,1,0.8506451,0,0,0,0,0,0,0,0,0,0,0,0,0,0
0,0,0,0,0,0,0,0,0,0,0,0,0,0,0,0.9364603,1,0.902094,0.7096585,0.7234538,0,0,0,0,0,0,0,0,0,0,0,0,0,0,0,0,0,0,0,0,0,0,0,0,0,0,0,0,0.8546626,1,0.973811,0,0,0,0,0,0,0,0,0,0,0,0,0,0,0,0,0,0,0,0,0,0,0,0,0,0,0,0,0,0.7038174,0.957909,1,0.8841242,0,0,0,0,0,0,0,0,0,0,0,0,0,0,0,0,0,0,0,0,0,0,0,0,0,0,0,0,0,0,0.8933057,1,0.9543056,0.6823851,0,0,0,0,0,0,0,0,0,0,0,0,0,0,0,0,0,0,0,0,0,0,0,0,0,0,0,0.7505034,0.8179657,0,0.9763966,1,0.8437837,0,0,0,0,0,0,0,0,0,0,0,0,0,0
0,0,0,0,0,0,0,0,0,0,0,0,0,0,0.649285,0.9339581,1,0.8823385,0.6012909,0,0,0,0,0,0,0,0,0,0,0,0,0,0,0,0,0,0,0,0,0,0,0,0,0,0,0,0,0,0.867007,1,0.9529719,0,0,0,0,0,0,0,0,0,0,0,0,0,0,0,0,0,0,0,0,0,0,0,0,0,0,0,0,0,0.6461016,0.9519555,1,0.8732518,0.5649999,0,0,0,0,0,0,0,0,0,0,0,0,0,0,0,0,0,0,0,0,0,0,0,0,0,0,0,0,0,0.8732909,1,0.9458944,0,0,0,0,0,0,0,0,0,0,0,0,0,0,0,0,0,0,0,0,0,0,0,0,0,0,0,0,0,0.6630249,0.7386407,0.9720159,1,0.7989783,0,0,0,0,0,0,0,0,0,0,0,0,0,0
0,0,0,0,0,0,0,0,0,0,0,0,0,0,0,0.93629,1,0.9028793,0.7620649,0,0,0,0,0,0,0,0,0,0,0,0,0,0,0,0,0,0,0,0,0,0,0,0,0,0,0,0,0,0.8195118,1,0.9799494,0.8286339,0.8062142,0,0,0,0,0,0,0,0,0,0,0,0,0,0,0,0,0,0,0,0,0,0,0,0,0,0,0,0.6823756,0.9587283,1,0.8858051,0,0,0,0,0,0,0,0,0,0,0,0,0,0,0,0,0,0,0,0,0,0,0,0,0,0,0,0,0,0,0.8843165,1,0.9519439,0,0,0,0,0,0,0,0,0,0,0,0,0,0,0,0,0,0,0,0,0,0,0,0,0,0,0,0,0,0,0,0.9612774,1,0.8729097,0,0,0,0,0,0,0,0,0,0,0,0,0,0
0,0,0,0,0,0,0,0,0,0,0,0,0,0,0,0.9309,1,0.8889931,0.7882342,0.7049401,0,0,0,0,0,0,0,0,0,0,0,0,0,0,0,0,0,0,0,0,0,0,0,0,0,0,0,0,0.8276413,1,0.9567204,0.7968728,0.8655913,0.7952119,0.7412502,0,0,0,0,0,0,0,0,0,0,0,0,0,0,0,0,0,0,0,0,0,0,0,0,0,0.6538134,0.9545934,1,0.8778567,0.6173114,0.611519,0.652039,0,0,0,0,0,0,0,0,0,0,0,0,0,0,0,0,0,0,0,0,0,0,0,0,0,0,0,0.871433,1,0.9614061,0.7068211,0,0,0,0,0,0,0,0,0,0,0,0,0,0,0,0,0,0,0,0,0,0,0,0,0,0,0,0,0,0,1,0.9632967,0.8838434,0.7636951,0,0,0,0,0,0,0,0,0,0,0,0,0
0,0,0,0,0,0,0,0,0,0,0,0,0,0,0,0.931677,1,0.8977061,0.6868716,0.7331362,0,0,0,0,0,0,0,0,0,0,0,0,0,0,0,0,0,0,0,0,0,0,0,0,0,0,0,0,0.8090363,1,0.9934922,0.879989,0.7864251,0.8415899,0.904933,0.8019125,0,0,0,0,0,0,0,0,0,0,0,0,0,0,0,0,0,0,0,0,0,0,0,0,0.666007,0.955044,1,0.8860182,0.7044197,0.6919026,0.6352736,0.6777113,0,0,0,0,0,0,0,0,0,0,0,0,0,0,0,0,0,0,0,0,0,0,0,0,0,0,0.8764787,1,0.9540781,0.6392233,0,0,0,0,0,0,0,0,0,0,0,0,0,0,0,0,0,0,0,0,0,0,0,0,0,0,0,0,0,0,0.9494672,1,0.8874419,0.7883307,0.7856182,0.7817432,0.7775533,0.7479709,0,0,0,0,0,0,0,0,0
0,0,0,0,0,0,0,0,0,0,0,0,0,0,0,0.9347394,1,0.8991022,0,0.7492047,0.8080994,0.7606479,0,0,0,0,0,0,0,0,0,0,0,0,0,0,0,0,0,0,0,0,0,0,0,0,0,0,0.8434745,1,0.9618375,0.818327,0.8205714,0.8941548,0.9369118,0.8903403,0,0,0,0,0,0,0,0,0,0,0,0,0,0,0,0,0,0,0,0,0,0,0,0,0.675634,0.9594744,1,0.8729135,0.6936404,0,0,0.7000309,0.6877378,0,0,0,0,0,0,0,0,0,0,0,0,0,0,0,0,0,0,0,0,0,0,0,0,0,0.8806337,1,0.9587112,0.7353444,0.6927428,0.6600326,0,0.7090112,0.6579364,0,0,0,0,0,0,0,0,0,0,0,0,0,0,0,0,0,0,0,0,0,0,0,0,0,0.9590968,1,0.8698391,0.8584073,0,0.7894685,0.8668674,0.8884267,0.8041177,0,0,0,0,0,0,0,0
0,0,0,0,0,0,0,0,0,0,0,0,0,0,0,0.9222853,1,0.88031,0.669845,0.7153865,0.7851434,0.6983709,0.6730229,0,0,0,0,0,0,0,0,0,0,0,0,0,0,0,0,0,0,0,0,0,0,0,0,0,0.81048,1,0.9798925,0.7582183,0.7475577,0,0.7827728,0.7921293,0,0,0,0,0,0,0,0,0,0,0,0,0,0,0,0,0,0,0,0,0,0,0,0,0.6919413,0.9501947,1,0.8743421,0,0.6520442,0.7283191,0.7525025,0.6669012,0,0,0,0,0,0,0,0,0,0,0,0,0,0,0,0,0,0,0,0,0,0,0,0,0,0.8591483,1,0.9452725,0.7011009,0.7189869,0.7477814,0.7784201,0.7627383,0.6366318,0,0,0,0,0,0,0,0,0,0,0,0,0,0,0,0,0,0,0,0,0,0,0,0,0,0.9347744,1,0.8736443,0.7034019,0.6816535,0.7538821,0.805967,0.7193304,0.7684616,0.6639883,0,0,0,0,0,0,0
0,0,0,0,0,0,0,0,0,0,0,0,0,0,0,0.9036969,1,0.9085718,0.6716478,0.6379732,0.6639743,0.7002476,0.6354339,0,0,0,0,0,0,0,0,0,0,0,0,0,0,0,0,0,0,0,0,0,0,0,0,0,0.7743271,1,0.9928986,0.7517496,0,0.8176618,0.8395067,0,0,0,0,0,0,0,0,0,0,0,0,0,0,0,0,0,0,0,0,0,0,0,0,0,0,0.9272447,1,0.8943267,0.5502157,0.6439233,0.5689868,0.6600874,0.5973111,0,0,0,0,0,0,0,0,0,0,0,0,0,0,0,0,0,0,0,0,0,0,0,0,0,0.837218,1,0.977097,0.7633913,0.6145456,0.687613,0.7723692,0.6694741,0.5869282,0,0,0,0,0,0,0,0,0,0,0,0,0,0,0,0,0,0,0,0,0,0,0,0,0,0.9260957,1,0.8200842,0.8049439,0.6677348,0.7396631,0.7005795,0.7597893,0.7244887,0,0,0,0,0,0,0,0
0,0,0,0,0,0,0,0,0,0,0,0,0,0,0,0.9088126,1,0.9235208,0.7392839,0.7708334,0.708095,0,0,0,0,0,0,0,0,0,0,0,0,0,0,0,0,0,0,0,0,0,0,0,0,0,0,0,0,0.9682571,1,0.8672477,0.8571721,0.7734886,0.7475592,0,0,0,0,0,0,0,0,0,0,0,0,0,0,0,0,0,0,0,0,0,0,0,0,0,0,0.933465,1,0.890902,0.7392829,0.7637682,0.7259179,0.6274835,0,0,0,0,0,0,0,0,0,0,0,0,0,0,0,0,0,0,0,0,0,0,0,0,0,0,0.845903,1,0.9731289,0.7952732,0.800437,0.8000391,0.7735456,0.6607876,0,0,0,0,0,0,0,0,0,0,0,0,0,0,0,0,0,0,0,0,0,0,0,0,0,0,0.9555027,1,0.7967643,0.7862415,0.7825009,0,0,0,0,0,0,0,0,0,0,0,0
0,0,0,0,0,0,0,0,0,0,0,0,0,0,0,0.9119092,1,0.9435001,0.8145328,0.7135454,0,0,0,0,0,0,0,0,0,0,0,0,0,0,0,0,0,0,0,0,0,0,0,0,0,0,0,0,0,0.958917,0.9065217,1,0.9103818,0,0,0,0,0,0,0,0,0,0,0,0,0,0,0,0,0,0,0,0,0,0,0,0,0,0,0,0,0.9343889,1,0.9132265,0,0.7063048,0,0,0,0,0,0,0,0,0,0,0,0,0,0,0,0,0,0,0,0,0,0,0,0,0,0,0,0,0.8672621,1,0.9696503,0.7873107,0.7485449,0,0,0,0,0,0,0,0,0,0,0,0,0,0,0,0,0,0,0,0,0,0,0,0,0,0,0,0,0,0.9330208,1,0.9369512,0.8230602,0,0,0,0,0,0,0,0,0,0,0,0,0
0,0,0,0,0,0,0,0,0,0,0,0,0,0,0.6069078,0.8892019,1,0.9026349,0.5936613,0,0,0,0,0,0,0,0,0,0,0,0,0,0,0,0,0,0,0,0,0,0,0,0,0,0,0,0,0,0.7193525,0.9701719,1,0.7799001,0,0,0,0,0,0,0,0,0,0,0,0,0,0,0,0,0,0,0,0,0,0,0,0,0,0,0,0,0,0.9209709,1,0.9131111,0.6565626,0,0,0,0,0,0,0,0,0,0,0,0,0,0,0,0,0,0,0,0,0,0,0,0,0,0,0,0,0.571584,0.8439451,1,0.962817,0.7333365,0.5723926,0,0,0,0,0,0,0,0,0,0,0,0,0,0,0,0,0,0,0,0,0,0,0,0,0,0,0,0,0.7825485,0.9591207,0.9179066,1,0.8330261,0,0,0,0,0,0,0,0,0,0,0,0,0
0,0,0,0,0,0,0,0,0,0,0,0,0,0,0.7036344,0.9218619,1,0.9151331,0,0,0,0,0,0,0,0,0,0,0,0,0,0,0,0,0,0,0,0,0,0,0,0,0,0,0,0,0,0,0,0.9243701,1,0.9485497,0.7599428,0,0,0,0,0,0,0,0,0,0,0,0,0,0,0,0,0,0,0,0,0,0,0,0,0,0,0,0.708364,0.9293539,1,0.8788928,0.6816146,0,0,0,0,0,0,0,0,0,0,0,0,0,0,0,0,0,0,0,0,0,0,0,0,0,0,0,0,0.7084588,0.7660381,1,0.9974688,0.7970735,0,0,0,0,0,0,0,0,0,0,0,0,0,0,0,0,0,0,0,0,0,0,0,0,0,0,0,0,0,0.8318182,0.8894209,1,0.9512301,0,0,0,0,0,0,0,0,0,0,0,0,0,0
0,0,0,0,0,0,0,0,0,0,0,0,0,0.6858073,0.7435439,0.9170951,1,0.9290526,0.6550932,0,0,0,0,0,0,0,0,0,0,0,0,0,0,0,0,0,0,0,0,0,0,0,0,0,0,0,0,0,0,0.9774345,0.9693667,1,0.863779,0,0,0,0,0,0,0,0,0,0,0,0,0,0,0,0,0,0,0,0,0,0,0,0,0,0,0.6894119,0.8134096,0.9502293,1,0.8951091,0.7106368,0,0,0,0,0,0,0,0,0,0,0,0,0,0,0,0,0,0,0,0,0,0,0,0,0,0,0,0,0.7653234,0.8867921,1,0.9819101,0.8181247,0.6671149,0,0,0,0,0,0,0,0,0,0,0,0,0,0,0,0,0,0,0,0,0,0,0,0,0,0,0,0,0.6825089,0.9303769,1,0.9117677,0.6911678,0,0,0,0,0,0,0,0,0,0,0,0,0
0,0,0,0,0,0,0,0,0,0,0,0,0,0,0,0.9117475,1,0.9051692,0,0,0,0,0,0,0,0,0,0,0,0,0,0,0,0,0,0,0,0,0,0,0,0,0,0,0,0,0,0,0,0.9977728,1,0.9111347,0,0,0,0,0,0,0,0,0,0,0,0,0,0,0,0,0,0,0,0,0,0,0,0,0,0,0,0.7616008,0.7560373,0.9298713,1,0.9111193,0,0,0,0,0,0,0,0,0,0,0,0,0,0,0,0,0,0,0,0,0,0,0,0,0,0,0,0,0.7545858,0.7973592,0.8606431,1,0.9803055,0.7757834,0,0,0,0,0,0,0,0,0,0,0,0,0,0,0,0,0,0,0,0,0,0,0,0,0,0,0,0,0,0.7544516,0.9637347,1,0.8583493,0.7910462,0,0,0,0,0,0,0,0,0,0,0,0,0
0,0,0,0,0,0,0,0,0,0,0,0.7031861,0.8220788,0.8521671,0.8017286,0.8975016,1,0.9158424,0.6697223,0,0,0,0,0,0,0,0,0,0,0,0,0,0,0,0,0,0,0,0,0,0,0,0,0,0,0,0.8141842,0.8408023,0,0.9466515,1,0.8222165,0.9067325,0.8023611,0,0,0,0,0,0,0,0,0,0,0,0,0,0,0,0,0,0,0,0,0,0,0,0.6438949,0.7287422,0.7460102,0.5802606,0.9256355,1,0.9167218,0.6891844,0.6052238,0,0,0,0,0,0,0,0,0,0,0,0,0,0,0,0,0,0,0,0,0,0,0,0,0.7836295,0.8659643,0.8950517,0.8271027,0.7894045,1,0.9793884,0.7619188,0.7283918,0.6653846,0,0,0,0,0,0,0,0,0,0,0,0,0,0,0,0,0,0,0,0,0,0,0,0.6391261,0.7435814,0.7898571,0.7518569,0.6434385,0.9423746,1,0.7996321,0.820786,0.7684068,0.6679005,0,0,0,0,0,0,0,0,0,0,0
0,0,0,0,0,0,0,0,0,0,0.6689551,0.709465,0,0.7630373,0,0.9079481,1,0.9129681,0,0,0,0,0,0,0,0,0,0,0,0,0,0,0,0,0,0,0,0,0,0,0,0,0,0,0,0,0,0.7826373,0.9011986,1,0.9108561,0.8799635,0.7963262,0,0,0,0,0,0,0,0,0,0,0,0,0,0,0,0,0,0,0,0,0,0,0,0,0.7024424,0.7349932,0.6466597,0.6209202,0.9385228,1,0.892223,0,0,0,0,0,0,0,0,0,0,0,0,0,0,0,0,0,0,0,0,0,0,0,0,0.6539026,0.7634288,0.6735669,0.8036688,0.7768501,0.7386225,0.8183134,1,0.978935,0.779471,0,0,0,0,0,0,0,0,0,0,0,0,0,0,0,0,0,0,0,0,0,0,0,0,0,0.6804558,0.720111,0.7479215,0,0.6905134,0.9509513,1,0.8750709,0,0,0,0,0,0,0,0,0,0,0,0,0,0
0,0,0,0,0,0,0,0,0,0,0.6102815,0.6833194,0.7368948,0.6081285,0.7196423,0.9153372,1,0.8784649,0,0,0,0,0,0,0,0,0,0,0,0,0,0,0,0,0,0,0,0,0,0,0,0,0,0,0.6705498,0.685623,0.6810134,0.6498885,0.797839,1,0.9798395,0.6853926,0,0,0,0,0,0,0,0,0,0,0,0,0,0,0,0,0,0,0,0,0,0,0,0.5708889,0.668672,0.6690069,0.6089269,0.5805642,0.6745526,0.9464159,1,0.8722655,0.5538535,0,0,0,0,0,0,0,0,0,0,0,0,0,0,0,0,0,0,0,0,0,0,0,0,0.7094654,0.7212177,0.6830621,0.7340196,0,0.8842152,1,0.9350467,0.6550953,0,0,0,0,0,0,0,0,0,0,0,0,0,0,0,0,0,0,0,0,0,0,0,0,0.6012092,0.706278,0.6173632,0.6752528,0,0,0.9586578,1,0.8034092,0.7016762,0,0,0,0,0,0,0,0,0,0,0,0,0
0,0,0,0,0,0,0,0,0,0,0,0.6146227,0.6983908,0.7150714,0.592169,0.9274021,1,0.8952426,0,0,0,0,0,0,0,0,0,0,0,0,0,0,0,0,0,0,0,0,0,0,0,0,0,0,0,0,0,0.7147275,0.7987759,1,0.9733039,0.7756799,0,0,0,0,0,0,0,0,0,0,0,0,0,0,0,0,0,0,0,0,0,0,0,0,0.5676128,0.636225,0.6836279,0.6586653,0.6103551,0.9514982,1,0.8615107,0,0,0,0,0,0,0,0,0,0,0,0,0,0,0,0,0,0,0,0,0,0,0,0,0,0,0.6479942,0.7443328,0.7809349,0.7670223,0.8269784,1,0.9509135,0.6459421,0,0,0,0,0,0,0,0,0,0,0,0,0,0,0,0,0,0,0,0,0,0,0,0,0,0,0.7280006,0.7598657,0.7086185,0.8344568,1,0.985122,0.7120414,0,0,0,0,0,0,0,0,0,0,0,0,0,0
0,0,0,0,0,0,0,0,0,0,0,0,0,0,0,0.9232162,1,0.9196285,0,0,0,0,0,0,0,0,0,0,0,0,0,0,0,0,0,0,0,0,0,0,0,0,0,0,0,0,0,0,0.890937,1,0.9467441,0,0,0,0,0,0,0,0,0,0,0,0,0,0,0,0,0,0,0,0,0,0,0,0,0,0,0,0,0,0,0.9620754,1,0.8939579,0,0,0,0,0,0,0,0,0,0,0,0,0,0,0,0,0,0,0,0,0,0,0,0,0,0,0,0,0,0,0.899402,1,0.9556262,0,0,0,0,0,0,0,0,0,0,0,0,0,0,0,0,0,0,0,0,0,0,0,0,0,0,0,0,0,0,0,0.9600654,1,0.8819245,0,0,0,0,0,0,0,0,0,0,0,0,0,0
0,0,0,0,0,0,0,0,0,0,0,0,0,0,0,0.9317001,1,0.8774887,0.5885949,0,0,0,0,0,0,0,0,0,0,0,0,0,0,0,0,0,0,0,0,0,0,0,0,0,0,0,0,0,0.7480581,0.9992976,1,0.7733251,0,0,0,0,0,0,0,0,0,0,0,0,0,0,0,0,0,0,0,0,0,0,0,0,0,0,0,0,0.6421795,0.9509721,1,0.8784415,0,0,0,0,0,0,0,0,0,0,0,0,0,0,0,0,0,0,0,0,0,0,0,0,0,0,0,0,0,0,0.8584322,1,0.9475387,0,0,0,0,0,0,0,0,0,0,0,0,0,0,0,0,0,0,0,0,0,0,0,0,0,0,0,0,0,0,0.6629776,0.96838,1,0.8068852,0,0,0,0,0,0,0,0,0,0,0,0,0,0
0,0,0,0,0,0,0,0,0,0,0,0,0,0,0,0.933301,1,0.9046763,0,0,0,0,0,0,0,0,0,0,0,0,0,0,0,0,0,0,0,0,0,0,0,0,0,0,0,0,0,0,0,0.9957498,1,0.8084693,0,0,0,0,0,0,0,0,0,0,0,0,0,0,0,0,0,0,0,0,0,0,0,0,0,0,0,0,0.6506159,0.9585397,1,0.8712387,0,0,0,0,0,0,0,0,0,0,0,0,0,0,0,0,0,0,0,0,0,0,0,0,0,0,0,0,0,0,0.8730611,1,0.9669508,0.7565892,0,0,0,0,0,0,0,0,0,0,0,0,0,0,0,0,0,0,0,0,0,0,0,0,0,0,0,0,0,0.779605,0.9960644,1,0.8097894,0,0,0,0,0,0,0,0,0,0,0,0,0,0
