GestureName: star
Duration(ms): 1410
Handedness: right

SpeakerAngles: 5
55
-55
0
0
110

SpeakerElevations: 5
-10
-10
-10
0
30

InterpretedPoints: 30
0.0212711917133253,6.77560867223722,0.631759111665348
0,0,0
4.85442449914514,13.5910925854635,-0.562833599002373
0,0,0
0,0,0
0,0,0
0,0,0
0,0,0
0,-1,0
-0.792526489636049,-2.15725878691567,1.17364817766693
0.00709039723777505,-0.861060654189648,0.67364817766693
-1.6134145682232,-1.12972504292725,0.347296355333861
-1.62759536269875,-5.36202699358458,-0.479055466999209
0,0,0
0,0,0
0,0,0
0,0,0
0,1,0
1.62050496546097,-2.84586840720186,0.847296355333861
-0.820888078587149,-3.94208176203599,-0.479055466999209
-0.0141807944755501,-2.50694428349962,-0.305407289332279
3.2268291364464,-6.21387334489112,1.21553724366851
-0.0283615889511002,-8.01388856699923,-0.610814578664557
-0.0212711917133253,-4.76041642524942,-0.458110933998418
0,0,0
0,0,0
0,0,0
0,0,0
0,0,0
0,0,0

StrokePoints: 31
0,0,0
0.0212711917133253,6.77560867223722,0.631759111665348
0.0212711917133253,6.77560867223722,0.631759111665348
4.87569569085847,20.3667012577007,0.068925512662975
4.87569569085847,20.3667012577007,0.068925512662975
4.87569569085847,20.3667012577007,0.068925512662975
4.87569569085847,20.3667012577007,0.068925512662975
4.87569569085847,20.3667012577007,0.068925512662975
4.87569569085847,20.3667012577007,0.068925512662975
4.87569569085847,19.3667012577007,0.068925512662975
4.08316920122242,17.209442470785,1.24257369032991
4.09025959846019,16.3483818165954,1.91622186799684
2.476845030237,15.2186567736681,2.2635182233307
0.849249667538249,9.85662978008356,1.78446275633149
0.849249667538249,9.85662978008356,1.78446275633149
0.849249667538249,9.85662978008356,1.78446275633149
0.849249667538249,9.85662978008356,1.78446275633149
0.849249667538249,9.85662978008356,1.78446275633149
0.849249667538249,10.8566297800836,1.78446275633149
2.46975463299922,8.0107613728817,2.63175911166535
1.64886655441207,4.06867961084571,2.15270364466614
1.63468575993652,1.5617353273461,1.84729635533386
4.86151489638292,-4.65213801754502,3.06283359900237
4.83315330743182,-12.6660265845443,2.45201902033782
4.81188211571849,-17.4264430097937,1.9939080863394
4.81188211571849,-17.4264430097937,1.9939080863394
4.81188211571849,-17.4264430097937,1.9939080863394
4.81188211571849,-17.4264430097937,1.9939080863394
4.81188211571849,-17.4264430097937,1.9939080863394
4.81188211571849,-17.4264430097937,1.9939080863394
4.81188211571849,-17.4264430097937,1.9939080863394

Velocities: 30
0,3,2
0,0,0
4,0,5
0,0,0
0,0,0
0,0,0
0,0,0
0,0,0
0,0,0
-2,1,0
-1,0,0
-2,0,0
0,0,-3
0,0,0
0,0,0
0,0,0
0,0,0
0,0,0
0,-1,-1
0,-1,-2
0,-2,-2
0,-4,-3
0,-4,-4
0,-3,-3
0,0,0
0,0,0
0,0,0
0,0,0
0,0,0
0,0,0

InverseVelocities: 30
0,0,0
0,0,0
0,0,0
0,0,0
0,0,0
0,0,0
0,0,0
0,0,0
0,0,0
0,0,0
0,0,0
0,0,0
0,0,0
0,0,0
0,0,0
0,0,0
0,0,0
0,0,0
0,0,0
0,0,0
0,0,0
0,0,0
0,0,0
0,0,0
0,0,0
0,0,0
0,0,0
0,0,0
0,0,0
0,0,0

RawData: 30
0,0,0,0,0,0,0,0,0,0,0,0,0,0,0,0.8981561,1,0.9125192,0.6215476,0,0,0,0,0,0,0,0,0,0,0,0,0,0,0,0,0,0,0,0,0,0,0,0,0,0,0,0,0.7081119,0.7763404,1,0.9863307,0,0,0.7085382,0.8397175,0.7370755,0,0,0,0,0,0,0,0,0,0,0,0,0,0,0,0,0,0,0,0,0,0,0,0,0,0.9281159,1,0.8974818,0.5822656,0.5990756,0.6419302,0.5801638,0,0,0,0,0,0,0,0,0,0,0,0,0,0,0,0,0,0,0,0,0,0,0,0,0,0,0.8032131,1,0.9816043,0.7753435,0.6555502,0,0,0.6322235,0.6476894,0,0,0,0,0,0,0,0,0,0,0,0,0,0,0,0,0,0,0,0,0,0,0,0,0.6734592,0.9523873,1,0.8543309,0.6420589,0.6444367,0.6715457,0.6670559,0,0,0,0,0,0,0,0,0,0
0,0,0,0,0,0,0,0,0,0,0,0,0,0,0,0.9257113,1,0.9213996,0,0,0,0,0,0,0,0,0,0,0,0,0,0,0,0,0,0,0,0,0,0,0,0,0,0,0,0,0,0,0,1,0.9819932,0,0,0,0,0,0,0,0,0,0,0,0,0,0,0,0,0,0,0,0,0,0,0,0,0,0,0,0,0,0,0.9478007,1,0.9035364,0,0,0,0,0,0,0,0,0,0,0,0,0,0,0,0,0,0,0,0,0,0,0,0,0,0,0,0,0,0,0.8628427,1,0.9751148,0.7897637,0,0,0,0,0,0,0,0,0,0,0,0,0,0,0,0,0,0,0,0,0,0,0,0,0,0,0,0,0,0.7537289,0.9678212,1,0.8693792,0,0,0,0,0,0,0,0,0,0,0,0,0,0
0,0,0,0,0,0,0,0,0,0,0,0,0,0,0,0.9111651,1,0.8832396,0.5763986,0.561343,0,0.575448,0.6535766,0.6501185,0,0,0,0,0,0,0,0,0,0,0,0,0,0,0,0,0,0,0,0,0,0,0,0,0.7782453,1,0.9617407,0,0,0,0,0,0,0,0,0,0,0,0,0,0,0,0,0,0,0,0,0,0,0,0,0,0,0,0,0,0.5894529,0.9465501,1,0.8561639,0,0,0,0.5892081,0.5576167,0.6050941,0.5631163,0,0,0,0,0,0,0,0,0,0,0,0,0,0,0,0,0,0,0,0,0,0.6001683,0.6372137,0.8582363,1,0.9469451,0.631987,0,0,0.5786567,0.6420642,0.5617007,0.6511841,0.6173645,0.58634,0,0,0,0,0,0,0,0,0,0,0,0,0,0,0,0,0,0,0,0.5546701,0.6008516,0.7580507,0.9883472,1,0.8088588,0.6689026,0.6948853,0.6418727,0,0,0,0,0,0,0,0,0,0,0
0,0,0,0,0,0,0,0,0,0,0,0,0,0,0,0.9332203,1,0.9290061,0,0,0,0,0,0,0,0,0,0,0,0,0,0,0,0,0,0,0,0,0,0,0,0,0,0,0,0,0,0,0,1,0.969002,0,0,0,0,0,0,0,0,0,0,0,0,0,0,0,0,0,0,0,0,0,0,0,0,0,0,0,0,0,0,0.9613737,1,0.9042526,0,0,0,0,0,0,0,0,0,0,0,0,0,0,0,0,0,0,0,0,0,0,0,0,0,0,0,0,0,0,0.9057642,1,0.9589546,0,0,0,0,0,0,0,0,0,0,0,0,0,0,0,0,0,0,0,0,0,0,0,0,0,0,0,0,0,0,0,0.9770277,1,0.8841347,0,0,0,0,0,0,0,0,0,0,0,0,0,0
0,0,0,0,0,0,0,0,0,0,0,0,0,0,0,0.9419134,1,0.9116431,0.8178147,0,0,0,0,0,0,0,0,0,0,0,0,0,0,0,0,0,0,0,0,0,0,0,0,0,0,0,0,0,0,0.9982412,1,0.8662133,0,0,0,0,0,0,0,0,0,0,0,0,0,0,0,0,0,0,0,0,0,0,0,0,0,0,0,0,0,0.9610021,1,0.8781106,0.7941867,0.797032,0,0,0,0,0,0,0,0,0,0,0,0,0,0,0,0,0,0,0,0,0,0,0,0,0,0,0,0,0.9021779,1,0.9534343,0,0,0,0,0,0,0,0,0,0,0,0,0,0,0,0,0,0,0,0,0,0,0,0,0,0,0,0,0,0,0.7938805,0.9782433,1,0.8765026,0,0,0,0,0,0,0,0,0,0,0,0,0,0
0,0,0,0,0,0,0,0,0,0,0,0,0,0,0,0.9401681,1,0.8514358,0.7362129,0,0,0,0,0,0,0,0,0,0,0,0,0,0,0,0,0,0,0,0,0,0,0,0,0,0,0,0,0,0.8462842,1,0.9847792,0.807747,0,0,0,0,0,0,0,0,0,0,0,0,0,0,0,0,0,0,0,0,0,0,0,0,0,0,0,0,0.6639509,0.9551054,1,0.8596832,0.6831133,0,0,0,0,0,0,0,0,0,0,0,0,0,0,0,0,0,0,0,0,0,0,0,0,0,0,0,0,0,0.8792375,1,0.9417446,0,0,0,0,0,0,0,0,0,0,0,0,0,0,0,0,0,0,0,0,0,0,0,0,0,0,0,0,0,0,0.6596603,0.9529884,1,0.8826477,0,0,0,0,0,0,0,0,0,0,0,0,0,0
0,0,0,0,0,0,0,0,0,0,0,0,0,0,0,0.9207737,1,0.9081665,0,0,0,0,0,0,0,0,0,0,0,0,0,0,0,0,0,0,0,0,0,0,0,0,0,0,0,0,0,0,0,1,0.928472,0,0,0,0,0,0,0,0,0,0,0,0,0,0,0,0,0,0,0,0,0,0,0,0,0,0,0,0,0,0,0.9515391,1,0.880446,0,0,0,0,0,0,0,0,0,0,0,0,0,0,0,0,0,0,0,0,0,0,0,0,0,0,0,0,0,0,0.9000778,1,0.9509443,0,0,0,0,0,0,0,0,0,0,0,0,0,0,0,0,0,0,0,0,0,0,0,0,0,0,0,0,0,0,0,0.9621931,1,0.8517985,0,0,0,0,0,0,0,0,0,0,0,0,0,0
0,0,0,0,0,0,0,0,0,0,0,0,0,0,0,0.9319792,1,0.8720694,0,0,0,0,0,0,0,0,0,0,0,0,0,0,0,0,0,0,0,0,0,0,0,0,0,0,0,0,0,0,0.7692477,1,0.9786909,0.7622274,0,0,0,0,0,0,0,0,0,0,0,0,0,0,0,0,0,0,0,0,0,0,0,0,0,0,0,0,0.7124184,0.9533284,1,0.8780934,0.6201673,0,0,0,0,0,0,0,0,0,0,0,0,0,0,0,0,0,0,0,0,0,0,0,0,0,0,0,0,0,0.8254222,1,0.9437853,0.6935604,0,0,0,0,0,0,0,0,0,0,0,0,0,0,0,0,0,0,0,0,0,0,0,0,0,0,0,0,0,0.6786876,0.9600809,1,0.8559625,0.6871384,0,0,0,0,0,0,0,0,0,0,0,0,0
0,0,0,0,0,0,0,0,0,0,0,0,0,0.7353088,0.7702672,0.940364,1,0.9049298,0,0,0,0,0,0,0,0,0,0,0,0,0,0,0,0,0,0,0,0,0,0,0,0,0,0,0,0,0,0,0,1,0.9989043,0.8880144,0.8448477,0,0,0,0,0,0,0,0,0,0,0,0,0,0,0,0,0,0,0,0,0,0,0,0,0,0,0.7125314,0.7666173,0.9583833,1,0.8826032,0.7022312,0,0,0,0,0,0,0,0,0,0,0,0,0,0,0,0,0,0,0,0,0,0,0,0,0,0,0.738519,0.731841,0.7268078,0.9002682,1,0.9498519,0.7574518,0,0,0,0,0,0,0,0,0,0,0,0,0,0,0,0,0,0,0,0,0,0,0,0,0,0,0,0,0,0.7420666,0.9648864,1,0.8762738,0,0,0,0,0,0,0,0,0,0,0,0,0,0
0,0,0,0,0,0,0,0,0,0,0,0.6850306,0.7264807,0,0.6437877,0.9236262,1,0.8809581,0.6656361,0,0,0,0,0,0,0,0,0,0,0,0,0,0,0,0,0,0,0,0,0,0,0,0,0,0,0,0,0,0.8006099,1,0.9905635,0.877115,0.8729758,0.77815,0,0,0,0,0,0,0,0,0,0,0,0,0,0,0,0,0,0,0,0,0,0,0,0,0,0,0.6987639,0.9511776,1,0.8721284,0.6635574,0,0,0,0,0,0,0,0,0,0,0,0,0,0,0,0,0,0,0,0,0,0,0,0,0,0,0.6884716,0.7209691,0.6828035,0.8617157,1,0.9535298,0.7342794,0,0,0,0,0,0,0,0,0,0,0,0,0,0,0,0,0,0,0,0,0,0,0,0,0,0,0,0,0.6644484,0.7179649,0.9711692,1,0.8304874,0,0.6936776,0.6501701,0,0,0,0,0,0,0,0,0,0,0
0,0,0,0,0,0,0,0,0,0,0,0,0.7496502,0,0,0.9427239,1,0.9099153,0,0,0,0,0,0,0,0,0,0,0,0,0,0,0,0,0,0,0,0,0,0,0,0,0,0,0,0,0,0,0,1,0.9873189,0.8480732,0,0,0,0,0,0,0,0,0,0,0,0,0,0,0,0,0,0,0,0,0,0,0,0,0,0,0,0,0,0.956182,1,0.8908909,0.7271455,0,0,0,0,0,0,0,0,0,0,0,0,0,0,0,0,0,0,0,0,0,0,0,0,0,0,0,0,0,0.8875431,1,0.9527574,0,0,0,0,0,0,0,0,0,0,0,0,0,0,0,0,0,0,0,0,0,0,0,0,0,0,0,0,0,0,0,0.9734185,1,0.849393,0.7763944,0.7871708,0,0,0,0,0,0,0,0,0,0,0,0
0,0,0,0,0,0,0,0,0,0,0,0.6671112,0.7071671,0,0.6647226,0.9277599,1,0.8911859,0,0,0,0,0,0,0,0,0,0,0,0,0,0,0,0,0,0,0,0,0,0,0,0,0,0,0,0,0,0,0.8734877,1,0.9288915,0,0,0,0,0,0,0,0,0,0,0,0,0,0,0,0,0,0,0,0,0,0,0,0,0,0,0,0,0,0,0.9548643,1,0.8647894,0.7002192,0,0,0,0,0,0,0,0,0,0,0,0,0,0,0,0,0,0,0,0,0,0,0,0,0,0,0,0,0.659151,0.8600748,1,0.9611611,0.7280144,0,0,0,0,0,0,0,0,0,0,0,0,0,0,0,0,0,0,0,0,0,0,0,0,0,0,0,0,0,0,0.9621528,1,0.8277201,0.6953079,0,0,0,0,0,0,0,0,0,0,0,0,0
0,0,0,0,0,0,0,0,0,0,0,0,0,0,0.7249669,0.9275698,1,0.9050948,0,0,0,0,0,0,0,0,0,0,0,0,0,0,0,0,0,0,0,0,0,0,0,0,0,0,0,0,0,0,0.8608829,0.9598101,1,0.935817,0.8331617,0,0,0,0,0,0,0,0,0,0,0,0,0,0,0,0,0,0,0,0,0,0,0,0.7047608,0.7230417,0,0,0,0.9577175,1,0.8905025,0,0,0,0,0,0,0,0,0,0,0,0,0,0,0,0,0,0,0,0,0,0,0,0,0,0.7200742,0.7674261,0.7135478,0,0,0.8685503,1,0.9614866,0.7160289,0,0,0,0,0,0,0,0,0,0,0,0,0,0,0,0,0,0,0,0,0,0,0,0,0,0.7724003,0.7582208,0,0,0.7727593,0.9742592,1,0.8657332,0,0,0,0,0,0,0,0,0,0,0,0,0,0
0,0,0,0,0,0,0,0,0,0,0,0,0,0,0,0.936976,1,0.913085,0,0,0,0,0,0,0,0,0,0,0,0,0,0,0,0,0,0,0,0,0,0,0,0,0,0,0,0,0,0,0.9080164,1,0.951255,0.9074475,0,0,0,0,0,0,0,0,0,0,0,0,0,0,0,0,0,0,0,0,0,0,0,0,0,0,0,0,0,0.9543137,1,0.8881552,0,0,0,0,0,0,0,0,0,0,0,0,0,0,0,0,0,0,0,0,0,0,0,0,0,0,0,0,0,0,0.8963112,1,0.9628237,0,0,0,0,0,0,0,0,0,0,0,0,0,0,0,0,0,0,0,0,0,0,0,0,0,0,0,0,0,0,0,0.9749925,1,0.8283013,0,0,0,0,0,0,0,0,0,0,0,0,0,0
0,0,0,0,0,0,0,0,0,0,0,0,0,0,0.7447389,0.9349265,1,0.9006734,0,0,0,0,0,0,0,0,0,0,0,0,0,0,0,0,0,0,0,0,0,0,0,0,0,0,0,0,0,0,0,1,0.9392087,0,0,0,0,0,0,0,0,0,0,0,0,0,0,0,0,0,0,0,0,0,0,0,0,0,0,0,0,0,0.757857,0.9604556,1,0.881363,0,0,0,0,0,0,0,0,0,0,0,0,0,0,0,0,0,0,0,0,0,0,0,0,0,0,0,0,0.7402599,0.7873042,0.7822302,1,0.9697632,0,0,0,0,0,0,0,0,0,0,0,0,0,0,0,0,0,0,0,0,0,0,0,0,0,0,0,0,0,0,0.8020511,0.9242017,1,0.8575655,0,0,0,0,0,0,0,0,0,0,0,0,0,0
0,0,0,0,0,0,0,0,0,0,0,0,0,0,0,0.9160265,1,0.9225793,0,0,0,0,0,0,0,0,0,0,0,0,0,0,0,0,0,0,0,0,0,0,0,0,0,0,0,0,0,0,0,0.9550323,1,0,0,0,0,0,0,0,0,0,0,0,0,0,0,0,0,0,0,0,0,0,0,0,0,0,0,0,0,0,0,0.9407393,1,0.9049556,0,0,0,0,0,0,0,0,0,0,0,0,0,0,0,0,0,0,0,0,0,0,0,0,0,0,0,0,0,0,0.8638259,1,0.9804766,0.7822898,0,0,0,0,0,0,0,0,0,0,0,0,0,0,0,0,0,0,0,0,0,0,0,0,0,0,0,0,0,0,0.9706035,1,0.8860935,0,0,0,0,0,0,0,0,0,0,0,0,0,0
0,0,0,0,0,0,0,0,0,0,0,0,0,0,0,0.9085802,1,0.9085348,0,0,0,0,0,0,0,0,0,0,0,0,0,0,0,0,0,0,0,0,0,0,0,0,0,0,0,0,0,0,0.7867997,0.9925216,1,0.8203821,0,0,0,0,0,0,0,0,0,0,0,0,0,0,0,0,0,0,0,0,0,0,0,0,0,0,0,0,0,0.9243251,1,0.8964825,0.6649119,0.5744861,0,0,0,0,0,0,0,0,0,0,0,0,0,0,0,0,0,0,0,0,0,0,0,0,0,0,0,0,0.8230237,1,0.9598956,0.757597,0.7476032,0,0,0,0,0,0,0,0,0,0,0,0,0,0,0,0,0,0,0,0,0,0,0,0,0,0,0,0,0.7393225,0.9781409,1,0.826961,0.7653263,0,0,0,0,0,0,0,0,0,0,0,0,0
0,0,0,0,0,0,0,0,0,0,0,0,0,0,0,0.9036904,1,0.9152683,0,0,0,0,0,0,0,0,0,0,0,0,0,0,0,0,0,0,0,0,0,0,0,0,0,0,0,0,0,0.8784741,0.9757572,1,0.9231147,0,0,0,0,0,0,0,0,0,0,0,0,0,0,0,0,0,0,0,0,0,0,0,0,0,0,0,0,0,0.715549,0.9394249,1,0.9039991,0.6675764,0.660057,0,0,0,0,0,0,0,0,0,0,0,0,0,0,0,0,0,0,0,0,0,0,0,0,0,0,0,0,0.8552904,1,0.978034,0.7603898,0.7787852,0.6913111,0,0,0,0,0,0,0,0,0,0,0,0,0,0,0,0,0,0,0,0,0,0,0,0,0,0,0.692643,0.7436246,0.9436732,1,0.8704485,0,0,0,0,0,0,0,0,0,0,0,0,0,0
0,0,0,0,0,0,0,0,0,0,0,0,0,0,0,0.8939036,1,0.914858,0.6018549,0.5962932,0,0,0,0,0,0,0,0,0,0,0,0,0,0,0,0,0,0,0,0,0,0,0,0,0,0.8370914,1,0.9800305,0.809988,0.977554,0.9762937,0.7682295,0,0,0,0,0,0,0,0,0,0,0,0,0,0,0,0,0,0,0,0,0,0,0,0,0,0,0.6365587,0.606525,0.6578011,0.9179811,1,0.8934429,0.6808838,0.6238891,0,0,0,0,0,0,0,0,0,0,0,0,0,0,0,0,0,0,0,0,0,0,0,0,0,0.6454117,0.6934441,0.6663495,0.8047361,1,0.9818764,0.8065468,0.7617981,0,0,0,0,0,0,0,0,0,0,0,0,0,0,0,0,0,0,0,0,0,0,0,0,0,0,0.7409886,0.7456282,0.692566,0.9247592,1,0.8968592,0.7407215,0.6190824,0,0,0,0,0,0,0,0,0,0,0,0
0,0,0,0,0,0,0,0,0,0,0,0,0,0,0,0.9039608,1,0.9246316,0,0,0,0,0,0,0,0,0,0,0,0,0,0,0,0,0,0,0,0,0,0,0,0,0,0,0,0.93274,0.8850001,0.8072838,0.8933292,0.9834515,1,0.8655396,0,0,0,0,0,0,0,0,0,0,0,0,0,0,0,0,0,0,0,0,0,0,0,0,0,0.6795608,0.7220945,0.6560602,0,0.9311411,1,0.8930739,0.6457871,0,0,0,0,0,0,0,0,0,0,0,0,0,0,0,0,0,0,0,0,0,0,0,0,0,0.6784591,0.7526043,0.7507201,0.6551502,0.8480425,1,0.9730254,0.7776116,0.7029167,0,0,0,0,0,0,0,0,0,0,0,0,0,0,0,0,0,0,0,0,0,0,0,0,0.6768276,0.7771894,0.79562,0.7192202,0.6984447,0.9507893,1,0.8630571,0,0,0,0,0,0,0,0,0,0,0,0,0,0
0,0,0,0,0,0,0,0,0,0,0,0,0,0,0,0.8988467,1,0.9224273,0,0,0,0,0,0,0,0,0,0,0,0,0,0,0,0,0,0,0,0,0,0,0,0,0,0,0.8924059,0.8877668,0,0.9228722,0,0.9890528,1,0,0,0,0,0,0,0,0,0,0,0,0,0,0,0,0,0,0,0,0,0,0,0,0,0,0,0.669015,0.6501332,0,0.6624958,0.9302939,1,0.9015915,0,0,0,0,0,0,0,0,0,0,0,0,0,0,0,0,0,0,0,0,0,0,0,0,0,0,0,0,0,0.6712312,0.8228995,1,0.9742923,0.7360566,0,0,0,0,0,0,0,0,0,0,0,0,0,0,0,0,0,0,0,0,0,0,0,0,0,0.732574,0,0,0,0,0.9344087,1,0.8723307,0,0,0,0,0,0,0,0,0,0,0,0,0,0
0,0,0,0,0,0,0,0,0,0,0,0,0,0,0.6393191,0.9107244,1,0.8981624,0,0,0,0,0,0,0,0,0,0,0,0,0,0,0,0,0,0,0,0,0,0,0,0,0.8308427,0.8449287,0.9485081,0.8997294,0.9555319,0.9185497,0.8672486,0.9767531,1,0,0,0,0,0,0,0,0,0,0,0,0,0,0,0,0,0,0,0,0,0,0,0,0,0,0.6405787,0.6849917,0.7066076,0.6503079,0.6303597,0.92599,1,0.8923041,0,0,0,0,0,0,0,0,0,0,0,0,0,0,0,0,0,0,0,0,0,0,0,0,0,0,0,0.6910014,0.6457984,0.6523117,0.8237013,1,0.9756689,0.7195722,0,0,0,0,0,0,0,0,0,0,0,0,0,0,0,0,0,0,0,0,0,0,0,0,0,0,0,0,0,0.6661957,0.9509654,1,0.8546267,0,0,0,0,0,0,0,0,0,0,0,0,0,0
0,0,0,0,0,0,0,0,0,0,0,0,0,0,0.6716835,0.8886358,1,0.92191,0,0,0,0,0,0,0,0,0,0,0,0,0,0,0,0,0,0,0,0,0,0,0,0,0.8214826,0.8627279,0.7565191,0.8572963,0.8968884,0.8121739,0.867586,1,0.970142,0,0,0,0,0,0,0,0,0,0,0,0,0,0,0,0,0,0,0,0,0,0,0,0,0.6025234,0.6469416,0.6508135,0,0.6153579,0,0.9266168,1,0.898423,0,0,0,0,0,0,0,0,0,0,0,0,0,0,0,0,0,0,0,0,0,0,0,0,0,0.6242767,0.7023999,0,0.6351365,0.6482174,0.8458536,1,0.9735948,0.7301382,0,0,0,0,0,0,0,0,0,0,0,0,0,0,0,0,0,0,0,0,0,0,0,0.6969669,0.7188967,0.7140858,0.6411865,0,0.6732661,0.7184825,0.9566047,1,0.8560646,0,0,0,0,0,0,0,0,0,0,0,0,0,0
0,0,0,0,0,0,0,0,0,0,0,0,0,0,0.6895617,0.9148064,1,0.9086725,0,0,0,0,0,0,0,0,0,0,0,0,0,0,0,0,0,0,0,0,0,0,0,0,0,0.716334,0.7586616,0.8063359,0.8041089,0.7401745,0.8377818,1,0.9763807,0.7407354,0,0,0,0,0,0,0,0,0,0,0,0,0,0,0,0,0,0,0,0,0,0,0,0,0.5728563,0.592657,0.5914511,0.6414567,0.617947,0.9324546,1,0.8930367,0,0,0,0,0,0,0,0,0,0,0,0,0,0,0,0,0,0,0,0,0,0,0,0,0,0,0,0.6178743,0.7285638,0.7611073,0.8529375,1,0.9744225,0.7350314,0,0,0,0,0,0,0,0,0,0,0,0,0,0,0,0,0,0,0,0,0,0,0,0,0.6400306,0.722599,0.7175407,0.7008876,0.726415,0.629025,0.953261,1,0.8516675,0,0,0,0,0,0,0,0,0,0,0,0,0,0
0,0,0,0,0,0,0,0,0,0,0,0,0,0,0.7360041,0.9432148,1,0.8731902,0.7264752,0,0,0,0,0,0,0,0,0,0,0,0,0,0,0,0,0,0,0,0,0,0,0,0,0,0,0,0.8090215,0.8656092,0.9197848,1,0.9646292,0,0,0,0,0,0,0,0,0,0,0,0,0,0,0,0,0,0,0,0,0,0,0,0,0,0,0,0,0,0.7501401,0.9587751,1,0.8775297,0,0,0,0,0,0,0,0,0,0,0,0,0,0,0,0,0,0,0,0,0,0,0,0,0,0,0,0,0,0.7825522,0.8924868,1,0.9639778,0,0,0,0,0,0,0,0,0,0,0,0,0,0,0,0,0,0,0,0,0,0,0,0,0,0,0,0,0,0.7235449,0.7853913,0.9864958,1,0.8264934,0,0,0,0,0,0,0,0,0,0,0,0,0,0
0,0,0,0,0,0,0,0,0,0,0,0,0,0,0,0.9330435,1,0.9077536,0,0,0,0,0,0,0,0,0,0,0,0,0,0,0,0,0,0,0,0,0,0,0,0,0,0,0,0,0,0,0.8711091,1,0.97977,0,0,0,0,0,0,0,0,0,0,0,0,0,0,0,0,0,0,0,0,0,0,0,0,0,0,0,0,0,0.7356051,0.9606939,1,0.8921807,0,0,0,0,0,0,0,0,0,0,0,0,0,0,0,0,0,0,0,0,0,0,0,0,0,0,0,0,0,0,0.8455898,1,0.9640287,0,0,0,0,0,0,0,0,0,0,0,0,0,0,0,0,0,0,0,0,0,0,0,0,0,0,0,0,0,0,0.7717917,0.9807047,1,0.8478026,0,0,0,0,0,0,0,0,0,0,0,0,0,0
0,0,0,0,0,0,0,0,0,0,0,0,0,0,0,0.9234257,1,0.8891747,0,0,0,0,0,0,0,0,0,0,0,0,0,0,0,0,0,0,0,0,0,0,0,0,0,0,0,0,0,0,0.8423994,1,0.9358172,0,0,0,0,0,0,0,0,0,0,0,0,0,0,0,0,0,0,0,0,0,0,0,0,0,0,0,0,0,0.6610011,0.9563168,1,0.863514,0,0,0,0,0,0,0,0,0,0,0,0,0,0,0,0,0,0,0,0,0,0,0,0,0,0,0,0,0,0,0.8703875,1,0.9435565,0,0,0,0,0,0,0,0,0,0,0,0,0,0,0,0,0,0,0,0,0,0,0,0,0,0,0,0,0,0,0.6942363,0.9674599,1,0.8405085,0,0,0,0,0,0,0,0,0,0,0,0,0,0
0,0,0,0,0,0,0,0,0,0,0,0,0,0,0,0.9312727,1,0.9037287,0,0,0,0,0,0,0,0,0,0,0,0,0,0,0,0,0,0,0,0,0,0,0,0,0,0,0,0,0,0,0.8480059,1,0.9240859,0,0,0,0,0,0,0,0,0,0,0,0,0,0,0,0,0,0,0,0,0,0,0,0,0,0,0,0,0,0.6794752,0.9595289,1,0.876261,0,0,0,0,0,0,0,0,0,0,0,0,0,0,0,0,0,0,0,0,0,0,0,0,0,0,0,0,0,0,0.8826491,1,0.9575444,0.7060404,0,0,0,0,0,0,0,0,0,0,0,0,0,0,0,0,0,0,0,0,0,0,0,0,0,0,0,0,0,0.743811,0.9735818,1,0.8568791,0,0,0,0,0,0,0,0,0,0,0,0,0,0
0,0,0,0,0,0,0,0,0,0,0,0,0,0,0,0.9299158,1,0.8981303,0,0,0,0,0,0,0,0,0,0,0,0,0,0,0,0,0,0,0,0,0,0,0,0,0,0,0,0,0,0,0.7966007,0.9988521,1,0.8406707,0,0,0,0,0,0,0,0,0,0,0,0,0,0,0,0,0,0,0,0,0,0,0,0,0,0,0,0,0.6508124,0.9540145,1,0.8805711,0,0,0,0,0,0,0,0,0,0,0,0,0,0,0,0,0,0,0,0,0,0,0,0,0,0,0,0,0,0,0.880124,1,0.9501929,0,0,0,0,0,0,0,0,0,0,0,0,0,0,0,0,0,0,0,0,0,0,0,0,0,0,0,0,0,0,0.724995,0.9782209,1,0.8193113,0,0,0,0,0,0,0,0,0,0,0,0,0,0
0,0,0,0,0,0,0,0,0,0,0,0,0,0,0,0.9373742,1,0.9138013,0,0,0,0,0,0,0,0,0,0,0,0,0,0,0,0,0,0,0,0,0,0,0,0,0,0,0,0,0,0,0,1,0.9943624,0,0,0,0,0,0,0,0,0,0,0,0,0,0,0,0,0,0,0,0,0,0,0,0,0,0,0,0,0,0,0.9597805,1,0.8965987,0,0,0,0,0,0,0,0,0,0,0,0,0,0,0,0,0,0,0,0,0,0,0,0,0,0,0,0,0,0,0.889384,1,0.9583785,0,0,0,0,0,0,0,0,0,0,0,0,0,0,0,0,0,0,0,0,0,0,0,0,0,0,0,0,0,0,0,0.9778788,1,0.8626682,0,0,0,0,0,0,0,0,0,0,0,0,0,0
