GestureName: w
Duration(ms): 1363
Handedness: right

SpeakerAngles: 5
55
-55
0
0
110

SpeakerElevations: 5
-10
-10
-10
0
30

InterpretedPoints: 29
0.00709039723777505,0.2686643887376,0.32635182233307
-1.60632417098542,0.283856635725392,0.5
0.0354519861888747,-5.04585318509374,2.67364817766693
-3.21264834197084,-12.7758851163676,2.56283359900237
-5.68949337220784,-16.2154204148897,-0.395277334996045
-4.91114767704734,-23.7941715033526,-0.832443735993671
-4.09734999569797,-20.9758368401391,-0.853388268994462
-0.835068873062699,-10.5635588414751,-0.263518223330696
-0.806707284111599,-0.419945231548584,0
4.06898840674687,13.9619482731399,0.242573690329905
5.70367416668339,21.9818147842438,0.00609191366060236
7.30290794043104,15.0553108779869,0.395277334996045
6.48201986184389,6.04427306097482,0.958110933998418
0.806707284111599,3.56486252146362,-0.17364817766693
0,0,0
0,0,0
0,0,0
0,0,0
-0.00709039723777505,-2.39838943166485,0.0209445330007911
-3.24810032815972,-4.90533371516446,-0.284462756331487
-0.806707284111599,-2.54967027447583,0.347296355333861
1.62050496546097,2.25347214174981,0.152703644666139
4.86151489638292,7.76041642524942,0.458110933998418
4.86151489638292,10.8749492211889,-0.0628335990023732
4.05480761227132,7.34047119370084,0.458110933998418
0,4.25945008585449,-0.694592710667721
0,1,0
0.00709039723777505,1.2686643887376,0.32635182233307
0,0,0

StrokePoints: 30
0,0,0
0.00709039723777505,0.2686643887376,0.32635182233307
-1.59923377374765,0.552521024462991,0.826351822333069
-1.56378178755877,-4.49333216063075,3.5
-4.77643012952962,-17.2692172769983,6.06283359900237
-10.4659235017375,-33.4846376918881,5.66755626400633
-15.3770711787848,-57.2788091952406,4.83511252801266
-19.4744211744828,-78.2546460353798,3.98172425901819
-20.3094900475455,-88.8182048768548,3.7182060356875
-21.1161973316571,-89.2381501084034,3.7182060356875
-17.0472089249102,-75.2762018352635,3.9607797260174
-11.3435347582268,-53.2943870510197,3.96687163967801
-4.04062681779577,-38.2390761730328,4.36214897467405
2.44139304404812,-32.194803112058,5.32025990867247
3.24810032815972,-28.6299405905943,5.14661173100554
3.24810032815972,-28.6299405905943,5.14661173100554
3.24810032815972,-28.6299405905943,5.14661173100554
3.24810032815972,-28.6299405905943,5.14661173100554
3.24810032815972,-28.6299405905943,5.14661173100554
3.24100993092195,-31.0283300222592,5.16755626400633
-0.00709039723777316,-35.9336637374237,4.88309350767484
-0.813797681349372,-38.4833340118995,5.2303898630087
0.806707284111601,-36.2298618701497,5.38309350767484
5.66822218049452,-28.4694454449002,5.84120444167326
10.5297370768774,-17.5944962237114,5.77837084267088
14.5845446891488,-10.2540250300105,6.2364817766693
14.5845446891488,-5.99457494415603,5.54188906600158
14.5845446891488,-4.99457494415603,5.54188906600158
14.5916350863865,-3.72591055541843,5.86824088833465
14.5916350863865,-3.72591055541843,5.86824088833465

Velocities: 29
0,1,0
-1,2,-1
-3,2,0
-5,1,-5
-5,-4,-6
-5,-9,-10
-4,-8,-9
-1,-4,-5
0,1,-1
4,4,5
7,8,8
5,2,8
4,0,2
1,0,0
0,0,0
0,0,0
0,0,0
0,0,0
-1,-2,0
-3,-2,-2
-1,0,-1
1,0,1
3,0,3
4,1,4
3,1,2
2,2,0
0,0,0
0,1,0
0,0,0

InverseVelocities: 29
0,0,0
0,0,0
0,-1,0
0,-2,0
0,0,1
0,0,1
0,0,0
0,0,0
0,0,0
0,0,0
0,0,0
0,0,0
0,0,0
0,0,0
0,0,0
0,0,0
0,0,0
0,0,0
0,0,0
0,0,0
0,0,0
0,0,0
0,0,0
0,0,0
0,0,0
0,0,0
0,0,0
0,0,0
0,0,0

RawData: 29
0,0,0,0,0,0,0,0,0,0,0,0,0,0,0,0.9282608,1,0.8726475,0,0,0,0,0,0,0,0,0,0,0,0,0,0,0,0,0,0,0,0,0,0,0,0,0,0,0,0,0,0,0,0.9611368,0.998251,1,0.973866,0.8622617,0,0,0,0,0,0,0,0,0,0,0,0,0,0,0,0,0,0,0,0,0,0,0,0,0,0,0.7229712,0.9360225,1,0.8814309,0.8242661,0.7261291,0,0,0,0,0,0,0,0,0,0,0,0,0,0,0,0,0,0,0,0,0,0,0,0,0,0,0,0,0.8570212,1,0.9552498,0.6726416,0.7835227,0,0,0,0,0,0,0,0,0,0,0,0,0,0,0,0,0,0,0,0,0,0,0,0,0,0,0,0,0.7275768,0.9590148,1,0.9264111,0.9015015,0.8087509,0,0,0,0,0,0,0,0,0,0,0,0
0,0,0,0,0,0,0,0,0,0,0,0,0.7478698,0.8275077,0.8535743,0.9025506,1,0.8842055,0,0,0,0,0,0,0,0,0,0,0,0,0,0,0,0,0,0,0,0,0,0,0,0,0,0,0,0,0,0,0.897699,1,0.9134941,0.9282651,0.9720884,0.9195384,0.863302,0,0,0,0,0,0,0,0,0,0,0,0,0,0,0,0,0,0,0,0,0,0,0,0.6954179,0.7763362,0.7620552,0.9449332,1,0.8709993,0.8398921,0.7810977,0,0,0,0,0,0,0,0,0,0,0,0,0,0,0,0,0,0,0,0,0,0,0,0,0,0.6919941,0.7785465,0.7949852,0.9050641,1,0.9413629,0.7353135,0.7720328,0.6843535,0,0,0,0,0,0,0,0,0,0,0,0,0,0,0,0,0,0,0,0,0,0,0,0,0,0.7329587,0.7673244,0,0.947235,1,0.8909132,0.728295,0.7673768,0,0,0,0,0,0,0,0,0,0,0,0
0,0,0,0,0,0,0,0,0,0,0.7338175,0.8141714,0.8206365,0.7266569,0.7973689,0.9101086,1,0.9121715,0,0,0,0,0,0,0,0,0,0,0,0,0,0,0,0,0,0,0,0,0,0,0,0,0,0,0,0.7699457,0.8037146,0.7886618,0.7695931,0.9920555,1,0.7311668,0.8339387,0.780535,0.7485119,0,0,0,0,0,0,0,0,0,0,0,0,0,0,0,0,0,0,0,0,0,0,0,0,0.7079126,0.7918757,0.9609292,1,0.8846731,0,0,0,0,0,0,0,0,0,0,0,0,0,0,0,0,0,0,0,0,0,0,0,0,0,0.6670823,0.6908437,0,0.647247,0.682499,0.8084081,1,0.9671164,0.7735468,0.6901994,0,0,0,0,0,0,0,0,0,0,0,0,0,0,0,0,0,0,0,0,0,0,0,0,0,0,0,0.7551994,0.8581586,0.975863,1,0.8854619,0.7432791,0.6916917,0.7988538,0.7887343,0.7147946,0.6674103,0,0,0,0,0,0,0,0
0,0,0,0,0,0,0,0,0.7553809,0.8361224,0.8413044,0.7293599,0.7283818,0.752304,0.7669499,0.9444637,1,0.880145,0,0,0,0,0,0,0,0,0,0,0,0,0,0,0,0,0,0,0,0,0,0,0,0,0,0,0.7643231,0.8135436,0,0.8792341,0.9276105,1,0.9912503,0,0.8027477,0.7641381,0,0,0,0,0,0,0,0,0,0,0,0,0,0,0,0,0,0,0,0,0.6983466,0.7368256,0,0.7374442,0.7374783,0.7187298,0.734557,0.9519007,1,0.8781852,0,0,0,0,0,0,0,0,0,0,0,0,0,0,0,0,0,0,0,0,0,0,0,0.7165596,0.7607939,0.6831928,0.708117,0.7271098,0.7025684,0.7233841,0.9003144,1,0.9451352,0,0,0,0,0,0,0,0,0,0,0,0,0,0,0,0,0,0,0,0,0,0,0,0,0,0,0,0.8862556,0.9305047,0.9235872,0.8964321,0.9962035,1,0,0,0.797401,0.7840893,0,0,0,0,0,0,0,0,0,0,0
0,0,0,0,0,0,0,0,0.7253341,0.702378,0,0,0.731102,0.6874072,0.8072308,0.9183142,1,0.8913034,0,0,0,0,0,0,0,0,0,0,0,0,0,0,0,0,0,0,0,0,0,0,0,0,0.8087136,0.8575909,0.8191568,0,0.7691408,0.7350429,0.7545367,1,0.9891902,0.7647942,0,0,0,0,0,0,0,0,0,0,0,0,0,0,0,0,0,0,0,0,0,0.6968405,0.7501708,0.7080697,0.7518547,0.7455418,0.7063128,0.7475044,0.7695994,0.9554611,1,0.849862,0.7066658,0.6842049,0.6392356,0,0,0,0,0,0,0,0,0,0,0,0,0,0,0,0,0,0,0.6617568,0.7410786,0.7852284,0.7563485,0.6391679,0.7033228,0.7341943,0.7546805,0.7791289,0.8883796,1,0.9491666,0.6189897,0,0,0,0,0,0,0,0,0,0,0,0,0,0,0,0,0,0,0,0,0,0.7963473,0.8739002,0.87948,0.8696719,0.8337959,0.793118,0.8334888,0.7805079,0.8009426,0.9793578,1,0.8454803,0,0,0,0,0,0,0,0,0,0,0,0,0,0
0,0,0,0,0,0,0,0,0.6252601,0.6459649,0,0.6723669,0.6867679,0.7614739,0.833132,0.9056707,1,0.8751464,0,0,0,0,0,0,0,0,0,0,0,0,0,0,0,0,0,0,0,0.7892359,0.8669663,0.828512,0.7237173,0.7812374,0.8802903,0.7283391,0.7377153,0,0.7377712,0.8359154,0.7889473,1,0.9884474,0.7326279,0,0,0,0,0,0,0,0,0,0,0,0,0,0,0,0,0,0.64512,0.7229664,0.7307864,0.6725335,0.7162893,0.6907248,0,0.6989656,0.6751665,0.714009,0.7766301,0.799501,0.9377769,1,0.8761467,0,0,0.6031398,0,0,0,0,0,0,0,0,0,0,0,0,0,0,0,0,0.6772189,0.7099502,0.6610529,0.729346,0.7145802,0.6548206,0.6197069,0.6260157,0.6491398,0.6083386,0.6788774,0.7988167,1,0.957258,0,0,0,0,0,0,0,0,0,0,0,0,0,0,0,0,0,0,0.6445118,0.7820504,0.7868115,0.6676065,0.7980633,0.8406651,0.7815441,0.6749688,0,0.6475325,0.7408592,0.7437123,0.7873471,0.9794335,1,0.8303964,0.6628551,0,0,0,0,0,0,0,0,0,0,0,0,0
0,0,0,0,0,0,0,0,0,0.6970005,0.7072314,0.6679952,0.6409454,0,0,0.9350023,1,0.8667612,0.6518454,0,0,0,0,0,0,0,0,0,0,0,0,0,0,0,0,0,0,0,0.7902473,0.8817532,0.9262729,0.9519928,0.8981273,0.8141264,0.8633178,0.8246055,0.7352176,0.7119452,0.8336937,1,0.9619628,0.7653852,0,0,0,0,0,0,0,0,0,0,0,0,0,0,0,0,0,0,0.6726186,0.7354253,0.7737159,0.8054519,0.7819282,0.6881994,0.7325104,0.7595988,0.6480173,0,0.6267112,0.941931,1,0.8623962,0,0,0,0,0,0,0,0,0,0,0,0,0,0,0,0,0,0,0,0,0.6559131,0.6519445,0.7393234,0.7167071,0.6329327,0.6915067,0.706007,0,0,0.6938984,0.8240334,1,0.9551826,0,0,0,0,0,0,0,0,0,0,0,0,0,0,0,0,0,0,0,0.7232007,0.7939327,0.8019471,0.8235919,0.8447444,0.7095588,0.7103441,0.7018135,0.7506307,0.782165,0.7898301,0.8423734,0.9758818,1,0.844732,0,0,0,0,0,0,0,0,0,0,0,0,0,0
0,0,0,0,0,0,0,0,0,0,0,0,0.7408429,0.7797768,0.7527941,0.9134194,1,0.9256639,0,0,0,0,0,0,0,0,0,0,0,0,0,0,0,0,0,0,0,0,0,0,0,0,0.8529123,0.9133753,0.9387509,0.8321865,0,0,0,1,0.9963575,0,0,0,0,0,0,0,0,0,0,0,0,0,0,0,0,0,0,0,0,0,0,0,0.6752406,0.7168293,0.7352625,0.6968002,0,0,0,0.9438826,1,0.8949729,0,0,0,0,0,0,0,0,0,0,0,0,0,0,0,0,0,0,0,0,0,0,0,0,0.6874719,0.702741,0,0,0,0,0.8900101,1,0.9586368,0.7301511,0,0,0,0,0,0,0,0,0,0,0,0,0,0,0,0,0,0,0,0,0,0,0,0.8195241,0.849044,0.8200059,0,0.8869764,0.8994539,0,0.9615501,1,0.865459,0,0,0,0,0,0,0,0,0,0,0,0,0,0
0,0,0,0,0,0,0,0,0,0,0,0,0,0,0.6528268,0.8890144,1,0.9096078,0.7346684,0,0,0,0,0,0,0,0,0,0,0,0,0,0,0,0,0,0,0,0,0,0,0,0,0,0,0,0,0,0.8364407,0.9818017,1,0.8575734,0.7559937,0.7010885,0,0,0,0,0,0,0,0,0,0,0,0,0,0,0,0,0,0,0,0,0,0,0,0,0.5895298,0.6735456,0.6760642,0.9337924,1,0.8931627,0.6459606,0,0,0,0,0,0,0,0,0,0,0,0,0,0,0,0,0,0,0,0,0,0,0,0,0,0,0,0,0,0.8091567,1,0.9820468,0.783265,0.6158378,0,0,0,0,0,0,0,0,0,0,0,0,0,0,0,0,0,0,0,0,0,0,0,0,0,0,0,0.774442,0.8467452,0.9585603,1,0.771468,0,0,0,0,0,0,0,0,0,0,0,0,0,0
0,0,0,0,0,0,0,0,0,0,0,0,0,0,0,0.8986818,1,0.906155,0.6594647,0,0,0.7063401,0.755594,0.7320284,0,0,0,0,0,0,0,0,0,0,0,0,0,0,0,0,0,0,0,0,0,0,0,0.7350411,0.8731089,0.9995852,1,0,0,0.8778179,0.8822415,0.8528098,0.7947339,0,0,0,0,0,0,0,0,0,0,0,0,0,0,0,0,0,0,0,0,0,0,0,0,0.9192553,1,0.8926497,0.6818377,0.6503854,0.7312347,0.7478765,0.7623407,0.7491312,0.6710756,0,0,0,0,0,0,0,0,0,0,0,0,0,0,0,0,0,0,0,0,0,0,0,0.8317583,1,0.9733748,0.7307141,0.6503825,0.6873043,0.7506517,0.7782557,0.7357248,0.7094681,0.6456086,0,0,0,0,0,0,0,0,0,0,0,0,0,0,0,0,0,0,0,0,0,0,0.7247522,0.9364787,1,0.8936095,0.8040521,0,0.8166972,0.8438345,0.8275754,0.7620171,0,0,0,0,0,0,0,0
0,0,0,0,0,0,0,0,0,0,0,0,0,0,0,0.8927687,1,0.9177249,0.634173,0,0,0,0.7066889,0.6409233,0.7572813,0.7443651,0.6581011,0,0,0,0,0,0,0,0,0,0,0,0,0,0,0,0,0,0,0,0,0,0.8074741,1,0.9566461,0.7135887,0.7594848,0.852133,0.8636605,0.8766935,0.8280392,0,0.8198915,0.8099625,0.7107387,0,0,0,0,0,0,0,0,0,0,0,0,0,0,0,0,0,0,0,0,0.9308019,1,0.8784549,0.6496653,0.719931,0.720397,0.6749665,0,0.7103186,0.7258829,0.6944292,0.640002,0.5894558,0,0,0,0,0,0,0,0,0,0,0,0,0,0,0,0,0,0,0,0,0.8230026,1,0.9777955,0.7046064,0.663672,0.6976566,0.6100067,0.6194055,0.6337103,0.6901457,0.6900941,0.7186265,0.6434535,0,0,0,0,0,0,0,0,0,0,0,0,0,0,0,0,0,0,0,0,0.7765926,0.975154,1,0.8001499,0.705952,0.7812161,0.7673509,0.7442552,0,0.7364255,0,0.744531,0.7143629,0,0,0,0,0
0,0,0,0,0,0,0,0,0,0,0,0,0,0,0,0.9043192,1,0.9140446,0.7984511,0.7852412,0,0.7790087,0.8000419,0.7630772,0.7756512,0,0,0,0,0,0,0,0,0,0,0,0,0,0,0,0,0,0,0,0,0,0,0,0.8334858,1,0.9700122,0.8320019,0,0,0.7969955,0,0,0,0,0,0,0,0,0,0,0,0,0,0,0,0,0,0,0,0,0,0,0,0,0,0,0.9377279,1,0.8961719,0.6869829,0.6919982,0,0,0.709965,0.7080124,0,0,0,0.6871669,0,0,0,0,0,0,0,0,0,0,0,0,0,0,0,0,0,0,0,0,0.836785,1,0.9834669,0.7156861,0,0,0,0,0.7380424,0.7330311,0,0,0,0,0,0,0,0,0,0,0,0,0,0,0,0,0,0,0,0,0,0,0,0,0.9570217,1,0.8789131,0.7722767,0,0,0,0,0.7672306,0.7715213,0,0,0,0,0,0,0
0,0,0,0,0,0,0,0,0,0,0,0,0,0,0.7407922,0.9330601,1,0.8799534,0.8007955,0.8173224,0.8283797,0.8391128,0.7900847,0.7279543,0,0,0,0,0,0,0,0,0,0,0,0,0,0,0,0,0,0,0,0,0,0,0,0,0.842495,1,0.9926686,0.8347288,0.7358609,0,0,0,0,0,0,0,0,0,0,0,0,0,0,0,0,0,0,0,0,0,0,0,0,0,0,0,0.7343851,0.942593,1,0.8919339,0,0.6791525,0.6923407,0.7271901,0,0,0,0,0,0,0,0,0,0,0,0,0,0,0,0,0,0,0,0,0,0,0,0,0,0,0.8642797,1,0.9694889,0.7358824,0.7036091,0.7431524,0.7652739,0.7529711,0,0,0,0,0,0,0,0,0,0,0,0,0,0,0,0,0,0,0,0,0,0,0,0,0,0.8166063,0.9448754,1,0.8640175,0.8173556,0,0.8103688,0.8158605,0.7507001,0,0,0,0,0,0,0,0,0
0,0,0,0,0,0,0,0,0,0,0,0,0,0.7598194,0.8265969,0.92228,1,0.8906609,0.827687,0.7907168,0.7633096,0,0,0,0,0,0,0,0,0,0,0,0,0,0,0,0,0,0,0,0,0,0,0,0,0,0,0,0.8416108,1,0.9798086,0.8306524,0.844746,0,0,0,0,0,0,0,0,0,0,0,0,0,0,0,0,0,0,0,0,0,0,0,0,0,0,0,0.7459226,0.9357362,1,0.9080829,0,0,0,0,0,0,0,0,0,0,0,0,0,0,0,0,0,0,0,0,0,0,0,0,0,0,0,0,0,0,0.8558906,1,0.9794482,0.7864419,0,0,0,0.7211044,0,0,0,0,0,0,0,0,0,0,0,0,0,0,0,0,0,0,0,0,0,0,0,0,0,0.7871718,0.9316658,1,0.901309,0,0,0,0,0,0,0,0,0,0,0,0,0,0
0,0,0,0,0,0,0,0,0,0,0,0,0,0,0.7067313,0.8944464,1,0.9218693,0,0,0,0,0,0,0,0,0,0,0,0,0,0,0,0,0,0,0,0,0,0,0,0,0,0,0,0,0,0.8307521,0.8201888,0.9632258,1,0.9062594,0,0,0,0,0,0,0,0,0,0,0,0,0,0,0,0,0,0,0,0,0,0,0,0,0,0,0,0,0.670863,0.9204977,1,0.9087883,0.6831819,0,0,0,0,0,0,0,0,0,0,0,0,0,0,0,0,0,0,0,0,0,0,0,0,0,0,0,0.6557668,0.7376387,0.783931,1,0.9712324,0.7172544,0.6312379,0,0,0,0,0,0,0,0,0,0,0,0,0,0,0,0,0,0,0,0,0,0,0,0,0,0,0,0.7968263,0.874704,0.8667883,1,0.8139091,0.7535766,0,0,0,0,0,0,0,0,0,0,0,0,0
0,0,0,0,0,0,0,0,0,0,0,0,0,0,0.7722721,0.9003712,1,0.930011,0,0,0,0,0,0,0,0,0,0,0,0,0,0,0,0,0,0,0,0,0,0,0,0,0,0,0,0,0,0,0,1,0.9751149,0.9429104,0,0,0,0,0,0,0,0,0,0,0,0,0,0,0,0,0,0,0,0,0,0,0,0,0,0,0,0,0,0.935488,1,0.91049,0,0,0,0,0,0,0,0,0,0,0,0,0,0,0,0,0,0,0,0,0,0,0,0,0,0,0,0,0,0,0.8604332,1,0.9753936,0.7451641,0,0,0,0,0,0,0,0,0,0,0,0,0,0,0,0,0,0,0,0,0,0,0,0,0,0,0,0,0,0.8307826,0.9338302,1,0.8857743,0,0,0,0,0,0,0,0,0,0,0,0,0,0
0,0,0,0,0,0,0,0,0,0,0,0,0,0,0.7461448,0.9033571,1,0.9190868,0,0,0,0,0,0,0,0,0,0,0,0,0,0,0,0,0,0,0,0,0,0,0,0,0,0,0,0,0,0,0.8106817,0.9651145,1,0.8512993,0,0,0,0,0,0,0,0,0,0,0,0,0,0,0,0,0,0,0,0,0,0,0,0,0,0,0,0,0.6920818,0.9162141,1,0.9039217,0,0,0,0,0,0,0,0,0,0,0,0,0,0,0,0,0,0,0,0,0,0,0,0,0,0,0,0,0,0,0.8537623,1,0.9747057,0.7537191,0,0,0,0,0,0,0,0,0,0,0,0,0,0,0,0,0,0,0,0,0,0,0,0,0,0,0,0,0,0.8312847,0.9716049,1,0.8781427,0,0,0,0,0,0,0,0,0,0,0,0,0,0
0,0,0,0,0,0,0,0,0,0,0,0,0,0.722133,0.7966622,0.9229555,1,0.894026,0.6665312,0,0,0,0,0,0,0,0,0,0,0,0,0,0,0,0,0,0,0,0,0,0,0,0,0,0,0,0,0.7784061,0.7812786,1,0.969634,0,0,0,0,0,0,0,0,0,0,0,0,0,0,0,0,0,0,0,0,0,0,0,0,0,0,0,0,0,0,0.9554907,1,0.8778852,0,0,0,0,0,0,0,0,0,0,0,0,0,0,0,0,0,0,0,0,0,0,0,0,0,0,0,0,0.6596107,0.6991722,0.8774765,1,0.9503835,0.7349182,0.6751856,0,0,0,0,0,0,0,0,0,0,0,0,0,0,0,0,0,0,0,0,0,0,0,0,0,0,0.7297116,0.7637296,0.803888,0.9477568,1,0.8492305,0,0,0,0,0,0,0,0,0,0,0,0,0,0
0,0,0,0,0,0,0,0,0,0,0,0,0.700016,0.7179161,0.6356401,0.9089661,1,0.9079965,0,0,0,0,0,0,0,0,0,0,0,0,0,0,0,0,0,0,0,0,0,0,0,0,0,0,0.7119958,0.7950883,0.7912772,0.8002766,0.757618,1,0.991333,0.7866743,0,0,0,0,0,0,0,0,0,0,0,0,0,0,0,0,0,0,0,0,0,0,0,0,0,0,0,0,0,0.9547083,1,0.8625898,0.6187665,0,0,0,0,0,0,0,0,0,0,0,0,0,0,0,0,0,0,0,0,0,0,0,0,0,0,0.6766229,0.7334401,0.6843992,0.8584538,1,0.9543623,0.6479436,0,0,0,0,0,0,0,0,0,0,0,0,0,0,0,0,0,0,0,0,0,0,0,0,0,0,0.7540594,0.8409638,0.8364251,0.724096,0.9632113,1,0.8315582,0,0,0,0,0,0,0,0,0,0,0,0,0,0
0,0,0,0,0,0,0,0,0,0,0.6605612,0.7771004,0.8111283,0.7862949,0,0.929814,1,0.8692024,0,0,0,0,0,0,0,0,0,0,0,0,0,0,0,0,0,0,0,0,0,0,0,0,0,0,0.7696277,0.8164133,0.7413839,0,0.8627545,1,0.9510407,0.7476128,0,0,0,0,0,0,0,0,0,0,0,0,0,0,0,0,0,0,0,0,0,0,0,0,0,0.7043803,0.7345852,0.6679613,0.6236905,0.955402,1,0.8541207,0,0,0,0,0,0,0,0,0,0,0,0,0,0,0,0,0,0,0,0,0,0,0,0,0,0,0,0.6634539,0.6601671,0.6204911,0.8821436,1,0.9458502,0.6377824,0,0,0,0,0,0,0,0,0,0,0,0,0,0,0,0,0,0,0,0,0,0,0,0,0.7394104,0.7745444,0.7452976,0.7771371,0,0.6938071,0.9690552,1,0.7922871,0.7182469,0,0,0,0,0,0,0,0,0,0,0,0,0
0,0,0,0,0,0,0,0,0,0,0,0,0.7391247,0.7926408,0.8051996,0.9216303,1,0.892356,0,0,0,0,0,0,0,0,0,0,0,0,0,0,0,0,0,0,0,0,0,0,0,0,0,0,0,0,0.8142475,0,0.8941631,1,0.9567974,0,0,0,0,0,0,0,0,0,0,0,0,0,0,0,0,0,0,0,0,0,0,0,0,0,0,0,0.7099158,0.7623553,0.7795295,0.9596156,1,0.8772878,0,0,0,0,0,0,0,0,0,0,0,0,0,0,0,0,0,0,0,0,0,0,0,0,0,0,0,0.7012727,0.6989974,0.7244197,0.862709,1,0.9606076,0.7269202,0,0,0,0,0,0,0,0,0,0,0,0,0,0,0,0,0,0,0,0,0,0,0,0,0,0,0,0,0,0.8583667,1,0.9709946,0,0,0,0,0,0,0,0,0,0,0,0,0,0,0
0,0,0,0,0,0,0,0,0,0,0,0,0,0,0.6191922,0.9148529,1,0.8761652,0.7219723,0.6905102,0.6466543,0,0,0,0,0,0,0,0,0,0,0,0,0,0,0,0,0,0,0,0,0,0,0,0,0,0.7883943,0.8577518,0.8529662,1,0.9786764,0,0,0,0,0,0,0,0,0,0,0,0,0,0,0,0,0,0,0,0,0,0,0,0,0,0,0,0,0,0.6346145,0.9421791,1,0.8563035,0.681776,0.6461888,0.5913031,0,0,0,0,0,0,0,0,0,0,0,0,0,0,0,0,0,0,0,0,0,0,0,0,0,0.5905849,0,0.8520286,1,0.9411269,0.744561,0.7255488,0.6703195,0,0,0,0,0,0,0,0,0,0,0,0,0,0,0,0,0,0,0,0,0,0,0,0,0,0.7241554,0.7944291,0.788203,0.956063,1,0.875262,0.7814923,0.713836,0,0,0,0,0,0,0,0,0,0,0,0
0,0,0,0,0,0,0,0,0,0,0,0,0,0,0.6952931,0.9338089,1,0.8584653,0.7721969,0.7067352,0.7536343,0.7491056,0.6902959,0,0,0,0,0,0,0,0,0,0,0,0,0,0,0,0,0,0,0,0,0,0,0,0,0,0.8584008,1,0.98,0.835489,0,0,0,0,0,0,0,0,0,0,0,0,0,0,0,0,0,0,0,0,0,0,0,0,0,0,0,0,0.6771197,0.9528939,1,0.8754995,0,0,0.659068,0.6874068,0.6792051,0,0,0,0,0,0,0,0,0,0,0,0,0,0,0,0,0,0,0,0,0,0,0,0,0,0.8750204,1,0.952372,0.6897629,0.6803113,0.6851736,0.7009354,0.7139078,0.6308895,0,0,0,0,0,0,0,0,0,0,0,0,0,0,0,0,0,0,0,0,0,0,0,0,0,0.9565517,1,0.8490616,0.7482589,0.7176184,0.7280848,0.7047291,0,0,0,0,0,0,0,0,0,0
0,0,0,0,0,0,0,0,0,0,0,0,0,0,0,0.9304848,1,0.8984782,0.6746585,0.736615,0.7078617,0,0.7331635,0.6730111,0,0,0,0,0,0,0,0,0,0,0,0,0,0,0,0,0,0,0,0,0,0,0,0,0,0.9940639,1,0.8360682,0.7604105,0.7445267,0,0,0,0,0,0,0,0,0,0,0,0,0,0,0,0,0,0,0,0,0,0,0,0,0,0,0.6785157,0.9504294,1,0.8857609,0.657977,0.6631863,0.6917189,0.6360858,0.6647977,0.6412832,0,0,0,0,0,0,0,0,0,0,0,0,0,0,0,0,0,0,0,0,0,0,0,0.6337466,0.8607908,1,0.9573008,0.7227457,0.6179596,0.7300872,0.7245973,0,0.7249007,0.6594288,0,0,0,0,0,0,0,0,0,0,0,0,0,0,0,0,0,0,0,0,0,0,0,0.7516135,0.9645751,1,0.8655554,0,0.7160088,0.7553117,0.7215354,0,0,0,0,0,0,0,0,0,0
0,0,0,0,0,0,0,0,0,0,0,0,0,0,0,0.9242744,1,0.8797932,0,0.6991873,0,0.7265668,0.6835243,0,0,0,0,0,0,0,0,0,0,0,0,0,0,0,0,0,0,0,0,0,0,0,0,0.7062634,0.8503644,1,0.9511079,0.8193892,0.7947177,0.7215284,0,0,0,0,0,0,0,0,0,0,0,0,0,0,0,0,0,0,0,0,0,0,0,0,0,0,0.6248745,0.9503065,1,0.8740032,0,0,0.6663128,0.6816196,0,0,0,0,0,0,0,0,0,0,0,0,0,0,0,0,0,0,0,0,0,0,0,0,0,0.6731685,0.8527101,1,0.9497634,0,0.6270928,0.6331065,0.7583159,0.7371026,0.6532158,0,0,0,0,0,0,0,0,0,0,0,0,0,0,0,0,0,0,0,0,0,0,0,0,0.7779721,0.9797954,1,0.8613456,0.6776482,0,0.7191047,0.7913457,0,0,0,0,0,0,0,0,0,0
0,0,0,0,0,0,0,0,0,0,0,0,0,0,0.7207862,0.925086,1,0.9099313,0.8033128,0.7863081,0,0.719874,0,0,0,0,0,0,0,0,0,0,0,0,0,0,0,0,0,0,0,0,0,0,0,0,0,0,0.7695692,1,0.9745302,0.8204652,0.7647316,0.7623428,0.7794931,0,0,0,0,0,0,0,0,0,0,0,0,0,0,0,0,0,0,0,0,0,0,0,0,0,0.704733,0.9587205,1,0.8867198,0.7416696,0.688861,0,0,0,0,0,0,0,0,0,0,0,0,0,0,0,0,0,0,0,0,0,0,0,0,0,0,0,0,0.8828624,1,0.9576044,0,0,0.68347,0.6896137,0,0,0,0,0,0,0,0,0,0,0,0,0,0,0,0,0,0,0,0,0,0,0,0,0,0,0,0.982959,1,0.8726753,0,0,0,0,0,0,0,0,0,0,0,0,0,0
0,0,0,0,0,0,0,0,0,0,0,0,0,0,0.7826585,0.9386764,1,0.9062506,0.8101953,0.8175938,0,0,0,0,0,0,0,0,0,0,0,0,0,0,0,0,0,0,0,0,0,0,0,0,0,0,0,0,0.8895521,1,0.9756955,0,0,0,0,0,0,0,0,0,0,0,0,0,0,0,0,0,0,0,0,0,0,0,0,0,0,0,0,0,0,0.9572954,1,0.8953291,0.7926703,0.7551673,0,0,0,0,0,0,0,0,0,0,0,0,0,0,0,0,0,0,0,0,0,0,0,0,0,0,0,0,0.8853478,1,0.9605131,0.7706527,0.7925838,0.772915,0,0,0,0,0,0,0,0,0,0,0,0,0,0,0,0,0,0,0,0,0,0,0,0,0,0,0,0,0.9394227,1,0.9509295,0,0,0,0,0,0,0,0,0,0,0,0,0,0
0,0,0,0,0,0,0,0,0,0,0,0,0,0,0,0.9295934,1,0.8439119,0.8274427,0,0,0,0,0,0,0,0,0,0,0,0,0,0,0,0,0,0,0,0,0,0,0,0,0,0,0,0,0,0.8771331,1,0,0.9779224,0.8965824,0.7856944,0,0,0,0,0,0,0,0,0,0,0,0,0,0,0,0,0,0,0,0,0,0,0,0,0,0.649754,0.7380262,0.9572394,1,0.8680391,0.6615366,0.6262676,0,0,0,0,0,0,0,0,0,0,0,0,0,0,0,0,0,0,0,0,0,0,0,0,0,0,0.699675,0.7004697,0.8723181,1,0.9527028,0.8301754,0.779794,0.6738272,0,0,0,0,0,0,0,0,0,0,0,0,0,0,0,0,0,0,0,0,0,0,0,0,0,0,0.7988181,0.855224,0.9514913,1,0.9789903,0.892441,0.8418286,0,0,0,0,0,0,0,0,0,0,0,0
0,0,0,0,0,0,0,0,0,0,0,0,0,0.7665814,0.8169371,0.9412895,1,0.8660354,0.7340801,0,0,0,0,0,0,0,0,0,0,0,0,0,0,0,0,0,0,0,0,0,0,0,0,0,0,0,0,0,0.834051,1,0.9918066,0.9563021,0.8402025,0,0,0,0,0,0,0,0,0,0,0,0,0,0,0,0,0,0,0,0,0,0,0,0,0,0,0,0.8019829,0.9696047,1,0.8444574,0.7354724,0,0,0,0,0,0,0,0,0,0,0,0,0,0,0,0,0,0,0,0,0,0,0,0,0,0,0,0.7058786,0.7041316,0.8435501,1,0.9585914,0.6754742,0,0,0,0,0,0,0,0,0,0,0,0,0,0,0,0,0,0,0,0,0,0,0,0,0,0,0,0,0,0.9091272,1,0.9944924,0.9006801,0.8213439,0,0,0,0,0,0,0,0,0,0,0,0,0
