GestureName: zigzag
Duration(ms): 1410
Handedness: right

SpeakerAngles: 5
55
-55
0
0
110

SpeakerElevations: 5
-10
-10
-10
0
30

InterpretedPoints: 30
0.799616886873824,-1.83352691020122,-0.152703644666139
-0.820888078587149,-7.1711473539149,0.562833599002373
-1.64886655441207,-12.3970857516763,-0.416221867996835
0.785436092398274,-9.47019623662809,-0.110814578664557
-0.827978475824924,-5.45500398964029,0.0628335990023732
1.6134145682232,-3.09934054895166,0.694592710667721
0,0,0
0.820888078587149,1.94208176203599,0.479055466999209
0.00709039723777505,3.25347214174981,0.152703644666139
0.842159270300473,8.71769043427321,1.11081457866456
3.24810032815972,7.89014146817667,0.110814578664557
1.62759536269875,9.73600987537853,-0.736481776669304
3.24810032815972,5.76041642524942,0.458110933998418
0,0,0
0,0,0
0,0,0
-1.62050496546097,-2.38319718467706,0.194592710667721
-3.24100993092194,-6.63666932642686,0.0418890660015822
-1.62759536269875,-8.75120212236632,0.562833599002373
0,-0.984807753012208,0.17364817766693
0,0,0
0,0,0
0,0,0
1.62050496546097,2.2686643887376,0.32635182233307
0.813797681349374,4.81833466321343,-0.0209445330007911
0.806707284111599,4.82431260731812,-0.868240888334652
2.44139304404812,6.34047119370084,0.458110933998418
0.00709039723777505,1.2686643887376,0.32635182233307
0,0,0
0,0,0

StrokePoints: 31
0,0,0
0.799616886873824,-1.83352691020122,-0.152703644666139
-0.0212711917133254,-9.00467426411612,0.410129954336234
-1.6701377461254,-21.4017600157924,-0.00609191366060169
-0.884701653727124,-30.8719562524205,-0.116906492325159
-1.71268012955205,-36.3269602420608,-0.0540728933227856
-0.09926556132885,-39.4263007910125,0.640519817344936
-0.09926556132885,-39.4263007910125,0.640519817344936
0.721622517258299,-37.4842190289765,1.11957528434414
0.728712914496074,-34.2307468872267,1.27227892901028
1.57087218479655,-25.5130564529535,2.38309350767484
4.81897251295627,-17.6229149847768,2.4939080863394
6.44656787565501,-7.88690510939825,1.75742630967009
9.69466820381473,-2.12648868414883,2.21553724366851
9.69466820381473,-2.12648868414883,2.21553724366851
9.69466820381473,-2.12648868414883,2.21553724366851
9.69466820381473,-2.12648868414883,2.21553724366851
8.07416323835376,-4.50968586882588,2.41012995433623
4.83315330743182,-11.1463551952527,2.45201902033781
3.20555794473307,-19.8975573176191,3.01485261934019
3.20555794473307,-20.8823650706313,3.18850079700712
3.20555794473307,-20.8823650706313,3.18850079700712
3.20555794473307,-20.8823650706313,3.18850079700712
3.20555794473307,-20.8823650706313,3.18850079700712
4.82606291019404,-18.6137006818937,3.51485261934019
5.63986059154341,-13.7953660186802,3.4939080863394
6.44656787565501,-8.97105341136213,2.62566719800475
8.88796091970313,-2.63058221766129,3.08377813200316
8.89505131694091,-1.36191782892369,3.41012995433623
8.89505131694091,-1.36191782892369,3.41012995433623
8.89505131694091,-1.36191782892369,3.41012995433623

Velocities: 30
0,-2,0
-2,-3,-4
-2,-5,-5
-1,-5,-2
-2,-4,-3
0,-2,-2
0,0,0
0,1,2
0,1,1
0,4,4
3,2,3
3,3,4
2,1,3
0,0,0
0,0,0
0,0,0
-2,-1,-1
-3,-1,-2
-3,-3,-3
0,0,-1
0,0,0
0,0,0
0,0,0
1,0,0
1,1,1
3,2,0
2,2,2
0,1,0
0,0,0
0,0,0

InverseVelocities: 30
0,0,0
0,0,0
0,0,0
0,0,0
0,0,0
0,0,0
0,0,0
0,0,0
0,0,0
0,0,0
0,0,0
0,0,-1
0,0,-1
0,0,0
0,0,0
0,0,0
0,0,0
0,0,0
0,0,0
0,0,0
0,0,0
0,0,0
0,0,0
0,0,0
0,0,0
0,0,0
0,0,0
0,0,0
0,0,0
0,0,0

RawData: 30
0,0,0,0,0,0,0,0,0,0,0,0,0,0,0.6243966,0.9356462,1,0.8873672,0,0,0,0,0,0,0,0,0,0,0,0,0,0,0,0,0,0,0,0,0,0,0,0,0,0,0.7158094,0.8495527,0.9069297,0.9022711,0.9125878,1,0.9511798,0,0,0,0,0,0,0,0,0,0,0,0,0,0,0,0,0,0,0,0,0,0,0,0,0,0,0,0,0.5965127,0.7090055,0.9511471,1,0.8787457,0,0,0,0,0,0,0,0,0,0,0,0,0,0,0,0,0,0,0,0,0,0,0,0,0,0,0,0.6506335,0.7465281,0.7565078,0.867896,1,0.9543747,0.6598017,0,0,0,0,0,0,0,0,0,0,0,0,0,0,0,0,0,0,0,0,0,0,0,0,0,0,0.7413795,0.7728845,0.7754328,0.7780579,0.9615458,1,0.8341783,0,0,0,0,0,0,0,0,0,0,0,0,0,0
0,0,0,0,0,0,0,0,0,0,0,0.712139,0.7246112,0,0,0.9230877,1,0.9043283,0,0,0,0,0,0,0,0,0,0,0,0,0,0,0,0,0,0,0,0,0,0,0,0,0,0.8799908,0.9223813,0.870939,0,0,0.7866192,1,0.9789861,0,0,0,0,0,0,0,0,0,0,0,0,0,0,0,0,0,0,0,0,0,0,0,0,0.6606765,0.7117291,0.6879881,0,0.629397,0.6984784,0.9460799,1,0.8890113,0,0,0,0,0,0,0,0,0,0,0,0,0,0,0,0,0,0,0,0,0,0,0,0,0,0,0,0.690137,0,0.6362286,0.874964,1,0.9580079,0.686613,0,0,0,0,0,0,0,0,0,0,0,0,0,0,0,0,0,0,0,0,0,0,0,0,0,0.732601,0.81612,0,0,0.7918777,0.9660393,1,0.8403234,0,0,0,0,0,0,0,0,0,0,0,0,0,0
0,0,0,0,0,0,0,0,0,0,0,0.6872027,0.6691328,0.6218058,0.6818509,0.9169998,1,0.9112583,0,0,0,0,0,0,0,0,0,0,0,0,0,0,0,0,0,0,0,0,0,0,0,0.7691458,0.7682766,0.7238691,0.8118568,0.7534415,0,0,0,1,0.9948501,0,0,0,0,0,0,0,0,0,0,0,0,0,0,0,0,0,0,0,0,0,0,0,0.5802388,0.6368461,0.6109146,0.6412472,0.6256896,0.6601128,0.6806725,0.9383011,1,0.8928372,0,0,0,0,0,0,0,0,0,0,0,0,0,0,0,0,0,0,0,0,0,0,0,0.6404682,0.6905218,0.6364197,0,0.6527411,0.6263146,0,0.834078,1,0.9750522,0.7190495,0,0,0,0,0,0,0,0,0,0,0,0,0,0,0,0,0,0,0,0,0,0,0.6862026,0.688966,0,0.779834,0.7798441,0.6960697,0.7303741,0.7604162,0.9097763,1,0.8481821,0,0,0,0,0,0,0,0,0,0,0,0,0,0
0,0,0,0,0,0,0,0,0,0,0,0,0.6789159,0.6570601,0.706021,0.8884116,1,0.9198155,0,0,0,0,0,0,0,0,0,0,0,0,0,0,0,0,0,0,0,0,0,0,0,0.8176874,0.8657302,0.8269591,0.8489848,0.8710141,0.8272606,0,0.8646703,1,0.9752271,0,0,0,0,0,0,0,0,0,0,0,0,0,0,0,0,0,0,0,0,0,0,0,0,0,0,0.6460057,0.6093138,0,0.6118497,0.9327099,1,0.902343,0,0,0,0,0,0,0,0,0,0,0,0,0,0,0,0,0,0,0,0,0,0,0,0.6478302,0.6449627,0,0,0,0.6994885,0.7174892,0.8275869,1,0.9808551,0.7367954,0,0,0,0,0,0,0,0,0,0,0,0,0,0,0,0,0,0,0,0,0,0,0,0,0.7268207,0.7277881,0.7358625,0.6787649,0,0.7972804,0.9607767,1,0.8682838,0,0,0,0,0,0,0,0,0,0,0,0,0,0
0,0,0,0,0,0,0,0,0,0,0,0.7284106,0.7553624,0.7214664,0.7547237,0.9268635,1,0.9193991,0,0,0,0,0,0,0,0,0,0,0,0,0,0,0,0,0,0,0,0,0,0,0,0,0.8041185,0,0.8571578,0.8701931,0.8742413,0.8624971,0.8336502,0.9967074,1,0.8024266,0,0,0,0,0,0,0,0,0,0,0,0,0,0,0,0,0,0,0,0,0,0,0,0,0.6840084,0.6957464,0.7492478,0.7367379,0.7485989,0.9441544,1,0.9109495,0,0,0,0,0,0,0,0,0,0,0,0,0,0,0,0,0,0,0,0,0,0,0,0,0,0,0,0,0,0.777634,0.8154833,1,0.9794787,0.7443861,0,0,0,0,0,0,0,0,0,0,0,0,0,0,0,0,0,0,0,0,0,0,0,0,0.7369567,0,0,0,0,0,0.936608,1,0.8915092,0,0,0,0,0,0,0,0,0,0,0,0,0,0
0,0,0,0,0,0,0,0,0,0,0,0,0,0,0,0.9120075,1,0.9228527,0,0,0,0,0,0,0,0,0,0,0,0,0,0,0,0,0,0,0,0,0,0,0,0,0,0,0.8234954,0.885493,0.8874546,0.8603091,0,0.9935299,1,0.7901604,0,0,0,0,0,0,0,0,0,0,0,0,0,0,0,0,0,0,0,0,0,0,0,0,0,0.7126242,0.7465156,0.7331265,0.7018647,0.9381871,1,0.9122827,0,0,0,0,0,0,0,0,0,0,0,0,0,0,0,0,0,0,0,0,0,0,0,0,0,0,0,0,0.7227902,0.7683635,0.8527384,1,0.9718259,0.7275711,0,0,0,0,0,0,0,0,0,0,0,0,0,0,0,0,0,0,0,0,0,0,0,0,0,0,0,0,0,0,0.9478682,1,0.8819686,0,0,0,0,0,0,0,0,0,0,0,0,0,0
0,0,0,0,0,0,0,0,0,0,0,0,0,0,0.6743886,0.9133096,1,0.9129361,0,0,0,0,0,0,0,0,0,0,0,0,0,0,0,0,0,0,0,0,0,0,0,0,0,0,0,0,0,0.7418687,0.7050417,0.9984435,1,0.8301548,0,0,0,0,0,0,0,0,0,0,0,0,0,0,0,0,0,0,0,0,0,0,0,0,0,0,0,0,0,0.9311567,1,0.9051334,0.573347,0,0,0,0,0,0,0,0,0,0,0,0,0,0,0,0,0,0,0,0,0,0,0,0,0,0,0,0,0.6243752,0.8396725,1,0.9719704,0.6905251,0.5982334,0,0,0,0,0,0,0,0,0,0,0,0,0,0,0,0,0,0,0,0,0,0,0,0,0,0,0,0,0.6433831,0.9386885,1,0.8653355,0,0,0,0,0,0,0,0,0,0,0,0,0,0
0,0,0,0,0,0,0,0,0,0,0,0,0,0,0,0.9008269,1,0.9120291,0,0,0,0,0,0,0,0,0,0,0,0,0,0,0,0,0,0,0,0,0,0,0,0,0,0,0,0,0,0,0.7610904,1,0.9887612,0.8258085,0.7949899,0.7111969,0,0,0,0,0,0,0,0,0,0,0,0,0,0,0,0,0,0,0,0,0,0,0,0,0,0,0,0.9332566,1,0.9020842,0,0.6227855,0.6221849,0.5749083,0,0,0,0,0,0,0,0,0,0,0,0,0,0,0,0,0,0,0,0,0,0,0,0,0,0,0.8388109,1,0.9806914,0.7697885,0,0,0,0,0,0,0,0,0,0,0,0,0,0,0,0,0,0,0,0,0,0,0,0,0,0,0,0,0,0,0.9395036,1,0.894744,0.7691308,0.7105907,0.6351489,0,0,0,0,0,0,0,0,0,0,0
0,0,0,0,0,0,0,0,0,0,0,0,0,0,0,0.9043351,1,0.9125416,0.7071599,0.653888,0,0,0,0,0,0,0,0,0,0,0,0,0,0,0,0,0,0,0,0,0,0,0,0,0,0,0,0,0.7850996,1,0.9968898,0.8812786,0.8035838,0.7884625,0,0,0,0,0,0,0,0,0,0,0,0,0,0,0,0,0,0,0,0,0,0,0,0,0,0,0,0.9351433,1,0.9006593,0.6936492,0.6257151,0.6218845,0,0,0,0,0,0,0,0,0,0,0,0,0,0,0,0,0,0,0,0,0,0,0,0,0,0,0,0.8527397,1,0.976816,0.7380993,0,0.6379212,0.6147631,0,0,0,0,0,0,0,0,0,0,0,0,0,0,0,0,0,0,0,0,0,0,0,0,0,0,0,0.9607279,1,0.8477312,0.7874461,0.8024895,0,0,0,0,0,0,0,0,0,0,0,0
0,0,0,0,0,0,0,0,0,0,0,0,0,0,0,0.8993482,1,0.9197258,0,0.6675413,0,0,0,0,0,0,0,0,0,0,0,0,0,0,0,0,0,0,0,0,0,0,0,0,0,0,0,0.6912957,0.768083,1,0.998536,0.8847657,0.8867257,0.7455904,0.7782249,0.7215621,0.7144721,0,0,0,0,0,0,0,0,0,0,0,0,0,0,0,0,0,0,0,0,0,0,0,0,0.9297928,1,0.9092656,0.7312807,0.6617989,0.6271018,0.604032,0.6257294,0.6087596,0,0,0,0,0,0,0,0,0,0,0,0,0,0,0,0,0,0,0,0,0,0,0,0,0.8369804,1,0.9729452,0.7073032,0.7410168,0.6728106,0,0.6147687,0.6663908,0,0,0,0,0,0,0,0,0,0,0,0,0,0,0,0,0,0,0,0,0,0,0,0,0.6691644,0.9435546,1,0.8995287,0.7897974,0.7364431,0.6764643,0.7580699,0.7982986,0.7297098,0,0,0,0,0,0,0,0
0,0,0,0,0,0,0,0,0,0,0,0,0,0,0,0.9153568,1,0.9119027,0,0,0,0.7004727,0.7265013,0,0,0,0,0,0,0,0,0,0,0,0,0,0,0,0,0,0,0,0,0,0,0,0,0,0.798973,1,0.9862936,0.7492802,0.8237218,0.8720376,0.7560208,0,0,0,0,0,0,0,0,0,0,0,0,0,0,0,0,0,0,0,0,0,0,0,0,0,0,0.9366155,1,0.9020045,0.6408674,0.7026088,0,0.6640294,0.6569244,0,0,0,0,0,0,0,0,0,0,0,0,0,0,0,0,0,0,0,0,0,0,0,0,0,0.8425252,1,0.9760582,0.7514533,0.6919849,0,0,0.6872758,0,0,0,0,0,0,0,0,0,0,0,0,0,0,0,0,0,0,0,0,0,0,0,0,0,0.7333998,0.958639,1,0.8492488,0.7191848,0.8026597,0.8111141,0.739386,0,0,0,0,0,0,0,0,0,0
0,0,0,0,0,0,0,0,0,0,0,0,0,0,0,0.9192968,1,0.8910955,0,0.673315,0.6917277,0.6817469,0.6332483,0,0,0,0,0,0,0,0,0,0,0,0,0,0,0,0,0,0,0,0,0,0,0,0,0.7082563,0.8308167,1,0.9584486,0.6499808,0.7948006,0.8150187,0.7551053,0.7133214,0,0,0,0,0,0,0,0,0,0,0,0,0,0,0,0,0,0,0,0,0,0,0.550561,0.5575508,0.6683206,0.9567867,1,0.8476895,0.7017264,0.6717129,0,0.578927,0.5826298,0.5856118,0,0,0,0,0,0,0,0,0,0,0,0,0,0,0,0,0,0,0,0,0,0,0,0,0.8602664,1,0.9548228,0.7082279,0.6870659,0.6769139,0.6765512,0.5763596,0,0,0,0,0,0,0,0,0,0,0,0,0,0,0,0,0,0,0,0,0,0,0,0,0,0.7314259,0.9749711,1,0.8270784,0,0,0.7419719,0,0,0,0,0,0,0,0,0,0,0
0,0,0,0,0,0,0,0,0,0,0,0,0,0,0,0.924309,1,0.8817624,0.7078463,0.716715,0.690938,0.587719,0,0,0,0,0,0,0,0,0,0,0,0,0,0,0,0,0,0,0,0,0,0,0,0,0,0.6663083,0.6959156,0.9957061,1,0.7499691,0.6828275,0.5782322,0,0,0,0,0,0,0,0,0,0,0,0,0,0,0,0,0,0,0,0,0,0,0,0,0.5195656,0.5814024,0.5921072,0.9458492,1,0.8728399,0.6275729,0.6536739,0.5077823,0.5547846,0.523461,0,0,0,0,0,0,0,0,0,0,0,0,0,0,0,0,0,0,0,0,0,0,0,0,0.51945,0.85513,1,0.9464996,0.6843333,0.6590909,0.5728898,0.5614885,0,0,0,0,0,0,0,0,0,0,0,0,0,0,0,0,0,0,0,0,0,0,0,0,0,0.6313481,0.661743,0.9476591,1,0.8806676,0.6209037,0.6723818,0.6739116,0.606867,0,0,0,0,0,0,0,0,0,0
0,0,0,0,0,0,0,0,0,0,0,0,0,0,0,0.9287385,1,0.9126198,0.7083732,0,0,0,0,0,0,0,0,0,0,0,0,0,0,0,0,0,0,0,0,0,0,0,0,0,0,0,0,0,0.8148154,1,0.9731944,0.7249722,0,0,0,0,0,0,0,0,0,0,0,0,0,0,0,0,0,0,0,0,0,0,0,0,0,0,0,0,0.6840441,0.9578012,1,0.8897102,0.683232,0,0,0,0,0,0,0,0,0,0,0,0,0,0,0,0,0,0,0,0,0,0,0,0,0,0,0,0,0,0.8552115,1,0.9626939,0.7382407,0,0,0,0,0,0,0,0,0,0,0,0,0,0,0,0,0,0,0,0,0,0,0,0,0,0,0,0,0,0.8004702,0.9419287,1,0.7734734,0,0,0,0,0,0,0,0,0,0,0,0,0,0
0,0,0,0,0,0,0,0,0,0,0,0,0,0,0.7322245,0.9484717,1,0.8820212,0,0,0,0,0,0,0,0,0,0,0,0,0,0,0,0,0,0,0,0,0,0,0,0,0,0,0,0,0,0.6344344,0.8754991,1,0.960186,0.6934765,0,0,0,0,0,0,0,0,0,0,0,0,0,0,0,0,0,0,0,0,0,0,0,0,0,0,0,0.5457988,0.7018463,0.9511297,1,0.8719627,0.5516791,0,0,0,0,0,0,0,0,0,0,0,0,0,0,0,0,0,0,0,0,0,0,0,0,0,0,0,0,0.5881326,0.8853624,1,0.9399113,0.5675882,0,0,0,0,0,0,0,0,0,0,0,0,0,0,0,0,0,0,0,0,0,0,0,0,0,0,0,0,0.6565853,0.8593138,1,0.984455,0.7798576,0,0,0,0,0,0,0,0,0,0,0,0,0,0
0,0,0,0,0,0,0,0,0,0,0,0,0,0,0.6955019,0.9128594,1,0.8931019,0,0,0,0,0,0,0,0,0,0,0,0,0,0,0,0,0,0,0,0,0,0,0,0,0,0,0,0,0.7715116,0.8679811,0.8822054,1,0.97227,0.7071864,0,0,0,0,0,0,0,0,0,0,0,0,0,0,0,0,0,0,0,0,0,0,0,0,0,0,0,0.6284749,0.6724721,0.9548175,1,0.8825668,0,0,0,0,0,0,0,0,0,0,0,0,0,0,0,0,0,0,0,0,0,0,0,0,0,0,0,0,0.6890317,0.7604792,0.8539613,1,0.9525049,0,0,0,0,0,0,0,0,0,0,0,0,0,0,0,0,0,0,0,0,0,0,0,0,0,0,0,0,0.7799127,0.825397,0,0.9662337,1,0.8271384,0,0,0,0,0,0,0,0,0,0,0,0,0,0
0,0,0,0,0,0,0,0,0,0,0,0.6927967,0.7825131,0.7936717,0.729928,0.9270405,1,0.8951877,0,0,0,0,0,0,0,0,0,0,0,0,0,0,0,0,0,0,0,0,0,0,0,0,0,0,0,0.7575199,0.8354167,0.8508524,0.8518701,1,0.9768694,0.6583397,0,0,0,0,0,0,0,0,0,0,0,0,0,0,0,0,0,0,0,0,0,0,0,0,0,0,0.6583653,0.6811563,0.5880251,0.9491773,1,0.8760352,0,0,0,0,0,0,0,0,0,0,0,0,0,0,0,0,0,0,0,0,0,0,0,0,0,0,0,0,0.6569589,0.7006198,0.8827546,1,0.9514598,0.6475119,0,0,0,0,0,0,0,0,0,0,0,0,0,0,0,0,0,0,0,0,0,0,0,0,0,0,0.6523511,0.8078323,0.8134721,0.8237766,0.9545931,1,0.8583258,0,0,0,0,0,0,0,0,0,0,0,0,0,0
0,0,0,0,0,0,0,0,0,0,0.6640157,0.7306399,0.6947098,0.668929,0.7388067,0.9358562,1,0.9018782,0,0,0,0,0,0,0,0,0,0,0,0,0,0,0,0,0,0,0,0,0,0,0,0,0,0,0,0.7662569,0.8449315,0.8337165,0.8738924,1,0.9582524,0.7123382,0.6799375,0,0,0,0,0,0,0,0,0,0,0,0,0,0,0,0,0,0,0,0,0,0,0,0,0.5999461,0.6989816,0.6968483,0.7549011,0.9574942,1,0.8785319,0,0,0,0,0,0,0,0,0,0,0,0,0,0,0,0,0,0,0,0,0,0,0,0,0,0.6131663,0.6620057,0.7034639,0.6646196,0.7402389,0.8560852,1,0.9579439,0.6662038,0,0,0,0,0,0,0,0,0,0,0,0,0,0,0,0,0,0,0,0,0,0,0,0,0,0.7342778,0.766992,0.7508351,0.7461861,0.6637518,0.96714,1,0.841085,0.6507528,0,0,0,0,0,0,0,0,0,0,0,0,0
0,0,0,0,0,0,0,0,0,0,0.6647458,0.704895,0.7119076,0.6833813,0.6465524,0.9334042,1,0.8831072,0,0,0,0,0,0,0,0,0,0,0,0,0,0,0,0,0,0,0,0,0,0,0,0,0,0.6737745,0.7900771,0.8458617,0.7224913,0.7963921,0.8691643,1,0.9789996,0.7077997,0.6495757,0,0,0,0,0,0,0,0,0,0,0,0,0,0,0,0,0,0,0,0,0,0,0,0.582372,0.6360527,0.6367311,0.7171627,0.7585731,0.9502594,1,0.8785965,0,0,0,0,0,0,0,0,0,0,0,0,0,0,0,0,0,0,0,0,0,0,0,0,0,0.6693327,0.6504075,0.6185988,0.6876642,0.744201,0.8498904,1,0.9517807,0.6341867,0,0,0,0,0,0,0,0,0,0,0,0,0,0,0,0,0,0,0,0,0,0,0,0,0,0.6519758,0.648514,0.6520678,0.6349999,0.810228,0.9771994,1,0.8381,0.642625,0,0,0,0,0,0,0,0,0,0,0,0,0
0,0,0,0,0,0,0,0,0,0,0,0,0,0,0.7639178,0.9390924,1,0.8963595,0,0,0,0,0,0,0,0,0,0,0,0,0,0,0,0,0,0,0,0,0,0,0,0,0,0,0,0,0.8891337,0.8115214,0.8452935,1,0.9825537,0,0,0,0,0,0,0,0,0,0,0,0,0,0,0,0,0,0,0,0,0,0,0,0,0,0,0,0.7291583,0.7487723,0.6943818,0.958849,1,0.8926975,0,0,0,0,0,0,0,0,0,0,0,0,0,0,0,0,0,0,0,0,0,0,0,0,0,0,0,0,0,0.6916656,0.893347,1,0.9572232,0.6998729,0,0,0,0,0,0,0,0,0,0,0,0,0,0,0,0,0,0,0,0,0,0,0,0,0,0,0,0,0,0.8278833,0.9677227,1,0.8574164,0,0,0,0,0,0,0,0,0,0,0,0,0,0
0,0,0,0,0,0,0,0,0,0,0,0,0,0.5580572,0.6099388,0.9271483,1,0.8788076,0,0,0,0,0,0,0,0,0,0,0,0,0,0,0,0,0,0,0,0,0,0,0,0,0,0,0,0,0.7982054,0.9160255,0.9544703,1,0.9465641,0.6861863,0,0,0,0,0,0,0,0,0,0,0,0,0,0,0,0,0,0,0,0,0,0,0,0,0,0,0,0.6193947,0.5818996,0.9485673,1,0.8604974,0,0,0,0,0,0,0,0,0,0,0,0,0,0,0,0,0,0,0,0,0,0,0,0,0,0,0,0,0,0.6176947,0.8660553,1,0.9524047,0.6525787,0,0,0,0,0,0,0,0,0,0,0,0,0,0,0,0,0,0,0,0,0,0,0,0,0,0,0,0.6514161,0.7714258,0.7253047,0.9613307,1,0.8181706,0,0,0,0,0,0,0,0,0,0,0,0,0,0
0,0,0,0,0,0,0,0,0,0,0,0,0,0,0,0.9057527,1,0.8869485,0,0,0,0,0,0,0,0,0,0,0,0,0,0,0,0,0,0,0,0,0,0,0,0,0,0,0,0,0,0.8353205,0.9464485,0.9389688,1,0.8165909,0,0,0,0,0,0,0,0,0,0,0,0,0,0,0,0,0,0,0,0,0,0,0,0,0,0,0,0,0.6609972,0.9538855,1,0.8705195,0,0,0,0,0,0,0,0,0,0,0,0,0,0,0,0,0,0,0,0,0,0,0,0,0,0,0,0,0,0,0.8719242,1,0.9561824,0.6381404,0,0,0,0,0,0,0,0,0,0,0,0,0,0,0,0,0,0,0,0,0,0,0,0,0,0,0,0,0,0.7596543,0.9505309,1,0.8520131,0,0,0,0,0,0,0,0,0,0,0,0,0,0
0,0,0,0,0,0,0,0,0,0,0,0,0,0,0,0.9408433,1,0.9018525,0,0,0,0,0,0,0,0,0,0,0,0,0,0,0,0,0,0,0,0,0,0,0,0,0,0,0,0,0,0,0.8530106,1,0.8848675,0.8884355,0,0,0,0,0,0,0,0,0,0,0,0,0,0,0,0,0,0,0,0,0,0,0,0,0,0,0,0,0.6834868,0.9590719,1,0.876788,0,0,0,0,0,0,0,0,0,0,0,0,0,0,0,0,0,0,0,0,0,0,0,0,0,0,0,0,0,0,0.8777153,1,0.9633754,0,0,0,0,0,0,0,0,0,0,0,0,0,0,0,0,0,0,0,0,0,0,0,0,0,0,0,0,0,0,0,0.9729118,1,0.8445888,0,0,0,0,0,0,0,0,0,0,0,0,0,0
0,0,0,0,0,0,0,0,0,0,0,0,0,0,0,0.9194185,1,0.8962334,0.6283448,0.728421,0.6592954,0,0,0,0,0,0,0,0,0,0,0,0,0,0,0,0,0,0,0,0,0,0,0,0,0,0,0,0.8332548,1,0.9878113,0.8604853,0.7344088,0,0,0,0,0,0,0,0,0,0,0,0,0,0,0,0,0,0,0,0,0,0,0,0,0,0,0,0.6219866,0.9468867,1,0.8800201,0.6780359,0,0,0,0,0,0,0,0,0,0,0,0,0,0,0,0,0,0,0,0,0,0,0,0,0,0,0,0,0,0.8746679,1,0.9454093,0.5998479,0.6425868,0.6204124,0.584146,0,0,0,0,0,0,0,0,0,0,0,0,0,0,0,0,0,0,0,0,0,0,0,0,0,0.6881981,0.7862408,0.9539629,1,0.8864955,0.8030867,0.7619304,0,0,0,0,0,0,0,0,0,0,0,0
0,0,0,0,0,0,0,0,0,0,0,0,0,0,0.723715,0.8944726,1,0.9088201,0.7264196,0,0.729368,0,0,0,0,0,0,0,0,0,0,0,0,0,0,0,0,0,0,0,0,0,0,0,0,0,0,0,0.838196,1,0.9517915,0.8623318,0.9076787,0.8161767,0,0,0,0,0,0,0,0,0,0,0,0,0,0,0,0,0,0,0,0,0,0,0,0,0,0,0,0.9379374,1,0.8924488,0.7191764,0.7541261,0.6873805,0,0,0,0,0,0,0,0,0,0,0,0,0,0,0,0,0,0,0,0,0,0,0,0,0,0,0,0.8531335,1,0.9765344,0.8052743,0.738276,0.6580474,0.6555284,0.6394991,0,0,0,0,0,0,0,0,0,0,0,0,0,0,0,0,0,0,0,0,0,0,0,0,0.715991,0.720716,0.9680204,1,0.8526819,0.864086,0.8204255,0,0,0,0,0,0,0,0,0,0,0,0
0,0,0,0,0,0,0,0,0,0,0,0,0,0,0,0.9001235,1,0.9372009,0.6904401,0.6942822,0,0.7935449,0.7551604,0,0,0,0,0,0,0,0,0,0,0,0,0,0,0,0,0,0,0,0,0,0,0,0.7231767,0.7503941,0.842977,1,0.9969923,0.8357263,0,0.8252785,0.7448621,0,0,0,0,0,0,0,0,0,0,0,0,0,0,0,0,0,0,0,0,0,0,0,0,0.667676,0.6569657,0.9352818,1,0.9073371,0.7318631,0.7308357,0,0,0,0,0,0,0,0,0,0,0,0,0,0,0,0,0,0,0,0,0,0,0,0,0,0,0.7159649,0.7061111,0.8524765,1,0.9724361,0.771157,0.7885455,0,0.66574,0,0,0,0,0,0,0,0,0,0,0,0,0,0,0,0,0,0,0,0,0,0,0,0,0.735185,0.7363628,0.7848826,0.9626304,1,0.8443437,0.7599994,0,0,0,0,0,0,0,0,0,0,0,0,0
0,0,0,0,0,0,0,0,0,0,0,0,0,0,0,0.907416,1,0.9249271,0.7837014,0.7966112,0.8040717,0.7556834,0,0,0,0,0,0,0,0,0,0,0,0,0,0,0,0,0,0,0,0,0,0,0,0,0,0,0.8091071,1,0.9794126,0.7800958,0.7743731,0.8170798,0.7333465,0,0,0,0,0,0,0,0,0,0,0,0,0,0,0,0,0,0,0,0,0,0,0,0,0,0.666011,0.9409083,1,0.8949679,0.7382393,0.7657653,0.7057069,0.6131101,0,0,0,0,0,0,0,0,0,0,0,0,0,0,0,0,0,0,0,0,0,0,0,0.6614346,0.6173955,0.6300943,0.8073075,1,0.9855199,0.7270851,0.7946907,0.8213103,0.7373931,0.6258392,0,0,0,0,0,0,0,0,0,0,0,0,0,0,0,0,0,0,0,0,0,0,0,0.7513804,0.7734668,0.7466378,0.9727565,1,0.8480926,0,0.7964461,0.7981644,0.7334048,0,0,0,0,0,0,0,0,0,0
0,0,0,0,0,0,0,0,0,0,0,0,0,0,0,0.9007576,1,0.9570278,0.8618417,0.7423095,0,0,0,0,0,0,0,0,0,0,0,0,0,0,0,0,0,0,0,0,0,0,0,0,0,0,0,0,0.8219197,1,0.9765611,0.741332,0.8009449,0.753903,0,0,0,0,0,0,0,0,0,0,0,0,0,0,0,0,0,0,0,0,0,0,0,0,0,0.6230701,0.6746469,0.9385517,1,0.9024175,0.671737,0.6549953,0,0,0,0,0,0,0,0,0,0,0,0,0,0,0,0,0,0,0,0,0,0,0,0,0,0.6737752,0.6786918,0.7164652,0.7587081,1,0.9946451,0.8400541,0.767003,0.6905315,0,0,0,0,0,0,0,0,0,0,0,0,0,0,0,0,0,0,0,0,0,0,0,0,0,0.744408,0,0.8057312,0.9471823,1,0.8103765,0.8286018,0.7673549,0,0,0,0,0,0,0,0,0,0,0,0
0,0,0,0,0,0,0,0,0,0,0,0,0,0,0.6282085,0.885112,1,0.9090225,0,0,0,0,0,0,0,0,0,0,0,0,0,0,0,0,0,0,0,0,0,0,0,0,0,0,0,0,0,0.6388128,0.7031803,0.9860889,1,0.8224812,0,0,0,0,0,0,0,0,0,0,0,0,0,0,0,0,0,0,0,0,0,0,0,0,0,0,0,0,0.5872892,0.9358419,1,0.8794531,0.6185933,0,0,0,0,0,0,0,0,0,0,0,0,0,0,0,0,0,0,0,0,0,0,0,0,0,0,0,0,0.5797582,0.8231341,1,0.9831709,0.8061939,0.6084054,0,0,0,0,0,0,0,0,0,0,0,0,0,0,0,0,0,0,0,0,0,0,0,0,0,0,0,0,0,0.939297,1,0.8265256,0.7273556,0,0,0,0,0,0,0,0,0,0,0,0,0
0,0,0,0,0,0,0,0,0,0,0,0,0,0,0,0.9206771,1,0.8841944,0,0,0,0,0,0,0,0,0,0,0,0,0,0,0,0,0,0,0,0,0,0,0,0,0,0,0,0,0,0,0.8195422,1,0.9849936,0.728809,0,0,0,0,0,0,0,0,0,0,0,0,0,0,0,0,0,0,0,0,0,0,0,0,0,0,0,0,0,0.9273553,1,0.9088055,0.5300206,0,0,0,0,0,0,0,0,0,0,0,0,0,0,0,0,0,0,0,0,0,0,0,0,0,0,0,0,0,0.8401752,1,0.9669278,0.6777462,0,0,0,0,0,0,0,0,0,0,0,0,0,0,0,0,0,0,0,0,0,0,0,0,0,0,0,0,0,0,0.9219278,1,0.86019,0,0,0,0,0,0,0,0,0,0,0,0,0,0
