GestureName: check
Duration(ms): 987
Handedness: right

SpeakerAngles: 5
55
-55
0
0
110

SpeakerElevations: 5
-10
-10
-10
0
30

InterpretedPoints: 21
1.63468575993652,-2.33892412370224,1.15270364466614
0.827978475824924,1.24113064474918,1.15270364466614
-0.799616886873823,3.93286745915289,-0.541889066001582
0.820888078587149,4.94208176203599,0.479055466999209
0,0,0
0,0,0
0,0,0
0,0,0
0,-0.984807753012208,0.17364817766693
-2.4484834412859,-4.30410875562057,-0.958110933998418
0,-4.22906559187891,1.04188906600158
0,0,0
0,0,0
0,0,0
0,0,0
-0.806707284111599,15.7635436193669,-1.56283359900237
8.11670562178041,15.7894972392364,1.2425736903299
4.86151489638292,10.7300319312738,0.110814578664557
0.813797681349374,1.68860962028618,0.32635182233307
-3.26937151987305,7.87652934530781,-3.69459271066772
0,0,0

StrokePoints: 22
0,0,0
1.63468575993652,-2.33892412370224,1.15270364466614
2.46266423576145,-1.09779347895306,2.30540728933228
1.66304734888762,2.83507398019982,1.7635182233307
2.48393542747477,7.77715574223581,2.24257369032991
2.48393542747477,7.77715574223581,2.24257369032991
2.48393542747477,7.77715574223581,2.24257369032991
2.48393542747477,7.77715574223581,2.24257369032991
2.48393542747477,7.77715574223581,2.24257369032991
2.48393542747477,6.79234798922361,2.41622186799684
0.0354519861888751,2.48823923360304,1.45811093399842
0.0354519861888751,-1.74082635827587,2.5
0.0354519861888751,-1.74082635827587,2.5
0.0354519861888751,-1.74082635827587,2.5
0.0354519861888751,-1.74082635827587,2.5
0.0354519861888751,-1.74082635827587,2.5
-0.771255297922723,14.0227172610911,0.937166400997627
7.34545032385769,29.8122145003275,2.17974009132753
12.2069652202406,40.5422464316014,2.29055466999209
13.02076290159,42.2308560518876,2.61690649232516
9.75139138171694,50.1073853971954,-1.07768621834256
9.75139138171694,50.1073853971954,-1.07768621834256

Velocities: 21
0,1,1
0,2,0
1,3,2
0,1,2
0,0,0
0,0,0
0,0,0
0,0,0
0,0,-1
0,-1,-5
-2,-2,-2
0,0,0
0,0,0
0,0,0
0,0,0
2,3,4
5,2,6
3,0,5
0,0,1
2,0,2
0,0,0

InverseVelocities: 21
0,0,0
0,0,0
0,0,0
0,0,0
0,0,0
0,0,0
0,0,0
0,0,0
0,0,0
0,0,0
0,0,0
0,0,0
0,0,0
0,0,0
0,0,0
0,0,0
0,0,0
0,0,0
0,0,0
0,0,-3
0,0,0

RawData: 21
0,0,0,0,0,0,0,0,0,0,0,0,0,0.6946789,0.7823911,0.9263111,1,0.879485,0.7316788,0,0,0,0,0,0,0,0,0,0,0,0,0,0,0,0,0,0,0,0,0,0,0,0,0,0,0,0,0.7079093,0.8123536,1,0.9472558,0.7210312,0.770191,0.7557462,0,0,0,0,0,0,0,0,0,0,0,0,0,0,0,0,0,0,0,0,0,0,0,0,0,0,0.7409734,0.9583036,1,0.8551659,0,0.6581106,0.656917,0,0,0,0,0,0,0,0,0,0,0,0,0,0,0,0,0,0,0,0,0,0,0.6875618,0.7507024,0.7808322,0.8030228,0.7767769,0.7779317,1,0.9770417,0,0,0,0,0,0,0,0,0,0,0,0,0,0,0,0,0,0,0,0,0,0,0,0,0,0,0.661463,0.6824139,0.675303,0.7255986,0.7932656,0.9881988,1,0.7437221,0.7026916,0,0.6353853,0.7179339,0,0,0,0,0,0,0,0,0,0
0,0,0,0,0,0,0,0,0,0,0,0,0,0,0,0.9398965,1,0.9419881,0.8308712,0,0,0,0,0,0,0,0,0,0,0,0,0,0,0,0,0,0,0,0,0,0,0,0,0,0,0,0,0,0.8854701,1,0.9559517,0.8558885,0.8513761,0.848037,0.8554916,0,0,0,0,0,0,0,0,0,0,0,0,0,0,0,0,0,0,0,0,0,0,0,0,0,0,0.9467453,1,0.8968115,0.7807361,0.7427434,0,0,0,0,0,0,0,0,0,0,0,0,0,0,0,0,0,0,0,0,0,0,0,0,0,0,0,0,0.8791198,1,0.9639412,0.8162103,0.8086427,0.7810761,0,0,0,0,0,0,0,0,0,0,0,0,0,0,0,0,0,0,0,0,0,0,0,0,0,0,0,0.8074258,0.9896504,1,0.8020269,0.7974916,0.7619381,0.773981,0.7634652,0,0,0,0,0,0,0,0,0,0
0,0,0,0,0,0,0,0,0,0,0,0,0,0,0,0.9303577,1,0.8473881,0.7670261,0.6853097,0.6771147,0,0,0,0,0,0,0,0,0,0,0,0,0,0,0,0,0,0,0,0,0,0,0,0,0,0,0,0.868197,0.9999937,1,0.9791029,0.9309574,0.8543257,0.9682133,0.8922067,0,0,0,0,0,0,0,0,0,0,0,0,0,0,0,0,0,0,0,0,0,0,0,0,0.7123687,0.9504092,1,0.8720815,0.7342792,0,0.7223032,0.7014854,0,0,0,0,0,0,0,0,0,0,0,0,0,0,0,0,0,0,0,0,0,0,0,0,0,0.7121513,0.8972592,1,0.9247285,0.7730334,0.7468808,0,0,0,0,0,0,0,0,0,0,0,0,0,0,0,0,0,0,0,0,0,0,0,0,0,0,0,0,0.7477856,0.9740207,1,0.8056204,0.7947555,0.7535369,0,0,0,0,0,0,0,0,0,0,0,0
0,0,0,0,0,0,0,0,0,0,0,0,0,0,0,0.9082806,1,0.9098539,0.65548,0,0,0,0,0,0,0,0,0,0,0,0,0,0,0,0,0,0,0,0,0,0,0,0,0,0,0,0,0,0,0.9670012,1,0.9161597,0.8141304,0.8673625,0,0,0,0,0,0,0,0,0,0,0,0,0,0,0,0,0,0,0,0,0,0,0,0,0,0,0.6520506,0.9422517,1,0.8962437,0,0,0.661734,0.6152387,0,0,0,0,0,0,0,0,0,0,0,0,0,0,0,0,0,0,0,0,0,0,0,0,0,0,0.7089345,0.9924728,1,0.7980936,0,0,0.731328,0.6965207,0,0,0,0,0,0,0,0,0,0,0,0,0,0,0,0,0,0,0,0,0,0,0,0,0,0.6462697,0.9518625,1,0.8663836,0.7487543,0.6681893,0.7238681,0,0,0,0,0,0,0,0,0,0,0
0,0,0,0,0,0,0,0,0,0,0,0,0,0,0,0.9037399,1,0.9234114,0,0,0,0,0,0,0,0,0,0,0,0,0,0,0,0,0,0,0,0,0,0,0,0,0,0,0,0,0,0,0.7624175,0.9720912,1,0.8793599,0,0,0,0,0,0,0,0,0,0,0,0,0,0,0,0,0,0,0,0,0,0,0,0,0,0,0,0,0,0.9306818,1,0.9011877,0.6327267,0.6101837,0,0,0,0,0,0,0,0,0,0,0,0,0,0,0,0,0,0,0,0,0,0,0,0,0,0,0,0,0.8320763,1,0.9703981,0.7138453,0.661696,0,0,0,0,0,0,0,0,0,0,0,0,0,0,0,0,0,0,0,0,0,0,0,0,0,0,0,0,0,0.9603945,1,0.7730948,0.7883427,0,0,0,0,0,0,0,0,0,0,0,0,0
0,0,0,0,0,0,0,0,0,0,0,0,0,0,0,0.9028509,1,0.9062349,0.6374487,0,0,0,0,0,0,0,0,0,0,0,0,0,0,0,0,0,0,0,0,0,0,0,0,0,0,0,0,0,0,1,0.9993902,0,0,0,0,0,0,0,0,0,0,0,0,0,0,0,0,0,0,0,0,0,0,0,0,0,0,0,0,0,0,0.9273646,1,0.889199,0,0,0,0,0,0,0,0,0,0,0,0,0,0,0,0,0,0,0,0,0,0,0,0,0,0,0,0,0,0,0.8237227,1,0.9794794,0.7489269,0,0,0,0,0,0,0,0,0,0,0,0,0,0,0,0,0,0,0,0,0,0,0,0,0,0,0,0,0,0,0.9480226,1,0.8486249,0.6368385,0,0,0,0,0,0,0,0,0,0,0,0,0
0,0,0,0,0,0,0,0,0,0,0,0,0,0,0,0.9231411,1,0.879683,0,0,0,0,0,0,0,0,0,0,0,0,0,0,0,0,0,0,0,0,0,0,0,0,0,0,0,0,0,0,0.7904403,1,0.9942685,0,0,0,0,0,0,0,0,0,0,0,0,0,0,0,0,0,0,0,0,0,0,0,0,0,0,0,0,0,0,0.9281455,1,0.8982393,0,0,0,0,0,0,0,0,0,0,0,0,0,0,0,0,0,0,0,0,0,0,0,0,0,0,0,0,0,0,0.8380033,1,0.9765305,0.7354343,0,0,0,0,0,0,0,0,0,0,0,0,0,0,0,0,0,0,0,0,0,0,0,0,0,0,0,0,0,0,0.9525224,1,0.8558348,0,0,0,0,0,0,0,0,0,0,0,0,0,0
0,0,0,0,0,0,0,0,0,0,0,0,0,0,0,0.8726088,1,0.9279218,0,0,0,0,0,0,0,0,0,0,0,0,0,0,0,0,0,0,0,0,0,0,0,0,0,0,0,0,0,0,0.8350557,0.9966853,1,0,0,0,0,0,0,0,0,0,0,0,0,0,0,0,0,0,0,0,0,0,0,0,0,0,0,0,0,0,0.6524727,0.9077218,1,0.9035826,0,0,0,0,0,0,0,0,0,0,0,0,0,0,0,0,0,0,0,0,0,0,0,0,0,0,0,0,0,0,0.8373772,1,0.9680229,0.688067,0,0,0,0,0,0,0,0,0,0,0,0,0,0,0,0,0,0,0,0,0,0,0,0,0,0,0,0,0,0.7293336,0.953228,1,0.8800194,0,0,0,0,0,0,0,0,0,0,0,0,0,0
0,0,0,0,0,0,0,0,0,0,0,0,0,0,0.7635707,0.9246745,1,0.919144,0,0,0,0,0,0,0,0,0,0,0,0,0,0,0,0,0,0,0,0,0,0,0,0,0,0,0,0,0.7632161,0.8557491,0.8765051,1,0.9955563,0,0,0,0,0,0,0,0,0,0,0,0,0,0,0,0,0,0,0,0,0,0,0,0,0,0,0,0.6490018,0.655413,0.7185107,0.9321504,1,0.8881591,0,0,0,0,0,0,0,0,0,0,0,0,0,0,0,0,0,0,0,0,0,0,0,0,0,0,0,0,0,0,0.8661193,1,0.9674382,0.7396086,0,0,0,0,0,0,0,0,0,0,0,0,0,0,0,0,0,0,0,0,0,0,0,0,0,0,0,0,0,0,0.9318935,1,0.8740633,0,0,0,0,0,0,0,0,0,0,0,0,0,0
0,0,0,0,0,0,0,0,0,0,0,0,0,0,0.7512496,0.9118991,1,0.9261336,0.6862838,0,0,0,0,0,0,0,0,0,0,0,0,0,0,0,0,0,0,0,0,0,0,0,0,0,0,0.792879,0.7874892,0,0.8097287,0.9815118,1,0.8559143,0,0,0,0,0,0,0,0,0,0,0,0,0,0,0,0,0,0,0,0,0,0,0.6479439,0.6751354,0.7146149,0.7441733,0.6496254,0.648439,0,0.9312975,1,0.9050087,0.6843265,0,0,0,0,0,0,0,0,0,0,0,0,0,0,0,0,0,0,0,0,0,0,0,0,0,0,0,0.7723807,0.7817711,0.8616089,1,0.9629782,0.7216925,0,0,0,0,0,0,0,0,0,0,0,0,0,0,0,0,0,0,0,0,0,0,0,0.6827471,0.6864372,0,0,0.7450079,0.7741603,0.7994576,0.9434457,1,0.9027321,0,0,0,0,0,0,0,0,0,0,0,0,0,0
0,0,0,0,0,0,0,0,0,0,0,0.7029207,0.701856,0.7143937,0.7295176,0.8916215,1,0.9247386,0,0,0,0,0,0,0,0,0,0,0,0,0,0,0,0,0,0,0,0,0,0,0,0,0,0,0.8425788,0.88248,0.8605368,0.810284,0,0.9607458,1,0.8952664,0,0,0,0,0,0,0,0,0,0,0,0,0,0,0,0,0,0,0,0,0,0,0,0,0,0.713859,0.6739285,0.6916437,0.6484348,0.923721,1,0.9122468,0.6506766,0,0,0,0,0,0,0,0,0,0,0,0,0,0,0,0,0,0,0,0,0,0,0,0,0,0,0,0.6894683,0,0.8646557,1,0.9798866,0.8020476,0.7272672,0,0,0,0,0,0,0,0,0,0,0,0,0,0,0,0,0,0,0,0,0,0,0,0,0,0,0.7846153,0.7907315,0.7129357,0.9706206,1,0.8275928,0,0,0,0,0,0,0,0,0,0,0,0,0,0
0,0,0,0,0,0,0,0,0,0,0,0,0,0.7836021,0.8162402,0.9404219,1,0.9055858,0,0,0,0,0,0,0,0,0,0,0,0,0,0,0,0,0,0,0,0,0,0,0,0,0,0,0,0,0.9948202,0.9720945,0,1,0,0,0,0,0,0,0,0,0,0,0,0,0,0,0,0,0,0,0,0,0,0,0,0,0,0,0,0,0,0.7359547,0,0.9410474,1,0.9129234,0,0,0,0,0,0,0,0,0,0,0,0,0,0,0,0,0,0,0,0,0,0,0,0,0,0,0,0,0,0.8049331,0.8918439,1,0.9801949,0.8020418,0,0,0,0,0,0,0,0,0,0,0,0,0,0,0,0,0,0,0,0,0,0,0,0,0,0,0,0,0,0.8971115,0.9844693,1,0,0,0,0,0,0,0,0,0,0,0,0,0,0,0
0,0,0,0,0,0,0,0,0,0,0,0,0,0,0.7098555,0.9244896,1,0.8848848,0,0,0,0,0,0,0,0,0,0,0,0,0,0,0,0,0,0,0,0,0,0,0,0,0,0,0,0,0.7374139,0.8413228,0.9112976,1,0.9727175,0.7728751,0,0,0,0,0,0,0,0,0,0,0,0,0,0,0,0,0,0,0,0,0,0,0,0,0,0,0,0.6203536,0.7231131,0.9568379,1,0.8641457,0.6127979,0,0,0,0,0,0,0,0,0,0,0,0,0,0,0,0,0,0,0,0,0,0,0,0,0,0,0,0,0.6524283,0.8143858,1,0.9637496,0.6473626,0,0,0,0,0,0,0,0,0,0,0,0,0,0,0,0,0,0,0,0,0,0,0,0,0,0,0,0,0.7536448,0.6812,0.9272708,1,0.8698272,0,0,0,0,0,0,0,0,0,0,0,0,0,0
0,0,0,0,0,0,0,0,0,0,0,0,0,0,0,0.9060835,1,0.8894541,0,0,0,0,0,0,0,0,0,0,0,0,0,0,0,0,0,0,0,0,0,0,0,0,0,0,0,0,0,0.7053187,0.8715374,1,0.9512825,0.7111012,0,0,0,0,0,0,0,0,0,0,0,0,0,0,0,0,0,0,0,0,0,0,0,0,0,0,0,0,0.6337726,0.9518899,1,0.8593895,0,0,0,0,0,0,0,0,0,0,0,0,0,0,0,0,0,0,0,0,0,0,0,0,0,0,0,0,0,0,0.8528652,1,0.9463981,0,0,0,0,0,0,0,0,0,0,0,0,0,0,0,0,0,0,0,0,0,0,0,0,0,0,0,0,0,0,0,0.9429243,1,0.8764862,0,0,0,0,0,0,0,0,0,0,0,0,0,0
0,0,0,0,0,0,0,0,0,0,0,0,0,0,0,0.9395644,1,0.9069068,0,0,0,0,0,0,0,0,0,0,0,0,0,0,0,0,0,0,0,0,0,0,0,0,0,0,0,0,0,0,0,1,0.9885247,0.9143907,0,0,0,0,0,0,0,0,0,0,0,0,0,0,0,0,0,0,0,0,0,0,0,0,0,0,0,0,0,0.9618025,1,0.8935015,0,0,0,0,0,0,0,0,0,0,0,0,0,0,0,0,0,0,0,0,0,0,0,0,0,0,0,0,0,0,0.8929214,1,0.9482105,0,0,0,0,0,0,0,0,0,0,0,0,0,0,0,0,0,0,0,0,0,0,0,0,0,0,0,0,0,0,0,0.944607,1,0.894912,0,0,0,0,0,0,0,0,0,0,0,0,0,0
0,0,0,0,0,0,0,0,0,0,0,0,0,0,0,0.9235443,1,0.8568743,0,0.7326888,0.7436413,0.7235506,0,0,0,0,0,0,0,0,0,0,0,0,0,0,0,0,0,0,0,0,0,0,0,0,0.7609021,0.7570862,0.8268979,1,0.9521344,0.9092102,0.936034,0.8678207,0.8164424,0.7263813,0,0,0,0,0,0,0,0,0,0,0,0,0,0,0,0,0,0,0,0,0,0,0,0,0,0.9469538,1,0.8692558,0.6079717,0,0,0.6074381,0.6076733,0.6515965,0,0,0,0,0,0,0,0,0,0,0,0,0,0,0,0,0,0,0,0,0,0,0,0,0.8816735,1,0.9400371,0.6193572,0.7237259,0.7428015,0.6569247,0,0.6676322,0.7060292,0.6201622,0,0.6230302,0.6459445,0,0,0,0,0,0,0,0,0,0,0,0,0,0,0,0,0,0,0,0.7237511,0.9388935,1,0.8595836,0,0,0,0,0,0,0,0,0,0,0,0,0,0
0,0,0,0,0,0,0,0,0,0,0,0,0,0,0.681819,0.8884155,1,0.8795587,0.7108211,0.6572759,0.6613751,0.7354012,0.7182753,0.7844276,0.7158315,0,0,0,0,0,0,0,0,0,0,0,0,0,0,0,0,0,0,0,0,0,0,0,0.7811171,1,0.99813,0.8621269,0.8104963,0.8300765,0.7008488,0,0,0,0,0,0,0,0,0,0,0,0,0,0,0,0,0,0,0,0,0,0,0,0,0.5979733,0.6907588,0.9497543,1,0.870747,0.6694403,0.6656859,0.5990857,0,0.7133191,0.7357147,0.6380895,0.5747232,0,0,0,0,0,0,0,0,0,0,0,0,0,0,0,0,0,0,0,0,0,0.5689672,0.8605891,1,0.9474692,0.5624048,0.5833453,0.6107008,0.6536843,0.6660128,0.6640057,0.6032972,0.6942832,0.6801801,0.6387683,0,0,0,0,0,0,0,0,0,0,0,0,0,0,0,0,0.669463,0.6790508,0,0,0.715994,0.9789717,1,0.8077105,0.8776287,0.8787963,0.7770669,0,0,0.7545952,0.7955406,0.7293969,0,0,0,0,0,0
0,0,0,0,0,0,0,0,0,0,0,0,0,0,0,0.9165744,1,0.9239955,0,0,0.7745454,0.7918359,0.7540777,0,0,0,0,0,0,0,0,0,0,0,0,0,0,0,0,0,0,0,0,0,0,0,0,0.7880215,0.8817195,1,0.955106,0.8062753,0.7891639,0,0,0,0,0,0,0,0,0,0,0,0,0,0,0,0,0,0,0,0,0,0,0,0,0,0,0,0,0.9567559,1,0.8606432,0,0.6789678,0.7189257,0.6754792,0,0.7157776,0.6694142,0,0,0,0,0,0,0,0,0,0,0,0,0,0,0,0,0,0,0,0,0,0,0,0.8540857,1,0.9562436,0.7127112,0.7495139,0.7602518,0.7197376,0.7112445,0.7432908,0.7137618,0,0,0,0,0,0,0,0,0,0,0,0,0,0,0,0,0,0,0,0,0,0,0.7639982,0.8446962,1,0.9977782,0.8317793,0,0.8431222,0.8149751,0.7949426,0,0,0,0,0,0,0,0,0,0
0,0,0,0,0,0,0,0,0,0,0,0,0,0,0,0.933533,1,0.8570089,0.6746281,0.671852,0,0,0,0,0,0,0,0,0,0,0,0,0,0,0,0,0,0,0,0,0,0,0,0,0,0,0,0,0.834514,1,0.9852262,0.80449,0,0,0,0,0,0,0,0,0,0,0,0,0,0,0,0,0,0,0,0,0,0,0,0,0,0,0,0,0,0.9507554,1,0.8518189,0.6172945,0,0.5998092,0,0,0,0,0,0,0,0,0,0,0,0,0,0,0,0,0,0,0,0,0,0,0,0,0,0,0,0.8422967,1,0.954349,0.6576365,0.6586171,0.60813,0,0,0,0,0,0,0,0,0,0,0,0,0,0,0,0,0,0,0,0,0,0,0,0,0,0,0,0.7991041,0.9984131,1,0.8187844,0.7159324,0.6967058,0,0,0,0,0,0,0,0,0,0,0,0
0,0,0,0,0,0,0,0,0,0,0,0,0,0,0,0.9297617,1,0.8822578,0,0,0.6747539,0.6695282,0,0,0,0,0,0,0,0,0,0,0,0,0,0,0,0,0,0,0,0,0,0,0,0,0,0,0.8079655,1,0.9320506,0,0,0,0,0,0,0,0,0,0,0,0,0,0,0,0,0,0,0,0,0,0,0,0,0,0.629051,0.6838918,0.6649114,0.6332903,0.7708425,0.9576474,1,0.8808403,0,0.6115555,0.6705817,0.6332287,0,0,0,0,0,0,0,0,0,0,0,0,0,0,0,0,0,0,0,0,0,0,0.6122249,0.6620544,0,0.6251442,0.8728644,1,0.9601964,0.7190583,0,0,0.6295387,0.6089246,0,0,0,0,0,0,0,0,0,0,0,0,0,0,0,0,0,0.7508755,0.7469577,0,0,0.7578173,0.8000557,0,0,0.9028303,1,0.9757664,0.7813551,0,0,0,0,0,0,0,0,0,0,0,0,0,0
0,0,0,0,0,0,0,0,0,0,0,0,0,0,0,0.9112091,1,0.8826867,0,0,0,0,0,0,0,0,0,0,0,0,0,0,0,0,0,0,0,0,0,0,0,0,0,0,0,0,0,0,0.8229071,1,0.9740999,0.7228503,0,0,0,0,0,0,0,0,0,0,0,0,0,0,0,0,0,0,0,0,0,0,0,0,0,0,0,0,0.6254903,0.942008,1,0.8675839,0,0,0,0,0,0,0,0,0,0,0,0,0,0,0,0,0,0,0,0,0,0,0,0,0,0,0,0,0,0,0.8804023,1,0.9455298,0.6113862,0,0,0,0,0,0,0,0,0,0,0,0,0,0,0,0,0,0,0,0,0,0,0,0,0,0,0,0,0,0.7773877,0.9613319,1,0.8653387,0,0,0,0,0,0,0,0,0,0,0,0,0,0
