GestureName: double_arch
Duration(ms): 1410
Handedness: right

SpeakerAngles: 5
55
-55
0
0
110

SpeakerElevations: 5
-10
-10
-10
0
30

InterpretedPoints: 30
0,0,0
0,0,0
0,0,0
0,0,0
0,-2.95442325903662,0.520944533000791
0,0,0
0.813797681349374,0.703801867273976,0.5
0,0,0
0,0,0
0,0,0
-3.24100993092194,-5.49175203651182,-0.131759111665348
-4.86151489638292,-5.76041642524942,-0.458110933998418
-4.05480761227132,-9.31008669972526,-0.110814578664557
-4.86151489638292,-7.74522417826163,-0.284462756331487
-0.792526489636049,-0.99714925001284,1.17364817766693
2.45557383852367,2.61834988532154,1.80540728933228
2.46266423576145,10.8414375330958,1.61081457866456
-2.40594105785925,6.23191634186607,0.131759111665348
0,0,0
0.799616886873824,-3.78795016923785,0.368240888334652
-3.2551907253975,-9.14361360992648,-0.263518223330696
1.59214337650987,-8.74522417826163,-0.284462756331487
-1.6417761571743,-7.02908081398702,-0.784462756331487
0.799616886873824,-4.80314241622564,0.194592710667721
4.04771721503354,-5.1116820459523,1.69459271066772
4.06189800950909,2.54017952746236,1.82635182233307
3.24810032815972,5.64588362930997,0.979055466999209
8.93759370036756,17.6018539583452,2.06892551266297
10.5580986658285,28.3438417778284,0.485147380659811
11.3506251554646,17.9284365850468,1.91622186799684

StrokePoints: 31
0,0,0
0,0,0
0,0,0
0,0,0
0,0,0
0,-2.95442325903662,0.520944533000791
0,-2.95442325903662,0.520944533000791
0.813797681349374,-2.25062139176265,1.02094453300079
0.813797681349374,-2.25062139176265,1.02094453300079
0.813797681349374,-2.25062139176265,1.02094453300079
0.813797681349374,-2.25062139176265,1.02094453300079
-2.42721224957257,-7.74237342827447,0.889185421335443
-7.28872714595549,-13.5027898535239,0.431074487337025
-11.3435347582268,-22.8128765532492,0.320259908672468
-16.2050496546097,-30.5581007315108,0.0357971523409805
-16.9975761442458,-31.5552499815236,1.20944533000791
-14.5420023057221,-28.9369000962021,3.01485261934019
-12.0793380699607,-18.0954625631063,4.62566719800475
-14.4852791278199,-11.8635462212402,4.75742630967009
-14.4852791278199,-11.8635462212402,4.75742630967009
-13.6856622409461,-15.6514963904781,5.12566719800475
-16.9408529663436,-24.7951100004046,4.86214897467405
-15.3487095898337,-33.5403341786662,4.57768621834256
-16.990485747008,-40.5694149926532,3.79322346201107
-16.1908688601342,-45.3725574088789,3.9878161726788
-12.1431516451006,-50.4842394548312,5.68240888334652
-8.08125363559153,-47.9440599273688,7.50876070567959
-4.83315330743181,-42.2981762980588,8.48781617267879
4.10444039293575,-24.6963223397136,10.5567416853418
14.6625390587643,3.64751943811477,11.0418890660016
26.0131642142289,21.5759560231616,12.9581109339984

Velocities: 30
0,0,0
0,0,0
0,0,0
0,0,0
0,0,-3
0,0,0
0,0,0
0,0,0
0,0,0
0,0,0
-2,0,-3
-3,0,-3
-3,-1,-4
-3,0,-4
-1,2,-2
0,2,2
0,3,5
0,5,0
0,0,0
0,-2,-3
-3,-3,-4
1,-4,-4
-1,-3,-3
0,-2,-2
1,-2,-3
2,1,-2
1,0,2
4,2,8
9,6,11
6,0,6

InverseVelocities: 30
0,0,0
0,0,0
0,0,0
0,0,0
0,0,1
0,0,0
0,0,0
0,0,0
0,0,0
0,0,0
0,0,0
0,0,0
0,0,0
0,0,0
0,0,1
0,0,0
0,0,0
0,0,0
0,0,0
0,0,0
0,0,0
0,0,1
0,0,0
0,0,0
0,0,1
0,0,2
0,0,0
0,-1,0
-3,0,-4
0,0,0

RawData: 30
0,0,0,0,0,0,0,0,0,0,0,0,0,0,0,0.9309227,1,0.8913811,0,0,0,0,0,0,0,0,0,0,0,0,0,0,0,0,0,0,0,0,0,0,0,0,0,0,0,0,0,0,0.8664282,1,0.8690756,0,0,0,0,0,0,0,0,0,0,0,0,0,0,0,0,0,0,0,0,0,0,0,0,0,0,0,0,0,0,0.9528092,1,0.8676558,0,0,0,0,0,0,0,0,0,0,0,0,0,0,0,0,0,0,0,0,0,0,0,0,0,0,0,0,0,0,0.8813717,1,0.938844,0,0,0,0,0,0,0,0,0,0,0,0,0,0,0,0,0,0,0,0,0,0,0,0,0,0,0,0,0,0,0.8373418,1,0.9778607,0,0,0,0,0,0,0,0,0,0,0,0,0,0,0
0,0,0,0,0,0,0,0,0,0,0,0,0,0,0.7699156,0.937004,1,0.8934832,0,0,0,0,0,0,0,0,0,0,0,0,0,0,0,0,0,0,0,0,0,0,0,0,0,0,0,0,0,0,0.8440204,1,0.9916685,0,0,0,0,0,0,0,0,0,0,0,0,0,0,0,0,0,0,0,0,0,0,0,0,0,0,0,0,0,0,0.943859,1,0.8779988,0,0,0,0,0,0,0,0,0,0,0,0,0,0,0,0,0,0,0,0,0,0,0,0,0,0,0,0,0,0,0.8433605,1,0.9640444,0.7290349,0,0,0,0,0,0,0,0,0,0,0,0,0,0,0,0,0,0,0,0,0,0,0,0,0,0,0,0,0.8578439,0.9694652,1,0.9868786,0,0,0,0,0,0,0,0,0,0,0,0,0,0,0
0,0,0,0,0,0,0,0,0,0,0,0,0,0.733882,0.8267007,0.9375884,1,0.8976178,0,0,0,0,0,0,0,0,0,0,0,0,0,0,0,0,0,0,0,0,0,0,0,0,0,0,0,0,0,0,0,1,0.9959682,0,0,0,0,0,0,0,0,0,0,0,0,0,0,0,0,0,0,0,0,0,0,0,0,0,0,0,0,0,0.6632215,0.9512282,1,0.8515985,0,0,0,0,0,0,0,0,0,0,0,0,0,0,0,0,0,0,0,0,0,0,0,0,0,0,0,0,0.7108157,0.7229013,0.8530282,1,0.9529943,0,0,0,0,0,0,0,0,0,0,0,0,0,0,0,0,0,0,0,0,0,0,0,0,0,0,0,0,0,0.8257406,0.9404954,1,0.9653156,0,0,0,0,0,0,0,0,0,0,0,0,0,0,0
0,0,0,0,0,0,0,0,0,0,0,0,0,0.6461647,0.7999423,0.9274328,1,0.8887752,0,0,0,0,0,0,0,0,0,0,0,0,0,0,0,0,0,0,0,0,0,0,0,0,0,0,0,0,0,0,0.8940526,1,0.8703415,0.7264751,0,0,0,0,0,0,0,0,0,0,0,0,0,0,0,0,0,0,0,0,0,0,0,0,0,0,0,0.6471682,0.7122039,0.9481576,1,0.8598194,0,0,0,0,0,0,0,0,0,0,0,0,0,0,0,0,0,0,0,0,0,0,0,0,0,0,0,0,0.6082764,0.7710574,0.9118993,1,0.9345093,0.592715,0,0,0,0,0,0,0,0,0,0,0,0,0,0,0,0,0,0,0,0,0,0,0,0,0,0,0,0,0,0.724737,0.9002249,1,0.8080926,0,0,0,0,0,0,0,0,0,0,0,0,0,0
0,0,0,0,0,0,0,0,0,0,0,0,0,0,0,0.9195796,1,0.9081702,0,0,0,0,0,0,0,0,0,0,0,0,0,0,0,0,0,0,0,0,0,0,0,0,0,0,0,0,0,0,0.7791851,0.9723218,1,0.8747292,0,0,0,0,0,0,0,0,0,0,0,0,0,0,0,0,0,0,0,0,0,0,0,0,0.6511474,0.6696027,0.6708707,0.6652719,0.7179932,0.9436184,1,0.9120896,0.710672,0.6574154,0.6487356,0,0,0,0,0,0,0,0,0,0,0,0,0,0,0,0,0,0,0,0,0,0,0,0,0,0,0,0.8276755,1,0.9623106,0,0,0,0,0,0,0,0,0,0,0,0,0,0,0,0,0,0,0,0,0,0,0,0,0,0,0,0,0,0,0,0.8805441,1,0.9453808,0,0,0,0,0,0,0,0,0,0,0,0,0,0
0,0,0,0,0,0,0,0,0,0,0,0,0,0,0,0.9072997,1,0.9037207,0.7091334,0,0,0,0,0,0,0,0,0,0,0,0,0,0,0,0,0,0,0,0,0,0,0,0,0,0,0,0,0,0,0.9396767,1,0.872268,0,0,0,0,0,0,0,0,0,0,0,0,0,0,0,0,0,0,0,0,0,0,0,0,0,0,0,0,0,0.9316031,1,0.8790529,0.7109289,0,0,0,0,0,0,0,0,0,0,0,0,0,0,0,0,0,0,0,0,0,0,0,0,0,0,0,0,0,0.8089782,1,0.991765,0.8112413,0.7169923,0,0,0,0,0,0,0,0,0,0,0,0,0,0,0,0,0,0,0,0,0,0,0,0,0,0,0,0,0,0.8844222,1,0.9618664,0,0,0,0,0,0,0,0,0,0,0,0,0,0
0,0,0,0,0,0,0,0,0,0,0,0,0,0,0,0.9134024,1,0.9359015,0.8074999,0.7222263,0,0,0,0,0,0,0,0,0,0,0,0,0,0,0,0,0,0,0,0,0,0,0,0,0,0,0,0,0,1,0.9268686,0.8993896,0.865575,0,0,0,0,0,0,0,0,0,0,0,0,0,0,0,0,0,0,0,0,0,0,0,0,0,0,0,0,0.9350336,1,0.9153441,0.7970957,0.732884,0,0,0,0,0,0,0,0,0,0,0,0,0,0,0,0,0,0,0,0,0,0,0,0,0,0,0,0,0.83762,1,0.9692146,0.7430904,0.7630403,0.6921627,0,0,0,0,0,0,0,0,0,0,0,0,0,0,0,0,0,0,0,0,0,0,0,0,0,0,0,0,0.9941349,0.9279224,1,0.9916586,0.8587977,0,0,0,0,0,0,0,0,0,0,0,0
0,0,0,0,0,0,0,0,0,0,0,0,0,0,0,0.9031678,1,0.9075308,0.630171,0,0,0,0,0,0,0,0,0,0,0,0,0,0,0,0,0,0,0,0,0,0,0,0,0,0,0,0,0,0.7829004,0.9870901,1,0.894388,0.7689701,0,0,0,0,0,0,0,0,0,0,0,0,0,0,0,0,0,0,0,0,0,0,0,0,0,0,0,0,0.9272123,1,0.8851401,0.722904,0.6013766,0,0,0,0,0,0,0,0,0,0,0,0,0,0,0,0,0,0,0,0,0,0,0,0,0,0,0,0,0.8271424,1,0.9714955,0.6627325,0.6087453,0,0,0,0,0,0,0,0,0,0,0,0,0,0,0,0,0,0,0,0,0,0,0,0,0,0,0,0,0,0.8908188,1,0.9057606,0.705734,0,0,0,0,0,0,0,0,0,0,0,0,0
0,0,0,0,0,0,0,0,0,0,0,0,0,0,0,0.8959126,1,0.9131743,0,0,0,0,0,0,0,0,0,0,0,0,0,0,0,0,0,0,0,0,0,0,0,0,0,0,0,0,0,0,0.7688124,1,0.9812905,0,0,0,0,0,0,0,0,0,0,0,0,0,0,0,0,0,0,0,0,0,0,0,0,0,0,0,0,0,0,0.9243642,1,0.8878112,0,0,0,0,0,0,0,0,0,0,0,0,0,0,0,0,0,0,0,0,0,0,0,0,0,0,0,0,0,0,0.8246858,1,0.9739893,0.7093403,0,0,0,0,0,0,0,0,0,0,0,0,0,0,0,0,0,0,0,0,0,0,0,0,0,0,0,0,0,0,0.9232769,1,0.8964719,0,0,0,0,0,0,0,0,0,0,0,0,0,0
0,0,0,0,0,0,0,0,0,0,0,0,0,0,0,0.8895905,1,0.9220467,0,0,0,0,0,0,0,0,0,0,0,0,0,0,0,0,0,0,0,0,0,0,0,0,0,0,0,0,0,0.7283802,0.8226824,1,0.9981975,0.7848011,0,0,0,0,0,0,0,0,0,0,0,0,0,0,0,0,0,0,0,0,0,0,0,0,0,0,0,0,0.6896619,0.9307907,1,0.8977891,0,0,0,0,0,0,0,0,0,0,0,0,0,0,0,0,0,0,0,0,0,0,0,0,0,0,0,0,0,0,0.7988192,1,0.9807534,0.7381929,0,0,0,0,0,0,0,0,0,0,0,0,0,0,0,0,0,0,0,0,0,0,0,0,0,0,0,0,0,0.6846167,0.9204041,1,0.8474376,0,0,0,0,0,0,0,0,0,0,0,0,0,0
0,0,0,0,0,0,0,0,0,0,0,0.6581129,0.7038611,0.6273822,0.7447779,0.8797371,1,0.9210614,0,0,0,0,0,0,0,0,0,0,0,0,0,0,0,0,0,0,0,0,0,0,0,0,0,0,0,0,0,0.6705842,0.8463055,1,0.9812543,0.7768915,0,0,0,0,0,0,0,0,0,0,0,0,0,0,0,0,0,0,0,0,0,0,0,0,0.6083175,0.6760534,0.651528,0.6960988,0.6998824,0.9135649,1,0.9038635,0.5809541,0,0,0,0,0,0,0,0,0,0,0,0,0,0,0,0,0,0,0,0,0,0,0,0,0,0.6479379,0.7475117,0.7439722,0.7504842,0.7933973,1,0.9742299,0.7004696,0,0,0,0,0,0,0,0,0,0,0,0,0,0,0,0,0,0,0,0,0,0,0,0,0,0.6135305,0.7664676,0.8194022,0.7939,0.7835283,0.9185962,1,0.9194885,0.7254696,0,0,0,0,0,0,0,0,0,0,0,0,0
0,0,0,0,0,0,0,0,0,0,0.7546935,0.7991495,0,0.8358923,0.709269,0.9139107,1,0.9217248,0,0,0,0,0,0,0,0,0,0,0,0,0,0,0,0,0,0,0,0,0,0,0,0,0,0,0,0,0.8578193,0.8513833,0.8007073,0.9887553,1,0.7936698,0,0,0,0,0,0,0,0,0,0,0,0,0,0,0,0,0,0,0,0,0,0,0,0,0.737445,0.8399858,0.8435397,0.7214264,0.7531489,0.9367963,1,0.9070489,0.6852164,0,0,0,0,0,0,0,0,0,0,0,0,0,0,0,0,0,0,0,0,0,0,0,0,0,0.7637053,0.8596042,0.8251343,0,0.8284642,1,0.9791939,0.7774075,0,0,0,0,0,0,0,0,0,0,0,0,0,0,0,0,0,0,0,0,0,0,0,0,0.8020547,0.8453448,0.8709111,0.9659725,0.9025383,0,0.9779698,1,0.8900722,0.7797437,0,0,0,0,0,0,0,0,0,0,0,0,0
0,0,0,0,0,0,0,0,0,0,0.7705831,0.7723377,0.8949826,0.8978334,0,0.9297275,1,0.9285349,0,0,0,0,0,0,0,0,0,0,0,0,0,0,0,0,0,0,0,0,0,0,0,0,0,0,0,0.741804,0.8231637,0.8920953,1,0.9896575,0.8316582,0.8639692,0.7525334,0,0,0,0,0,0,0,0,0,0,0,0,0,0,0,0,0,0,0,0,0,0,0.7398512,0.8073226,0.7870449,0.8495601,0.8270839,0,0.9408776,1,0.8892656,0,0,0,0,0,0,0,0,0,0,0,0,0,0,0,0,0,0,0,0,0,0,0,0,0.7529614,0.8312351,0.8067074,0.8633424,0.894159,0.8593464,0.8752473,1,0.9698759,0.7583218,0,0,0,0,0,0,0,0,0,0,0,0,0,0,0,0,0,0,0,0,0,0,0,0,0.8687466,0.7757837,0.8446705,0.9237339,0.8576088,0.9313017,0.9943159,1,0.8090263,0.7843187,0,0,0,0,0,0,0,0,0,0,0,0,0
0,0,0,0,0,0,0,0,0,0,0.6925793,0.7946624,0.7700841,0.8460935,0.8679602,0.9199957,1,0.9031686,0.6447368,0,0,0,0,0,0,0,0,0,0,0,0,0,0,0,0,0,0,0,0,0,0,0,0,0,0,0,0.7147853,0.8509181,0.9142107,0.9615161,1,0.9426738,0.7690036,0,0,0,0,0,0,0,0,0,0,0,0,0,0,0,0,0,0,0,0,0,0,0.6744388,0.7499329,0.8081992,0.8022403,0.7512184,0.7748775,0.941008,1,0.9251589,0.7522811,0,0,0,0,0,0,0,0,0,0,0,0,0,0,0,0,0,0,0,0,0,0,0,0,0.8616612,0.9587342,0.9752417,0.9892855,0.9933277,1,0.9958659,0.9356806,0.9248746,0,0,0,0,0,0,0,0,0,0,0,0,0,0,0,0,0,0,0,0,0,0,0,0,0.638411,0.7504491,0.756898,0.7600996,0.7937908,0.6466436,0.9756196,1,0.9099625,0.757448,0.6596592,0,0,0,0,0,0,0,0,0,0,0,0
0,0,0,0,0,0,0,0,0,0,0,0,0.7671335,0.8267343,0.8545249,0.931351,1,0.8794237,0,0,0,0,0,0,0,0,0,0,0,0,0,0,0,0,0,0,0,0,0,0,0,0,0,0,0,0,0,0,0.8232237,0.9092652,0.9655812,1,0.9838112,0.8336425,0.7069812,0,0,0,0,0,0,0,0,0,0,0,0,0,0,0,0,0,0,0,0,0,0,0.6807625,0,0.7798015,0.805253,0.9573581,1,0.8475381,0.8315133,0.7379308,0.6170686,0,0,0,0,0,0,0,0,0,0,0,0,0,0,0,0,0,0,0,0,0,0,0,0,0,0.8440754,0.9023153,0,1,0.9765512,0.8347272,0.8413361,0.7083516,0,0,0,0,0,0,0,0,0,0,0,0,0,0,0,0,0,0,0,0,0,0,0,0,0,0.7742425,0.8176703,0.8806098,0.9653084,1,0.9467183,0.953884,0.856706,0.7369402,0,0,0,0,0,0,0,0,0,0,0
0,0,0,0,0,0,0,0,0,0,0,0,0,0,0.8295191,0.9585841,1,0.9178947,0,0,0,0,0,0,0,0,0,0,0,0,0,0,0,0,0,0,0,0,0,0,0,0,0,0,0,0,0,0,0.7852792,0.9533797,1,0.9763041,0.892016,0.8752766,0.7643726,0,0,0,0,0,0,0,0,0,0,0,0,0,0,0,0,0,0,0,0,0,0,0,0,0.7255878,0.7997867,0.9667979,1,0.8795491,0.8714324,0.8636898,0.826972,0.7540094,0,0,0,0,0,0,0,0,0,0,0,0,0,0,0,0,0,0,0,0,0,0,0,0,0,0,0.8995733,1,0.9536664,0.8484937,0.8185173,0.7475944,0,0,0,0,0,0,0,0,0,0,0,0,0,0,0,0,0,0,0,0,0,0,0,0,0,0.7778748,0,0.7870767,0.9548402,0.9893733,1,0.9331717,0.9825698,0.9655315,0.8544976,0.7819763,0.8101538,0,0,0,0,0,0,0,0
0,0,0,0,0,0,0,0,0,0,0,0,0,0.6786431,0.7108524,0.928062,1,0.8701783,0,0,0,0,0,0,0,0,0,0,0,0,0,0,0,0,0,0,0,0,0,0,0,0,0,0,0,0,0,0.7719343,0.857505,0.9690489,0.9697443,1,0.8720208,0.7986303,0.8364823,0.7238753,0,0,0,0,0,0,0,0,0,0,0,0,0,0,0,0,0,0,0,0,0,0,0,0,0.6471757,0.9387392,1,0.8907352,0.7387803,0,0.6808841,0.7148269,0.6619744,0.676966,0.6610686,0,0,0,0,0,0,0,0,0,0,0,0,0,0,0,0,0,0,0,0,0,0.6544716,0.726644,0.8391351,1,0.9323877,0.788457,0.7557093,0.7438191,0.8122427,0.7776871,0.7236443,0.7085018,0.653241,0,0,0,0,0,0,0,0,0,0,0,0,0,0,0,0,0,0,0,0.7442084,0.7869331,0,0.8056336,0.9668413,0.9852377,0.9764714,0.9899731,0.8923246,1,0.9370379,0.8834268,0.9083791,0.8400446,0,0,0,0,0,0,0
0,0,0,0,0,0,0,0,0,0,0,0,0,0,0,0.9362246,1,0.8693354,0,0,0,0,0,0,0,0,0,0,0,0,0,0,0,0,0,0,0,0,0,0,0,0,0,0,0,0,0,0,0.85514,1,0.9506559,0.7179338,0.7235987,0.8125194,0.7321709,0.8017669,0.7997162,0.7645715,0,0,0,0,0,0,0,0,0,0,0,0,0,0,0,0,0,0,0,0,0,0,0,0.9451936,1,0.891942,0.7333817,0.7159085,0,0,0,0,0,0,0,0,0,0,0,0,0,0,0,0,0,0,0,0,0,0,0,0,0,0,0.6775901,0,0.8736078,1,0.9539326,0.7365683,0.6948476,0,0,0,0.6859834,0,0,0,0,0,0,0,0,0,0,0,0,0,0,0,0,0,0,0,0,0,0,0,0.7253399,0.7323202,0.9500145,1,0.9307092,0.8651977,0,0.7809045,0,0,0,0,0,0,0,0,0,0,0
0,0,0,0,0,0,0,0,0,0,0,0,0,0,0,0.9128935,1,0.9011575,0,0,0,0,0,0,0,0,0,0,0,0,0,0,0,0,0,0,0,0,0,0,0,0,0,0,0,0,0,0,0.7411544,1,0.959157,0,0,0,0,0,0,0,0,0,0,0,0,0,0,0,0,0,0,0,0,0,0,0,0,0,0,0,0,0,0,0.9522234,1,0.868906,0.6752818,0,0,0,0,0,0,0,0,0,0,0,0,0,0,0,0,0,0,0,0,0,0,0,0,0,0,0,0,0.772998,0.8987055,1,0.9562445,0,0,0,0,0,0,0,0,0,0,0,0,0,0,0,0,0,0,0,0,0,0,0,0,0,0,0,0,0,0.7611462,0.8941352,0.9270196,1,0.8677058,0.8169876,0,0,0,0,0,0,0,0,0,0,0,0,0
0,0,0,0,0,0,0,0,0,0,0,0,0,0,0,0.9327967,1,0.8671877,0,0,0,0,0,0,0,0,0,0,0,0,0,0,0,0,0,0,0,0,0,0,0,0,0,0,0.8166201,0.9346762,0.9568362,0.9648584,0.923152,1,0.985465,0.7638362,0,0,0,0,0,0,0,0,0,0,0,0,0,0,0,0,0,0,0,0,0,0,0,0,0.6815634,0.7285445,0.7851488,0.7735527,0.7465009,0.9611892,1,0.8595187,0.6896598,0,0,0,0,0,0,0,0,0,0,0,0,0,0,0,0,0,0,0,0,0,0,0,0,0,0,0,0.685748,0.7918637,0.8138257,1,0.9404446,0,0,0,0,0,0,0,0,0,0,0,0,0,0,0,0,0,0,0,0,0,0,0,0,0,0,0,0.7918743,0.7935798,0.8881427,0.7627025,0.9779832,1,0.8394572,0,0,0,0,0,0,0,0,0,0,0,0,0,0
0,0,0,0,0,0,0,0,0,0,0.656208,0.6838601,0.6583133,0.7617294,0.7105501,0.9194419,1,0.9093356,0.7186173,0,0,0,0,0,0,0,0,0,0,0,0,0,0,0,0,0,0,0,0,0,0,0,0,0.7938598,0.9513998,0.9542318,0.9441775,0.944451,0,1,0.9877748,0.8210445,0,0,0,0,0,0,0,0,0,0,0,0,0,0,0,0,0,0,0,0,0,0,0,0.6510759,0.7616848,0.7404913,0.7215255,0.7616083,0.7600451,0.9572924,1,0.8373712,0,0,0,0,0,0,0,0,0,0,0,0,0,0,0,0,0,0,0,0,0,0,0,0,0,0.6735668,0.7112208,0.7249504,0.7571544,0.6716991,0.8648479,1,0.9537985,0.753061,0.7029615,0,0,0,0,0,0,0,0,0,0,0,0,0,0,0,0,0,0,0,0,0,0,0.7154418,0.7940524,0.825155,0,0.7639876,0.8037572,0.7977675,0.9706318,1,0.8169371,0.7172809,0.6948314,0,0,0,0,0,0,0,0,0,0,0,0
0,0,0,0,0,0,0,0,0,0,0,0,0,0.6758943,0.7102892,0.9100522,1,0.91008,0.7615783,0.7588933,0.6628562,0,0,0,0,0,0,0,0,0,0,0,0,0,0,0,0,0,0,0,0,0,0.7804556,0.8062519,0.8996249,0.9391205,0.9605798,0.9670669,0.9177528,1,0.9380991,0.7122775,0.7256143,0,0,0,0,0,0,0,0,0,0,0,0,0,0,0,0,0,0,0,0,0,0,0.7077683,0.7951253,0.8186777,0.8748435,0.8763801,0.7110216,0.9519086,1,0.857456,0.6954166,0.720343,0.6063599,0,0,0,0,0,0,0,0,0,0,0,0,0,0,0,0,0,0,0,0,0,0.7109727,0.8519952,0.9036104,0.914906,0.9049677,0.8304085,0.8624744,1,0.9397074,0.617159,0.6860327,0.702041,0.6252046,0,0,0,0,0,0,0,0,0,0,0,0,0,0,0,0,0,0,0,0,0,0.8725042,0.987532,0.9918684,0.9607877,0.9819185,0.9294939,0.9949882,1,0.7450138,0.7477881,0.7597818,0.7137502,0,0,0,0,0,0,0,0,0,0,0
0,0,0,0,0,0,0,0,0,0,0,0,0.7407458,0.824612,0.8095114,0.9513999,1,0.8709213,0.8350202,0.7914211,0,0,0,0,0,0,0,0,0,0,0,0,0,0,0,0,0,0,0,0,0,0,0,0.8213667,0.794698,0.8081115,0.8678519,0.9437521,0.9565614,1,0.9730563,0.8138286,0,0,0,0,0,0,0,0,0,0,0,0,0,0,0,0,0,0,0,0,0,0,0,0,0.6958349,0,0,0.7798235,0.8483617,0.9401801,1,0.8784772,0,0.6936587,0,0,0,0,0,0,0,0,0,0,0,0,0,0,0,0,0,0,0,0,0,0,0,0.7751068,0,0,0.7950051,0.7789695,0.8898767,1,0.9515365,0,0.7695524,0.7580218,0,0,0,0,0,0,0,0,0,0,0,0,0,0,0,0,0,0,0,0,0,0.7921129,0.9394501,0.9674806,0.9226127,0.8580921,0.9720632,0.943222,0.9554684,1,0.8982619,0.8187051,0.8186035,0,0,0,0,0,0,0,0,0,0,0,0
0,0,0,0,0,0,0,0,0,0,0,0,0,0,0.6951344,0.9112373,1,0.9465935,0.8109132,0.7386285,0,0,0,0,0,0,0,0,0,0,0,0,0,0,0,0,0,0,0,0,0,0,0,0,0.7974923,0,0.9188683,0.9371582,0.9251862,1,0.9853988,0.804396,0,0,0,0,0,0,0,0,0,0,0,0,0,0,0,0,0,0,0,0,0,0,0,0,0,0.6875495,0.7680406,0.8275416,0.7682536,0.9587036,1,0.8512265,0.7636095,0.703418,0,0,0,0,0,0,0,0,0,0,0,0,0,0,0,0,0,0,0,0,0,0,0,0,0.7319697,0.8010468,0.8772475,0.8325195,0.8604597,1,0.9651395,0.8327503,0.7381327,0.7747317,0,0,0,0,0,0,0,0,0,0,0,0,0,0,0,0,0,0,0,0,0,0,0,0,0.8309102,0.9114487,0.8912844,0.869137,0.9348346,1,0.9321308,0.8285491,0.8013208,0,0,0,0,0,0,0,0,0,0,0,0
0,0,0,0,0,0,0,0,0,0,0,0,0,0,0.6950985,0.9445953,1,0.8755555,0.7610688,0.7679266,0.7176698,0,0,0,0,0,0,0,0,0,0,0,0,0,0,0,0,0,0,0,0,0,0,0,0.8020538,0,0.9115913,1,0.9650475,0.9509957,0.9180245,0,0,0,0,0,0,0,0,0,0,0,0,0,0,0,0,0,0,0,0,0,0,0,0,0,0.6334414,0.6849473,0.6465794,0.7700259,0.8076298,0.9393357,1,0.9153684,0.76807,0.7348849,0.6371525,0,0,0,0,0,0,0,0,0,0,0,0,0,0,0,0,0,0,0,0,0,0,0,0,0.638123,0.8274623,0.9020112,0.8847221,1,0.9286797,0.8221424,0.83975,0.8212894,0.6664008,0,0,0,0,0,0,0,0,0,0,0,0,0,0,0,0,0,0,0,0,0,0,0,0,0.7677864,0.9110419,0.9442938,0.9846008,1,0.8047987,0.7740086,0.8643479,0.776834,0,0,0,0,0,0,0,0,0,0,0
0,0,0,0,0,0,0,0,0,0,0,0,0,0,0,0.9281069,1,0.9432006,0.88212,0.8578349,0.7727408,0.6526977,0,0,0,0,0,0,0,0,0,0,0,0,0,0,0,0,0,0,0,0,0,0,0,0,0,0.8941838,1,0.9927117,0.9563236,0,0.7696749,0.7734547,0,0,0,0,0,0,0,0,0,0,0,0,0,0,0,0,0,0,0,0,0,0,0,0.6547932,0,0.7657527,0.8358185,0.9690315,1,0.8592846,0.7145364,0.8152403,0.7343802,0.6399177,0,0,0,0,0,0,0,0,0,0,0,0,0,0,0,0,0,0,0,0,0,0,0,0,0.7345162,0.8226696,0.7817258,1,0.978276,0.902689,0.917628,0.8974317,0.7929515,0.7158181,0.6700692,0,0,0,0,0,0,0,0,0,0,0,0,0,0,0,0,0,0,0,0,0,0.7532521,0.7657332,0.7965404,0.8113567,0.961407,1,0.937476,0.883982,0.8699197,0.8051835,0.7588474,0.6740761,0,0,0,0,0,0,0,0,0
0,0,0,0,0,0,0,0,0,0,0,0,0,0,0,0.9278902,1,0.9231031,0.8009247,0.7266663,0.7259033,0,0,0,0,0,0,0,0,0,0,0,0,0,0,0,0,0,0,0,0,0,0,0,0,0,0,0,0.8697795,1,0.9750015,0.8747497,0.8436601,0,0,0,0,0,0,0,0,0,0,0,0,0,0,0,0,0,0,0,0,0,0,0,0,0,0,0,0.7040731,0.9435673,1,0.9311466,0.8361247,0.8417633,0.8501199,0.7820239,0,0,0,0,0,0,0,0,0,0,0,0,0,0,0,0,0,0,0,0,0,0,0,0,0,0.7680185,0.8214616,1,0.9521692,0.8960305,0.9054698,0.9162204,0.8852681,0.8315881,0.7546605,0,0,0,0,0,0,0,0,0,0,0,0,0,0,0,0,0,0,0,0,0,0,0,0.759325,0.871322,0.9977434,1,0.8605897,0.8263463,0.8403349,0.8433771,0.8413162,0,0,0,0,0,0,0,0,0,0
0,0,0,0,0,0,0,0,0,0,0,0,0,0.630885,0.6660066,0.8956254,1,0.9203898,0.774964,0.6443921,0,0.6463735,0.7295207,0.6511415,0,0,0,0,0,0,0,0,0,0,0,0,0,0,0,0,0,0,0,0,0,0.6998814,0.6990004,0.7202913,0.8455694,1,0.9938735,0.8352779,0.87647,0.7917734,0.6930981,0,0,0,0,0,0,0,0,0,0,0,0,0,0,0,0,0,0,0,0,0,0,0,0,0,0.6064625,0.9380467,1,0.9010068,0.8027719,0.7661232,0.766098,0.8031292,0.610859,0.6790196,0.7001497,0.7212154,0.6930965,0.6683291,0,0,0,0,0,0,0,0,0,0,0,0,0,0,0,0,0.6391712,0.6580514,0,0.7339793,0.8145389,1,0.9610201,0.7795534,0.7553949,0.7778928,0.8367367,0.8300019,0.7481771,0.8014788,0.8022528,0.6959423,0.6574234,0.6356263,0,0,0,0,0,0,0,0,0,0,0,0,0,0,0,0,0,0,0,0.7821681,0.945419,1,0.8282586,0.7733658,0.8181074,0.8698608,0.8190303,0.8283374,0.8014175,0.8243318,0.8019015,0.7442514,0.7301117,0,0,0,0
0,0,0,0,0,0,0,0,0,0,0.6634101,0.6437217,0,0,0.6892409,0.9090778,1,0.8810123,0.835644,0.7064258,0.7771434,0.8118644,0.7732983,0.7530335,0.7626588,0.7605798,0.6461593,0.6991848,0.6541914,0,0,0,0,0,0,0,0,0,0,0,0,0,0,0,0,0,0.765829,0.777878,0.7397384,1,0.9476129,0.8565962,0.8940831,0.8193233,0.8229747,0.7734563,0.7483612,0.7209945,0.6840197,0,0,0,0,0,0,0,0,0,0,0,0,0,0,0,0,0.6228434,0.6160235,0.5994945,0.6624396,0.6901251,0.6674243,0.9301692,1,0.9253051,0.7971004,0.7768753,0,0.773438,0.7705817,0.832231,0.7912244,0.7655736,0.7472908,0.6344979,0.6459879,0.6757816,0.63343,0,0,0,0,0,0,0,0,0,0,0,0,0.6599658,0.6638985,0,0.6374586,0.7110713,0.8403199,1,0.9429221,0.9227285,0.9401929,0.8548561,0.8708077,0.9104391,0.9296281,0.9178127,0.8246813,0.8174747,0.7701318,0.68993,0,0.6766682,0.7186675,0.6387227,0,0,0,0,0,0,0,0,0,0,0,0,0,0.7069719,0.71736,0.77135,0.9247637,1,0.9477977,0.9209245,0.9370053,0.8506718,0.8852655,0.8541929,0.8756927,0.825278,0.7618452,0.7899163,0.6994862,0.6871857,0,0,0
0,0,0,0,0,0,0,0,0,0,0,0,0,0,0.8251935,0.8937837,1,0.9625311,0.8845267,0.8796508,0.8317464,0.8361986,0.8384587,0.8622174,0.8698856,0.7795795,0,0,0,0,0,0,0,0,0,0,0,0,0,0,0,0,0,0,0,0,0,0,0.8566794,1,0.9846404,0.8236011,0.7930605,0,0,0,0,0,0,0,0,0,0,0,0,0,0,0,0,0,0,0,0,0,0,0,0,0,0,0,0.7650081,0.9506109,1,0.9002452,0.8476101,0.7936981,0,0.7794298,0.8393233,0.8161678,0.6976013,0.7202657,0,0,0,0,0,0,0,0,0,0,0,0,0,0,0,0,0,0,0,0,0,0.815432,0.8450069,1,0.9950067,0.9213787,0.9137161,0.8373091,0.8568686,0.8469241,0.8242036,0.8329286,0.7911399,0.7609808,0,0,0.7664104,0.7494594,0,0,0,0,0,0,0,0,0,0,0,0,0,0,0,0,0,0.8420184,0.9565403,1,0.934275,0,0.8344457,0.8482177,0.7815978,0,0.7982149,0.8177274,0.7843533,0.7880007,0,0,0,0,0
