GestureName: zigzag
Duration(ms): 1410
Handedness: right

SpeakerAngles: 5
55
-55
0
0
110

SpeakerElevations: 5
-10
-10
-10
0
30

InterpretedPoints: 30
0,0,0
0,0,0
0,0,0
0,-8.92403876506104,0.868240888334652
1.62759536269875,-4.53162727750088,1.69459271066772
3.2551907253975,9.15880585691427,0.437166400997627
3.26228112263527,13.5268107946035,0.0689255126629749
4.06898840674687,10.8474154772005,0.763518223330696
3.24810032815972,1.67626812328555,1.32635182233307
0,0,0
-1.62759536269875,-5.63666932642686,0.0418890660015822
-1.6417761571743,-9.14361360992648,-0.263518223330696
-1.63468575993652,-7.87494922118888,0.0628335990023732
-2.42721224957257,-2.80314241622564,0.194592710667721
1.62050496546097,-0.716143364274608,0.5
2.44139304404812,-0.888594398178072,1.5
5.70367416668339,16.6078319024499,1.22162915732911
5.68240297497007,13.6873059402976,0.763518223330696
4.04771721503354,13.0110378170121,-0.562833599002373
-0.00709039723777505,-3.23827989476202,0.0209445330007911
0.806707284111599,-1.54967027447583,0.347296355333861
-4.05480761227132,-7.32527894671305,-0.284462756331487
0.806707284111599,-4.53447802748804,0.520944533000791
0,0,0
0,0,0
7.29581754319326,5.74807492824879,1.45811093399842
4.06189800950909,12.5635588414751,0.263518223330696
4.86860529362069,8.14361360992648,0.263518223330696
2.43430264681035,4.08699905195103,0.305407289332279
0,0,0

StrokePoints: 31
0,0,0
0,0,0
0,0,0
0,0,0
0,-8.92403876506104,0.868240888334652
1.62759536269875,-13.4556660425619,2.56283359900237
4.88278608809624,-4.29686018564765,3
8.14506721073151,9.22995060895588,3.06892551266297
12.2140556174784,20.0773660861563,3.83244373599367
15.4621559456381,21.7536342094419,5.15879555832674
15.4621559456381,21.7536342094419,5.15879555832674
13.8345605829394,16.116964883015,5.20068462432832
12.1927844257651,6.97335127308855,4.93716640099763
10.5580986658285,-0.901597948100326,5
8.13088641625596,-3.70474036432597,5.19459271066772
9.75139138171693,-4.42088372860057,5.69459271066772
12.1927844257651,-5.30947812677864,7.19459271066772
17.8964585924484,11.2983537756712,8.41622186799684
23.5788615674185,24.9856597159689,9.17974009132753
27.6265787824521,37.9966975329809,8.61690649232516
27.6194883852143,34.7584176382189,8.63785102532595
28.4261956693259,33.2087473637431,8.98514738065981
24.3713880570546,25.88346841703,8.70068462432832
25.1780953411662,21.348990389542,9.22162915732911
25.1780953411662,21.348990389542,9.22162915732911
25.1780953411662,21.348990389542,9.22162915732911
32.4739128843594,27.0970653177908,10.6797400913275
36.5358108938685,39.6606241592659,10.9432583146582
41.4044161874892,47.8042377691923,11.2067765379889
43.8387188342996,51.8912368211434,11.5121838273212
43.8387188342996,51.8912368211434,11.5121838273212

Velocities: 30
0,0,0
0,0,0
0,0,0
0,0,-5
0,0,-4
3,3,3
4,5,5
3,3,4
1,0,0
0,0,0
-2,-2,-2
-2,-4,-4
-2,-3,-4
-2,0,-2
1,0,-1
0,0,0
4,5,7
3,1,6
3,0,6
0,-1,-2
0,-1,-1
-3,-1,-3
0,-1,-2
0,0,0
0,0,0
4,0,2
3,2,5
4,2,4
2,1,1
0,0,0

InverseVelocities: 30
0,0,0
0,0,0
0,0,0
0,0,4
0,0,3
0,0,0
0,0,0
0,0,0
0,0,0
0,0,0
0,0,0
0,0,0
0,0,0
2,0,2
0,0,0
0,0,0
0,0,0
0,0,0
0,0,-6
0,0,0
0,0,0
0,0,0
0,0,1
0,0,0
0,0,0
0,0,0
0,0,0
0,0,-2
0,0,0
0,0,0

RawData: 30
0,0,0,0,0,0,0,0,0,0,0,0,0,0,0,0.9302748,1,0.8803613,0,0,0,0,0,0,0,0,0,0,0,0,0,0,0,0,0,0,0,0,0,0,0,0,0,0,0,0,0,0,0.7941018,1,0.9848446,0.7266157,0,0,0,0,0,0,0,0,0,0,0,0,0,0,0,0,0,0,0,0,0,0,0,0,0,0,0,0,0.6550084,0.9535145,1,0.8719191,0,0,0,0,0,0,0,0,0,0,0,0,0,0,0,0,0,0,0,0,0,0,0,0,0,0,0,0,0,0,0.8705577,1,0.9507051,0.6330888,0,0,0,0,0,0,0,0,0,0,0,0,0,0,0,0,0,0,0,0,0,0,0,0,0,0,0,0,0,0,0.9595371,1,0.8481014,0,0,0,0,0,0,0,0,0,0,0,0,0,0
0,0,0,0,0,0,0,0,0,0,0,0,0,0,0,0.9261506,1,0.8830128,0,0,0,0,0,0,0,0,0,0,0,0,0,0,0,0,0,0,0,0,0,0,0,0,0,0,0,0,0,0,0.8117082,1,0.9896182,0.7563194,0,0,0,0,0,0,0,0,0,0,0,0,0,0,0,0,0,0,0,0,0,0,0,0,0,0,0,0,0.6852529,0.9461201,1,0.8846662,0,0,0,0,0,0,0,0,0,0,0,0,0,0,0,0,0,0,0,0,0,0,0,0,0,0,0,0,0,0,0.8670036,1,0.9577023,0.6651359,0,0,0,0,0,0,0,0,0,0,0,0,0,0,0,0,0,0,0,0,0,0,0,0,0,0,0,0,0,0.7082915,0.9591318,1,0.850724,0,0,0,0,0,0,0,0,0,0,0,0,0,0
0,0,0,0,0,0,0,0,0,0,0,0,0,0,0,0.9218473,1,0.9179384,0,0,0,0,0,0,0,0,0,0,0,0,0,0,0,0,0,0,0,0,0,0,0,0,0,0,0,0,0,0,0.7665681,0.9858308,1,0.8291879,0,0,0,0,0,0,0,0,0,0,0,0,0,0,0,0,0,0,0,0,0,0,0,0,0,0,0,0,0,0.9305983,1,0.9038671,0,0,0,0,0,0,0,0,0,0,0,0,0,0,0,0,0,0,0,0,0,0,0,0,0,0,0,0,0,0,0.8386041,1,0.9714133,0,0,0,0,0,0,0,0,0,0,0,0,0,0,0,0,0,0,0,0,0,0,0,0,0,0,0,0,0,0,0,0.9392191,1,0.8869482,0,0,0,0,0,0,0,0,0,0,0,0,0,0
0,0,0,0,0,0,0,0,0,0,0,0,0,0,0,0.8994966,1,0.9019672,0.7569572,0.6191507,0,0,0,0,0,0,0,0,0,0,0,0,0,0,0,0,0,0,0,0,0,0,0,0,0,0,0,0,0.7413598,1,0.9991978,0.7281032,0,0,0,0,0,0,0,0,0,0,0,0,0,0,0,0,0,0,0,0,0,0,0.5735948,0.5796368,0.5862489,0.5743462,0,0,0,0.9321894,1,0.8943418,0,0,0,0,0.5691448,0.5939867,0,0,0,0,0,0,0,0,0,0,0,0,0,0,0,0,0,0,0.5977721,0.6051503,0,0,0,0,0.8350952,1,0.9735737,0.726979,0,0,0,0,0,0,0,0,0,0,0,0,0,0,0,0,0,0,0,0,0,0,0,0,0,0,0,0,0,0,0.9106222,1,0.8828427,0,0,0,0,0,0,0,0,0,0,0,0,0,0
0,0,0,0,0,0,0,0,0,0,0,0,0,0,0,0.8997705,1,0.8859935,0.8521886,0.7753963,0,0,0,0,0,0,0,0,0,0,0,0,0,0,0,0,0,0,0,0,0,0,0,0,0,0,0,0,0,0.9971275,1,0.8834844,0.8052526,0,0,0,0,0,0,0,0,0,0,0,0,0,0,0,0,0,0,0,0,0,0,0.6301807,0.6114357,0,0,0.6110961,0.6361324,0.9297446,1,0.9106216,0.7332011,0.6761765,0.6228514,0,0.6157447,0,0,0,0,0,0,0,0,0,0,0,0,0,0,0,0,0,0,0,0,0,0,0,0,0.671333,0.8114794,1,0.9774785,0.7969119,0.6990411,0,0,0,0,0,0,0,0,0,0,0,0,0,0,0,0,0,0,0,0,0,0,0,0,0,0,0,0,0,0.9697819,1,0.7826927,0.7788845,0.7800037,0.7308385,0,0,0,0,0,0,0,0,0,0,0
0,0,0,0,0,0,0,0,0,0,0,0,0,0,0,0.9066533,1,0.9284487,0.7748514,0.8471411,0.8316749,0.7753523,0.7415037,0,0,0,0,0,0,0,0,0,0,0,0,0,0,0,0,0,0,0,0,0,0,0,0,0,0,0.9929393,1,0.861369,0,0,0.8485961,0.8805079,0,0,0,0,0,0,0,0,0,0,0,0,0,0,0,0,0,0,0,0,0,0,0,0,0,0.9288554,1,0.9131103,0.7264274,0,0.6921635,0.6813713,0.69068,0,0,0,0,0,0,0,0,0,0,0,0,0,0,0,0,0,0,0,0,0,0,0,0,0,0.8432586,1,0.975651,0.8024481,0.7423885,0.7068231,0.7570492,0.79167,0.7353088,0,0,0,0,0,0,0,0,0,0,0,0,0,0,0,0,0,0,0,0,0,0,0,0,0,0.9345534,1,0.9133092,0,0.7814311,0.743131,0.8573311,0.7957377,0,0,0,0,0,0,0,0,0
0,0,0,0,0,0,0,0,0,0,0,0,0,0,0,0.8938712,1,0.8855104,0.6375951,0.7102742,0.8178582,0.8562856,0.823799,0.6819341,0,0,0,0,0,0,0,0,0,0,0,0,0,0,0,0,0,0,0,0,0,0,0,0,0,0.9204638,1,0.867543,0.9236558,0.9176742,0.9609514,0.8938042,0.7982196,0.771088,0,0,0,0,0,0,0,0,0,0,0,0,0,0,0,0,0,0,0,0,0,0,0,0.9225441,1,0.9025604,0.5678999,0.7177118,0.7430342,0.7012978,0.5954005,0.6895413,0.5826425,0,0,0,0,0,0,0,0,0,0,0,0,0,0,0,0,0,0,0,0,0,0,0.6497999,0.8151023,1,0.962846,0.5842797,0.7157961,0.8260437,0.7340118,0.6903355,0.6542224,0.7255866,0,0,0,0,0,0,0,0,0,0,0,0,0,0,0,0,0,0,0,0,0,0,0,0.6740009,0.897298,1,0.9148246,0.7765186,0.7958658,0.7436805,0.8011389,0.8390957,0.6293754,0,0,0,0,0,0,0,0
0,0,0,0,0,0,0,0,0,0,0,0,0,0,0,0.8847975,1,0.9327176,0,0.7664124,0.8027832,0.8710819,0.8023842,0,0,0,0,0,0,0,0,0,0,0,0,0,0,0,0,0,0,0,0,0,0,0,0,0,0.8755553,0.9990022,1,0.9130205,0,0,0.8620668,0.8549438,0,0,0,0,0,0,0,0,0,0,0,0,0,0,0,0,0,0,0,0,0,0,0,0,0,0.9404836,1,0.891683,0.734511,0.7044587,0.7638626,0.7814392,0.7779821,0.7419228,0,0,0,0,0,0,0,0,0,0,0,0,0,0,0,0,0,0,0,0,0,0,0,0,0.8602968,1,0.9782129,0.8086664,0,0.786693,0.8314241,0.8568892,0.8353174,0.7407817,0,0,0,0,0,0,0,0,0,0,0,0,0,0,0,0,0,0,0,0,0,0,0,0,0.9572852,1,0.8268419,0,0,0,0.8335386,0.8793514,0.8038478,0,0,0,0,0,0,0,0
0,0,0,0,0,0,0,0,0,0,0,0,0,0,0,0.9075126,1,0.8679306,0.7721133,0.7875957,0.7482787,0,0,0,0,0,0,0,0,0,0,0,0,0,0,0,0,0,0,0,0,0,0,0,0,0,0,0,0.893012,1,0.9207135,0,0,0,0,0,0,0,0,0,0,0,0,0,0,0,0,0,0,0,0,0,0,0,0,0,0,0,0,0,0.6251241,0.9358712,1,0.8911904,0.6469815,0.6313034,0,0,0,0,0,0,0,0,0,0,0,0,0,0,0,0,0,0,0,0,0,0,0,0,0,0,0,0,0.8133788,1,0.9770272,0,0.8030917,0.7757124,0.6958149,0,0,0,0,0,0,0,0,0,0,0,0,0,0,0,0,0,0,0,0,0,0,0,0,0,0,0,0.9306343,1,0.8835052,0.7853425,0,0.736253,0.7114344,0,0,0,0,0,0,0,0,0,0
0,0,0,0,0,0,0,0,0,0,0,0,0,0,0.6812457,0.9207441,1,0.905076,0,0,0,0,0,0,0,0,0,0,0,0,0,0,0,0,0,0,0,0,0,0,0,0,0,0,0,0,0,0.8653962,0.9538561,1,0.946135,0,0,0,0,0,0,0,0,0,0,0,0,0,0,0,0,0,0,0,0,0,0,0,0,0,0,0,0,0.6212514,0.6293549,0.923086,1,0.9041287,0,0,0,0,0,0,0,0,0,0,0,0,0,0,0,0,0,0,0,0,0,0,0,0,0,0,0,0,0.662716,0.7912157,0.8128899,1,0.9836814,0.7164176,0,0,0,0,0,0,0,0,0,0,0,0,0,0,0,0,0,0,0,0,0,0,0,0,0,0,0,0.7724667,0.7149597,0.8834283,0.9842722,1,0.8742819,0.7431591,0,0,0,0,0,0,0,0,0,0,0,0,0
0,0,0,0,0,0,0,0,0,0,0,0.7479022,0.7891108,0.8138564,0.8121107,0.9132891,1,0.911232,0,0,0,0,0,0,0,0,0,0,0,0,0,0,0,0,0,0,0,0,0,0,0,0,0,0,0.8850895,0.9219156,0.8850865,0.8886451,0.9368352,0.9560375,1,0.8586051,0,0,0,0,0,0,0,0,0,0,0,0,0,0,0,0,0,0,0,0,0,0,0,0,0,0.7194393,0.746351,0.7024972,0,0.9287369,1,0.9142764,0,0,0,0,0,0,0,0,0,0,0,0,0,0,0,0,0,0,0,0,0,0,0,0,0,0,0.8065218,0.8148844,0.6794177,0.7793003,0.8394049,1,0.9590235,0.7173532,0,0,0,0,0,0,0,0,0,0,0,0,0,0,0,0,0,0,0,0,0,0,0,0,0,0.8666806,0.913315,0.8746368,0.8517748,0.8629668,0.9614797,1,0.8752533,0,0,0,0,0,0,0,0,0,0,0,0,0,0
0,0,0,0,0,0,0,0,0,0,0,0.6893525,0,0.6224744,0.6662322,0.9179784,1,0.8987118,0,0,0,0,0,0,0,0,0,0,0,0,0,0,0,0,0,0,0,0,0,0,0,0,0.8177476,0.8823438,0.7443085,0.9069542,0.7609957,0,0.8978761,1,0.868116,0.7657132,0,0,0,0,0,0,0,0,0,0,0,0,0,0,0,0,0,0,0,0,0,0,0,0.7042922,0.7660319,0.7938985,0.7761066,0.684312,0.6690409,0.9417072,1,0.8922091,0,0,0,0,0,0,0,0,0,0,0,0,0,0,0,0,0,0,0,0,0,0,0,0,0,0.756472,0.8329907,0.7666147,0.7606734,0.7098411,0.8657559,1,0.9504951,0.7153857,0,0,0,0,0,0,0,0,0,0,0,0,0,0,0,0,0,0,0,0,0,0,0,0.6689585,0.6702126,0.8217158,0.7795207,0.794779,0.8023409,0.7654606,0.9688959,1,0.8376703,0,0,0,0,0,0,0,0,0,0,0,0,0,0
0,0,0,0,0,0,0,0,0,0,0,0.6989475,0.7777854,0.7345232,0.7165378,0.9238136,1,0.9111987,0,0,0,0,0,0,0,0,0,0,0,0,0,0,0,0,0,0,0,0,0,0,0,0,0,0.8175595,0.8547053,0.8864534,0.8353953,0.8466468,0,1,0.9813893,0,0,0,0,0,0,0,0,0,0,0,0,0,0,0,0,0,0,0,0,0,0,0,0,0.6724446,0,0,0.7478838,0.8028648,0,0.9684178,1,0.8368071,0,0,0,0,0,0,0,0,0,0,0,0,0,0,0,0,0,0,0,0,0,0,0,0,0,0,0.688486,0.7417184,0.701119,0.7700918,0.8552219,1,0.961542,0.6556086,0,0,0,0,0,0,0,0,0,0,0,0,0,0,0,0,0,0,0,0,0,0,0,0,0.6746151,0,0.7631316,0.8112953,0.774226,0.8095081,0.9430453,1,0.8995185,0,0,0,0,0,0,0,0,0,0,0,0,0,0
0,0,0,0,0,0,0,0,0,0,0,0.674058,0,0.6864312,0.7791443,0.9228811,1,0.9053262,0,0,0.6992784,0.6868261,0,0,0,0,0,0,0,0,0,0,0,0,0,0,0,0,0,0,0,0,0,0,0,0,0,0,0.8148818,1,0.9643236,0,0,0,0,0,0,0,0,0,0,0,0,0,0,0,0,0,0,0,0,0,0,0,0,0,0,0.7191098,0.7495998,0,0.7479231,0.95272,1,0.8758001,0,0.6792505,0.7052651,0.6964302,0,0,0,0,0,0,0,0,0,0,0,0,0,0,0,0,0,0,0,0,0,0,0,0,0.7573298,0.7964314,0.8682266,1,0.9691302,0.7768512,0,0,0,0,0,0,0,0,0,0,0,0,0,0,0,0,0,0,0,0,0,0,0,0,0,0,0.7750016,0.7625366,0.7993678,0.8428873,0.9856915,1,0.8296321,0,0,0,0,0,0,0,0,0,0,0,0,0,0
0,0,0,0,0,0,0,0,0,0,0,0,0,0,0,0.9214473,1,0.8770712,0.6813059,0.6056193,0.6225047,0,0,0,0,0,0,0,0,0,0,0,0,0,0,0,0,0,0,0,0,0,0,0,0,0,0,0,0.818527,1,0.9797842,0.7502728,0.7501029,0,0,0,0,0,0,0,0,0,0,0,0,0,0,0,0,0,0,0,0,0,0,0,0,0,0.5748422,0,0.5643277,0.9481867,1,0.8673178,0.6391937,0.6200403,0,0,0,0,0,0,0,0,0,0,0,0,0,0,0,0,0,0,0,0,0,0,0,0,0,0,0,0,0.8865268,1,0.9359989,0.6211872,0,0,0,0,0,0,0,0,0,0,0,0,0,0,0,0,0,0,0,0,0,0,0,0,0,0,0,0,0.7376763,0,0.9773075,1,0.8977119,0.8980503,0.7796041,0,0,0,0,0,0,0,0,0,0,0,0
0,0,0,0,0,0,0,0,0,0,0,0,0,0,0,0.94396,1,0.8882241,0,0,0,0,0,0,0,0,0,0,0,0,0,0,0,0,0,0,0,0,0,0,0,0,0,0,0,0,0,0,0,0.9692878,0,1,0.9980412,0,0,0,0,0,0,0,0,0,0,0,0,0,0,0,0,0,0,0,0,0,0,0,0,0,0,0,0.7361177,0.961212,1,0.8923582,0,0,0,0,0,0,0,0,0,0,0,0,0,0,0,0,0,0,0,0,0,0,0,0,0,0,0,0,0,0,0.8961211,1,0.9499586,0,0,0,0,0,0,0,0,0,0,0,0,0,0,0,0,0,0,0,0,0,0,0,0,0,0,0,0,0,0,0,0.9487347,1,0.9134727,0,0.9132853,0.9090552,0.8766504,0,0,0,0,0,0,0,0,0,0
0,0,0,0,0,0,0,0,0,0,0,0,0,0,0,0.9330285,1,0.8807154,0.6477309,0.649909,0,0.6112513,0.7324721,0.734926,0,0,0,0,0,0,0,0,0,0,0,0,0,0,0,0,0,0,0,0,0,0,0,0,0.9798245,0.9873464,0.9490327,1,0.9643211,0,0,0,0.935737,0.9709821,0,0,0,0,0,0,0,0,0,0,0,0,0,0,0,0,0,0,0,0,0,0,0,0.948409,1,0.8762377,0,0.5912796,0.6457975,0.5969605,0,0.68457,0.6460842,0.6912318,0.6237955,0,0,0,0,0,0,0,0,0,0,0,0,0,0,0,0,0,0,0,0,0,0.8239763,1,0.971092,0.758132,0.7447482,0.6323222,0.6275722,0.6543505,0.7429502,0.6854462,0.7567599,0.7620116,0,0,0,0,0,0,0,0,0,0,0,0,0,0,0,0,0,0,0,0,0.7045504,0.7884722,0.9986872,1,0.7995414,0.7862982,0.7652599,0.6772331,0.7103038,0,0.6783816,0.6889417,0.6990574,0.6690819,0,0,0,0,0
0,0,0,0,0,0,0,0,0,0,0,0,0,0,0,0.9248109,1,0.8942689,0.6404527,0,0,0.6611496,0.6235929,0,0,0,0,0,0,0,0,0,0,0,0,0,0,0,0,0,0,0,0,0,0,0,0,0,0.9025393,0.962958,1,0.8272884,0.9314132,0.9186335,0,0,0,0,0,0,0,0,0,0,0,0,0,0,0,0,0,0,0,0,0,0,0,0,0,0,0.6008444,0.9505332,1,0.8712104,0.6867847,0.6935548,0,0.7347777,0.7372544,0.7200371,0.7050458,0.6435559,0,0,0,0,0,0,0,0,0,0,0,0,0,0,0,0,0,0,0,0,0,0.6409656,0.8566552,1,0.9489645,0.735717,0.7668082,0,0.6367623,0.6474032,0.7474992,0.7664819,0.7362056,0.6830602,0,0,0,0,0,0,0,0,0,0,0,0,0,0,0,0,0,0,0,0,0.6895342,0.7898616,0.9979523,1,0.7764671,0,0.7080607,0.7344524,0.695347,0.7547787,0.7173873,0,0,0,0,0,0,0,0
0,0,0,0,0,0,0,0,0,0,0,0,0,0,0.6525241,0.9231443,1,0.8086975,0.7874449,0.7050264,0,0.6446661,0.6497808,0,0,0,0,0,0,0,0,0,0,0,0,0,0,0,0,0,0,0,0,0,0,0,0,0,0,0.994005,1,0,0,0,0,0,0,0,0,0,0,0,0,0,0,0,0,0,0,0,0,0,0,0.5490543,0.6185887,0.6164352,0.6027596,0.588255,0,0.5826066,0.7427595,0.9565867,1,0.8693104,0.5826171,0.5830256,0.6058735,0.6208355,0.6360244,0.6006591,0.5610875,0.5639718,0,0,0,0,0,0,0,0,0,0,0,0,0,0,0,0,0,0,0,0,0,0,0.8870642,1,0.9387833,0.6951384,0.6778893,0.5879405,0.6456404,0.6279418,0.6282413,0.6559006,0.5808999,0,0,0,0,0,0,0,0,0,0,0,0,0,0,0.6468372,0.6453868,0.6671227,0.6626296,0.6496378,0.6136439,0,0.687818,0.8165081,0.9761041,1,0.8592609,0.74849,0.7199979,0.6251519,0,0,0,0,0,0,0,0,0,0,0
0,0,0,0,0,0,0,0,0,0,0,0,0,0,0,0.9332135,1,0.8844388,0,0,0,0,0,0,0,0,0,0,0,0,0,0,0,0,0,0,0,0,0,0,0,0,0,0,0,0.8539021,0.9559417,0.9726548,0.9306442,1,0.9569325,0,0,0,0,0,0,0,0,0,0,0,0,0,0,0,0,0,0,0,0,0,0,0,0,0,0,0.6158984,0.7019688,0.7404931,0.729445,0.9531395,1,0.8759112,0,0,0,0,0,0,0,0,0,0,0,0,0,0,0,0,0,0,0,0,0,0,0,0,0,0,0,0.7484328,0.8363127,0.8048183,0.8519103,1,0.9398257,0.6861076,0,0,0,0,0,0,0,0,0,0,0,0,0,0,0,0,0,0,0,0,0,0,0,0,0,0,0.6982346,0.8019948,0.7619708,0,0.958948,1,0.8448743,0,0,0,0,0,0,0,0,0,0,0,0,0,0
0,0,0,0,0,0,0,0,0,0,0,0,0,0,0,0.9216112,1,0.9107127,0,0,0,0,0,0,0,0,0,0,0,0,0,0,0,0,0,0,0,0,0,0,0,0,0,0,0,0.9957857,0.9768016,0,0,1,0,0,0,0,0,0,0,0,0,0,0,0,0,0,0,0,0,0,0,0,0,0,0,0,0,0,0,0,0.7396428,0,0,0.9524311,1,0.8803644,0,0,0,0,0,0,0,0,0,0,0,0,0,0,0,0,0,0,0,0,0,0,0,0,0,0,0,0,0.8292197,0,0.8991994,1,0.9287878,0,0,0,0,0,0,0,0,0,0,0,0,0,0,0,0,0,0,0,0,0,0,0,0,0,0,0,0,0.8047189,0,0,0.9686259,1,0.8128684,0,0,0,0,0,0,0,0,0,0,0,0,0,0
0,0,0,0,0,0,0,0,0,0,0.6602189,0.6887473,0,0,0.6965441,0.9093852,1,0.8878723,0,0,0,0,0,0,0,0,0,0,0,0,0,0,0,0,0,0,0,0,0,0,0,0,0,0,0,0.860802,0.8361623,0,0.850172,1,0.9688981,0.7782094,0,0,0,0,0,0,0,0,0,0,0,0,0,0,0,0,0,0,0,0,0,0,0,0,0.6387261,0.6856303,0.6800678,0.7049775,0.695965,0.9469223,1,0.8618731,0.6114787,0,0,0,0,0,0,0,0,0,0,0,0,0,0,0,0,0,0,0,0,0,0,0,0,0.6399645,0.6365154,0.6414526,0.6803936,0.720434,0.866675,1,0.9555991,0.7018628,0,0,0,0,0,0,0,0,0,0,0,0,0,0,0,0,0,0,0,0,0,0,0,0,0.6724312,0.7235689,0.691839,0.6493934,0.6552989,0.774837,0.9678776,1,0.8378822,0.6567275,0.6524873,0,0,0,0,0,0,0,0,0,0,0,0
0,0,0,0,0,0,0,0,0,0,0,0,0,0.6592088,0.6456898,0.9151304,1,0.8851622,0,0,0,0,0,0,0,0,0,0,0,0,0,0,0,0,0,0,0,0,0,0,0,0,0,0,0,0.7610728,0.8209248,0.7929866,0.8760902,1,0.9555416,0.713643,0,0,0,0,0,0,0,0,0,0,0,0,0,0,0,0,0,0,0,0,0,0,0,0,0,0.6509458,0.6061443,0.732015,0.7415558,0.9526944,1,0.8496518,0.6478836,0.5961113,0.5899742,0,0,0,0,0,0,0,0,0,0,0,0,0,0,0,0,0,0,0,0,0,0,0,0.6035878,0.643038,0.6657934,0.6150815,0.8700278,1,0.9552317,0.6507466,0,0,0,0,0,0,0,0,0,0,0,0,0,0,0,0,0,0,0,0,0,0,0,0,0,0,0,0.6895805,0.6996947,0.7904503,0.9626044,1,0.8576626,0,0,0,0,0,0,0,0,0,0,0,0,0,0
0,0,0,0,0,0,0,0,0,0,0,0,0,0.6408265,0.7722397,0.9494267,1,0.8680733,0,0,0,0,0,0,0,0,0,0,0,0,0,0,0,0,0,0,0,0,0,0,0,0,0,0,0,0,0,0,0.8765336,1,0.9413145,0,0,0,0,0,0,0,0,0,0,0,0,0,0,0,0,0,0,0,0,0,0,0,0,0,0,0,0,0.6134723,0.6560054,0.9450276,1,0.8695644,0,0,0,0,0,0,0,0,0,0,0,0,0,0,0,0,0,0,0,0,0,0,0,0,0,0,0,0,0,0.6078305,0.8853689,1,0.9426997,0,0,0,0,0,0,0,0,0,0,0,0,0,0,0,0,0,0,0,0,0,0,0,0,0,0,0,0,0,0,0.7226032,0.9064108,1,0.8269604,0,0,0,0,0,0,0,0,0,0,0,0,0,0
0,0,0,0,0,0,0,0,0,0,0,0,0,0,0,0.8901482,1,0.9341523,0.6929374,0,0,0,0,0,0,0,0,0,0,0,0,0,0,0,0,0,0,0,0,0,0,0,0,0,0,0,0,0,0.8175346,1,0.9775349,0.7873456,0,0,0,0,0,0,0,0,0,0,0,0,0,0,0,0,0,0,0,0,0,0,0,0,0,0,0,0,0,0.9358469,1,0.897514,0.6519324,0,0,0,0,0,0,0,0,0,0,0,0,0,0,0,0,0,0,0,0,0,0,0,0,0,0,0,0,0,0.8621802,1,0.9704341,0.7663555,0,0,0,0,0,0,0,0,0,0,0,0,0,0,0,0,0,0,0,0,0,0,0,0,0,0,0,0,0,0,0.9502941,1,0.8775225,0.7538706,0,0,0,0,0,0,0,0,0,0,0,0,0
0,0,0,0,0,0,0,0,0,0,0,0,0,0,0,0.9145194,1,0.909405,0.6811929,0.6744716,0,0,0.6304002,0.6418672,0,0,0,0,0,0,0,0,0,0,0,0,0,0,0,0,0,0,0,0,0,0,0,0.7319328,0.7359012,1,0.9823313,0.8268766,0.81865,0,0,0,0,0,0,0,0,0,0,0,0,0,0,0,0,0,0,0,0,0,0,0,0,0,0,0,0,0.9291033,1,0.9041838,0.7061615,0.6996028,0.6383845,0.5998289,0,0,0,0,0,0,0,0,0,0,0,0,0,0,0,0,0,0,0,0,0,0,0,0,0,0,0.8635442,1,0.9725481,0.7011189,0.6940435,0.7087383,0.6505905,0.6578336,0,0,0,0,0,0,0,0,0,0,0,0,0,0,0,0,0,0,0,0,0,0,0,0,0,0.763751,0.9697888,1,0.8500169,0.7950943,0.7205489,0,0,0.6821871,0.6758578,0,0,0,0,0,0,0,0
0,0,0,0,0,0,0,0,0,0,0,0,0,0,0,0.9118087,1,0.9015129,0,0.7326284,0.758084,0.793959,0.8006778,0,0,0,0,0,0,0,0,0,0,0,0,0,0,0,0,0,0,0,0,0,0,0,0,0,0.9505212,1,0.9063908,0.8206887,0.8736674,0.9409269,0.8773878,0,0,0,0,0,0,0,0,0,0,0,0,0,0,0,0,0,0,0,0,0,0,0,0,0,0,0.9369203,1,0.9033012,0,0.7017171,0.6163566,0,0.6333205,0.707965,0.6864167,0,0,0,0,0,0,0,0,0,0,0,0,0,0,0,0,0,0,0,0,0,0,0,0.6899559,0.9923648,1,0.7678354,0.744346,0.7767757,0.7534232,0,0.7163649,0.7335169,0.7277946,0,0,0,0,0,0,0,0,0,0,0,0,0,0,0,0,0,0,0,0,0,0,0.7651188,0.9711807,1,0.8658259,0.7197725,0.7009141,0,0.7634425,0.7798047,0,0,0,0,0,0,0,0,0
0,0,0,0,0,0,0,0,0,0,0,0,0,0,0.6600097,0.9068422,1,0.9097764,0.73097,0.73378,0.7365478,0.8374866,0.8127557,0.6624552,0,0,0,0,0,0,0,0,0,0,0,0,0,0,0,0,0,0,0,0,0,0,0,0,0.8958362,1,0.8933972,0.8763323,0.8712679,0.9766973,0.9333907,0,0,0,0,0,0,0,0,0,0,0,0,0,0,0,0,0,0,0,0,0,0,0.6116739,0.6521788,0.6597994,0.6732742,0.93529,1,0.8947575,0.6955784,0.6520776,0.7620857,0.7405115,0.6857872,0.6507071,0,0,0,0,0,0,0,0,0,0,0,0,0,0,0,0,0,0,0,0,0,0,0,0,0.818074,1,0.9887139,0.7578483,0,0.7214022,0.643175,0,0,0,0,0,0,0,0,0,0,0,0,0,0,0,0,0,0,0,0,0,0,0,0,0,0,0.6888072,0.9503804,1,0.8898823,0.7187032,0,0.7906008,0.8520158,0.779552,0,0,0,0,0,0,0,0,0
0,0,0,0,0,0,0,0,0,0,0,0,0,0,0,0.8926519,1,0.9291762,0.8147225,0.8043113,0.7378775,0.6921313,0,0,0,0,0,0,0,0,0,0,0,0,0,0,0,0,0,0,0,0,0,0,0,0,0,0,0,0.9338327,1,0.9880787,0.9312202,0.8213705,0,0,0,0,0,0,0,0,0,0,0,0,0,0,0,0,0,0,0,0,0,0,0,0,0,0,0.6422014,0.9330642,1,0.9086074,0.7098945,0.7262619,0.6560171,0,0,0,0,0,0,0,0,0,0,0,0,0,0,0,0,0,0,0,0,0,0,0,0,0,0,0,0.8735138,1,0.9508507,0.7257913,0.6994422,0.6964803,0.6875421,0,0,0,0,0,0,0,0,0,0,0,0,0,0,0,0,0,0,0,0,0,0,0,0,0,0,0.7986182,0.8718833,1,0.8707555,0,0,0.7490346,0,0,0,0,0,0,0,0,0,0,0
0,0,0,0,0,0,0,0,0,0,0,0,0,0.6870267,0.7571858,0.8803813,1,0.9300753,0,0,0,0,0,0,0,0,0,0,0,0,0,0,0,0,0,0,0,0,0,0,0,0,0,0,0,0,0,0,0,1,0,0,0,0,0,0,0,0,0,0,0,0,0,0,0,0,0,0,0,0,0,0,0,0,0,0,0,0,0,0.6711287,0.7527496,0.9106386,1,0.8991969,0,0,0,0,0,0,0,0,0,0,0,0,0,0,0,0,0,0,0,0,0,0,0,0,0,0,0,0,0,0,0.8641954,1,0.9775736,0.8000998,0,0,0,0,0,0,0,0,0,0,0,0,0,0,0,0,0,0,0,0,0,0,0,0,0,0,0,0,0,0.853673,0.9499386,1,0.8416898,0.7826312,0,0,0,0,0,0,0,0,0,0,0,0,0
