GestureName: zigzag
Duration(ms): 1410
Handedness: right

SpeakerAngles: 5
55
-55
0
0
110

SpeakerElevations: 5
-10
-10
-10
0
30

InterpretedPoints: 30
0,0,0
0,0,0
0,0,0
0,0,0
1.62050496546097,2.25347214174981,0.152703644666139
3.24810032815972,5.64588362930997,0.979055466999209
6.51038145079499,16.1878866709013,1.22162915732911
4.88278608809624,12.6809423874017,0.916221867996835
0.00709039723777505,1.13893934581035,0.67364817766693
-2.43430264681035,-4.9268895150482,-0.305407289332279
-5.67531257773229,-9.44902604553561,-0.784462756331487
-3.24810032815972,-9.87494922118888,0.0628335990023732
-4.04771721503354,-9.99584557002428,0.736481776669304
0,0,0
2.43430264681035,3.95727400902378,0.652703644666139
5.67531257773229,14.6780916374145,-0.257426309670095
11.3506251554646,16.8980520910712,1.56892551266297
8.10961522454264,12.4063000545594,1.43716640099763
0,0,0
0,0,0
-0.813797681349374,-1.81833466321343,0.0209445330007911
-3.24810032815972,-14.9590975231527,0.931074487337025
-0.813797681349374,-8.88729071818951,1.06283359900237
0,0,0
0,3,0
5.67531257773229,14.6780916374145,-0.257426309670095
5.66822218049452,17.4935755506408,-1.45201902033782
4.04771721503354,7.02623006399986,-0.389185421335443
0.806707284111599,1.54967027447583,-0.347296355333861
0.813797681349374,-0.296198132726024,0.5

StrokePoints: 31
0,0,0
0,0,0
0,0,0
0,0,0
0,0,0
1.62050496546097,2.25347214174981,0.152703644666139
4.86860529362069,7.89935577105978,1.13175911166535
11.3789867444157,24.0872424419611,2.35338826899446
16.2617728325119,36.7681848293627,3.2696101369913
16.2688632297497,37.9071241751731,3.94325831465823
13.8345605829394,32.9802346601249,3.63785102532595
8.15924800520706,23.5312086145893,2.85338826899446
4.91114767704735,13.6562593934004,2.91622186799683
0.863430462013802,3.66041382337613,3.65270364466614
0.863430462013802,3.66041382337613,3.65270364466614
3.29773310882415,7.61768783239991,4.30540728933228
8.97304568655644,22.2957794698144,4.04798097966218
20.323670842021,39.1938315608856,5.61690649232516
28.4332860665637,51.600131615445,7.05407289332278
28.4332860665637,51.600131615445,7.05407289332278
28.4332860665637,51.600131615445,7.05407289332278
27.6194883852143,49.7817969522316,7.07501742632357
24.3713880570546,34.8226994290789,8.0060919136606
23.5575903757052,25.9354087108893,9.06892551266297
23.5575903757052,25.9354087108893,9.06892551266297
23.5575903757052,28.9354087108893,9.06892551266297
29.2329029534375,43.6135003483039,8.81149920299288
34.901125133932,61.1070758989447,7.35948018265506
38.9488423489655,68.1333059629445,6.97029476131962
39.7555496330771,69.6829762374203,6.62299840598576
40.5693473144265,69.3867781046943,7.12299840598576

Velocities: 30
0,0,0
0,0,0
0,0,0
0,0,0
1,0,1
1,0,2
5,5,6
4,4,4
-1,0,0
-1,0,-3
-3,0,-4
-3,-2,-4
-3,0,-7
0,0,0
1,0,1
5,2,6
6,0,8
4,0,5
0,0,0
0,0,0
-1,-1,-1
-4,-3,-7
-2,-2,-5
0,0,0
0,0,0
5,2,6
6,2,9
3,0,5
1,0,1
0,0,0

InverseVelocities: 30
0,0,0
0,0,0
0,0,0
0,0,0
0,0,0
0,0,0
0,0,0
0,0,-3
0,0,0
0,0,0
0,0,0
0,0,0
2,0,0
0,0,0
0,0,0
0,0,0
0,0,0
0,0,0
0,0,0
0,0,0
0,0,0
2,0,7
0,0,3
0,0,0
0,0,0
0,0,0
0,0,-2
0,0,0
0,0,0
0,0,0

RawData: 30
0,0,0,0,0,0,0,0,0,0,0,0,0,0,0,0.9034485,1,0.8900892,0,0,0,0,0,0,0,0,0,0,0,0,0,0,0,0,0,0,0,0,0,0,0,0,0,0,0,0,0,0,0.8182723,1,0.9464965,0,0,0,0,0,0,0,0,0,0,0,0,0,0,0,0,0,0,0,0,0,0,0,0,0,0,0,0,0,0.6732457,0.9475857,1,0.8780486,0,0,0,0,0,0,0,0,0,0,0,0,0,0,0,0,0,0,0,0,0,0,0,0,0,0,0,0,0,0,0.8613246,1,0.9559045,0.6336412,0,0,0,0,0,0,0,0,0,0,0,0,0,0,0,0,0,0,0,0,0,0,0,0,0,0,0,0,0,0.6934061,0.9626211,1,0.837631,0,0,0,0,0,0,0,0,0,0,0,0,0,0
0,0,0,0,0,0,0,0,0,0,0,0,0,0,0,0.9090385,1,0.9010727,0,0,0,0,0,0,0,0,0,0,0,0,0,0,0,0,0,0,0,0,0,0,0,0,0,0,0,0,0,0,0.8214433,1,0.9702066,0,0,0,0,0,0,0,0,0,0,0,0,0,0,0,0,0,0,0,0,0,0,0,0,0,0,0,0,0,0,0.9324405,1,0.9065459,0,0,0,0,0,0,0,0,0,0,0,0,0,0,0,0,0,0,0,0,0,0,0,0,0,0,0,0,0,0,0.8682539,1,0.9635605,0.7016754,0,0,0,0,0,0,0,0,0,0,0,0,0,0,0,0,0,0,0,0,0,0,0,0,0,0,0,0,0,0,0.9579254,1,0.8550519,0,0,0,0,0,0,0,0,0,0,0,0,0,0
0,0,0,0,0,0,0,0,0,0,0,0,0,0,0,0.9221542,1,0.9363797,0,0,0,0,0,0,0,0,0,0,0,0,0,0,0,0,0,0,0,0,0,0,0,0,0,0,0,0,0,0,0.8276827,1,0.9889256,0,0,0,0,0,0,0,0,0,0,0,0,0,0,0,0,0,0,0,0,0,0,0,0,0,0,0,0,0,0,0.9407653,1,0.9101689,0,0,0,0,0,0,0,0,0,0,0,0,0,0,0,0,0,0,0,0,0,0,0,0,0,0,0,0,0,0,0.8716297,1,0.9734547,0,0,0,0,0,0,0,0,0,0,0,0,0,0,0,0,0,0,0,0,0,0,0,0,0,0,0,0,0,0,0,0.9602085,1,0.8863124,0,0,0,0,0,0,0,0,0,0,0,0,0,0
0,0,0,0,0,0,0,0,0,0,0,0,0,0,0,0.9004343,1,0.9111001,0.7155522,0,0,0,0,0,0,0,0,0,0,0,0,0,0,0,0,0,0,0,0,0,0,0,0,0,0,0,0,0,0.7918174,1,0.99445,0.8571873,0,0,0,0,0,0,0,0,0,0,0,0,0,0,0,0,0,0,0,0,0,0,0,0,0,0,0,0,0,0.9290846,1,0.8973057,0.6782649,0,0,0,0,0,0,0,0,0,0,0,0,0,0,0,0,0,0,0,0,0,0,0,0,0,0,0,0,0,0.7642996,0.9760817,1,0.8566877,0,0,0,0,0,0,0,0,0,0,0,0,0,0,0,0,0,0,0,0,0,0,0,0,0,0,0,0,0,0,0.9371327,1,0.8507997,0,0,0,0,0,0,0,0,0,0,0,0,0,0
0,0,0,0,0,0,0,0,0,0,0,0,0,0,0,0.8936607,1,0.9347683,0.8044056,0.819721,0.7568265,0,0,0,0,0,0,0,0,0,0,0,0,0,0,0,0,0,0,0,0,0,0,0,0,0,0,0,0.7722435,0.9924522,1,0.9293011,0.8678203,0,0,0,0,0,0,0,0,0,0,0,0,0,0,0,0,0,0,0,0,0,0,0,0,0,0,0,0,0.9338495,1,0.8932179,0.7523696,0.7512401,0.6401957,0,0,0,0,0,0,0,0,0,0,0,0,0,0,0,0,0,0,0,0,0,0,0,0,0,0,0,0.8462551,1,0.9970392,0.8884138,0.8732783,0.7575457,0,0,0,0,0,0,0,0,0,0,0,0,0,0,0,0,0,0,0,0,0,0,0,0,0,0,0,0,0.9511172,1,0.8774601,0.7917801,0.7076649,0,0,0,0,0,0,0,0,0,0,0,0
0,0,0,0,0,0,0,0,0,0,0,0,0,0,0,0.9076423,1,0.9370538,0,0,0.8041419,0,0,0,0,0,0,0,0,0,0,0,0,0,0,0,0,0,0,0,0,0,0,0,0,0,0,0,0.8528525,0.999011,1,0.9133139,0.9100448,0,0,0,0,0,0,0,0,0,0,0,0,0,0,0,0,0,0,0,0,0,0,0,0,0,0,0,0,0.9414097,1,0.9027723,0,0.8027447,0.8069891,0.7717307,0,0,0,0,0,0,0,0,0,0,0,0,0,0,0,0,0,0,0,0,0,0,0,0,0,0,0.8551812,1,0.9767049,0.8206689,0.8699581,0.8809639,0.8539711,0.8413406,0.8185413,0,0,0,0,0,0,0,0,0,0,0,0,0,0,0,0,0,0,0,0,0,0,0,0,0,0.9532709,1,0.8919875,0,0,0.8223624,0.8090674,0,0,0,0,0,0,0,0,0,0
0,0,0,0,0,0,0,0,0,0,0,0,0,0,0,0.8883095,1,0.9109033,0.7277354,0.798637,0.7378034,0.6911818,0.7635772,0.7641366,0.6410082,0,0,0,0,0,0,0,0,0,0,0,0,0,0,0,0,0,0,0,0,0,0,0.7825341,0.8576998,1,0.9790996,0.7864482,0.7331619,0.8057618,0.879732,0.8278518,0.7941793,0.7133574,0,0,0,0,0,0,0,0,0,0,0,0,0,0,0,0,0,0,0,0,0,0,0.5933799,0.9229432,1,0.8949936,0.6679832,0.6551875,0.645347,0.6947927,0.7247108,0.6278974,0.6407092,0.6152418,0,0,0,0,0,0,0,0,0,0,0,0,0,0,0,0,0,0,0,0,0,0,0.8299246,1,0.9671068,0.7722932,0.7014523,0.6359279,0.6918342,0,0.7493796,0.7790254,0.7783495,0.6980411,0,0,0,0,0,0,0,0,0,0,0,0,0,0,0,0,0,0,0,0,0,0.6922883,0.9633182,1,0.8499792,0.7369649,0.7218255,0.7737085,0.7910657,0.7522989,0.7566583,0.7913519,0.7793182,0.6667093,0,0,0,0,0
0,0,0,0,0,0,0,0,0,0,0,0,0,0,0,0.8967496,1,0.9270043,0.7554476,0.8379661,0.8183305,0.8137892,0.8090135,0.7480159,0,0,0,0,0,0,0,0,0,0,0,0,0,0,0,0,0,0,0,0,0,0,0,0,0,1,0.9894154,0.8482295,0.8561174,0.7820426,0.8371631,0.8585368,0.7697744,0,0,0,0,0,0,0,0,0,0,0,0,0,0,0,0,0,0,0,0.6370975,0.6424312,0.6603943,0.6683807,0.7021618,0.9235023,1,0.9050557,0,0.6576756,0.6452613,0.719835,0.7400799,0.6666787,0,0,0,0,0,0,0,0,0,0,0,0,0,0,0,0,0,0,0,0,0,0.636364,0.6656879,0,0.8590043,1,0.9702576,0.8467867,0.8446241,0.7972574,0.6957431,0.7386155,0.7839188,0.7702301,0.6338525,0,0,0,0,0,0,0,0,0,0,0,0,0,0,0,0,0,0,0,0,0,0,0.8236027,0.8710379,1,0.9144283,0.856934,0.8816007,0.8597731,0.7956964,0.7177384,0.7148537,0.7069932,0,0,0,0,0,0,0
0,0,0,0,0,0,0,0,0,0,0,0,0.6883442,0.6599347,0.7043254,0.9135172,1,0.8815153,0.6887423,0.69576,0,0,0,0,0,0,0,0,0,0,0,0,0,0,0,0,0,0,0,0,0,0,0,0,0,0,0,0.8008717,0.8916162,1,0.9920124,0.812831,0,0,0,0,0,0,0,0,0,0,0,0,0,0,0,0,0,0,0,0,0,0,0,0,0,0,0,0.6802077,0.7520872,0.9036201,1,0.8942946,0.6621972,0,0,0,0,0,0,0,0,0,0,0,0,0,0,0,0,0,0,0,0,0,0,0,0,0,0,0,0.6916155,0.7691538,0.8688319,1,0.9820786,0.8223879,0.7283185,0.6832998,0.6198107,0,0,0,0,0,0,0,0,0,0,0,0,0,0,0,0,0,0,0,0,0,0,0,0,0,0,0.8951092,0.9872237,1,0.7897725,0.8311391,0.785565,0,0,0,0,0,0,0,0,0,0,0,0
0,0,0,0,0,0,0,0,0,0,0,0,0.7098553,0.7503829,0.8068637,0.8866616,1,0.9111131,0,0,0,0,0,0,0,0,0,0,0,0,0,0,0,0,0,0,0,0,0,0,0,0,0,0,0,0,0,0.776455,0.8141454,0.9938912,1,0.7881526,0,0,0,0,0,0,0,0,0,0,0,0,0,0,0,0,0,0,0,0,0,0,0,0,0.6475967,0.7020611,0.7712086,0.8296335,0.7917153,0.9314553,1,0.8940812,0,0,0,0,0,0,0,0,0,0,0,0,0,0,0,0,0,0,0,0,0,0,0,0,0,0,0.6932823,0.810861,0.8556039,0.8214144,0.8414279,1,0.984053,0.769202,0,0,0,0,0,0,0,0,0,0,0,0,0,0,0,0,0,0,0,0,0,0,0,0,0,0.7842766,0.8919342,0.9370571,0.7997354,0.8208459,0.9595615,1,0.7686429,0,0,0,0,0,0,0,0,0,0,0,0,0,0
0,0,0,0,0,0,0,0,0,0,0.7001795,0.7036993,0.7027351,0.7247209,0.6645272,0.9487699,1,0.8739965,0,0,0,0,0,0,0,0,0,0,0,0,0,0,0,0,0,0,0,0,0,0,0,0,0,0,0,0,0,0.8431346,0.7877199,1,0.9683654,0.7942852,0.7574892,0,0,0,0,0,0,0,0,0,0,0,0,0,0,0,0,0,0,0,0,0,0,0.7615837,0.7986556,0.7263929,0.7617128,0.7519987,0.6883414,0.9529791,1,0.8579873,0,0,0,0,0,0,0,0,0,0,0,0,0,0,0,0,0,0,0,0,0,0,0,0.6461643,0.7883358,0.8218931,0.7281442,0.778583,0.8069556,0.727069,0.8799725,1,0.9610057,0.7143024,0,0,0,0,0,0,0,0,0,0,0,0,0,0,0,0,0,0,0,0,0,0,0,0.7212034,0.7916808,0.6987579,0.8828659,0.876276,0,0.8423036,0.9697783,1,0.8605211,0,0,0,0,0,0,0,0,0,0,0,0,0,0
0,0,0,0,0,0,0,0,0,0,0.797683,0.7966421,0,0,0,0.9354489,1,0.90737,0,0,0,0,0,0,0,0,0,0,0,0,0,0,0,0,0,0,0,0,0,0,0,0,0,0,0.923871,0.986425,1,0.9254189,0,0.9857753,0.9946187,0,0,0,0,0,0,0,0,0,0,0,0,0,0,0,0,0,0,0,0,0,0,0,0,0.7936632,0.8057542,0.7828555,0.8105589,0.8055968,0.746103,0.9651385,1,0.8788064,0,0,0,0,0,0,0,0,0,0,0,0,0,0,0,0,0,0,0,0,0,0,0,0,0.7989144,0.8588135,0.8546339,0.8304634,0.7972803,0.8287548,0.9120113,1,0.9486077,0,0,0,0,0,0,0,0,0,0,0,0,0,0,0,0,0,0,0,0,0,0,0,0,0,0.8390412,0.8343195,0,0,0.7978683,0.8638208,0.9754944,1,0.869222,0,0,0,0,0,0,0,0,0,0,0,0,0,0
0,0,0,0,0,0,0,0,0,0,0.6378713,0.7221771,0.7596539,0.7865779,0.810203,0.9448649,1,0.8853422,0,0.6614155,0.6422367,0.6235124,0,0,0,0,0,0,0,0,0,0,0,0,0,0,0,0,0,0,0,0,0,0,0,0,0.8468817,0.7975779,0.8752968,1,0.9567526,0,0,0,0,0,0,0,0,0,0,0,0,0,0,0,0,0,0,0,0,0,0.6041011,0.6138598,0.5844451,0,0.6424397,0.6938276,0.7062394,0.6385574,0.7028386,0.9444941,1,0.8685967,0.6224856,0,0,0,0,0,0,0,0,0,0,0,0,0,0,0,0,0,0,0,0,0,0,0,0,0,0.6951399,0.7000968,0.6906223,0.7475901,0.901009,1,0.9346546,0,0,0,0.6180895,0.6208648,0,0,0,0,0,0,0,0,0,0,0,0,0,0,0,0,0,0,0,0,0,0.6904591,0.6665605,0.6761938,0.6520241,0.7104547,0.9490584,1,0.8572427,0.6417517,0.6313098,0.6299883,0,0,0,0,0,0,0,0,0,0,0
0,0,0,0,0,0,0,0,0,0,0,0,0,0.6395198,0.7250368,0.929831,1,0.8747278,0.7120708,0,0,0,0,0,0,0,0,0,0,0,0,0,0,0,0,0,0,0,0,0,0,0,0,0,0,0,0,0.8832088,1,0.9383575,0.9848219,0,0,0,0,0,0,0,0,0,0,0,0,0,0,0,0,0,0,0,0,0,0,0,0,0,0,0,0,0.6263673,0.7315105,0.9578537,1,0.8792824,0.6145445,0.5752815,0,0,0,0,0,0,0,0,0,0,0,0,0,0,0,0,0,0,0,0,0,0,0,0,0,0,0,0.6482637,0.8606241,1,0.9403088,0.6479322,0,0,0,0,0,0,0,0,0,0,0,0,0,0,0,0,0,0,0,0,0,0,0,0,0,0,0,0,0,0.8089513,0.9750805,1,0.8319795,0,0,0,0,0,0,0,0,0,0,0,0,0,0
0,0,0,0,0,0,0,0,0,0,0,0,0,0,0,0.9369027,1,0.9232122,0.8138096,0.7486264,0.6638674,0,0,0,0,0,0,0,0,0,0,0,0,0,0,0,0,0,0,0,0,0,0,0,0,0,0,0,0.8748242,1,0.9882172,0.8871564,0.7750376,0,0,0,0,0,0,0,0,0,0,0,0,0,0,0,0,0,0,0,0,0,0,0,0,0,0,0,0,0.9567556,1,0.8575894,0.6973366,0.6955798,0.6892979,0,0,0,0,0,0,0,0,0,0,0,0,0,0,0,0,0,0,0,0,0,0,0,0,0,0,0,0.8512775,1,0.9770496,0.8515874,0.7373698,0.6978332,0.7057983,0.6922425,0,0,0,0,0,0,0,0,0,0,0,0,0,0,0,0,0,0,0,0,0,0,0,0,0,0.7287468,0.9815966,1,0.7790641,0.6903982,0.6648619,0.6789525,0,0,0,0,0,0,0,0,0,0,0
0,0,0,0,0,0,0,0,0,0,0,0,0,0,0,0.9295048,1,0.8838025,0.6498548,0,0.6188321,0.7076472,0.7557844,0.7138634,0.6299829,0,0,0,0,0,0,0,0,0,0,0,0,0,0,0,0,0,0,0,0,0,0,0,0,1,0.8416456,0.9627487,0.8867952,0.8181216,0.7734969,0,0,0,0,0,0,0,0,0,0,0,0,0,0,0,0,0,0,0,0,0,0,0,0,0.5670469,0.6539248,0.9501013,1,0.8754044,0.7020981,0.6550986,0.6626778,0.6307526,0.7012187,0.6660689,0.5886238,0.6044641,0,0,0,0,0,0,0,0,0,0,0,0,0,0,0,0,0,0,0,0,0,0,0.8423101,1,0.9463697,0.7504881,0.6389521,0.6518793,0.6781478,0.7258048,0.6448867,0.6786753,0.6119645,0,0,0,0,0,0,0,0,0,0,0,0,0,0,0,0,0,0,0,0,0,0,0.6874623,0.9774025,1,0.8263466,0.7434117,0,0.6506881,0.6296957,0.6082912,0,0,0,0,0,0,0,0,0
0,0,0,0,0,0,0,0,0,0,0,0,0,0,0,0.915471,1,0.9080104,0,0,0,0.7354847,0.7465389,0.7816552,0.7564397,0.7387251,0,0,0,0,0,0,0,0,0,0,0,0,0,0,0,0,0,0,0,0,0,0,0.84409,1,0.9832079,0,0.8782763,0,0,0,0,0,0,0,0,0,0,0,0,0,0,0,0,0,0,0,0,0,0,0,0,0,0,0,0,0.9506254,1,0.8722396,0.7777478,0.7555519,0.6654823,0,0.7509463,0,0.7174315,0.754693,0.7333912,0.6840239,0,0,0,0,0,0,0,0,0,0,0,0,0,0,0,0,0,0,0,0.7022738,0.870188,1,0.9497977,0.697715,0.7331276,0.713172,0.7425697,0.7070919,0.7209603,0.7333904,0.8138405,0.821569,0.7801114,0,0,0,0,0,0,0,0,0,0,0,0,0,0,0,0,0,0,0,0,0.7324512,0.9824362,1,0.7792438,0.7729968,0.7280127,0.776976,0.7332514,0,0.7098307,0.7106867,0.7281504,0.7144504,0,0,0,0,0
0,0,0,0,0,0,0,0,0,0,0,0,0,0,0,0.9233874,1,0.9154092,0.8092998,0.7987686,0.7631001,0.7678415,0.7770227,0.7368147,0,0,0,0,0,0,0,0,0,0,0,0,0,0,0,0,0,0,0,0,0,0,0,0,0.8793197,1,0.9352306,0.864898,0.8504381,0,0,0,0,0,0,0,0,0,0,0,0,0,0,0,0,0,0,0,0,0,0,0,0,0,0,0,0.6566877,0.9564313,1,0.8795511,0.7041439,0.661149,0.7411689,0.7398918,0.7281736,0.7223781,0.6878307,0,0,0,0,0,0,0,0,0,0,0,0,0,0,0,0,0,0,0,0,0,0,0,0.8814805,1,0.9497253,0.7276791,0.7624189,0.7535776,0.7326778,0,0.7099699,0.7342985,0.7231561,0.6988261,0,0,0,0,0,0,0,0,0,0,0,0,0,0,0,0,0,0,0,0,0,0,0.9589799,1,0.8668012,0.7290004,0.7243925,0.7593952,0.7487375,0.6933752,0,0.7044222,0,0,0,0,0,0,0
0,0,0,0,0,0,0,0,0,0,0,0,0,0,0,0.9320582,1,0.9192703,0.7616139,0,0,0,0,0,0,0,0,0,0,0,0,0,0,0,0,0,0,0,0,0,0,0,0,0,0,0,0,0.8483642,0.8961937,1,0.9860201,0,0,0,0,0,0,0,0,0,0,0,0,0,0,0,0,0,0,0,0,0,0,0,0,0,0,0,0,0.7202144,0.7633457,0.9506804,1,0.8613373,0.7014292,0,0,0,0,0,0,0,0,0,0,0,0,0,0,0,0,0,0,0,0,0,0,0,0,0,0,0,0.7743247,0.807219,0.8498724,1,0.9685374,0.7488608,0,0,0,0,0,0,0,0,0,0,0,0,0,0,0,0,0,0,0,0,0,0,0,0,0,0,0,0.7721034,0.8102379,0.8846505,0.9883721,1,0.839549,0,0,0,0,0,0,0,0,0,0,0,0,0,0
0,0,0,0,0,0,0,0,0,0,0,0,0,0,0,0.9526612,1,0.9169374,0,0,0,0,0,0,0,0,0,0,0,0,0,0,0,0,0,0,0,0,0,0,0,0,0,0,0,0,0,0.940545,0.9393171,1,0.9911677,0,0,0,0,0,0,0,0,0,0,0,0,0,0,0,0,0,0,0,0,0,0,0,0,0,0,0,0,0,0,0.9625447,1,0.9099489,0,0,0,0,0,0,0,0,0,0,0,0,0,0,0,0,0,0,0,0,0,0,0,0,0,0,0,0,0.9209172,0,0,1,0.9603609,0,0,0,0,0,0,0,0,0,0,0,0,0,0,0,0,0,0,0,0,0,0,0,0,0,0,0,0,0,0,0,0.9761149,1,0,0,0,0,0,0,0,0,0,0,0,0,0,0,0
0,0,0,0,0,0,0,0,0,0,0,0,0.6832603,0.7594299,0.7038459,0.9319582,1,0.9047801,0,0,0,0,0,0,0,0,0,0,0,0,0,0,0,0,0,0,0,0,0,0,0,0,0,0,0,0.8672049,0.8491798,0,0.8873684,1,0.9445986,0,0,0,0,0,0,0,0,0,0,0,0,0,0,0,0,0,0,0,0,0,0,0,0,0,0,0,0.6669408,0.6810285,0,0.9465446,1,0.8841069,0,0,0,0,0,0,0,0,0,0,0,0,0,0,0,0,0,0,0,0,0,0,0,0,0,0,0,0,0,0.7710443,0.9014487,1,0.9181567,0,0,0,0,0,0,0,0,0,0,0,0,0,0,0,0,0,0,0,0,0,0,0,0,0,0,0,0.7398348,0.8036534,0.7310544,0.7411073,0.9703646,1,0.863076,0,0,0,0,0,0,0,0,0,0,0,0,0,0
0,0,0,0,0,0,0,0,0,0.6341587,0.7266371,0.7316141,0.7284125,0.6454604,0,0.9199241,1,0.8939108,0.5891466,0.6491786,0.6829063,0.6405858,0,0,0,0,0,0,0,0,0,0,0,0,0,0,0,0,0,0,0,0,0,0.8360731,0.8903973,0.8497277,0.874584,0.7820285,0.9389515,1,0.8820617,0.8310815,0.8028279,0,0,0,0,0,0,0,0,0,0,0,0,0,0,0,0,0,0,0,0.5570595,0.6137702,0.5939061,0.6595998,0.7264511,0.7453736,0.700313,0.6997753,0.7015471,0.9451428,1,0.8810768,0.6171353,0.6157721,0.6582443,0.6388068,0.6108848,0,0.5781889,0.5879821,0.5544895,0,0,0,0,0,0,0,0,0,0,0,0,0,0,0.5997047,0.5979412,0.607631,0.720005,0.7104463,0.712715,0.7162446,0.8912794,1,0.9287992,0,0,0.615765,0.6373163,0.6053741,0,0,0,0,0,0,0,0,0,0,0,0,0,0,0,0,0,0,0,0,0.6446329,0.682565,0,0.7576573,0.7258424,0.6700984,0.9680704,1,0.8088327,0.6759221,0,0.6689581,0.6472389,0.6469693,0,0,0,0,0,0,0,0,0
0,0,0,0,0,0,0,0,0,0,0,0.5996145,0.6421931,0.7551755,0.7555546,0.8996712,1,0.876565,0,0,0,0,0,0,0,0,0,0,0,0,0,0,0,0,0,0,0,0,0,0,0,0,0,0,0.8108026,0.8565745,0.7962366,0.8075314,0.7817605,1,0.968271,0,0,0,0,0,0,0,0,0,0,0,0,0,0,0,0,0,0,0,0,0,0,0,0.5419461,0.5670484,0.5643648,0.5659186,0.542896,0,0.6247305,0.9488655,1,0.8508995,0.5782659,0,0,0,0.5505133,0,0,0,0,0,0,0,0,0,0,0,0,0,0,0,0,0,0,0,0,0,0.589404,0.6171782,0.6458905,0.5971437,0.8570926,1,0.9466252,0.6347916,0,0,0,0,0,0,0,0,0,0,0,0,0,0,0,0,0,0,0,0,0,0,0,0,0,0,0.7162417,0.725003,0.7928646,0.8174233,0.9764608,1,0.8413157,0.6362827,0,0,0,0,0,0,0,0,0,0,0,0,0
0,0,0,0,0,0,0,0,0,0,0,0,0,0,0,0.9060751,1,0.9095599,0,0,0,0,0,0,0,0,0,0,0,0,0,0,0,0,0,0,0,0,0,0,0,0,0,0,0,0,0,0,0,1,0.9839205,0,0,0,0,0,0,0,0,0,0,0,0,0,0,0,0,0,0,0,0,0,0,0,0,0,0,0,0,0,0.7008849,0.9387539,1,0.8974497,0,0,0,0,0,0,0,0,0,0,0,0,0,0,0,0,0,0,0,0,0,0,0,0,0,0,0,0,0,0,0.8665766,1,0.9721451,0.7587759,0,0,0,0,0,0,0,0,0,0,0,0,0,0,0,0,0,0,0,0,0,0,0,0,0,0,0,0,0.8345433,0.8884906,0.962211,1,0.8198503,0,0,0,0,0,0,0,0,0,0,0,0,0,0
0,0,0,0,0,0,0,0,0,0,0,0,0,0,0,0.9194899,1,0.8891715,0.7481999,0,0,0,0,0,0,0,0,0,0,0,0,0,0,0,0,0,0,0,0,0,0,0,0,0,0,0,0,0,0.8636695,1,0.9292732,0,0,0,0,0,0,0,0,0,0,0,0,0,0,0,0,0,0,0,0,0,0,0,0,0,0,0,0,0,0,0.9271907,1,0.9134484,0.6457639,0,0,0,0,0,0,0,0,0,0,0,0,0,0,0,0,0,0,0,0,0,0,0,0,0,0,0,0,0,0.8575941,1,0.9713786,0.7126266,0,0.6839676,0.712206,0.6731561,0,0,0,0,0,0,0,0,0,0,0,0,0,0,0,0,0,0,0,0,0,0,0,0,0,0,0.9237891,1,0.8986169,0,0,0,0,0,0,0,0,0,0,0,0,0,0
0,0,0,0,0,0,0,0,0,0,0,0,0,0,0.6254649,0.8964207,1,0.9112661,0.6222312,0.6005429,0.5968626,0.6108724,0.5727324,0.6435483,0.5844049,0,0,0,0,0,0,0,0,0,0,0,0,0,0,0,0,0,0,0,0,0,0,0,0.8693394,1,0.9508029,0.8195229,0,0.7238988,0.77889,0,0,0,0,0,0,0,0,0,0,0,0,0,0,0,0,0,0,0,0,0,0,0,0,0,0.5531721,0.9243101,1,0.8838827,0.6645685,0.564561,0.6335443,0.5591832,0.6571624,0.5898132,0.5292749,0.5016856,0,0,0,0,0,0,0,0,0,0,0,0,0,0,0,0,0,0,0,0,0,0.5387238,0.8351106,1,0.9674886,0.7085233,0.5829802,0.6350604,0.6976726,0.76197,0.6746943,0.5898998,0.5399427,0,0,0,0,0,0,0,0,0,0,0,0,0,0,0,0,0,0,0,0,0,0,0.6973007,0.9519221,1,0.8400447,0.7103506,0.6258151,0.6167371,0.712709,0.6622304,0,0,0,0,0,0,0,0,0
0,0,0,0,0,0,0,0,0,0,0,0,0,0,0,0.9041865,1,0.9240389,0.6972972,0,0.7803102,0.7494543,0.7415701,0.7349938,0.7016802,0.7086677,0,0,0,0,0,0,0,0,0,0,0,0,0,0,0,0,0,0,0,0,0,0,0.881608,1,0.9741569,0.9135544,0.8506544,0.8970116,0.8340844,0,0,0,0,0,0,0,0,0,0,0,0,0,0,0,0,0,0,0,0,0,0,0.6516547,0.6788715,0.6728671,0.7096141,0.9481529,1,0.8832707,0.7197444,0.6862326,0.6452544,0.7275669,0.7279857,0.7157795,0.7084356,0,0.6525545,0.6651073,0.6449727,0,0,0,0,0,0,0,0,0,0,0,0,0,0,0,0,0,0,0,0.7238942,0.9797475,1,0.8170884,0,0,0.7204845,0.7978337,0.7652988,0.7859195,0,0,0,0,0,0,0,0,0,0,0,0,0,0,0,0,0,0,0,0,0,0,0.7607157,0.8255264,0.9799342,1,0.8387343,0.781441,0.7656071,0.7710171,0.7623174,0,0,0,0,0,0,0,0,0,0
0,0,0,0,0,0,0,0,0,0,0,0,0,0,0,0.9216215,1,0.9123722,0.8130335,0.8400083,0,0.8039939,0.7913523,0,0,0,0,0,0,0,0,0,0,0,0,0,0,0,0,0,0,0,0,0,0,0,0,0,0.8780946,1,0.9665456,0,0.8691021,0,0,0,0,0,0,0,0,0,0,0,0,0,0,0,0,0,0,0,0,0,0,0,0,0,0,0,0.7120311,0.9424674,1,0.9063084,0.7086564,0.7222807,0,0,0,0.699403,0.7044968,0,0,0,0,0,0,0,0,0,0,0,0,0,0,0,0,0,0,0,0,0,0,0,0.8440875,1,0.9870914,0.7803584,0.7458165,0.762549,0,0,0,0,0,0,0,0,0,0,0,0,0,0,0,0,0,0,0,0,0,0,0,0,0,0,0,0,0.9619418,1,0.901096,0,0,0.8279111,0,0,0,0,0,0,0,0,0,0,0
0,0,0,0,0,0,0,0,0,0,0,0,0,0,0,0.8929896,1,0.9141635,0.6784962,0.6950821,0.637274,0,0,0,0,0,0,0,0,0,0,0,0,0,0,0,0,0,0,0,0,0,0,0,0,0,0,0,0.8064765,1,0.9413708,0.8549304,0.7685683,0,0,0,0,0,0,0,0,0,0,0,0,0,0,0,0,0,0,0,0,0,0,0,0,0,0,0,0,0.9231666,1,0.8933281,0.7615124,0.6784502,0.5659068,0,0,0,0,0,0,0,0,0,0,0,0,0,0,0,0,0,0,0,0,0,0,0,0,0,0,0.6446884,0.8426965,1,0.9845716,0.7935331,0.6438122,0,0,0,0,0,0,0,0,0,0,0,0,0,0,0,0,0,0,0,0,0,0,0,0,0,0,0,0.6723561,0.8128828,0.9122283,1,0.8631589,0,0,0,0,0,0,0,0,0,0,0,0,0,0
0,0,0,0,0,0,0,0,0,0,0,0,0,0,0.7271248,0.8762355,1,0.9200138,0,0,0,0,0,0,0,0,0,0,0,0,0,0,0,0,0,0,0,0,0,0,0,0,0,0,0,0,0,0,0.770294,1,0.9889063,0.7216697,0,0,0,0,0,0,0,0,0,0,0,0,0,0,0,0,0,0,0,0,0,0,0,0,0,0,0,0.6469394,0.731322,0.9423345,1,0.8981512,0.6347118,0,0,0,0,0,0,0,0,0,0,0,0,0,0,0,0,0,0,0,0,0,0,0,0,0,0,0,0.651594,0.7086528,0.8180385,1,0.9779335,0.7221871,0.7045588,0,0,0,0,0,0,0,0,0,0,0,0,0,0,0,0,0,0,0,0,0,0,0,0,0,0,0,0.7618378,0.8088918,0.9457595,1,0.900458,0.7832736,0.6985048,0,0,0,0,0,0,0,0,0,0,0,0
