GestureName: c
Duration(ms): 1222
Handedness: right

SpeakerAngles: 5
55
-55
0
0
110

SpeakerElevations: 5
-10
-10
-10
0
30

InterpretedPoints: 26
0,0,0
0,0,0
0,0,0
0,0,0
0.0141807944755501,0.537328777475199,0.652703644666139
0.835068873062699,2.47941053951119,1.13175911166535
0.0212711917133253,-0.224391327762785,0.631759111665348
0,-10.924038765061,0.868240888334652
-5.64695098878119,-17.8476919213308,2.43107448733702
-9.72302979276584,-18.6201733994505,-0.221629157329114
-8.90923211141646,-18.9163715321765,0.278370842670886
-8.11670562178041,-12.5452394003697,-2.11081457866456
-8.93759370036756,-8.40317286044186,-3.45811093399842
-2.476845030237,-12.5926396554621,-1.04798097966218
-0.849249667538249,-11.0705031249747,-0.568925512662975
0,0,0
0,0,0
1.62759536269875,-0.592396265452048,1
1.6134145682232,14.3132138938428,-1.91012995433623
3.2268291364464,6.25945008585449,-0.694592710667721
0,0,0
0,0,0
0,0,0
0,0,0
0,0,0
0,0,0

StrokePoints: 27
0,0,0
0,0,0
0,0,0
0,0,0
0,0,0
0.0141807944755501,0.537328777475199,0.652703644666139
0.849249667538249,3.01673931698639,1.78446275633149
0.870520859251575,2.79234798922361,2.41622186799684
0.870520859251575,-8.13169077583744,3.28446275633149
-4.77643012952962,-25.9793826971683,5.71553724366851
-14.4994599222955,-44.5995560966188,5.4939080863394
-23.4086920337119,-63.5159276287953,5.77227892901028
-31.5253976554923,-76.061167029165,3.66146435034573
-40.4629913558599,-84.4643398896069,0.20335341634731
-42.9398363860969,-97.056979545069,-0.844627563314873
-43.7890860536351,-108.127482670044,-1.41355307597785
-43.7890860536351,-108.127482670044,-1.41355307597785
-43.7890860536351,-108.127482670044,-1.41355307597785
-42.1614906909364,-108.719878935496,-0.413553075977848
-40.5480761227132,-94.4066650416529,-2.32368303031408
-37.3212469862668,-88.1472149557984,-3.0182757409818
-37.3212469862668,-88.1472149557984,-3.0182757409818
-37.3212469862668,-88.1472149557984,-3.0182757409818
-37.3212469862668,-88.1472149557984,-3.0182757409818
-37.3212469862668,-88.1472149557984,-3.0182757409818
-37.3212469862668,-88.1472149557984,-3.0182757409818
-37.3212469862668,-88.1472149557984,-3.0182757409818

Velocities: 26
0,0,0
0,0,0
0,0,0
0,0,0
0,2,0
0,3,2
0,3,2
0,0,-5
-7,0,-7
-7,-1,-8
-7,-1,-8
-3,0,-5
-2,0,-4
-2,-7,-8
-1,-6,-7
0,0,0
0,0,0
0,0,0
4,2,5
4,0,0
0,0,0
0,0,0
0,0,0
0,0,0
0,0,0
0,0,0

InverseVelocities: 26
0,0,0
0,0,0
0,0,0
0,0,0
0,0,0
0,0,0
0,0,0
0,0,0
0,0,0
0,0,0
0,1,0
0,0,0
0,0,0
0,0,0
0,0,0
0,0,0
0,0,0
0,0,0
0,0,0
0,0,0
0,0,0
0,0,0
0,0,0
0,0,0
0,0,0
0,0,0

RawData: 26
0,0,0,0,0,0,0,0,0,0,0,0,0,0,0,0.8950058,1,0.8875956,0,0,0,0,0,0,0,0,0,0,0,0,0,0,0,0,0,0,0,0,0,0,0,0,0,0,0,0,0,0,0,1,0.9703372,0,0,0,0,0,0,0,0,0,0,0,0,0,0,0,0,0,0,0,0,0,0,0,0,0,0,0,0,0,0.6457555,0.9418061,1,0.8509863,0,0,0,0,0,0,0,0,0,0,0,0,0,0,0,0,0,0,0,0,0,0,0,0,0,0,0,0,0,0,0.8406566,1,0.9507989,0.695405,0,0,0,0,0,0,0,0,0,0,0,0,0,0,0,0,0,0,0,0,0,0,0,0,0,0,0,0,0,0,0.9382224,1,0.8210491,0,0,0,0,0,0,0,0,0,0,0,0,0,0
0,0,0,0,0,0,0,0,0,0,0,0,0,0,0,0.8869343,1,0.9434436,0,0,0,0,0,0,0,0,0,0,0,0,0,0,0,0,0,0,0,0,0,0,0,0,0,0,0,0,0,0,0,1,0.9820217,0,0,0,0,0,0,0,0,0,0,0,0,0,0,0,0,0,0,0,0,0,0,0,0,0,0,0,0,0,0,0.9413633,1,0.8570916,0,0,0,0,0,0,0,0,0,0,0,0,0,0,0,0,0,0,0,0,0,0,0,0,0,0,0,0,0,0,0.8461906,1,0.9508457,0,0,0,0,0,0,0,0,0,0,0,0,0,0,0,0,0,0,0,0,0,0,0,0,0,0,0,0,0,0,0,0,1,0.9299187,0,0,0,0,0,0,0,0,0,0,0,0,0,0
0,0,0,0,0,0,0,0,0,0,0,0,0,0,0,0.9576877,0.9832292,1,0.932653,0,0,0,0,0,0,0,0,0,0,0,0,0,0,0,0,0,0,0,0,0,0,0,0,0,0,0,0,0,0,0.9162321,1,0.9623379,0.8266199,0,0,0,0,0,0,0,0,0,0,0,0,0,0,0,0,0,0,0,0,0,0,0,0,0,0,0,0,0.9187064,1,0.9093204,0.7303932,0,0,0,0,0,0,0,0,0,0,0,0,0,0,0,0,0,0,0,0,0,0,0,0,0,0,0,0,0,0.8157574,1,0.9724417,0.7223995,0,0,0,0,0,0,0,0,0,0,0,0,0,0,0,0,0,0,0,0,0,0,0,0,0,0,0,0,0,0,0.9290981,1,0.9593673,0.866988,0,0,0,0,0,0,0,0,0,0,0,0,0
0,0,0,0,0,0,0,0,0,0,0,0,0,0,0,0.8756819,1,0.9885585,0.8540762,0,0,0,0,0,0,0,0,0,0,0,0,0,0,0,0,0,0,0,0,0,0,0,0,0,0,0,0,0,0.8370771,1,0.9382765,0.9582129,0.9043266,0,0,0,0,0,0,0,0,0,0,0,0,0,0,0,0,0,0,0,0,0,0,0,0,0,0,0,0,0.9386446,1,0.922673,0.8252239,0.7387493,0,0,0,0,0,0,0,0,0,0,0,0,0,0,0,0,0,0,0,0,0,0,0,0,0,0,0,0,0.8473449,1,0.9847137,0.8043457,0,0,0,0,0,0,0,0,0,0,0,0,0,0,0,0,0,0,0,0,0,0,0,0,0,0,0,0,0,0,0.9430537,1,0.9902403,0.9793549,0,0,0,0,0,0,0,0,0,0,0,0,0
0,0,0,0,0,0,0,0,0,0,0,0,0,0,0,0.9591907,1,0,0,0,0,0,0,0,0,0,0,0,0,0,0,0,0,0,0,0,0,0,0,0,0,0,0,0,0,0,0,0,0,0.9853799,1,0.8394331,0.887183,0.9153736,0.8779179,0,0,0,0,0,0,0,0,0,0,0,0,0,0,0,0,0,0,0,0,0,0,0,0,0,0,0.9339309,1,0.9239861,0.7969158,0.7453229,0,0,0,0,0,0,0,0,0,0,0,0,0,0,0,0,0,0,0,0,0,0,0,0,0,0,0,0,0.8371837,1,0.9810661,0.778749,0,0,0,0,0,0,0,0,0,0,0,0,0,0,0,0,0,0,0,0,0,0,0,0,0,0,0,0,0,0,0.9300071,0.927745,0,0,1,0.9310483,0,0,0,0,0,0,0,0,0,0,0
0,0,0,0,0,0,0,0,0,0,0,0,0,0,0.862225,0.9416709,1,0.9486194,0,0,0,0,0,0,0,0,0,0,0,0,0,0,0,0,0,0,0,0,0,0,0,0,0,0,0,0,0,0,0,1,0.9642202,0.8768976,0.9695354,0.8970358,0.9049871,0.8312614,0,0,0,0,0,0,0,0,0,0,0,0,0,0,0,0,0,0,0,0,0,0,0,0,0,0.9257495,1,0.8842542,0.7871386,0.7891911,0.7116439,0.7108307,0,0,0,0,0,0,0,0,0,0,0,0,0,0,0,0,0,0,0,0,0,0,0,0,0,0.766826,0.8664256,1,0.9536805,0.7129999,0,0,0,0,0,0,0,0,0,0,0,0,0,0,0,0,0,0,0,0,0,0,0,0,0,0,0,0,0,0,0,0.865039,0,0,0,1,0.9594562,0.817284,0,0,0,0,0,0,0,0,0
0,0,0,0,0,0,0,0,0,0,0,0,0,0,0,0.914471,1,0.8891449,0,0,0,0,0,0,0,0,0,0,0,0,0,0,0,0,0,0,0,0,0,0,0,0,0,0,0,0,0,0,0,0.9918908,1,0.9862334,0.9389884,0.9266047,0.9624378,0.8857306,0,0,0,0,0,0,0,0,0,0,0,0,0,0,0,0,0,0,0,0,0,0,0,0,0,0.9180055,1,0.8672985,0.7791858,0,0.7766704,0.7231486,0,0,0,0,0,0,0,0,0,0,0,0,0,0,0,0,0,0,0,0,0,0.7516574,0.8126948,0.7833846,0.805061,0.8363893,0,1,0.9702638,0,0,0,0,0,0,0,0,0,0,0,0,0,0,0,0,0,0,0,0,0,0,0,0,0,0,0,0,0,0,0.8623945,0.9362003,0.9811795,1,0.951777,0.88627,0.9315649,0.9360872,0,0,0,0,0,0,0,0,0,0
0,0,0,0,0,0,0,0,0,0,0,0,0,0,0,0.8698546,1,0.9218163,0,0,0,0,0,0,0,0,0,0,0,0,0,0,0,0,0,0,0,0,0,0,0,0,0,0,0,0,0,0,0,1,0.9194478,0.9139892,0.9331191,0,0,0,0,0,0,0,0,0,0,0,0,0,0,0,0,0,0,0,0,0,0.7577261,0.77134,0,0,0,0,0,0.9038839,1,0.896443,0,0,0,0,0,0,0,0,0,0,0,0,0,0,0,0,0,0,0,0,0,0,0.7831839,0.8328267,0.8442668,0.8260016,0.8464448,0.8482653,0.8460782,0,0.7932227,1,0.9779026,0,0,0,0,0,0,0,0,0,0,0,0,0,0,0,0,0,0,0,0,0,0,0,0,0,0,0,0,0,0,0,0,0.9930391,1,0,0,0,0,0,0,0,0,0,0,0,0,0,0
0,0,0,0,0,0,0.7982205,0.9488404,0.9671299,0.917783,0.8568351,0.7654856,0,0,0,0.8940417,1,0.9204865,0,0,0,0,0,0,0,0,0,0,0,0,0,0,0,0,0,0,0,0,0,0,0,0,0,0,0,0,0,0,0.8938629,1,0.947071,0.807434,0.8104638,0,0,0,0,0,0,0,0,0,0,0,0,0,0,0,0,0,0,0,0.7427382,0.795832,0.7535754,0.7460721,0.6875513,0,0,0.6649734,0.735593,0.939877,1,0.8755659,0.6994967,0,0,0,0,0,0,0,0,0,0,0,0,0,0,0,0,0,0,0,0,0.7924381,0.8831721,0.78704,0.8149013,0.7304973,0,0,0,0,0.8554764,1,0.9706087,0.7233926,0,0,0,0,0,0,0,0,0,0,0,0,0,0,0,0,0,0,0,0,0,0,0,0,0,0,0,0,0.9773266,0.9208664,1,0.9513639,0.9499976,0.9898391,0,0,0,0,0,0,0,0,0,0,0,0,0
0,0,0,0,0,0,0.9167565,0.9888215,0.9143656,0.7716978,0,0,0,0,0.7390142,0.9125199,1,0.8835292,0,0,0,0,0,0,0,0,0,0,0,0,0,0,0,0,0,0,0,0,0,0,0,0,0,0,0,0.8332123,0.8580591,0,0,0.971563,1,0.7827187,0,0,0,0,0,0,0,0,0,0,0,0,0,0,0,0,0,0,0,0.6799818,0.7719819,0.7153381,0,0.6239308,0.6625919,0,0.6196339,0.6979864,0.7226635,0.9282485,1,0.8906943,0,0,0,0,0,0,0,0,0,0,0,0,0,0,0,0,0,0,0,0,0.7533997,0.8705634,0.8656753,0.784156,0,0.693238,0,0,0,0,0.7891938,1,0.9796562,0.7617854,0,0,0,0,0,0,0,0,0,0,0,0,0,0,0,0,0,0,0,0,0,0.923123,0.9126844,0,0.9007531,0.9965197,0.9384753,0,0,0.984861,0.9594564,1,0.8919784,0.8957339,0,0,0,0,0,0,0,0,0,0,0,0,0
0,0,0,0,0,0,0.843837,0.8342423,0,0,0,0.8624201,0.8736764,0,0,0.8747545,1,0.8809462,0,0,0,0,0,0,0,0,0,0,0,0,0,0,0,0,0,0,0,0,0,0,0,0,0,0,0,0.8378668,0.8229092,0,0.78935,1,0.9917976,0,0.7460799,0.752166,0,0,0,0,0,0,0,0,0,0,0,0,0,0,0,0,0,0.696682,0.729004,0,0.6246775,0.7102346,0.7393457,0.7301798,0.6566789,0.6446019,0.675493,0.9143106,1,0.8830105,0,0,0,0,0,0,0,0,0,0,0,0,0,0,0,0,0,0,0,0,0.7859476,0.8395683,0.6793987,0,0.7249107,0.7485161,0.6945677,0.7224413,0.7062373,0,0.782447,1,0.9654975,0,0,0,0,0,0,0,0,0,0,0,0,0,0,0,0,0,0,0,0,0,0,0,0.8863806,0.9475129,0.914019,0.9042227,0.845035,0,0,0,0.943724,1,0.9032492,0.8222024,0,0,0,0,0,0,0,0,0,0,0,0,0
0,0,0,0,0,0,0,0,0,0,0.9140984,0.9227424,0,0,0,0.9207923,1,0.8734536,0,0,0,0,0,0,0,0,0,0,0,0,0,0,0,0,0,0,0,0,0,0,0,0,0,0,0,0,0,0,0.8579696,1,0.9653919,0,0,0,0,0,0,0,0,0,0,0,0,0,0,0,0,0,0,0,0,0,0,0,0.7383766,0.7196655,0.7334725,0.7377428,0.7480128,0,0,0.9581446,1,0.8672352,0,0,0,0,0,0,0,0,0,0,0,0,0,0,0,0,0,0,0,0,0.8025156,0.8384682,0.81322,0,0,0.7833554,0.7879663,0.8414605,0.7917098,0,0.8779856,1,0.954596,0,0,0,0,0,0,0,0,0,0,0,0,0,0,0,0,0,0,0,0,0,0.9878988,0.9682477,1,0.9767511,0,0,0,0,0,0,0,0,0,0,0,0,0,0,0,0,0,0,0,0,0,0,0
0,0,0,0,0,0,0,0,0,0,0,0.8898034,0,0,0,0.9248337,1,0.8778682,0,0,0,0,0,0,0,0,0,0,0,0,0,0,0,0,0,0,0,0,0,0,0,0,0,0,0,0,0,0,0,1,0.9649894,0,0,0,0,0,0,0,0,0,0,0,0,0,0,0,0,0,0,0,0,0,0,0,0,0.7130814,0.7305164,0.7337314,0,0,0.7413554,0.9563569,1,0.8758442,0,0,0,0,0,0,0,0,0,0,0,0,0,0,0,0,0,0,0,0,0,0,0.7739398,0.7456521,0,0.758163,0.8235475,0.7785445,0,0,0.8649676,1,0.9538364,0,0,0,0,0,0,0,0,0,0,0,0,0,0,0,0,0,0,0,0.8620337,0.9540094,1,0.9674397,0.9127275,0,0,0,0,0,0,0,0.8861343,0.915638,0,0,0,0,0,0,0,0,0,0,0,0,0,0,0
0,0,0,0,0,0,0,0,0,0,0,0.8808242,0.8567657,0.8186814,0,0.9101726,1,0.8810986,0,0,0,0,0,0,0,0,0,0,0,0,0,0,0,0,0,0,0,0,0,0.816162,0.855366,0.8336362,0.7989446,0,0,0,0,0.7721558,0.8466238,1,0.9557932,0,0,0,0,0,0,0,0,0,0,0,0,0,0,0,0,0,0,0,0,0.7032518,0.7626768,0.738046,0.7130682,0.7145487,0.700764,0.7231227,0,0,0,0.9487996,1,0.8694044,0,0,0,0,0,0,0,0,0,0,0,0,0,0,0,0,0,0,0,0,0,0,0,0,0,0,0.7814804,0.7029006,0,0,0.8655203,1,0.9433376,0,0,0,0,0,0,0,0,0,0,0,0,0,0,0,0,0,0,0,0,0.9065524,0.9838775,1,0.8566432,0.9078274,0.9292017,0,0,0,0,0,0.971975,0.9677228,0,0,0,0,0,0,0,0,0,0,0,0,0,0,0
0,0,0,0,0,0,0,0,0,0,0,0,0.8758956,0.8676665,0.7774786,0.9140273,1,0.8851832,0,0,0,0,0,0,0,0,0,0,0,0,0,0,0,0,0,0,0,0,0,0,0.7595749,0.8235129,0.8634969,0.8815084,0.7845416,0.7718646,0,0,0.8624773,1,0.9561204,0.7524895,0,0,0,0,0,0,0,0,0,0,0,0,0,0,0,0,0,0,0,0,0.6918344,0.7205731,0.7016562,0,0,0,0,0,0.7017345,0.9531134,1,0.8680699,0,0,0,0,0,0,0,0,0,0,0,0,0,0,0,0,0,0,0,0,0,0,0,0,0,0,0.7726451,0.8299323,0.811143,0.7718744,0.7873638,1,0.9532191,0,0,0,0,0,0,0,0,0,0,0,0,0,0,0,0,0,0,0,0,0,0,0.9371918,1,0.9964626,0.9725254,0.9783824,0.8294798,0,0,0,0.9101179,0.9719068,0.8151162,0,0,0,0,0,0,0,0,0,0,0,0,0,0
0,0,0,0,0,0,0,0,0,0,0,0,0,0,0,0,0,0,0,0,0,0,0,0,0,0,0,0,0,0,0,0,0,0,0,0,0,0,0,0,0,0,0,0,0,0,0,0,0,0,0,0,0,0,0,0,0,0,0,0,0,0,0,0,0,0,0,0,0,0,0,0,0,0,0,0,0,0,0,0,0,0,0,0,0,0,0,0,0,0,0,0,0,0,0,0,0,0,0,0,0,0,0,0,0,0,0,0,0,0,0,0,0,0,0,0,0,0,0,0,0,0,0,0,0,0,0,0,0,0,0,0,0,0,0,0,0,0,0,0,0,0,0,0,0,0,0,0,0,0,0,0,0,0,0,0,0,0,0,0,0,0,0,0,0
0,0,0,0,0,0,0,0,0,0,0,0,0,0,0,0.928326,1,0.8578795,0,0,0,0,0,0,0,0,0,0,0,0,0,0,0,0,0,0,0,0,0,0,0,0,0,0,0,0,0,0,0.8862945,1,0.9274611,0,0,0,0,0,0,0,0,0,0,0,0,0,0,0,0,0,0,0,0,0,0,0,0,0,0,0,0,0,0,0.9370631,1,0.8643807,0,0,0,0,0,0,0,0,0,0,0,0,0,0,0,0,0,0,0,0,0,0,0,0,0,0,0,0,0,0,0.8553761,1,0.9260768,0,0,0,0,0,0,0,0,0,0,0,0,0,0,0,0,0,0,0,0,0,0,0,0,0,0,0,0,0,0,0,0.955736,1,0,0,0,0,0,0,0,0,0,0,0,0,0,0,0
0,0,0,0,0,0,0,0,0,0,0,0,0,0,0,0.9254604,1,0.8777902,0,0,0,0,0,0,0,0,0,0,0,0,0,0,0,0,0,0,0,0,0,0,0,0,0,0,0,0,0,0,0.8165124,1,0.9817349,0.8182887,0,0,0,0,0,0,0,0,0,0,0,0,0,0,0,0,0,0,0,0,0,0,0,0,0,0,0,0,0,0.9561663,1,0.857196,0,0,0,0,0,0,0,0,0,0,0,0,0,0,0,0,0,0,0,0,0,0,0,0,0,0,0,0,0,0,0.866303,1,0.9360818,0,0,0,0,0,0,0,0,0,0,0,0,0,0,0,0,0,0,0,0,0,0,0,0,0,0,0,0,0,0,0,0.9297922,1,0,0,0.9329865,0.9545479,0,0,0,0,0,0,0,0,0,0,0
0,0,0,0,0,0,0,0,0,0,0,0,0,0,0,0.9050246,1,0.8789424,0,0,0,0,0.7956169,0.7317702,0,0,0,0,0,0,0,0,0,0,0,0,0,0,0,0,0,0,0,0,0,0,0,0,0.8197455,1,0.9650453,0.7519116,0.6840667,0.7456372,0.6900727,0,0,0,0,0,0,0,0,0,0,0,0,0,0,0,0,0,0,0,0,0,0,0,0,0,0.6242319,0.9428091,1,0.8708789,0,0,0,0,0.7223577,0.7500588,0.6527205,0,0,0,0,0,0,0,0,0,0,0,0,0,0,0,0,0,0,0,0,0,0,0,0.8607233,1,0.9442371,0,0,0,0,0.6923915,0.7432588,0.7420968,0.6826793,0,0,0,0,0,0,0,0,0,0,0,0,0,0,0,0,0,0,0,0,0,0,0.816364,0.9925686,1,0.7969242,0,0,0,0,0,0,0,0,0,0,0,0,0,0
0,0,0,0,0,0,0,0,0,0,0,0,0,0,0,0.9199693,1,0.8302534,0,0,0.8032069,0.8714681,0.8614965,0.7591473,0,0,0,0,0,0,0,0,0,0,0,0,0,0,0,0,0,0,0,0,0,0,0,0,0.8028802,1,0.9810327,0,0,0,0,0,0,0,0,0,0,0,0,0,0,0,0,0,0,0,0,0,0,0,0,0,0,0,0,0,0,0.9372399,1,0.8325045,0,0,0,0,0,0,0,0,0,0,0,0,0,0,0,0,0,0,0,0,0,0,0,0,0,0,0,0,0,0,0.8249397,1,0.9429379,0.7150271,0,0,0,0.7688118,0.7307253,0,0,0,0,0,0,0,0,0,0,0,0,0,0,0,0,0,0,0,0,0,0,0,0,0,0.9629577,1,0.9046021,0,0,0,0,0,0,0,0,0,0,0,0,0,0
0,0,0,0,0,0,0,0,0,0,0,0,0,0,0,0.9157768,1,0.8665844,0,0,0,0,0,0,0,0,0,0,0,0,0,0,0,0,0,0,0,0,0,0,0,0,0,0,0,0,0,0,0,1,0.9874318,0,0,0,0,0,0,0,0,0,0,0,0,0,0,0,0,0,0,0,0,0,0,0,0,0,0,0,0,0,0,0.9486462,1,0.8496918,0,0,0,0,0,0,0,0,0,0,0,0,0,0,0,0,0,0,0,0,0,0,0,0,0,0,0,0,0,0,0.8342992,1,0.9474711,0,0,0,0,0,0,0,0,0,0,0,0,0,0,0,0,0,0,0,0,0,0,0,0,0,0,0,0,0,0,0,0,1,0,0,0,0,0,0,0,0,0,0,0,0,0,0,0
0,0,0,0,0,0,0,0,0,0,0,0,0,0,0,0.9150358,1,0.8976912,0,0,0,0,0,0,0,0,0,0,0,0,0,0,0,0,0,0,0,0,0,0,0,0,0,0,0,0,0,0,0,1,0.9737922,0,0,0,0,0,0,0,0,0,0,0,0,0,0,0,0,0,0,0,0,0,0,0,0,0,0,0,0,0,0,0.9491007,1,0.8858737,0,0,0,0,0,0,0,0,0,0,0,0,0,0,0,0,0,0,0,0,0,0,0,0,0,0,0,0,0,0,0.872786,1,0.9374515,0.8303099,0,0,0,0,0,0,0,0,0,0,0,0,0,0,0,0,0,0,0,0,0,0,0,0,0,0,0,0,0,0,0.958142,1,0,0,0,0,0,0,0,0,0,0,0,0,0,0,0
0,0,0,0,0,0,0,0,0,0,0,0,0,0,0,0.9225277,1,0.8801908,0,0,0,0,0,0,0,0,0,0,0,0,0,0,0,0,0,0,0,0,0,0,0,0,0,0,0,0,0,0,0.84575,1,0.9707969,0.7267011,0,0,0,0,0,0,0,0,0,0,0,0,0,0,0,0,0,0,0,0,0,0,0,0,0,0,0,0,0.6655894,0.9523357,1,0.8691869,0,0,0,0,0,0,0,0,0,0,0,0,0,0,0,0,0,0,0,0,0,0,0,0,0,0,0,0,0,0,0.8809205,1,0.9542979,0.7377205,0,0,0,0,0,0,0,0,0,0,0,0,0,0,0,0,0,0,0,0,0,0,0,0,0,0,0,0,0,0,0.9234598,1,0.8806298,0,0,0,0,0,0,0,0,0,0,0,0,0,0
0,0,0,0,0,0,0,0,0,0,0,0,0,0,0,0.9233365,1,0.8968173,0,0,0,0,0,0,0,0,0,0,0,0,0,0,0,0,0,0,0,0,0,0,0,0,0,0,0,0,0,0,0.8292586,1,0.9754009,0.7364734,0,0,0,0,0,0,0,0,0,0,0,0,0,0,0,0,0,0,0,0,0,0,0,0,0,0,0,0,0.7078604,0.9524977,1,0.8827753,0,0,0,0,0,0,0,0,0,0,0,0,0,0,0,0,0,0,0,0,0,0,0,0,0,0,0,0,0,0,0.8685439,1,0.9562703,0,0,0,0,0,0,0,0,0,0,0,0,0,0,0,0,0,0,0,0,0,0,0,0,0,0,0,0,0,0,0,0.9157712,1,0.8909161,0,0,0,0,0,0,0,0,0,0,0,0,0,0
0,0,0,0,0,0,0,0,0,0,0,0,0,0,0,0.8828766,1,0.8888566,0,0,0,0,0,0,0,0,0,0,0,0,0,0,0,0,0,0,0,0,0,0,0,0,0,0,0,0,0,0,0.6860437,1,0.9953954,0.712862,0,0,0,0,0,0,0,0,0,0,0,0,0,0,0,0,0,0,0,0,0,0,0,0,0,0,0,0,0,0.917646,1,0.8714468,0,0,0,0,0,0,0,0,0,0,0,0,0,0,0,0,0,0,0,0,0,0,0,0,0,0,0,0,0,0,0.7920007,1,0.9712192,0.6602528,0,0,0,0,0,0,0,0,0,0,0,0,0,0,0,0,0,0,0,0,0,0,0,0,0,0,0,0,0,0,0.8861451,1,0.8405271,0,0,0,0,0,0,0,0,0,0,0,0,0,0
0,0,0,0,0,0,0,0,0,0,0,0,0,0,0,0.8952858,1,0.89056,0,0,0,0,0,0,0,0,0,0,0,0,0,0,0,0,0,0,0,0,0,0,0,0,0,0,0,0,0,0,0.7686445,1,0.9966338,0.7194608,0,0,0,0,0,0,0,0,0,0,0,0,0,0,0,0,0,0,0,0,0,0,0,0,0,0,0,0,0,0.92886,1,0.8847531,0,0,0,0,0,0,0,0,0,0,0,0,0,0,0,0,0,0,0,0,0,0,0,0,0,0,0,0,0,0,0.7287002,1,0.9890725,0.6932722,0,0,0,0,0,0,0,0,0,0,0,0,0,0,0,0,0,0,0,0,0,0,0,0,0,0,0,0,0,0,0.9399222,1,0.7922109,0,0,0,0,0,0,0,0,0,0,0,0,0,0
