GestureName: caret
Duration(ms): 752
Handedness: right

SpeakerAngles: 5
55
-55
0
0
110

SpeakerElevations: 5
-10
-10
-10
0
30

InterpretedPoints: 16
0,0,0
0,0,0
1.6134145682232,6.09934054895166,-0.694592710667721
-1.6134145682232,12.6030484736729,-2.25742630967009
2.46266423576145,14.2154204148897,0.395277334996045
2.4201218523348,6.66420307041529,-0.868240888334652
0.0354519861888747,10.4122779986641,0.589870045663766
0.835068873062699,7.57875108846285,0.437166400997627
0,0,0
0,-1,0
-4.04771721503354,-6.02623006399986,0.389185421335443
-8.12379601901819,-25.5466773057074,0.167556264006329
5.64695098878119,-11.832499674343,2.60472266500395
0.764164900684949,-9.07050312497468,-0.568925512662975
0,0,0
0,0,0

StrokePoints: 17
0,0,0
0,0,0
0,0,0
1.6134145682232,6.09934054895166,-0.694592710667721
4.44089209850063E-16,18.7023890226245,-2.95201902033782
2.46266423576145,32.9178094375142,-2.55674168534177
4.88278608809624,39.5820125079295,-3.42498257367642
4.91823807428512,49.9942905065936,-2.83511252801266
5.75330694734782,57.5730415950565,-2.39794612701503
5.75330694734782,57.5730415950565,-2.39794612701503
5.75330694734782,56.5730415950565,-2.39794612701503
1.70558973231427,50.5468115310566,-2.00876070567959
-6.41820628670391,25.0001342253491,-1.84120444167326
-0.771255297922722,13.1676345510061,0.763518223330697
-0.00709039723777316,4.09713142603144,0.194592710667722
-0.00709039723777316,4.09713142603144,0.194592710667722
-0.00709039723777316,4.09713142603144,0.194592710667722

Velocities: 16
0,0,0
0,0,0
2,0,2
4,6,3
3,6,6
3,0,2
1,6,4
1,4,4
0,0,0
0,0,0
-3,0,-5
-9,-7,-8
0,-7,-8
0,-7,-7
0,0,0
0,0,0

InverseVelocities: 16
0,0,0
0,0,0
0,0,0
0,0,0
0,0,0
0,0,0
0,0,0
0,0,0
0,0,0
0,0,0
0,0,0
0,0,0
0,0,0
0,0,0
0,0,0
0,0,0

RawData: 16
0,0,0,0,0,0,0,0,0,0,0,0,0,0,0,0.8772789,1,0.9305566,0,0,0,0,0,0,0,0,0,0,0,0,0,0,0,0,0,0,0,0,0,0,0,0,0,0,0,0,0,0,0.7460171,0.9998657,1,0,0,0,0,0,0,0,0,0,0,0,0,0,0,0,0,0,0,0,0,0,0,0,0,0,0,0,0,0,0,0.9130163,1,0.8900359,0,0,0,0,0,0,0,0,0,0,0,0,0,0,0,0,0,0,0,0,0,0,0,0,0,0,0,0,0,0,0.8074812,1,0.9718318,0,0,0,0,0,0,0,0,0,0,0,0,0,0,0,0,0,0,0,0,0,0,0,0,0,0,0,0,0,0,0,0.9599466,1,0.8322622,0,0,0,0,0,0,0,0,0,0,0,0,0,0
0,0,0,0,0,0,0,0,0,0,0,0,0,0,0,0.9141501,1,0.8481009,0,0,0,0,0,0,0,0,0,0,0,0,0,0,0,0,0,0,0,0,0,0,0,0,0,0,0,0,0,0,0.7866522,1,0.989871,0.7778646,0,0,0,0,0,0,0,0,0,0,0,0,0,0,0,0,0,0,0,0,0,0,0,0,0,0,0,0,0,0.9325888,1,0.8638245,0.7154207,0,0,0,0,0,0,0,0,0,0,0,0,0,0,0,0,0,0,0,0,0,0,0,0,0,0,0,0,0,0.8449573,1,0.955439,0.7372965,0.7620512,0,0,0,0,0,0,0,0,0,0,0,0,0,0,0,0,0,0,0,0,0,0,0,0,0,0,0,0,0,0.9434099,1,0.8451807,0,0,0,0,0,0,0,0,0,0,0,0,0,0
0,0,0,0,0,0,0,0,0,0,0,0,0,0,0,0.9442069,1,0.8768376,0,0.823043,0.8740296,0.8581554,0,0,0,0,0,0,0,0,0,0,0,0,0,0,0,0,0,0,0,0,0,0,0,0,0,0,0.8515483,1,0.9702131,0,0,0,0,0,0,0,0,0,0,0,0,0,0,0,0,0,0,0,0,0,0,0,0,0,0,0,0,0,0,0.9514942,1,0.8840156,0,0,0.7678026,0.7908542,0,0,0,0,0,0,0,0,0,0,0,0,0,0,0,0,0,0,0,0,0,0,0,0,0,0,0.8735693,1,0.9572639,0,0,0.7823624,0.8065214,0.7975655,0,0,0,0,0,0,0,0,0,0,0,0,0,0,0,0,0,0,0,0,0,0,0,0,0,0,0.9765289,1,0,0,0,0,0,0,0,0,0,0,0,0,0,0,0
0,0,0,0,0,0,0,0,0,0,0,0,0,0,0,0.922756,1,0.8761549,0,0,0.7765804,0.8906659,0.957377,0.8850045,0,0,0,0,0,0,0,0,0,0,0,0,0,0,0,0,0,0,0,0,0,0,0,0,0.850374,1,0.9594018,0,0,0,0,0,0,0.764459,0.7684435,0,0,0,0,0,0,0,0,0,0,0,0,0,0,0,0,0,0,0,0,0,0,0.942746,1,0.8394595,0,0,0,0.8416837,0.8177658,0,0,0,0,0,0,0,0,0,0,0,0,0,0,0,0,0,0,0,0,0,0,0,0,0,0.8743993,1,0.9506634,0.780071,0.7495589,0.7695745,0.7448752,0.927115,0.8797885,0,0,0,0,0,0,0,0,0,0,0,0,0,0,0,0,0,0,0,0,0,0,0,0,0,0.9881524,1,0.8282233,0,0,0,0,0,0,0,0,0,0,0,0,0,0
0,0,0,0,0,0,0,0,0,0,0,0,0,0,0,0.916573,1,0.8994207,0,0,0,0.8894173,0.8506956,0,0,0,0,0,0,0,0,0,0,0,0,0,0,0,0,0,0,0,0,0,0,0,0,0,0,1,0.9867997,0,0,0,0,0,0.8360135,0.8525514,0.8718674,0,0,0,0,0,0,0,0,0,0,0,0,0,0,0,0,0,0,0,0,0,0,0.9552444,1,0.870025,0,0,0.7018224,0.7578825,0.8563901,0.7495828,0.7109659,0.6982577,0,0,0,0,0,0,0,0,0,0,0,0,0,0,0,0,0,0,0,0,0,0,0.8543136,1,0.9317054,0,0,0,0.8108804,0.9045198,0.9426333,0.8567837,0,0,0,0,0,0,0,0,0,0,0,0,0,0,0,0,0,0,0,0,0,0,0,0,0.9671606,1,0.8781586,0,0,0,0,0,0.8728517,0.9277112,0,0,0,0,0,0,0
0,0,0,0,0,0,0,0,0,0,0,0,0,0,0,0.9158723,1,0.8724271,0,0,0,0.9043763,0.8787482,0,0,0,0,0,0,0,0,0,0,0,0,0,0,0,0,0,0,0,0,0,0,0,0,0,0,1,0.9765557,0,0,0,0,0,0,0,0,0,0,0,0,0,0,0,0,0,0,0,0,0,0,0,0,0,0,0,0,0,0,0.9576182,1,0.8569156,0,0,0.8026372,0.8462217,0,0,0,0,0,0,0,0,0,0,0,0,0,0,0,0,0,0,0,0,0,0,0,0,0,0,0.8436187,1,0.963796,0,0,0.8140861,0.8213612,0.8624374,0,0,0,0,0,0,0,0,0,0,0,0,0,0,0,0,0,0,0,0,0,0,0,0,0,0,0.9349194,1,0,0,0,0,0,0,0,0,0,0,0,0,0,0,0
0,0,0,0,0,0,0,0,0,0,0,0,0,0,0,0.9365546,1,0.8869268,0,0.8454909,0.8560385,0,0,0,0,0,0,0,0,0,0,0,0,0,0,0,0,0,0,0,0,0,0,0,0,0,0,0,0.8801525,1,0.9569983,0.7943396,0.7735264,0.7796438,0.8021245,0.8247789,0.8649136,0.8397259,0.7823994,0,0,0,0,0,0,0,0,0,0,0,0,0,0,0,0,0,0,0,0,0,0,0.9482709,1,0.8738871,0,0,0.7913792,0.8365316,0.8173659,0.7558458,0,0,0,0,0,0,0,0,0,0,0,0,0,0,0,0,0,0,0,0,0,0,0,0,0.8851864,1,0.939647,0,0,0,0.7675395,0.7901862,0.7382473,0,0,0,0,0,0,0,0,0,0,0,0,0,0,0,0,0,0,0,0,0,0,0,0,0,0.9652424,1,0.8587763,0,0,0.8074072,0.880741,0.9045349,0.8390942,0,0,0,0,0,0,0,0
0,0,0,0,0,0,0,0,0,0,0,0,0,0,0,0.9027552,1,0.8736839,0.8968154,0.9204898,0.8589108,0,0,0,0,0,0,0,0,0,0,0,0,0,0,0,0,0,0,0,0,0,0,0,0,0,0,0,0.7643617,0.9928887,1,0.9263802,0.8417935,0.7490018,0.8196269,0.7316192,0.7267494,0,0,0,0,0,0,0,0,0,0,0,0,0,0,0,0,0,0,0,0,0,0,0,0,0.9445589,1,0.883641,0,0.7855725,0.7685105,0.6954706,0,0.6884478,0,0,0,0,0,0,0,0,0,0,0,0,0,0,0,0,0,0,0,0,0,0,0,0,0.8509259,1,0.9495186,0.8342305,0.8953357,0.8689523,0.755904,0,0,0,0,0,0,0,0,0,0,0,0,0,0,0,0,0,0,0,0,0,0,0,0,0,0,0,0.9153659,1,0.9182494,0.8379247,0.8415213,0.9712828,0.9716979,0.8613232,0,0,0,0,0,0,0,0,0
0,0,0,0,0,0,0,0,0,0,0,0,0,0,0,0.9393314,1,0.9120288,0,0,0,0,0,0,0,0,0,0,0,0,0,0,0,0,0,0,0,0,0,0,0,0,0,0,0,0,0,0,0,1,0.95377,0.9272112,0,0,0,0,0,0,0,0,0,0,0,0,0,0,0,0,0,0,0,0,0,0,0,0,0,0,0,0,0.8508408,0.9500926,1,0.851537,0.8591897,0,0,0,0,0,0,0,0,0,0,0,0,0,0,0,0,0,0,0,0,0,0,0,0,0,0,0,0,0.8012995,0.9007301,1,0.9673852,0.8824302,0.8269141,0,0,0,0,0,0,0,0,0,0,0,0,0,0,0,0,0,0,0,0,0,0,0,0,0,0,0,0,0,0.9368717,1,0.9481015,0.9349561,0,0,0,0,0,0,0,0,0,0,0,0,0
0,0,0,0,0,0,0,0,0,0,0,0,0,0,0,0.9324161,1,0,0,0,0,0,0,0,0,0,0,0,0,0,0,0,0,0,0,0,0,0,0,0,0,0,0,0,0,0,0,0,0,1,0.9917371,0,0,0,0,0,0,0,0,0,0,0,0,0,0,0,0,0,0,0,0,0,0,0,0,0,0,0,0,0,0,0.973849,1,0.8873384,0,0,0,0,0,0,0,0,0,0,0,0,0,0,0,0,0,0,0,0,0,0,0,0,0,0,0,0.8602096,0.8720744,0,0.8608075,1,0.9594861,0,0,0,0,0,0,0,0,0,0,0,0,0,0,0,0,0,0,0,0,0,0,0,0,0,0,0,0,0,0,0,0.9867848,1,0,0,0,0,0,0,0,0,0,0,0,0,0,0,0
0,0,0,0,0,0,0,0,0,0,0.7867604,0.7642481,0.8311446,0,0.7533502,0.8999448,1,0.888535,0,0,0,0,0,0,0,0,0,0,0,0,0,0,0,0,0,0,0,0,0,0,0,0,0,0,0,0,0.865525,0.818436,0,1,0.9364554,0,0,0,0,0,0,0,0,0,0,0,0,0,0,0,0,0,0,0,0,0,0,0,0.7857246,0.7651393,0.727401,0.7239745,0.7252966,0.7907376,0.8205318,0.9212196,1,0.8607447,0,0,0,0,0,0,0,0,0,0,0,0,0,0,0,0,0,0,0,0,0,0,0,0,0,0,0,0,0,0.7077087,0.8441935,1,0.9524751,0,0,0,0,0,0,0,0,0,0,0,0,0,0,0,0,0,0,0,0,0,0,0,0,0,0,1,0.9599628,0.9446037,0.9192966,0.9894139,0.9395801,0.9593692,0.95008,0,0,0,0,0,0,0,0,0,0,0,0,0,0
0,0,0,0,0.7792998,0.7672614,0.7554506,0,0,0,0,0,0,0,0,0.91587,1,0.8714511,0,0,0,0,0,0,0,0,0,0,0,0,0,0,0,0,0,0,0,0,0,0.7671013,0.7799572,0,0,0,0.861827,0.8560772,0,0.7655683,0.897334,1,0.9537352,0,0,0,0,0,0,0,0,0,0,0,0,0,0,0,0,0,0,0,0,0.747108,0.7078393,0.743148,0.7747777,0,0,0,0.7207427,0.7113023,0.6752737,0.9409302,1,0.8732064,0,0,0,0,0,0,0,0,0,0,0,0,0,0,0,0,0,0.6786553,0.710946,0,0,0,0,0.6924974,0.7533606,0.7112424,0,0.7195512,0.7376536,0.6987856,0.8205865,1,0.9585342,0,0,0,0,0,0,0,0,0,0,0,0,0,0,0,0,0,0,0,0,0.8423765,0.8876774,0.8639774,0,0.9100252,0.9511655,0.8431475,0,0.8186274,0.8368805,0.8540899,1,0.9641705,0,0,0,0,0,0,0,0,0,0,0,0,0,0,0
0,0,0,0,0,0,0,0,0,0,0,0,0,0,0,0.9419786,1,0.8860989,0,0,0,0,0,0,0,0,0,0,0,0,0,0,0,0,0,0,0,0,0,0.8840171,0.8695352,0,0.8696939,0.8852792,0,0,0,0,0,0.9961004,1,0,0,0,0,0,0,0,0,0,0,0,0,0,0,0,0,0,0,0,0,0.7339631,0.7746823,0.7392454,0,0,0,0,0,0,0,0.9550192,1,0.8901494,0,0,0,0,0,0,0,0,0,0,0,0,0,0,0,0,0,0,0,0,0,0,0,0,0,0,0,0,0,0,0.8860361,1,0.9551467,0,0,0,0,0,0,0,0,0,0,0,0,0,0,0,0,0,0,0,0,0,0,0,0,0,0,0,0,0,0,0,0.9560483,1,0,0,0,0,0,0,0,0,0,0,0,0,0,0,0
0,0,0,0,0,0,0,0,0,0,0,0,0,0,0,0.9165283,1,0.8737874,0,0,0,0,0,0,0,0,0,0,0,0,0,0,0,0,0,0,0,0,0,0.8302844,0.8744304,0.8177984,0.7835733,0,0,0,0,0,0.8818648,1,0.9455736,0,0,0,0,0,0,0,0,0,0,0,0,0,0,0,0,0,0,0,0,0,0.7798193,0.7822756,0.7374788,0.6978177,0,0,0,0,0,0.9491602,1,0.8602498,0,0,0,0,0,0,0,0,0,0,0,0,0,0,0,0,0,0,0,0,0,0,0,0,0,0,0,0,0,0,0.8348235,1,0.9458732,0,0,0,0,0,0,0,0,0,0,0,0,0,0,0,0,0,0,0,0,0,0,0.8029914,0.8935579,0.8862664,0,0,0,0,0,0.8503601,1,0.984028,0,0,0,0,0,0,0,0,0,0,0,0,0,0,0
0,0,0,0,0,0,0,0,0,0,0,0,0,0,0,0.9020447,1,0.8667368,0,0,0,0,0,0,0,0,0,0,0,0,0,0,0,0,0,0,0,0,0,0,0,0,0,0,0,0,0,0,0.8784515,1,0.9252893,0,0,0,0,0,0,0,0,0,0,0,0,0,0,0,0,0,0,0,0,0,0,0,0,0,0,0,0,0,0,0.9189703,1,0.8168198,0,0,0,0,0,0,0,0,0,0,0,0,0,0,0,0,0,0,0,0,0,0,0,0,0,0,0,0,0,0,0.8492897,1,0.9286659,0,0,0,0,0,0,0,0,0,0,0,0,0,0,0,0,0,0,0,0,0,0,0,0,0,0,0,0,0,0,0,0,1,0,0,0,0,0,0,0,0,0,0,0,0,0,0,0
0,0,0,0,0,0,0,0,0,0,0,0,0,0,0,0.9054568,1,0.8665445,0,0,0,0,0,0,0,0,0,0,0,0,0,0,0,0,0,0,0,0,0,0,0,0,0,0,0,0,0,0,0,0.9658129,1,0,0,0,0,0,0,0,0,0,0,0,0,0,0,0,0,0,0,0,0,0,0,0,0,0,0,0,0,0,0,0.9201739,1,0.8797199,0,0,0,0,0,0,0,0,0,0,0,0,0,0,0,0,0,0,0,0,0,0,0,0,0,0,0,0,0,0,0.812898,1,0.957786,0,0,0,0,0,0,0,0,0,0,0,0,0,0,0,0,0,0,0,0,0,0,0,0,0,0,0,0,0,0,0,0,1,0,0,0,0,0,0,0,0,0,0,0,0,0,0,0
