GestureName: check
Duration(ms): 658
Handedness: right

SpeakerAngles: 5
55
-55
0
0
110

SpeakerElevations: 5
-10
-10
-10
0
30

InterpretedPoints: 14
0,0,0
3.2268291364464,-6.19868109790333,1.38918542133544
-0.842159270300473,-0.778459422224375,-1.80540728933228
-7.33835992661991,-5.77962088343171,-2.72162915732911
-9.76557217619249,-22.3618847748034,-1.83244373599367
-7.30999833766881,-1.05633811384508,-3.15270364466614
-0.813797681349374,0.296198132726024,-0.5
0,0,0
4.91114767704734,20.5347214174981,1.52703644666139
3.29773310882414,22.244886837668,1.87433280199525
0,0,0
0,21.556700515127,-4.16755626400633
0,0,0
0,0,0

StrokePoints: 15
0,0,0
0,0,0
3.2268291364464,-6.19868109790333,1.38918542133544
2.38466986614592,-6.9771405201277,-0.416221867996836
-4.95369006047399,-12.7567614035594,-3.13785102532595
-14.7192622366665,-35.1186461783628,-4.97029476131962
-22.0292605743353,-36.1749842922079,-8.12299840598576
-22.8430582556847,-35.8787861594818,-8.62299840598576
-22.8430582556847,-35.8787861594818,-8.62299840598576
-17.9319105786373,-15.3440647419838,-7.09596195932437
-14.6341774698132,6.90082209568425,-5.22162915732911
-14.6341774698132,6.90082209568425,-5.22162915732911
-14.6341774698132,28.4575226108112,-9.38918542133544
-14.6341774698132,28.4575226108112,-9.38918542133544
-14.6341774698132,28.4575226108112,-9.38918542133544

Velocities: 14
0,0,0
0,-4,-4
0,-4,0
-7,-9,0
-8,-8,-8
-2,0,0
0,0,0
0,0,0
3,7,10
0,6,12
0,0,0
12,12,0
0,0,0
0,0,0

InverseVelocities: 14
0,0,0
0,0,0
0,0,0
0,0,0
0,0,0
0,0,0
0,0,0
0,0,0
0,0,0
0,0,0
0,0,0
0,0,0
0,0,0
0,0,0

RawData: 14
0,0,0,0,0,0,0,0,0,0,0,0,0,0,0,0,1,0,0,0,0,0,0,0,0,0,0,0,0,0,0,0,0,0,0,0,0,0,0,0,0,0,0,0,0,0,0,0,0,0,1,0,0,0,0,0,0,0,0,0,0,0,0,0,0,0,0,0,0,0,0,0,0,0,0,0,0,0,0,0,0,0.9192715,1,0.879536,0,0,0,0,0,0,0,0,0,0,0,0,0,0,0,0,0,0,0,0,0,0,0,0,0,0,0,0,0,0,0,1,0.9538132,0,0,0,0,0,0,0,0,0,0,0,0,0,0,0,0,0,0,0,0,0,0,0,0,0,0,0,0,0,0,0,0,1,0,0,0,0,0,0,0,0,0,0,0,0,0,0,0
0,0,0,0,0,0,0,0,0,0,0,0,0,0,0,0.8898601,1,0.8857001,0,0,0,0,0,0,0,0,0,0,0,0,0,0,0,0,0,0,0,0,0,0,0,0,0.7568408,0.8379372,0.8436396,0.8961609,0.8766783,0.8638618,0.8111416,1,0.9885716,0,0,0,0,0,0,0,0,0,0,0,0,0,0,0,0,0,0,0,0,0,0,0,0,0.6768371,0.7424477,0.7524741,0.7191522,0,0,0.9206586,1,0.8832469,0,0,0,0,0,0,0,0,0,0,0,0,0,0,0,0,0,0,0,0,0,0,0,0,0,0,0,0,0.7064813,0.7959002,0.8400142,1,0.9633834,0.7302883,0,0,0,0,0,0,0,0,0,0,0,0,0,0,0,0,0,0,0,0,0,0,0,0,0,0,0,0.7817301,0.7939109,0,0.9239917,1,0.8966827,0,0,0,0,0,0,0,0,0,0,0,0,0,0
0,0,0,0,0,0,0,0,0,0,0,0,0,0,0,0.8893966,1,0.9245731,0,0,0,0,0,0,0,0,0,0,0,0,0,0,0,0,0,0,0,0,0,0,0,0,0.8375867,0.9030522,0.8636062,0,0,0,0,1,0.9966246,0,0,0,0,0,0,0,0,0,0,0,0,0,0,0,0,0,0,0,0,0,0,0,0,0,0,0,0,0,0,0.9209575,1,0.9033246,0,0,0,0,0,0,0,0,0,0,0,0,0,0,0,0,0,0,0,0,0,0,0,0,0,0,0,0,0,0,0.8298298,1,0.9727098,0,0,0,0,0,0,0,0,0,0,0,0,0,0,0,0,0,0,0,0,0,0,0,0.8321275,0.8320509,0,0,0,0,0,0,0.8885744,1,0.9112178,0,0,0,0,0,0,0,0,0,0,0,0,0,0
0,0,0,0,0,0,0.8224028,0.8053427,0,0,0,0,0,0,0,0.8904676,1,0.895041,0,0,0,0,0,0,0,0,0,0,0,0,0,0,0,0,0,0,0,0.8359014,0.8833815,0,0,0,0,0,0,0,0,0,0,1,0.9550239,0,0,0,0,0,0,0,0,0,0,0,0,0,0,0,0,0,0,0,0,0,0,0,0,0,0,0,0,0,0,0.9369112,1,0.8673297,0,0,0,0,0,0,0,0,0,0,0,0,0,0,0,0,0,0,0,0,0,0,0,0,0,0,0,0,0,0,0.8163886,1,0.9766774,0,0,0,0,0,0,0,0,0,0,0,0,0,0,0,0,0,0.903909,0.9316493,0.9161234,0.9197017,0.8540934,0,0,0,0,0,0,0,0,0,0.9670056,1,0.8626,0,0,0,0,0,0,0,0,0,0,0,0,0,0
0,0,0,0,0,0.8178601,0.7411734,0,0,0,0.7693998,0.8707677,0.8024228,0,0,0.8814066,1,0.8983767,0,0,0,0,0,0,0,0,0,0,0,0,0,0,0,0,0,0,0,0,0.7508651,0.8045404,0.7633682,0,0,0,0,0,0,0,0.765885,1,0.9975196,0.7820163,0,0,0,0,0,0,0,0,0,0,0,0,0,0,0,0,0,0,0,0.7799001,0.7729132,0,0,0,0,0,0,0,0,0.9139703,1,0.8841717,0,0,0,0,0,0,0,0,0,0,0,0,0,0,0,0,0,0,0,0.7416327,0.8154029,0.8182062,0.7670659,0,0.7993366,0.8004386,0.8003685,0.7552915,0,0,0.7850454,1,0.977446,0.7712867,0,0,0,0,0,0,0,0,0,0,0,0,0,0,0.9166687,0.9003842,0.9893901,1,0.9401333,0.9256369,0.9118195,0.8600591,0,0,0,0,0,0,0,0,0.8741544,0.9825895,0.942396,0,0,0,0,0,0,0,0,0,0,0,0,0,0
0,0,0,0,0,0,0,0,0,0,0,0.8606564,0,0,0,0.9192706,1,0.8926904,0,0,0,0,0,0,0,0,0,0,0,0,0,0,0,0,0,0,0,0,0,0,0,0,0,0,0,0,0,0,0,0.9992978,1,0,0,0,0,0,0,0,0,0,0,0,0,0,0,0,0,0,0,0,0,0,0,0,0,0,0,0,0,0,0,0.9525623,1,0.8740652,0,0,0,0,0,0,0,0,0,0,0,0,0,0,0,0,0,0,0,0,0,0,0,0,0,0,0.8810365,0,0,0,0.8465433,1,0.942658,0,0,0,0,0,0,0,0,0,0,0,0,0,0,0,0,0,0,0,0,0,0.9540474,1,0.9760028,0,0,0,0,0,0,0,0.9433762,0,0,0,0,0,0,0,0,0,0,0,0,0,0,0,0
0,0,0,0,0,0,0,0,0,0,0,0,0,0.7640151,0.8361248,0.8786263,1,0.8960303,0,0,0,0,0,0,0,0,0,0,0,0,0,0,0,0,0,0,0,0,0,0,0,0,0,0,0,0,0.7634192,0.777009,0.83711,1,0.9802841,0.7453836,0,0,0,0,0,0,0,0,0,0,0,0,0,0,0,0,0,0,0,0,0,0,0,0,0,0,0,0,0,0.9327874,1,0.8683405,0,0,0,0,0,0,0,0,0,0,0,0,0,0,0,0,0,0,0,0,0,0,0,0,0,0,0,0,0.734925,0.783005,0.8730649,1,0.9423881,0.7240701,0,0,0,0,0,0,0,0,0,0,0,0,0,0,0,0,0,0,0,0,0,0,0,0,0,0,0.8643559,0.9167629,0.9347377,0.9691253,1,0,0,0,0,0,0,0,0,0,0,0,0,0,0,0,0
0,0,0,0,0,0,0,0,0,0,0,0,0,0,0,0.9405832,1,0.8825366,0,0,0,0,0,0,0,0,0,0,0,0,0,0,0,0,0,0,0,0,0,0,0,0,0,0,0,0,0,0,0.8536032,1,0.9711864,0,0,0,0,0,0,0,0,0,0,0,0,0,0,0,0,0,0,0,0,0,0,0,0,0,0,0,0,0,0.7783117,0.9647713,1,0.8968865,0.7609559,0.7513759,0,0,0,0,0,0,0,0,0,0,0,0,0,0,0,0,0,0,0,0,0,0,0,0,0,0,0,0,0.8693356,1,0.953077,0,0,0,0,0,0,0,0,0,0,0,0,0,0,0,0,0,0,0,0,0,0,0,0,0,0,0,0,0,0,0,0.9687345,1,0.9070721,0,0,0,0,0,0,0,0,0,0,0,0,0,0
0,0,0,0,0,0,0,0,0,0,0,0,0,0,0,0.9198737,1,0.8535219,0.7462354,0,0,0.7854699,0.7897812,0,0,0,0,0,0,0,0,0,0,0,0,0,0,0,0,0,0,0,0,0,0,0,0,0,0.848881,1,0.9376277,0,0,0.7043447,0.7250481,0.7323104,0.7694883,0,0.7258025,0.7566806,0,0,0,0,0,0,0,0,0,0,0,0,0,0,0,0,0,0,0,0,0,0.9539306,1,0.8302777,0,0,0,0,0.6524717,0.701975,0,0,0,0,0.6688622,0.6725974,0,0,0,0,0,0,0,0,0,0,0,0,0,0,0,0,0,0,0.8318097,1,0.9489145,0,0,0,0,0,0.7499135,0.784152,0.7435255,0.7443999,0.7590582,0,0,0,0,0,0,0,0,0,0,0,0,0,0,0,0,0,0,0,0,0,1,0.9268281,0.806887,0.8272229,0,0.8173888,0.8561299,0.8289698,0.8511441,0.8120921,0,0.897177,0.886888,0.8462937,0,0,0
0,0,0,0,0,0,0,0,0,0,0,0,0,0,0,0.9024902,1,0.874321,0,0,0,0,0,0,0,0,0,0,0,0,0,0,0,0,0,0,0,0,0,0,0,0,0,0,0,0,0,0,0.8587255,1,0.9489365,0,0,0,0,0,0,0,0.7310874,0,0,0,0,0,0,0,0,0,0,0,0,0,0,0,0,0,0,0,0,0,0.6596383,0.9627971,1,0.8403881,0,0,0,0,0,0,0.6821516,0.7097914,0,0.7274162,0.7373161,0,0.7224826,0.7489097,0.7202615,0,0,0,0,0,0,0,0,0,0,0,0,0,0,0,0.8464399,1,0.9392635,0,0,0,0,0,0,0,0,0,0.7528675,0.764748,0.7768589,0,0,0.7464465,0,0,0,0,0,0,0,0,0,0,0,0,0,0,0,0.8525277,1,0.9567897,0,0.7939523,0,0,0,0,0.7819711,0.8099158,0.8612045,0.9180179,0.8856477,0.8439192,0,0,0
0,0,0,0,0,0,0,0,0,0,0,0,0,0,0,0.9288605,1,0,0,0,0,0,0,0,0,0,0,0,0,0,0,0,0,0,0,0,0,0,0,0,0,0,0,0,0,0,0,0,0,1,0.9623243,0,0,0,0,0,0,0,0,0,0,0,0,0,0,0,0,0,0,0,0,0,0,0,0,0,0,0,0,0,0,0.9521313,1,0.8804098,0,0,0,0,0,0,0,0,0,0,0,0,0,0,0,0,0,0,0,0,0,0,0,0,0,0,0,0,0,0,0,1,0.944809,0,0,0,0,0,0,0,0,0,0,0,0,0,0,0,0,0,0,0,0,0,0,0,0,0,0,0,0,0,0,0,0.9899675,1,0,0,0,0,0,0,0,0,0,0,0,0,0,0,0
0,0,0,0,0,0,0,0,0,0,0,0,0,0,0,0.9257309,1,0.8811505,0,0,0,0,0,0,0,0,0,0,0,0,0,0.8477608,0.8382441,0,0,0,0,0,0,0,0,0,0,0,0,0,0,0,0,0.9651592,1,0.8951704,0,0,0,0.8948611,0.9269583,0.8937281,0,0.8678457,0.9023643,0.9494276,0.9649364,0.9410455,0.9414473,0.9184313,0,0,0,0,0,0,0,0,0,0,0,0,0,0,0,0.9118699,1,0.8642417,0,0,0,0,0,0,0,0,0,0,0,0,0,0,0,0,0,0,0,0,0,0,0,0,0,0,0,0,0,0,0.8095171,1,0.9495706,0,0,0,0,0,0,0,0,0.8055735,0.8004265,0,0,0,0,0,0,0,0,0,0,0,0,0,0,0,0,0,0,0,0,0.8471549,1,0.9824742,0,0,0,0,0,0,0,0,0,0,0,0,0,0,0
0,0,0,0,0,0,0,0,0,0,0,0,0,0,0,0.899737,1,0.871556,0,0,0,0,0,0,0,0,0,0,0,0,0,0,0,0,0,0,0,0,0,0,0,0,0,0,0,0,0,0,0,1,0.9918211,0,0,0,0,0,0,0,0,0,0,0,0,0,0,0,0,0,0,0,0,0,0,0,0,0,0,0,0,0,0,0.942135,1,0.8864718,0,0,0,0,0,0,0,0,0,0,0,0,0,0,0,0,0,0,0,0,0,0,0,0,0,0,0,0,0,0,0.8372763,1,0.9607635,0.8646855,0.8134126,0,0,0,0,0,0,0,0,0,0,0,0,0,0,0,0,0,0,0,0,0,0,0,0,0,0,0,0,0,1,0.9531705,0,0,0,0,0,0,0,0,0,0,0,0,0,0,0
0,0,0,0,0,0,0,0,0,0,0,0,0,0,0,0.9343206,1,0.8917001,0,0,0,0,0,0,0,0,0,0,0,0,0,0,0,0,0,0,0,0,0,0,0,0,0,0,0,0,0,0,0,1,0.981423,0,0,0,0,0,0,0,0,0,0,0,0,0,0,0,0,0,0,0,0,0,0,0,0,0,0,0,0,0,0.7607315,0.9446346,1,0.8544285,0,0,0,0,0,0,0,0,0,0,0,0,0,0,0,0,0,0,0,0,0,0,0,0,0,0,0,0,0,0,0.865153,1,0.9345128,0,0,0,0,0,0,0,0,0,0,0,0,0,0,0,0,0,0,0,0,0,0,0,0,0,0,0,0,0,0,0,1,0.9567024,0,0,0,0,0,0,0,0,0,0,0,0,0,0,0
