GestureName: star
Duration(ms): 1410
Handedness: right

SpeakerAngles: 5
55
-55
0
0
110

SpeakerElevations: 5
-10
-10
-10
0
30

InterpretedPoints: 30
-0.00709039723777505,-16.2078954007864,0.368240888334652
0,-10,0
-5.69658376944562,2.07338692908217,-3.5
4.84024370466959,-10.2828293998672,2.25742630967009
0,0,0
0.0212711917133253,4.77560867223722,0.631759111665348
-2.4201218523348,3.66420307041529,-0.868240888334652
3.22682913644639,34.1301357124068,-5.38309350767484
9.68048740933918,18.7783502575635,-2.08377813200316
0,0,0
-4.88278608809624,1.80757329033173,-2.65270364466614
0,0,0
0.813797681349374,-0.296198132726024,0.5
0.856340064776024,2.30059595271178,2.28446275633149
7.32417913214436,-1.66578319453421,4.5
0.0638135751399753,-0.582020501361603,2.93716640099763
-0.806707284111599,0.564862521463624,-0.17364817766693
0,0,0
0,0,0
0,0,0
0,0,0
-2.4484834412859,-3.31930100260836,-1.13175911166535
-5.69658376944562,2.07338692908217,-3.5
0,0,0
-0.870520859251574,-12.7315790012724,-1.72162915732911
0,0,0
0,0,0
0,0,0
0,0,0
0,0,0

StrokePoints: 31
0,0,0
-0.00709039723777505,-16.2078954007864,0.368240888334652
-0.00709039723777505,-26.2078954007864,0.368240888334652
-5.70367416668339,-24.1345084717043,-3.13175911166535
-0.863430462013799,-34.4173378715715,-0.874332801995253
-0.863430462013799,-34.4173378715715,-0.874332801995253
-0.842159270300474,-29.6417291993342,-0.242573690329905
-3.26228112263527,-25.977526128919,-1.11081457866456
-0.0354519861888756,8.1526095834878,-6.4939080863394
9.64503542315031,26.9309598410513,-8.57768621834256
9.64503542315031,26.9309598410513,-8.57768621834256
4.76224933505407,28.738533131383,-11.2303898630087
4.76224933505407,28.738533131383,-11.2303898630087
5.57604701640344,28.442334998657,-10.7303898630087
6.43238708117946,30.7429309513688,-8.44592710667721
13.7565662133238,29.0771477568345,-3.94592710667721
13.8203797884638,28.4951272554729,-1.00876070567959
13.0136725043522,29.0599897769366,-1.18240888334652
13.0136725043522,29.0599897769366,-1.18240888334652
13.0136725043522,29.0599897769366,-1.18240888334652
13.0136725043522,29.0599897769366,-1.18240888334652
13.0136725043522,29.0599897769366,-1.18240888334652
10.5651890630663,25.7406887743282,-2.31416799501187
4.86860529362069,27.8140757034104,-5.81416799501186
4.86860529362069,27.8140757034104,-5.81416799501186
3.99808443436911,15.0824967021379,-7.53579715234098
3.99808443436911,15.0824967021379,-7.53579715234098
3.99808443436911,15.0824967021379,-7.53579715234098
3.99808443436911,15.0824967021379,-7.53579715234098
3.99808443436911,15.0824967021379,-7.53579715234098
3.99808443436911,15.0824967021379,-7.53579715234098

Velocities: 30
0,-1,-4
0,0,0
0,0,0
0,-6,-7
0,0,0
0,3,2
0,3,2
12,8,11
12,0,0
0,0,0
0,0,-2
0,0,0
0,0,0
0,6,1
0,0,0
0,9,0
0,1,0
0,0,0
0,0,0
0,0,0
0,0,0
0,-1,-4
0,0,0
0,0,0
0,-8,-8
0,0,0
0,0,0
0,0,0
0,0,0
0,0,0

InverseVelocities: 30
0,0,0
0,0,0
0,0,0
0,0,0
0,0,0
0,0,0
0,0,0
0,0,0
0,0,0
0,0,0
0,0,0
0,0,0
0,0,0
0,0,0
0,0,0
0,0,0
0,0,0
0,0,0
0,0,0
0,0,0
0,0,0
0,0,0
0,0,0
0,0,0
0,0,0
0,0,0
0,0,0
0,0,0
0,0,0
0,0,0

RawData: 30
0,0,0,0,0,0,0,0,0,0,0,0,0,0,0,0.912555,1,0.8901905,0,0,0,0,0,0,0,0,0,0,0,0,0,0,0,0,0,0,0,0,0,0,0,0,0,0,0,0.7453201,0.8013354,0.7959191,0.9328622,1,0.9271598,0.8085145,0,0,0,0,0,0,0,0,0,0,0,0,0,0,0,0,0,0,0,0,0,0,0,0.687111,0.7098434,0.6880183,0,0,0,0.9323063,1,0.8381858,0.66993,0,0,0,0,0,0,0,0,0,0,0,0,0,0,0,0.6840022,0.7006696,0,0,0,0,0,0,0,0,0.7043492,0.7174399,0.6956154,0,0.8839297,1,0.9287887,0.7387337,0,0,0,0,0,0,0,0,0,0,0,0,0,0,0,0,0,0,0,0,0,0,0,0,0,0,0.8820261,0.9072571,0.9230296,0.9143922,1,0.876072,0,0,0,0,0,0,0,0,0,0,0,0,0,0,0
0,0,0,0,0,0,0,0,0,0,0,0,0,0,0,0.9365808,1,0.870203,0,0,0,0,0,0,0,0,0,0,0,0,0,0,0,0,0,0,0,0,0,0,0,0,0,0,0,0,0,0,0.8236576,1,0.9667206,0,0,0,0,0,0,0,0,0,0,0,0,0,0,0,0,0,0,0,0,0,0,0,0,0,0,0,0,0,0,0.9442582,1,0.8702356,0,0,0,0,0,0,0,0,0,0,0,0,0,0,0,0,0,0,0.7749774,0.779277,0,0,0,0,0,0,0,0,0,0,0.8683788,1,0.9422242,0,0,0,0,0,0,0,0,0,0,0,0,0,0,0,0,0,0,0,0,0,0,0,0,0,0,0,0,0,0,0,1,0,0,0,0,0,0,0,0,0,0,0,0,0,0,0,0
0,0,0,0,0,0,0,0,0,0,0,0,0,0,0,0.9030656,1,0.8702589,0,0,0,0,0,0,0,0,0,0,0,0,0,0,0,0,0,0,0,0,0,0,0,0,0,0,0,0,0,0.777222,0.8336532,1,0.9634265,0,0,0,0,0,0,0,0,0,0,0,0,0,0,0,0,0,0,0,0,0,0,0,0,0,0,0,0,0,0,0.9476106,1,0.8490896,0,0,0,0,0,0,0,0,0,0,0,0,0,0,0,0,0,0,0,0,0,0,0,0,0,0,0,0,0,0,0.8576822,1,0.9404027,0,0,0,0,0,0,0,0,0,0,0,0,0,0,0,0,0,0,0,0,0,0.8122885,0.8338279,0.8151292,0.8022676,0,0,0,0,0,0,0.9748459,1,0.8487862,0,0,0,0,0,0,0,0,0,0,0,0,0,0
0,0,0,0,0,0,0,0,0,0,0,0,0,0,0,0.925442,1,0.875245,0,0,0,0,0,0,0,0,0,0,0,0,0,0,0,0,0,0,0,0,0,0,0.8542283,0.8328176,0,0,0,0,0,0,0.8242071,1,0.9811615,0,0,0,0,0,0,0,0,0,0,0,0,0,0,0,0,0,0,0,0,0,0.7262085,0.7332751,0,0,0,0,0,0,0,0.9451609,1,0.8614556,0,0,0,0,0,0,0,0,0,0,0,0,0,0,0,0,0,0,0,0,0,0,0,0,0,0,0,0,0,0,0.8183509,1,0.9507964,0,0,0,0,0,0,0,0,0,0,0,0,0,0,0,0,0,0,0,0,0,0,0,0,0,0,0,0,0,0,0,0.9895709,1,0,0,0,0,0,0,0,0,0,0,0,0,0,0,0
0,0,0,0,0,0,0,0,0,0,0,0,0,0,0,0.9348309,1,0.8671835,0,0,0,0,0,0,0,0,0,0,0,0,0,0,0,0,0,0,0,0,0,0,0,0,0,0,0,0,0,0,0,1,0.9524397,0,0,0,0,0,0,0,0,0,0,0,0,0,0,0,0,0,0,0,0,0,0,0,0,0,0,0,0,0,0.7621132,0.9632902,1,0.8478827,0,0,0,0,0,0,0,0,0,0,0,0,0,0,0,0,0,0,0,0,0,0,0,0,0,0,0,0,0,0,0,1,0.966154,0,0,0,0,0,0,0,0,0,0,0,0,0,0,0,0,0,0,0,0,0,0,0,0,0,0,0,0,0,0,0,1,0.9785344,0,0,0,0,0,0,0,0,0,0,0,0,0,0,0
0,0,0,0,0,0,0,0,0,0,0,0,0,0,0,0.9001927,1,0.8812618,0,0,0,0,0,0,0,0,0,0,0,0,0,0,0,0,0,0,0,0,0,0,0,0,0,0,0,0,0,0,0.8545753,1,0.9571967,0,0,0,0.8160381,0.7834656,0,0,0,0,0,0,0,0,0,0,0,0,0,0,0,0,0,0,0,0,0,0,0,0,0.7159987,0.9537463,1,0.8684561,0.6680164,0.7121513,0.7070762,0.6953816,0,0,0,0,0,0,0,0,0,0,0,0,0,0,0,0,0,0,0,0,0,0,0,0,0,0,0.8671123,1,0.943509,0,0,0.7116035,0.6746576,0,0,0,0,0,0,0,0,0,0,0,0,0,0,0,0,0,0,0,0,0,0,0,0,0,0,0.750729,0.9862887,1,0.8230426,0.7965474,0.8184845,0.7902296,0.7271172,0,0,0,0,0,0,0,0,0,0
0,0,0,0,0,0,0,0,0,0,0,0,0,0,0,0.9467365,1,0.9013923,0,0,0,0,0,0,0,0,0,0,0,0,0,0,0,0,0,0,0,0,0,0,0,0,0,0,0,0,0,0,0,1,0.988119,0,0,0,0.9465775,0.9594066,0,0,0,0,0,0,0,0,0,0,0,0,0,0,0,0,0,0,0,0,0,0,0,0,0,0.9568822,1,0.8778872,0,0,0,0.8192168,0,0,0,0,0,0,0,0,0,0,0,0,0,0,0,0,0,0,0,0,0,0,0,0,0,0,0.8917366,1,0.957002,0,0,0,0,0,0,0,0,0,0,0,0,0,0,0,0,0,0,0,0,0,0,0,0,0,0,0,0,0,0,0,0.997418,1,0,0,0,0,0,0,0,0,0,0,0,0,0,0,0
0,0,0,0,0,0,0,0,0,0,0,0,0,0,0,0.8782609,1,0.8667542,0,0,0,0,0,0,0,0,0,0,0,0,0.714224,0.8056127,0.7579629,0,0,0,0,0,0,0,0,0,0,0,0,0,0,0,0,0.9773427,1,0.7877879,0,0,0,0,0.8045082,0.8088492,0.8220619,0.8124601,0.8183628,0,0,0,0,0,0,0,0,0,0,0,0,0,0,0,0,0,0,0,0,0.9437958,1,0.8218624,0,0,0,0,0,0,0,0,0,0,0,0.6443796,0.623591,0,0,0,0,0,0,0,0,0,0,0,0,0,0,0,0,0,0.792991,1,0.9425287,0,0,0,0,0,0,0,0,0,0,0,0.6808879,0.7369261,0.7073779,0.7234514,0,0,0,0,0,0,0,0,0,0,0,0,0,0,0,0,0.960651,1,0,0,0,0,0,0,0,0,0,0,0,0,0,0,0
0,0,0,0,0,0,0,0,0,0,0,0,0,0,0,0.9141417,1,0.8632115,0,0,0,0,0,0,0,0,0,0,0,0.7401172,0.7052622,0.7375414,0,0,0,0,0,0,0,0,0,0,0,0,0,0,0,0,0.8585259,1,0.9527526,0,0,0,0,0,0,0,0,0,0,0,0,0,0,0,0,0,0,0,0,0,0,0,0,0,0,0,0,0,0,0.9435038,1,0.8513907,0,0,0,0,0,0,0,0,0,0,0,0,0,0,0,0,0,0,0,0,0,0,0,0,0,0,0,0,0,0,0.858492,1,0.9411366,0,0,0,0,0,0,0,0,0,0,0.7047031,0.7322941,0.6925625,0.701077,0,0,0,0,0,0,0,0,0,0,0,0,0,0,0,0,0.7167425,0.9682431,1,0.8116979,0,0,0,0,0,0,0,0,0,0,0,0,0,0
0,0,0,0,0,0,0,0,0,0,0,0,0,0,0,0.9156607,1,0.9101253,0,0,0,0,0,0,0,0,0,0,0,0,0,0,0,0,0,0,0,0,0,0,0,0,0,0,0,0,0,0,0,0,1,0,0,0,0,0,0,0,0,0,0,0,0,0,0,0,0,0,0,0,0,0,0,0,0,0,0,0,0,0,0,0.936276,1,0.8987885,0,0,0,0,0,0,0,0,0,0,0,0,0,0,0,0,0,0,0,0,0,0,0,0,0,0,0,0,0,0,0,1,0.9723458,0,0,0,0,0,0,0,0,0,0,0,0,0,0,0,0,0,0,0,0,0,0,0,0,0,0,0,0,0,0,0,0.9690211,1,0,0,0,0,0,0,0,0,0,0,0,0,0,0,0
0,0,0,0,0,0,0,0,0,0,0,0,0,0,0.7617643,0.9240605,1,0.9358802,0,0,0,0,0,0,0,0,0,0,0,0,0,0,0,0,0,0,0,0,0,0,0,0,0,0,0,0,0,0,0.8764488,1,0.9646195,0.7971438,0,0,0,0,0,0,0,0,0,0,0,0,0,0,0,0,0,0,0,0,0,0,0,0,0,0.7099454,0.7139579,0,0.7270657,0.9255499,1,0.8922424,0.7183204,0,0,0,0,0,0,0,0,0,0,0,0,0,0,0,0,0,0,0,0,0,0,0,0,0,0,0,0,0,0.8600335,1,0.956474,0.7507183,0.7741598,0.7550733,0.7460845,0,0,0,0,0,0,0,0,0,0,0,0,0,0,0,0,0,0,0.7813025,0.7804743,0,0,0,0,0,0,0.8339474,0.8902597,1,0.8861613,0,0,0,0,0,0,0,0,0,0,0,0,0,0
0,0,0,0,0,0,0,0,0,0,0,0,0,0,0.8315849,0.9107409,1,0.8922693,0,0,0,0,0,0,0,0,0,0,0,0,0,0,0,0,0,0,0,0,0,0,0,0,0,0,0,0,0,0,0,1,0.9867932,0,0,0,0,0,0,0,0,0,0,0,0,0,0,0,0,0,0,0,0,0,0,0,0,0,0,0,0,0.7155178,0.8147242,0.9493917,1,0.8900712,0,0,0,0,0,0,0,0,0,0,0,0,0,0,0,0,0,0,0,0,0,0,0,0,0,0,0,0,0,0,0.8486893,1,0.9944143,0.8665574,0,0,0,0,0,0,0,0,0,0,0,0,0,0,0,0,0,0,0,0,0,0,0,0,0,0,0,0,0,0,0.9383953,1,0.9298104,0,0,0,0,0,0,0,0,0,0,0,0,0,0
0,0,0,0,0,0,0,0,0,0,0,0,0,0,0,0.9151869,1,0.9208512,0.8351291,0,0,0,0,0,0,0,0,0,0,0,0,0,0,0,0,0,0,0,0,0,0,0,0,0,0,0,0,0,0,0.9952785,1,0,0,0,0,0,0,0,0,0,0,0,0,0,0,0,0,0,0,0,0,0,0,0,0,0,0,0,0,0,0,0.9186074,1,0.8879534,0,0,0,0,0,0,0,0,0,0,0,0,0,0,0,0,0,0,0,0,0,0,0,0,0,0,0,0,0,0,0.7926202,1,0.9831797,0.8319972,0,0,0,0,0,0,0,0,0,0,0,0,0,0,0,0,0,0,0,0,0,0,0,0,0,0,0,0,0,0,0,0.9954565,1,0.9745502,0.9904839,0,0,0,0,0,0,0,0,0,0,0,0
0,0,0,0,0,0,0,0,0,0,0,0,0,0,0,0.8944981,1,0.9252504,0.8189546,0.7892003,0,0,0,0,0,0,0,0,0,0,0,0,0,0,0,0,0,0,0,0,0,0,0,0,0,0,0,0,0.7098044,0.9765477,1,0.7983224,0.7066329,0.7533015,0.7364313,0.708824,0.7533986,0.7614172,0.7124526,0,0,0,0,0,0,0,0,0,0,0,0,0,0,0,0,0,0,0,0,0,0,0.9210931,1,0.887432,0.6877089,0.7548661,0.6885802,0,0,0,0,0,0,0,0,0,0,0,0,0,0,0,0,0,0,0,0,0,0,0,0,0,0,0,0.7858867,1,0.9258367,0.8563192,0.7897799,0,0,0,0,0,0,0,0,0,0,0,0,0,0,0,0,0,0,0,0,0,0,0,0,0,0,0,0,0,0.8769665,1,0.9685024,0.811171,0.794607,0,0,0,0.8126391,0.8471227,0.8363903,0,0,0,0,0,0
0,0,0,0,0,0,0,0,0,0,0,0,0,0,0,0.8887631,1,0.8703694,0.7696982,0,0,0,0,0,0,0,0,0,0,0,0,0,0,0,0,0,0,0,0,0,0,0,0,0,0,0,0,0,0,1,0.9427884,0.8213098,0,0,0,0,0,0,0,0,0,0,0,0,0,0,0,0,0,0,0,0,0,0,0,0,0,0,0,0,0.7454203,0.8964837,1,0.8978487,0.7194384,0.73612,0,0,0,0,0,0,0,0,0,0,0,0,0,0,0,0,0,0,0,0,0,0,0,0,0,0,0,0.7729154,0.8416178,1,0.9866539,0.789259,0.7566589,0.7345689,0,0,0,0,0,0,0,0,0,0,0,0,0,0,0,0,0,0,0,0,0,0,0,0,0,0,0,0,0.8972502,1,0.9199597,0,0,0,0,0,0,0,0,0.8601695,0.859396,0,0,0,0
0,0,0,0,0,0,0,0,0,0,0,0,0,0,0,0.9154083,1,0.9205952,0,0,0,0,0,0,0,0,0,0,0,0,0,0,0,0,0,0,0,0,0,0,0,0,0,0,0,0,0,0,0,1,0.9708659,0,0,0,0,0,0,0,0,0,0.8442608,0.8366355,0,0,0,0,0,0,0,0,0,0,0,0,0,0,0,0,0,0,0,0.92726,1,0.8886267,0,0,0,0,0,0,0,0,0,0,0,0,0,0,0,0,0,0,0,0,0,0,0,0,0,0.7713011,0.7763124,0.81281,0.809656,0.8040698,0.8305846,1,0.9769582,0,0,0,0,0,0,0,0,0,0,0,0,0,0,0,0,0,0,0,0,0,0,0,0,0,0,0,0,0,0,0,0.8850243,1,0,0,0,0,0.890376,0.8597583,0,0,0,0,0.8738043,0,0,0,0
0,0,0,0,0,0,0,0,0,0,0,0,0,0,0,0.8867564,1,0.9377011,0,0,0,0,0,0,0,0,0,0,0,0,0,0,0,0,0,0,0,0,0,0,0,0,0,0,0,0,0,0,0,0.9658584,1,0.8900804,0.8652732,0.8640236,0,0,0,0,0,0,0,0,0,0,0,0,0,0,0,0,0,0,0,0,0,0,0,0,0,0,0,0.9252096,1,0.9080431,0,0,0,0,0,0,0,0,0,0,0,0,0,0,0,0,0,0,0,0,0,0,0,0,0,0,0,0,0,0,0.8598947,1,0.9708981,0,0,0,0,0,0,0,0,0,0,0,0,0,0,0,0,0,0,0,0,0,0,0,0,0,0,0,0,0,0,0,0.9567863,1,0.8934947,0,0,0,0,0,0,0,0,0,0,0,0,0,0
0,0,0,0,0,0,0,0,0,0,0,0,0,0,0,0.9182909,1,0.9000144,0,0,0,0,0,0,0,0,0,0,0,0,0,0,0,0,0,0,0,0,0,0,0,0,0,0,0,0,0,0,0,1,0.9945523,0,0,0,0,0,0,0,0,0,0,0,0,0,0,0,0,0,0,0,0,0,0,0,0,0,0,0,0,0,0,0.9331083,1,0.8952349,0,0,0,0,0,0,0,0,0,0,0,0,0,0,0,0,0,0,0,0,0,0,0,0,0,0,0,0,0,0,0,1,0.9790189,0,0,0,0,0,0,0,0,0,0,0,0,0,0,0,0,0,0,0,0,0,0,0,0,0,0,0,0,0,0,0.9309348,0.9447645,1,0.8970919,0,0,0,0,0,0,0,0,0,0,0,0,0,0
0,0,0,0,0,0,0,0,0,0,0,0,0,0,0,0,0,0,0,0,0,0,0,0,0,0,0,0,0,0,0,0,0,0,0,0,0,0,0,0,0,0,0,0,0,0,0,0,0,0,0,0,0,0,0,0,0,0,0,0,0,0,0,0,0,0,0,0,0,0,0,0,0,0,0,0,0,0,0,0,0,0,0,0,0,0,0,0,0,0,0,0,0,0,0,0,0,0,0,0,0,0,0,0,0,0,0,0,0,0,0,0,0,0,0,0,0,0,0,0,0,0,0,0,0,0,0,0,0,0,0,0,0,0,0,0,0,0,0,0,0,0,0,0,0,0,0,0,0,0,0,0,0,0,0,0,0,0,0,0,0,0,0,0,0
0,0,0,0,0,0,0,0,0,0,0,0,0,0,0,0.9374678,1,0.8796011,0,0,0,0,0,0,0,0,0,0,0,0,0,0,0,0,0,0,0,0,0,0,0,0,0,0,0,0,0,0,0.8237711,1,0.9770917,0,0,0,0,0,0,0,0,0,0,0,0,0,0,0,0,0,0,0,0,0,0,0,0,0,0,0,0,0,0,0.9527078,1,0.8223062,0,0,0,0,0,0,0,0,0,0,0,0,0,0,0,0,0,0,0,0,0,0,0,0,0,0,0,0,0,0,0.8805653,1,0.938574,0,0,0,0,0,0,0,0,0,0,0,0,0,0,0,0,0,0,0,0,0,0,0,0,0,0,0,0,0,0,0.8817872,0.9933458,1,0.8186618,0,0,0,0,0,0,0,0,0,0,0,0,0,0
0,0,0,0,0,0,0,0,0,0,0,0,0,0,0,0.912674,1,0.8826031,0,0,0,0,0,0,0,0,0,0,0,0,0,0,0,0,0,0,0,0,0,0,0,0,0,0,0,0,0,0,0.8457217,1,0.9757519,0,0,0,0,0,0,0,0,0,0,0,0,0,0,0,0,0,0,0,0,0,0,0,0,0,0,0,0,0,0,0.9452037,1,0.8747039,0,0,0,0,0,0,0,0,0,0,0,0,0,0,0,0,0,0,0,0,0,0,0,0,0,0,0,0,0,0,0.8624487,1,0.9498081,0,0,0,0,0,0,0,0,0,0,0,0,0,0,0,0,0,0,0,0,0,0,0,0,0,0,0,0,0.8524292,0.8889207,0.8130578,0.9359252,1,0.8916403,0,0,0,0,0,0,0,0,0,0,0,0,0,0
0,0,0,0,0,0,0,0,0,0,0,0,0,0,0,0.9323512,1,0.8384972,0.7001857,0,0,0,0,0,0,0,0,0,0,0,0,0,0,0,0,0,0,0,0,0,0,0,0,0,0,0.7953873,0.7943985,0,0.8199862,1,0.9474895,0,0,0,0,0,0,0,0,0,0,0,0,0,0,0,0,0,0,0,0,0,0,0,0,0.6850836,0.6671862,0,0.7173167,0.7157068,0.684872,0.9404572,1,0.8735744,0,0,0,0,0,0,0,0,0,0,0,0,0,0,0,0,0,0,0,0,0,0,0,0,0,0,0,0,0,0.720212,0.8272361,1,0.9604517,0.7284563,0.6714014,0,0,0,0,0,0,0,0,0,0,0,0,0,0,0,0,0,0,0,0,0,0,0.7608013,0.7988619,0.8021103,0.7815053,0,0.7749121,0.8226107,0.9687586,1,0,0,0,0,0,0,0,0,0,0,0,0,0,0,0
0,0,0,0,0,0,0,0,0,0,0,0,0,0,0,0.8882111,1,0.901415,0,0,0,0,0,0,0,0,0,0,0,0,0,0,0,0,0,0,0,0,0,0,0,0,0,0,0,0,0,0,0,1,0.9930919,0,0,0,0,0,0,0,0,0,0,0,0,0,0,0,0,0,0,0,0,0,0,0,0,0,0,0,0,0,0.7062296,0.9498996,1,0.8464016,0,0,0,0,0,0,0,0,0,0,0,0,0,0,0,0,0,0,0,0,0,0,0,0,0,0,0,0,0,0,0.8733551,1,0.9396662,0,0,0,0,0,0,0,0,0,0,0,0,0,0,0,0,0,0,0,0,0,0.8240876,0.8777981,0.8591866,0,0,0,0,0,0,0,0.9254506,1,0.9262271,0,0,0,0,0,0,0,0,0,0,0,0,0,0
0,0,0,0,0,0,0,0,0,0,0,0,0,0,0,0.9319755,1,0.875144,0,0,0,0,0,0,0,0,0,0,0,0,0,0,0,0,0,0,0,0,0,0,0,0,0,0,0,0,0,0,0.878423,1,0.9563339,0,0,0,0,0,0,0,0,0,0,0,0,0,0,0,0,0,0,0,0,0,0,0,0,0,0,0,0,0,0,0.9546294,1,0.8709996,0,0,0,0,0,0,0,0,0,0,0,0,0,0,0,0,0,0,0,0,0,0,0,0,0,0,0,0,0,0,0.8694285,1,0.9523173,0,0,0,0,0,0,0,0,0,0,0,0,0,0,0,0,0,0,0,0,0,0,0,0,0,0,0,0,0,0,0.898786,1,0.9113981,0.9572416,0,0,0,0,0,0,0,0,0,0,0,0,0,0
0,0,0,0,0,0,0,0,0,0,0,0,0,0,0,0.9159523,1,0.8896733,0,0,0,0,0,0,0,0,0,0,0,0,0,0,0,0,0,0,0,0,0.7177792,0.8426397,0.8638415,0.7929087,0,0,0,0,0,0,0.8074719,1,0.9979223,0.8165831,0,0,0,0,0,0,0,0,0,0,0,0,0,0,0,0,0,0,0,0.655981,0.7021762,0.7072847,0.6243824,0,0,0,0,0.6342481,0.7205628,0.9514157,1,0.8594111,0,0,0,0,0,0,0,0,0,0,0,0,0,0,0,0,0,0,0,0,0,0,0,0,0,0.6254924,0.7015258,0.6872826,0.7058175,0.6878708,0.813646,1,0.9628314,0.7144558,0,0,0,0,0,0,0,0,0,0,0,0,0,0,0,0,0,0,0.8112643,0.8731396,0.9295135,0.9038645,0.8184173,0.7557101,0,0,0,0,0,0,0.9661978,1,0.8862689,0.8563647,0,0,0,0,0,0,0,0,0,0,0,0,0
0,0,0,0,0,0,0,0,0,0,0,0,0,0,0,0.9261236,1,0.9018254,0,0,0,0,0,0,0,0,0,0,0,0,0,0,0,0,0,0,0,0,0,0,0,0,0,0,0,0,0,0,0,1,0,0,0,0,0,0,0,0,0,0,0,0,0,0,0,0,0,0,0,0,0,0,0,0,0,0,0,0,0,0,0,0.958968,1,0.9119721,0,0,0,0,0,0,0,0,0,0,0,0,0,0,0,0,0,0,0,0,0,0,0,0,0,0,0,0,0,0,0.8854659,1,0.9609531,0,0,0,0,0,0,0,0,0,0,0,0,0,0,0,0,0,0,0,0,0,0,0,0,0,0,0,0,0,0,0,0.9490986,1,0,0,0,0,0,0,0,0,0,0,0,0,0,0,0
0,0,0,0,0,0,0,0,0,0,0,0,0,0,0,0.9172394,1,0.8453493,0,0,0,0,0,0,0,0,0,0,0,0,0,0,0,0,0,0,0,0,0,0,0,0,0,0,0,0,0,0,0.8642362,1,0.9451721,0,0,0,0,0,0,0,0,0,0,0,0,0,0,0,0,0,0,0,0,0,0,0,0,0,0,0,0,0,0,0.9374282,1,0.8333986,0,0,0,0,0,0,0,0,0,0,0,0,0,0,0,0,0,0,0,0,0,0,0,0,0,0,0,0,0,0,0.8731759,1,0.9168395,0,0,0,0,0,0,0,0,0,0,0,0,0,0,0,0,0,0,0,0,0,0,0,0,0,0,0,0,0,0,0,0.9235338,1,0,0,0,0,0,0,0,0,0,0,0,0,0,0,0
0,0,0,0,0,0,0,0,0,0,0,0,0,0,0,0.9222168,1,0.8324639,0,0,0,0,0,0,0,0,0,0,0,0,0,0,0,0,0,0,0,0,0,0,0,0,0,0,0,0,0,0,0.8327725,1,0.9328536,0,0,0,0,0,0,0,0,0,0,0,0,0,0,0,0,0,0,0,0,0,0,0,0,0,0,0,0,0,0,0.9414331,1,0.8488306,0,0,0,0,0,0,0,0,0,0,0,0,0,0,0,0,0,0,0,0,0,0,0,0,0,0,0,0,0,0,0.8568,1,0.9335356,0,0,0,0,0,0,0,0,0,0,0,0,0,0,0,0,0,0,0,0,0,0,0,0,0,0,0,0,0,0,0.7914562,1,0.9864777,0,0,0,0,0,0,0,0,0,0,0,0,0,0,0
0,0,0,0,0,0,0,0,0,0,0,0,0,0,0,0.898068,1,0.8998949,0,0,0,0,0,0,0,0,0,0,0,0,0,0,0,0,0,0,0,0,0,0,0,0,0,0,0,0,0,0,0,0.9938307,1,0.8867518,0,0,0,0,0,0,0,0,0,0,0,0,0,0,0,0,0,0,0,0,0,0,0,0,0,0,0,0,0,0.9473121,1,0.8145801,0,0,0,0,0,0,0,0,0,0,0,0,0,0,0,0,0,0,0,0,0,0,0,0,0,0,0,0,0,0,0.8539438,1,0.9342964,0,0,0,0,0,0,0,0,0,0,0,0,0,0,0,0,0,0,0,0,0,0,0,0,0,0,0,0,0,0,0,0.9819552,1,0,0,0,0,0,0,0,0,0,0,0,0,0,0,0
0,0,0,0,0,0,0,0,0,0,0,0,0,0,0,0.9059409,1,0.8862798,0,0,0,0,0,0,0,0,0,0,0,0,0,0,0,0,0,0,0,0,0,0,0,0,0,0,0,0,0,0,0,0.9890527,1,0.8817058,0,0,0,0,0,0,0,0,0,0,0,0,0,0,0,0,0,0,0,0,0,0,0,0,0,0,0,0,0,0.9515066,1,0.8348778,0,0,0,0,0,0,0,0,0,0,0,0,0,0,0,0,0,0,0,0,0,0,0,0,0,0,0,0,0,0,0.8359668,1,0.9390314,0,0,0,0,0,0,0,0,0,0,0,0,0,0,0,0,0,0,0,0,0,0,0,0,0,0,0,0,0,0,0,0.9819248,1,0.9125103,0,0,0,0,0,0,0,0,0,0,0,0,0,0
