GestureName: arrow
Duration(ms): 1410
Handedness: right

SpeakerAngles: 2
55
-55

InterpretedPoints: 30
0,0
0,0
0,0
0,0
0,1.12972504292725
-0.806707284111599,1.69458756439087
-2.4201218523348,2.82431260731812
-3.2268291364464,3.38917512878174
-1.6134145682232,2.25945008585449
-3.2268291364464,-3.38917512878174
-0.806707284111599,-2.82431260731812
0,0
3.2268291364464,2.25945008585449
0.806707284111599,5.08376269317261
2.4201218523348,6.21348773609986
0.806707284111599,6.21348773609986
0.806707284111599,5.08376269317261
1.6134145682232,2.25945008585449
0,0
-0.806707284111599,-0.564862521463624
-1.6134145682232,-3.38917512878174
0,-5.64862521463624
0,-6.77835025756348
-0.806707284111599,-5.08376269317261
-0.806707284111599,-1.69458756439087
0.806707284111599,-0.564862521463624
2.4201218523348,0.564862521463624
4.03353642055799,-0.564862521463623
4.84024370466959,-2.25945008585449
0.806707284111599,-1.69458756439087

StrokePoints: 31
177.666666666667,130.277777777778
177.666666666667,130.277777777778
177.666666666667,130.277777777778
177.666666666667,130.277777777778
177.666666666667,130.277777777778
177.666666666667,129.148052734851
178.473373950778,127.45346517046
180.893495803113,124.629152563142
184.120324939559,121.23997743436
185.733739507783,118.980527348505
188.960568644229,122.369702477287
189.767275928341,125.194015084605
189.767275928341,125.194015084605
186.540446791894,122.934564998751
185.733739507783,117.850802305578
183.313617655448,111.637314569478
182.506910371336,105.423826833378
181.700203087225,100.340064140206
180.086788519001,98.0806140543512
180.086788519001,98.0806140543512
180.893495803113,98.6454765758149
182.506910371336,102.034651704597
182.506910371336,107.683276919233
182.506910371336,114.461627176796
183.313617655448,119.545389869969
184.120324939559,121.23997743436
183.313617655448,121.804839955823
180.893495803113,121.23997743436
176.859959382555,121.804839955823
172.019715677885,124.064290041678
171.213008393774,125.758877606069

Velocities: 30
0,0
0,0
0,0
0,0
1,1
1,2
1,4
1,5
1,3
-5,-1
-3,-2
0,0
4,0
5,4
7,4
6,5
5,4
3,1
0,0
-1,0
-4,-2
-5,-5
-6,-6
-5,-4
-2,-1
0,-1
2,-1
2,-3
1,-5
-1,-2

InverseVelocities: 30
0,0
0,0
0,0
0,0
0,0
0,0
-1,0
-3,-2
-6,-2
0,0
0,0
0,0
0,0
0,0
0,0
0,0
0,0
0,0
0,0
0,0
0,0
0,0
0,0
0,0
0,0
0,0
0,0
0,0
-2,0
0,0

RawData: 30
0,0,0,0,0,0,0,0,0,0,0,0,0,0,0,0.8632529,0.9596394,1,0.8045326,0,0,0,0,0,0,0,0,0,0,0,0,0,0,0,0,0,0,0,0,0,0,0,0,0,0,0,0,0.5933637,0.937455,1,0.8863062,0,0,0,0,0,0,0,0,0,0,0,0,0,0,0
0,0,0,0,0,0,0,0,0,0,0,0,0,0,0,0.8018054,0.9988649,1,0.8125568,0,0,0,0,0,0,0,0,0,0,0,0,0,0,0,0,0,0,0,0,0,0,0,0,0,0,0,0,0.6157793,0.9412774,1,0.8979385,0,0,0,0,0,0,0,0,0,0,0,0,0,0,0
0,0,0,0,0,0,0,0,0,0,0,0,0,0,0,0.7957418,0.9975755,1,0.8152183,0,0,0,0,0,0,0,0,0,0,0,0,0,0,0,0,0,0,0,0,0,0,0,0,0,0,0,0,0,0.9508669,1,0.8854101,0,0,0,0,0,0,0,0,0,0,0,0,0,0,0
0,0,0,0,0,0,0,0,0,0,0,0,0,0,0,0.7932801,0.9872522,1,0.8281798,0,0,0,0,0,0,0,0,0,0,0,0,0,0,0,0,0,0,0,0,0,0,0,0,0,0,0,0,0,0.948409,1,0.8832409,0.6296847,0,0,0,0,0,0,0,0,0,0,0,0,0,0
0,0,0,0,0,0,0,0,0,0,0,0,0,0,0,0,0.8863462,1,0.9314886,0.8177179,0.7068347,0,0,0,0,0,0,0,0,0,0,0,0,0,0,0,0,0,0,0,0,0,0,0,0,0,0,0.5771456,0.9368846,1,0.89399,0.7335764,0.7287596,0.609262,0,0,0,0,0,0,0,0,0,0,0,0
0,0,0,0,0,0,0,0,0,0,0,0,0,0,0,0.8874215,0.9924777,1,0.9108835,0.8093666,0.7819608,0,0,0,0,0,0,0,0,0,0,0,0,0,0,0,0,0,0,0,0,0,0,0,0,0,0,0,0.9473811,1,0.8953167,0.7938378,0.8650553,0.8500826,0.7671212,0,0,0,0,0,0,0,0,0,0,0
0,0,0,0,0,0,0,0,0,0,0,0,0.6447358,0.7572436,0.8212612,0.9145942,1,0.9734355,0.9666254,0.8806738,0.7591371,0,0,0,0,0,0,0,0,0,0,0,0,0,0,0,0,0,0,0,0,0,0,0,0,0,0,0,0.9345977,1,0.8873168,0.5988548,0.7564642,0.8114656,0.7495993,0.7294509,0.6572082,0,0,0,0,0,0,0,0,0
0,0,0,0,0,0,0,0,0,0,0.763131,0.8525505,0.8897105,0.8941674,0.8615292,0.8240979,0.9797761,1,0.7049012,0.7234591,0.6519651,0,0,0,0,0,0,0,0,0,0,0,0,0,0,0,0,0,0,0,0,0,0,0,0.5962776,0.6415362,0.712174,0,0.9473984,1,0.8696374,0.7393919,0.7573591,0.738342,0.5915533,0.6282377,0.5705338,0.575735,0,0,0,0,0,0,0,0
0,0,0,0,0,0,0,0.7252636,0.7719488,0,0.7679337,0.9039495,0.8886581,0.8267493,0.7938306,0.7858083,1,0.9961938,0.8068438,0,0.7069737,0,0,0,0,0,0,0,0,0,0,0,0,0,0,0,0,0,0,0,0,0,0,0,0.6666723,0.7348422,0.7934638,0.7861719,0.932345,1,0.9059612,0.8493949,0.8601733,0.7911334,0.682255,0.6353849,0,0,0,0,0,0,0,0,0,0
0,0,0,0,0,0,0,0,0.784724,0.9041306,0.9482352,0.9466797,0.8569361,0,0,0.8693085,1,0.9694653,0,0,0,0,0,0,0,0,0,0,0,0,0,0,0,0,0,0,0,0,0,0,0,0,0,0,0,0.770014,0.7101438,0.8120504,0.9480085,1,0.9097204,0,0.7432194,0,0,0,0,0,0,0,0,0,0,0,0,0
0,0,0,0,0,0,0,0,0,0,0.7489979,0.7673331,0.8336055,0.8481303,0.8353066,0.8841273,1,0.9711934,0.7669137,0,0,0,0,0,0,0,0,0,0,0,0,0,0,0,0,0,0,0,0,0,0,0,0,0,0.7157164,0.8010178,0.8381637,0.8180628,0.93866,1,0.8909681,0,0,0,0,0,0,0,0,0,0,0,0,0,0,0
0,0,0,0,0,0,0,0,0,0,0,0,0,0.7137251,0.7735248,0.8746073,1,0.9643399,0.6793877,0,0,0,0,0,0,0,0,0,0,0,0,0,0,0,0,0,0,0,0,0,0,0,0,0,0,0,0,0.6522815,0.9424278,1,0.9082624,0.66646,0,0,0,0,0,0,0,0,0,0,0,0,0,0
0,0,0,0,0,0,0,0,0,0,0,0,0,0,0.6676642,0.7840694,1,0.9882872,0.7620226,0.7075107,0.7827552,0.7940481,0.753346,0.6651902,0,0,0,0,0,0,0,0,0,0,0,0,0,0,0,0,0,0,0,0,0,0,0,0.6536704,0.9509037,1,0.8428345,0.7093198,0.6613731,0,0,0,0,0,0,0,0,0,0,0,0,0
0,0,0,0,0,0,0,0,0,0,0,0,0,0,0,0.7874066,1,0.9841339,0.6553952,0.7007633,0.7872124,0.8611092,0.8749071,0.9064682,0.8096661,0,0,0,0,0,0,0,0,0,0,0,0,0,0,0,0,0,0,0,0,0,0,0,0.9364311,1,0.8910492,0.6875582,0.7900224,0.817387,0.8114792,0.7258832,0.6396605,0,0,0,0,0,0,0,0,0
0,0,0,0,0,0,0,0,0,0,0,0,0,0,0,0.8131756,0.9964619,1,0.863866,0.8592967,0.8039746,0,0.8598408,0.9495335,0.9655895,0.9046511,0.8020956,0,0,0,0,0,0,0,0,0,0,0,0,0,0,0,0,0,0,0,0,0,0.9467261,1,0.9042518,0,0.8050994,0.8419006,0.8596883,0.730522,0.8307826,0,0,0,0,0,0,0,0,0
0,0,0,0,0,0,0,0,0,0,0,0,0,0,0,0.7990865,0.9948379,1,0.7883494,0.8176647,0.781606,0.8519875,0.9091102,0.8863189,0.8863513,0.7534729,0,0,0,0,0,0,0,0,0,0,0,0,0,0,0,0,0,0,0,0,0.636144,0.7010961,0.9468687,1,0.9049168,0.7454599,0.7193946,0.8521763,0.8168463,0.8663481,0.8311141,0.6868687,0,0,0,0,0,0,0,0
0,0,0,0,0,0,0,0,0,0,0,0,0,0,0,0.8369433,1,0.9998349,0.8517495,0.8137375,0.7160158,0.9567073,0.9343734,0.859378,0.7945479,0,0,0,0,0,0,0,0,0,0,0,0,0,0,0,0,0,0,0,0,0,0,0.6492454,0.9370568,1,0.9101649,0.8247867,0.7377198,0.8290569,0.8344472,0.7803169,0.6676422,0,0,0,0,0,0,0,0,0
0,0,0,0,0,0,0,0,0,0,0,0,0,0,0,0.7868906,0.9732413,1,0.9608794,0.9395658,0.8688326,0.761264,0.7194343,0,0,0,0,0,0,0,0,0,0,0,0,0,0,0,0,0,0,0,0,0,0,0,0.6189188,0.6078028,0.9316374,1,0.9040936,0.7802719,0.756014,0.6184765,0,0,0,0,0,0,0,0,0,0,0,0
0,0,0,0,0,0,0,0,0,0,0,0,0,0.6934226,0.832815,0.9255672,1,0.9570833,0.8630229,0.753624,0,0,0,0,0,0,0,0,0,0,0,0,0,0,0,0,0,0,0,0,0,0,0,0,0,0,0,0.6875711,0.9497814,1,0.8872821,0,0,0,0,0,0,0,0,0,0,0,0,0,0,0
0,0,0,0,0,0,0,0,0,0,0,0,0.8253046,0.8940207,0.9051625,0.9406161,1,0.9378608,0,0,0,0,0,0,0,0,0,0,0,0,0,0,0,0,0,0,0,0,0,0,0,0,0,0,0,0,0.7601931,0.7943059,0.9573453,1,0.9007169,0,0,0,0,0,0,0,0,0,0,0,0,0,0,0
0,0,0,0,0,0,0,0,0,0.7836762,0.8371695,0.9343297,0.8931475,0.8904815,0.842462,0.8327297,0.999763,1,0.8004255,0,0,0,0,0,0,0,0,0,0,0,0,0,0,0,0,0,0,0,0,0,0,0,0,0,0.8082674,0.8351359,0.7481306,0.8157925,0.9252841,1,0.8930377,0,0,0,0,0,0,0,0,0,0,0,0,0,0,0
0,0,0,0,0,0,0,0,0.7505422,0.9475179,1,0.9533427,0.8365852,0.6740794,0.730263,0,0.9652569,0.9738871,0.7606699,0,0,0,0,0,0,0,0,0,0,0,0,0,0,0,0,0,0,0,0,0,0,0.6573262,0.7646677,0.7834799,0.8474113,0.8836842,0.7712088,0.5844095,0.9402708,1,0.8886872,0.6174986,0,0,0,0,0,0,0,0,0,0,0,0,0,0
0,0,0,0,0,0,0,0.7232601,0.8885792,1,0.9805482,0.8622345,0.7770198,0.7488051,0,0.8151159,0.9638873,0.9345086,0,0,0,0,0,0,0,0,0,0,0,0,0,0,0,0,0,0,0,0,0,0,0.6086152,0.7134641,0.7717953,0.7357109,0.8634754,0.8638166,0.7403275,0.759334,0.9348993,1,0.8910704,0,0,0,0,0,0,0,0,0,0,0,0,0,0,0
0,0,0,0,0,0,0,0,0.8083983,0.8302453,0.9057721,0.9518595,0.8786204,0.8438002,0.8488623,0.9034683,1,0.9749983,0.7481062,0,0,0,0,0,0,0,0,0,0,0,0,0,0,0,0,0,0,0,0,0,0,0,0.6638367,0.7071499,0.8010558,0.7897357,0.6565327,0.6886054,0.9580664,1,0.8726435,0.6677753,0,0,0,0,0,0,0,0,0,0,0,0,0,0
0,0,0,0,0,0,0,0,0,0,0,0.7319803,0.8272825,0.8863036,0.8673003,0.8293781,1,0.9761252,0.7359678,0,0,0,0,0,0,0,0,0,0,0,0,0,0,0,0,0,0,0,0,0,0,0,0,0,0,0.6847387,0.699863,0.7243949,0.9293679,1,0.8928918,0,0,0,0,0,0,0,0,0,0,0,0,0,0,0
0,0,0,0,0,0,0,0,0,0,0,0,0,0.7155326,0,0.784498,1,0.9964971,0.8189844,0.7713985,0,0,0,0,0,0,0,0,0,0,0,0,0,0,0,0,0,0,0,0,0,0,0,0,0,0.6128621,0,0,0.9446052,1,0.8859119,0.6418386,0,0,0,0,0,0,0,0,0,0,0,0,0,0
0,0,0,0,0,0,0,0,0,0,0,0,0,0.6072747,0.7182201,0.7776006,0.9881796,1,0.9250942,0.6813893,0.7227219,0.6611454,0,0,0,0,0,0,0,0,0,0,0,0,0,0,0,0,0,0,0,0,0,0,0,0.6331967,0.722732,0.7815909,0.9095531,1,0.8969108,0.5603729,0,0,0,0,0,0,0,0,0,0,0,0,0,0
0,0,0,0,0,0,0,0,0,0,0,0,0,0,0.6788209,0.872229,1,0.8519391,0.8865336,0.8737884,0.8371274,0.7667356,0,0,0,0,0,0,0,0,0,0,0,0,0,0,0,0,0,0,0,0,0,0.6318079,0.6523955,0.7332202,0.7314766,0.6379188,0.9435695,1,0.8757721,0,0,0,0,0,0,0,0,0,0,0,0,0,0,0
0,0,0,0,0,0,0,0,0,0,0,0.720358,0.7451839,0.8069772,0.7508262,0.7698068,0.985919,1,0.831578,0.7067194,0.7134015,0,0,0,0,0,0,0,0,0,0,0,0,0,0,0,0,0,0,0,0,0.6148316,0.6723573,0.7802421,0.8532813,0.8566492,0.7781156,0.7426709,0.9306352,1,0.8802562,0,0,0,0,0,0,0,0,0,0,0,0,0,0,0
0,0,0,0,0,0,0,0,0,0,0,0,0.6567861,0.8178393,0.903021,0.893225,0.9647728,1,0.7867966,0,0,0,0,0,0,0,0,0,0,0,0,0,0,0,0,0,0,0,0,0,0,0,0,0,0.6556309,0.7580745,0.7737696,0.7425479,0.9396322,1,0.8690345,0.5859668,0,0,0,0,0,0,0,0,0,0,0,0,0,0
