GestureName: caret
Duration(ms): 1128
Handedness: right

SpeakerAngles: 2
55
-55

InterpretedPoints: 24
0,0
0,0
0,0
0,0
0,0
0,0
0,0
0,0
-0.806707284111599,1.69458756439087
0.806707284111599,5.08376269317261
0,5.64862521463624
0.806707284111599,7.34321277902711
0,6.77835025756348
-0.806707284111599,5.08376269317261
0,3.38917512878174
0.806707284111599,0.564862521463624
0,0
1.6134145682232,-3.38917512878174
3.2268291364464,-3.38917512878174
2.4201218523348,-7.34321277902711
-1.6134145682232,-10.1675253863452
1.6134145682232,-6.77835025756348
1.6134145682232,-4.51890017170899
0,-1.12972504292725

StrokePoints: 25
177.666666666667,130.277777777778
177.666666666667,130.277777777778
177.666666666667,130.277777777778
177.666666666667,130.277777777778
177.666666666667,130.277777777778
177.666666666667,130.277777777778
177.666666666667,130.277777777778
177.666666666667,130.277777777778
177.666666666667,130.277777777778
178.473373950778,128.583190213387
177.666666666667,123.499427520214
177.666666666667,117.850802305578
176.859959382555,110.507589526551
176.859959382555,103.729239268987
177.666666666667,98.6454765758149
177.666666666667,95.2563014470331
176.859959382555,94.6914389255695
176.859959382555,94.6914389255695
175.246544814332,98.0806140543512
172.019715677886,101.469789183133
169.599593825551,108.81300196216
171.213008393774,118.980527348505
169.599593825551,125.758877606069
167.986179257328,130.277777777778
167.986179257328,131.407502820705

Velocities: 24
0,0
0,0
0,0
0,0
0,0
0,0
0,0
0,0
1,2
5,4
5,5
7,6
6,6
4,5
3,3
1,0
0,0
-2,-4
-1,-5
-5,-8
-10,-8
-5,-7
-3,-5
-1,-1

InverseVelocities: 24
0,0
0,0
0,0
0,0
0,0
0,0
0,0
0,0
0,0
0,0
0,0
0,0
0,0
0,0
0,0
0,0
0,0
0,0
0,0
0,0
0,0
0,0
0,0
0,0

RawData: 24
0,0,0,0,0,0,0,0,0,0,0,0,0,0,0,0.8235237,1,0.9714043,0,0,0,0,0,0,0,0,0,0,0,0,0,0,0,0,0,0,0,0,0,0,0,0,0,0,0,0,0,0,0.9370291,1,0.8572466,0,0,0,0,0,0,0,0,0,0,0,0,0,0,0
0,0,0,0,0,0,0,0,0,0,0,0,0,0,0,0.800359,1,0.99232,0.7764228,0,0,0,0,0,0,0,0,0,0,0,0,0,0,0,0,0,0,0,0,0,0,0,0,0,0,0,0,0,0.930848,1,0.8856401,0,0,0,0,0,0,0,0,0,0,0,0,0,0,0
0,0,0,0,0,0,0,0,0,0,0,0,0,0,0,0.806664,1,0.9854623,0.7702519,0,0,0,0,0,0,0,0,0,0,0,0,0,0,0,0,0,0,0,0,0,0,0,0,0,0,0,0,0.520193,0.9314082,1,0.8877709,0,0,0,0,0,0,0,0,0,0,0,0,0,0,0
0,0,0,0,0,0,0,0,0,0,0,0,0,0,0,0.8258677,1,0.9645003,0.6524042,0,0,0,0,0,0,0,0,0,0,0,0,0,0,0,0,0,0,0,0,0,0,0,0,0,0,0,0,0,0.9424848,1,0.8750604,0,0,0,0,0,0,0,0,0,0,0,0,0,0,0
0,0,0,0,0,0,0,0,0,0,0,0,0,0,0,0.8138534,1,0.9853176,0.751336,0,0,0,0,0,0,0,0,0,0,0,0,0,0,0,0,0,0,0,0,0,0,0,0,0,0,0,0,0.5763491,0.9373752,1,0.883691,0,0,0,0,0,0,0,0,0,0,0,0,0,0,0
0,0,0,0,0,0,0,0,0,0,0,0,0,0,0,0,1,0.9829976,0,0,0,0,0,0,0,0,0,0,0,0,0,0,0,0,0,0,0,0,0,0,0,0,0,0,0,0,0,0,0.9234188,1,0.9005448,0,0,0,0,0,0,0,0,0,0,0,0,0,0,0
0,0,0,0,0,0,0,0,0,0,0,0,0,0,0,0,1,0.9784741,0,0,0,0,0,0,0,0,0,0,0,0,0,0,0,0,0,0,0,0,0,0,0,0,0,0,0,0,0,0,0.9305095,1,0.830839,0,0,0,0,0,0,0,0,0,0,0,0,0,0,0
0,0,0,0,0,0,0,0,0,0,0,0,0,0,0,0.8129664,1,0.9907284,0.7956051,0,0,0,0,0,0,0,0,0,0,0,0,0,0,0,0,0,0,0,0,0,0,0,0,0,0,0,0,0,0.9359162,1,0.9233709,0.7954733,0,0,0,0,0,0,0,0,0,0,0,0,0,0
0,0,0,0,0,0,0,0,0,0,0,0,0,0,0,0.8388613,1,0.9786513,0,0.8215771,0.8073341,0,0,0,0,0,0,0,0,0,0,0,0,0,0,0,0,0,0,0,0,0,0,0,0,0,0,0,0.9490482,1,0.9041911,0.8532286,0.8492715,0.8024616,0.7350645,0,0,0,0,0,0,0,0,0,0,0
0,0,0,0,0,0,0,0,0,0,0,0,0,0,0,0.7998473,1,0.9903755,0.7789522,0.7474743,0.778193,0.794157,0.8527907,0.783218,0.6110553,0,0,0,0,0,0,0,0,0,0,0,0,0,0,0,0,0,0,0,0,0,0,0,0.9407351,1,0.8797969,0.6464224,0.7667721,0.7521314,0.7860782,0.816322,0.7051883,0,0,0,0,0,0,0,0,0
0,0,0,0,0,0,0,0,0,0,0,0,0,0,0,0.8392085,1,0.9867584,0.7697978,0,0.7169455,0.8150474,0.8178511,0.8308692,0.7815492,0,0,0,0,0,0,0,0,0,0,0,0,0,0,0,0,0,0,0,0,0,0,0,0.9492234,1,0.8872423,0,0.7379581,0.7524359,0.8422131,0.8651628,0.7681523,0.7484057,0,0,0,0,0,0,0,0
0,0,0,0,0,0,0,0,0,0,0,0,0,0,0,0.8095218,1,0.9816775,0.7256665,0.6980062,0.678756,0,0.7339625,0.8453912,0.8176275,0.6869624,0.6060901,0,0,0,0,0,0,0,0,0,0,0,0,0,0,0,0,0,0,0,0,0,0.9319675,1,0.8936874,0,0.6676474,0.6521783,0.7474023,0.7858953,0.8023724,0.844027,0.7426772,0,0,0,0,0,0,0
0,0,0,0,0,0,0,0,0,0,0,0,0,0,0,0.8397976,1,0.9907713,0.8238674,0.6778661,0.7011827,0.7651052,0.8061221,0.844456,0.7968562,0.6721367,0,0,0,0,0,0,0,0,0,0,0,0,0,0,0,0,0,0,0,0,0,0.6829622,0.9498678,1,0.8830368,0.6475002,0.6367132,0.7182862,0,0.8718062,0.9043534,0.8309933,0.6810423,0,0,0,0,0,0,0
0,0,0,0,0,0,0,0,0,0,0,0,0,0,0,0.834078,1,0.979396,0.7523163,0,0.7835827,0.8513952,0.785539,0.731145,0,0,0,0,0,0,0,0,0,0,0,0,0,0,0,0,0,0,0,0,0,0,0,0,0.9439916,1,0.9094065,0,0.7603852,0.8557646,0.7860173,0.8108011,0.7811905,0.686433,0,0,0,0,0,0,0,0
0,0,0,0,0,0,0,0,0,0,0,0,0,0,0,0.8374294,1,0.989593,0.8253425,0.7887948,0.7207434,0.8027226,0.7282466,0,0,0,0,0,0,0,0,0,0,0,0,0,0,0,0,0,0,0,0,0,0,0,0,0,0.9395035,1,0.9214295,0.917582,0.908914,0.8347043,0.7445139,0.6681052,0,0,0,0,0,0,0,0,0,0
0,0,0,0,0,0,0,0,0,0,0,0,0,0,0,0.8367904,1,0.9614203,0.833924,0.7912425,0.6809296,0,0,0,0,0,0,0,0,0,0,0,0,0,0,0,0,0,0,0,0,0,0,0,0,0,0,0.6661618,0.9556285,1,0.7760962,0.8451666,0.7493159,0,0,0,0,0,0,0,0,0,0,0,0,0
0,0,0,0,0,0,0,0,0,0,0,0,0,0,0,0.8483219,1,0.9884011,0.7806408,0,0,0,0,0,0,0,0,0,0,0,0,0,0,0,0,0,0,0,0,0,0,0,0,0,0,0,0.718828,0.7631935,0.9347476,1,0.8894789,0,0,0,0,0,0,0,0,0,0,0,0,0,0,0
0,0,0,0,0,0,0,0,0,0,0,0.6595157,0.6479425,0.7249378,0.8693424,0.9215682,1,0.9893001,0.8028525,0,0,0,0,0,0,0,0,0,0,0,0,0,0,0,0,0,0,0,0,0,0,0,0.6706955,0.7110904,0.7254,0.8178717,0.837915,0.735016,0.9439465,1,0.8823332,0,0,0,0,0,0,0,0,0,0,0,0,0,0,0
0,0,0,0,0,0,0,0,0,0,0,0,0.7403879,0.8667596,0.9671931,0.9251441,1,0.9884707,0.7388011,0,0,0,0,0,0,0,0,0,0,0,0,0,0,0,0,0,0,0,0,0,0,0.6899809,0.6804547,0.7474357,0.7988046,0.7872976,0.6775038,0.7229065,0.9463989,1,0.8910971,0,0,0,0,0,0,0,0,0,0,0,0,0,0,0
0,0,0,0,0,0,0,0,0.7075714,0.785753,0.7766619,0.7629154,0.8066956,0.7580862,0.8388238,0.7315249,1,0.9817432,0.7302824,0.6089717,0,0,0,0,0,0,0,0,0,0,0,0,0,0,0,0,0,0,0.5431121,0.5834276,0.6415374,0.6553862,0.777032,0.7599276,0.6893559,0.6473095,0.6265633,0.5602373,0.9337148,1,0.8859149,0,0,0,0,0,0,0,0,0,0,0,0,0,0,0
0,0,0,0.6297271,0.6649002,0.6380611,0.6456337,0.7186934,0.7968844,0.8074266,0.9314332,0.8994679,0.8178603,0.7457883,0,0.7727713,1,0.9906318,0.7542344,0,0,0,0,0,0,0,0,0,0,0,0,0,0,0,0,0,0,0,0.6384496,0.6985306,0.7934585,0.809813,0.7986661,0.7146997,0.6324732,0,0,0.630384,0.9395615,1,0.881484,0,0,0,0,0,0,0,0,0,0,0,0,0,0,0
0,0,0,0,0,0,0,0,0.7378578,0.8543752,0.8476764,0.8981501,0,0.8132628,0.7552075,0.7940394,1,0.9853201,0.7133727,0,0,0,0,0,0,0,0,0,0,0,0,0,0,0,0,0,0,0,0,0.7138653,0.7906161,0.7752427,0.7502055,0,0,0,0,0,0.9311665,1,0.8650166,0,0,0,0,0,0,0,0,0,0,0,0,0,0,0
0,0,0,0,0,0,0,0,0,0,0.7731027,0.8769948,0.917577,0.8483421,0.7618713,0.8104131,1,0.9819479,0,0,0,0,0,0,0,0,0,0,0,0,0,0,0,0,0,0,0,0,0,0,0,0.6861181,0.6983102,0.6839672,0.8092811,0.791726,0.6979898,0.7895045,0.9255453,1,0.8859351,0,0,0,0,0,0,0,0,0,0,0,0,0,0,0
0,0,0,0,0,0,0,0,0,0,0,0,0.7396926,0.7505297,0.7368217,0.8527903,1,0.9826925,0.7705866,0,0,0,0,0,0,0,0,0,0,0,0,0,0,0,0,0,0,0,0,0,0,0,0,0,0,0.739767,0.8494715,0.8305462,0.9294987,1,0.8767348,0,0,0,0,0,0,0,0,0,0,0,0,0,0,0
