GestureName: circle
Duration(ms): 1410
Handedness: right

SpeakerAngles: 2
55
-55

InterpretedPoints: 30
0,0
0,0
0,0
0,0
0,0
0,0
0,0
-0.806707284111599,-0.564862521463624
-2.4201218523348,-1.69458756439087
-1.6134145682232,-3.38917512878174
0.806707284111599,-5.08376269317261
0,-5.64862521463624
0.806707284111599,-6.21348773609986
2.4201218523348,-3.95403765024536
2.4201218523348,-3.95403765024536
4.03353642055799,-2.82431260731812
1.6134145682232,-1.12972504292725
4.03353642055799,-1.69458756439087
4.03353642055799,-0.564862521463623
4.03353642055799,1.69458756439087
1.6134145682232,5.64862521463624
1.6134145682232,6.77835025756348
0,9.03780034341798
1.6134145682232,11.2972504292725
-1.6134145682232,7.90807530049073
-2.4201218523348,5.08376269317261
-5.64695098878119,-0.564862521463624
-0.806707284111599,-0.564862521463624
0,0
0,0

StrokePoints: 31
177.666666666667,130.277777777778
177.666666666667,130.277777777778
177.666666666667,130.277777777778
177.666666666667,130.277777777778
177.666666666667,130.277777777778
177.666666666667,130.277777777778
177.666666666667,130.277777777778
177.666666666667,130.277777777778
178.473373950778,130.842640299241
180.893495803113,132.537227863632
182.506910371336,135.926402992414
181.700203087225,141.010165685587
181.700203087225,146.658790900223
180.893495803113,152.872278636323
178.473373950778,156.826316286568
176.053252098443,160.780353936813
172.019715677885,163.604666544132
170.406301109662,164.734391587059
166.372764689104,166.42897915145
162.339228268546,166.993841672913
158.305691847988,165.299254108522
156.692277279765,159.650628893886
155.078862711542,152.872278636323
155.078862711542,143.834478292905
153.465448143319,132.537227863632
155.078862711542,124.629152563142
157.498984563877,119.545389869969
163.145935552658,120.110252391433
163.95264283677,120.675114912896
163.95264283677,120.675114912896
163.95264283677,120.675114912896

Velocities: 30
0,0
0,0
0,0
0,0
0,0
0,0
0,0
-1,0
-3,0
-4,-2
-4,-5
-5,-5
-5,-6
-2,-5
-2,-5
0,-5
0,-2
1,-4
2,-3
4,-1
6,4
7,5
8,8
11,9
6,8
3,6
-4,3
-1,0
0,0
0,0

InverseVelocities: 30
0,0
0,0
0,0
0,0
0,0
0,0
0,0
0,0
0,0
0,0
0,0
0,0
0,0
0,0
1,0
0,0
0,0
0,0
0,0
0,1
0,0
0,0
0,0
0,0
0,0
0,0
0,0
0,0
0,0
0,0

RawData: 30
0,0,0,0,0,0,0,0,0,0,0,0,0,0,0,0.8079258,1,0.9937537,0.7753059,0,0,0,0,0,0,0,0,0,0,0,0,0,0,0,0,0,0,0,0,0,0,0,0,0,0,0,0,0,0.9484046,1,0.8941376,0,0,0,0,0,0,0,0,0,0,0,0,0,0,0
0,0,0,0,0,0,0,0,0,0,0,0,0,0,0,0.8083931,1,0.9859037,0.7580801,0,0,0,0,0,0,0,0,0,0,0,0,0,0,0,0,0,0,0,0,0,0,0,0,0,0,0,0,0.6250809,0.9454178,1,0.8925574,0,0,0,0,0,0,0,0,0,0,0,0,0,0,0
0,0,0,0,0,0,0,0,0,0,0,0,0,0,0,0.7952718,1,0.9856953,0.7345473,0,0,0,0,0,0,0,0,0,0,0,0,0,0,0,0,0,0,0,0,0,0,0,0,0,0,0,0,0,0.9414378,1,0.8930665,0,0,0,0,0,0,0,0,0,0,0,0,0,0,0
0,0,0,0,0,0,0,0,0,0,0,0,0,0,0,0.8115844,1,0.9841424,0,0,0,0,0,0,0,0,0,0,0,0,0,0,0,0,0,0,0,0,0,0,0,0,0,0,0,0,0,0.6307201,0.9411412,1,0.9008347,0,0,0,0,0,0,0,0,0,0,0,0,0,0,0
0,0,0,0,0,0,0,0,0,0,0,0,0,0,0,0,1,0.9970592,0,0,0,0,0,0,0,0,0,0,0,0,0,0,0,0,0,0,0,0,0,0,0,0,0,0,0,0,0,0,0.9407182,1,0.9109555,0,0,0,0,0,0,0,0,0,0,0,0,0,0,0
0,0,0,0,0,0,0,0,0,0,0,0,0,0,0,0,1,0.9862909,0,0,0,0,0,0,0,0,0,0,0,0,0,0,0,0,0,0,0,0,0,0,0,0,0,0,0,0,0,0.5445555,0.9298733,1,0.8948185,0,0,0,0,0,0,0,0,0,0,0,0,0,0,0
0,0,0,0,0,0,0,0,0,0,0,0,0,0,0.78173,0.9399421,1,0.9230362,0,0,0,0,0,0,0,0,0,0,0,0,0,0,0,0,0,0,0,0,0,0,0,0,0,0,0,0,0,0,0.9267829,1,0.9058865,0,0,0,0,0,0,0,0,0,0,0,0,0,0,0
0,0,0,0,0,0,0,0,0,0,0,0,0.7117841,0.8514398,0.9538702,0.9910458,1,0.9456251,0.7497345,0,0,0,0,0,0,0,0,0,0,0,0,0,0,0,0,0,0,0,0,0,0,0,0,0,0,0,0,0.7555697,0.9523877,1,0.9041399,0,0,0,0,0,0,0,0,0,0,0,0,0,0,0
0,0,0,0,0,0,0,0,0,0,0.7349396,0.8786659,0.9973215,1,0.9598606,0.9716104,0.9941139,0.9797364,0,0,0,0,0,0,0,0,0,0,0,0,0,0,0,0,0,0,0,0,0,0,0,0,0,0,0,0,0.7903324,0.9138177,0.9811646,1,0.8598048,0.7325218,0.6508227,0,0,0,0,0,0,0,0,0,0,0,0,0
0,0,0,0,0,0,0,0,0,0.7535315,0.850747,0.9599095,1,0.9239236,0.7575262,0.8749434,0.9947584,0.959761,0.6560172,0,0,0,0,0,0,0,0,0,0,0,0,0,0,0,0,0,0,0,0,0,0,0,0,0,0.7036537,0.7632395,0.851269,0.8738934,0.9618881,1,0.8807098,0.6106035,0.6247954,0,0,0,0,0,0,0,0,0,0,0,0,0
0,0,0,0,0,0,0,0,0,0.8875482,0.8972175,0.8415544,0.8608038,0.7688337,0.875042,0.8315953,1,0.9926267,0.7945692,0,0,0,0,0,0,0,0,0,0,0,0,0,0,0,0,0,0,0,0,0,0,0.743007,0.810828,0.8794057,0.8779764,0.8171809,0.7200046,0,0.9482002,1,0.8901807,0,0,0,0,0,0,0,0,0,0,0,0,0,0,0
0,0,0,0,0,0,0,0,0.8019513,0.9489064,0.9227253,0.744745,0.7670737,0.7788721,0,0.9124972,1,0.9701998,0,0,0,0,0,0,0,0,0,0,0,0,0,0,0,0,0,0,0,0,0,0,0,0.7695472,0.8753341,0.876461,0.7801952,0.6560783,0,0,0.9304774,1,0.8987509,0,0,0,0,0,0,0,0,0,0,0,0,0,0,0
0,0,0,0,0,0,0,0,0.8079532,0.9441203,0.940876,0.8320804,0,0.8184952,0.860809,0,0.9523445,1,0.8044352,0,0,0,0,0,0,0,0,0,0,0,0,0,0,0,0,0,0,0,0,0,0.6588894,0.6960553,0.7892408,0.6243759,0,0,0.6509103,0.6462309,0.9252792,1,0.8917584,0.6078435,0,0,0,0,0,0,0,0,0,0,0,0,0,0
0,0,0,0,0,0,0,0,0,0,0,0.8721079,0.9236409,0.8782847,0,0.9152396,1,0.9673896,0,0,0,0,0,0,0,0,0,0,0,0,0,0,0,0,0,0,0,0,0,0,0,0.8308856,0.8594012,0.7906243,0,0,0,0,0.9598663,1,0.9085477,0,0,0,0,0,0,0,0,0,0,0,0,0,0,0
0,0,0,0,0,0,0,0,0,0,0,0.7840821,0.8413067,0.8663968,0.8104964,0.8238186,1,0.9867027,0.8163059,0.7481526,0.6879683,0,0,0,0,0,0,0,0,0,0,0,0,0,0,0,0,0,0,0,0,0.644684,0.6620545,0.762952,0.8145693,0.7610149,0.6419489,0.7443527,0.9463369,1,0.8854912,0,0,0,0,0,0,0,0,0,0,0,0,0,0,0
0,0,0,0,0,0,0,0,0,0,0,0,0,0.7990699,0.8467141,0.9168076,1,0.9696701,0.7235291,0,0,0,0,0,0,0,0,0,0,0,0,0,0,0,0,0,0,0,0,0,0,0.6883895,0.7662355,0.803112,0.6818668,0.7962229,0.7558038,0.6913178,0.9496931,1,0.8923163,0,0,0,0,0,0,0,0,0,0,0,0,0,0,0
0,0,0,0,0,0,0,0,0,0,0,0,0,0,0,0,1,0.9991548,0,0,0,0,0,0,0,0,0,0,0,0,0,0,0,0,0,0,0,0,0,0,0,0,0,0,0.8166228,0.7610857,0,0.7799264,0.9495634,1,0.9112428,0,0,0,0,0,0,0,0,0,0,0,0,0,0,0
0,0,0,0,0,0,0,0,0,0,0,0,0,0,0,0.7541687,1,0.9763055,0.706382,0.7837505,0.7093384,0,0,0,0,0,0,0,0,0,0,0,0,0,0,0,0,0,0,0,0,0,0.5530089,0.5987821,0.6646254,0.7523839,0.7864549,0.7449619,0.9412037,1,0.8650162,0.6951892,0.6487697,0,0,0,0,0,0,0,0,0,0,0,0,0
0,0,0,0,0,0,0,0,0,0,0,0,0,0,0.7194678,0.8129855,1,0.9949714,0.8396947,0,0.7641649,0.7053002,0,0,0,0,0,0,0,0,0,0,0,0,0,0,0,0,0,0,0,0,0,0.5962843,0.6078058,0.6911935,0.6375177,0.742542,0.955368,1,0.8543352,0.6686015,0.680275,0,0,0,0,0,0,0,0,0,0,0,0,0
0,0,0,0,0,0,0,0,0,0,0,0,0,0,0,0.8263172,1,0.9952438,0.850832,0.7763277,0.8604541,0.9189236,0.8728791,0.7355272,0,0,0,0,0,0,0,0,0,0,0,0,0,0,0,0,0,0,0,0,0,0.6960683,0.7705705,0.7112883,0.9393334,1,0.9066845,0.7846267,0.7945682,0.6803188,0,0,0,0,0,0,0,0,0,0,0,0
0,0,0,0,0,0,0,0,0,0,0,0,0,0,0,0.7813876,0.9968901,1,0.8329483,0.7889602,0.7044538,0.8555532,0.9077643,0.9008628,0.8189706,0.6751011,0,0,0,0,0,0,0,0,0,0,0,0,0,0,0,0,0,0,0,0,0.6782857,0.6678604,0.9428184,1,0.901833,0.6675761,0.8078538,0.8793406,0.8371438,0.7390128,0.6482198,0,0,0,0,0,0,0,0,0
0,0,0,0,0,0,0,0,0,0,0,0,0,0,0,0.8289375,1,0.9881397,0.7779227,0,0,0.713221,0.7035913,0.7848121,0.7738753,0.8534733,0.7592313,0,0,0,0,0,0,0,0,0,0,0,0,0,0,0,0,0,0,0,0,0,0.9464222,1,0.8549329,0.7293867,0.8262697,0.880037,0.8338458,0.8302234,0.8144301,0.7440374,0,0,0,0,0,0,0,0
0,0,0,0,0,0,0,0,0,0,0,0,0,0,0,0.7893568,1,0.998628,0.8177665,0.7397604,0.7777089,0.7789976,0.7711555,0.7375513,0.908334,0.8940541,0.8459273,0.7531994,0,0,0,0,0,0,0,0,0,0,0,0,0,0,0,0,0,0,0,0,0.933218,1,0.889854,0.6202488,0.6838862,0.6283128,0.7000464,0.7277196,0.7021784,0.6637946,0.7534768,0.7647708,0.6923543,0,0,0,0,0
0,0,0,0,0,0,0,0,0,0,0,0,0,0,0,0.7754831,1,0.9982569,0.8464837,0.7010872,0.7257915,0.8579847,0.8318555,0.8742197,0.8926511,0.8466473,0.8305808,0.7318476,0,0.6195858,0.6251414,0,0,0,0,0,0,0,0,0,0,0,0,0,0,0,0,0.6545068,0.9334242,1,0.8989453,0.7687684,0.7485659,0.6497526,0.7324635,0.7568947,0.7860248,0.7607298,0.7184809,0.779694,0.7980016,0.738925,0,0,0,0
0,0,0,0,0,0,0,0,0,0,0,0,0,0,0.6671927,0.8584124,1,0.7991508,0.9484071,0.8967177,0.9260958,0.913308,0.8064439,0.8143308,0.7266558,0.7510484,0,0,0,0,0,0,0,0,0,0,0,0,0,0,0,0,0,0,0,0,0,0,0.9243007,1,0.8919559,0.6647066,0.7025721,0,0,0.7544283,0.8330693,0.8056598,0.7377891,0.6998878,0.6726654,0,0,0,0,0
0,0,0,0,0,0,0,0,0,0,0,0,0,0.6744112,0.8716406,0.9628232,1,0.9962358,0.9070251,0.8409877,0.767409,0.6445823,0.6438889,0,0,0,0,0,0,0,0,0,0,0,0,0,0,0,0,0,0,0,0,0,0,0,0,0.7186872,0.9469334,1,0.8712959,0,0.7276593,0.7625111,0.7265741,0.6957615,0.7466369,0.756556,0.6570846,0,0,0,0,0,0,0
0,0,0,0,0,0,0,0,0,0.6707988,0.7110106,0.726847,0.8248781,0.8750103,0.8775564,0.9887521,1,0.9715454,0.74933,0,0,0,0,0,0,0,0,0,0,0,0,0,0,0,0,0,0,0,0,0,0,0,0,0,0,0,0.6606489,0.7628201,0.9237973,1,0.8862364,0.8991932,0.8965093,0.8282164,0.7585385,0.6625904,0,0,0,0,0,0,0,0,0,0
0,0,0,0,0,0,0,0,0,0,0,0,0.7296163,0.839938,0.8643491,0.9075502,1,0.9879739,0.6812981,0.68674,0,0,0,0,0,0,0,0,0,0,0,0,0,0,0,0,0,0,0,0,0,0,0,0,0,0,0,0.7853325,0.9795156,1,0.7620088,0.7808706,0.6813235,0,0,0,0,0,0,0,0,0,0,0,0,0
0,0,0,0,0,0,0,0,0,0,0,0,0,0,0,0.8662903,1,0.9758372,0,0,0,0,0,0,0,0,0,0,0,0,0,0,0,0,0,0,0,0,0,0,0,0,0,0,0,0,0,0.8118362,0.8464188,1,0.9074199,0,0,0,0,0,0,0,0,0,0,0,0,0,0,0
0,0,0,0,0,0,0,0,0,0,0,0,0,0,0,0.7709589,0.9774402,1,0.8512228,0,0,0,0,0,0,0,0,0,0,0,0,0,0,0,0,0,0,0,0,0,0,0,0,0,0,0,0,0.7413715,0.9581032,1,0.865957,0,0,0,0,0,0,0,0,0,0,0,0,0,0,0
