GestureName: double_arch
Duration(ms): 1316
Handedness: right

SpeakerAngles: 2
55
-55

InterpretedPoints: 28
0,0
0.806707284111599,0.564862521463624
0,2.25945008585449
0,5.64862521463624
0.806707284111599,1.69458756439087
0,0
6.45365827289279,-1.12972504292725
1.6134145682232,-3.38917512878174
0.806707284111599,-2.82431260731812
0.806707284111599,-1.69458756439087
1.6134145682232,-1.12972504292725
2.4201218523348,0.564862521463624
0,1.12972504292725
1.6134145682232,3.38917512878174
0.806707284111599,3.95403765024536
4.84024370466959,1.12972504292725
0,0
1.6134145682232,1.12972504292725
4.03353642055799,-0.564862521463623
4.03353642055799,0.564862521463623
0,-3.38917512878174
-3.2268291364464,-3.38917512878174
-0.806707284111599,-0.564862521463624
-4.03353642055799,-0.564862521463623
-0.806707284111599,-0.564862521463624
-3.2268291364464,1.12972504292725
-2.4201218523348,1.69458756439087
-1.6134145682232,3.38917512878174

StrokePoints: 29
177.666666666667,130.277777777778
177.666666666667,130.277777777778
176.859959382555,129.712915256314
176.859959382555,127.45346517046
176.859959382555,121.804839955823
176.053252098443,120.110252391433
176.053252098443,120.110252391433
169.599593825551,121.23997743436
167.986179257327,124.629152563142
167.179471973216,127.45346517046
166.372764689104,129.148052734851
164.759350120881,130.277777777778
162.339228268546,129.712915256314
162.339228268546,128.583190213387
160.725813700323,125.194015084605
159.919106416211,121.23997743436
155.078862711542,120.110252391433
155.078862711542,120.110252391433
153.465448143319,118.980527348505
149.431911722761,119.545389869969
145.398375302203,118.980527348505
145.398375302203,122.369702477287
148.625204438649,125.758877606069
149.431911722761,126.323740127532
153.465448143319,126.888602648996
154.27215542743,127.45346517046
157.498984563877,126.323740127532
159.919106416211,124.629152563142
161.532520984435,121.23997743436

Velocities: 28
0,0
1,0
2,2
5,5
2,1
0,0
3,-5
-2,-4
-2,-3
-1,-2
0,-2
2,-1
1,1
4,2
4,3
4,-2
0,0
2,0
2,-3
3,-2
-3,-3
-5,-1
-1,0
-3,2
-1,0
-1,3
0,3
2,4

InverseVelocities: 28
0,0
0,0
0,0
0,0
0,0
0,0
-3,2
0,0
0,0
0,0
0,0
0,0
0,0
-1,0
-1,0
-2,0
0,0
0,0
-4,2
-4,1
0,0
0,0
0,0
0,0
0,0
2,0
0,0
0,0

RawData: 28
0,0,0,0,0,0,0,0,0,0,0,0,0,0,0,0.8345705,1,0.9901337,0.8993629,0.7667427,0,0,0,0,0,0,0,0,0,0,0,0,0,0,0,0,0,0,0,0,0,0,0,0,0,0,0,0,0.9336696,1,0.8720358,0.6886324,0,0,0,0,0,0,0,0,0,0,0,0,0,0
0,0,0,0,0,0,0,0,0,0,0,0,0,0,0,0.8196062,1,0.9925983,0.8926247,0.8124553,0.6068769,0,0,0,0,0,0,0,0,0,0,0,0,0,0,0,0,0,0,0,0,0,0,0,0,0,0,0.6524871,0.951566,1,0.8674989,0.7084516,0.5759823,0,0,0,0,0,0,0,0,0,0,0,0,0
0,0,0,0,0,0,0,0,0,0,0,0,0,0,0,0.8158841,1,0.9916894,0.7973644,0.7826756,0.8223782,0.7077917,0,0,0,0,0,0,0,0,0,0,0,0,0,0,0,0,0,0,0,0,0,0,0,0,0,0.6166028,0.9376622,1,0.9164307,0.7638114,0.7300419,0.7054411,0.6343479,0,0,0,0,0,0,0,0,0,0,0
0,0,0,0,0,0,0,0,0,0,0,0,0,0,0,0.8357828,1,0.9812171,0.7635927,0.8407759,0.8209574,0,0.7489682,0.7344019,0.6800277,0,0,0,0,0,0,0,0,0,0,0,0,0,0,0,0,0,0,0,0,0,0,0.6682283,0.9455197,1,0.898253,0.8119025,0.8194417,0.695726,0.7237757,0.7714409,0.7396144,0.6816878,0,0,0,0,0,0,0,0
0,0,0,0,0,0,0,0,0,0,0,0,0,0,0,0.8611448,1,0.97918,0.8178591,0.7324552,0.788471,0.7093522,0,0,0,0,0,0,0,0,0,0,0,0,0,0,0,0,0,0,0,0,0,0,0,0,0,0,0.9412257,1,0.9331283,0.8818252,0.8081977,0.7522853,0,0,0,0,0,0,0,0,0,0,0,0
0,0,0,0,0,0,0,0,0,0,0,0,0,0.8223143,0.8155665,0.8488305,1,0.99652,0.876445,0.8358281,0,0,0,0,0,0,0,0,0,0,0,0,0,0,0,0,0,0,0,0,0,0,0,0,0,0,0,0.7605675,0.9616908,1,0.879712,0.8383539,0.8267612,0,0,0,0,0,0,0,0,0,0,0,0,0
0,0,0,0,0,0,0,0,0,0,0.6586976,0.7240621,0.7454603,0.7967324,0.7494971,0.821233,1,0.9777323,0.7160389,0.7714121,0.7441788,0.6171495,0.5973231,0,0,0,0,0,0,0,0,0,0,0,0,0,0,0,0,0,0,0.6254545,0.6150535,0.6153038,0.6023412,0.6324134,0.6619802,0.7299162,0.9269884,1,0.8843106,0.7720528,0.747694,0.6151718,0.607506,0,0,0,0,0,0,0,0,0,0,0
0,0,0,0,0,0,0,0,0,0,0,0.7515512,0.7534498,0,0.7222497,0.7618939,1,0.9982308,0.8195917,0.7952228,0,0,0,0,0,0,0,0,0,0,0,0,0,0,0,0,0,0,0,0,0,0,0.7354603,0,0.7669284,0.8025917,0.7627278,0.7462535,0.9430259,1,0.8804869,0.7961489,0.7611665,0,0,0,0,0,0,0,0,0,0,0,0,0
0,0,0,0,0,0,0,0,0,0,0,0.7147607,0.7853452,0.7570928,0,0.8642868,1,0.972161,0.7740656,0.7576463,0,0,0,0,0,0,0,0,0,0,0,0,0,0,0,0,0,0,0,0,0,0,0,0.7768759,0.8160328,0.7925132,0.7864037,0.7218321,0.9479226,1,0.8779115,0,0,0,0,0,0,0,0,0,0,0,0,0,0,0
0,0,0,0,0,0,0,0,0,0,0,0,0.6162159,0.6120411,0.6944742,0.8195451,1,0.9885276,0.7868784,0.626319,0,0,0,0,0,0,0,0,0,0,0,0,0,0,0,0,0,0,0,0,0,0,0,0,0.7054519,0.6455517,0.7585433,0.8256117,0.9499885,1,0.8862954,0,0,0,0,0,0,0,0,0,0,0,0,0,0,0
0,0,0,0,0,0,0,0,0,0,0,0,0,0.6138843,0.6367596,0.7971796,1,0.9908872,0.7950287,0,0,0,0,0,0,0,0,0,0,0,0,0,0,0,0,0,0,0,0,0,0,0,0,0,0.6250284,0.686794,0.7658843,0.677403,0.9312379,1,0.8959656,0,0,0,0,0,0,0,0,0,0,0,0,0,0,0
0,0,0,0,0,0,0,0,0,0,0,0,0,0.6684541,0.6747571,0.859458,1,0.9872762,0.8093544,0.6776772,0.713125,0.6755084,0,0,0,0,0,0,0,0,0,0,0,0,0,0,0,0,0,0,0,0,0,0,0,0.6877896,0.7703091,0.7663977,0.9405341,1,0.8529645,0.7219825,0,0,0,0,0,0,0,0,0,0,0,0,0,0
0,0,0,0,0,0,0,0,0,0,0,0,0,0,0.6826788,0.8525239,1,0.9741594,0.7874978,0.8100847,0.735513,0,0,0,0,0,0,0,0,0,0,0,0,0,0,0,0,0,0,0,0,0,0,0,0,0,0,0.6254955,0.9210787,1,0.9211514,0.7554129,0.7462613,0.7090415,0,0,0,0,0,0,0,0,0,0,0,0
0,0,0,0,0,0,0,0,0,0,0,0,0.7221077,0.8009926,0.8250206,0.8843826,1,0.9906951,0.8643818,0,0.6905239,0.7253988,0.7556677,0.7131914,0,0,0,0,0,0,0,0,0,0,0,0,0,0,0,0,0,0,0,0,0,0,0,0,0.9529744,1,0.8868515,0.7404691,0.7951888,0.7965912,0.7412204,0,0,0,0,0,0,0,0,0,0,0
0,0,0,0,0,0,0,0,0,0,0,0,0.7847666,0,0.8246369,0.8773566,1,0.9811281,0.8601491,0.7305122,0,0,0,0.7626786,0,0,0,0,0,0,0,0,0,0,0,0,0,0,0,0,0,0,0,0,0,0,0,0.7967388,0.9533032,1,0.8975993,0.7937744,0.7631282,0.783614,0.7864961,0.762166,0,0,0,0,0,0,0,0,0,0
0,0,0,0,0,0,0,0,0,0,0,0.7439131,0.8406749,0.8612853,0.8115048,0.7712553,1,0.982129,0.8125919,0,0,0.7646269,0.7832932,0.7486289,0,0,0,0,0,0,0,0,0,0,0,0,0,0,0,0,0,0,0,0,0.7585669,0.764301,0.7305853,0.7874321,0.9474807,1,0.9190596,0.7756856,0,0,0,0,0,0,0,0,0,0,0,0,0,0
0,0,0,0,0,0,0,0,0,0,0,0,0,0.7057124,0.8068158,0.8177251,0.9936898,1,0.8334294,0,0,0,0,0,0,0,0,0,0,0,0,0,0,0,0,0,0,0,0,0,0,0,0,0,0,0,0.6899758,0.7634127,0.9361817,1,0.9028223,0,0,0,0,0,0,0,0,0,0,0,0,0,0,0
0,0,0,0,0,0,0,0,0,0,0,0,0,0,0.7348594,0.7643513,1,0.9653445,0.8598013,0.8613963,0.8015159,0.7090473,0,0,0,0,0,0,0,0,0,0,0,0,0,0,0,0,0,0,0,0,0,0,0,0,0.6601387,0.6472863,0.9398785,1,0.8756566,0.6629598,0,0,0,0,0,0,0,0,0,0,0,0,0,0
0,0,0,0,0,0,0,0,0,0.6501483,0.7094334,0.7381672,0.7415521,0.7374524,0.6998695,0.8854065,1,0.9693836,0.71733,0.7563992,0.8023213,0.8105701,0,0,0,0,0,0,0,0,0,0,0,0,0,0,0,0,0,0,0,0,0,0.7408444,0.7888935,0.7850499,0.7093592,0.821571,0.9337271,1,0.8620534,0.7925445,0.7480574,0.7375035,0.7003863,0,0,0,0,0,0,0,0,0,0,0
0,0,0,0,0,0,0,0,0,0.7627785,0.8098471,0.8142109,0.7975109,0.7593383,0,0.8376856,0.9969506,1,0.8899464,0.7808853,0.7982546,0.7911954,0.7700123,0,0,0,0,0,0,0,0,0,0,0,0,0,0,0,0,0,0,0,0,0,0.7622113,0.7586102,0.7801895,0.833157,0.9466234,1,0.9177634,0,0,0.7483708,0,0,0,0,0,0,0,0,0,0,0,0
0,0,0,0,0,0,0,0,0,0,0.7908925,0.8266877,0.7746202,0.7857806,0,0.8182437,1,0.9964223,0.880481,0.7789786,0,0,0,0,0,0,0,0,0,0,0,0,0,0,0,0,0,0,0,0,0,0,0,0.7144797,0.7361661,0,0.8022872,0.8643536,0.9645303,1,0.9024062,0,0,0,0,0,0,0,0,0,0,0,0,0,0,0
0,0,0,0,0,0,0,0,0.6794925,0.7385687,0.7972929,0.7865103,0,0.7338225,0.6969475,0.7751338,1,0.9944564,0.7681738,0.6522393,0,0,0,0,0,0,0,0,0,0,0,0,0,0,0,0,0,0,0,0,0,0,0,0,0,0.7149599,0.7980016,0.6781006,0.9389452,1,0.8725769,0,0,0,0,0,0,0,0,0,0,0,0,0,0,0
0,0,0,0,0,0,0,0,0,0,0,0,0.7245824,0.7472657,0.6940169,0.8364346,1,0.9915812,0.8073574,0,0,0,0,0,0,0,0,0,0,0,0,0,0,0,0,0,0,0,0,0,0,0,0,0,0,0,0.7394416,0.835547,0.9323529,1,0.9024923,0.7000368,0,0,0,0,0,0,0,0,0,0,0,0,0,0
0,0,0,0,0,0,0,0,0,0,0.577468,0.6568826,0.7705513,0.7823636,0.7774389,0.8461334,1,0.9722061,0.6582096,0,0,0,0,0,0,0,0,0,0,0,0,0,0,0,0,0,0,0,0,0,0,0,0,0,0,0,0.6080696,0.6639872,0.941933,1,0.8791388,0.6029614,0.5591515,0.5420761,0.5268635,0,0,0,0,0,0,0,0,0,0,0
0,0,0,0,0,0,0,0,0,0,0,0,0.7171499,0.7038286,0.7498052,0.8779551,1,0.9828608,0.7812167,0,0,0,0,0,0,0,0,0,0,0,0,0,0,0,0,0,0,0,0,0,0,0,0,0,0,0,0,0.6988258,0.9389972,1,0.9089511,0.7628949,0,0,0,0,0,0,0,0,0,0,0,0,0,0
0,0,0,0,0,0,0,0,0,0,0,0,0.7114545,0,0.6795641,0.7925854,1,0.9996682,0.8131363,0.7110352,0.6781095,0.6270093,0,0,0,0,0,0,0,0,0,0,0,0,0,0,0,0,0,0,0,0,0,0,0,0,0,0,0.9510867,1,0.8518359,0.780958,0.7296531,0.6787547,0.6164634,0.650044,0,0,0,0,0,0,0,0,0,0
0,0,0,0,0,0,0,0,0,0,0,0,0,0.6349304,0.6759615,0.8345375,1,0.9884326,0.8296143,0.7546541,0,0,0,0,0,0,0,0,0,0,0,0,0,0,0,0,0,0,0,0,0,0,0,0,0,0,0.6630094,0.6883202,0.9404139,1,0.8931465,0.8036504,0.7342587,0.625766,0.6450121,0.6536375,0,0,0,0,0,0,0,0,0,0
0,0,0,0,0,0,0,0,0,0,0,0,0,0.7329908,0.7735721,0.7907338,1,0.9879444,0.8243994,0.796099,0.7366328,0.6743736,0,0,0,0,0,0,0,0,0,0,0,0,0,0,0,0,0,0,0,0,0,0,0,0,0.6890399,0,0.9425713,1,0.891265,0.7697952,0.6970282,0.6758681,0.6822336,0.7092043,0.7110711,0,0,0,0,0,0,0,0,0
