GestureName: s
Duration(ms): 1222
Handedness: right

SpeakerAngles: 2
55
-55

InterpretedPoints: 26
0,0
0,0
0,0
0,0
0.806707284111599,-0.564862521463624
0,0
0.806707284111599,-0.564862521463624
1.6134145682232,0
1.6134145682232,1.12972504292725
0.806707284111599,0.564862521463624
0,1.12972504292725
2.4201218523348,2.82431260731812
1.6134145682232,2.25945008585449
0,3.38917512878174
-0.806707284111599,2.82431260731812
0,2.25945008585449
-2.4201218523348,0.564862521463624
-2.4201218523348,0.564862521463624
-0.806707284111599,-0.564862521463624
0,-1.12972504292725
1.6134145682232,-1.12972504292725
2.4201218523348,0.564862521463624
1.6134145682232,0
0.806707284111599,0.564862521463624
1.6134145682232,-1.12972504292725
1.6134145682232,-1.12972504292725

StrokePoints: 27
177.666666666667,130.277777777778
177.666666666667,130.277777777778
177.666666666667,130.277777777778
177.666666666667,130.277777777778
177.666666666667,130.277777777778
176.859959382555,130.842640299241
176.859959382555,130.842640299241
176.053252098443,131.407502820705
174.43983753022,131.407502820705
172.826422961997,130.277777777778
172.019715677885,129.712915256314
172.019715677885,128.583190213387
169.599593825551,125.758877606069
167.986179257327,123.499427520214
167.986179257327,120.110252391433
168.792886541439,117.285939784114
168.792886541439,115.02648969826
171.213008393774,114.461627176796
173.633130246109,113.896764655333
174.43983753022,114.461627176796
174.43983753022,115.591352219724
172.826422961997,116.721077262651
170.406301109662,116.156214741187
168.792886541439,116.156214741187
167.986179257328,115.591352219724
166.372764689104,116.721077262651
164.759350120881,117.850802305578

Velocities: 26
0,0
0,0
0,0
0,0
0,-1
0,0
0,-1
1,-1
2,0
1,0
1,1
4,1
3,1
3,3
2,3
2,2
-1,2
-1,2
-1,0
-1,-1
0,-2
2,-1
1,-1
1,0
0,-2
0,-2

InverseVelocities: 26
0,0
0,0
0,0
0,0
0,0
0,0
0,0
0,0
0,0
0,0
0,0
0,0
0,0
0,0
0,0
0,0
0,-1
0,0
0,0
0,0
0,0
0,0
0,0
0,0
0,0
0,0

RawData: 26
0,0,0,0,0,0,0,0,0,0,0,0,0,0,0,0.8061636,1,0.9813265,0,0,0,0,0,0,0,0,0,0,0,0,0,0,0,0,0,0,0,0,0,0,0,0,0,0,0,0,0,0,0.9389681,1,0.8835277,0,0,0,0,0,0,0,0,0,0,0,0,0,0,0
0,0,0,0,0,0,0,0,0,0,0,0,0,0,0,0.821385,1,0.9925683,0.7874349,0,0,0,0,0,0,0,0,0,0,0,0,0,0,0,0,0,0,0,0,0,0,0,0,0,0,0,0,0.74208,0.9625997,1,0.8846909,0,0,0,0,0,0,0,0,0,0,0,0,0,0,0
0,0,0,0,0,0,0,0,0,0,0,0,0,0,0,0.8559083,1,0.9820173,0,0,0,0,0,0,0,0,0,0,0,0,0,0,0,0,0,0,0,0,0,0,0,0,0,0,0,0,0,0.8119094,0.9303834,1,0.9000265,0,0,0,0,0,0,0,0,0,0,0,0,0,0,0
0,0,0,0,0,0,0,0,0,0,0,0,0,0,0.6273839,0.8416725,1,0.9655852,0.7157153,0.6179566,0,0,0,0,0,0,0,0,0,0,0,0,0,0,0,0,0,0,0,0,0,0,0,0,0,0,0.681586,0.7836801,0.9223922,1,0.8657001,0.5696957,0,0,0,0,0,0,0,0,0,0,0,0,0,0
0,0,0,0,0,0,0,0,0,0,0,0,0,0,0,0.80788,1,0.987226,0.797767,0.615832,0,0,0,0,0,0,0,0,0,0,0,0,0,0,0,0,0,0,0,0,0,0,0,0,0,0.6121097,0.6886302,0.7630205,0.9438971,1,0.8892663,0,0,0,0,0,0,0,0,0,0,0,0,0,0,0
0,0,0,0,0,0,0,0,0,0,0,0,0,0,0.6674639,0.7145426,1,0.98049,0.6705562,0.644029,0,0,0,0,0,0,0,0,0,0,0,0,0,0,0,0,0,0,0,0,0,0,0,0,0,0,0.6303056,0.7234593,0.9427477,1,0.8678783,0.5869626,0,0,0,0,0,0,0,0,0,0,0,0,0,0
0,0,0,0,0,0,0,0,0,0,0,0,0,0,0.6746067,0.8180799,1,0.9831975,0.71337,0.6719155,0,0,0,0,0,0,0,0,0,0,0,0,0,0,0,0,0,0,0,0,0,0,0,0,0,0.6022807,0.7044219,0.7816455,0.952437,1,0.8786472,0,0,0,0,0,0,0,0,0,0,0,0,0,0,0
0,0,0,0,0,0,0,0,0,0,0,0,0,0,0.6604351,0.8184291,1,0.9785748,0.7270657,0.7221161,0.6886973,0,0,0,0,0,0,0,0,0,0,0,0,0,0,0,0,0,0,0,0,0,0,0,0,0.6114731,0.7414683,0.7791851,0.9429669,1,0.8917047,0.693262,0.6311135,0,0,0,0,0,0,0,0,0,0,0,0,0
0,0,0,0,0,0,0,0,0,0,0,0,0,0,0,0.8258541,1,0.9862825,0.8600631,0.7049626,0.6282193,0.6044909,0,0,0,0,0,0,0,0,0,0,0,0,0,0,0,0,0,0,0,0,0,0,0,0,0,0.6966374,0.94155,1,0.9165756,0.7029644,0.6361999,0,0,0,0,0,0,0,0,0,0,0,0,0
0,0,0,0,0,0,0,0,0,0,0,0,0,0,0,0.7716963,1,0.9855262,0.817297,0.8592485,0.7278648,0,0,0,0,0,0,0,0,0,0,0,0,0,0,0,0,0,0,0,0,0,0,0,0,0,0,0.628106,0.9379358,1,0.9223437,0.8223327,0,0,0,0,0,0,0,0,0,0,0,0,0,0
0,0,0,0,0,0,0,0,0,0,0,0,0,0,0.573974,0.8167734,1,0.9816515,0.8322985,0.856316,0.7859976,0,0,0,0,0,0,0,0,0,0,0,0,0,0,0,0,0,0,0,0,0,0,0,0,0,0,0,0.9208444,1,0.864929,0.8137824,0.6232748,0.6848759,0,0,0,0,0,0,0,0,0,0,0,0
0,0,0,0,0,0,0,0,0,0,0,0,0,0,0,0.8196563,1,0.98318,0.7896056,0.8084549,0.811008,0.7390914,0.6513477,0.6393399,0,0,0,0,0,0,0,0,0,0,0,0,0,0,0,0,0,0,0,0,0,0,0,0.6187552,0.9297227,1,0.8574255,0.9062028,0.8341008,0.7342722,0,0,0,0,0,0,0,0,0,0,0,0
0,0,0,0,0,0,0,0,0,0,0,0,0,0,0,0.8336871,1,0.9830242,0.7942408,0,0.8411462,0.8289093,0.7425282,0,0,0,0,0,0,0,0,0,0,0,0,0,0,0,0,0,0,0,0,0,0,0,0,0,0.9381761,1,0.8805056,0.88118,0.8271029,0.6779323,0,0,0,0,0,0,0,0,0,0,0,0
0,0,0,0,0,0,0,0,0,0,0,0,0,0,0,0.8114321,0.9983937,1,0.8649692,0,0.8134782,0.7881907,0.6890485,0,0,0,0,0,0,0,0,0,0,0,0,0,0,0,0,0,0,0,0,0,0,0,0,0,0.9515915,1,0.8653895,0.7449472,0.8127227,0.7626523,0.7344581,0.6943721,0,0,0,0,0,0,0,0,0,0
0,0,0,0,0,0,0,0,0,0,0,0,0,0,0.6623417,0.7824823,1,0.9836892,0.7538525,0.7677025,0.7054994,0.610834,0,0,0,0,0,0,0,0,0,0,0,0,0,0,0,0,0,0,0,0,0,0,0,0,0,0,0.936658,1,0.8825767,0.7646918,0.7771587,0.7384294,0.6914235,0.632585,0,0,0,0,0,0,0,0,0,0
0,0,0,0,0,0,0,0,0,0,0,0,0,0.6367967,0.7557817,0.8265857,0.9957764,1,0.8565434,0,0.7295074,0.5921378,0,0,0,0,0,0,0,0,0,0,0,0,0,0,0,0,0,0,0,0,0,0,0,0,0,0,0.9398293,1,0.8815109,0.7324552,0.762418,0.6913805,0.6201847,0,0,0,0,0,0,0,0,0,0,0
0,0,0,0,0,0,0,0,0,0,0,0,0.6445619,0.7662975,0.8114538,0.8399982,1,0.9736992,0.6571811,0.6273131,0,0,0,0,0,0,0,0,0,0,0,0,0,0,0,0,0,0,0,0,0,0,0,0,0,0.5664301,0.5720708,0.7244355,0.9513326,1,0.8770012,0.7831835,0.7962779,0.6635833,0.610167,0,0,0,0,0,0,0,0,0,0,0
0,0,0,0,0,0,0,0,0,0,0,0,0.7950812,0.8423358,0.8592823,0.8244453,1,0.9824531,0.8286953,0,0,0,0,0,0,0,0,0,0,0,0,0,0,0,0,0,0,0,0,0,0,0,0,0,0,0,0.7111431,0.7955354,0.9490634,1,0.85593,0.6833051,0.7439119,0.7445834,0.6490758,0,0,0,0,0,0,0,0,0,0,0
0,0,0,0,0,0,0,0,0,0,0,0,0.8263133,0.8331405,0,0.9217997,1,0.9685676,0.8279676,0,0,0,0,0,0,0,0,0,0,0,0,0,0,0,0,0,0,0,0,0,0,0,0,0,0,0,0.7916959,0.8547134,0.9578711,1,0.9166049,0.7867447,0,0,0,0,0,0,0,0,0,0,0,0,0,0
0,0,0,0,0,0,0,0,0,0,0,0,0.8051972,0.8566661,0.7641956,0.8201468,0.9955508,1,0.8774607,0.8415878,0,0,0,0,0,0,0,0,0,0,0,0,0,0,0,0,0,0,0,0,0,0,0,0,0,0.724984,0.7058074,0.7346699,0.9486911,1,0.9137468,0.8000652,0.7185768,0,0,0,0,0,0,0,0,0,0,0,0,0
0,0,0,0,0,0,0,0,0,0,0,0,0,0.7473369,0,0.8310481,1,0.9588197,0.8353107,0.8725283,0,0,0,0,0,0,0,0,0,0,0,0,0,0,0,0,0,0,0,0,0,0,0,0,0.6458442,0.7770067,0.7807662,0.7996255,0.9455035,1,0.9181428,0.7870337,0,0,0,0,0,0,0,0,0,0,0,0,0,0
0,0,0,0,0,0,0,0,0,0,0,0,0,0,0.6876673,0.7414843,0.9714717,1,0.8603185,0.8464576,0.8401073,0.8055737,0,0,0,0,0,0,0,0,0,0,0,0,0,0,0,0,0,0,0,0,0,0,0,0.6357646,0.7585058,0.7595729,0.9361243,1,0.8816146,0.7803835,0.6124183,0,0,0,0,0,0,0,0,0,0,0,0,0
0,0,0,0,0,0,0,0,0,0,0,0,0,0,0,0.8751858,1,0.9422659,0.9307566,0.9259793,0.8403691,0,0,0,0,0,0,0,0,0,0,0,0,0,0,0,0,0,0,0,0,0,0,0,0,0.643798,0.776607,0.8126072,0.9357295,1,0.8786043,0,0.6197325,0,0,0,0,0,0,0,0,0,0,0,0,0
0,0,0,0,0,0,0,0,0,0,0,0,0,0,0,0.8295594,0.9976975,1,0.7389609,0.8937607,0.7233008,0,0,0,0,0,0,0,0,0,0,0,0,0,0,0,0,0,0,0,0,0,0,0,0,0,0.7945267,0.8475267,0.9323508,1,0.8977178,0.7030579,0,0,0,0,0,0,0,0,0,0,0,0,0,0
0,0,0,0,0,0,0,0,0,0,0,0,0,0,0.7189137,0.8552644,1,0.9447409,0.8897679,0.8405997,0,0,0,0,0,0,0,0,0,0,0,0,0,0,0,0,0,0,0,0,0,0,0,0,0.6927728,0.7403488,0.6963616,0.8108653,0.9445145,1,0.8733966,0.6475388,0,0,0,0,0,0,0,0,0,0,0,0,0,0
0,0,0,0,0,0,0,0,0,0,0,0,0,0,0.8120338,0.8995754,1,0.9925961,0.8481314,0.7330829,0,0,0,0,0,0,0,0,0,0,0,0,0,0,0,0,0,0,0,0,0,0,0,0,0.7552032,0.7515981,0.7144963,0.8250552,0.9563647,1,0.9094902,0,0,0,0,0,0,0,0,0,0,0,0,0,0,0
