GestureName: star
Duration(ms): 1410
Handedness: right

SpeakerAngles: 2
55
-55

InterpretedPoints: 30
-0.806707284111599,6.21348773609986
0,9.03780034341798
0,9.03780034341798
1.6134145682232,7.90807530049073
3.2268291364464,7.90807530049073
1.6134145682232,3.38917512878174
1.6134145682232,-3.38917512878174
3.2268291364464,-9.03780034341798
4.03353642055799,-10.7323879078088
0,-13.556700515127
0.806707284111598,-12.9918379936633
-0.806707284111599,-6.21348773609986
0,7.90807530049073
-4.03353642055799,10.7323879078088
-2.4201218523348,8.47293782195435
-2.4201218523348,5.08376269317261
-1.6134145682232,-1.12972504292725
-0.806707284111599,1.69458756439087
-0.806707284111599,0.564862521463624
3.2268291364464,9.03780034341798
2.4201218523348,7.34321277902711
4.03353642055799,3.95403765024536
6.45365827289279,-1.12972504292725
4.03353642055799,-1.69458756439087
0.806707284111599,-2.82431260731812
0.806707284111599,-0.564862521463624
-1.6134145682232,-1.12972504292725
-3.2268291364464,-2.25945008585449
-1.6134145682232,-3.38917512878174
-0.806707284111599,-5.08376269317261

StrokePoints: 31
177.666666666667,130.277777777778
178.473373950778,124.064290041678
178.473373950778,115.02648969826
178.473373950778,105.988689354842
176.859959382555,98.0806140543512
173.633130246109,90.1725387538605
172.019715677886,86.7833636250787
170.406301109662,90.1725387538605
167.179471973216,99.2103390972785
163.145935552658,109.942727005087
163.145935552658,123.499427520214
162.339228268546,136.491265513878
163.145935552658,142.704753249977
163.145935552658,134.796677949487
167.179471973216,124.064290041678
169.599593825551,115.591352219724
172.019715677886,110.507589526551
173.633130246109,111.637314569478
174.43983753022,109.942727005087
175.246544814332,109.377864483624
172.019715677886,100.340064140206
169.599593825551,92.9968513611786
165.566057404993,89.0428137109332
159.1123991321,90.1725387538605
155.078862711542,91.8671263182514
154.27215542743,94.6914389255695
153.465448143319,95.2563014470331
155.078862711542,96.3860264899603
158.305691847988,98.6454765758148
159.919106416212,102.034651704597
160.725813700323,107.118414397769

Velocities: 30
5,6
8,8
8,8
8,6
9,5
4,2
-2,-4
-6,-10
-7,-12
-12,-12
-11,-12
-6,-5
7,7
7,12
6,9
3,6
-2,0
1,2
0,1
10,6
8,5
6,1
3,-5
1,-4
-2,-3
0,-1
-2,0
-4,0
-4,-2
-5,-4

InverseVelocities: 30
0,0
0,0
0,0
0,0
0,0
0,0
0,0
0,0
0,0
0,0
0,0
0,0
0,0
-2,0
-1,0
-5,-5
0,0
0,0
0,0
0,-1
0,-2
-3,-4
-3,0
-2,0
0,0
0,0
0,0
0,0
0,0
0,0

RawData: 30
0,0,0,0,0,0,0,0,0,0,0,0,0,0,0,0.8145306,1,0.9844335,0.7000195,0.7449861,0.7459735,0.8089665,0.8554195,0.8367813,0.7392536,0,0,0,0,0,0,0,0,0,0,0,0,0,0,0,0,0,0,0,0,0,0,0,0.9428141,1,0.8924569,0.7186154,0.7105426,0.692856,0.7607042,0.8084967,0.7610378,0.730284,0.6748717,0,0,0,0,0,0,0
0,0,0,0,0,0,0,0,0,0,0,0,0,0,0,0.7876101,1,0.987014,0.7787395,0.7323506,0.7417087,0.7787272,0.6872505,0.664164,0.7319591,0.8512499,0.8596139,0.7404815,0,0,0,0,0,0,0,0,0,0,0,0,0,0,0,0,0,0,0,0.5208397,0.9340352,1,0.8781446,0,0,0.5826633,0.6523573,0,0.6572084,0.6819151,0.5991481,0.6905522,0.6004379,0,0,0,0,0
0,0,0,0,0,0,0,0,0,0,0,0,0,0,0,0.832145,1,0.9882146,0.8354043,0,0.7445491,0.7517433,0,0,0.782485,0.9435932,0.9836724,0.8759276,0,0,0,0,0,0,0,0,0,0,0,0,0,0,0,0,0,0,0,0,0.9445448,1,0.8981627,0.6710776,0.6964487,0.701928,0.7244846,0.7018609,0.8216704,0.8594677,0.8172665,0.6578861,0.6823204,0,0,0,0,0
0,0,0,0,0,0,0,0,0,0,0,0,0,0,0,0.8179915,0.9888958,0.9659577,0.8309094,0.7850702,0.8023134,0.7657754,0.87061,0.9438629,1,0.9892533,0.9182329,0.7920361,0,0,0,0,0,0,0,0,0,0,0,0,0,0,0,0,0,0,0,0,0.9434274,1,0.9005495,0,0.7362031,0.7403609,0.8331098,0.8974855,0.8349879,0.8222858,0.7677647,0,0,0,0,0,0,0
0,0,0,0,0,0,0,0,0,0,0,0,0,0,0,0.8304279,1,0.9775038,0.8305067,0.793344,0.8768378,0.8928226,0.943516,0.9425084,0.8820272,0,0,0.7621658,0.7486405,0,0,0,0,0,0,0,0,0,0,0,0,0,0,0,0,0,0,0.6821967,0.9417228,1,0.876991,0.8125651,0.8102262,0.7692466,0.853372,0.8794221,0.8309077,0.7488021,0,0,0,0,0,0,0,0
0,0,0,0,0,0,0,0,0,0,0,0,0,0,0,0.8296948,1,0.9326401,0.9413164,0.9483246,0.9119257,0.7940292,0.7261168,0.7015236,0,0,0,0,0,0,0,0,0,0,0,0,0,0,0,0,0,0,0,0,0,0,0.6580845,0.62502,0.9516498,1,0.8656126,0.817741,0.7870876,0.7160817,0.6219024,0,0,0,0,0,0,0,0,0,0,0
0,0,0,0,0,0,0,0,0,0,0,0.7474772,0.8304441,0.8893142,0.9207628,0.9429995,0.9998481,1,0.8118059,0,0,0,0,0,0,0,0,0,0,0,0,0,0,0,0,0,0,0,0,0,0,0,0.6720555,0.719622,0.7879265,0.813241,0.8458855,0.8565533,0.941574,1,0.9006712,0.6747742,0,0,0,0,0,0,0,0,0,0,0,0,0,0
0,0,0,0,0,0,0,0.7562078,0.8433197,0.9154094,0.9420604,0.933324,0.8475884,0.8614396,0.8779025,0.9038746,0.9979157,1,0.8101063,0.7117,0,0,0,0,0,0,0,0,0,0,0,0,0,0,0,0,0.6681246,0.7019528,0.7984791,0.8427117,0.8470637,0.8083243,0.6865208,0.7169169,0.7747486,0.729277,0,0.7048417,0.9420159,1,0.8915373,0,0,0,0,0,0,0,0,0,0,0,0,0,0,0
0,0,0,0,0,0,0.8162715,0.8933971,0.907092,0.9002532,0.8834313,0.8070107,0.7847316,0.7567304,0.7507602,0.865937,1,0.9746513,0.7383515,0,0,0,0,0,0,0,0,0,0,0,0,0,0,0,0.6890244,0.7780609,0.8530872,0.8968333,0.8916261,0.8505172,0.8050701,0.766367,0.6743985,0,0.6956686,0,0,0.7257166,0.9478845,1,0.9005283,0,0,0,0,0,0,0,0,0,0,0,0,0,0,0
0.6615952,0.724589,0.8249528,0.8948168,0.8318912,0.7073711,0.6649446,0.6519025,0.6535277,0.7117237,0.7436751,0.7132531,0.6704682,0,0,0.7736562,1,0.9721496,0.6668363,0,0,0,0,0,0,0,0,0,0,0,0,0,0,0.6991479,0.7079335,0.7134441,0.5903641,0.6732187,0.6969137,0.6755797,0.673067,0.664111,0.6200717,0.6245693,0.6670853,0.6773338,0.5857372,0.6349032,0.934213,1,0.8825142,0,0,0,0,0,0,0,0,0,0,0,0,0,0,0
0,0,0.6622801,0.761728,0.7827905,0.6630826,0.7712923,0.8043005,0.7522812,0,0.713721,0.7331427,0.6608865,0,0.6249968,0.8673699,1,0.9677886,0.6894003,0,0,0,0,0,0,0,0,0,0,0,0,0,0,0,0.6681736,0.7141529,0.7278469,0.7515894,0.736626,0.7323241,0.7271206,0.7107781,0.6439977,0.6421014,0.5804027,0.5772831,0,0,0.9310603,1,0.8766077,0,0,0,0,0,0,0,0,0,0,0,0,0,0,0
0,0,0,0,0,0,0,0.6917251,0.7433277,0.7885095,0.8240212,0.8358424,0.8241912,0.8321472,0.8421992,0.8593978,1,0.973144,0.7440785,0,0,0,0,0,0,0,0,0,0,0,0,0,0,0,0,0,0,0,0,0,0,0.664093,0.7047473,0.7367039,0.7514027,0.7570805,0.7513477,0.7178929,0.9388542,1,0.8886501,0,0,0,0,0,0,0,0,0,0,0,0,0,0,0
0,0,0,0,0,0,0,0,0,0,0,0,0,0.6618414,0.6622776,0.7281698,1,0.9914044,0.8476647,0.8482788,0.8361388,0.7973928,0.7486344,0.6902586,0.6482168,0.604152,0.6036106,0,0,0,0,0,0,0,0,0,0,0,0,0,0,0,0,0,0,0,0,0,0.9410998,1,0.8578779,0.6978675,0.6774761,0.6689813,0.6297294,0.6829995,0.6816332,0.65921,0.6273552,0.5969707,0,0,0,0,0,0
0,0,0,0,0,0,0,0,0,0,0,0.6001605,0.6057577,0,0.7214676,0.857181,1,0.9773682,0.7313357,0.8235639,0.7570127,0.8291168,0.808284,0.70491,0.8009075,0.7671812,0.6273913,0,0,0,0,0,0,0,0,0,0,0,0,0,0,0,0,0,0,0,0,0,0.928854,1,0.8803557,0.6275411,0,0.6030921,0,0,0.6587364,0.6424515,0.6198515,0.6948318,0.6539195,0.6916538,0.6162984,0.5477112,0.5575995,0
0,0,0,0,0,0,0,0,0,0,0,0,0.6660121,0.6750491,0.7503813,0.8515887,1,0.9961846,0.7149625,0.7723625,0.8225988,0.8135543,0.7811018,0,0,0.6808946,0,0,0,0,0,0,0,0,0,0,0,0,0,0,0,0,0,0,0,0,0,0.7185645,0.9501916,1,0.8910941,0.6271058,0.6456349,0.7019438,0.61244,0.7176105,0.727662,0.6235706,0.7661859,0.7740584,0.7289386,0.5989535,0,0,0,0
0,0,0,0,0,0,0,0,0.6854492,0.7287021,0.7542998,0.7932128,0.7949479,0.7541734,0,0.781338,1,0.9943702,0.8123715,0,0,0.7097877,0.7028233,0,0,0,0,0,0,0,0,0,0,0,0,0,0,0,0,0,0,0.6025362,0.601256,0,0.638054,0.6432766,0.6519723,0.7282678,0.9516512,1,0.8822202,0.7079467,0.724086,0,0.6971362,0.7369393,0.7216611,0.7065362,0.6505629,0,0,0,0,0,0,0
0,0,0,0,0,0,0,0,0,0,0,0.6861145,0.7359262,0.7843029,0.7944604,0.859324,1,0.9755434,0.7516934,0,0,0,0,0,0,0,0,0,0,0,0,0,0,0,0,0,0,0,0,0,0,0,0,0,0,0,0,0.7429069,0.9371126,1,0.9089751,0.7348608,0.7058994,0,0,0,0,0,0,0,0,0,0,0,0,0
0,0,0,0,0,0,0,0,0,0,0,0,0,0,0.7155006,0.7210282,1,0.9835241,0.7484367,0.7145296,0.6527762,0,0,0,0,0,0,0,0,0,0,0,0,0,0,0,0,0,0,0,0,0,0,0,0,0,0,0,0.9412653,1,0.88125,0.7190983,0.6698446,0.6430231,0.6068522,0,0,0,0,0,0,0,0,0,0,0
0,0,0,0,0,0,0,0,0,0,0,0,0,0,0,0.8677506,1,0.9907808,0,0,0,0,0,0,0,0,0,0,0,0,0,0,0,0,0,0,0,0,0,0,0,0,0,0,0,0,0,0,0.9555501,1,0.9159837,0.8273053,0.8467543,0.8344495,0,0,0,0,0,0,0,0,0,0,0,0
0,0,0,0,0,0,0,0,0,0,0,0,0,0,0.5629072,0.8163115,1,0.9667394,0.7190143,0.6672845,0.6376176,0.7530848,0.7670117,0.7375954,0.7054955,0.7310055,0.7279851,0.7900347,0.7568667,0.6385385,0,0,0,0,0,0,0,0,0,0,0,0,0,0,0,0.5162105,0.5056887,0.5097294,0.9412641,1,0.8850942,0.7117085,0.5776463,0.7409462,0.808244,0.769484,0.6408162,0.6343113,0.5688992,0,0,0,0,0,0,0
0,0,0,0,0,0,0,0,0,0,0,0,0,0,0,0.8286491,1,0.9881523,0.8095347,0.6834437,0.7302492,0.7517745,0.8178549,0.8619488,0.8742452,0.8468742,0.8099594,0.7479686,0,0,0,0,0,0,0,0,0,0,0,0,0,0,0,0,0.6170362,0.5842813,0,0.6284471,0.9349104,1,0.9047107,0.6579223,0.7644508,0,0.7519853,0.7012171,0.6009797,0.631798,0,0,0,0,0,0,0,0
0,0,0,0,0,0,0,0,0,0,0.7349209,0.711258,0.7125808,0,0,0.7508655,0.9940117,1,0.779989,0.8755759,0.8953832,0.7924246,0.7735032,0.862066,0.8286003,0.7034741,0,0,0,0,0,0,0,0,0,0,0,0,0,0,0,0,0.6914467,0.7434804,0.7933179,0.8318167,0.8217464,0.7786305,0.9413092,1,0.9085439,0.7898296,0.6924338,0.6825185,0,0,0,0,0,0,0,0,0,0,0,0
0,0,0,0,0,0,0,0,0,0,0.6807147,0.7072663,0.8023549,0.8692394,0.885513,0.8283561,1,0.9945901,0.8591567,0.9067502,0.8479982,0.7564315,0.7267957,0,0,0,0,0,0,0,0,0,0,0,0,0,0,0,0,0,0,0.7362925,0.7884824,0.8118491,0.8320656,0.7384944,0.7736253,0.7635942,0.9409901,1,0.8852419,0,0,0,0,0,0,0,0,0,0,0,0,0,0,0
0,0,0,0,0,0,0,0,0,0,0,0.7414027,0.8505839,0.9005531,0.9275545,0.8281255,1,0.9766586,0.7363605,0,0.6887112,0,0,0,0,0,0,0,0,0,0,0,0,0,0,0,0,0,0,0,0,0,0.6472386,0.6913348,0.7984453,0.8156682,0.7812238,0.6854994,0.9415299,1,0.8997437,0,0,0,0,0,0,0,0,0,0,0,0,0,0,0
0,0,0,0,0,0,0,0,0,0,0,0.6778041,0.8339439,0.856609,0.7022916,0.7705513,1,0.978101,0.7459542,0,0,0,0,0,0,0,0,0,0,0,0,0,0,0,0,0,0,0,0,0,0,0,0,0.6160694,0.7898797,0.8382073,0.7988991,0.7584541,0.9412057,1,0.8719988,0,0,0,0,0,0,0,0,0,0,0,0,0,0,0
0,0,0,0,0,0,0,0,0,0,0,0,0,0.9077188,0.9479475,0.7889444,1,0.988793,0.7688212,0,0,0,0,0,0,0,0,0,0,0,0,0,0,0,0,0,0,0,0,0,0,0,0,0,0,0.6593652,0.7608147,0.8074342,0.9382223,1,0.9002971,0,0,0,0,0,0,0,0,0,0,0,0,0,0,0
0,0,0,0,0,0,0,0,0,0,0,0.6559515,0.7918476,0.867981,0.8884236,0.8225573,1,0.9862095,0.7593608,0.6444479,0,0,0,0,0,0,0,0,0,0,0,0,0,0,0,0,0,0,0,0,0,0,0,0,0,0,0,0.7587497,0.9573466,1,0.8840276,0.6987099,0.5906175,0,0,0,0,0,0,0,0,0,0,0,0,0
0,0,0,0,0,0,0,0,0,0.6263624,0.6498076,0.7088463,0.7936165,0.8794297,0.8682265,0.870586,1,0.9734393,0.6938559,0.6728486,0,0,0,0,0,0,0,0,0,0,0,0,0,0,0,0,0,0,0,0,0,0,0,0,0,0,0.7158089,0.8001134,0.9258866,1,0.8773103,0.6343612,0,0,0,0,0,0,0,0,0,0,0,0,0,0
0,0,0,0,0,0,0,0,0,0.7092924,0.770457,0.720863,0.7252708,0.760829,0.8169962,0.8775148,1,0.9816182,0.7522529,0,0,0,0,0,0,0,0,0,0,0,0,0,0,0,0,0,0,0,0,0,0,0,0,0,0.5912896,0.6911758,0.7527652,0.6804751,0.9535409,1,0.883709,0,0,0,0,0,0,0,0,0,0,0,0,0,0,0
0,0,0,0,0,0,0,0,0.7356967,0.8277755,0.7871406,0.7410216,0.7411924,0.7078235,0.6878583,0.8057341,1,0.9983602,0.7814744,0.6353099,0,0,0,0,0,0,0,0,0,0,0,0,0,0,0,0,0,0,0,0,0,0,0.6249514,0.5941595,0.635761,0.663273,0.7668121,0.7247986,0.9316009,1,0.8768456,0,0,0,0,0,0,0,0,0,0,0,0,0,0,0
