GestureName: p
Duration(ms): 987
Handedness: right

SpeakerAngles: 5
55
-55
0
0
110

SpeakerElevations: 5
-10
-10
-10
0
30

InterpretedPoints: 21
0,0,0
4.86860529362069,8.04427306097482,0.958110933998418
7.30290794043104,9.84143753309577,1.61081457866456
8.11670562178041,13.7894972392364,1.2425736903299
11.3506251554646,17.9436288320346,2.08987004566377
10.5368274741152,11.1101019218334,1.93716640099763
7.28163674871771,3.93610381793131,1.32635182233307
2.43430264681035,-16.2184384443464,5.51485261934019
-2.41303145509702,-32.1516915122905,5.36214897467405
-10.5510082685908,-25.1055618830664,-0.506091913660601
-9.72302979276584,-19.7498984423778,0.125667198004746
-7.28163674871771,-6.1955539037858,-0.631759111665348
0.849249667538249,9.98635482301081,1.43716640099763
3.26937151987305,14.6505578934261,0.568925512662975
8.95177449484311,34.1162140912872,-0.751334396009493
8.95886489208089,33.2551534370976,-0.0776862183425626
3.2835523143486,24.6764023486347,-0.514852619340189
-3.20555794473307,12.1040148130678,-1.10472266500396
0,0,0
0,0,0
0,0,0

StrokePoints: 22
0,0,0
0,0,0
4.86860529362069,8.04427306097482,0.958110933998418
12.1715132340517,17.8857105940706,2.56892551266297
20.2882188558321,31.675207833307,3.81149920299288
31.6388440112967,49.6188366653416,5.90136924865664
42.1756714854119,60.728938587175,7.83853564965427
49.4573082341296,64.6650424051063,9.16488747198734
51.89161088094,48.4466039607599,14.6797400913275
49.478579425843,16.2949124484694,20.0418890660016
38.9275711572522,-8.81064943459694,19.535797152341
29.2045413644864,-28.5605478769747,19.6614643503457
21.9229046157687,-34.7561017807605,19.0297052386804
22.7721542833069,-24.7697469577497,20.466871639678
26.04152580318,-10.1191890643236,21.035797152341
34.9933002980231,23.9970250269636,20.2844627563315
43.952165190104,57.2521784640612,20.2067765379889
47.2357175044526,81.9285808126959,19.6919239186487
44.0301595597195,94.0325956257636,18.5872012536448
44.0301595597195,94.0325956257636,18.5872012536448
44.0301595597195,94.0325956257636,18.5872012536448
44.0301595597195,94.0325956257636,18.5872012536448

Velocities: 21
0,0,0
3,1,2
3,0,5
5,2,6
6,0,5
5,-1,5
2,-4,3
-9,-10,-7
-10,-6,-12
-9,-5,-9
-8,-2,-8
-4,2,-3
0,5,4
3,5,6
12,12,12
11,12,12
7,11,8
1,8,6
0,0,0
0,0,0
0,0,0

InverseVelocities: 21
0,0,0
0,0,0
0,0,0
0,0,0
0,0,-1
-2,0,-1
-7,0,-7
0,0,0
0,0,0
0,0,0
0,0,0
0,0,1
0,0,0
0,0,0
0,0,0
0,0,0
0,-3,-4
0,-3,-3
0,0,0
0,0,0
0,0,0

RawData: 21
0,0,0,0,0,0,0,0,0,0,0,0,0,0,0,0.9434878,1,0,0,0,0,0,0,0,0,0,0,0,0,0,0,0,0,0,0,0,0,0,0,0,0,0,0,0,0,0,0,0,0,0.997444,1,0,0,0,0,0,0,0,0,0,0,0,0,0,0,0,0,0,0,0,0,0,0,0,0,0,0,0,0,0,0,0.9342855,1,0.8819746,0,0,0,0,0,0,0,0,0,0,0,0,0,0,0,0,0,0,0,0,0,0,0,0,0,0,0,0,0,0,0,1,0.9626676,0,0,0,0,0,0,0,0,0,0,0,0,0,0,0,0,0,0,0,0,0,0,0,0,0,0,0,0,0,0,0,0,0,0,0,0,0,0,0,0,0,0,0,0,0,0,0,0
0,0,0,0,0,0,0,0,0,0,0,0,0,0,0.6087741,0.9247611,1,0.867574,0.7729712,0.6752018,0.6246774,0.6393803,0.6136861,0,0,0,0,0,0,0,0,0,0,0,0,0,0,0,0,0,0,0,0,0,0,0,0,0,0.8183839,1,0.9742438,0.8454905,0.7195213,0.6385412,0,0,0,0,0,0,0,0,0,0,0,0,0,0,0,0,0,0,0,0,0,0,0,0,0,0,0,0.949753,1,0.8538914,0.7260516,0.6792665,0.7479349,0.7361104,0,0,0,0,0,0,0,0,0,0,0,0,0,0,0,0,0,0,0,0,0,0,0,0,0,0,0.8607204,1,0.9653957,0.7507668,0.7797807,0.7540883,0.7502524,0.6321332,0.6432033,0.6004201,0,0,0,0,0,0,0,0,0,0,0,0,0,0,0,0,0,0,0,0,0,0,0,0.7708161,0.9750332,1,0.8918757,0.8940474,0.9725583,0.8834074,0.7250145,0.724941,0,0,0,0,0,0,0,0,0
0,0,0,0,0,0,0,0,0,0,0,0,0,0,0,0.9174457,1,0.8900376,0.7489063,0.7792256,0.7588518,0,0.6315622,0,0,0,0,0,0,0,0,0,0,0,0,0,0,0,0,0,0,0,0,0,0,0,0,0,0.825622,1,0.9950307,0.7228929,0.7558747,0,0,0,0,0,0,0,0,0,0,0,0,0,0,0,0,0,0,0,0,0,0,0,0,0,0,0,0.7072761,0.9450164,1,0.8850667,0.7016231,0.7944503,0.7386041,0.7667223,0.7124599,0.6400688,0.6380597,0,0,0,0,0,0,0,0,0,0,0,0,0,0,0,0,0,0,0,0,0,0,0,0.8668355,1,0.9612666,0.7666436,0.8033788,0.8314017,0.720664,0.7117183,0.6173732,0.6506176,0,0,0,0,0,0,0,0,0,0,0,0,0,0,0,0,0,0,0,0,0,0,0,0.7494478,0.9899186,1,0.8088849,0.8207555,0.8935024,0.914427,0.7997028,0.7187399,0.7068613,0.7395344,0,0,0,0,0,0,0
0,0,0,0,0,0,0,0,0,0,0,0,0,0,0,0.8986636,1,0.9151922,0.7405948,0.7274197,0.7591181,0.6733731,0.7572132,0.6881089,0.6524923,0,0,0,0,0,0,0,0,0,0,0,0,0,0,0,0,0,0,0,0,0,0,0,0,0.9946404,1,0.7492047,0.6912692,0.7122263,0.7176785,0,0,0,0,0,0,0,0,0,0,0,0,0,0,0,0,0,0,0,0,0,0,0,0,0.5913324,0.6257722,0.9251032,1,0.8962379,0.6023878,0.6353024,0.6794529,0.7381317,0.7235755,0.7073566,0.5837483,0.5798507,0,0,0,0,0,0,0,0,0,0,0,0,0,0,0,0,0,0,0,0,0,0,0.8401036,1,0.9701012,0.6914206,0.7144567,0,0.7296757,0.7194047,0.6705924,0.7191191,0.6412655,0,0,0,0,0,0,0,0,0,0,0,0,0,0,0,0,0,0.6955925,0.7354341,0.705529,0.7486196,0.6932942,0.8248358,0.9795974,1,0.8616505,0,0,0.6850522,0,0.7422939,0.7966827,0.6928796,0.6716528,0,0,0,0,0,0
0,0,0,0,0,0,0,0,0,0,0,0,0,0,0,0.8950702,1,0.9198393,0.7097993,0.6805655,0.7338188,0.6751913,0.7569408,0.8085306,0.7968008,0.6963632,0,0,0,0,0,0,0,0,0,0,0,0,0,0,0,0,0,0,0,0,0,0,0.7585462,1,0.9911548,0.7372671,0,0,0,0,0,0,0,0,0,0,0,0,0,0,0,0,0,0,0,0,0,0,0,0,0,0,0.6293632,0.6759034,0.6180193,0.929935,1,0.8921585,0.6379744,0.6567661,0,0,0,0.6687262,0.6886969,0,0,0,0,0,0,0,0,0,0,0.6419313,0.6231175,0.6585923,0.6603209,0.6497744,0.631772,0,0,0,0.6740688,0.6863392,0.7002106,0.693094,0.8278086,1,0.9810354,0.8026788,0.7701523,0.7039728,0,0.628417,0,0.7421414,0.7581712,0.7014757,0.6635947,0.6843604,0.6844285,0.6858801,0.6813983,0,0.7338165,0.7397352,0.7203328,0.7229913,0.7308796,0.7053814,0.7004585,0.7023163,0.7029875,0.7090517,0.7888037,0.7480179,0.7132115,0.7225602,0.7643158,0.8118095,0.9400653,1,0.8797677,0,0.7111922,0.7297898,0.7302423,0.7207618,0,0.8287857,0.812628,0.708953,0,0,0,0,0
0,0,0,0,0,0,0,0,0,0,0,0.6845064,0.7101044,0.6663978,0.6861315,0.9145598,1,0.9165084,0.7133347,0,0.7079573,0.6891929,0.678727,0.7411104,0.7252271,0,0,0,0,0,0,0,0,0,0,0,0,0,0,0,0,0,0,0,0,0.7178099,0.7755785,0.804769,0.8475351,1,0.9817644,0.7512536,0,0,0,0,0,0,0,0,0,0,0,0,0,0,0,0,0,0,0,0,0,0,0,0,0,0,0.6909384,0.7343578,0,0.9382465,1,0.914777,0.6804359,0.6392365,0.6536905,0.6479807,0.6770837,0.6851351,0.7006409,0,0,0,0,0,0,0,0,0,0,0,0,0,0,0.6522787,0,0,0,0,0,0.6782612,0,0.6471406,0.7982377,1,0.9780824,0,0.7420933,0,0,0,0.6904277,0.767591,0.691608,0,0,0,0,0,0,0,0,0,0,0,0,0,0,0,0,0,0,0.7172474,0.7458355,0,0.7009066,0.7577279,0.9222935,1,0.8573562,0.7344114,0,0,0,0.7326782,0.7558303,0.7831329,0.7090787,0,0,0,0,0,0
0,0,0,0,0,0,0.6571119,0.6724121,0,0.6582834,0.6817845,0.7681705,0.7714016,0.7452934,0.6991816,0.8847127,1,0.9225613,0.6942528,0,0.6103866,0.6416094,0,0,0,0,0,0,0,0,0,0,0,0,0,0,0,0,0,0,0,0,0.6016083,0.7365303,0.6886799,0.7051025,0.7224862,0.7749096,0.8478095,1,0.980362,0.7293407,0,0,0,0,0,0,0,0,0,0,0,0,0,0,0,0,0,0,0,0,0.6509991,0.6427314,0.726722,0.6725271,0.6637158,0.7286206,0.8394088,0.8536156,0.829774,0.8986346,1,0.8811226,0.7311931,0.667751,0.6336161,0,0.6036155,0,0,0,0,0,0,0,0,0,0,0,0,0,0,0.5812324,0.620158,0.645723,0.6841831,0.5879741,0.7228016,0.730105,0.754344,0.6753635,0.7500218,0.7602104,0.834913,1,0.9786658,0.7341048,0.7257027,0.6389784,0.593484,0.6061265,0,0,0,0,0,0,0,0,0,0,0,0,0,0,0.6490763,0.6287593,0.636244,0,0.7207341,0.7669016,0.8227941,0.8239846,0.7817532,0.707285,0.756218,0.7086173,0.9591832,1,0.8868573,0.7396321,0.6509578,0.6386121,0.6212081,0,0,0,0,0,0,0,0,0,0
0,0,0,0,0.6634988,0.7295213,0.7801465,0.7327863,0,0.7916706,0.7961684,0.6529294,0.7861804,0.7901288,0.7317759,0.9259754,1,0.9128526,0,0,0,0,0,0,0,0,0,0,0,0,0,0,0,0,0,0,0.7107562,0.7201975,0.6656733,0,0.6965107,0.7971342,0.8261064,0.7606959,0,0.7345452,0.7384255,0.8038299,0.7636485,0.9975603,1,0.8141409,0,0,0,0,0,0,0,0,0,0,0,0,0,0,0,0,0,0,0,0,0.7653783,0.8213695,0.818839,0.7475491,0.694094,0.8020296,0.8116959,0.7237245,0.7836532,0.948333,1,0.8987884,0.6695683,0.6682441,0,0,0,0,0,0,0,0,0,0,0,0,0,0,0,0.6782269,0.6673295,0.6427876,0.7670975,0.8046601,0.7982767,0.8426832,0.8479663,0.7666695,0.7931613,0.7933588,0.7632338,0.8028896,0.8710479,1,0.9676525,0.6940167,0,0,0.638892,0,0,0,0,0,0,0,0,0,0,0,0,0,0,0,0.6662995,0.6921112,0.7546417,0.7277672,0.7904676,0.7718778,0.7755672,0.8244888,0.8070597,0.8266884,0.8500286,0.8654466,0.9151403,1,0.8912271,0.6917256,0,0.6712914,0,0,0,0,0,0,0,0,0,0,0
0,0,0,0.6550611,0.7393354,0.7248793,0.765604,0.8386948,0.7125607,0.7658633,0.7188065,0.6218719,0.708802,0,0.6777506,0.9042374,1,0.9157467,0,0,0,0,0,0,0,0,0,0,0,0,0,0,0,0,0,0,0,0,0,0,0.7444832,0.7621263,0.840039,0.8435264,0.7038359,0.7734025,0.7638624,0.6725476,0.8159166,1,0.9947727,0.8023897,0.6758782,0,0,0,0,0,0,0,0,0,0,0,0,0,0,0.6064802,0.6566935,0.7364495,0.6902188,0.7708639,0.773529,0.6860529,0.7187574,0.7253991,0.8151212,0.7736726,0.7165914,0.6836786,0.7239004,0.9298484,1,0.9051747,0.6474314,0,0,0,0,0,0,0,0,0,0,0,0,0,0,0,0,0.6436418,0.655702,0.7236128,0.6554903,0.8565508,0.8463143,0.7872918,0.8170581,0.8480284,0.7776121,0.6600335,0.6504719,0.7002518,0.8247768,1,0.974185,0.7188865,0,0,0,0,0,0,0,0,0,0,0,0,0,0,0,0,0,0,0.6533608,0.7431315,0.793967,0.7654257,0.7594724,0.8805014,0.8676693,0.6535447,0.7092923,0.7431065,0.6742324,0.6442555,0.9401482,1,0.8838848,0.7418855,0.6781692,0,0,0,0,0,0,0,0,0,0,0,0
0,0,0,0,0.7738311,0.8702511,0.8712255,0.8079985,0.8579568,0,0,0.7440401,0.8193432,0.8555459,0.7952641,0.8964649,1,0.9189469,0,0,0,0,0,0,0,0,0,0,0,0,0,0,0,0,0,0,0,0,0,0,0,0.7152178,0.7848385,0.7550601,0.82621,0.8775172,0.8589565,0.7457759,0.8079616,1,0.9970614,0.8249557,0,0,0,0,0,0,0,0,0,0,0,0,0,0,0,0,0,0,0.7846743,0.8251548,0.7827814,0.7222475,0.7152557,0.7703393,0.6971576,0.8581252,0.8902694,0.8449509,0.6870966,0.9251789,1,0.9058096,0,0,0,0,0,0,0,0,0,0,0,0,0,0,0,0,0,0.688591,0.7396176,0.7105661,0.8285309,0.8289831,0.7675771,0.7341436,0.8102863,0,0.8174172,0.8937634,0.9004852,0.787682,0.8636834,1,0.9757596,0.7339678,0,0,0,0,0,0,0,0,0,0,0,0,0,0,0,0,0,0,0.7157933,0.7558671,0.7891554,0.7144304,0.7471775,0.8173729,0.7944449,0.799459,0.7696941,0.8224766,0.7545345,0.8077258,0.9620457,1,0.8603379,0,0,0,0,0,0,0,0,0,0,0,0,0,0
0,0,0,0,0,0.7162619,0.8057688,0.8068832,0.7340694,0.8555836,0.880631,0.8490556,0.7674094,0.8387179,0.8845779,0.8562215,1,0.9269026,0,0,0,0,0,0,0,0,0,0,0,0,0,0,0,0,0,0,0,0,0,0,0,0,0,0,0.715427,0.8016493,0.8406324,0.8126718,0.8475379,1,0.9835624,0.752596,0,0,0,0,0,0,0,0,0,0,0,0,0,0,0,0,0,0,0,0.6907613,0.7275191,0.6838899,0,0.7608439,0.8547046,0.8018394,0.8629797,0.8316541,0.8123167,0.9345565,1,0.8906446,0,0,0,0,0,0,0,0,0,0,0,0,0,0,0,0,0,0,0,0,0.7460638,0.7803227,0.8139604,0.790264,0.7966708,0.8679774,0.8669056,0.7777023,0.9131526,0.8703634,0.8551653,1,0.9757578,0.7449622,0,0,0,0,0,0,0,0,0,0,0,0,0,0,0,0,0,0,0,0,0,0.730649,0.7201903,0.7201486,0.8628662,0.8933775,0.7879933,0.8820284,0.9223163,0.8517882,0.9255222,1,0.9083616,0,0,0,0,0,0,0,0,0,0,0,0,0,0
0,0,0,0,0,0,0,0,0,0.6118202,0.6536737,0.7454097,0.8220888,0.8650131,0.8628493,0.883406,1,0.9220624,0.6119133,0,0,0,0,0,0,0,0,0,0,0,0,0,0,0,0,0,0,0,0,0,0,0,0,0,0,0,0,0.6559664,0.7438133,0.9845712,1,0.8871522,0.8416113,0.7285432,0.6530339,0,0,0,0,0,0,0,0,0,0,0,0,0,0,0,0,0,0,0,0,0,0.6912844,0.7709224,0.7916613,0.7541077,0.7682598,0.9408742,1,0.9196118,0.7676181,0.6663103,0.588541,0,0,0,0,0,0,0,0,0,0,0,0,0,0,0,0,0,0,0,0,0,0,0.7181438,0.7758811,0.7973157,0.7981014,0.7872112,0.7565064,1,0.9940576,0.8313671,0.7638699,0.659395,0,0,0,0,0,0,0,0,0,0,0,0,0,0,0,0,0,0,0,0,0,0,0.6854932,0.7648759,0.8321903,0.8407829,0.8127362,0.9251493,1,0.9810122,0.8590546,0.8560147,0.7665573,0,0,0,0,0,0,0,0,0,0,0,0
0,0,0,0,0,0,0,0,0,0,0,0,0,0,0.7615214,0.9512109,1,0.8997315,0.8156524,0.7160489,0,0,0,0,0,0,0,0,0,0,0,0,0,0,0,0,0,0,0,0,0,0,0,0,0,0,0,0,0.8404009,1,0.9701847,0.7383342,0.8822292,0.892399,0.909625,0.8930823,0.8497329,0.7976654,0,0,0,0,0,0,0,0,0,0,0,0,0,0,0,0,0,0,0,0,0,0,0.6919726,0.9499138,1,0.9140921,0.7956618,0.7986692,0.8272223,0.8496581,0.8227682,0.7459904,0,0,0,0,0,0,0,0,0,0,0,0,0,0,0,0,0,0,0,0,0,0,0,0.7649891,0.9203327,1,0.9549063,0.8962362,0.9109604,0.8410048,0.800629,0.8225869,0.7768583,0.6920876,0,0,0,0,0,0,0,0,0,0,0,0,0,0,0,0,0,0,0,0,0,0,0,0.8166705,0.9489335,1,0.8671097,0.8448788,0.8589697,0.8925441,0.9353713,0.9183052,0.8772221,0.8047398,0,0,0,0,0,0,0
0,0,0,0,0,0,0,0,0,0,0,0,0,0,0,0.9466471,1,0.9181467,0,0,0,0.8627244,0.8716728,0,0,0,0,0,0,0,0,0,0,0,0,0,0,0,0,0,0,0,0,0,0,0,0,0,0.8876854,1,0.9820675,0,0,0,0,0.9037076,0.9427289,0.8901888,0,0,0,0,0,0,0,0,0,0,0,0,0,0,0,0,0,0,0,0,0,0,0,0.9670782,1,0.8929077,0,0.8377743,0.8786064,0.9166794,0.862093,0.8635434,0.8551388,0.8350419,0,0,0,0,0,0,0,0,0,0,0,0,0,0,0,0,0,0,0,0,0,0,0.9058076,1,0.9445127,0.907113,0.8779678,0.9058822,0.9566926,0.9529192,0.8976473,0.8776796,0.8506455,0,0,0,0,0,0,0,0,0,0,0,0,0,0,0,0,0,0,0,0,0,0,0,0.9822707,1,0.9194749,0.8938867,0,0.9032579,0.9489521,0,0.9202791,0.9001855,0,0,0,0,0,0,0
0,0,0,0,0,0,0,0,0,0,0,0,0,0,0.6830633,0.9091665,1,0.8879922,0.7531877,0.6973606,0.7289649,0.7810757,0.8465055,0.7393991,0.7636355,0.7692897,0.7105656,0.7011759,0.7185233,0,0.6764477,0.703958,0.6666569,0,0,0,0,0,0,0,0,0,0,0,0,0,0,0,0.8340026,1,0.9639577,0.6976866,0.7567756,0.8027871,0.7262723,0.7402253,0.7937574,0.8412269,0.7138674,0.7967417,0.8291661,0.8616438,0.8572055,0.7379966,0.7306303,0.7104682,0,0,0,0,0,0,0,0,0,0,0,0,0,0,0.6746891,0.9528171,1,0.8924055,0.8257949,0.8504485,0.8327826,0.8239571,0.8245566,0.7659069,0.7925839,0.8124871,0.7429166,0.7063392,0.6360344,0,0.6785808,0.7166299,0.6437278,0,0,0,0,0,0,0,0,0,0,0,0,0,0,0,0.86772,1,0.9543926,0.8280584,0.8434992,0.8577036,0.7664813,0.8226001,0.8450484,0.7730598,0.7630194,0.7563546,0.6403349,0.6673561,0.7110065,0,0.7364869,0.7201017,0.677191,0,0,0,0,0,0,0,0,0,0,0,0,0,0,0.7494011,0.9751045,1,0.8356678,0.7410455,0.7288743,0.7936153,0.8207844,0.8388379,0.7248924,0.7230522,0.7671091,0.8152003,0.8425563,0.7414957,0.7529547,0,0.7978433
0,0,0,0,0,0,0,0,0,0,0,0,0,0,0.7284938,0.9319338,1,0.8596819,0.7858647,0.7155641,0.7286909,0.7352058,0.7847923,0.7663109,0.7910106,0.8015842,0.6881691,0,0,0.6971605,0.664183,0,0,0,0,0,0,0,0,0,0,0,0,0,0,0,0,0,0.860446,1,0.965386,0.8101571,0.732298,0.6785339,0.7306223,0.8390131,0.7983531,0,0.705284,0.7471659,0.755196,0.8089443,0.8209682,0,0.6939972,0,0,0,0,0,0,0,0,0,0,0,0,0,0,0,0.6741251,0.9416246,1,0.8597534,0.858484,0.8860503,0.8014666,0.7011324,0.7419523,0.7286634,0.7279266,0.6323228,0.6992409,0.7497853,0.7227065,0.643992,0.6248952,0.6620995,0.6912076,0,0,0,0,0,0,0,0,0,0,0,0,0,0,0.7122772,0.891865,1,0.9383512,0.7932082,0.7606797,0.7174313,0.8059047,0.7460563,0,0,0,0.6515571,0,0,0.6741927,0.716995,0.7139971,0,0,0,0,0,0,0,0,0,0,0,0,0,0,0.7121931,0.7262438,0.6724313,0.9527319,1,0.8871247,0.7940964,0.8788762,0.8968634,0.8154286,0.7705787,0.6681014,0,0,0,0.7668856,0.7895139,0.7697816,0.6827959,0
0,0,0,0,0,0,0,0,0,0,0,0,0,0.6633555,0.6758361,0.9365974,1,0.8817453,0.7754305,0.7321745,0.6535394,0.6847235,0.7142653,0.6706803,0,0.6885098,0.648575,0,0,0,0,0,0,0,0,0,0,0,0,0,0,0,0,0.6762639,0.7104698,0.7470915,0.6763735,0.69895,0.7484612,1,0.9948404,0.8137428,0.754619,0.7671669,0,0.7978883,0.7626619,0,0.735221,0.7403432,0.6667407,0,0.7201506,0.7183823,0,0,0,0,0,0,0,0,0,0,0,0.6172355,0.6962261,0.7146466,0.7583714,0.763312,0.6907888,0.9496692,1,0.8784335,0.6358595,0.6145269,0.6146142,0.6821201,0,0,0,0.672805,0.706012,0.6829737,0,0,0,0,0,0,0,0,0,0,0,0,0,0,0,0.6502782,0.6586474,0.7175422,0.7650975,0.7805037,0.8966367,1,0.9426484,0.6897017,0.6872207,0.6349939,0.7009961,0.6205777,0.6744397,0,0,0.6207497,0.6651695,0.6361766,0,0,0,0,0,0,0,0,0,0,0,0,0,0,0.6884065,0.7421257,0.7663868,0.7171096,0.6544992,0.7986069,0.9626213,1,0.8883638,0.7142376,0.8031368,0.7926143,0.7071038,0,0.6936274,0.7196885,0.7194151,0.7034751,0,0,0,0,0
0,0,0,0,0,0,0,0,0,0,0,0,0,0,0,0.9076847,1,0.8848159,0,0.6386201,0.6498426,0,0,0,0,0,0,0,0,0,0,0,0,0,0,0,0,0,0,0,0,0,0,0.6505144,0,0,0,0.6458182,0.7420098,0.9857972,1,0.8106648,0,0,0,0,0,0.6658698,0.6453282,0,0.6434136,0,0,0,0,0,0,0,0,0,0,0,0,0,0,0,0.6497388,0,0.6605076,0,0.6369669,0.9540225,1,0.8072718,0.6742289,0,0,0.6338681,0,0,0,0.6178614,0,0,0,0,0,0,0,0,0,0,0,0,0,0,0,0,0,0.6631439,0.6655044,0.6663252,0,0.6589626,0.8236418,1,0.9572744,0.6384344,0,0,0.6229032,0,0,0,0,0,0,0,0,0,0,0,0,0,0,0,0,0,0,0,0,0,0,0.707882,0.7765225,0.7554461,0,0.7368373,0.9279168,1,0.8284233,0,0.7647282,0.7719652,0.7185249,0,0,0,0,0,0,0,0,0,0
0,0,0,0,0,0,0,0,0,0,0,0,0,0,0,0.9186522,1,0.8349246,0,0,0,0,0,0,0,0,0,0,0,0,0,0,0,0,0,0,0,0,0,0,0,0,0,0,0,0,0,0,0.7988838,1,0.9376505,0,0,0,0,0,0,0,0,0,0,0,0,0,0,0,0,0,0,0,0,0,0,0,0,0,0,0,0,0,0,0.939128,1,0.8483014,0,0,0,0,0,0,0,0,0,0,0,0,0,0,0,0,0,0,0,0,0,0,0,0,0,0,0,0,0,0,0.8566304,1,0.9400858,0,0,0,0,0,0,0,0,0,0,0,0,0,0,0,0,0,0,0,0,0,0,0,0,0,0,0,0,0,0,0.9814988,0.9723412,1,0,0,0,0,0,0,0,0,0,0,0,0,0,0,0
0,0,0,0,0,0,0,0,0,0,0,0,0,0,0,0.8895323,1,0.9063629,0,0,0,0,0,0,0,0,0,0,0,0,0,0,0,0,0,0,0,0,0,0,0,0,0,0,0,0,0,0,0.8500454,1,0.9886582,0.8118131,0,0,0,0,0,0,0,0,0,0,0,0,0,0,0,0,0,0,0,0,0,0,0,0,0,0,0,0,0.7296372,0.9553487,1,0.8640136,0,0,0,0,0,0,0,0,0,0,0,0,0,0,0,0,0,0,0,0,0,0,0,0,0,0,0,0,0,0,0.8813313,1,0.9355214,0,0,0,0,0,0,0,0,0,0,0,0,0,0,0,0,0,0,0,0,0,0,0,0,0,0,0,0,0,0,0.8098419,0.9619399,1,0.9229598,0,0,0,0,0,0,0,0,0,0,0,0,0,0
0,0,0,0,0,0,0,0,0,0,0,0,0,0,0.6661731,0.9430366,1,0.8962473,0,0,0,0,0,0,0,0,0,0,0,0,0,0,0,0,0,0,0,0,0,0,0,0,0,0,0,0,0,0,0.8186548,1,0.9920183,0.8577028,0,0,0,0,0,0,0,0,0,0,0,0,0,0,0,0,0,0,0,0,0,0,0,0,0,0,0,0,0.7189443,0.954044,1,0.8812181,0.6383591,0,0,0,0,0,0,0,0,0,0,0,0,0,0,0,0,0,0,0,0,0,0,0,0,0,0,0,0,0,0.879345,1,0.9395902,0.715916,0,0,0,0,0,0,0,0,0,0,0,0,0,0,0,0,0,0,0,0,0,0,0,0,0,0,0,0,0,0.8248222,0.9945062,1,0.8026301,0.7535694,0,0,0,0,0,0,0,0,0,0,0,0,0
