GestureName: s
Duration(ms): 940
Handedness: right

SpeakerAngles: 5
55
-55
0
0
110

SpeakerElevations: 5
-10
-10
-10
0
30

InterpretedPoints: 20
-1.62050496546097,-1.13893934581035,-0.67364817766693
0,0,0
0.813797681349374,-0.296198132726024,0.5
-2.41303145509702,-10.4948792306294,1.88918542133544
-9.72302979276584,-15.5056406035111,-0.742573690329905
-12.9782205181633,-14.3056558256192,-2.56892551266297
-7.29581754319326,-15.8018387362371,-0.242573690329905
-0.778345695160498,-8.83380335433159,3.04188906600158
2.46975463299922,11.6441943405301,0.721629157329114
6.50329105355721,24.2628206699821,-0.667556264006328
9.74430098447916,21.5558916085906,0.853388268994462
8.92341290589201,22.728342642494,-0.146611731005537
12.95694932645,14.5148549063942,1.7635182233307
12.1218804533873,11.035444366883,0.631759111665348
9.72302979276584,8.32215175259552,2.30540728933228
4.07607880398464,7.29138164982868,1.2635182233307
-3.19846754749529,-0.864573457098434,2
-4.00517483160689,-3.84899560131938,2.86824088833465
-4.03353642055799,-3.82431260731812,0.868240888334652
-1.6134145682232,-2.12972504292725,0.347296355333861

StrokePoints: 21
0,0,0
-1.62050496546097,-1.13893934581035,-0.67364817766693
-1.62050496546097,-1.13893934581035,-0.67364817766693
-0.806707284111599,-1.43513747853638,-0.17364817766693
-3.21973873920862,-11.9300167091657,1.71553724366851
-12.9427685319745,-27.4356573126768,0.972963553338607
-25.9209890501378,-41.741313138296,-1.59596195932437
-33.2168065933311,-57.543151874533,-1.83853564965427
-33.9951522884915,-66.3769552288646,1.20335341634731
-31.5253976554923,-54.7327608883345,1.92498257367642
-25.0221066019351,-30.4699402183524,1.2574263096701
-15.277805617456,-8.91404860976185,2.11081457866456
-6.35439271156394,13.8142940327322,1.96420284765902
6.60255661488606,28.3291489391263,3.72772107098972
18.7244370682734,39.3645933060093,4.35948018265506
28.4474668610392,47.6867450586048,6.66488747198734
32.5235456650238,54.9781267084335,7.92840569531804
29.3250781175286,54.1135532513351,9.92840569531804
25.3199032859217,50.2645576500157,12.7966465836527
21.2863668653637,46.4402450426976,13.6648874719873
19.6729522971405,44.3105199997703,14.0121838273212

Velocities: 20
0,1,0
0,0,0
0,0,0
-4,0,-4
-6,0,-7
-6,0,-8
-5,-1,-7
-4,1,-3
4,8,4
8,7,9
8,5,8
9,5,7
6,-3,7
6,-6,5
4,-2,2
4,5,1
-2,6,-4
-6,3,-2
-5,0,0
-2,0,0

InverseVelocities: 20
0,0,0
0,0,0
0,0,0
0,0,0
0,0,0
0,0,0
0,0,0
0,0,1
0,0,0
0,0,0
0,0,0
0,-2,-3
0,0,-6
0,1,-7
-1,1,-2
-2,0,-2
0,0,0
0,0,0
0,0,0
0,0,0

RawData: 20
0,0,0,0,0,0,0,0,0,0,0,0,0,0.7650204,0,0.9167694,1,0.9098814,0,0,0,0,0,0,0,0,0,0,0,0,0,0,0,0,0,0,0,0,0,0,0,0,0,0,0,0,0,0.851662,0.9030701,1,0.9816504,0.7636518,0.7221642,0.707845,0,0,0,0,0,0,0,0,0,0,0,0,0,0,0,0,0,0,0,0,0,0,0,0,0,0.7813612,0.8341177,0.9167323,1,0.8920897,0.7252001,0,0,0,0,0,0,0,0,0,0,0,0,0,0,0,0,0,0,0,0,0,0,0,0,0,0.6905577,0,0,0,0.8021181,0.9663709,1,0.8676614,0.6898569,0,0,0,0,0,0,0,0,0,0,0,0,0,0,0,0,0,0,0,0,0,0,0,0,0,0.7139977,0.7823594,0.8533934,0.8102401,0.9419705,1,0.9104077,0.7240975,0,0,0,0,0,0,0,0,0,0,0,0,0
0,0,0,0,0,0,0,0,0,0,0,0,0,0.745285,0.8004975,0.8508501,1,0.8959584,0,0,0,0,0,0,0,0,0,0,0,0,0,0,0,0,0,0,0,0,0,0,0,0,0,0,0,0,0.6968929,0.8324246,0.8941834,1,0.9777051,0.7314321,0.720201,0,0,0,0,0,0,0,0,0,0,0,0,0,0,0,0,0,0,0,0,0,0,0,0,0,0,0.7921813,0.7996542,0.9105494,1,0.8997753,0,0,0,0,0,0,0,0,0,0,0,0,0,0,0,0,0,0,0,0,0,0,0,0,0,0,0,0,0.6759165,0.8267662,0.8924984,1,0.9619233,0.7628449,0.6287612,0,0,0,0,0,0,0,0,0,0,0,0,0,0,0,0,0,0,0,0,0,0,0,0,0,0,0,0,0.803124,0.9153382,1,0.8418989,0.786129,0,0,0,0,0,0,0,0,0,0,0,0,0
0,0,0,0,0,0,0,0,0,0,0,0,0,0,0.7127869,0.9296466,1,0.9152208,0.7416803,0,0,0,0,0,0,0,0,0,0,0,0,0,0,0,0,0,0,0,0,0,0,0,0,0,0,0,0.7654471,0.9250143,0.9962785,1,0.9931785,0.9852849,0.9120209,0,0,0,0,0,0,0,0,0,0,0,0,0,0,0,0,0,0,0,0,0,0,0,0,0,0,0.7337748,0.8122101,0.9280138,1,0.9171822,0.7133063,0,0,0,0,0,0,0,0,0,0,0,0,0,0,0,0,0,0,0,0,0,0,0,0,0,0,0,0.708251,0.8356198,0.885654,1,0.9639812,0.8061032,0.709384,0,0,0,0,0,0,0,0,0,0,0,0,0,0,0,0,0,0,0,0,0,0,0,0,0,0,0,0.748495,0.8547905,0.9700426,1,0.8829618,0.815895,0.7126201,0,0,0,0,0,0,0,0,0,0,0,0
0,0,0,0,0,0,0,0,0,0.7162468,0.7240638,0.8069734,0.9041603,0.9374857,0.9671425,0.8912343,1,0.9630822,0,0,0,0,0,0,0,0,0,0,0,0,0,0,0,0,0,0,0,0,0,0,0,0,0,0,0,0,0.7324741,0,0.8064466,0.9757946,1,0.9301948,0.6934098,0,0,0,0,0,0,0,0,0,0,0,0,0,0,0,0,0,0,0,0,0,0,0.6228713,0.6234577,0,0.6271725,0.7891028,0.8533425,0.9714504,1,0.870234,0.7583854,0.609265,0,0,0,0,0,0,0,0,0,0,0,0,0,0,0,0,0,0,0,0,0,0,0.6390767,0.6527781,0.7121107,0,0.790215,0.9165342,0.9420681,1,0.977051,0.7774189,0.7111769,0,0,0,0,0,0,0,0,0,0,0,0,0,0,0,0,0,0,0,0,0,0,0,0,0.71839,0.7239698,0.7480433,0.745228,0.8639389,0.9472544,1,0.9085575,0.7863873,0.704567,0,0,0,0,0,0,0,0,0,0,0,0
0,0,0,0,0,0,0,0.7805806,0.8598132,0.8658171,0.8443088,0.871134,0.7842,0.8925068,0.8802993,0.884447,1,0.9353359,0,0,0,0,0,0,0,0,0,0,0,0,0,0,0,0,0,0,0,0,0,0,0,0,0,0,0,0,0.7343509,0.8168737,0.9154595,1,0.9589548,0.7728088,0.7537569,0,0,0,0,0,0,0,0,0,0,0,0,0,0,0,0,0,0,0,0.7074521,0.6881426,0,0.7245228,0.7890201,0.7931495,0.8181759,0.8251085,0.7267525,0.9303777,1,0.9196432,0.6906221,0,0,0,0,0,0,0,0,0,0,0,0,0,0,0,0,0,0,0,0,0.7592175,0.7842177,0.8257,0.7455588,0.7588968,0.8118539,0.8574644,0.8011975,0.8808051,0.9441525,1,0.9831418,0.8204759,0,0,0,0,0,0,0,0,0,0,0,0,0,0,0,0,0,0,0,0,0,0.7564527,0.771421,0,0,0.8455182,0.8991387,0.863396,0.8466876,0.9514612,0.9311454,1,0.8948913,0,0,0,0,0,0,0,0,0,0,0,0,0,0
0,0,0,0,0,0,0,0.8224854,0.8577653,0.6998963,0.7517405,0.769688,0.7105663,0.8630015,0.8324718,0.8831397,1,0.9209304,0,0,0,0,0,0,0,0,0,0,0,0,0,0,0,0,0,0,0,0,0,0,0,0,0,0,0,0,0.673803,0.7781041,0.8273161,0.9883104,1,0.8192133,0.693767,0,0,0,0,0,0,0,0,0,0,0,0,0,0,0,0,0,0,0.6857046,0.6689649,0.6864484,0.661475,0.6568353,0.6471699,0.7155729,0.7551212,0.7322771,0.7608142,0.9259359,1,0.8920779,0.7163903,0.6743976,0,0,0,0,0,0,0,0,0,0,0,0,0,0,0,0,0,0,0,0,0.8056763,0.7921915,0.7111865,0.8021934,0.7036316,0.7878452,0.7537956,0.7748098,0.9242349,1,0.9607624,0,0,0,0,0,0,0,0,0,0,0,0,0,0,0,0,0,0,0.6746481,0.6662496,0.6744496,0.6920949,0.71992,0.7156839,0.8136113,0.7819673,0.6644885,0.7333074,0.6672989,0.7293644,0.8457349,0.9263228,1,0.8726553,0.7476604,0.6947874,0,0,0,0,0,0,0,0,0,0,0,0
0,0,0,0,0,0,0,0,0.8207053,0.8610808,0.88504,0.8629467,0.8235557,0.7732619,0.8418245,0.9465175,1,0.9104324,0,0,0,0,0,0,0,0,0,0,0,0,0,0,0,0,0,0,0,0,0,0,0,0,0,0,0,0.7167478,0.7149686,0.7649053,0.819819,1,0.9964382,0.9076335,0,0,0,0,0,0,0,0,0,0,0,0,0,0,0,0,0,0,0,0,0.6933343,0.6992769,0.7906752,0.8282605,0.8676378,0.8541766,0.8191853,0.8799555,0.8441652,0.9314288,1,0.9147303,0,0,0,0,0,0,0,0,0,0,0,0,0,0,0,0,0,0,0,0,0,0.729485,0.7704403,0.83428,0.8508174,0.8671318,0.9118817,0.9014033,0.8006186,0.7959163,0,1,0.9933345,0.8166071,0,0,0,0,0,0,0,0,0,0,0,0,0,0,0,0,0,0,0,0,0,0,0.765653,0.8289253,0.8085501,0.766354,0.8182915,0.8785805,0.8792339,0.8531515,1,0.997259,0.8396608,0,0,0,0,0,0,0,0,0,0,0,0,0,0
0,0,0,0,0,0,0,0,0,0.7877212,0.825675,0.8219028,0.7967986,0.7688417,0.7581258,0.9198844,1,0.9118396,0,0,0,0,0,0,0,0,0,0,0,0,0,0,0,0,0,0,0,0,0,0,0,0,0,0,0,0,0,0,0.8414082,1,0.983319,0.9242328,0.8233988,0.7765022,0,0,0,0,0,0,0,0,0,0,0,0,0,0,0,0,0,0,0,0,0,0,0.732487,0.7597752,0.7647795,0.8723451,0.9116467,0.9446478,1,0.9382085,0.8256531,0.7121824,0.7270227,0,0,0,0,0,0,0,0,0,0,0,0,0,0,0,0,0,0,0,0,0,0,0.7790457,0.8167422,0.7970953,0.7929983,0.8933935,0.8657747,1,0.9856415,0.7751138,0.7898591,0.7477452,0,0,0,0,0,0,0,0,0,0,0,0,0,0,0,0,0,0,0,0,0,0,0,0,0,0,0.8485476,0.8993253,0.9555856,1,0.9463202,0.8863571,0,0.7904048,0.7798795,0.7490821,0,0,0,0,0,0,0,0,0
0,0,0,0,0,0,0,0,0,0,0,0,0,0,0,0.9310606,1,0.8841999,0.7815097,0.7563605,0.8469576,0.8166015,0.7634204,0.7263998,0,0,0,0,0,0,0,0,0,0,0,0,0,0,0,0,0,0,0,0,0,0,0,0,0.8502418,1,0.9863107,0.8300362,0.7772955,0.8142396,0,0.7731346,0.7431467,0.7703363,0.7266353,0.7233763,0.7050918,0,0,0,0,0,0,0,0,0,0,0,0,0,0,0,0,0,0,0.7314273,0.8300197,0.9098778,1,0.9335101,0.8884973,0.836226,0.8017756,0.8757334,0.8459998,0.7670467,0,0,0,0,0,0,0,0,0,0,0,0,0,0,0,0,0,0,0,0,0,0,0.6852707,0.80607,0.9230464,1,0.9601833,0,0.7348019,0.8141908,0.8388162,0.8003296,0,0,0,0,0,0,0,0,0,0,0,0,0,0,0,0,0,0,0,0,0,0,0,0,0.8004816,0.8813616,0.8858823,1,0.9425322,0.9150951,0.7873329,0.8558257,0.8833526,0.8732547,0.7389752,0.8050304,0.7798343,0,0,0,0,0,0
0,0,0,0,0,0,0,0,0,0,0,0,0,0,0.691016,0.94113,1,0.8619635,0.8095748,0.8047509,0.7045968,0.8363965,0.7240542,0.770018,0.7690887,0.7246667,0.6956113,0.6473791,0,0,0,0,0,0,0,0,0,0,0,0,0,0,0,0,0,0,0.6361114,0.7589695,0.8616897,1,0.9594607,0.8179123,0.822852,0.8659525,0.8604873,0.7969193,0.7475113,0.7383666,0.6702662,0.6455585,0,0,0,0,0,0,0,0,0,0,0,0,0,0,0,0,0,0,0,0.6178383,0.6378455,0.9409825,1,0.8831863,0.7818662,0.8121884,0.8315499,0.7850583,0.7715915,0.6382436,0.6171442,0,0.689068,0.7058119,0.6125306,0,0,0,0,0,0,0,0,0,0,0,0,0,0,0,0,0,0.6051344,0.6485173,0.8651243,1,0.9673972,0.8250518,0.8312643,0.8109826,0.7715931,0.7799218,0.7265158,0.7391111,0.608423,0.6987618,0.6418708,0.6322844,0,0,0,0,0,0,0,0,0,0,0,0,0,0,0,0,0,0,0.6641918,0.7490485,0.977059,1,0.8500048,0.828392,0.8896571,0.8101227,0.7979455,0.8747158,0.8739869,0.7944782,0.6945329,0,0,0,0,0,0
0,0,0,0,0,0,0,0,0,0,0,0,0,0,0.6362301,0.9207525,1,0.8662943,0.8376542,0.7090375,0.7893616,0.919269,0.8919256,0.6583242,0.6966817,0.7920682,0.7861695,0.7124282,0,0,0,0,0,0,0,0,0,0,0,0,0,0,0,0,0,0,0,0.752526,0.8959135,1,0.987168,0.8776882,0.8398576,0.7986588,0.7585853,0.740051,0,0.6676114,0,0,0,0,0,0,0,0,0,0,0,0,0,0,0,0,0,0,0,0,0,0.5927615,0.6707268,0.9616576,1,0.8210118,0.7646547,0.7285177,0.8204807,0.853567,0.6358616,0.6309348,0.7376313,0.7643373,0.6832775,0.6416787,0,0,0,0,0,0,0,0,0,0,0,0,0,0,0,0,0,0,0.6478017,0.6764341,0.872514,1,0.9648475,0.8148013,0.7619324,0.7500429,0.8209271,0.8359367,0.7119905,0.6237462,0.7462863,0.6950414,0.7306875,0.6420603,0,0,0,0,0,0,0,0,0,0,0,0,0,0,0,0,0,0,0.7311431,0.8311825,0.9881772,1,0.7605264,0.851562,0.8116865,0.8260997,0.7977427,0.801246,0.7776316,0.8273537,0.7681088,0.6895674,0.6700811,0,0,0,0
0,0,0,0,0,0,0,0,0,0,0,0,0,0,0,0.9094231,1,0.867676,0.7875023,0.7771253,0.8740246,0.9484158,0.9608071,0.9138883,0.8618027,0.6530449,0.7570478,0.7071712,0.6542346,0,0,0,0,0,0,0,0,0,0,0,0,0,0,0,0.6744499,0.7929119,0.8056873,0.6926984,0.8359858,1,0.9668892,0.7035961,0.7435727,0.7488481,0.7205645,0,0.6568062,0.6401993,0,0,0,0,0,0,0,0,0,0,0,0,0,0,0,0,0,0,0.6022264,0.6422427,0.67809,0.6384168,0.5814342,0.9539309,1,0.8417463,0.8090072,0.8113661,0.8043474,0.7467288,0.6053374,0.7849642,0.7891468,0.6004128,0.6340451,0,0,0,0,0,0,0,0,0,0,0,0,0,0,0,0,0,0,0,0.5867314,0.6959681,0.8558105,1,0.9533077,0.7275961,0.8013281,0.8584358,0.8364154,0.8133867,0.7776799,0.7843904,0.7736701,0.6625946,0,0.6150025,0.5800941,0,0,0,0,0,0,0,0,0,0,0,0,0,0,0,0,0.6358561,0.6824811,0.7929302,0.9621581,1,0.8371665,0.6539851,0.7143129,0.7607468,0.7829567,0.8011434,0.7490355,0.7290638,0.7286651,0,0,0,0,0,0
0,0,0,0,0,0,0,0,0,0,0,0,0,0,0.6592532,0.9292636,1,0.8531942,0.8411934,0.872551,0.8384439,0.8201972,0.7659759,0.6927654,0,0.661794,0,0,0,0,0,0,0,0,0,0,0,0,0,0,0,0,0,0.7092141,0.7534667,0.7540541,0.8249909,0.8217027,0.8348261,1,0.965574,0.7059885,0.6568397,0,0,0,0,0,0,0,0,0,0,0,0,0,0,0,0,0,0,0,0,0.5994233,0.6391368,0.6300054,0.6908202,0.6245816,0.6833044,0.712263,0.6146814,0.9474593,1,0.9263015,0.8287529,0.7710029,0.7779943,0.724007,0.6051807,0.6682481,0.6773031,0.6940331,0.6185736,0,0,0,0,0,0,0,0,0,0,0,0,0,0,0,0,0,0,0.666838,0.6932123,0,0.8541389,1,0.9548641,0.7877889,0.8439711,0.8131424,0.6458271,0.6858502,0.6522732,0,0.6580592,0.6722797,0.6243801,0,0,0,0,0,0,0,0,0,0,0,0,0,0,0,0,0,0.6779277,0.6284941,0.7058315,0.7854886,0.9728498,1,0.849924,0.7799516,0.7931308,0.7692662,0.7140964,0.6269943,0.6837806,0.6983909,0.6408898,0,0,0,0,0,0
0,0,0,0,0,0,0,0,0,0,0,0,0,0.609141,0.6890275,0.9288856,1,0.9046274,0.5981796,0,0.6498799,0,0,0,0.6526476,0.5767131,0,0,0,0,0,0,0,0,0,0,0,0,0,0,0.6752281,0.6761641,0.670694,0.6741769,0.718504,0.6900593,0.7931891,0.8005709,0.7763358,1,0.9801922,0.7671937,0.5770918,0.5661595,0,0,0,0,0,0,0,0,0,0,0,0,0,0,0,0,0,0,0.5925966,0.6347611,0,0.6338341,0.6568637,0.6115424,0.6637483,0.7453175,0,0.9497948,1,0.8932046,0.7962653,0.6710869,0.5916442,0.6152118,0.6526735,0.6867973,0.6089305,0,0,0,0,0,0,0,0,0,0,0,0,0,0,0,0,0,0,0,0.5899854,0.6399473,0.6057422,0.7616188,0.8342192,1,0.9438236,0.7625554,0.675592,0.7208545,0.6946083,0.7277632,0.6720656,0,0,0.5855375,0,0,0,0,0,0,0,0,0,0,0,0,0,0.6449886,0.5601019,0.5760996,0.6930855,0.6960419,0.6767638,0.6527458,0.7257678,0.6798818,0.9610212,1,0.8846759,0.6158541,0.6924199,0.6694249,0.6389321,0,0,0,0,0,0,0,0,0,0
0,0,0,0,0,0,0,0,0,0,0,0,0.7094266,0.7578143,0.7031971,0.9154649,1,0.8479876,0.7881363,0.7510866,0.6650407,0.7073771,0.7357999,0.6865039,0,0,0,0,0,0,0,0,0,0,0,0,0,0,0,0,0,0,0,0,0.608672,0.661739,0.7440724,0.7888556,0.8447843,1,0.9737325,0.7905442,0.7115339,0.6598491,0,0,0,0,0,0,0,0,0,0,0,0,0,0,0,0,0,0,0,0,0,0,0,0.6388522,0.7134063,0.7548403,0.7742413,0.9397427,1,0.8758408,0.705507,0.6508108,0.6450323,0.6188335,0,0,0,0,0,0,0,0,0,0,0,0,0,0,0,0,0,0,0,0,0,0,0.6186389,0.6935918,0.7122771,0.8208851,0.8277544,1,0.9503179,0.633974,0.7655653,0.7337921,0.6779577,0.682788,0,0,0.6242217,0.6242682,0,0,0,0,0,0,0,0,0,0,0,0,0,0,0,0,0,0,0,0.6804895,0.8179832,0.8093404,0.9729687,1,0.7947579,0.7357668,0.6982365,0.7600682,0.6304224,0,0.6460993,0.6394767,0,0,0,0,0,0,0
0,0,0,0,0,0,0,0,0,0,0,0.6489654,0.6529194,0.6947864,0.6453355,0.9392056,1,0.8628535,0.7438643,0.7556321,0.6912007,0,0,0.644074,0,0,0,0,0,0,0,0,0,0,0,0,0,0,0,0,0,0,0,0,0,0,0.7191203,0.7161774,0.8209733,1,0.9693583,0.7236714,0,0.7336178,0.6849446,0,0.705317,0.6256422,0,0,0,0,0,0,0,0,0,0,0,0,0,0,0,0,0,0,0,0.6727463,0.7111716,0.7086248,0.7356526,0.95139,1,0.888562,0.7128651,0.6935589,0.6324287,0,0,0,0,0,0,0,0,0,0,0,0,0,0,0,0,0,0,0,0,0,0,0,0,0.7299197,0.6903792,0.6625924,0.880102,1,0.9307665,0.6936496,0.7266885,0.705404,0.6101344,0.6495449,0,0,0,0,0,0,0,0,0,0,0,0,0,0,0,0,0,0,0,0,0,0,0,0.7296193,0,0.7752215,0.9771973,1,0.8595161,0.8177596,0.8035337,0.7467815,0,0,0,0.6668891,0,0,0,0,0,0,0
0,0,0,0,0,0,0,0,0,0,0,0.7070128,0.7608412,0.7143905,0.7643626,0.8879268,1,0.9132686,0.6951581,0,0,0,0,0,0,0,0,0,0,0,0,0,0,0,0,0,0,0,0,0,0,0,0,0,0,0,0.6768252,0.7430757,0.8873,1,0.9454006,0.814294,0.8460543,0.7441906,0.7589006,0.6907059,0,0.7025021,0.6887013,0,0,0,0,0,0,0,0,0,0,0,0,0,0,0,0,0.6219807,0.6165226,0.6739258,0.6079986,0.6662517,0.7347803,0.957545,1,0.8854278,0.7050765,0,0,0,0,0,0,0,0,0,0,0,0,0,0,0,0,0,0,0,0,0,0,0,0,0,0.7178854,0.7015408,0,0.736262,0.8618959,1,0.9591866,0.7567931,0.7258496,0.7155725,0.6998779,0,0,0,0,0,0,0,0,0,0,0,0,0,0,0,0,0,0,0,0,0,0,0.65263,0.6417349,0,0.7254642,0.7706437,0.9731793,1,0.8294592,0.7127839,0.7340272,0.7190505,0.7491534,0.6576595,0,0,0,0,0,0,0,0,0
0,0,0,0,0,0,0,0.7486363,0.756059,0,0,0.72026,0.7069316,0,0.7433991,0.9374221,1,0.8821568,0,0,0,0,0,0,0,0,0,0,0,0,0,0,0,0,0,0,0,0,0,0,0,0,0,0,0,0,0,0,0.8025593,1,0.97751,0.7175296,0.7934236,0.7969328,0.7237462,0.7479695,0,0,0,0,0,0,0,0,0,0,0,0,0,0,0,0,0,0,0,0,0,0.6666097,0.6193684,0,0.6914116,0.9563167,1,0.8846135,0.6454274,0,0,0,0,0,0,0,0,0,0,0,0,0,0,0,0,0,0,0,0,0,0,0.6537871,0.7071388,0.6621725,0.6857399,0.6715536,0,0,0.8693922,1,0.9618045,0.7378854,0,0.6644545,0,0,0,0,0,0,0,0,0,0,0,0,0,0,0,0,0,0,0,0,0,0,0,0,0,0,0,0.7167101,0.970759,1,0.843447,0.7306439,0.66702,0,0,0.6560137,0,0,0,0,0,0,0,0,0
0,0,0,0,0,0,0,0,0.7666239,0.7848047,0.7967775,0,0,0,0,0.9300097,1,0.9114851,0,0,0,0,0,0,0,0,0,0,0,0,0,0,0,0,0,0,0,0,0,0,0,0,0,0,0,0,0,0,0.8611655,1,0.9950376,0.8358417,0,0,0,0,0,0,0,0,0,0,0,0,0,0,0,0,0,0,0,0,0,0,0,0,0,0,0,0,0.70176,0.9564973,1,0.8875632,0,0,0,0,0,0,0,0,0,0,0,0,0,0,0,0,0,0,0,0,0,0,0,0,0,0,0,0.763808,0.7325563,0,0.8953969,1,0.9485835,0.7405692,0,0,0,0,0,0,0,0,0,0,0,0,0,0,0,0,0,0,0,0,0,0,0,0,0,0,0,0,0,0,0.9688573,1,0.8627274,0,0,0,0,0,0,0,0,0,0,0,0,0,0
0,0,0,0,0,0,0,0,0,0,0,0.7293741,0.7703806,0.7642081,0.7444737,0.9387793,1,0.8695905,0,0,0,0,0,0,0,0,0,0,0,0,0,0,0,0,0,0,0,0,0,0,0,0,0,0,0,0,0,0.7758988,0.8354737,0.987696,1,0.8324659,0,0,0,0,0,0,0,0,0,0,0,0,0,0,0,0,0,0,0,0,0,0,0,0,0,0,0,0,0,0.9519284,1,0.8555635,0,0,0,0,0,0,0,0,0,0,0,0,0,0,0,0,0,0,0,0,0,0,0,0,0,0,0,0.7398366,0.7941833,0.7537065,0.8856555,1,0.9361419,0,0,0,0,0,0,0,0,0,0,0,0,0,0,0,0,0,0,0,0,0,0,0,0,0,0,0,0,0.7136443,0.7298357,0,0.9593478,1,0.8559099,0,0,0,0,0,0,0,0,0,0,0,0,0,0
