GestureName: w
Duration(ms): 1034
Handedness: right

SpeakerAngles: 5
55
-55
0
0
110

SpeakerElevations: 5
-10
-10
-10
0
30

InterpretedPoints: 22
0,-0.984807753012208,0.17364817766693
0,0,0
0.0141807944755501,4.52213653048741,0.479055466999209
0.0141807944755501,7.7815866163419,-0.215537243668512
4.08316920122242,14.3543597607001,1.06892551266297
2.46975463299922,20.5986175995668,0.200684624328323
2.44139304404812,9.59992127955533,-0.236481776669303
7.30999833766881,13.5144692976029,1.06892551266297
9.73012019000361,10.8806507211632,2.28446275633149
8.10961522454264,13.5512173444744,1.2635182233307
4.04771721503354,-17.0735211544313,5.34120444167326
-1.64886655441207,-19.7254918925069,1.32025990867247
0,-2.96961550602442,0.347296355333861
4.06189800950909,6.72366837837789,0.263518223330696
4.08316920122242,26.8428754384335,-0.667556264006329
12.164422836814,21.3112481609326,1.02703644666139
9.72302979276584,7.1468499687049,2.13175911166535
4.85442449914514,-1.7069290613915,1.52094453300079
4.85442449914514,-0.691736814403711,1.69459271066772
0.785436092398274,1.8044460962142,-0.631759111665348
-9.73721058724139,-19.058161627974,-1.56892551266297
-11.3506251554646,-22.1575021769257,-0.874332801995254

StrokePoints: 23
0,0,0
0,-0.984807753012208,0.17364817766693
0,-0.984807753012208,0.17364817766693
0.0141807944755501,3.5373287774752,0.652703644666139
0.0283615889511002,11.3189153938171,0.437166400997627
4.11153079017352,25.6732751545172,1.5060919136606
6.58128542317274,46.271892754084,1.70677653798892
9.02267846722086,55.8718140336393,1.47029476131962
16.3326768048897,69.3862833312422,2.5392202739826
26.0627969948933,80.2669340524054,4.82368303031408
34.1724122194359,93.8181513968798,6.08720125364478
38.2201294344695,76.7446302424485,11.428405695318
36.5712628800574,57.0191383499416,12.7486656039905
36.5712628800574,54.0495228439172,13.0959619593244
40.6331608895665,60.7731912222951,13.3594801826551
44.7163300907889,87.6160666607286,12.6919239186487
56.8807529276029,108.927314821661,13.7189603653101
66.6037827203687,116.074164790366,15.8507194769755
71.4582072195138,114.367235728975,17.3716640099763
76.312631718659,113.675498914571,19.066256720644
77.0980678110572,115.479945010785,18.4344976089786
67.3608572238159,96.421783382811,16.8655720963157
56.0102320683513,74.2642812058853,15.9912392943204

Velocities: 22
0,0,-1
0,0,0
0,2,1
2,4,1
3,5,6
4,8,7
4,4,2
6,4,4
6,1,0
5,1,4
-7,-10,-8
-5,-8,-9
0,0,-2
4,3,3
7,9,8
11,5,4
3,-3,5
1,-3,-1
1,-3,-2
1,-3,-3
-6,-2,-6
-8,-2,-8

InverseVelocities: 22
0,0,0
0,0,0
0,0,0
0,0,0
0,0,-1
0,0,-1
0,0,0
0,0,0
0,0,0
-5,-5,-2
0,0,0
0,0,0
0,0,0
0,0,0
0,0,0
0,0,0
-1,0,-2
0,0,0
0,0,2
0,0,1
0,0,0
0,0,0

RawData: 22
0,0,0,0,0,0,0,0,0,0,0,0,0,0.8476268,0.8820204,0.9896657,1,0,0,0,0,0,0,0,0,0,0,0,0,0,0,0,0,0,0,0,0,0,0,0,0,0,0,0,0,0,0,0,0.8282937,1,0.864264,0,0,0,0,0,0,0,0,0,0,0,0,0,0,0,0,0,0,0,0,0,0,0,0,0,0,0,0.7580544,0.7737565,0.833866,0.8735883,1,0,0,0,0,0,0,0,0,0,0,0,0,0,0,0,0,0,0,0,0,0,0,0,0,0,0,0,0,0,0,0,0.832553,1,0.94187,0,0,0,0,0,0,0,0,0,0,0,0,0,0,0,0,0,0,0,0,0,0,0,0,0,0,0,0,0,0,0.8460026,0.9634082,1,0,0,0,0,0,0,0,0,0,0,0,0,0,0,0
0,0,0,0,0,0,0,0,0,0,0,0,0,0,0.7593431,0.9307298,1,0.9007822,0.6742521,0,0,0,0,0,0,0,0,0,0,0,0,0,0,0,0,0,0,0,0,0,0,0,0,0,0,0,0,0.6889058,0.8527201,1,0.9906842,0.8350829,0.6563038,0,0,0,0,0,0,0,0,0,0,0,0,0,0,0,0,0,0,0,0,0,0,0,0,0,0,0.5555148,0.7623608,0.9648288,1,0.9009622,0.6445844,0.5443747,0,0,0,0,0,0,0,0,0,0,0,0,0,0,0,0,0,0,0,0,0,0,0,0,0,0,0,0.6063719,0.8664991,1,0.9671525,0.7082493,0,0,0,0,0,0,0,0,0,0,0,0,0,0,0,0,0,0,0,0,0,0,0,0,0,0,0,0,0,0.6349504,0.9709795,1,0.8371774,0.6834962,0,0,0,0,0,0,0,0,0,0,0,0,0
0,0,0,0,0,0,0,0,0,0,0,0,0,0,0,0.9523343,1,0.8704064,0.6884897,0.6769307,0,0,0,0,0,0,0,0,0,0,0,0,0,0,0,0,0,0,0,0,0,0,0,0,0,0,0,0,0.8311554,1,0.8971471,0.9611407,0.8774198,0.7290024,0.7346092,0,0,0,0,0,0,0,0,0,0,0,0,0,0,0,0,0,0,0,0,0,0,0,0,0,0.7783908,0.9299356,1,0.8685195,0.8587136,0.8177031,0.6297185,0,0,0,0,0,0,0,0,0,0,0,0,0,0,0,0,0,0,0,0,0,0,0,0,0,0,0.6831457,0.9242459,1,0.9205067,0.7846096,0,0.7034411,0.6713526,0.625218,0,0,0,0,0,0,0,0,0,0,0,0,0,0,0,0,0,0,0,0,0,0,0,0,0,0.7587699,0.9743638,1,0.9281812,0.8664566,0.7677168,0.6981356,0,0,0,0,0,0,0,0,0,0,0
0,0,0,0,0,0,0,0,0,0,0,0,0,0,0.7908181,0.8432236,1,0.9519082,0.8521133,0.8394848,0.7989622,0.7551602,0,0,0,0,0,0,0,0,0,0,0,0,0,0,0,0,0,0,0,0,0,0,0,0,0,0,0.8242692,0.9940273,1,0.7839428,0.9543269,0.9485692,0.7977761,0.7377317,0.7421323,0,0,0,0,0,0,0,0,0,0,0,0,0,0,0,0,0,0,0,0,0,0,0.6834994,0.8742332,0.9819043,1,0.9149504,0.8936604,0.8702515,0.7736441,0,0,0,0,0,0,0,0,0,0,0,0,0,0,0,0,0,0,0,0,0,0,0,0,0,0,0.851441,0.8716314,1,0.9815851,0.8948167,0.8524562,0.7195232,0.7192202,0.7284431,0.7288609,0,0,0,0,0,0,0,0,0,0,0,0,0,0,0,0,0,0,0,0,0,0,0,0,0.8352969,0.9950361,1,0.7480461,0.8249676,0.8915534,0.7546901,0,0,0,0,0,0,0,0,0,0,0
0,0,0,0,0,0,0,0,0,0,0,0,0,0,0.7111202,0.8735555,1,0.9847873,0.9311864,0.9023397,0.7753631,0.7618603,0.7292905,0,0,0,0,0,0,0,0,0,0,0,0,0,0,0,0,0,0,0,0,0,0,0,0,0,0.8271631,1,0.9789336,0,0.8653213,0.9040385,0.916092,0.8297876,0.851669,0.7952344,0,0,0,0,0,0,0,0,0,0,0,0,0,0,0,0,0,0,0,0,0.6733857,0.7798964,0.7895071,0.950757,1,0.8401232,0.736773,0.7465717,0.6694636,0.6834798,0.7133482,0.7361258,0.7760428,0.7486341,0,0,0,0,0,0,0,0,0,0,0,0,0,0,0,0,0,0,0,0,0,0.6302748,0.9078711,1,0.9756088,0.8498952,0.6411209,0.7447416,0.7265583,0.6667204,0.7101474,0.6927108,0.6643194,0,0,0,0,0,0,0,0,0,0,0,0,0,0,0,0,0,0,0,0,0,0.7129163,0.8100362,0.9163731,1,0.8775022,0.9067724,0.9271184,0.8339837,0.7898949,0.798902,0.8085234,0.7788827,0.7073489,0,0,0,0,0,0
0,0,0,0,0,0,0,0,0,0,0,0,0,0.7253363,0.8130605,0.9665586,1,0.7440442,0.8660164,0.7908264,0.8165128,0.6795213,0.7170929,0.63037,0,0,0,0,0,0,0,0,0,0,0,0,0,0,0,0,0,0,0,0,0,0,0,0,0.7811555,1,0.9875516,0.8399279,0.7519597,0.8705482,0.8672317,0.8337781,0.8567932,0.8407211,0.7345081,0.7058224,0.7122404,0,0,0,0,0,0,0,0,0,0,0,0,0,0,0,0,0,0.5883505,0,0.6718537,0.9301048,1,0.9091862,0.7426113,0.762424,0.708356,0,0.6752493,0.6593219,0,0.6060961,0.5759802,0,0,0,0,0,0,0,0,0,0,0,0,0,0,0,0.5823257,0.5693803,0,0.6046664,0.6855751,0.7038916,0.8804845,1,0.9475774,0.7427285,0.7726886,0.7213755,0.5915315,0.7439746,0.6928645,0.650345,0.5945797,0.6037793,0.6404291,0.5885587,0,0,0,0,0,0,0,0,0,0,0,0,0,0,0,0,0.6300302,0.710243,0.7385036,0.7924018,0.9609663,1,0.9401329,0.8679904,0.7903503,0.7405406,0.7159771,0.7581158,0.712474,0.7054797,0.6289672,0,0,0,0,0,0
0,0,0,0,0,0,0,0,0,0,0,0,0,0,0,0.924854,1,0.9477345,0.9323437,0.8973174,0,0.8173231,0,0.7705787,0,0,0,0,0,0,0,0,0,0,0,0,0,0,0,0,0,0,0,0,0,0,0,0,0,0.9976472,1,0.9343303,0,0,0,0,0.8802895,0,0,0,0,0,0,0,0,0,0,0,0,0,0,0,0,0,0,0,0,0,0,0,0,0.9361545,1,0.9102556,0.8161463,0.7831367,0.7726206,0.7725472,0,0,0,0,0,0,0,0,0,0,0,0,0,0,0,0,0,0,0,0,0,0,0,0,0,0,0.8384766,1,0.9791424,0.8585731,0.8348079,0.8248668,0.832347,0,0.7477884,0,0,0,0,0,0,0,0,0,0,0,0,0,0,0,0,0,0,0,0,0,0,0.8155828,0.8240787,0,0.9649786,1,0.932925,0.918372,0.8786435,0,0.8529407,0,0,0,0,0,0,0,0,0,0
0,0,0,0,0,0,0,0,0,0,0,0,0,0,0,0.8987443,1,0.9253317,0.7794387,0.7846312,0.7018458,0.6699879,0,0.7486202,0.6550423,0.6517137,0,0,0,0,0,0,0,0,0,0,0,0,0,0,0,0,0,0,0,0,0,0.802667,0.8413104,0.9839697,1,0.9644037,0.9105858,0.8501201,0.8850178,0.8519707,0.7894117,0,0,0,0,0,0,0,0,0,0,0,0,0,0,0,0,0,0,0,0,0,0,0,0,0.9287655,1,0.906602,0.624887,0.6807199,0.6570736,0.6989317,0.6785007,0.5984843,0,0,0,0,0,0,0,0,0,0,0,0,0,0,0,0,0,0,0,0,0,0,0,0.6869773,0.8511674,1,0.9773156,0.7469348,0.6108067,0.6540164,0.7298825,0.6134071,0.7027206,0.6642144,0.6416274,0,0,0,0,0,0,0,0,0,0,0,0,0,0,0,0,0,0,0,0,0,0.7294422,0.7837282,0.9499848,1,0.899707,0.8531771,0.7985289,0.7660109,0.783954,0.7536746,0.7224672,0.7090524,0.7136229,0,0,0,0,0,0
0,0,0,0,0,0,0,0,0,0,0,0,0,0,0.6774285,0.9208915,1,0.9093342,0.6941255,0.6867418,0.7261047,0.7467483,0.7640036,0.7869726,0.7250315,0.6882741,0,0,0,0,0,0,0,0,0,0,0,0,0,0,0,0,0,0,0,0,0,0.7434399,0.8005866,0.9484478,1,0.8766452,0,0.774055,0,0,0,0,0,0,0,0,0,0,0,0,0,0,0,0,0,0,0,0,0,0,0,0,0,0.626951,0.6448498,0.9374875,1,0.9057369,0.7039239,0.6776748,0,0,0,0,0,0,0,0,0,0,0,0,0,0,0,0,0,0,0,0,0,0,0,0,0,0,0,0.642522,0.8501916,1,0.9776414,0.7409173,0.6998138,0.7359095,0.6624033,0,0.6695517,0,0,0.6362632,0.6914645,0.7036157,0,0,0,0,0,0,0,0,0,0,0,0,0,0,0,0,0,0,0,0.720202,0.935644,1,0.9138432,0.7567707,0,0.774618,0.7251111,0,0.7627898,0.7260613,0.7031185,0,0,0,0,0,0
0,0,0,0,0,0,0,0,0.6158801,0.6684107,0.6393587,0.6295878,0,0.7150276,0.7604254,0.9292153,1,0.9012625,0.7132153,0.7371638,0.7452119,0.7060661,0.6332077,0,0.5806809,0,0,0,0,0,0,0,0,0,0,0,0,0,0,0,0,0.6295735,0.6931203,0.7434701,0,0.6887594,0.7698053,0.6412708,0.8141311,0.9800921,1,0.8373857,0.6146315,0.6403245,0,0,0,0,0,0,0,0,0,0,0,0,0,0,0,0,0,0,0,0,0,0,0,0.6785159,0.6844525,0.5749654,0.6426179,0.9444652,1,0.8479887,0.765724,0.7487346,0.6973944,0.6276685,0.5734103,0.5770474,0,0,0,0,0,0,0,0,0,0,0,0,0,0,0,0.558857,0.5471534,0,0,0,0.6789693,0.6654165,0.6628372,0.6558022,0.8532291,1,0.9785323,0.771914,0.7342307,0.6933909,0.661014,0.5441905,0.5758574,0.5910487,0,0,0.6033388,0,0,0,0,0,0,0,0,0,0,0,0.5767603,0.5835173,0,0.6607384,0.7214276,0.6860896,0.7526432,0.8054128,0.7531307,0.6934877,0.9499814,1,0.8481947,0.7059683,0.6812237,0.7106912,0.6492893,0.5919507,0,0.6106596,0,0,0,0,0,0,0
0,0,0,0,0,0,0.6796061,0.6806868,0.7139437,0.6746398,0.8060075,0.8249264,0.8583018,0.9612386,0.9331987,0.8978735,1,0.8977641,0.7110538,0,0,0,0,0,0,0,0,0,0,0,0,0,0,0,0,0,0.7031761,0.7372717,0.7554649,0.7875338,0.7805202,0.803197,0.8074795,0.8192216,0.8523178,0.8984321,0.8290324,0.8381547,0.7714844,0.9860108,1,0.8057396,0.6893789,0,0,0,0,0,0,0,0,0,0,0,0,0,0,0,0,0,0,0.5986677,0.6302182,0,0.6385397,0.7135493,0.7543186,0.7322361,0.6639122,0.6602095,0,0.9265437,1,0.9004927,0.5901002,0.5977138,0,0,0,0,0,0,0,0,0,0,0,0,0,0,0,0,0.5993751,0.6438063,0,0,0.6264798,0.7275979,0.7376597,0.7083221,0.6322155,0.7642542,0.7577789,0,0.8160878,1,0.979534,0.6775373,0.6955701,0.6110184,0,0,0,0,0,0,0,0,0,0,0,0,0,0,0,0,0,0,0,0.7153079,0.6555589,0.755478,0.7575836,0.7378871,0.712003,0.6933272,0,0.7672184,0.957305,1,0.8172761,0.6291763,0.6282609,0.6756697,0,0,0,0,0,0,0,0,0,0,0
0,0,0,0,0,0,0,0,0.7038316,0.7502028,0.7531788,0.8992268,0.9470352,0.8741205,0.8357157,0.86773,1,0.9181465,0,0,0,0,0,0,0,0,0,0,0,0,0,0,0,0,0,0,0,0,0.7369595,0.738874,0,0,0.754587,0.8682644,0.8967642,0.9018062,0.8862149,0.8352632,0.8815519,0.999472,1,0.823601,0,0,0,0,0,0,0,0,0,0,0,0,0,0,0,0,0,0,0.6165225,0.639097,0.6614609,0.6510875,0,0.7036345,0.6747338,0.7741432,0.8275797,0.8426858,0.8262882,0.9098421,1,0.9120473,0,0,0,0,0,0,0,0,0,0,0,0,0,0,0,0,0,0,0,0,0,0,0,0.6694518,0.7384592,0.6891763,0.7962279,0.8847461,0.8935996,0.8269881,0.8440577,1,0.9775231,0.7930945,0,0,0,0,0,0,0,0,0,0,0,0,0,0,0,0,0,0,0,0,0,0,0.7246855,0.7942944,0.8004283,0.7839019,0.7372223,0.7237458,0.8583312,0.809975,0.9445742,1,0.876541,0,0,0,0,0,0,0,0,0,0,0,0,0,0
0,0,0,0,0,0,0,0,0,0,0,0,0,0.8048143,0.8171089,0.9234682,1,0.9299473,0,0,0,0,0,0,0,0,0,0,0,0,0,0,0,0,0,0,0,0,0,0,0,0,0,0,0,0,0,0,0.8693854,0.9868723,1,0.8244981,0,0,0,0,0,0,0,0,0,0,0,0,0,0,0,0,0,0,0,0,0,0,0,0,0,0.6990857,0.7119858,0,0.7143542,0.9419834,1,0.9140712,0,0,0,0,0,0,0,0,0,0,0,0,0,0,0,0,0,0,0,0,0,0,0,0,0,0,0,0.8165009,0.758943,0,0.8925465,1,0.9595616,0,0,0,0,0,0,0,0,0,0,0,0,0,0,0,0,0,0,0,0,0,0,0,0,0,0,0,0,0.786011,0.869454,0.9047431,0.9446585,1,0.8884254,0,0,0,0,0,0,0,0,0,0,0,0,0,0
0,0,0,0,0,0,0,0,0,0,0,0,0,0,0,0.9104231,1,0.9035069,0.825568,0.7867215,0.7545016,0.7513603,0.7263355,0.6835437,0,0,0,0,0,0,0,0,0,0,0,0,0,0,0,0,0,0,0,0,0,0,0,0,0.8509267,1,0.9612554,0.8159539,0.9059219,0.8829617,0.8611662,0.7955875,0,0,0,0,0,0,0,0,0,0,0,0,0,0,0,0,0,0,0,0,0,0,0,0,0.6338907,0.9347565,1,0.891408,0.7042263,0.7197965,0,0.6318349,0.6091717,0,0,0,0,0,0,0,0,0,0,0,0,0,0,0,0,0,0,0,0,0,0,0,0,0,0.8048608,1,0.9876249,0.8831353,0.8885205,0.8045794,0,0,0,0,0,0,0,0,0,0,0,0,0,0,0,0,0,0,0,0,0,0,0,0,0,0,0,0.7170804,0.9626684,1,0.8827731,0.82096,0.8091677,0.7088287,0.7498067,0.7243258,0,0,0,0,0,0,0,0,0
0,0,0,0,0,0,0,0,0,0,0,0,0,0,0,0.8993988,1,0.9005389,0.7611871,0.7630949,0.7563383,0.7450265,0.8189302,0.7545055,0.6408767,0.7010407,0.6953767,0,0,0,0,0,0,0,0,0,0,0,0,0,0,0,0,0,0,0,0,0.6803793,0.7033866,0.9888397,1,0.9521071,0.8306466,0.8364747,0.8456462,0.8031911,0.6760247,0,0.7182951,0.7631435,0.7668813,0.7050849,0,0,0,0,0,0,0,0,0,0,0,0,0,0,0,0,0,0,0.6673505,0.9381805,1,0.8980072,0.712365,0.6541564,0.7627014,0.6525463,0.7601766,0.7459108,0.6717341,0.6596644,0.6581485,0.6230964,0,0,0,0,0,0,0,0,0,0,0,0,0,0,0,0,0,0,0,0,0.818687,1,0.9832501,0.8030893,0.8630295,0.6883885,0.6172733,0.6231637,0.7141107,0.6675819,0,0.7061213,0.6796918,0.6623168,0.6757441,0.6686072,0.5961443,0,0,0,0,0,0,0,0,0,0,0,0,0,0,0.6000182,0.6173332,0.7187334,0.9264872,1,0.9133209,0.8846529,0.8683077,0.7014688,0.7005082,0.6413361,0.719551,0.7041632,0.6139852,0,0,0,0,0,0
0,0,0,0,0,0,0,0,0,0,0,0,0,0,0,0.9065861,1,0.8891106,0.8094418,0.8688615,0.8450061,0.8480203,0.8507113,0.7893726,0,0.6872295,0,0,0.6519821,0.6640718,0.638778,0,0,0,0,0,0,0,0,0,0,0,0,0,0,0,0,0,0.8294265,1,0.9438378,0.8722131,0.8791478,0.7927684,0.6878373,0.6708687,0.7061246,0.6637213,0,0,0,0,0,0,0,0,0,0,0,0,0,0,0,0,0,0,0,0,0,0.5925549,0.6869975,0.9557991,1,0.8704038,0.8048323,0.814942,0.7255491,0.7130563,0.6917134,0.7065057,0,0,0,0,0,0,0,0,0,0,0,0,0,0,0,0,0,0,0,0,0,0,0,0.6538581,0.8448611,1,0.9529861,0.8313591,0.8752197,0.8552196,0.8273208,0.7660601,0.6238666,0.5947992,0.5997077,0,0.6217197,0,0.607857,0.6607971,0,0,0,0,0,0,0,0,0,0,0,0,0,0,0,0,0.7215659,0.7866079,0.9710433,1,0.8544573,0.7284222,0,0.6200629,0.7109624,0.6759013,0.7306604,0.6823785,0.599692,0.6249195,0.6196529,0,0,0,0
0,0,0,0,0,0,0,0,0,0,0,0,0.648523,0.7094847,0.6514431,0.9192578,1,0.8809989,0.7085795,0.7298064,0.7367558,0.6870345,0.6897307,0,0,0,0,0,0,0,0,0,0,0,0,0,0,0,0,0,0,0,0,0.6585562,0.7594958,0.7830478,0.7128948,0.7305785,0.7951224,1,0.9494621,0.7927914,0.661194,0,0,0,0,0,0,0,0,0,0,0,0,0,0,0,0,0,0,0,0,0,0,0,0,0.580314,0.65488,0,0,0.9486549,1,0.8811326,0.6754152,0.6881866,0.6270501,0,0.5827852,0.6341675,0.6002318,0,0,0,0,0,0,0,0,0,0,0,0,0,0,0,0,0,0,0,0.6687902,0.7066855,0.7114943,0.7027827,0.875376,1,0.9344082,0.6950426,0.7395562,0.6893466,0.6824445,0.6861147,0.6649928,0,0,0,0,0,0,0,0,0,0,0,0,0,0,0,0,0,0,0,0,0,0,0,0.6641957,0.7529424,0.965352,1,0.8676233,0.6467684,0.6608058,0,0,0,0.6302533,0.6336703,0,0,0,0,0,0,0
0,0,0,0,0,0,0,0,0,0,0,0,0,0,0.7351074,0.9454399,1,0.880157,0.8020015,0.7629855,0.698541,0,0,0,0,0,0,0,0,0,0,0,0,0,0,0,0,0,0,0,0,0,0,0.6922415,0.777199,0.6944475,0.7340541,0,0.8319424,1,0.9771554,0.7209018,0,0,0,0,0,0,0,0,0,0,0,0,0,0,0,0,0,0,0,0,0,0,0,0,0,0,0.6747823,0.7119142,0.7217752,0.9546561,1,0.8692083,0.6214626,0,0,0,0,0,0,0,0,0,0,0,0,0,0,0,0,0,0,0,0,0,0,0,0,0,0.678411,0.6492052,0,0,0.879501,1,0.9666963,0.8231059,0.7670917,0.7182111,0,0,0,0,0,0,0,0,0,0,0,0,0,0,0,0,0,0,0,0,0,0,0,0.7213754,0.7119464,0.691687,0.734791,0.8177013,0.983651,1,0.77956,0.7326415,0.7290995,0.6907709,0,0,0,0,0,0,0,0,0,0,0
0,0,0,0,0,0,0,0,0,0,0,0,0,0.7486869,0.716841,0.9389669,1,0.8905787,0.7335595,0.7764892,0.6975447,0,0,0,0,0,0,0,0,0,0,0,0,0,0,0,0,0,0,0,0,0,0,0.6722908,0.688552,0.7694796,0.7181308,0.678423,0.8276478,1,0.9813818,0.7133427,0,0,0,0,0,0,0,0,0,0,0,0,0,0,0,0,0,0,0,0,0,0,0,0,0,0.6274701,0.6834164,0.7130544,0.7650706,0.960636,1,0.8827917,0.6550987,0.6157272,0.6114569,0.6006172,0,0,0,0,0,0,0,0,0,0,0,0,0,0,0,0,0,0,0,0,0,0,0,0,0.724847,0.7889183,0.8351797,1,0.9514804,0,0.6824737,0.7471054,0.6636612,0.6315336,0,0,0,0,0,0,0,0,0,0,0,0,0,0,0,0,0,0,0,0.6743365,0.7415054,0.72372,0.8064613,0.8083719,0.8016557,0.8426148,0.9858645,1,0.7943613,0.7175481,0.739595,0.6844437,0,0,0,0,0,0,0,0,0,0,0
0,0,0,0,0,0,0,0,0,0,0,0,0,0.7415469,0,0.9172219,1,0.9223096,0,0.8016264,0.7453235,0,0,0,0,0,0,0,0,0,0,0,0,0,0,0,0,0,0,0,0,0,0,0.6886111,0,0.7958508,0.7966615,0.6753811,0.8362788,1,0.9694564,0,0,0,0,0,0,0,0,0,0,0,0,0,0,0,0,0,0,0,0,0,0,0,0,0,0.6962456,0.7471772,0.6787689,0,0.6866025,0.9583972,1,0.8679161,0.7638178,0.702679,0.6757181,0,0,0,0,0,0,0,0,0,0,0,0,0,0,0,0,0,0,0,0,0,0,0.6557218,0.7281512,0.690716,0.7368295,0.7214863,0.9162771,1,0.9380754,0.8152394,0.8082779,0.7804999,0.7087551,0,0.6644511,0.6860107,0,0,0,0,0,0,0,0,0,0,0,0,0,0,0,0,0,0,0.6880219,0.7377076,0.7407669,0.7649802,0.6927512,0.7658683,0.938621,1,0.8561692,0.7218511,0,0,0,0,0,0,0,0,0,0,0,0,0
0,0,0,0,0,0,0,0.7554218,0.7453498,0,0.8199509,0.8663757,0.8991661,0.9574345,0.9451725,0.905881,1,0.8927083,0,0,0,0,0,0,0,0,0,0,0,0,0,0,0,0,0,0,0,0,0,0,0,0,0,0,0.7371944,0.7261462,0.6368042,0.6805479,0.8415926,1,0.9764156,0.7927323,0.6561123,0,0,0,0,0,0,0,0,0,0,0,0,0,0,0,0,0,0,0,0,0.584008,0.6111866,0.6706372,0.7011769,0.7816896,0.7844709,0.7522165,0.7379777,0.9477404,1,0.8698986,0.6638873,0,0,0,0,0,0,0,0,0,0,0,0,0,0,0,0,0.6240205,0.6315635,0.6257943,0,0,0,0.6647331,0.666827,0.7264691,0.757854,0.8566217,0.8727619,0.8779366,0.9041233,1,0.9507225,0,0,0,0,0,0,0,0,0,0,0,0,0,0,0,0,0,0,0,0,0.6595463,0.7197074,0.6850089,0,0.6244001,0.6694182,0.7778906,0.8420798,0.8809025,0.8777978,0.8298291,0.9831672,1,0.85983,0.6333184,0.6260572,0.6162911,0,0,0,0,0,0,0,0,0,0,0
0,0,0,0,0,0.7273054,0.7965589,0.8378229,0.7207482,0.8276554,0.8799234,0.909847,0.9612702,0.9508117,0.8988609,0.8726558,1,0.852351,0,0,0,0,0,0,0,0,0,0,0,0,0,0,0,0,0,0,0,0,0,0,0,0,0,0,0.6629405,0.7039797,0.7143734,0.7775909,0.8462317,1,0.972656,0.786818,0,0,0,0,0,0,0,0,0,0,0,0,0,0,0,0,0,0,0,0.6117572,0.6845945,0.6630342,0,0,0.7179123,0.7551765,0.73864,0.8346717,0.766783,0.95128,1,0.8699517,0.6716334,0,0,0,0,0,0,0,0,0,0,0,0,0,0,0,0,0.6485185,0.6636695,0,0.6555845,0.7424562,0.7419931,0.6340302,0,0.7505408,0.7936136,0.8136796,0.9073799,0.8706467,0.8421311,1,0.966002,0.7555534,0,0,0,0,0,0,0,0,0,0,0,0,0,0,0,0,0,0,0,0.6394955,0.6768206,0.7080072,0,0.7135038,0.7282771,0.7348739,0.854265,0.9376319,0.8995082,0.8186432,0.9923071,1,0.7217827,0.6877006,0,0,0,0,0,0,0,0,0,0,0,0,0
