GestureName: circle
Duration(ms): 1269
Handedness: right

SpeakerAngles: 2
55
-55

InterpretedPoints: 27
0,0
0.806707284111599,0.564862521463624
0,0
0,0
3.2268291364464,-2.25945008585449
6.45365827289279,-4.51890017170899
4.03353642055799,-9.6026628648816
4.03353642055799,-9.6026628648816
2.4201218523348,-8.47293782195435
2.4201218523348,-5.08376269317261
2.4201218523348,-0.564862521463624
2.4201218523348,1.69458756439087
4.03353642055799,2.82431260731812
3.2268291364464,2.25945008585449
1.6134145682232,3.38917512878174
-1.6134145682232,3.38917512878174
0,3.38917512878174
0,3.38917512878174
-4.03353642055799,6.21348773609986
-1.6134145682232,6.77835025756348
-1.6134145682232,6.77835025756348
-1.6134145682232,5.64862521463624
-1.6134145682232,2.25945008585449
0.806707284111599,-1.69458756439087
-0.806707284111599,-2.82431260731812
2.4201218523348,-1.69458756439087
3.2268291364464,-2.25945008585449

StrokePoints: 28
177.666666666667,130.277777777778
177.666666666667,130.277777777778
176.859959382555,129.712915256314
176.859959382555,129.712915256314
176.859959382555,129.712915256314
173.633130246109,131.972365342169
167.179471973216,136.491265513878
163.145935552658,146.093928378759
159.1123991321,155.696591243641
156.692277279765,164.169529065595
154.27215542743,169.253291758768
151.852033575096,169.818154280231
149.431911722761,168.123566715841
145.398375302203,165.299254108522
142.171546165756,163.039804022668
140.558131597533,159.650628893886
142.171546165756,156.261453765105
142.171546165756,152.872278636323
142.171546165756,149.483103507541
146.205082586314,143.269615771441
147.818497154538,136.491265513878
149.431911722761,129.712915256314
151.045326290984,124.064290041678
152.658740859207,121.804839955823
151.852033575095,123.499427520214
152.658740859207,126.323740127532
150.238619006872,128.018327691923
147.011789870426,130.277777777778

Velocities: 27
0,0
1,0
0,0
0,0
0,-4
0,-8
-6,-11
-6,-11
-6,-9
-3,-6
1,-2
3,0
5,0
4,0
4,2
2,4
3,3
3,3
3,8
5,7
5,7
4,6
1,3
-1,-2
-3,-2
0,-3
0,-4

InverseVelocities: 27
0,0
0,0
0,0
0,0
0,0
0,0
0,0
0,0
1,0
1,0
0,0
0,0
0,0
0,0
0,0
0,0
0,0
0,0
-1,0
0,0
-5,0
-5,0
-5,-6
0,0
0,0
0,0
0,0

RawData: 27
0,0,0,0,0,0,0,0,0,0,0,0,0,0,0,0,1,0.9668205,0.883196,0,0,0,0,0,0,0,0,0,0,0,0,0,0,0,0,0,0,0,0,0,0,0,0,0,0,0,0,0,0.9163936,1,0.8189023,0,0,0,0,0,0,0,0,0,0,0,0,0,0,0
0,0,0,0,0,0,0,0,0,0,0,0,0,0,0,0.7724445,1,0.9822127,0.9085241,0.8569347,0.8402798,0,0,0,0,0,0,0,0,0,0,0,0,0,0,0,0,0,0,0,0,0,0,0,0,0,0,0,0.9415696,1,0.8747749,0,0,0,0,0,0,0,0,0,0,0,0,0,0,0
0,0,0,0,0,0,0,0,0,0,0,0,0,0,0,0,1,0.9570141,0,0,0,0,0,0,0,0,0,0,0,0,0,0,0,0,0,0,0,0,0,0,0,0,0,0,0,0,0,0,0.8849384,1,0.8913636,0,0,0,0,0,0,0,0,0,0,0,0,0,0,0
0,0,0,0,0,0,0,0,0,0,0,0,0,0,0,0.8811641,1,0.9777029,0,0,0,0,0,0,0,0,0,0,0,0,0,0,0,0,0,0,0,0,0,0,0,0,0,0,0,0,0,0,0.9337236,1,0.8698004,0,0,0,0,0,0,0,0,0,0,0,0,0,0,0
0,0,0,0,0,0,0,0,0,0,0,0,0,0,0,0.8489094,1,0.9764064,0,0,0,0,0,0,0,0,0,0,0,0,0,0,0,0,0,0,0,0,0,0,0,0,0.7069119,0.7605663,0.7202727,0,0,0,0.9362516,1,0.8862219,0,0,0,0,0,0,0,0,0,0,0,0,0,0,0
0,0,0,0,0,0,0,0,0,0,0,0,0,0,0,0,1,0.9938487,0.8297673,0,0,0,0,0,0,0,0,0,0,0,0,0,0,0,0,0,0,0,0.7735322,0.8020155,0.7750573,0.7514951,0.7589394,0,0,0,0.7460244,0.7398586,0.9491548,1,0.9011995,0,0,0,0,0,0,0,0,0,0,0,0,0,0,0
0,0,0,0,0,0,0,0.7811438,0.8914844,0.8955703,0.8089771,0,0,0,0,0,0.9939225,1,0.7777671,0,0,0,0,0,0,0,0,0,0,0,0,0,0,0,0,0.6861073,0.6752896,0.7106762,0.7413803,0.740007,0.6964207,0.7050115,0,0,0,0,0,0.6517505,0.9498383,1,0.8928578,0,0,0,0,0,0,0,0,0,0,0,0,0,0,0
0,0,0,0,0,0,0,0.7980099,0.9273201,0.918638,0.8420224,0.8623862,0.8426672,0.8131773,0.7202965,0.8155717,1,0.9833531,0,0,0,0,0,0,0,0,0,0,0,0,0,0,0,0,0,0.7122426,0.7584383,0.7240139,0.6581275,0,0.6641775,0.6799821,0.7056187,0,0,0,0.6980834,0.7021064,0.9426821,1,0.8919213,0.6937497,0.6470786,0,0,0,0,0,0,0,0,0,0,0,0,0
0,0,0,0,0,0,0,0.6872098,0.7192457,0.7573413,0.7874815,0.8023418,0.6892719,0.7176293,0,0.8818694,1,0.9526883,0.7577375,0.7354375,0.6721559,0,0,0,0,0,0,0,0,0,0,0,0,0,0,0,0,0.5911795,0.5926841,0,0.663624,0.6653542,0.6950552,0.7002441,0.675346,0.6519435,0,0,0.9369328,1,0.8817731,0.6745173,0.588344,0,0,0,0,0,0,0,0,0,0,0,0,0
0,0,0,0,0,0,0,0,0,0,0.6076526,0.7305912,0.7478526,0.6999469,0.693087,0.8029321,1,0.9535139,0.7525524,0.7425815,0.6092765,0,0,0,0,0,0,0,0,0,0,0,0,0,0,0,0,0,0,0,0.633032,0.643918,0.6337742,0.6558958,0.6775807,0.6893155,0.6457499,0.6685066,0.9404987,1,0.8841817,0.6024214,0,0,0,0,0,0,0,0,0,0,0,0,0,0
0,0,0,0,0,0,0,0,0,0,0,0,0,0.6925737,0.7270361,0.7837713,0.9934732,1,0.8764905,0.7301013,0.7150021,0,0,0,0,0,0,0,0,0,0,0,0,0,0,0,0,0,0,0,0,0,0,0,0.6691734,0.6528891,0,0.6958114,0.9492961,1,0.8902358,0,0,0,0,0,0,0,0,0,0,0,0,0,0,0
0,0,0,0,0,0,0,0,0,0,0,0,0,0,0,0.8097102,1,0.9886122,0.8449504,0.7235659,0.7705575,0.6707729,0.7339483,0,0,0,0,0,0,0,0,0,0,0,0,0,0,0,0,0,0,0,0,0,0,0,0,0.6501187,0.9463902,1,0.8823363,0.6471585,0,0,0,0,0,0,0,0,0,0,0,0,0,0
0,0,0,0,0,0,0,0,0,0,0,0,0,0,0,0.8360168,1,0.9964278,0.860395,0.8361671,0.7154582,0.7967305,0.7654009,0.7379807,0.7209533,0,0,0,0,0,0,0,0,0,0,0,0,0,0,0,0,0,0,0,0,0,0,0,0.9497491,1,0.8675388,0.8101768,0.7631531,0,0,0,0,0,0,0,0,0,0,0,0,0
0,0,0,0,0,0,0,0,0,0,0,0,0,0,0.6991169,0.829394,1,0.9883988,0.878781,0.8514434,0,0.7508492,0.7455779,0.730617,0,0,0,0,0,0,0,0,0,0,0,0,0,0,0,0,0,0,0,0,0,0,0,0.7788095,0.9531679,1,0.8830636,0.7841625,0.695483,0,0,0,0,0,0,0,0,0,0,0,0,0
0,0,0,0,0,0,0,0,0,0,0,0,0,0,0,0.8303274,1,0.9999864,0.8586755,0.8277088,0,0.7540106,0.7620291,0.7231315,0,0,0,0,0,0,0,0,0,0,0,0,0,0,0,0,0,0,0,0,0,0,0,0.76904,0.9218407,1,0.9214696,0.7054376,0,0.711423,0.7263914,0,0,0,0,0,0,0,0,0,0,0
0,0,0,0,0,0,0,0,0,0,0,0,0,0,0.8071697,0.9223252,1,0.9614966,0.83829,0.8592111,0.8558681,0.8141748,0,0,0,0,0,0,0,0,0,0,0,0,0,0,0,0,0,0,0,0,0,0,0,0,0,0,0.9568296,1,0.9031675,0.7751096,0.8066758,0.7756515,0.7529522,0.7556258,0.7501398,0,0,0,0,0,0,0,0,0
0,0,0,0,0,0,0,0,0,0,0,0,0,0,0.8068531,0.9074348,1,0.9958324,0.872225,0,0.8964085,0.9132703,0.8500463,0,0,0,0,0,0,0,0,0,0,0,0,0,0,0,0,0,0,0,0,0,0,0,0,0.7507393,0.9472849,1,0.9141025,0.8062232,0.759083,0,0,0.7714787,0,0,0,0,0,0,0,0,0,0
0,0,0,0,0,0,0,0,0,0,0,0,0,0,0,0.8217808,0.9993204,1,0.8787733,0,0,0,0.7143811,0,0,0,0,0,0,0,0,0,0,0,0,0,0,0,0,0,0,0,0,0,0,0,0,0.745428,0.9522988,1,0.8552567,0.8117766,0.7644097,0.7081091,0,0.7399056,0,0,0,0,0,0,0,0,0,0
0,0,0,0,0,0,0,0,0,0,0,0,0.7260666,0.7290658,0.7770495,0.783546,1,0.9952787,0.8217244,0.7833935,0.8126374,0.8382664,0.7949141,0,0,0,0,0,0,0,0,0,0,0,0,0,0,0,0,0,0,0,0,0,0,0,0,0,0.9434358,1,0.8752852,0.6752218,0.6815379,0.7673953,0.7640716,0.7783117,0.8268082,0.7994779,0.7318084,0.6977169,0.7003047,0,0,0,0,0
0,0,0,0,0,0,0,0,0,0,0,0,0,0,0.786799,0.8764659,1,0.9867498,0.8127692,0.7639866,0.6825498,0.7776381,0.7698678,0.7114125,0.7126447,0,0,0,0,0,0,0,0,0,0,0,0,0,0,0,0,0,0,0,0,0,0,0,0.9343676,1,0.915253,0.6958437,0.6929506,0.7347102,0.8110375,0.7891732,0.7652876,0.7361753,0.7379078,0.7315028,0,0,0,0,0,0
0,0,0,0,0,0,0,0,0.714681,0.6934389,0,0,0,0,0.8400559,0.8608299,1,0.984543,0,0.8213227,0.7950285,0,0.6958185,0.7348229,0.7368587,0,0,0,0,0,0,0,0,0,0,0,0,0,0,0,0,0,0,0,0,0,0,0.6811448,0.9501836,1,0.9067156,0.7246247,0,0.6876027,0,0.7865235,0.7516896,0.7881189,0.7827554,0.7031629,0,0,0,0,0,0
0,0,0,0,0,0,0,0,0.646643,0,0,0,0.6352664,0.7121108,0.7351662,0.8431395,1,0.984409,0.78935,0.7687026,0.7385452,0.6629726,0,0.6007784,0,0,0,0,0,0,0,0,0,0,0,0,0,0,0,0,0,0,0,0,0,0,0,0.717984,0.9352573,1,0.8901131,0.6639556,0.660399,0.7220599,0.7419652,0.6701106,0.6530837,0.6564764,0.6153336,0,0,0,0,0,0,0
0,0,0,0,0,0,0,0,0.6627844,0.6581562,0,0,0.731962,0.7397146,0.6851674,0.8303621,1,0.9863485,0.796966,0,0.6252825,0,0,0,0,0,0,0,0,0,0,0,0,0,0,0,0,0,0,0,0.5769684,0.5828117,0,0.640346,0.6207827,0.5707401,0.5987711,0.6987268,0.9435521,1,0.8951191,0.621399,0.6313309,0,0.6861656,0.6319387,0,0,0,0,0,0,0,0,0,0
0,0,0,0,0,0,0,0,0,0,0,0,0.7392582,0,0,0.8655008,1,0.9719459,0,0,0,0,0,0,0,0,0,0,0,0,0,0,0,0,0,0,0,0,0,0,0,0,0,0,0.671284,0,0,0.6928518,0.9497073,1,0.8931315,0,0,0,0,0,0,0,0,0,0,0,0,0,0,0
0,0,0,0,0,0,0,0,0,0,0.8144497,0.8351637,0.8058766,0.8263737,0.7825854,0.8416329,1,0.9946883,0.8088033,0,0,0,0,0,0,0,0,0,0,0,0,0,0,0,0,0,0,0,0,0,0,0,0,0,0.7634284,0.7582858,0,0,0.9537269,1,0.8922802,0,0,0,0,0,0,0,0,0,0,0,0,0,0,0
0,0,0,0,0,0,0,0,0,0,0,0,0,0,0,0.8842329,1,0.9795073,0.8236065,0,0,0,0,0,0,0,0,0,0,0,0,0,0,0,0,0,0,0,0,0,0,0,0,0.790455,0.8280005,0.8055227,0,0,0.9497205,1,0.9035301,0,0,0,0,0,0,0,0,0,0,0,0,0,0,0
0,0,0,0,0,0,0,0,0,0,0,0,0,0.8198671,0.7971759,0.8276901,1,0.9865839,0.784304,0,0,0,0,0,0,0,0,0,0,0,0,0,0,0,0,0,0,0,0,0,0,0,0.6847358,0.7593488,0.8104994,0.7807753,0.7306368,0.7647071,0.9507765,1,0.8966481,0,0,0,0,0,0,0,0,0,0,0,0,0,0,0
