GestureName: q
Duration(ms): 987
Handedness: right

SpeakerAngles: 2
55
-55

InterpretedPoints: 21
2.4201218523348,2.82431260731812
1.6134145682232,5.64862521463624
2.4201218523348,5.08376269317261
2.4201218523348,-7.34321277902711
0.806707284111599,-3.95403765024536
-0.806707284111599,-7.34321277902711
-0.806707284111599,-7.34321277902711
-2.4201218523348,-3.95403765024536
-2.4201218523348,-3.95403765024536
-0.806707284111599,-0.564862521463624
-0.806707284111599,-0.564862521463624
0,0
-1.6134145682232,4.51890017170899
-0.806707284111599,8.47293782195435
2.4201218523348,10.7323879078088
1.6134145682232,11.2972504292725
2.4201218523348,8.47293782195435
-0.806707284111599,-0.564862521463624
0,0
0,0
0,0

StrokePoints: 22
177.666666666667,130.277777777778
175.246544814332,127.45346517046
173.633130246109,121.804839955823
171.213008393774,116.721077262651
168.792886541439,124.064290041678
167.986179257327,128.018327691923
168.792886541439,135.36154047095
169.599593825551,142.704753249978
172.019715677886,146.658790900223
174.43983753022,150.612828550468
175.246544814332,151.177691071932
176.053252098444,151.742553593396
176.053252098444,151.742553593396
177.666666666667,147.223653421687
178.473373950778,138.750715599732
176.053252098444,128.018327691923
174.43983753022,116.721077262651
172.019715677886,108.248139440696
172.826422961997,108.81300196216
172.826422961997,108.81300196216
172.826422961997,108.81300196216
172.826422961997,108.81300196216

Velocities: 21
4,1
6,4
6,3
-5,-8
-3,-4
-7,-6
-7,-6
-5,-2
-5,-2
-1,0
-1,0
0,0
3,5
7,8
11,8
11,9
9,6
-1,0
0,0
0,0
0,0

InverseVelocities: 21
0,0
0,0
0,0
0,0
0,0
0,0
1,0
1,0
0,0
0,0
0,0
0,0
0,0
-2,0
-4,0
-5,-6
-8,-10
0,0
0,0
0,0
0,0

RawData: 21
0,0,0,0,0,0,0,0,0,0,0,0,0,0,0,0.8312302,1,0.9800861,0.8726876,0.9231319,0.9326238,0.9087071,0.8422795,0.7197115,0,0,0,0,0,0,0,0,0,0,0,0,0,0,0,0,0,0,0,0,0,0,0,0.6649168,0.9376034,1,0.9111623,0.8059689,0.8183653,0.6993018,0,0,0,0,0,0,0,0,0,0,0,0
0,0,0,0,0,0,0,0,0,0,0,0,0,0,0,0.8227203,1,0.9840963,0.8173801,0.7467659,0.7313928,0.8315265,0.9053903,0.85201,0.7759504,0.622251,0,0,0,0,0,0,0,0,0,0,0,0,0,0,0,0,0,0,0,0,0,0,0.9349588,1,0.9107469,0.7665445,0.8137944,0.7758538,0.8153844,0.7740133,0.6395649,0,0,0,0,0,0,0,0,0
0,0,0,0,0,0,0,0,0,0,0,0,0,0.7097898,0.7388952,0.8562917,0.9985238,1,0.8698046,0.6922683,0.7741206,0.772629,0.7980444,0.7449856,0.6831611,0.6588067,0,0,0,0,0,0,0,0,0,0,0,0,0,0,0,0,0,0,0,0,0.627156,0.69951,0.9424024,1,0.8871341,0,0.745322,0.7929989,0.7609721,0.6824261,0,0,0,0,0,0,0,0,0,0
0,0,0,0,0,0,0,0,0.7114419,0.7521027,0.7419494,0.7496938,0.8556603,0.8621118,0.8282595,0.9198782,1,0.9511256,0,0,0,0,0,0,0,0,0,0,0,0,0,0,0,0,0,0,0,0,0.6549221,0.695408,0.6949803,0,0.6673858,0.7539791,0.7100653,0,0,0.6709381,0.9445752,1,0.9013394,0,0,0,0,0,0,0,0,0,0,0,0,0,0,0
0,0,0,0,0,0,0,0,0,0,0.9034593,0,0.91862,0.9258119,0.89263,0,0.9962395,1,0,0,0,0,0,0,0,0,0,0,0,0,0,0,0,0,0,0,0,0,0,0,0,0,0.7758184,0.8078412,0,0,0,0,0.9451895,1,0.8993856,0,0,0,0,0,0,0,0,0,0,0,0,0,0,0
0,0,0,0,0,0,0.7252195,0.6785409,0.7864278,0.7174869,0.7298451,0.7950723,0.8402694,0.8639532,0.7865523,0.8500009,1,0.9608152,0.6711417,0.660143,0,0,0,0,0,0,0,0,0,0,0,0,0,0,0,0,0,0,0,0,0.6384658,0.6412873,0.721828,0.7766275,0.7899926,0.704177,0.6230286,0,0.939463,1,0.8793022,0.610008,0,0,0,0,0,0,0,0,0,0,0,0,0,0
0,0,0,0,0,0,0.6129334,0,0.7574171,0.8090211,0.8002985,0.7868313,0.6707474,0.8120986,0.7688009,0.7533041,1,0.9801855,0.6335552,0.6862265,0.6239757,0,0,0,0,0,0,0,0,0,0,0,0,0,0,0,0,0,0,0,0.6156194,0.6505238,0.5963802,0.681752,0.7831046,0.7379943,0.7523029,0.8021811,0.9461618,1,0.8781261,0.615432,0.5793114,0,0,0,0,0,0,0,0,0,0,0,0,0
0,0,0,0,0,0,0,0,0.7082239,0.7682598,0.6852385,0.7521344,0.6913601,0.8293695,0.6974944,0.849351,1,0.9914178,0.7755685,0.7250251,0.6679397,0,0,0,0,0,0,0,0,0,0,0,0,0,0,0,0,0,0,0,0,0,0,0,0.7304673,0.8008338,0.7819604,0.7892196,0.9510506,1,0.8974859,0.6466675,0,0,0,0,0,0,0,0,0,0,0,0,0,0
0,0,0,0,0,0,0,0,0.6879635,0,0.7436866,0.8051055,0.8829821,0.9040163,0.7329953,0.8628997,1,0.9805519,0.6938213,0,0,0,0,0,0,0,0,0,0,0,0,0,0,0,0,0,0,0,0,0,0,0,0,0,0.6472788,0.7220778,0.8039087,0.8521134,0.9515499,1,0.8843436,0,0,0,0,0,0,0,0,0,0,0,0,0,0,0
0,0,0,0,0,0,0,0,0,0,0,0,0.7451329,0,0.8879205,0.9465908,1,0.9673226,0.7483239,0,0,0,0,0,0,0,0,0,0,0,0,0,0,0,0,0,0,0,0,0,0,0,0,0,0,0,0,0.7886085,0.9218994,1,0.9014288,0,0,0,0,0,0,0,0,0,0,0,0,0,0,0
0,0,0,0,0,0,0,0,0,0,0,0,0.6891634,0,0.7566432,0.8476663,0.9754362,1,0.8040676,0,0,0,0,0,0,0,0,0,0,0,0,0,0,0,0,0,0,0,0,0,0,0,0,0,0,0,0.6423685,0.8170972,0.9630974,1,0.881489,0.6077101,0.649047,0,0,0,0,0,0,0,0,0,0,0,0,0
0,0,0,0,0,0,0,0,0,0,0,0,0,0,0,0.8534454,1,0.9710508,0.7424732,0.7246044,0,0,0,0,0,0,0,0,0,0,0,0,0,0,0,0,0,0,0,0,0,0,0,0,0,0,0.7111731,0.792725,0.9411238,1,0.8960564,0.8078961,0,0,0,0,0,0,0,0,0,0,0,0,0,0
0,0,0,0,0,0,0,0,0,0,0,0,0,0,0,0.8304005,1,0.9991515,0.8558069,0,0,0.8261456,0.8262147,0,0,0,0,0,0,0,0,0,0,0,0,0,0,0,0,0,0,0,0,0,0,0,0,0,0.9406011,1,0.8743067,0.8258348,0.8641913,0.7814991,0.7481737,0.7199762,0.6965709,0.7129135,0,0,0,0,0,0,0,0
0,0,0,0,0,0,0,0,0,0,0,0.6644694,0.6959265,0.708679,0,0.8360834,1,0.975035,0.7310808,0.750994,0.8064044,0.8166419,0.7785126,0.7741733,0.8288004,0.8312935,0.7757106,0,0,0,0,0,0,0,0,0,0,0,0,0,0,0,0,0,0,0,0.6703486,0.7163355,0.9463678,1,0.8929474,0.6715807,0.6851388,0.8127255,0.8014681,0.6911581,0.7253699,0.6794497,0,0.6816695,0.681198,0,0,0,0,0
0,0,0,0,0,0,0,0,0,0.7198666,0.6940607,0,0.7662769,0.8027013,0.7986709,0.8097497,0.999016,1,0.8928954,0.8009955,0.8601362,0.8608128,0.7070692,0.7337623,0.801855,0.7833015,0.741991,0.732524,0,0.6961872,0.7194694,0,0,0,0,0,0,0,0,0,0,0,0,0,0,0,0,0,0.9411111,1,0.8969178,0.7186534,0.7427686,0.7703254,0,0.7761282,0.7712077,0.7080809,0.7247546,0.7454557,0.6706284,0,0,0,0,0
0,0,0,0,0,0,0,0,0.8036187,0.8031468,0,0,0.8067543,0.7838442,0.7573122,0.7964734,1,0.9867801,0.8694724,0.8660109,0.8552041,0.7705603,0.8067861,0.774349,0.8534883,0.8375777,0,0.7977431,0.8591183,0.8432617,0.7697333,0,0,0,0,0,0,0,0,0,0.7306026,0.751087,0.7806269,0.7747395,0,0.7558352,0.7114138,0.7372485,0.9465325,1,0.9102096,0.7494642,0.750369,0,0,0.7166855,0,0,0.7367489,0,0.718932,0.7155947,0,0,0,0
0,0,0,0,0,0.6924576,0.7387168,0.7001716,0.7657493,0.7841445,0.7412867,0.7464254,0.760463,0.8156438,0.7273871,0.7942827,1,0.9912285,0.7582235,0.7412046,0.750623,0.7025605,0,0,0.6835317,0.6677841,0,0.6772852,0.7174367,0,0,0,0,0,0,0,0.642502,0.7112326,0.7164595,0.6972119,0.6437295,0.7000985,0.710791,0,0.723199,0.7584056,0.6843485,0.7217531,0.9418365,1,0.8979681,0.7027116,0.6796293,0.6556292,0,0,0.6395245,0.659027,0.6510172,0,0,0,0,0,0,0
0,0,0,0,0,0,0,0,0,0,0,0,0.7542391,0.7621681,0,0.8113002,1,0.9796144,0,0,0,0,0,0,0,0,0,0,0,0,0,0,0,0,0,0,0,0,0,0,0,0,0,0,0,0,0,0,0.9425387,1,0.8772431,0,0,0,0,0,0,0,0,0,0,0,0,0,0,0
0,0,0,0,0,0,0,0,0,0,0,0,0,0,0.7560053,0.8354315,1,0.9788328,0.7644635,0,0,0,0,0,0,0,0,0,0,0,0,0,0,0,0,0,0,0,0,0,0,0,0,0,0,0,0,0,0.9384747,1,0.8987912,0,0,0,0,0,0,0,0,0,0,0,0,0,0,0
0,0,0,0,0,0,0,0,0,0,0,0,0,0,0,0.7945244,1,0.9831321,0.711574,0,0,0,0,0,0,0,0,0,0,0,0,0,0,0,0,0,0,0,0,0,0,0,0,0,0,0,0,0.7022151,0.9498497,1,0.8799916,0,0,0,0,0,0,0,0,0,0,0,0,0,0,0
0,0,0,0,0,0,0,0,0,0,0,0,0,0,0,0.8049374,1,0.9938124,0.808625,0,0,0,0,0,0,0,0,0,0,0,0,0,0,0,0,0,0,0,0,0,0,0,0,0,0,0,0,0.6522442,0.9434906,1,0.8875478,0,0,0,0,0,0,0,0,0,0,0,0,0,0,0
