GestureName: s
Duration(ms): 1034
Handedness: right

SpeakerAngles: 2
55
-55

InterpretedPoints: 22
2.4201218523348,-3.95403765024536
-1.6134145682232,-2.25945008585449
0.806707284111599,0.564862521463624
0,0
1.6134145682232,1.12972504292725
0,0
0.806707284111599,0.564862521463624
0.806707284111599,0.564862521463624
-0.806707284111599,0.564862521463624
0,0
0.806707284111599,0.564862521463624
-0.806707284111599,2.82431260731812
-2.4201218523348,3.95403765024536
-0.806707284111599,1.69458756439087
-2.4201218523348,0.564862521463624
-2.4201218523348,-0.564862521463624
0.806707284111599,-2.82431260731812
4.03353642055799,1.69458756439087
7.26036555700439,3.95403765024537
8.06707284111599,4.51890017170899
11.2939019775624,2.25945008585449
6.45365827289279,-2.25945008585449

StrokePoints: 23
177.666666666667,130.277777777778
175.246544814332,134.231815428023
176.859959382555,136.491265513878
176.053252098443,135.926402992414
176.053252098443,135.926402992414
174.43983753022,134.796677949487
174.43983753022,134.796677949487
173.633130246109,134.231815428023
172.826422961997,133.66695290656
173.633130246109,133.102090385096
173.633130246109,133.102090385096
172.826422961997,132.537227863632
173.633130246109,129.712915256314
176.053252098443,125.758877606069
176.859959382555,124.064290041678
179.28008123489,123.499427520214
181.700203087225,124.064290041678
180.893495803113,126.888602648996
176.859959382555,125.194015084605
169.599593825551,121.23997743436
161.532520984435,116.721077262651
150.238619006872,114.461627176796
143.78496073398,116.721077262651

Velocities: 22
-2,-5
-3,-1
1,0
0,0
2,0
0,0
1,0
1,0
0,1
0,0
1,0
2,3
2,5
1,2
-1,2
-2,1
-2,-3
4,-1
8,-1
9,-1
9,-5
2,-6

InverseVelocities: 22
1,0
1,0
0,0
0,0
0,0
0,0
0,0
0,0
0,0
0,0
0,0
0,0
-1,0
-1,0
0,0
0,-3
1,0
0,3
0,5
0,7
0,2
0,0

RawData: 22
0,0,0,0,0,0,0,0,0,0,0,0.707028,0.75464,0.7573705,0.7716757,0.8829456,1,0.9686022,0.7813964,0.6676003,0.6591502,0,0,0,0,0,0,0,0,0,0,0,0,0,0,0,0,0,0,0,0,0.5700299,0.6087388,0.6348894,0.5931047,0.6824408,0.760971,0.8535523,0.9131415,1,0.8990908,0.6839933,0.625653,0,0,0,0,0,0,0,0,0,0,0,0,0
0,0,0,0,0,0,0,0,0,0,0.7495537,0.8037795,0.8299239,0.8576872,0.8285825,0.7983762,1,0.9764476,0.80711,0.8175496,0.7551079,0,0,0,0,0,0,0,0,0,0,0,0,0,0,0,0,0,0,0,0,0,0,0,0,0.6467785,0,0.763924,0.9576194,1,0.8913117,0,0,0,0,0,0,0,0,0,0,0,0,0,0,0
0,0,0,0,0,0,0,0,0,0,0,0,0,0,0,0.8112169,1,0.991919,0.8337384,0.7775339,0.7187177,0,0,0,0,0,0,0,0,0,0,0,0,0,0,0,0,0,0,0,0,0,0,0,0,0,0,0.6478057,0.9323103,1,0.8888845,0.7019113,0.6729977,0,0,0,0,0,0,0,0,0,0,0,0,0
0,0,0,0,0,0,0,0,0,0,0,0,0,0,0,0.7949932,1,0.9991102,0.8697259,0.7805521,0,0,0,0,0,0,0,0,0,0,0,0,0,0,0,0,0,0,0,0,0,0,0,0,0,0,0,0.7664542,0.9349747,1,0.8975082,0,0,0,0,0,0,0,0,0,0,0,0,0,0,0
0,0,0,0,0,0,0,0,0,0,0,0,0,0,0,0.7892196,0.9948788,1,0.8731608,0.7893268,0.7032005,0.6425977,0,0,0,0,0,0,0,0,0,0,0,0,0,0,0,0,0,0,0,0,0,0,0,0,0,0.7324916,0.9562943,1,0.867543,0.6032913,0,0,0,0,0,0,0,0,0,0,0,0,0,0
0,0,0,0,0,0,0,0,0,0,0,0,0,0,0,0.8503098,1,0.9719803,0,0,0,0,0,0,0,0,0,0,0,0,0,0,0,0,0,0,0,0,0,0,0,0,0,0,0,0,0,0,0.9448218,1,0.9090287,0,0,0,0,0,0,0,0,0,0,0,0,0,0,0
0,0,0,0,0,0,0,0,0,0,0,0,0,0,0,0.8539025,1,0.9875584,0.8405423,0.6543635,0.6437023,0,0,0,0,0,0,0,0,0,0,0,0,0,0,0,0,0,0,0,0,0,0,0,0,0,0,0.7000345,0.941948,1,0.8803476,0,0,0,0,0,0,0,0,0,0,0,0,0,0,0
0,0,0,0,0,0,0,0,0,0,0,0,0,0,0,0.8026121,1,0.9886519,0.830564,0.8267986,0.7033457,0,0,0,0,0,0,0,0,0,0,0,0,0,0,0,0,0,0,0,0,0,0,0,0,0,0,0.679904,0.9244279,1,0.9231085,0.7019534,0,0,0,0,0,0,0,0,0,0,0,0,0,0
0,0,0,0,0,0,0,0,0,0,0,0,0,0,0,0.8258853,1,0.9648079,0.9033166,0.811573,0,0,0,0,0,0,0,0,0,0,0,0,0,0,0,0,0,0,0,0,0,0,0,0,0,0,0,0,0.9613252,1,0.7740325,0.8310733,0.6584089,0.6287201,0,0,0,0,0,0,0,0,0,0,0,0
0,0,0,0,0,0,0,0,0,0,0,0,0,0,0,0.8242725,0.9995493,1,0.8824515,0.7589272,0,0,0,0,0,0,0,0,0,0,0,0,0,0,0,0,0,0,0,0,0,0,0,0,0,0,0,0.6744143,0.937822,1,0.9359993,0.797368,0,0,0,0,0,0,0,0,0,0,0,0,0,0
0,0,0,0,0,0,0,0,0,0,0,0,0,0,0,0.8435921,1,0.9828891,0.7985777,0.7507767,0.7148567,0,0,0,0,0,0,0,0,0,0,0,0,0,0,0,0,0,0,0,0,0,0,0,0,0,0,0.6797267,0.9576533,1,0.8673716,0.8091805,0.7003422,0,0,0,0,0,0,0,0,0,0,0,0,0
0,0,0,0,0,0,0,0,0,0,0,0,0,0.6314483,0.6129889,0.8440332,1,0.9686073,0.6637081,0.5999498,0.6486799,0.6395889,0,0,0,0,0,0,0,0,0,0,0,0,0,0,0,0,0,0,0,0,0,0,0,0,0,0,0.9400466,1,0.8849239,0.746206,0.7420809,0.6782174,0.635255,0.5827757,0,0,0,0,0,0,0,0,0,0
0,0,0,0,0,0,0,0,0,0,0,0,0.6227883,0.6887994,0.6300007,0.8533497,1,0.9779696,0.8328589,0.8099689,0.6830804,0.5924483,0,0,0,0,0,0,0,0,0,0,0,0,0,0,0,0,0,0,0,0,0,0,0,0,0.592925,0.658398,0.9449568,1,0.8806038,0,0.7454456,0.7292674,0.6413419,0.5834861,0.5902153,0.5771439,0,0,0,0,0,0,0,0
0,0,0,0,0,0,0,0,0,0,0,0,0.7324739,0.7807721,0.8377261,0.841076,0.9897321,1,0.8713818,0.7037754,0.7255122,0,0,0,0,0,0,0,0,0,0,0,0,0,0,0,0,0,0,0,0,0,0,0,0,0,0,0.707602,0.9469095,1,0.904269,0.7731086,0.8032722,0.748701,0.7120469,0,0,0,0,0,0,0,0,0,0,0
0,0,0,0,0,0,0,0,0,0,0,0,0.79969,0.8096957,0.8358706,0.8756487,1,0.9732868,0.7163633,0,0,0,0,0,0,0,0,0,0,0,0,0,0,0,0,0,0,0,0,0,0,0,0,0,0,0,0.6919916,0.7509801,0.9429291,1,0.8882074,0.7705764,0.7803968,0.7753487,0.7111031,0,0,0,0,0,0,0,0,0,0,0
0,0,0,0,0,0,0,0,0,0,0,0.748118,0.8264563,0.7565887,0.8101155,0.8867856,1,0.9812872,0.7786548,0,0,0,0,0,0,0,0,0,0,0,0,0,0,0,0,0,0,0,0,0,0,0,0,0.6422382,0.7071389,0.8298558,0.8158165,0.7908946,0.9129487,1,0.9116485,0.7049957,0.6814656,0.6815277,0,0,0,0,0,0,0,0,0,0,0,0
0,0,0,0,0,0,0,0,0,0,0,0.6861184,0.7901817,0.865429,0.8572959,0.7705552,1,0.9876753,0.8474603,0.7965412,0.6435703,0,0,0,0,0,0,0,0,0,0,0,0,0,0,0,0,0,0,0,0,0,0,0.5949417,0.7482917,0.8269899,0.7936198,0.7753696,0.9436813,1,0.9050207,0.6279704,0.6474683,0,0,0,0,0,0,0,0,0,0,0,0,0
0,0,0,0,0,0,0,0,0,0,0,0,0,0.652054,0.8355358,0.8685446,1,0.9889911,0.7836986,0.845208,0.8480229,0.7266556,0.6298454,0.6341836,0,0,0,0,0,0,0,0,0,0,0,0,0,0,0,0,0,0,0,0,0,0.6179439,0.7377067,0.8106816,0.9701692,1,0.8313254,0.6914142,0.7793413,0.727361,0.6824435,0.57011,0,0,0,0,0,0,0,0,0,0
0,0,0,0,0,0,0,0,0,0,0,0,0,0,0.6887735,0.8522676,1,0.9856177,0.7857298,0.8570706,0.8557733,0.8109353,0.8024328,0.7794067,0.7398622,0.7960188,0.7692006,0.6691164,0,0,0,0,0,0,0,0,0,0,0,0,0,0,0,0,0,0.5444729,0.620623,0.6833857,0.9136533,1,0.9147823,0.8344781,0.9228075,0.8336,0.6035278,0.5979816,0.6204027,0.5623065,0,0,0,0,0,0,0,0
0,0,0,0,0,0,0,0,0,0,0,0,0,0,0,0.8034728,0.9990988,1,0.803445,0,0.8728232,0.9414214,0.9267117,0.8873847,0.7297933,0.9165856,0.9364353,0.8549407,0.7152242,0,0,0,0,0,0,0,0,0,0,0,0,0,0,0,0,0.6653381,0.7650485,0.8182262,0.9461141,1,0.9017348,0.9029899,0.9359824,0.8767244,0.7812108,0.7284553,0.6394536,0,0.6479285,0.6637129,0,0,0,0,0,0
0,0,0,0,0,0,0,0,0,0,0,0,0,0,0.7179384,0.8124146,1,0.9562312,0.7136532,0.8169602,0.9148114,0.8985501,0.8094388,0.7202972,0.7397836,0,0.669797,0.7090915,0.6672177,0,0,0,0,0,0,0,0,0,0,0,0,0.6582714,0.7089051,0.7158827,0.7580822,0.7514684,0.7739301,0.7730646,0.9562063,1,0.8432454,0.6981792,0.7418322,0.6782504,0.611061,0,0,0,0,0,0,0,0,0,0,0
0,0,0,0,0,0,0,0,0,0,0,0,0,0,0.808906,0.8693414,1,0.9946985,0.8046318,0.8774736,0,0.7638558,0,0,0,0,0,0,0,0,0,0,0,0,0,0,0,0,0,0,0.6542022,0.6914047,0.7769785,0.820213,0.8133538,0.7545617,0.7231174,0.739432,0.9418298,1,0.8814412,0,0,0,0,0,0,0,0,0,0,0,0,0,0,0
