GestureName: w
Duration(ms): 1128
Handedness: right

SpeakerAngles: 2
55
-55

InterpretedPoints: 24
0,0
0,0
1.6134145682232,2.25945008585449
0.806707284111599,1.69458756439087
0.806707284111599,1.69458756439087
2.4201218523348,5.08376269317261
0.806707284111599,8.47293782195435
-0.806707284111599,10.7323879078088
-1.6134145682232,6.77835025756348
-1.6134145682232,3.38917512878174
-0.806707284111599,-6.21348773609986
-0.806707284111599,-5.08376269317261
1.6134145682232,-2.25945008585449
0,0
0.806707284111599,0.564862521463624
0,3.38917512878174
0.806707284111599,5.08376269317261
0.806707284111599,5.08376269317261
-0.806707284111599,1.69458756439087
0,-2.25945008585449
-0.806707284111599,-7.34321277902711
0,-11.2972504292725
4.03353642055799,-7.34321277902711
-1.6134145682232,-1.12972504292725

StrokePoints: 25
177.666666666667,130.277777777778
177.666666666667,130.277777777778
177.666666666667,130.277777777778
176.053252098443,128.018327691923
175.246544814332,126.323740127532
174.43983753022,124.629152563142
172.019715677885,119.545389869969
171.213008393774,111.072452048015
172.019715677885,100.340064140206
173.633130246109,93.5617138826423
175.246544814332,90.1725387538605
176.053252098443,96.3860264899604
176.859959382555,101.469789183133
175.246544814332,103.729239268987
175.246544814332,103.729239268987
174.43983753022,103.164376747524
174.43983753022,99.7752016187421
173.633130246109,94.6914389255695
172.826422961997,89.6076762323969
173.633130246109,87.913088668006
173.633130246109,90.1725387538605
174.43983753022,97.5157515328876
174.43983753022,108.81300196216
170.406301109662,116.156214741187
172.019715677885,117.285939784114

Velocities: 24
0,0
0,0
3,1
2,1
2,1
6,3
8,7
9,10
5,7
2,4
-6,-5
-5,-4
-1,-3
0,0
1,0
3,3
5,4
5,4
1,2
-2,-2
-7,-6
-10,-10
-4,-9
-2,0

InverseVelocities: 24
0,0
0,0
0,0
0,0
0,0
0,0
-1,0
-1,0
-3,-2
-8,-5
0,0
0,0
0,0
0,0
0,0
0,0
-2,0
-1,0
0,0
0,0
0,0
1,0
2,0
0,0

RawData: 24
0,0,0,0,0,0,0,0,0,0,0,0,0,0,0,0.8168159,0.9936261,1,0.8818007,0,0,0,0,0,0,0,0,0,0,0,0,0,0,0,0,0,0,0,0,0,0,0,0,0,0,0,0,0,0.9420368,1,0.897458,0,0,0,0,0,0,0,0,0,0,0,0,0,0,0
0,0,0,0,0,0,0,0,0,0,0,0,0,0,0,0.7995934,1,0.9444309,0.9108224,0.8088945,0,0,0,0,0,0,0,0,0,0,0,0,0,0,0,0,0,0,0,0,0,0,0,0,0,0,0,0.6261415,0.9437333,1,0.8586972,0.6017221,0.6070037,0,0,0,0,0,0,0,0,0,0,0,0,0
0,0,0,0,0,0,0,0,0,0,0,0,0,0,0,0.8051278,0.9928284,1,0.9316444,0.8434001,0.7372747,0.6945005,0.6534659,0,0,0,0,0,0,0,0,0,0,0,0,0,0,0,0,0,0,0,0,0,0,0,0,0.6874379,0.947679,1,0.8875503,0.8183835,0.723069,0.5927856,0,0,0,0,0,0,0,0,0,0,0,0
0,0,0,0,0,0,0,0,0,0,0,0,0,0,0,0.8089605,0.9960333,1,0.9098854,0.8313833,0.7546443,0.7504116,0,0,0,0,0,0,0,0,0,0,0,0,0,0,0,0,0,0,0,0,0,0,0,0,0,0.6788595,0.934393,1,0.8392076,0.8867748,0.8534482,0.7101153,0,0,0,0,0,0,0,0,0,0,0,0
0,0,0,0,0,0,0,0,0,0,0,0,0,0,0,0.8592942,1,0.9603304,0.8378703,0.841271,0.8990904,0.8525214,0,0,0,0,0,0,0,0,0,0,0,0,0,0,0,0,0,0,0,0,0,0,0,0,0,0,0.9385154,1,0.8863086,0.7884195,0.78622,0.7687346,0,0,0,0,0,0,0,0,0,0,0,0
0,0,0,0,0,0,0,0,0,0,0,0,0,0,0,0.8356491,1,0.9760451,0.8463022,0.8894344,0.8854654,0.9470895,0.9018243,0.722012,0.7226068,0.6926988,0,0,0,0,0,0,0,0,0,0,0,0,0,0,0,0,0,0,0,0,0,0,0.9370866,1,0.8939386,0.7498682,0.8025076,0.7865375,0.7256172,0.7104598,0,0,0,0,0,0,0,0,0,0
0,0,0,0,0,0,0,0,0,0,0,0,0.6977246,0.7219074,0,0.8191258,0.9956842,1,0.7864609,0.7868975,0.8172476,0.840298,0.826153,0.8562133,0.8446755,0.8822446,0.8556991,0.7318205,0,0,0,0,0,0,0,0,0,0,0,0,0,0,0,0,0,0,0,0.6452292,0.9487227,1,0.8662071,0,0.7451404,0.7894427,0.7248636,0.7822303,0.833006,0.7554929,0.6611441,0.6344352,0,0,0,0,0,0
0,0,0,0,0,0,0,0,0,0,0,0,0.7384155,0.7178996,0,0.8250554,1,0.9918398,0.7450193,0.776596,0.8138337,0.8797526,0.9340632,0.8994116,0.8857319,0.903677,0.875559,0.6795264,0.6967601,0,0,0,0,0,0,0,0,0,0,0,0,0,0,0,0,0,0,0,0.9422129,1,0.8825695,0.7060615,0.67312,0.6715149,0,0,0.809228,0.8050988,0.6383229,0.7303495,0.7082969,0.7062457,0.6596656,0,0,0
0,0,0,0,0,0,0,0,0,0,0.6766649,0.7244958,0.7479959,0.8600801,0.9160234,0.9095078,1,0.978724,0.7453667,0.8208612,0.7631683,0.8643759,0.8401012,0.819452,0.7627965,0,0,0,0,0,0,0,0,0,0,0,0,0,0,0,0,0,0,0,0.6749495,0.7316983,0.685161,0.7007139,0.9272568,1,0.8863884,0.8079779,0.7977889,0.723968,0.7241857,0.7536569,0.7158636,0.7264538,0.7529006,0.6787362,0,0,0,0,0,0
0,0,0,0,0,0.6288244,0.6244123,0.6952251,0.6096428,0.6147322,0.7947034,0.7568586,0.7471864,0.6189984,0.8317556,0.7464191,1,0.9888576,0.7905426,0.8254803,0.7810234,0.6918344,0,0,0,0,0,0,0,0,0,0,0,0,0,0,0,0,0,0,0,0.5806511,0.6454933,0.7526436,0.6910723,0.7389963,0.7189467,0.7867036,0.9241301,1,0.8408522,0.6937704,0.7757047,0.7295703,0.6390172,0.6637514,0.5827937,0,0,0,0,0,0,0,0,0
0,0,0,0,0,0,0,0.7610351,0.8218603,0.8366732,0.857937,0.8889498,0.8068279,0.8030717,0.8372596,0.6973701,1,0.9960389,0.7807176,0,0,0,0,0,0,0,0,0,0,0,0,0,0,0,0,0,0,0,0,0,0,0.7326439,0.7707263,0.708295,0.7537947,0.7914422,0.6800386,0.704278,0.9476653,1,0.8978904,0.672724,0.6689691,0,0,0,0,0,0,0,0,0,0,0,0,0
0,0,0,0,0,0,0,0,0.701632,0.7551507,0.763294,0.7569522,0.8199627,0.8258489,0.6972134,0.8426592,1,0.9800439,0.7710041,0,0,0,0,0,0,0,0,0,0,0,0,0,0,0,0,0,0,0,0,0,0,0,0.6818701,0.7228545,0.7588372,0.7380175,0,0.6973716,0.9489316,1,0.8931248,0,0,0,0,0,0,0,0,0,0,0,0,0,0,0
0,0,0,0,0,0,0,0,0,0,0,0,0.6395661,0.7395282,0.7145904,0.8321221,1,0.9710804,0.7034131,0,0,0,0,0,0,0,0,0,0,0,0,0,0,0,0,0,0,0,0,0,0,0,0,0.5716496,0.6304253,0.5768785,0.6794151,0.7229789,0.9402536,1,0.878688,0,0,0,0,0,0,0,0,0,0,0,0,0,0,0
0,0,0,0,0,0,0,0,0,0,0,0,0,0,0.6449223,0.859127,1,0.9782437,0.7361371,0,0,0,0,0,0,0,0,0,0,0,0,0,0,0,0,0,0,0,0,0,0,0,0,0,0,0,0,0.6988115,0.9231595,1,0.8925247,0,0,0,0,0,0,0,0,0,0,0,0,0,0,0
0,0,0,0,0,0,0,0,0,0,0,0,0,0.6474788,0.6946878,0.7748606,1,0.9903347,0.7552947,0.6655179,0.6937624,0,0,0,0,0,0,0,0,0,0,0,0,0,0,0,0,0,0,0,0,0,0,0,0,0,0,0.5853441,0.9380547,1,0.8770103,0.615706,0,0,0,0,0,0,0,0,0,0,0,0,0,0
0,0,0,0,0,0,0,0,0,0,0,0,0,0,0.6561586,0.7997983,1,0.9829311,0.761281,0.6630535,0.7647023,0.745391,0.6743827,0,0,0,0,0,0,0,0,0,0,0,0,0,0,0,0,0,0,0,0,0,0,0,0.6232076,0.6260492,0.9295433,1,0.8715442,0.7348182,0.7295613,0.6680532,0.6946545,0.6005815,0,0,0,0,0,0,0,0,0,0
0,0,0,0,0,0,0,0,0,0,0,0.5817886,0.6156039,0.6825134,0.7589886,0.7875705,1,0.9786628,0.7442936,0.7419671,0.6844493,0.6775771,0.6432099,0.6348048,0.5978903,0,0,0,0,0,0,0,0,0,0,0,0,0,0,0,0,0,0,0,0,0,0,0.5845302,0.9313731,1,0.8865561,0.6966769,0.7185681,0.7337964,0.7078627,0.5807995,0.6389709,0,0,0,0,0,0,0,0,0
0,0,0,0,0,0,0,0,0,0,0,0,0.7129444,0,0.7021682,0.8800844,1,0.9797579,0.7336801,0.7832271,0.8128591,0.7248358,0,0.7106907,0.7195926,0,0,0,0,0,0,0,0,0,0,0,0,0,0,0,0,0,0,0,0,0,0,0,0.9460638,1,0.9197696,0.7532542,0.7593049,0.7770945,0.720677,0,0.6998278,0,0,0,0,0,0,0,0,0
0,0,0,0,0,0,0,0,0,0,0,0,0,0,0.7962016,0.8812743,1,0.9900883,0.7915481,0,0.7605391,0,0,0,0,0,0,0,0,0,0,0,0,0,0,0,0,0,0,0,0,0,0,0,0,0,0,0.7839854,0.9635858,1,0.8565687,0.7869985,0,0.7675679,0.7388233,0,0,0,0,0,0,0,0,0,0,0
0,0,0,0,0,0,0,0,0,0,0,0.6626117,0.7764175,0.7514063,0.7926679,0.857911,1,0.9996338,0.7731446,0,0,0,0,0,0,0,0,0,0,0,0,0,0,0,0,0,0,0,0,0,0,0,0,0,0.7106636,0.7318181,0.8221306,0.8068921,0.9315752,1,0.8930579,0.6348355,0.7150114,0,0,0,0,0,0,0,0,0,0,0,0,0
0,0,0,0,0,0,0.6648807,0.7576449,0.7560344,0.6595824,0.7282894,0.7951439,0.730465,0.6794069,0.7442253,0.8427641,1,0.9755006,0.7265006,0.6564165,0,0,0,0,0,0,0,0,0,0,0,0,0,0,0,0,0,0,0,0,0.6703514,0.7322475,0.7422746,0.7490232,0.8180438,0.8537727,0.8148305,0.731102,0.9357817,1,0.894825,0.7171357,0.6677877,0,0,0,0,0,0,0,0,0,0,0,0,0
0,0,0,0.5956187,0.6039447,0.5956566,0.6210219,0.6796584,0.7146394,0.7121619,0.5807852,0.6354907,0.6531628,0.6330154,0,0.8268237,1,0.9790313,0.7957104,0.7417607,0.6248223,0,0,0,0,0,0,0,0,0,0,0,0,0,0,0,0.6155095,0.721341,0.7364426,0.660606,0.62594,0.7039542,0.6550733,0.6179849,0.6328074,0.7257187,0.7135958,0.6932505,0.9399914,1,0.8825856,0.6405939,0.6434665,0,0,0,0,0,0,0,0,0,0,0,0,0
0,0,0,0,0,0,0,0,0,0.6762663,0.7178034,0.6805848,0,0.6853908,0.6866473,0.8513727,1,0.9764869,0.7614076,0.7553734,0.7189251,0.6880555,0,0,0,0,0,0,0,0,0,0,0,0,0,0,0,0.6887996,0.6859631,0.6757701,0.7169639,0.739777,0.7169363,0.6850381,0,0,0,0.6762066,0.9437839,1,0.8916377,0,0,0,0,0,0,0,0,0,0,0,0,0,0,0
0,0,0,0,0,0,0,0,0,0,0,0.8165113,0.7883014,0,0,0.8747288,1,0.9859821,0.8052089,0,0,0,0,0,0,0,0,0,0,0,0,0,0,0,0,0,0,0,0,0,0,0,0,0,0,0,0,0,0.9507725,1,0.9065857,0,0,0,0,0,0,0,0,0,0,0,0,0,0,0
