GestureName: arrow
Duration(ms): 1175
Handedness: right

SpeakerAngles: 5
55
-55
0
0
110

SpeakerElevations: 5
-10
-10
-10
0
30

InterpretedPoints: 25
0.00709039723777505,1.2686643887376,0.32635182233307
0.827978475824924,4.21074615077359,0.805407289332278
-0.785436092398274,7.32527894671305,0.284462756331487
-1.5850529792721,8.01388856699923,0.610814578664557
0.827978475824924,4.21074615077359,0.805407289332278
-1.59214337650987,-2.46864916662949,1.5
-0.792526489636048,-19.4248959397951,3.60472266500395
-4.86860529362069,-9.01388856699923,-0.610814578664557
2.44139304404812,4.21074615077359,0.805407289332278
7.31708873490659,16.7375569453771,0.874332801995254
11.3789867444157,29.4460330767672,0.96420284765902
8.15215760796929,21.9727096460216,2.87433280199525
6.48201986184389,7.05946530796261,1.13175911166535
0.813797681349374,-0.296198132726024,0.5
-0.785436092398274,-12.0872754960814,2.88918542133544
-9.73012019000361,-12.9344145291515,-1.06892551266297
-6.49620065631944,-22.0093485282323,0.820259908672468
-4.88987648533402,-21.1482878740426,0.146611731005537
-0.827978475824924,-15.5239600446164,1.10472266500396
-0.806707284111599,-1.54967027447583,0.347296355333861
-1.62050496546097,0.746527858250192,-0.152703644666139
1.62050496546097,-3.9755934501291,1.19459271066772
1.62759536269875,-1.57720401846426,1.17364817766693
0,0,0
0,0,0

StrokePoints: 26
0,0,0
0.00709039723777505,1.2686643887376,0.32635182233307
0.835068873062699,5.47941053951119,1.13175911166535
0.0496327806644251,12.8046894862242,1.41622186799684
-1.53542019860767,20.8185780532235,2.02703644666139
-0.707441722782748,25.0293242039971,2.83244373599367
-2.29958509929262,22.5606750373676,4.33244373599367
-3.09211158892867,3.1357790975725,7.93716640099762
-7.96071688254936,-5.87810946942674,7.32635182233307
-5.51932383850124,-1.66736331865314,8.13175911166535
1.79776489640535,15.070193626724,9.0060919136606
13.176751640821,44.5162267034912,9.97029476131962
21.3289092487903,66.4889363495128,12.8446275633149
27.8109291106342,73.5484016574754,13.9763866749802
28.6247267919836,73.2522035247494,14.4763866749802
27.8392906995853,61.164928028668,17.3655720963157
18.1091705095817,48.2305134995165,16.2966465836527
11.6129698532623,26.2211649712843,17.1169064923252
6.72309336792824,5.07287709724168,17.2635182233307
5.89511489210331,-10.4510829473747,18.3682408883346
5.08840760799171,-12.0007532218505,18.7155372436685
3.46790264253074,-11.2542253636003,18.5628335990024
5.08840760799171,-15.2298188137294,19.7574263096701
6.71600297069046,-16.8070228321937,20.931074487337
6.71600297069046,-16.8070228321937,20.931074487337
6.71600297069046,-16.8070228321937,20.931074487337

Velocities: 25
0,1,0
0,2,2
0,4,3
-1,5,4
0,2,2
-3,2,1
-5,-2,-8
-3,-1,-4
1,1,2
6,5,7
10,8,11
4,6,8
4,0,1
0,0,0
-4,0,-4
-7,-2,-5
-8,-6,-8
-6,-7,-8
-3,-5,-7
-1,0,-1
-1,0,-1
-1,-2,-1
0,0,-1
0,0,0
0,0,0

InverseVelocities: 25
0,0,0
0,0,0
0,0,0
0,0,0
0,0,0
0,0,-4
0,0,0
0,0,0
0,0,0
0,0,0
0,0,0
0,0,0
0,0,0
0,0,0
0,0,0
0,0,0
0,0,0
0,0,0
0,0,0
0,0,0
1,0,0
2,0,1
0,0,1
0,0,0
0,0,0

RawData: 25
0,0,0,0,0,0,0,0,0,0,0,0,0,0,0,0.9115577,1,0.9133673,0.8384908,0,0,0,0,0,0,0,0,0,0,0,0,0,0,0,0,0,0,0,0,0,0,0,0,0,0,0,0,0,0,0.8743449,0.9726969,1,0.9359822,0.8153558,0,0,0,0,0,0,0,0,0,0,0,0,0,0,0,0,0,0,0,0,0,0,0,0,0,0,0,0.9499893,1,0.8584616,0.7157014,0,0,0,0,0,0,0,0,0,0,0,0,0,0,0,0,0,0,0,0,0,0,0,0,0,0,0,0,0,0.8606626,1,0.9460909,0.9466928,0.8796788,0.7001215,0,0,0,0,0,0,0,0,0,0,0,0,0,0,0,0,0,0,0,0,0,0,0,0,0,0,0,0.6835377,0.949569,1,0.9379016,0.8853588,0.8047248,0,0,0,0,0,0,0,0,0,0,0,0
0,0,0,0,0,0,0,0,0,0,0,0,0,0,0,0.9300895,1,0.9301336,0.9062673,0.7958716,0,0,0,0,0,0,0,0,0,0,0,0,0,0,0,0,0,0,0,0,0,0,0,0,0,0,0,0,0,0.8623632,0.8978881,0.9080067,0.9957669,1,0.9078484,0,0,0,0,0,0,0,0,0,0,0,0,0,0,0,0,0,0,0,0,0,0,0,0,0,0,0.9471089,1,0.8344211,0,0.8453828,0.8564243,0.7653421,0,0,0,0,0,0,0,0,0,0,0,0,0,0,0,0,0,0,0,0,0,0,0,0,0,0,0.848816,1,0.9675994,0.9000841,0.9282451,0.8449667,0.7820895,0,0,0,0,0,0,0,0,0,0,0,0,0,0,0,0,0,0,0,0,0,0,0,0,0,0,0.7633886,0.9719509,1,0.9004309,0.876684,0.8981779,0.8239725,0.7062671,0,0,0,0,0,0,0,0,0,0
0,0,0,0,0,0,0,0,0,0,0,0,0,0,0.7468569,0.8839927,1,0.9463646,0.7935601,0.7539418,0,0,0,0,0,0,0,0,0,0,0,0,0,0,0,0,0,0,0,0,0,0,0,0,0,0,0,0,0,0,0,0,0,0,0.9244465,1,0.8933545,0,0,0,0,0,0,0,0,0,0,0,0,0,0,0,0,0,0,0,0,0,0,0,0,0.9164387,1,0.8889436,0.8443081,0.7923121,0,0.8154461,0.7995655,0,0,0,0,0,0,0,0,0,0,0,0,0,0,0,0,0,0,0,0,0,0,0,0,0,0.8660472,1,0.9376082,0.7949513,0.8518505,0.7653068,0.7245288,0.7202658,0,0,0,0,0,0,0,0,0,0,0,0,0,0,0,0,0,0,0,0,0,0,0,0,0,0.6825637,0.9538692,1,0.8887523,0.7612523,0.8037763,0.7125091,0.6855587,0,0,0,0,0,0,0,0,0,0
0,0,0,0,0,0,0,0,0,0,0,0,0.6380036,0.630917,0.6951697,0.9496692,1,0.7647445,0.7493064,0,0,0,0,0,0,0,0,0,0,0,0,0,0,0,0,0,0,0,0,0,0,0,0,0,0,0,0,0,0,0,0,0,0,0.8776964,1,0.8876247,0.9318101,0.8565457,0,0,0,0,0,0,0,0,0,0,0,0,0,0,0,0,0,0,0,0,0,0.7219884,0.8257042,0.9490705,1,0.7479718,0.871357,0.7232236,0.7773087,0.745109,0.7441874,0.733897,0,0,0,0,0,0,0,0,0,0,0,0,0,0,0,0,0,0,0,0,0,0.608707,0.7234089,0.6998734,0.8265946,1,0.9836097,0.8529728,0.6781965,0.6967294,0.6255393,0.5992036,0,0,0,0,0,0,0,0,0,0,0,0,0,0,0,0,0,0,0,0,0,0,0,0.6308342,0.6116272,0.7086263,0.9670041,1,0.8376665,0,0.6595702,0.8019814,0.674694,0.6130213,0,0,0,0,0,0,0,0,0
0,0,0,0,0,0,0,0,0,0,0,0,0,0.8575709,0.8687235,0.9193515,1,0.9218435,0,0,0,0,0,0,0,0,0,0,0,0,0,0,0,0,0,0,0,0,0,0,0,0,0,0,0,0,0,0,0,0.9519055,0.9452059,0.8983738,0.9749371,1,0.9256365,0,0,0,0,0,0,0,0,0,0,0,0,0,0,0,0,0,0,0,0,0,0,0,0,0,0,0.9712722,1,0.8818197,0,0.8865471,0.8887567,0.8184282,0,0,0,0,0,0,0,0,0,0,0,0,0,0,0,0,0,0,0,0,0,0,0.7871298,0.8280976,0.8749433,0.879168,0.7986916,1,0.9732512,0,0,0.8608692,0.8406444,0,0,0,0,0,0,0,0,0,0,0,0,0,0,0,0,0,0,0,0,0,0,0,0,0,0.8017429,0.7860805,0.9639661,1,0.8772247,0,0.7779902,0.8652462,0.8280091,0,0,0,0,0,0,0,0,0,0
0,0,0,0,0,0,0,0,0,0,0.7300904,0.7746423,0,0,0,0.9179145,1,0.8894753,0,0,0,0,0,0,0,0,0,0,0,0,0,0,0,0,0,0,0,0,0,0,0,0,0,0,0,0,0,0,0.9264743,1,0.9324471,0,0.9250178,0,0.8885446,0,0,0,0,0,0,0,0,0,0,0,0,0,0,0,0,0,0,0,0,0.7688342,0.7410638,0,0.7553727,0.7432768,0,0.9517373,1,0.866042,0,0,0.7248064,0,0,0,0,0,0,0,0,0,0,0,0,0,0,0,0,0,0,0,0,0,0,0,0.72297,0.760052,0.757765,0,0.8396497,1,0.9689772,0.7562469,0,0,0,0,0,0,0,0,0,0,0,0,0,0,0,0,0,0,0,0,0,0,0,0,0,0.6837943,0.7202423,0.7668561,0.7368861,0.7799031,0.9700564,1,0.8605086,0,0.7450193,0.7173268,0.7047247,0,0,0,0,0,0,0,0,0,0
0,0,0,0,0,0,0,0,0.6696993,0.7227734,0.7078038,0.7525509,0.7204499,0.739627,0.8241121,0.9122336,1,0.9048668,0,0,0,0,0,0,0,0,0,0,0,0,0,0,0,0,0,0,0,0,0,0,0,0,0,0,0.9246815,0.9954213,0.8627264,0,0.9538258,0.94476,1,0,0,0,0,0,0,0,0,0,0,0,0,0,0,0,0,0,0,0,0,0.6725627,0.7367282,0.7002953,0.7250615,0.6907584,0.7925292,0.8198908,0.7097358,0,0,0.9317906,1,0.8660983,0.6715243,0,0,0,0,0,0,0,0,0,0,0,0,0,0,0,0,0,0,0,0,0.7306721,0.7851518,0.7907921,0.7738554,0.7175404,0.6747286,0.6601931,0,0.6304512,0.8713722,1,0.9402619,0.6346484,0,0,0,0,0,0,0,0,0,0,0,0,0,0,0,0,0,0,0,0,0,0.6767161,0.72014,0.6039993,0.7138039,0.8140188,0.812618,0.7098745,0.6991147,0.683839,0.9579855,1,0.8503883,0,0,0.6158065,0,0,0,0,0,0,0,0,0,0,0
0,0,0,0,0,0,0,0,0,0,0.7197852,0.7191177,0,0.809483,0.848218,0.9374059,1,0.9058537,0,0,0,0,0,0,0,0,0,0,0,0,0,0,0,0,0,0,0,0,0,0,0,0,0,0,0,0.9431018,0.9930469,0,0,0.9883129,1,0,0,0,0,0,0,0,0,0,0,0,0,0,0,0,0,0,0,0,0,0,0,0,0,0.7467858,0.7797617,0.7801486,0.7686453,0.7026532,0.7220099,0.9416119,1,0.8590524,0,0,0,0,0,0,0,0,0,0,0,0,0,0,0,0,0,0,0,0,0,0,0,0,0.7150406,0.78266,0.8030123,0.7691597,0.7426186,0.6798998,0.8172922,1,0.9648538,0.7089498,0,0,0,0,0,0,0,0,0,0,0,0,0,0,0,0,0,0,0,0,0,0,0,0.6625792,0.6438094,0.7711909,0.7943066,0.7587107,0.6881133,0.7024981,0.9626374,1,0.862475,0,0,0,0,0,0,0,0,0,0,0,0,0,0
0,0,0,0,0,0,0,0,0,0,0,0,0,0,0,0.9111227,1,0.9017531,0.8070701,0.7536991,0.6333092,0,0,0,0,0,0,0,0,0,0,0,0,0,0,0,0,0,0,0,0,0,0,0,0,0,0,0,0.856086,1,0.9891884,0.9517534,0.9369054,0.8482276,0,0,0,0,0,0,0,0,0,0,0,0,0,0,0,0,0,0,0,0,0,0,0,0,0,0,0.6487266,0.9084405,1,0.9370564,0.8462203,0.7949858,0.7205495,0.651195,0,0,0,0,0,0,0,0,0,0,0,0,0,0,0,0,0,0,0,0,0,0,0,0,0,0.6325433,0.8480083,1,0.9554978,0.7277005,0.7106633,0.6938218,0.6546847,0,0,0,0,0,0,0,0,0,0,0,0,0,0,0,0,0,0,0,0,0,0,0,0,0,0,0.6851677,0.9597672,1,0.8655076,0.7208121,0.7158592,0.6954003,0.6487167,0,0,0,0,0,0,0,0,0,0
0,0,0,0,0,0,0,0,0,0,0,0,0,0,0,0.9047917,1,0.8934659,0.7224009,0.8159143,0.7973467,0.8117878,0.8218282,0.8018655,0.7476814,0.6493187,0,0,0,0,0,0,0,0,0,0,0,0,0,0,0,0,0,0,0,0,0,0,0,1,0.9739032,0.8434659,0.9460009,0.9658864,0.9562271,0.9997317,0.9587192,0.8588836,0,0,0,0,0,0,0,0,0,0,0,0,0,0,0,0,0,0,0,0,0,0,0.631623,0.9278575,1,0.8836848,0.7036571,0.7325451,0.7569154,0.8604544,0.879901,0.8479104,0.7842518,0.7182521,0.6581176,0,0,0,0,0,0,0,0,0,0,0,0,0,0,0,0,0,0,0,0,0,0.8413004,1,0.9621802,0.8021579,0.7351755,0.7863031,0.7852505,0.7598402,0.8035901,0.7773438,0.7042522,0,0,0,0,0,0,0,0,0,0,0,0,0,0,0,0,0,0,0,0,0,0,0.6757984,0.9613178,1,0.8300944,0.6029668,0.5812511,0.5680324,0.7225614,0.724907,0.6915708,0.7221367,0.6939818,0.5822152,0,0,0,0,0
0,0,0,0,0,0,0,0,0,0,0,0,0,0,0,0.9222463,1,0.8758681,0.7813415,0.6736178,0.7121975,0,0.7408069,0,0.75304,0.755019,0,0.7131751,0.7306006,0.6558917,0,0,0,0,0,0,0,0,0,0,0,0,0,0,0,0,0,0,0.8052874,1,0.9608655,0.8494115,0.843087,0.828191,0.9023294,0.8921517,0.8941611,0.832357,0.9235737,0.9233265,0.8677596,0,0,0,0,0,0,0,0,0,0,0,0,0,0,0,0,0,0,0,0.6615523,0.946827,1,0.8217092,0.7789149,0.6317924,0.6810561,0.634744,0.7253589,0.683324,0.8219434,0.6554812,0.6960363,0.6823394,0.7412714,0.7441659,0.7079194,0,0,0,0,0,0,0,0,0,0,0,0,0,0,0,0,0,0.8079616,1,0.975071,0.832765,0.7592523,0.7161644,0,0.7758092,0.7153901,0.7127851,0.7907121,0.765048,0.732748,0.756797,0.7417881,0.7414259,0.6766881,0,0,0,0,0,0,0,0,0,0,0,0,0,0,0,0,0.7305908,0.9707785,1,0.8302761,0.7106443,0.6984477,0.6506959,0.6206802,0.6208504,0.5950074,0.6441091,0.7087342,0.7473409,0.7435099,0.6909024,0.6528841,0.6673768,0.6047766
0,0,0,0,0,0,0,0,0,0,0,0,0,0,0,0.9092449,1,0.8987576,0.7588882,0.7906743,0.781984,0.713342,0.7774653,0.7643702,0,0,0,0,0,0,0,0,0,0,0,0,0,0,0,0,0,0,0,0,0,0,0,0,0,1,0.9882216,0.8846446,0.8951355,0,0.9119117,0.9492695,0.966153,0.9303782,0.8611077,0,0,0,0,0,0,0,0,0,0,0,0,0,0,0,0,0,0,0,0,0,0,0.9460692,1,0.8824584,0.7155744,0.7301992,0.7427561,0.7742181,0.7556817,0.7890686,0.692754,0.7783733,0.7868248,0.7271694,0,0,0,0,0,0,0,0,0,0,0,0,0,0,0,0,0,0,0,0.7072846,0.8608106,1,0.9497267,0.7678027,0.7739769,0.7725518,0.6965714,0.7746999,0.7484368,0.7964538,0.7611542,0,0.7014664,0.686448,0.7155136,0.7291836,0.6904836,0,0,0,0,0,0,0,0,0,0,0,0,0,0,0,0,0.6804219,0.9655265,1,0.8536965,0.724876,0.7359092,0.689313,0.725504,0.7654324,0.6953719,0.6856264,0,0,0,0,0,0.6476443,0
0,0,0,0,0,0,0,0,0,0,0,0,0,0,0,0.9301667,1,0.9130381,0.8400356,0.7497947,0.7486906,0.8314492,0.8257667,0.7687781,0,0,0,0,0,0,0,0,0,0,0,0,0,0,0,0,0,0,0,0,0,0,0,0,0.9200981,1,0.9180151,0,0,0,0,0,0,0,0,0,0,0,0,0,0,0,0,0,0,0,0,0,0,0,0,0,0,0,0,0,0,0.9502897,1,0.8542236,0.7468427,0.7408237,0.7680261,0,0,0,0,0,0,0,0,0,0,0,0,0,0,0,0,0,0,0,0,0,0,0,0,0,0,0,0.8556228,1,0.98671,0.8418993,0.7898088,0.7848896,0,0,0,0.7293031,0,0,0,0,0,0,0,0,0,0,0,0,0,0,0,0,0,0,0,0,0,0,0,0,0.9663907,1,0.8476248,0.7640138,0.7475511,0.7137457,0,0.6973574,0,0,0,0,0,0,0,0,0
0,0,0,0,0,0,0,0,0,0,0,0,0,0,0.8025903,0.9226221,1,0.9353178,0.7605685,0.7173597,0,0,0,0,0,0,0,0,0,0,0,0,0,0,0,0,0,0,0,0,0,0,0,0,0,0,0,0,0.8348334,1,0.9969155,0.8887749,0,0,0,0,0,0,0,0,0,0,0,0,0,0,0,0,0,0,0,0,0,0,0,0,0,0,0,0.6758868,0.7208967,0.9417168,1,0.9118831,0.7280151,0,0,0,0,0,0,0,0,0,0,0,0,0,0,0,0,0,0,0,0,0,0,0,0,0,0,0,0,0.8063045,0.7522181,1,0.8953928,0.8642101,0.7154443,0,0,0,0,0,0,0,0,0,0,0,0,0,0,0,0,0,0,0,0,0,0,0,0,0,0,0,0,0,0.9666242,1,0.8584427,0.6586087,0.6833692,0,0,0,0,0,0,0,0,0,0,0,0
0,0,0,0,0,0,0,0,0,0.7005295,0.8230284,0.8652589,0.8383549,0.7873037,0.7500096,0.919572,1,0.8918003,0,0,0,0,0,0,0,0,0,0,0,0,0,0,0,0,0,0,0,0,0,0,0,0,0,0,0,0,0,0,0.826646,0.978955,1,0.9114631,0.7854646,0,0,0,0,0,0,0,0,0,0,0,0,0,0,0,0,0,0,0,0,0,0,0.707503,0.7696276,0.790653,0.8130422,0.7627091,0.7757714,0.9309509,1,0.8934698,0.6835141,0,0,0,0,0,0,0,0,0,0,0,0,0,0,0,0,0,0,0,0,0,0,0.6432712,0.703552,0.719206,0.6536172,0.6787095,0.759073,0.7778745,0.8791124,1,0.95432,0.7157409,0,0,0,0,0,0,0,0,0,0,0,0,0,0,0,0,0,0,0,0,0,0,0,0,0.6441799,0.7183709,0.7116704,0.708487,0.6834082,0.650106,0.9621869,1,0.8784708,0.691525,0,0.6141132,0.6192018,0,0,0,0,0,0,0,0,0,0
0,0,0,0,0,0,0.749541,0.8212546,0.8299792,0,0.8600919,0.841584,0.7958013,0.7939811,0.860445,0.9252337,1,0.9008901,0,0,0,0,0,0,0,0,0,0,0,0,0,0,0,0,0,0,0,0,0,0,0,0,0,0,0.9048811,0.9475685,1,0.9831262,0,0.9031832,0,0,0,0,0,0,0,0,0,0,0,0,0,0,0,0,0,0,0,0,0,0,0,0,0.8121219,0.8537634,0.791842,0,0.7936047,0.7849247,0.7634415,0.9383305,1,0.8763536,0,0,0,0,0,0,0,0,0,0,0,0,0,0,0,0,0,0,0,0,0,0,0,0.812997,0.8287719,0.7972483,0,0.7887364,0.7919056,0.8201877,0.7770631,1,0.967269,0,0,0,0,0,0,0,0,0,0,0,0,0,0,0,0,0,0,0,0,0,0.6789218,0.6845986,0.692575,0.6980596,0.7639825,0.7058284,0,0.703154,0.7751013,0.7500499,0.9544657,1,0.872563,0,0,0,0,0,0,0,0,0,0,0,0,0,0
0,0,0,0,0,0.7867416,0.8188006,0.7799984,0.842767,0.8460174,0.8146985,0,0.8237718,0.771809,0.7939188,0.937713,1,0.9017122,0,0,0,0,0,0,0,0,0,0,0,0,0,0,0,0,0,0,0,0,0,0,0.9657016,1,0.9486014,0.9371025,0.9520229,0.9230322,0,0,0,0,0,0,0,0,0,0,0,0,0,0,0,0,0,0,0,0,0,0,0,0,0,0.7496216,0.7462147,0.8044105,0.7270813,0,0,0.7407658,0.736131,0.7348965,0.745214,0.9534597,1,0.8688421,0.6983779,0,0,0,0,0,0,0,0,0,0,0,0,0,0,0,0,0,0,0,0.7239477,0.7487316,0.7443534,0.8303705,0.7930112,0.8260204,0.843672,0.7078903,0,0,0.8137763,1,0.970228,0,0,0,0,0,0,0,0,0,0,0,0,0,0,0,0,0,0,0,0,0,0,0.7624311,0.7672785,0.7646896,0.6986502,0.7661711,0.693307,0,0,0,0.9666588,1,0.8469616,0,0,0,0,0,0,0,0,0,0,0,0,0,0
0,0,0,0,0,0,0,0.7122801,0.7790613,0.812264,0.859727,0.8845305,0.8650484,0.7279642,0.6508231,0.9053152,1,0.8930327,0,0,0,0,0,0,0,0,0,0,0,0,0,0,0,0,0,0,0,0,0,0.8464726,1,0.9865376,0.7779758,0.8779731,0.9175874,0.8650221,0.9074222,0.8485423,0.8549531,0.8544949,0,0,0,0,0,0,0,0,0,0,0,0,0,0,0,0,0,0,0,0,0,0.661498,0.8135769,0.8536808,0.7966241,0.7802479,0.8256931,0.7449003,0.6918756,0.6562264,0.7542253,0.9395618,1,0.8487257,0,0,0,0,0,0,0,0,0,0,0,0,0,0,0,0,0,0,0,0,0.5983867,0.6758221,0.6667402,0.7647369,0.7995117,0.8115221,0.6804553,0.785523,0,0,0.8482599,1,0.9550769,0.6165625,0,0,0,0,0,0,0,0,0,0,0,0,0,0,0,0,0,0,0,0,0.6590245,0.7391862,0.7085847,0.6260724,0.7803264,0.8167924,0.7783678,0.7299467,0.7415817,0.7874802,0.9633999,1,0.8483075,0,0,0,0,0,0,0,0,0,0,0,0,0,0
0,0,0,0,0,0,0,0,0,0,0.7500027,0.8898728,0.9208232,0.8514912,0.800792,0.8531147,1,0.8922248,0,0,0,0,0,0,0,0,0,0,0,0,0,0,0,0,0,0,0,0,0,0,0,0.7544408,0,0.7661424,0.9377229,1,0.8487157,0.8873913,0.8435254,0.8039129,0.7830783,0,0,0,0,0,0,0,0,0,0,0,0,0,0,0,0,0,0,0,0,0,0.6273123,0.6647391,0.7092346,0.6386659,0.7575598,0.8993573,0.9480323,0.8896177,0.7320068,0.9347278,1,0.860904,0,0,0,0,0,0,0,0,0,0,0,0,0,0,0,0,0,0,0,0,0,0,0,0.6326354,0.6203468,0.7066755,0.7868059,0.850387,0.8341112,0.7571284,0.8718654,1,0.961861,0.6358634,0,0,0,0,0,0,0,0,0,0,0,0,0,0,0,0,0,0,0,0,0,0,0,0,0.6960185,0.7632019,0.755509,0.7180164,0.6979956,0.716386,0.9686414,1,0.8443002,0,0,0,0,0,0,0,0,0,0,0,0,0,0
0,0,0,0,0,0,0,0,0,0,0,0,0.8104365,0.8977112,1,0.9402697,0.9992464,0.9039299,0,0,0,0,0,0,0,0,0,0,0,0,0,0,0,0,0,0,0,0,0,0,0,0,0,0,0,0,0.9381987,0.9760208,1,0.9388291,0,0,0,0,0,0,0,0,0,0,0,0,0,0,0,0,0,0,0,0,0,0,0,0,0,0,0,0,0.7682652,0.8631354,0.8894513,0.9746885,1,0.8586287,0,0,0,0,0,0,0,0,0,0,0,0,0,0,0,0,0,0,0,0,0,0,0,0,0,0,0,0,0.6967999,0.8072053,0.9005056,1,0.9559848,0.6740895,0,0,0,0,0,0,0,0,0,0,0,0,0,0,0,0,0,0,0,0,0,0,0,0,0,0,0,0,0,0.7227422,0.9699759,1,0.8226619,0.6732664,0,0,0,0,0,0,0,0,0,0,0,0,0
0,0,0,0,0,0,0,0,0,0,0,0,0.7500184,0.8693002,0.800558,0.9212866,1,0.8963323,0.8108434,0.8248063,0.7776284,0,0,0,0,0,0,0,0,0,0,0,0,0,0,0,0,0,0,0,0,0,0,0,0,0,0,0,0,0,0,0,0,0,0,0,0,0,0,0,0,0,0,0,0,0,0,0,0,0,0,0,0,0,0,0,0,0,0.7270496,0.745544,0,0.9381131,1,0.8642497,0.7608404,0.7418985,0,0,0,0,0,0,0,0,0,0,0,0,0,0,0,0,0,0,0,0,0,0,0,0,0,0.7156767,0.7619241,0,0.8529786,1,0.9628197,0.8230705,0.8163248,0.7373577,0.6578461,0,0,0,0,0,0,0,0,0,0,0,0,0,0,0,0,0,0,0,0,0,0,0,0.6292615,0.6930752,0,0.6301335,0.951113,1,0.8674185,0.716237,0,0,0,0,0,0,0,0,0,0,0,0,0
0,0,0,0,0,0,0,0,0,0,0,0,0.6684986,0.7992021,0.7103381,0.8735675,1,0.927514,0.7949731,0.6845037,0.7794226,0.7403439,0,0,0,0,0,0,0,0,0,0,0,0,0,0,0,0,0,0,0,0,0,0,0.9227682,0.9876229,0.9238995,0,0,1,0.989387,0.8900673,0.9013173,0,0,0,0,0,0,0,0,0,0,0,0,0,0,0,0,0,0,0,0,0,0,0,0,0,0.7166791,0.8158659,0.8045387,0.9406447,1,0.8351334,0.7378365,0.6948171,0.6203638,0,0,0,0,0,0,0,0,0,0,0,0,0,0,0,0,0,0,0,0,0,0,0,0,0.6209647,0.7768992,0.8166038,0.8096294,1,0.9657238,0.7607723,0.722387,0,0,0,0,0,0,0,0,0,0,0,0,0,0,0,0,0,0,0,0,0,0,0,0,0,0,0.6929238,0.7470375,0.7226083,0.9652491,1,0.820643,0.7068946,0.6677412,0,0,0,0,0,0,0,0,0,0,0,0
0,0,0,0,0,0,0,0,0,0,0,0,0,0,0.8142914,0.8998284,1,0.9029188,0,0,0,0,0,0,0,0,0,0,0,0,0,0,0,0,0,0,0,0,0,0,0,0,0,0,0,0,0,0,0.8844445,1,0.9661483,0,0,0,0,0,0,0,0,0,0,0,0,0,0,0,0,0,0,0,0,0,0,0,0,0,0,0,0.7264933,0.7341638,0.8093574,0.9502801,1,0.8701304,0.6821014,0.730767,0.6823497,0,0,0,0,0,0,0,0,0,0,0,0,0,0,0,0,0,0,0,0,0,0,0,0,0,0.6511492,0.7649062,0.8960879,1,0.9432857,0,0.6390326,0,0,0,0,0,0,0,0,0,0,0,0,0,0,0,0,0,0,0,0,0,0,0,0,0,0,0,0.6375473,0,0.9535425,1,0.8581631,0,0.6622052,0.6674836,0,0,0,0,0,0,0,0,0,0,0
0,0,0,0,0,0,0,0,0,0,0,0,0,0,0,0.9305181,1,0.9109489,0,0,0,0,0,0,0,0,0,0,0,0,0,0,0,0,0,0,0,0,0,0,0,0,0,0,0,0,0.890869,0.9202499,0.9051846,1,0.992357,0,0,0,0,0,0,0,0,0,0,0,0,0,0,0,0,0,0,0,0,0,0,0,0,0,0,0,0,0,0,0.8610186,1,0.9098307,0,0,0,0,0,0,0,0,0,0,0,0,0,0,0,0,0,0,0,0,0,0,0,0,0,0,0,0,0,0,0.8748662,1,0.9546113,0.7124103,0,0,0,0,0,0,0,0,0,0,0,0,0,0,0,0,0,0,0,0,0,0,0,0,0,0,0,0.6790726,0.6916453,0,0.958679,1,0.8622782,0,0,0,0,0,0,0,0,0,0,0,0,0,0
0,0,0,0,0,0,0,0,0,0,0,0,0,0,0,0.9349331,1,0.9056896,0,0,0,0,0,0,0,0,0,0,0,0,0,0,0,0,0,0,0,0,0,0,0,0,0,0,0,0,0,0,0,1,0.9780066,0,0,0,0,0,0,0,0,0,0,0,0,0,0,0,0,0,0,0,0,0,0,0,0,0,0,0,0,0,0,0.9575077,1,0.8992838,0,0,0,0,0,0,0,0,0,0,0,0,0,0,0,0,0,0,0,0,0,0,0,0,0,0,0,0,0,0,0.8677782,1,0.9655201,0,0,0,0,0,0,0,0,0,0,0,0,0,0,0,0,0,0,0,0,0,0,0,0,0,0,0,0,0,0,0,0.9692702,1,0.8833023,0,0,0,0,0,0,0,0,0,0,0,0,0,0
