GestureName: caret
Duration(ms): 752
Handedness: right

SpeakerAngles: 5
55
-55
0
0
110

SpeakerElevations: 5
-10
-10
-10
0
30

InterpretedPoints: 16
0,0,0
1.62759536269875,3.63666932642686,-0.0418890660015822
4.06898840674687,4.60315763833375,1.63175911166535
6.50329105355722,20.1634801210304,0.0270364466613926
8.94468409760534,22.3894185187918,1.0060919136606
9.74430098447916,17.4565510596389,1.54798097966218
3.27646191711082,19.1786723680182,0.200684624328323
3.24810032815972,5.79080091922501,0.805407289332278
0.813797681349374,-0.296198132726024,0.5
1.62050496546097,-4.83067616021406,1.02094453300079
0.813797681349374,-17.8536698654355,3.27837084267089
-10.543917871353,-18.302805075632,-1.39527733499604
-13.7849278022749,-19.855326100095,-2.22162915732911
-9.74430098447916,-20.2964415227361,-1.54798097966218
-1.63468575993652,-8.63069138232218,-0.805407289332278
0,-0.984807753012208,0.17364817766693

StrokePoints: 17
0,0,0
0,0,0
1.62759536269875,3.63666932642686,-0.0418890660015822
5.69658376944562,8.23982696476062,1.58987004566377
12.1998748230028,28.403307085791,1.61690649232516
21.1445589206082,50.7927256045828,2.62299840598576
30.8888599050873,68.2492766642217,4.17097938564794
34.1653218221982,87.4279490322399,4.37166400997627
37.4134221503579,93.2187499514649,5.17707129930854
38.2272198317072,92.9225518187389,5.67707129930854
39.8477247971682,88.0918756585248,6.69801583230934
40.6615224785176,70.2382057930893,9.97638667498022
30.1176046071646,51.9354007174573,8.58110933998418
16.3326768048897,32.0800746173623,6.35948018265506
6.58837582041052,11.7836330946262,4.81149920299288
4.95369006047399,3.15294171230403,4.0060919136606
4.95369006047399,2.16813395929183,4.17974009132753

Velocities: 16
0,0,0
2,2,2
1,1,3
7,6,7
8,7,8
7,4,6
5,8,6
2,1,1
0,0,0
0,-1,-2
-5,-5,-6
-5,0,-10
-7,0,-9
-6,-3,-8
0,-1,-3
0,0,-1

InverseVelocities: 16
0,0,0
0,0,0
0,0,0
0,0,0
0,0,0
0,0,0
0,0,0
0,0,0
0,0,0
0,0,0
2,0,0
0,0,0
0,0,0
0,0,0
0,0,0
0,0,0

RawData: 16
0,0,0,0,0,0,0,0,0,0,0,0,0,0,0,0.9290732,1,0.8848324,0,0,0,0,0,0,0,0,0,0,0,0,0,0,0,0,0,0,0,0,0,0,0,0,0,0,0,0,0,0,0,0,0,0,0,0,0,0,0,0,0,0,0,0,0,0,0,0,0,0,0,0,0,0,0,0,0,0,0,0,0,0,0,0.9365599,1,0.8917781,0,0,0,0,0,0,0,0,0,0,0,0,0,0,0,0,0,0,0,0,0,0,0,0,0,0,0,0,0,0,0.8499891,1,0.9652404,0.8098868,0,0,0,0,0,0,0,0,0,0,0,0,0,0,0,0,0,0,0,0,0,0,0,0,0,0,0,0,0,0,0.9659511,1,0.8639998,0,0,0,0,0,0,0,0,0,0,0,0,0,0
0,0,0,0,0,0,0,0,0,0,0,0,0,0,0,0.9173376,1,0.9042767,0.7342854,0.8137104,0.7973725,0.7133157,0,0,0,0,0,0,0,0,0,0,0,0,0,0,0,0,0,0,0,0,0,0,0,0,0,0,0,0.9548928,0.9771553,0.9234574,0.9971271,1,0.882033,0,0,0,0,0,0,0,0,0,0,0,0,0,0,0,0,0,0,0,0,0,0,0,0,0,0,0.9446982,1,0.8535463,0.8223045,0.8689156,0.8393368,0.7418233,0,0,0,0,0,0,0,0,0,0,0,0,0,0,0,0,0,0,0,0,0,0,0,0,0,0,0.8503896,1,0.9680066,0.7420087,0.7065197,0,0,0,0,0,0,0,0,0,0,0,0,0,0,0,0,0,0,0,0,0,0,0,0,0,0,0,0,0.6830215,0.9614708,1,0.8734338,0.7343908,0.7735447,0.7071118,0,0,0,0,0,0,0,0,0,0,0
0,0,0,0,0,0,0,0,0,0,0,0,0,0,0,0.9216409,1,0.9178925,0,0,0.7895148,0,0,0,0,0,0,0,0,0,0,0,0,0,0,0,0,0,0,0,0,0,0,0,0,0,0,0,0,1,0.9851463,0,0.9755939,0.9740644,0,0,0,0,0,0,0,0,0,0,0,0,0,0,0,0,0,0,0,0,0,0,0,0,0,0,0,0.9398447,1,0.8931174,0,0.8006184,0,0.8364574,0.849776,0,0,0,0,0,0,0,0,0,0,0,0,0,0,0,0,0,0,0,0,0,0,0,0,0,0.874024,1,0.9636824,0,0,0.8235124,0.8416106,0,0,0,0,0,0,0,0,0,0,0,0,0,0,0,0,0,0,0,0,0,0,0,0,0,0,0,0.9599615,1,0.8670337,0.754065,0.8325498,0.8465073,0.8371588,0.8087191,0.7721205,0,0,0,0,0,0,0,0
0,0,0,0,0,0,0,0,0,0,0,0,0,0,0,0.8980392,1,0.9059682,0.6594822,0.7121633,0.6938925,0.708266,0.7782109,0.7760909,0.7800914,0.7446435,0.6377103,0,0,0,0,0,0,0,0,0,0,0,0,0,0,0,0,0,0,0,0,0,0,1,0.9106868,0,0,0.8994609,0.9944183,0.9630224,0,0.8940024,0.8982655,0,0,0,0,0,0,0,0,0,0,0,0,0,0,0,0,0,0,0,0,0,0.6801767,0.9027216,1,0.88736,0.6228402,0.6367628,0,0.7519478,0.7273605,0.7900611,0.7712829,0.6739222,0.6522089,0,0,0,0,0,0,0,0,0,0,0,0,0,0,0,0,0,0,0,0,0,0.8401299,1,0.9547076,0.6268773,0,0.6095305,0.6693127,0.8012949,0.7747784,0.7588646,0.738649,0.6707178,0.6173342,0,0,0,0,0,0,0,0,0,0,0,0,0,0,0,0,0,0,0,0,0.6603907,0.9586242,1,0.8359684,0.6691397,0.7006853,0.7045309,0.6803445,0.6698588,0.8025526,0.7739906,0.6526124,0,0,0,0,0,0
0,0,0,0,0,0,0,0,0,0,0,0,0,0,0,0.906768,1,0.8945444,0,0.6578457,0.6688031,0.7505677,0.6345398,0,0,0.6889295,0.7178944,0.6748658,0,0,0,0,0,0,0,0,0,0,0,0,0,0,0,0,0,0,0,0,0,1,0.9700438,0,0,0,0.86207,0.9909396,0.9830398,0.9553432,0.9081264,0.8677852,0,0,0,0,0,0,0,0,0,0,0,0,0,0,0,0,0,0,0,0,0.6728568,0.9524397,1,0.8137131,0.6637523,0.7758946,0.7372609,0.7265682,0.7976106,0.6765335,0.7070436,0.7331168,0.8152342,0.7344285,0,0,0,0,0,0,0,0,0,0,0,0,0,0,0,0,0,0,0,0,0.8608358,1,0.9450269,0.6225778,0.6115372,0.6299928,0.6385619,0.7806637,0.7629443,0.7106183,0.6974829,0.7260072,0.7394578,0.667671,0,0,0,0,0,0,0,0,0,0,0,0,0,0,0,0,0,0,0,0.6686953,0.9623559,1,0.8336733,0.6360146,0,0,0,0.7693101,0.7964695,0.7737356,0.7780903,0.8041151,0.7567649,0.6452414,0,0,0
0,0,0,0,0,0,0,0,0,0,0,0,0,0,0,0.92382,1,0.9124116,0,0,0.7440645,0.7815215,0.8374191,0.7644306,0.7886049,0.7673129,0.7436824,0,0,0,0,0,0,0,0,0,0,0,0,0,0,0,0,0,0,0,0,0,0,1,0.9637654,0,0,0.9219948,0.8963427,0,0.9294778,0,0,0,0,0,0,0,0,0,0,0,0,0,0,0,0,0,0,0,0,0,0,0,0,0.9293843,1,0.9147022,0.7828916,0.838491,0.7985019,0.8320177,0.9141642,0.8539984,0.7884117,0.8215515,0,0,0,0,0,0,0,0,0,0,0,0,0,0,0,0,0,0,0,0,0,0,0.8653865,1,0.9639843,0.7804863,0,0.736854,0,0,0.8332086,0.7854257,0.7928289,0.7791306,0.6955188,0,0,0,0,0,0,0,0,0,0,0,0,0,0,0,0,0,0,0,0,0,0.95743,1,0.902796,0.7657257,0.7370285,0.7916613,0.7156943,0.7995328,0.7491224,0.7018406,0.6740472,0.6932974,0.6772536,0,0,0,0
0,0,0,0,0,0,0,0,0,0,0,0,0,0,0,0.9142154,1,0.9129636,0.6881135,0.7934471,0.7902751,0.8346241,0.8167456,0.7508516,0.7009652,0,0,0,0,0,0,0,0,0,0,0,0,0,0,0,0,0,0,0,0,0,0,0,0,0.8540846,0.956789,1,0.9040784,0.891968,0.9357069,0.8689212,0,0,0,0.8204309,0.8010457,0,0,0,0,0,0,0,0,0,0,0,0,0,0,0,0,0,0,0,0,0.9316783,1,0.9422076,0.879281,0.7826996,0.7357726,0.8967641,0.9101903,0.8278737,0.6976936,0.7418963,0,0,0,0,0,0,0,0,0,0,0,0,0,0,0,0,0,0,0,0,0,0,0.8404113,1,0.9740524,0.8698961,0.6830621,0.8943394,0.8619077,0.8224659,0.8447164,0.7809455,0.7379456,0.6849734,0.6500309,0,0,0,0,0,0,0,0,0,0,0,0,0,0,0,0,0,0,0,0,0.6931272,0.9675691,1,0.9334198,0.9038895,0.8305334,0.743378,0.8609455,0.8466052,0.7868568,0.6247361,0.6802475,0,0,0,0,0,0
0,0,0,0,0,0,0,0,0,0,0,0,0,0,0,0.9198169,1,0.9103566,0.8895177,0.9263358,0.85243,0.7473137,0,0,0,0,0,0,0,0,0,0,0,0,0,0,0,0,0,0,0,0,0,0,0,0,0,0,0,0.9152901,1,0.9481477,0,0.7418464,0,0,0,0,0,0,0,0,0,0,0,0,0,0,0,0,0,0,0,0,0,0,0,0,0,0,0,0.9495447,1,0.9493796,0.9914668,0.9658777,0.8721644,0,0,0,0,0,0,0,0,0,0,0,0,0,0,0,0,0,0,0,0,0,0,0,0,0,0,0,0.8320852,1,0.9810459,0.9392571,0.9654833,0.8808036,0.7694084,0,0.6463863,0,0,0,0,0,0,0,0,0,0,0,0,0,0,0,0,0,0,0,0,0,0,0,0,0.6841858,0.9597689,1,0.978246,0.9282818,0.8256032,0.7492856,0.638518,0,0,0,0,0,0,0,0,0,0
0,0,0,0,0,0,0,0,0,0,0,0,0,0,0,0.9280381,1,0.9006113,0.9180697,0.7938709,0,0,0,0,0,0,0,0,0,0,0,0,0,0,0,0,0,0,0,0,0,0,0,0,0,0,0,0,0.8585405,1,0.9866991,0,0,0,0,0,0,0,0,0,0,0,0,0,0,0,0,0,0,0,0,0,0,0,0,0,0,0,0,0,0.6979606,0.9374321,1,0.980382,0.9316261,0.7664658,0,0,0,0,0,0,0,0,0,0,0,0,0,0,0,0,0,0,0,0,0,0,0,0,0,0,0,0.7415414,0.904632,1,0.9644014,0.9079747,0.8675422,0,0,0,0,0,0,0,0,0,0,0,0,0,0,0,0,0,0,0,0,0,0,0,0,0,0,0.6591808,0.7442932,0.8627636,0.9786286,1,0.8557236,0.8688507,0.7201385,0,0,0,0,0,0,0,0,0,0,0,0
0,0,0,0,0,0,0,0,0,0,0,0,0,0.7684391,0.8593553,0.9576732,1,0.9087279,0.8107218,0.742359,0,0,0,0,0,0,0,0,0,0,0,0,0,0,0,0,0,0,0,0,0,0,0,0,0,0.9522886,0.9940947,1,0,0.988118,0.9645503,0,0,0,0,0,0,0,0,0,0,0,0,0,0,0,0,0,0,0,0,0,0,0,0,0,0,0.8315234,0.8663241,0.7780885,0.9426706,0.9428699,1,0.8612685,0.8064889,0.8305683,0,0,0,0,0,0,0,0,0,0,0,0,0,0,0,0,0,0,0,0,0,0,0,0,0.7814878,0.830974,0.9117891,0.9461498,0.8607841,1,0.985191,0.8040867,0.7325615,0.7451999,0,0,0,0,0,0,0,0,0,0,0,0,0,0,0,0,0,0,0,0,0,0,0,0.7408656,0.8054793,0.8052739,0.8809721,0.7409933,0.9371116,1,0.8442269,0.7900655,0.7216921,0,0,0,0,0,0,0,0,0,0,0,0
0,0,0,0,0,0,0,0,0.6391709,0.6684175,0.7579109,0.7995213,0.7435194,0.6845645,0.7604133,0.9079181,1,0.9072773,0.6842839,0,0.6665564,0.6429265,0,0,0,0,0,0,0,0,0,0,0,0,0,0,0,0,0,0,0,0.8873098,0.8310889,0,0.9177891,0.9603709,0.9930515,0.8728354,1,0,0,0,0,0,0,0,0,0,0,0,0,0,0,0,0,0,0,0,0,0,0,0,0,0.6203775,0.6163093,0.6279417,0.7318755,0.7740006,0.6316553,0.8086252,0.8869239,0.9967611,1,0.8786694,0.6926783,0,0,0,0,0,0,0,0,0,0,0,0,0,0,0,0,0,0,0,0,0,0.5954922,0.6949488,0.7209799,0.7435133,0.6648485,0.8130224,0.719699,0.7804874,0.8664962,1,0.944944,0.7898675,0.7305349,0.6319957,0.6172275,0,0,0,0,0,0,0,0,0,0,0,0,0,0,0,0,0,0.6191857,0.6099904,0.6509982,0.7259978,0.7594596,0.7085631,0.7806087,0.7659796,0.7399067,0.8189578,0.9773779,1,0.8243787,0.5933724,0.6031438,0,0,0,0,0,0,0,0,0,0,0,0
0,0,0,0,0,0,0,0,0.8149369,0.7967028,0,0,0.8002311,0.8347471,0.8717372,0.9501209,1,0.9157282,0.8128781,0.7921418,0,0,0,0,0,0,0,0,0,0,0,0,0,0,0,0,0,0,0,0,0,0,0,0,0,0,0,0,0,0,0,0,0,0,0,0,0,0,0,0,0,0,0,0,0,0,0,0,0,0.7589511,0.7989473,0,0,0,0.7848135,0,0,0.7757124,0,0.8594291,0.8418364,0.9307373,1,0.8919823,0.7812616,0.7893074,0,0,0,0,0,0,0,0,0,0,0,0,0,0,0,0,0,0,0.7560686,0.8260193,0.8266251,0.8161442,0.8033786,0.7232022,0,0,0.841203,0.8586104,0.83764,1,0.9655353,0.7846324,0.7626768,0.7333187,0,0,0,0,0,0,0,0,0,0,0,0,0,0,0,0,0,0.7023236,0.7341871,0.7115296,0.7165294,0,0,0,0.7755424,0.7742188,0.7756259,0.8015406,0.9680601,1,0.8752171,0.6969991,0,0,0,0,0,0,0,0,0,0,0,0,0
0,0,0,0,0,0,0.7743272,0.8253635,0.7635912,0.7519441,0.7608035,0,0.7605699,0.7655796,0,0.9205285,1,0.9194722,0,0,0,0,0,0,0,0,0,0,0,0,0,0,0,0,0,0,0,0,0,0,0,0,0,0,0,0,0,0,0,1,0.9854398,0,0,0,0,0,0,0,0,0,0,0,0,0,0,0,0,0,0,0,0.7980454,0.835147,0.8179983,0.7989951,0.8271638,0.8169698,0.8320915,0.792271,0,0.7506344,0.7801065,0.9336577,1,0.9104002,0,0,0,0,0,0,0,0,0,0,0,0,0,0,0,0,0,0,0.7906411,0.8079626,0.7846805,0.800644,0.738103,0,0,0,0,0,0.798459,0.8364809,0.8117427,1,0.9585209,0,0,0,0,0,0,0,0,0,0,0,0,0,0,0,0,0,0,0.7514157,0.7618378,0.6882842,0.7209774,0.7433118,0.706825,0,0,0.7127405,0.7029337,0.7097704,0.6872234,0.7769155,0.9663838,1,0.8712578,0,0,0,0,0,0,0,0,0,0,0,0,0,0
0,0,0,0,0,0,0,0.7752565,0.8248379,0.8097944,0.7664354,0.7554354,0.746316,0,0,0.9239066,1,0.8960469,0,0,0,0,0,0,0,0,0,0,0,0,0,0,0,0,0,0,0,0,0,0,0,0,0,0.917545,0.9402258,0.8991944,0,0,0,1,0.9680244,0,0,0,0,0,0,0,0,0,0,0,0,0,0,0,0,0,0,0,0,0.7324191,0.7718918,0.734859,0,0.7988896,0.7612683,0,0,0,0.7486575,0.9490637,1,0.8699577,0,0,0,0,0,0,0,0,0,0,0,0,0,0,0,0,0,0,0.7143695,0.7125906,0,0.7359054,0.8083857,0.827202,0.7980007,0.7764627,0.7840294,0.7297837,0.7124705,0.7294044,0.8353218,1,0.9654568,0,0,0,0,0,0,0,0,0,0,0,0,0,0,0,0,0,0,0,0.6726905,0,0,0.7332035,0.7345269,0.7375314,0.7507395,0.7455814,0.7056132,0,0,0.7010679,0.963574,1,0.8650596,0,0,0,0,0,0,0,0,0,0,0,0,0,0
0,0,0,0,0,0,0,0,0,0,0,0,0,0,0,0.9079505,1,0.9006236,0,0,0,0,0,0,0,0,0,0,0,0,0,0,0,0,0,0,0,0,0,0,0,0,0,0,0,0.8439106,0.8717539,0,0,1,0.9902601,0,0,0,0,0,0,0,0,0,0,0,0,0,0,0,0,0,0,0,0,0,0,0,0,0,0.6925512,0.7759513,0.8016139,0.6780921,0,0.934826,1,0.8724734,0,0,0,0,0,0,0,0,0,0,0,0,0,0,0,0,0,0,0,0,0,0,0.6624904,0,0,0.6498133,0.6988106,0.6933795,0.6795639,0,0.8409836,1,0.9639408,0.7084919,0,0,0,0,0,0,0,0,0,0,0,0,0,0,0,0,0,0,0,0,0,0,0,0,0.6641897,0.7308503,0.6965457,0.6558757,0.648532,0,0.9620087,1,0.8460522,0,0,0,0,0,0,0,0,0,0,0,0,0,0
0,0,0,0,0,0,0,0,0,0,0,0,0,0,0.750807,0.8639712,1,0.9190475,0,0,0,0,0,0,0,0,0,0,0,0,0,0,0,0,0,0,0,0,0,0,0,0,0,0,0,0,0,0,0.8325259,1,0.9530791,0,0,0,0,0,0,0,0,0,0,0,0,0,0,0,0,0,0,0,0,0,0,0,0,0,0,0,0.7354091,0.802056,0.8503997,0.9658669,1,0.8741903,0,0,0,0,0,0,0,0,0,0,0,0,0,0,0,0,0,0,0,0,0,0,0,0,0,0,0,0,0.7430815,0.7842421,0.8963356,1,0.949296,0,0,0,0,0,0,0,0,0,0,0,0,0,0,0,0,0,0,0,0,0,0,0,0,0,0,0,0,0,0,0.7043527,0.9690967,1,0.8549066,0,0,0,0,0,0,0,0,0,0,0,0,0,0
