GestureName: circle
Duration(ms): 1034
Handedness: right

SpeakerAngles: 5
55
-55
0
0
110

SpeakerElevations: 5
-10
-10
-10
0
30

InterpretedPoints: 22
0,0,0
-0.806707284111599,0.564862521463624,-0.17364817766693
-2.40594105785925,-11.0812975519767,2.04188906600158
-4.02644602332022,-20.5638352856054,2.93107448733702
-10.543917871353,-17.7375569453771,-0.874332801995254
-3.27646191711082,-21.0185628311154,-0.200684624328324
-3.26937151987304,-19.8948157322928,0.299315375671677
-1.64886655441207,-17.4964263006279,0.278370842670886
-0.806707284111599,-5.51928578050025,0.694592710667721
-0.820888078587149,-4.79716447212095,-0.652703644666139
0,12,0
1.62050496546097,3.25347214174981,0.152703644666139
0,0,0
0,0,0
4.87569569085847,9.42747024565187,0.763518223330696
7.30290794043104,13.1008876189503,0.916221867996835
12.9782205181633,20.5499136644859,1.70068462432832
7.32417913214436,24.2352869259936,0.158795558326741
8.13088641625596,20.5558916085906,0.853388268994462
0,1,0
0,0,0
0,0,0

StrokePoints: 23
0,0,0
0,0,0
-0.806707284111599,0.564862521463624,-0.17364817766693
-3.21264834197084,-10.5164350305131,1.86824088833465
-7.23909436529106,-31.0802703161185,4.79931537567168
-17.783012236644,-48.8178272614956,3.92498257367642
-21.0594741537549,-69.836390092611,3.7242979493481
-24.3288456736279,-89.7312058249038,4.02361332501978
-25.97771222804,-107.227632125532,4.30198416769066
-26.7844195121516,-112.746917906032,4.99657687835838
-27.6053075907387,-117.544082378153,4.34387323369224
-27.6053075907387,-105.544082378153,4.34387323369224
-25.9848026252778,-102.290610236403,4.49657687835838
-25.9848026252778,-102.290610236403,4.49657687835838
-25.9848026252778,-102.290610236403,4.49657687835838
-21.1091069344193,-92.8631399907513,5.26009510168908
-13.8061989939883,-79.762252371801,6.17631696968591
-0.827978475824922,-59.2123387073151,7.87700159401424
6.49620065631944,-34.9770517813215,8.03579715234098
14.6270870725754,-14.421160172731,8.88918542133544
14.6270870725754,-13.421160172731,8.88918542133544
14.6270870725754,-13.421160172731,8.88918542133544
14.6270870725754,-13.421160172731,8.88918542133544

Velocities: 22
0,0,0
0,1,0
-3,2,-5
-6,0,-8
-8,-3,-7
-4,-7,-8
-5,-7,-7
-3,-6,-7
-1,0,-3
1,0,-3
0,0,0
1,0,1
0,0,0
0,0,0
4,3,3
5,2,5
8,2,9
8,8,9
7,6,8
0,0,0
0,0,0
0,0,0

InverseVelocities: 22
0,0,0
0,0,0
0,0,1
0,0,2
0,0,0
0,0,0
0,0,0
0,0,0
0,0,0
0,0,0
0,0,0
0,0,0
0,0,0
0,0,0
0,0,0
0,0,0
0,0,0
0,0,0
0,0,0
0,0,0
0,0,0
0,0,0

RawData: 22
0,0,0,0,0,0,0,0,0,0,0,0,0,0,0,0.9151391,1,0.8887153,0,0,0,0,0,0,0,0,0,0,0,0,0,0,0,0,0,0,0,0,0,0,0,0,0,0,0,0,0,0,0,0.8715586,0.9979551,1,0,0,0,0,0,0,0,0,0,0,0,0,0,0,0,0,0,0,0,0,0,0,0,0,0,0,0,0,0,0.9435409,1,0.9055606,0.7283381,0,0,0,0,0,0,0,0,0,0,0,0,0,0,0,0,0,0,0,0,0,0,0,0,0,0,0,0,0,0.8681053,1,0.9066969,0,0,0,0,0,0,0,0,0,0,0,0,0,0,0,0,0,0,0,0,0,0,0,0,0,0,0,0,0,0,0,0.956131,1,0.8855349,0,0,0,0,0,0,0,0,0,0,0,0,0,0
0,0,0,0,0,0,0,0,0,0,0,0,0,0,0,0.9272996,1,0.9313492,0,0,0,0,0,0,0,0,0,0,0,0,0,0,0,0,0,0,0,0,0,0,0,0,0,0,0,0,0,0,0,0,0,0,0.9988903,1,0,0,0,0,0,0,0,0,0,0,0,0,0,0,0,0,0,0,0,0,0,0,0,0,0,0,0,0.9424912,1,0.8941361,0,0,0,0,0,0,0,0,0,0,0,0,0,0,0,0,0,0,0,0,0,0,0,0,0,0,0,0,0,0,0.9336551,1,0.9681444,0,0,0,0,0,0,0,0,0,0,0,0,0,0,0,0,0,0,0,0,0,0,0,0,0,0,0,0,0,0,0.8145666,0.9693967,1,0.9080282,0,0,0,0,0,0,0,0,0,0,0,0,0,0
0,0,0,0,0,0,0,0,0,0,0.7125294,0.8229277,0.7885427,0.8106465,0.8256298,0.9215428,1,0.8997866,0.7160618,0,0,0,0,0,0,0,0,0,0,0,0,0,0,0,0,0,0,0,0,0,0,0,0,0,0,0,0,0,0,0,0.8104514,0.9369015,1,0.9921296,0.9089311,0,0,0,0,0,0,0,0,0,0,0,0,0,0,0,0,0,0,0,0.6800855,0.785587,0.8069646,0.7606008,0,0,0,0.9494941,1,0.8743497,0.785399,0.8128861,0.7640878,0,0,0,0,0,0,0,0,0,0,0,0,0,0,0,0,0,0,0,0,0.7087142,0.7640975,0.8134557,0.8275598,0.7691606,0.8023508,0.7800253,0.810609,1,0.9654365,0.7825944,0.8210843,0.7979363,0,0,0,0,0,0,0,0,0,0,0,0,0,0,0,0,0,0,0,0,0,0,0,0,0.7011825,0.6972852,0.7761537,0.8186634,0.9749228,1,0.8266655,0.8153464,0.8414165,0.7760932,0,0,0,0,0,0,0,0,0,0,0
0,0,0,0,0,0,0,0.7637234,0.821326,0.8072401,0.7564565,0.7955706,0,0.6992404,0,0.9177675,1,0.8903717,0,0,0,0,0,0,0,0,0,0,0,0,0,0,0,0,0,0,0,0,0,0,0,0,0,0,0,0,0.9439015,1,0.8731362,0.8352705,0.8738568,0,0.7939439,0,0,0,0,0,0,0,0,0,0,0,0,0,0,0,0,0,0,0.6468352,0.6876621,0.7180229,0.7673069,0.8064042,0.7436917,0.7212709,0,0.645514,0.7696094,0.9458551,1,0.8576431,0.6556382,0,0.6385732,0.6590148,0,0,0,0,0,0,0,0,0,0,0,0,0,0,0,0.6356331,0.6356579,0.7220016,0.7334671,0.8176474,0.8671599,0.8860983,0.8752935,0.8030357,0,0.6393291,0.8687871,1,0.9631556,0.736437,0.6483766,0,0,0,0,0,0,0,0,0,0,0,0,0,0,0,0,0,0,0.5963259,0.6305039,0.6125408,0.703042,0.6973376,0.7672145,0.7268176,0.7615765,0.7478304,0.6991643,0.750635,0.9594415,1,0.8712434,0.6886899,0.6423446,0,0,0,0,0,0,0,0,0,0,0,0
0,0,0,0,0,0.7386994,0.8181897,0.7846369,0.7827401,0.8034255,0.7272689,0,0.7438381,0.7413987,0.7189564,0.8863695,1,0.9115231,0,0,0,0,0,0,0,0,0,0,0,0,0,0,0,0,0,0,0,0,0,0,0,0,0,0.9281842,1,0.959325,0.8991188,0.9065259,0.9280751,0.9896781,0.9922081,0,0,0,0,0,0,0,0,0,0,0,0,0,0,0,0,0,0,0,0,0,0.722261,0.7220761,0.7908015,0.8165849,0.7619131,0.7303845,0.6794516,0,0,0.9345517,1,0.8966317,0,0,0,0,0,0,0,0,0,0,0,0,0,0,0,0,0,0,0,0,0,0.7619373,0,0.7957641,0.7130321,0,0,0,0,0,0.853209,1,0.9578059,0,0,0,0,0,0,0,0,0,0,0,0,0,0,0,0,0,0,0,0,0.665862,0,0.6743438,0,0.699364,0.7610695,0.8222173,0.794625,0.7812817,0.7356375,0.6861784,0.9578934,1,0.8722713,0,0,0,0,0,0,0,0,0,0,0,0,0,0
0,0,0,0,0,0,0,0,0,0.7473387,0,0,0,0,0.7739053,0.9388698,1,0.8962235,0,0,0,0,0,0,0,0,0,0,0,0,0,0,0,0,0,0,0,0,0,0.8794185,0.9688153,0.9300151,0.8359413,0.8769715,0,0,0,0,0,1,0.9572285,0,0,0,0,0,0,0,0,0,0,0,0,0,0,0,0,0,0,0,0,0.7008467,0.735017,0.7795439,0.8475323,0.7509391,0,0,0.682739,0.7095196,0.731959,0.9454216,1,0.8819216,0,0,0,0,0,0,0,0,0,0,0,0,0,0,0,0,0,0,0,0.7299347,0.8085433,0.8157135,0.8279015,0.8531994,0.8340141,0.7758676,0.7384048,0.7625499,0.7907634,0.7838335,0.8247612,1,0.9551052,0,0,0,0,0,0,0,0,0,0,0,0,0,0,0,0,0,0,0,0,0,0.6636212,0.7166381,0.743335,0.8233875,0.7878214,0.6883358,0.6954646,0.6936644,0,0.7362825,0.9687096,1,0.8582038,0,0,0,0,0,0,0,0,0,0,0,0,0,0
0,0,0,0,0,0,0,0,0.7711938,0.8203065,0.7979768,0.7675138,0.718767,0,0.6962443,0.9125787,1,0.9027852,0,0,0,0,0,0,0,0,0,0,0,0,0,0,0,0,0,0,0,0,0,0.8243792,0.972827,0.9500595,0.8578815,0,0,0,0,0,0,0.9815476,1,0,0,0,0,0,0,0,0,0,0,0,0,0,0,0,0,0,0,0,0,0,0.7350267,0.7635528,0.7615992,0,0,0,0.6756397,0,0.6913059,0.9466282,1,0.8792266,0,0,0,0,0,0,0,0,0,0,0,0,0,0,0,0,0,0,0,0,0.7013945,0.7588807,0.8208978,0.8284063,0.8055084,0.8017747,0.7608899,0.7310436,0,0,0.8406702,1,0.9525815,0,0,0,0,0,0,0,0,0,0,0,0,0,0,0,0,0,0,0,0,0,0,0.6578771,0,0.7762073,0.7546058,0.6675863,0.7048836,0,0.6444612,0.6762708,0.9633092,1,0.8580684,0,0,0,0,0,0,0,0,0,0,0,0,0,0
0,0,0,0,0,0,0,0,0,0,0.764009,0.8063725,0.7581312,0.6640514,0.6979229,0.9187584,1,0.8920308,0,0,0,0,0,0,0,0,0,0,0,0,0,0,0,0,0,0,0,0,0,0,0.837786,0.7924168,0.7686822,0.7870234,0,0,0,0,0.7897803,1,0.9875854,0,0,0,0,0,0,0,0,0,0,0,0,0,0,0,0,0,0,0,0,0,0.624147,0.6829901,0.7217689,0.6919332,0.7216817,0.7483504,0.6115449,0,0.6478829,0.9336663,1,0.8735939,0,0,0,0,0,0,0,0,0,0,0,0,0,0,0,0,0,0,0,0,0,0.6443672,0,0.7414331,0.7519472,0.7759395,0.6363551,0.7017581,0.6995521,0,0.8388728,1,0.9561909,0.6779304,0,0,0,0,0,0,0,0,0,0,0,0,0,0,0,0,0,0,0,0,0,0,0.7039249,0.7572918,0.7494433,0.6742027,0.6489653,0,0,0.6553467,0.9627778,1,0.8509472,0,0,0,0,0,0,0,0,0,0,0,0,0,0
0,0,0,0,0,0,0,0,0,0,0,0,0.8369539,0.8200431,0,0.916203,1,0.8912002,0,0,0,0,0,0,0,0,0,0,0,0,0,0,0,0,0,0,0,0,0,0,0,0,0,0,0,0,0,0,0,0.9935942,1,0,0,0,0,0,0,0,0,0,0,0,0,0,0,0,0,0,0,0,0,0,0,0,0,0,0.7926236,0.8282631,0.7969767,0.7792401,0.7637239,0.945667,1,0.8928437,0,0,0,0,0,0,0,0,0,0,0,0,0,0,0,0,0,0,0,0,0,0,0,0,0,0,0.8315043,0.8546858,0.8050984,0,0.8843659,1,0.9738601,0,0,0,0,0,0,0,0,0,0,0,0,0,0,0,0,0,0,0,0,0,0,0,0,0,0,0,0,0,0,0.737304,0.9704258,1,0.876111,0,0,0,0,0,0,0,0,0,0,0,0,0,0
0,0,0,0,0,0,0,0,0,0,0,0,0,0.7070417,0,0.9064592,1,0.9044985,0,0.7275631,0.6731439,0,0,0,0,0,0,0,0,0,0,0,0,0,0,0,0,0,0,0,0,0,0,0,0,0,0.8578875,0.9044572,0.8451752,1,0.9630769,0,0,0,0,0,0,0,0,0,0,0,0,0,0,0,0,0,0,0,0,0,0,0,0,0,0.7032282,0.6917904,0.72571,0.8019612,0.7970729,0.9177768,1,0.8546217,0.6924327,0,0,0,0,0,0,0,0,0,0,0,0,0,0,0,0,0,0,0,0,0,0,0,0,0.6821873,0.7100621,0.6857368,0.7536904,0.8233772,0.8978584,1,0.9526934,0,0,0,0,0,0,0,0,0,0,0,0,0,0,0,0,0,0,0,0,0,0,0,0,0,0,0.6183646,0.6141997,0.6652751,0.6789017,0.7458089,0.9698665,1,0.8278207,0,0,0,0,0,0,0,0,0,0,0,0,0,0
0,0,0,0,0,0,0,0,0,0,0,0,0,0,0,0.9249808,1,0.8663421,0,0.6920044,0,0,0,0,0,0,0,0,0,0,0,0,0,0,0,0,0,0,0,0,0,0,0,0,0,0,0.7907504,0.8664596,0.8688936,1,0.9445315,0,0,0,0,0,0,0,0,0,0,0,0,0,0,0,0,0,0,0,0,0,0,0,0,0,0,0,0,0.659344,0.7926404,0.957739,1,0.8199269,0.7707409,0.6866472,0,0,0,0,0,0,0,0,0,0,0,0,0,0,0,0,0,0,0,0,0,0,0,0,0,0,0,0,0.8264538,1,0.9653702,0.7808383,0,0,0,0,0,0,0,0,0,0,0,0.712111,0.7160902,0.7215896,0,0,0,0,0,0,0,0,0,0,0,0,0,0.6301448,0.7054489,0.6665124,0.9476562,1,0.8660873,0.6475472,0,0,0,0,0,0,0,0,0,0,0,0,0
0,0,0,0,0,0,0,0,0,0,0,0,0,0,0,0.9051178,1,0.8998957,0.769308,0.6385142,0.6274146,0,0,0,0,0,0,0,0,0,0,0,0,0,0,0,0,0,0,0,0,0,0,0,0,0,0,0.8413371,0.9208156,1,0.9975832,0.7987115,0,0,0,0,0,0,0,0,0,0,0,0,0,0,0,0,0,0,0,0,0,0,0,0,0,0,0,0,0,0.939033,1,0.8637266,0.6942186,0.6074847,0.6218618,0,0,0,0,0,0,0,0,0,0,0,0,0,0,0,0,0,0,0,0,0,0,0,0,0,0,0,0.8326694,1,0.9547264,0.7861674,0.7633733,0.6308436,0.6122957,0,0,0,0,0,0,0,0,0,0,0,0,0,0,0,0,0,0,0,0,0,0,0,0,0.5589516,0,0.738048,0.9728807,1,0.8253922,0.697071,0.6502672,0,0,0,0,0,0,0,0,0,0,0,0
0,0,0,0,0,0,0,0,0,0,0,0,0,0,0,0,1,0,0,0,0,0,0,0,0,0,0,0,0,0,0,0,0,0,0,0,0,0,0,0,0,0,0,0,0,0,0,0,0,0,0,0,0,0,0,0,0,0,0,0,0,0,0,0,0,0,0,0,0,0,0,0,0,0,0,0,0,0,0,0,0,0.9380597,1,0.84973,0,0,0,0,0,0,0,0,0,0,0,0,0,0,0,0,0,0,0,0,0,0,0,0,0,0,0,0,0,0,0,1,0.9485378,0,0,0,0,0,0,0,0,0,0,0,0,0,0,0,0,0,0,0,0,0,0,0,0,0,0,0,0,0,0,0,0.9671146,1,0.8384643,0,0,0,0,0,0,0,0,0,0,0,0,0,0
0,0,0,0,0,0,0,0,0,0,0,0,0,0,0,0.9227496,1,0.8981601,0,0,0,0,0,0,0,0,0,0,0,0,0,0,0,0,0,0,0,0,0,0,0,0,0,0,0,0,0,0,0,0,0,0,0,0,0,0,0,0,0,0,0,0,0,0,0,0,0,0,0,0,0,0,0,0,0,0,0,0,0,0,0,0.9447683,1,0.8676912,0,0,0,0,0,0,0,0,0,0,0,0,0,0,0,0,0,0,0,0,0,0,0,0,0,0,0,0,0,0,0.8586902,1,0.9663606,0,0,0,0,0,0,0,0,0,0,0,0,0,0,0,0,0,0,0,0,0,0,0,0,0,0,0,0,0,0,0,0.9608399,1,0.855386,0,0,0,0,0,0,0,0,0,0,0,0,0,0
0,0,0,0,0,0,0,0,0,0,0,0,0,0,0,0.9074066,1,0.8884239,0.7327261,0.6973953,0.8032661,0.7989174,0.778906,0.7422481,0,0,0,0,0,0,0,0,0,0,0,0,0,0,0,0,0,0,0,0,0,0,0,0,0,1,0.8896238,0,0.8975931,0.9569296,0.8977814,0.8664746,0,0,0,0,0,0,0,0,0,0,0,0,0,0,0,0,0,0,0,0,0,0,0,0,0,0.9284809,1,0.8628762,0,0,0,0.6279802,0.7209557,0,0,0,0,0,0,0,0,0,0,0,0,0,0,0,0,0,0,0,0,0,0,0,0,0,0.8612612,1,0.9432343,0,0,0.7620363,0.771314,0.7672073,0.6675604,0,0,0,0,0,0,0,0,0,0,0,0,0,0,0,0,0,0,0,0,0,0,0,0,0.6332242,0.9563364,1,0.8385018,0,0,0.7417262,0.7546228,0.6150876,0.674759,0,0,0,0,0,0,0,0
0,0,0,0,0,0,0,0,0,0,0,0,0,0,0,0.8946321,1,0.8916495,0,0.681074,0.7775705,0.8463799,0.9353608,0.9316587,0.7989461,0,0,0,0,0,0,0,0,0,0,0,0,0,0,0,0,0,0,0,0,0,0,0,0,1,0.994236,0.8708242,0.8616831,0,0.8685383,0,0,0,0,0,0,0,0,0,0,0,0,0,0,0,0,0,0,0,0,0,0,0,0,0,0,0.9328977,1,0.8809317,0.6225611,0.6397064,0.7017752,0.7927384,0.7852556,0.757301,0.708701,0,0,0,0,0,0,0,0,0,0,0,0,0,0,0,0,0,0,0,0,0,0,0,0.8418162,1,0.9457852,0.7515597,0.6585995,0,0,0.8428549,0.8439257,0.8129073,0.7491096,0,0,0,0,0,0,0,0,0,0,0,0,0,0,0,0,0,0,0,0,0,0,0.6780549,0.9621205,1,0.8571104,0,0,0.7164325,0.8123938,0.777573,0.6531627,0.6677869,0,0,0,0,0,0,0
0,0,0,0,0,0,0,0,0,0,0,0,0,0,0,0.9119883,1,0.8933591,0.7544509,0.8099169,0.7995765,0.7287323,0.8262406,0.8359881,0.940792,0.9077336,0.84263,0.7563605,0,0,0,0,0,0,0,0,0,0,0,0,0,0,0,0,0,0,0,0,0,1,0.9917458,0,0,0,0.8850311,0,0,0,0,0,0,0,0,0,0,0,0,0,0,0,0,0,0,0,0,0,0,0,0,0,0,0.9439431,1,0.8676123,0.6907579,0,0.7157703,0.7260193,0.7573258,0.8082997,0.8553925,0.8522997,0.8372349,0.7962354,0.6955657,0,0,0,0,0,0,0,0,0,0,0,0,0,0,0,0,0,0,0,0.8498636,1,0.9623959,0.7541347,0,0.823244,0.8439062,0.8232039,0.7637177,0.8713376,0.900769,0.876669,0.8388132,0.779995,0,0,0,0,0,0,0,0,0,0,0,0,0,0,0,0,0,0,0,0.7103027,0.9692243,1,0.8446424,0,0.6768141,0.6790043,0.744862,0.7613339,0.7240614,0.7795025,0.7770253,0.77975,0.7478272,0.6696847,0,0,0
0,0,0,0,0,0,0,0,0,0,0,0,0,0,0,0.9031835,1,0.9016834,0,0,0,0,0,0.8509171,0.8723328,0,0,0.8517076,0,0,0,0,0,0,0,0,0,0,0,0,0,0,0,0,0,0,0,0,0,0.9769879,0,0,0,0,0,0,0,0,0,0.9814806,1,0,0,0,0,0,0,0,0,0,0,0,0,0,0,0,0,0,0,0,0,0.9332672,1,0.8906979,0.7694485,0,0,0,0.8222007,0.8462884,0.8354616,0.799426,0.7859372,0.8369961,0.8435434,0,0,0,0,0,0,0,0,0,0,0,0,0,0,0,0,0,0,0,0.8251051,1,0.9422013,0,0,0,0,0,0.8549685,0.8489259,0,0.8712555,0.9171824,0.8331352,0,0,0,0,0,0,0,0,0,0,0,0,0,0,0,0,0,0,0,0,0.9630063,1,0.8509005,0,0,0,0,0,0.7443538,0.7796772,0.7755067,0.8359498,0.7989709,0,0,0,0
0,0,0,0,0,0,0,0,0,0,0,0,0,0,0,0.9128409,1,0.8602268,0,0,0.8326901,0.905421,0.8860998,0.880919,0.8936577,0.8957596,0.8694108,0,0,0,0,0,0,0,0,0,0,0,0,0,0,0,0,0,0,0,0,0,0,1,0.9739425,0,0,0,0,0,0,0.9402133,0.9446121,0,0,0,0,0,0,0,0,0,0,0,0,0,0,0,0,0,0,0,0,0,0,0.943929,1,0.8632402,0,0,0.7934397,0.7640817,0.8840992,0.8329943,0,0.7512024,0.7159952,0.7534228,0,0,0,0,0,0,0,0,0,0,0,0,0,0,0,0,0,0,0,0,0.8108103,1,0.9629475,0,0.8736803,0.9112186,0.8405476,0.8581948,0.9138441,0.8850243,0.8657158,0.8400624,0.7870616,0,0,0,0,0,0,0,0,0,0,0,0,0,0,0,0,0,0,0,0,0,0.9535666,1,0.850217,0.6661788,0,0,0.7044218,0.7294124,0.7776206,0.7718728,0.763969,0.7080598,0.6633738,0,0,0,0
0,0,0,0,0,0,0,0,0,0,0,0,0,0,0,0.9091412,1,0.9314461,0.8699432,0,0,0,0,0,0,0,0,0,0,0,0,0,0,0,0,0,0,0,0,0,0,0,0,0,0,0,0,0,0,0,0,0,0,0,0,0,0,0,0,0,0,0,0,0,0,0,0,0,0,0,0,0,0,0,0,0,0,0,0,0,0,0.9253927,1,0.8990397,0,0,0,0,0,0,0,0,0,0,0,0,0,0,0,0,0,0,0,0,0,0,0,0,0,0,0,0,0,0,0,1,0.9398005,0,0,0.8753839,0,0,0,0,0,0,0,0,0,0,0,0,0,0,0,0,0,0,0,0,0,0,0,0,0,0,0,0,0.957757,1,0.8550652,0,0,0,0,0,0,0,0,0,0,0,0,0,0
0,0,0,0,0,0,0,0,0,0,0,0,0,0,0,0,1,0,0,0,0,0,0,0,0,0,0,0,0,0,0,0,0,0,0,0,0,0,0,0,0,0,0,0,0,0,0,0,0,0,0,0,0,0,0,0,0,0,0,0,0,0,0,0,0,0,0,0,0,0,0,0,0,0,0,0,0,0,0,0,0,0.9538828,1,0,0,0,0,0,0,0,0,0,0,0,0,0,0,0,0,0,0,0,0,0,0,0,0,0,0,0,0,0,0,0,0,1,0.9944236,0,0,0,0,0,0,0,0,0,0,0,0,0,0,0,0,0,0,0,0,0,0,0,0,0,0,0,0,0,0,0,0.9762146,1,0,0,0,0,0,0,0,0,0,0,0,0,0,0,0
0,0,0,0,0,0,0,0,0,0,0,0,0,0,0,0,1,0,0,0,0,0,0,0,0,0,0,0,0,0,0,0,0,0,0,0,0,0,0,0,0,0,0,0,0,0,0,0,0,0,0,0,0,0,0,0,0,0,0,0,0,0,0,0,0,0,0,0,0,0,0,0,0,0,0,0,0,0,0,0,0,0.889771,1,0.924755,0,0,0,0,0,0,0,0,0,0,0,0,0,0,0,0,0,0,0,0,0,0,0,0,0,0,0,0,0,0,0,1,0,0,0,0,0,0,0,0,0,0,0,0,0,0,0,0,0,0,0,0,0,0,0,0,0,0,0,0,0,0,0,0,0.9460925,1,0,0,0,0,0,0,0,0,0,0,0,0,0,0,0
