GestureName: double_arch
Duration(ms): 1175
Handedness: right

SpeakerAngles: 5
55
-55
0
0
110

SpeakerElevations: 5
-10
-10
-10
0
30

InterpretedPoints: 25
0,0,0
-0.806707284111599,0.564862521463624,-0.17364817766693
0,-0.015192246987792,-0.17364817766693
-2.44139304404812,-3.11140560182193,-1.5
-5.68949337220784,-21.4444860067686,0.646611731005537
-4.06898840674687,-7.45824034841871,-1.80540728933228
-3.26228112263527,-12.3970857516763,-0.416221867996835
-1.62759536269875,-2.39241148756016,-0.82635182233307
0,0,0
2.4484834412859,4.36487774357174,1.65270364466614
2.44139304404812,5.11140560182193,1.5
0,0,0
0,0,0
-1.60632417098542,-8.93001670916573,1.71553724366851
0.813797681349374,-3.29619813272602,0.5
-0.806707284111599,-5.53447802748804,0.520944533000791
-5.66113178325674,-11.1255706129515,1.08377813200316
-3.23391953368417,-4.23827989476202,0.0209445330007911
-0.813797681349374,1.25062139176265,-1.02094453300079
1.62759536269875,8.33164249960899,0.131759111665348
8.93759370036756,15.4721289154179,2.41622186799684
4.88987648533402,11.8502662271876,1.93716640099763
4.06898840674687,-3.45060616965454,2.84729635533386
0,0,0
0,0,0

StrokePoints: 26
0,0,0
0,0,0
-0.806707284111599,0.564862521463624,-0.17364817766693
-0.806707284111599,0.549670274475832,-0.347296355333861
-3.24810032815972,-2.5617353273461,-1.84729635533386
-8.93759370036756,-24.0062213341147,-1.20068462432832
-13.0065821071144,-31.4644616825334,-3.0060919136606
-16.2688632297497,-43.8615474342097,-3.42231378165744
-17.8964585924484,-46.2539589217699,-4.24866560399051
-17.8964585924484,-46.2539589217699,-4.24866560399051
-15.4479751511626,-41.8890811781982,-2.59596195932437
-13.0065821071144,-36.7776755763762,-1.09596195932437
-13.0065821071144,-36.7776755763762,-1.09596195932437
-13.0065821071144,-36.7776755763762,-1.09596195932437
-14.6129062780999,-45.707692285542,0.619575284344145
-13.7991085967505,-49.003890418268,1.11957528434414
-14.6058158808621,-54.538368445756,1.64051981734494
-20.2669476641188,-65.6639390587075,2.7242979493481
-23.500867197803,-69.9022189534696,2.74524248234889
-24.3146648791524,-68.6515975617069,1.7242979493481
-22.6870695164536,-60.3199550620979,1.85605706101345
-13.7494758160861,-44.84782614668,4.27227892901028
-8.85959933075203,-32.9975599194923,6.20944533000791
-4.79061092400516,-36.4481660891469,9.05674168534177
-4.79061092400516,-36.4481660891469,9.05674168534177
-4.79061092400516,-36.4481660891469,9.05674168534177

Velocities: 25
0,0,0
0,1,0
0,0,1
0,0,0
-7,-6,-8
0,0,-4
-3,-4,-5
0,0,-1
0,0,0
0,1,1
0,0,0
0,0,0
0,0,0
-3,0,-4
0,0,0
-1,0,-2
-5,0,-7
-2,1,-2
0,0,3
0,0,5
3,1,8
3,4,2
0,0,-2
0,0,0
0,0,0

InverseVelocities: 25
0,0,0
0,0,0
0,0,0
0,0,0
0,0,0
0,0,0
0,0,0
0,0,0
0,0,0
0,0,0
0,0,0
0,0,0
0,0,0
0,0,0
0,0,0
0,0,0
0,0,0
0,0,1
0,0,0
0,0,0
0,0,0
0,0,0
0,0,0
0,0,0
0,0,0

RawData: 25
0,0,0,0,0,0,0,0,0,0,0,0,0,0,0,0.901816,1,0.9155715,0.7803486,0,0,0,0,0,0,0,0,0,0,0,0,0,0,0,0,0,0,0,0,0,0,0,0,0,0,0,0,0,0,0.9891503,1,0,0,0,0,0,0,0,0,0,0,0,0,0,0,0,0,0,0,0,0,0,0,0,0,0,0,0,0,0,0,0.9405444,1,0.8940026,0,0,0,0,0,0,0,0,0,0,0,0,0,0,0,0,0,0,0,0,0,0,0,0,0,0,0,0,0,0,0.8406791,1,0.9624514,0.7544646,0,0,0,0,0,0,0,0,0,0,0,0,0,0,0,0,0,0,0,0,0,0,0,0,0,0,0,0,0,0.71795,0.9671471,1,0.8591596,0,0,0,0,0,0,0,0,0,0,0,0,0,0
0,0,0,0,0,0,0,0,0,0,0,0,0,0,0,0.9364132,1,0.9004972,0.7314866,0.7234432,0,0,0,0,0,0,0,0,0,0,0,0,0,0,0,0,0,0,0,0,0,0,0,0,0,0,0,0,0,0.9703659,0.9135243,0.9591834,1,0.8692471,0,0,0,0,0,0,0,0,0,0,0,0,0,0,0,0,0,0,0,0,0,0,0,0,0,0,0.6951467,0.9485141,1,0.8767256,0.7683359,0.721285,0,0,0,0,0,0,0,0,0,0,0,0,0,0,0,0,0,0,0,0,0,0,0,0,0,0,0,0,0.8347197,1,0.9737762,0.7898845,0.7328612,0,0,0,0,0,0,0,0,0,0,0,0,0,0,0,0,0,0,0,0,0,0,0,0,0,0,0,0,0.6739945,0.9624265,1,0.8564979,0,0,0,0,0,0,0,0,0,0,0,0,0,0
0,0,0,0,0,0,0,0,0,0,0,0,0,0,0,0.9009811,1,0.8952919,0.7505072,0.7523119,0,0,0,0,0,0,0,0,0,0,0,0,0,0,0,0,0,0,0,0,0,0,0,0,0,0,0,0,0.8782616,1,0,0,0,0,0,0,0,0,0,0,0,0,0,0,0,0,0,0,0,0,0,0,0,0,0,0,0,0,0,0.6819066,0.7427011,0.9551693,1,0.8499649,0.7822998,0.7194996,0.6725755,0,0,0,0,0,0,0,0,0,0,0,0,0,0,0,0,0,0,0,0,0,0,0,0,0.6807007,0.6832865,0.6900668,0.8639,1,0.9590016,0.7467186,0,0,0,0,0,0,0,0,0,0,0,0,0,0,0,0,0,0,0,0,0,0,0,0,0,0,0,0,0.6537732,0.7399971,0.9661712,1,0.8457027,0,0,0,0,0,0,0,0,0,0,0,0,0,0
0,0,0,0,0,0,0,0,0,0,0,0,0,0,0,0.9365529,1,0.8929408,0,0,0,0,0,0,0,0,0,0,0,0,0,0,0,0,0,0,0,0,0,0,0,0,0,0,0,0,0,0,0,1,0.9981226,0,0,0,0,0,0,0,0,0,0,0,0,0,0,0,0,0,0,0,0,0,0,0,0,0,0,0,0,0,0,0.9430482,1,0.8927695,0,0,0,0,0,0,0,0,0,0,0,0,0,0,0,0,0,0,0,0,0,0,0,0,0.7873601,0.7895496,0.7645953,0,0,0.7822023,0.8236545,1,0.9653457,0,0,0,0,0,0,0,0,0,0,0,0,0,0,0,0,0,0,0,0,0,0,0,0,0,0.7476596,0.7510077,0,0.7437647,0.767207,0.79265,0.9702235,1,0.8714032,0,0,0,0,0,0,0,0,0,0,0,0,0,0
0,0,0,0,0,0,0.6918311,0.735851,0.7265133,0.7183338,0.6755103,0,0,0,0.7437791,0.9014069,1,0.8894135,0,0,0,0,0,0,0,0,0,0,0,0,0,0,0,0,0,0,0,0,0,0,0.8470308,0.8378599,0,0,0,0.8758849,0.8628407,0,0.8585464,1,0.9670225,0,0,0,0,0,0,0,0,0,0,0,0,0,0,0,0,0,0,0,0,0.6286382,0.6752904,0.7103635,0.7545803,0.7977064,0.7769086,0.6434615,0.7355147,0.7188641,0,0.9414303,1,0.8749384,0,0,0,0,0,0,0,0,0,0,0,0,0,0,0,0,0,0,0,0,0.6643961,0.6878644,0.6723706,0.7712715,0.7861046,0.7799067,0.7754046,0.7412174,0.7151821,0.662801,0.8406243,1,0.9629716,0.7196679,0,0,0,0,0,0,0,0,0,0,0,0,0,0,0,0,0,0,0,0,0,0.6506646,0.6770859,0.7137548,0.813766,0.8086896,0.7297047,0.6588212,0.6337572,0.6673036,0.9607497,1,0.8544528,0,0,0,0,0,0,0,0,0,0,0,0,0,0
0,0,0,0,0,0,0,0,0,0,0,0,0,0,0,0.9270825,1,0.9053344,0,0,0,0,0,0,0,0,0,0,0,0,0,0,0,0,0,0,0,0,0,0,0,0,0,0,0,0,0,0,0,1,0.9783729,0,0,0,0,0,0,0,0,0,0,0,0,0,0,0,0,0,0,0,0,0,0,0,0,0.7876686,0.7531806,0.7901676,0,0,0,0.9448916,1,0.8751995,0,0,0,0,0,0,0,0,0,0,0,0,0,0,0,0,0,0,0,0,0,0,0,0.7778424,0.8363228,0.8719792,0.8675792,0.8074623,0,0.7556789,0.8803273,1,0.9601877,0,0,0,0,0,0,0,0,0,0,0,0,0,0,0,0,0,0,0,0,0,0,0,0.7142276,0.7185041,0.8079208,0.799722,0.7562532,0,0,0.7355147,0.9674567,1,0.8658205,0,0,0,0,0,0,0,0,0,0,0,0,0,0
0,0,0,0,0,0,0,0,0,0,0.7178229,0.7494166,0.7019294,0.7900349,0.7718832,0.9139974,1,0.8961506,0,0,0,0,0,0,0,0,0,0,0,0,0,0,0,0,0,0,0,0,0,0,0,0,0.7470019,0.7762894,0,0.7370988,0.8631948,0.8650317,0.7640065,1,0.9780906,0.7586099,0,0,0,0,0,0,0,0,0,0,0,0,0,0,0,0,0,0,0,0,0,0,0.6464001,0.7126911,0.672018,0.7473946,0.7756028,0.7702006,0.8172152,0.9546129,1,0.8769007,0,0,0,0,0,0,0,0,0,0,0,0,0,0,0,0,0,0,0,0,0,0,0,0.6662062,0.7135598,0.7511471,0.662354,0.7598537,0.7595862,0.7718669,0.8618346,1,0.9553901,0.6501645,0,0,0,0,0,0,0,0,0,0,0,0,0,0,0,0,0,0,0,0,0,0,0.6133045,0.720481,0.7874831,0.7654842,0.6408723,0.6790959,0.604386,0.6568627,0.9577674,1,0.8520182,0,0,0,0,0,0,0,0,0,0,0,0,0,0
0,0,0,0,0,0,0,0,0,0,0,0,0,0,0.7771559,0.9225196,1,0.8819416,0,0,0,0,0,0,0,0,0,0,0,0,0,0,0,0,0,0,0,0,0,0,0,0,0,0,0,0,0,0,0.8254039,1,0.9423565,0,0,0,0,0,0,0,0,0,0,0,0,0,0,0,0,0,0,0,0,0,0,0,0,0,0,0,0.6831574,0,0.8219573,0.884851,1,0.8706743,0.693848,0.6566933,0,0,0,0,0,0,0,0,0,0,0,0,0,0,0,0,0,0,0,0,0,0,0,0,0.6364977,0.6624637,0.6691231,0,0.829351,1,0.9518483,0.6782557,0,0,0,0,0,0,0,0,0,0,0,0,0,0,0,0,0,0,0,0,0,0,0,0,0,0.6135738,0.7023512,0.7151994,0.7546321,0.8112302,0.9699608,1,0.8633191,0,0,0,0,0,0,0,0,0,0,0,0,0,0
0,0,0,0,0,0,0,0,0,0,0,0,0,0,0,0.92721,1,0.8943139,0.7885925,0,0,0,0,0,0,0,0,0,0,0,0,0,0,0,0,0,0,0,0,0,0,0,0,0,0,0,0,0,0.8956234,1,0.9723296,0,0,0,0,0,0,0,0,0,0,0,0,0,0,0,0,0,0,0,0,0,0,0,0,0,0,0,0,0,0,0.9532303,1,0.8684022,0.808017,0,0,0,0,0,0,0,0,0,0,0,0,0,0,0,0,0,0,0,0,0,0,0,0,0,0,0,0,0,0.8428404,1,0.9696754,0,0,0,0,0,0,0,0,0,0,0,0,0,0,0,0,0,0,0,0,0,0,0,0,0,0,0,0,0,0,0.728357,0.9683965,1,0.8508672,0,0,0,0,0,0,0,0,0,0,0,0,0,0
0,0,0,0,0,0,0,0,0,0,0,0,0,0,0.7069662,0.8759721,1,0.8996298,0.7463582,0.784594,0,0,0,0,0,0,0,0,0,0,0,0,0,0,0,0,0,0,0,0,0,0,0,0,0,0,0,0.7745689,0.9147949,1,0.9486862,0,0.7593524,0.7526914,0,0,0,0,0,0,0,0,0,0,0,0,0,0,0,0,0,0,0,0,0,0,0,0,0,0,0.6718979,0.9321334,1,0.8767257,0.6520149,0.6993041,0.6697313,0,0,0,0,0,0,0,0,0,0,0,0,0,0,0,0,0,0,0,0,0,0,0,0,0,0,0.6581296,0.8608618,1,0.9613301,0.7564648,0,0.7472426,0.7450675,0.7596458,0.6870402,0,0,0,0,0,0,0,0,0,0,0,0,0,0,0,0,0,0,0,0,0,0,0,0.6394237,0.7191147,0.95955,1,0.8627867,0.6285782,0.6859183,0.6889493,0.6535079,0.6384933,0,0,0,0,0,0,0,0,0
0,0,0,0,0,0,0,0,0,0,0,0,0,0.6597298,0.7649091,0.9162017,1,0.9143825,0.7665448,0.7077314,0,0,0,0,0,0,0,0,0,0,0,0,0,0,0,0,0,0,0,0,0,0,0,0,0,0,0,0,0.8275679,0.9275033,1,0,0,0,0,0,0,0,0,0,0,0,0,0,0,0,0,0,0,0,0,0,0,0,0,0,0,0,0,0.6492267,0.7150196,0.9455396,1,0.8622532,0.6866218,0,0,0,0,0,0,0,0,0,0,0,0,0,0,0,0,0,0,0,0,0,0,0,0,0,0,0,0.6866456,0.7259685,0.8299077,1,0.9300992,0.8047618,0.7954817,0.7214348,0.6951827,0.6787127,0,0.6636823,0.6479157,0,0,0,0,0,0,0,0,0,0,0,0,0,0,0,0,0,0,0,0,0,0.6350335,0.7265513,0.9602993,1,0.8391826,0.6424869,0.697534,0.6407819,0.6455249,0,0,0,0,0,0,0,0,0,0
0,0,0,0,0,0,0,0,0,0,0,0,0,0,0,0.9143362,1,0.8897056,0,0,0,0,0,0,0,0,0,0,0,0,0,0,0,0,0,0,0,0,0,0,0,0,0,0,0,0,0,0,0,0.9503959,1,0.8939597,0,0,0,0,0,0,0,0,0,0,0,0,0,0,0,0,0,0,0,0,0,0,0,0,0,0,0,0,0.7421623,0.9224331,1,0.894583,0,0,0,0,0,0,0,0,0,0,0,0,0,0,0,0,0,0,0,0,0,0,0,0,0,0,0,0,0,0,0.8689904,1,0.9675624,0,0,0,0,0,0,0,0,0,0,0,0,0,0,0,0,0,0,0,0,0,0,0,0,0,0,0,0,0,0,0.7517574,0.9686002,1,0.8684685,0,0,0,0,0,0,0,0,0,0,0,0,0,0
0,0,0,0,0,0,0,0,0,0,0,0,0,0,0.7472013,0.9410787,1,0.8807242,0,0,0,0,0,0,0,0,0,0,0,0,0,0,0,0,0,0,0,0,0,0,0,0,0,0,0,0,0,0,0.8809323,1,0.9252056,0.8805106,0,0,0,0,0,0,0,0,0,0,0,0,0,0,0,0,0,0,0,0,0,0,0,0,0,0,0,0.7443566,0.7867886,0.9292684,1,0.8585753,0,0,0,0,0,0,0,0,0,0,0,0,0,0,0,0,0,0,0,0,0,0,0,0,0,0,0,0,0,0.7740366,0.7444887,1,0.9701944,0,0,0,0,0,0,0,0,0,0,0,0,0,0,0,0,0,0,0,0,0,0,0,0,0,0,0,0,0,0.6906351,0.7420008,0.9692841,1,0.8702728,0,0,0,0,0,0,0,0,0,0,0,0,0,0
0,0,0,0,0,0,0,0,0,0,0.6704503,0.6396131,0.6235581,0.6254402,0.7962553,0.9100155,1,0.9112846,0.6724173,0.6266178,0,0,0,0,0,0,0,0,0,0,0,0,0,0,0,0,0,0,0,0,0,0,0,0,0,0,0.8201078,0.8081248,0.7919533,1,0,0.9610162,0.8549469,0,0,0,0,0,0,0,0,0,0,0,0,0,0,0,0,0,0,0,0,0,0,0.6080489,0.6593097,0.6587087,0.6933292,0.7379245,0.6938355,0.9515222,1,0.8812615,0.749887,0,0,0,0,0,0,0,0,0,0,0,0,0,0,0,0,0,0,0,0,0,0,0,0,0.6816326,0.7182549,0.5929633,0.6830253,0.7615252,0.847218,1,0.9597195,0.7676186,0.6657656,0,0,0,0,0,0,0,0,0,0,0,0,0,0,0,0,0,0,0,0,0,0,0,0,0,0,0.5541955,0.6437194,0.6374813,0.9500219,1,0.8595552,0.6512867,0.5942608,0,0,0,0,0,0,0,0,0,0,0,0
0,0,0,0,0,0,0,0,0,0,0,0,0,0,0.7924758,0.8746947,1,0.8674369,0,0,0,0,0,0,0,0,0,0,0,0,0,0,0,0,0,0,0,0,0,0,0,0,0,0,0,0,0,0.8766733,0.9455298,1,0.9628057,0,0,0,0,0,0,0,0,0,0,0,0,0,0,0,0,0,0,0,0,0,0,0,0,0,0,0,0,0.7315245,0.7275411,0.93906,1,0.8817236,0.7143517,0,0,0,0,0,0,0,0,0,0,0,0,0,0,0,0,0,0,0,0,0,0,0,0,0.6840111,0.6707206,0,0,0.7890319,0.8742819,1,0.961195,0.7337902,0.6953871,0,0,0,0,0,0,0,0,0,0,0,0,0,0,0,0,0,0,0,0,0,0,0,0,0,0.6524774,0.6635497,0.6530592,0.7540919,0.9657677,1,0.8432606,0.7030153,0.6736905,0,0,0,0,0,0,0,0,0,0,0,0
0,0,0,0,0,0,0,0,0,0,0,0,0.7029292,0.7082212,0.7231187,0.8933186,1,0.8643906,0.7099924,0,0,0,0,0,0,0,0,0,0,0,0,0,0,0,0,0,0,0,0,0,0,0,0,0,0,0,0,0.9097058,0,0.9706274,1,0.8816009,0,0,0,0,0,0,0,0,0,0,0,0,0,0,0,0,0,0,0,0,0,0,0,0,0,0.6598156,0.7413786,0.7844815,0.7518641,0.9279674,1,0.8974041,0.6981075,0,0,0,0,0,0,0,0,0,0,0,0,0,0,0,0,0,0,0,0,0,0,0,0,0.7092032,0.7654992,0.7536873,0.8036138,0.7920571,0.8554333,1,0.9626878,0.7191827,0,0,0,0,0,0,0,0,0,0,0,0,0,0,0,0,0,0,0,0,0,0,0,0,0,0,0,0,0.6210794,0.7041279,0.9663568,1,0.8527981,0,0,0,0,0,0,0,0,0,0,0,0,0,0
0,0,0,0,0,0,0,0,0.6854935,0.6782364,0,0.7536235,0.8491119,0.8866258,0.8554953,0.9358158,1,0.8870232,0,0,0,0,0,0,0,0,0,0,0,0,0,0,0,0,0,0,0,0,0,0,0,0,0,0,0,0,0.8419624,0.8435479,0.9005451,1,0.949739,0,0,0,0,0,0,0,0,0,0,0,0,0,0,0,0,0,0,0,0,0,0.6777475,0.6855574,0,0,0,0,0.7793327,0.8093995,0.7009301,0.9541838,1,0.8038257,0.712826,0,0,0,0,0,0,0,0,0,0,0,0,0,0,0,0,0,0,0,0,0,0,0,0,0,0.7313726,0.7793979,0.860684,0.8316326,0.8522829,1,0.9619893,0,0,0,0,0,0,0,0,0,0,0,0,0,0,0,0,0,0,0,0,0,0,0,0,0,0,0.6180732,0.669885,0.7732471,0.752138,0.6600817,0.9621478,1,0.8565029,0.6364056,0,0,0,0,0,0,0,0,0,0,0,0,0
0,0,0,0,0,0,0,0,0,0,0,0.7371688,0.8118827,0.8595434,0.7224687,0.9323977,1,0.8602619,0,0,0,0,0,0,0,0,0,0,0,0,0,0,0,0,0,0,0,0,0,0,0,0,0,0,0,0,0.8094547,0,0,1,0.9888312,0.8799354,0.9486791,0.8698103,0,0,0,0,0,0,0,0,0,0,0,0,0,0,0,0,0,0,0,0,0,0,0,0.7243718,0.8059244,0.8484315,0.7691478,0.9368145,1,0.8786953,0.767228,0.7672862,0.6966057,0,0,0,0,0,0,0,0,0,0,0,0,0,0,0,0,0,0,0,0,0,0,0,0.6716703,0.8298612,0.9141833,0.8543301,0.8715559,1,0.9410005,0.7022638,0.7887025,0.73334,0,0,0,0,0,0,0,0,0,0,0,0,0,0,0,0,0,0,0,0,0,0,0,0,0.6054516,0.7876235,0.7993245,0.657444,0.964053,1,0.8489333,0.7351692,0.7604734,0.6851975,0,0,0,0,0,0,0,0,0,0,0
0,0,0,0,0,0,0,0,0,0,0,0,0,0.7413515,0.7809322,0.8759272,1,0.846338,0.7590249,0,0,0,0,0,0,0,0,0,0,0,0,0,0,0,0,0,0,0,0,0,0,0,0,0,0,0,0,0,0.7702459,1,0.9715409,0.8442174,0.8189133,0,0,0,0,0,0,0,0,0,0,0,0,0,0,0,0,0,0,0,0,0,0,0,0,0,0,0.726819,0.799113,0.9219789,1,0.7606571,0.7127527,0.6938244,0.7160078,0.7502095,0.6989856,0,0,0,0,0,0,0,0,0,0,0,0,0,0,0,0,0,0,0,0,0,0.6538241,0.6385086,0.7478905,0.7627565,0.7027417,1,0.9376344,0.7869947,0,0.7183211,0.7649528,0.7447942,0.6936392,0,0,0,0,0,0,0,0,0,0,0,0,0,0,0,0,0,0,0,0,0,0.5794188,0.6746094,0.7613553,0.6183602,0.9630938,1,0.855235,0.679969,0.7460931,0.7396081,0.7572441,0.7062047,0,0,0,0,0,0,0,0,0
0,0,0,0,0,0,0,0,0,0,0,0,0,0,0.8050227,0.9339676,1,0.9541625,0,0,0,0,0,0,0,0,0,0,0,0,0,0,0,0,0,0,0,0,0,0,0,0,0,0,0,0,0,0,0.9259896,1,0.9333637,0,0,0,0,0,0,0,0,0,0,0,0,0,0,0,0,0,0,0,0,0,0,0,0,0,0,0,0,0,0,0.9542359,1,0.9014891,0,0,0.8017727,0,0.7820482,0.8164877,0.7789437,0,0,0,0,0,0,0,0,0,0,0,0,0,0,0,0,0,0,0,0,0,0,0,0.8782799,1,0.9875728,0.8511171,0.8205893,0,0,0,0.7844895,0,0,0,0,0,0,0,0,0,0,0,0,0,0,0,0,0,0,0,0,0,0,0,0,0,0.9637197,1,0.8864992,0.7576669,0.7600492,0.7322056,0,0,0,0,0,0,0,0,0,0,0
0,0,0,0,0,0,0,0,0,0,0,0,0,0,0.7570255,0.9066237,1,0.8906929,0.7725328,0.7904077,0.7692537,0.7657998,0.710813,0,0,0,0,0,0,0,0,0,0,0,0,0,0,0,0,0,0,0,0,0,0,0,0,0,0.8781611,1,0.9899032,0,0.8716434,0.8893076,0,0,0,0,0,0,0,0,0,0,0,0,0,0,0,0,0,0,0,0,0,0,0,0,0,0,0,0.9369159,1,0.8593017,0.7134296,0,0.7156581,0.7024746,0.6837969,0.6979137,0,0,0.720864,0.7021017,0,0,0,0,0,0,0,0,0,0,0,0,0,0,0,0,0,0,0,0,0.8247589,1,0.9492812,0.7374924,0.7185028,0.6937042,0.7331201,0.7902524,0.7116538,0,0.7613202,0.8080684,0.7748249,0,0,0,0,0,0,0,0,0,0,0,0,0,0,0,0,0,0,0.6433328,0.6556719,0.7417861,0.9676271,1,0.858113,0,0.6768445,0.7203798,0.7173803,0.6932923,0,0.7013354,0.7502049,0.7267008,0.6589532,0,0,0,0
0,0,0,0,0,0,0,0,0,0,0,0,0,0,0,0.9266769,1,0.900622,0,0.6880998,0,0,0.6851863,0,0,0,0,0,0,0,0,0,0,0,0,0,0,0,0,0,0,0,0,0,0,0,0,0,0,0.9319224,1,0.8911685,0.90233,0,0,0.9131474,0.9265338,0,0,0,0,0,0,0,0,0,0,0,0,0,0,0,0,0,0,0,0,0,0,0,0.7140244,0.9361871,1,0.8798057,0,0.7120957,0.7397708,0.6902376,0,0,0,0,0,0,0,0,0,0,0,0,0,0,0,0,0,0,0,0,0,0,0,0,0,0,0.8850929,1,0.943195,0,0.6825529,0.6828914,0.708132,0.7657445,0.7604822,0.755083,0.7186344,0.6687838,0.6964762,0,0,0,0,0,0,0,0,0,0,0,0,0,0,0,0,0,0,0,0,0.7306214,0.9661759,1,0.8580362,0.6786504,0.7196433,0,0.6305557,0.7028936,0.7118916,0.6975771,0.6649253,0,0,0,0,0,0
0,0,0,0,0,0,0,0,0,0,0,0,0,0,0,0.9398145,1,0.8753573,0,0,0,0,0,0,0,0,0,0,0,0,0,0,0,0,0,0,0,0,0,0,0,0,0,0,0,0,0,0,0.8326944,1,0.9842511,0.8559676,0,0,0,0,0,0,0,0,0,0,0,0,0,0,0,0,0,0,0,0,0,0,0,0,0,0.6738487,0.6995988,0.6883022,0.6819845,0.9414222,1,0.8819584,0,0,0,0,0,0,0,0,0,0,0,0,0,0,0,0,0,0,0,0,0,0,0,0,0,0,0,0,0,0,0.8354768,1,0.9642619,0,0.6778601,0,0,0,0,0,0,0,0,0,0,0,0,0,0,0,0,0,0,0,0,0,0,0,0,0,0,0,0.641185,0.7341612,0.9695486,1,0.851539,0,0.6613341,0,0,0,0.6292608,0,0,0,0,0,0,0,0
0,0,0,0,0,0,0,0,0,0,0,0,0,0,0.8143513,0.9019817,1,0.9115543,0,0,0,0,0,0,0,0,0,0,0,0,0,0,0,0,0,0,0,0,0,0,0,0,0,0,0,0,0,0,0.87178,1,0.9931744,0,0,0,0,0,0,0,0,0,0,0,0,0,0,0,0,0,0,0,0,0,0,0,0,0,0,0,0,0,0.7652957,0.9539276,1,0.8981661,0,0,0,0,0,0,0,0,0,0,0,0,0,0,0,0,0,0,0,0,0,0,0,0,0,0,0,0,0,0.784015,0.8326681,1,0.9691242,0,0,0,0,0,0,0,0,0,0,0,0,0,0,0,0,0,0,0,0,0,0,0,0,0,0,0,0,0.7254298,0.7577009,0.7647868,0.9653353,1,0.865797,0,0,0,0,0,0,0,0,0,0,0,0,0,0
0,0,0,0,0,0,0,0,0,0,0,0,0,0,0,0.904245,1,0.8995856,0,0,0,0,0,0,0,0,0,0,0,0,0,0,0,0,0,0,0,0,0,0,0,0,0,0,0,0,0,0,0,1,0.9976964,0,0,0,0,0,0,0,0,0,0,0,0,0,0,0,0,0,0,0,0,0,0,0,0,0,0,0,0,0,0,0.9269882,1,0.8894594,0,0,0,0,0,0,0,0,0,0,0,0,0,0,0,0,0,0,0,0,0,0,0,0,0,0,0,0,0,0,0.8579323,1,0.9610586,0.737312,0,0,0,0,0,0,0,0,0,0,0,0,0,0,0,0,0,0,0,0,0,0,0,0,0,0,0,0,0,0.7399225,0.9659626,1,0.8632979,0,0,0,0,0,0,0,0,0,0,0,0,0,0
