GestureName: mu
Duration(ms): 940
Handedness: right

SpeakerAngles: 5
55
-55
0
0
110

SpeakerElevations: 5
-10
-10
-10
0
30

InterpretedPoints: 20
0,0,0
5.67531257773229,6.43383379854782,0.610814578664557
14.6058158808621,16.7284518071549,3.7425736903299
11.3506251554646,13.0429693809863,1.39527733499604
3.24810032815972,-2.39268793169053,2.36824088833465
1.60632417098542,-5.33762044371368,0.715537243668512
0.799616886873823,-7.9176752121651,0.715537243668512
-7.30999833766881,-11.9651846319183,-2.11081457866456
-10.5510082685908,-12.5177056563813,-2.93716640099763
-11.3577155527024,-20.2812492757483,-1.37433280199525
-1.6134145682232,-4.11453279593946,0.520944533000791
3.24810032815972,2.67626812328555,1.32635182233307
7.30999833766881,10.4151287486512,1.7635182233307
13.7920181995127,17.2537155317598,2.20068462432832
12.1715132340517,14.7256010571678,2.56892551266297
-9.71593939552806,-0.473046986615245,-1.28446275633149
-12.1502420423384,-19.3087830197367,-0.547980979662184
-0.806707284111599,-6.51928578050025,0.694592710667721
0,-1,0
0,0,0

StrokePoints: 21
0,0,0
0,0,0
5.67531257773229,6.43383379854782,0.610814578664557
20.2811284585944,23.1622856057027,4.35338826899446
31.631753614059,36.205254986689,5.74866560399051
34.8798539422187,33.8125670549985,8.11690649232516
36.4861781132041,28.4749466112848,8.83244373599367
37.2857950000779,20.5572713991197,9.54798097966218
29.9757966624091,8.59208676720136,7.43716640099762
19.4247883938183,-3.92561888917996,4.5
8.06707284111599,-24.2068681649282,3.12566719800475
6.45365827289279,-28.3214009608677,3.64661173100554
9.70175860105251,-25.6451328375821,4.97296355333861
17.0117569387213,-15.2300040889309,6.7364817766693
30.803775138234,2.02371144282895,8.93716640099762
42.9752883722858,16.7493124999967,11.5060919136606
33.2593489767577,16.2762655133815,10.2216291573291
21.1091069344193,-3.03251750635524,9.67364817766693
20.3023996503077,-9.55180328685549,10.3682408883346
20.3023996503077,-10.5518032868555,10.3682408883346
20.3023996503077,-10.5518032868555,10.3682408883346

Velocities: 20
0,0,0
3,0,5
6,0,7
7,1,7
0,-1,-4
0,-3,-4
-1,-3,-3
-2,0,-6
-4,0,-5
-7,-2,-9
-2,0,-1
1,0,0
5,3,2
8,2,9
5,0,9
-7,0,0
-8,0,-9
-1,0,-3
0,0,0
0,0,0

InverseVelocities: 20
0,0,0
0,0,0
0,0,0
0,0,0
0,0,0
0,0,0
0,0,0
0,0,0
0,0,0
0,0,0
0,0,0
0,0,0
0,0,0
0,0,0
0,0,0
0,0,0
0,0,0
0,0,0
0,0,0
0,0,0

RawData: 20
0,0,0,0,0,0,0,0,0,0,0,0,0,0,0,0.9340134,1,0,0,0,0,0,0,0,0,0,0,0,0,0,0,0,0,0,0,0,0,0,0,0,0,0,0,0,0,0,0,0,0,1,0.9918914,0,0,0,0,0,0,0,0,0,0,0,0,0,0,0,0,0,0,0,0,0,0,0,0,0,0,0,0,0,0,0.9625035,1,0.8449664,0,0,0,0,0,0,0,0,0,0,0,0,0,0,0,0,0,0,0,0,0,0,0,0,0,0,0,0,0,0,0.810745,1,0.9699022,0.8043903,0.7754785,0,0,0,0,0,0,0,0,0,0,0,0,0,0,0,0,0,0,0,0,0,0,0,0,0,0,0,0,0,0.9545575,1,0.8537009,0,0,0,0,0,0,0,0,0,0,0,0,0,0
0,0,0,0,0,0,0,0,0,0,0,0,0,0,0,0.9071633,1,0.9011535,0,0,0,0.7631074,0.7536675,0,0,0,0,0,0,0,0,0,0,0,0,0,0,0,0,0,0,0,0,0,0,0,0,0,0,0.9979466,1,0,0,0,0,0,0,0,0,0,0,0,0,0,0,0,0,0,0,0,0,0,0,0,0,0,0,0,0,0,0,0.9305838,1,0.877801,0.7132556,0.8495614,0.8723554,0.8142603,0.8329595,0.7575949,0.7869059,0,0,0,0,0,0,0,0,0,0,0,0,0,0,0,0,0,0,0,0,0,0,0,0.8540877,1,0.9581585,0.7477974,0.7756965,0.7723333,0,0,0,0,0,0,0,0,0,0,0,0,0,0,0,0,0,0,0,0,0,0,0,0,0,0,0,0.6977696,0.9705188,1,0.8169626,0,0.6770588,0.6710841,0.7335052,0.6888836,0,0,0,0,0,0,0,0,0
0,0,0,0,0,0,0,0,0,0,0,0,0,0,0,0.9127578,1,0.8757838,0.7290395,0.7602433,0,0.7564929,0.7813182,0,0.7404795,0.7147733,0,0,0,0,0,0,0,0,0,0,0,0,0,0,0,0,0,0,0,0,0,0,0.8418843,1,0.9272398,0,0,0,0,0,0,0,0,0,0,0,0,0,0,0,0,0,0,0,0,0,0,0,0,0,0,0,0,0,0,0.9381401,1,0.8561011,0,0.7090713,0.7512319,0.6805597,0.7968871,0.7568234,0.7952708,0.7832731,0.7569098,0,0,0,0,0,0,0,0,0,0,0,0,0,0,0,0,0,0,0,0,0,0.8414376,1,0.9596917,0.6974881,0,0.6690401,0.7613364,0.7051116,0.6435912,0.673434,0.6980113,0.7362459,0.703002,0.6610563,0.6540241,0,0,0,0,0,0,0,0,0,0,0,0,0,0,0,0,0,0,0.7070828,0.9648572,1,0.8574555,0,0,0.6927698,0.7154628,0.6759166,0.69466,0.7884333,0.7877995,0.6674777,0.7233341,0.7275783,0.6541494,0.6327379,0.6391442
0,0,0,0,0,0,0,0,0,0,0,0,0,0,0,0.9126493,1,0.9097785,0,0.7623671,0,0,0,0.783917,0.7759997,0.7568828,0.7271879,0,0,0,0,0,0,0,0,0,0,0,0,0,0,0,0,0,0,0,0,0,0,1,0.9796091,0,0.9235468,0.9797197,0,0,0,0,0,0,0,0,0,0,0,0,0,0,0,0,0,0,0,0,0,0,0,0,0,0,0,0.9473665,1,0.8563262,0,0,0.762307,0.765071,0.7281186,0.7761394,0.791283,0.7783893,0.722194,0,0,0,0,0,0,0,0,0,0,0,0,0,0,0,0,0,0,0,0,0,0.8647589,1,0.9535366,0.715583,0,0,0.752239,0.7406135,0.67251,0,0,0,0,0,0,0,0,0,0,0,0,0,0,0,0,0,0,0,0,0,0,0,0,0.7008763,0.9689054,1,0.834375,0.6893924,0.7377014,0.6578969,0.7504894,0.7615933,0.7055815,0.6909599,0,0.6468198,0,0,0,0,0
0,0,0,0,0,0,0,0,0,0,0,0,0,0.6688309,0.6527178,0.907813,1,0.8756825,0,0.7184769,0,0,0,0,0,0,0,0,0,0,0,0,0,0,0,0,0,0,0,0,0,0,0,0,0,0.7969202,0.8216832,0,0.8461208,1,0.9717987,0,0,0,0,0,0,0,0,0,0,0,0,0,0,0,0,0,0,0,0,0,0,0,0,0.6815677,0.6626027,0.6729666,0.7043737,0.6280954,0.7260905,0.9346091,1,0.8518902,0,0,0,0,0,0,0,0,0,0,0,0,0,0,0,0,0,0,0,0,0,0,0,0,0,0,0,0,0,0.6881448,0.8121111,1,0.966271,0.7256444,0.7018573,0.6501917,0,0.6040085,0,0,0,0,0,0,0,0,0,0,0,0,0,0,0,0,0,0,0,0,0,0,0,0,0,0.6377857,0.9587917,1,0.8487786,0,0.6852856,0.6785892,0.580411,0,0,0,0,0,0,0,0,0,0
0,0,0,0,0,0,0,0,0,0,0,0,0,0,0.7719128,0.93562,1,0.8925109,0.744632,0.721662,0,0,0,0,0,0,0,0,0,0,0,0,0,0,0,0,0,0,0,0,0,0,0,0.8757487,0.9113248,0.9177003,0.913821,0.8129322,0,1,0.9717045,0,0,0,0,0,0,0,0,0,0,0,0,0,0,0,0,0,0,0,0,0,0,0,0,0.6743432,0.715355,0.7215133,0.7791088,0.7616057,0.7294551,0.941228,1,0.8922231,0.6925388,0,0,0,0,0,0,0,0,0,0,0,0,0,0,0,0,0,0,0,0,0,0,0,0,0,0,0,0,0.7068788,0.8261681,1,0.965388,0.7080496,0,0,0,0,0,0,0,0,0,0,0,0,0,0,0,0,0,0,0,0,0,0,0,0,0,0,0.6764874,0.7082382,0,0.7562308,0.9706846,1,0.8406035,0.6887902,0,0,0,0,0,0,0,0,0,0,0,0,0
0,0,0,0,0,0,0,0,0,0,0,0,0.7585241,0.749693,0.7911762,0.8605331,1,0.8915908,0.72754,0,0,0,0,0,0,0,0,0,0,0,0,0,0,0,0,0,0,0,0,0,0,0,0,0.8700327,0,0,0,0,0,1,0.9840189,0,0,0,0,0,0,0,0,0,0,0,0,0,0,0,0,0,0,0,0,0,0,0,0,0,0.7501169,0.7351564,0.7747597,0.786505,0.7834359,0.9328457,1,0.869913,0,0,0,0,0,0,0,0,0,0,0,0,0,0,0,0,0,0,0,0,0,0,0,0,0,0.6961783,0.7048648,0.7162928,0,0,0.7818351,1,0.9654467,0,0,0,0,0,0,0,0,0,0,0,0,0,0,0,0,0,0,0,0,0,0,0,0,0,0,0,0.6449774,0,0.7539877,0.7816466,0.9653372,1,0.8569,0.6641643,0,0,0,0,0,0,0,0,0,0,0,0,0
0,0,0,0,0,0,0,0,0,0,0,0.756889,0.7715534,0,0.7756479,0.9175155,1,0.9082212,0,0,0,0,0,0,0,0,0,0,0,0,0,0,0,0,0,0,0,0,0,0,0,0,0,0,0,0,0,0,0.8641633,1,0.9598219,0,0,0,0,0,0,0,0,0,0,0,0,0,0,0,0,0,0,0,0,0,0,0.7610618,0.7946047,0.735522,0.7655061,0.7430894,0.7763615,0.73851,0,0.9389938,1,0.8916709,0,0,0,0,0,0,0,0,0,0,0,0,0,0,0,0,0,0,0,0,0,0.7845947,0.8143,0.8185021,0.8167627,0.8298841,0.7742565,0.7199302,0,0,0.8824363,1,0.9610711,0.7046547,0,0,0,0,0,0,0,0,0,0,0,0,0,0,0,0,0,0,0,0,0.6856472,0.6639207,0,0.7017325,0.7565302,0.7462737,0.7077469,0,0,0.7406824,0.9640059,1,0.8689241,0,0,0,0,0,0,0,0,0,0,0,0,0,0
0,0,0,0,0,0,0,0,0,0.7470061,0.7668971,0.7546033,0,0,0,0.9256254,1,0.899927,0,0,0,0,0,0,0,0,0,0,0,0,0,0,0,0,0,0,0,0,0,0,0,0,0,0,0,0,0,0,0,1,0.9823048,0,0,0,0,0,0,0,0,0,0,0,0,0,0,0,0,0,0,0,0,0,0,0,0.8426199,0.825266,0,0,0.7569159,0,0,0.9440051,1,0.8650007,0,0,0,0,0,0,0,0,0,0,0,0,0,0,0,0,0,0,0,0,0.7958044,0.8355234,0.8125364,0.8296198,0.803808,0,0,0.7276145,0.7292228,0.7471707,0.879873,1,0.9594243,0,0,0,0,0,0,0,0,0,0,0,0,0,0,0,0,0,0,0,0.7058626,0.7555475,0.7449877,0.7144767,0,0.6921011,0.7401021,0,0,0,0,0.7066425,0.9641147,1,0.8652065,0,0,0,0,0,0,0,0,0,0,0,0,0,0
0,0,0,0,0,0,0.6977365,0.7064478,0,0,0,0.6976442,0,0,0.7238843,0.8983328,1,0.8831097,0,0,0,0,0,0,0,0,0,0,0,0,0,0,0,0,0,0,0,0,0,0,0,0,0,0,0.9441168,0.9424127,0.896704,0.9470409,0.9794556,1,0.9766425,0,0,0,0,0,0,0,0,0,0,0,0,0,0,0,0,0,0,0,0.6743646,0.7310269,0.7399294,0.7865652,0.7309595,0.777434,0.7082379,0.6664456,0.8175647,0.8446605,0.6669288,0.9373746,1,0.8751433,0,0,0,0,0,0,0,0,0,0,0,0,0,0,0,0,0,0,0,0.660522,0.6395432,0.6655289,0.7928356,0.8335114,0.8011203,0.729571,0,0,0.7599539,0.7653748,0.8435461,1,0.9568401,0.6438647,0,0,0,0,0,0,0,0,0,0,0,0,0,0,0,0,0,0,0.614159,0.6178859,0.6510704,0,0.684813,0.6604915,0.6342134,0.6711821,0,0.6434399,0.6965401,0.6839432,0.9528875,1,0.8556164,0,0,0,0,0,0,0,0,0,0,0,0,0,0
0,0,0,0,0,0,0,0,0,0,0,0.8081191,0.8256468,0.8217939,0.805585,0.8976964,1,0.9126791,0,0,0,0,0,0,0,0,0,0,0,0,0,0,0,0,0,0,0,0,0,0,0,0,0,0,0,0,0,0,0.9564046,1,0.9065079,0,0,0,0,0,0,0,0,0,0,0,0,0,0,0,0,0,0,0,0,0,0,0,0,0,0,0,0.8215102,0.816651,0.7654775,0.9433804,1,0.8770601,0,0,0,0,0,0,0,0,0,0,0,0,0,0,0,0,0,0,0,0,0,0,0,0,0,0,0.7323911,0.8080788,0.8648197,0.870751,0.9052438,1,0.9644837,0.7243464,0,0,0,0,0,0,0,0,0,0,0,0,0,0,0,0,0,0,0,0,0,0,0,0,0,0,0,0.6996477,0.7530977,0.8003497,0.9758224,1,0.8583763,0,0,0,0,0,0,0,0,0,0,0,0,0,0
0,0,0,0,0,0,0,0,0,0,0,0,0,0,0.6979193,0.9409698,1,0.8499821,0.7984158,0.7895343,0.7073359,0,0,0,0,0,0,0,0,0,0,0,0,0,0,0,0,0,0,0,0,0,0,0,0,0,0,0,0.8332281,0.9417216,1,0.8691322,0.807249,0,0,0,0,0,0,0,0,0,0,0,0,0,0,0,0,0,0,0,0,0,0,0,0,0,0,0,0,0.9242257,1,0.8893754,0.7505066,0,0,0,0,0,0,0,0,0,0,0,0,0,0,0,0,0,0,0,0,0,0,0,0,0,0,0,0,0,0.8625636,1,0.930223,0.8460868,0.8308834,0.7890372,0.7369819,0.6379468,0,0,0,0,0,0,0,0,0,0,0,0,0,0,0,0,0,0,0,0,0,0,0,0,0,0.6783623,0.9584748,1,0.8477187,0.7373191,0.7322803,0.6734903,0.5842256,0,0,0,0,0,0,0,0,0,0
0,0,0,0,0,0,0,0,0,0,0,0,0,0,0,0.9043486,1,0.8929038,0,0,0.8128157,0.8267378,0.7826288,0.7697784,0.6785201,0,0,0,0,0,0,0,0,0,0,0,0,0,0,0,0,0,0,0,0,0,0,0,0,0.9947221,1,0.9859853,0.9636055,0,0.9299935,0.916878,0,0,0,0,0,0,0,0,0,0,0,0,0,0,0,0,0,0,0,0,0,0,0,0,0,0.9337732,1,0.8337604,0.8467507,0.8333791,0.6972079,0.7403986,0,0,0,0,0,0,0,0,0,0,0,0,0,0,0,0,0,0,0,0,0,0,0,0,0,0,0.8512945,1,0.9565361,0.7300903,0.7667699,0.7617754,0.7415836,0.7048249,0.7752417,0.7706904,0.6770451,0,0,0,0,0,0,0,0,0,0,0,0,0,0,0,0,0,0,0,0,0,0,0.6868702,0.9625847,1,0.859114,0.7276729,0.6691298,0.5878403,0.6819706,0.6932233,0.7198192,0.6700328,0.6150454,0,0,0,0,0,0
0,0,0,0,0,0,0,0,0,0,0,0,0,0,0,0.8999913,1,0.8934981,0,0,0,0.7183409,0.7292747,0,0.7702871,0.7048177,0.6861227,0.7014834,0,0,0,0,0,0,0,0,0,0,0,0,0,0,0,0,0,0,0,0,0,1,0.9502599,0,0,0.8913714,0.8452321,0,0,0,0,0,0,0,0,0,0,0,0,0,0,0,0,0,0,0,0,0,0,0,0,0,0,0.9342989,1,0.8602731,0.6994819,0.7565327,0.6414011,0.7543966,0.7296944,0.6900999,0.6587173,0,0.657788,0.7391075,0.7457278,0,0,0,0,0,0,0,0,0,0,0,0,0,0,0,0,0,0,0,0.8302621,1,0.960565,0,0.7154275,0.6589248,0.7287397,0.7109247,0,0.7250294,0.7056802,0,0,0,0,0,0,0,0,0,0,0,0,0,0,0,0,0,0,0,0,0,0,0.6977922,0.9648243,1,0.8517561,0.6673792,0.6986351,0.7076279,0.6187807,0.6603506,0.6623554,0.6868696,0.678616,0.7174197,0.7157323,0.6292546,0.5955998,0,0
0,0,0,0,0,0,0,0,0,0,0,0,0,0,0,0.9276842,1,0.8905185,0,0,0,0,0.7453192,0.770785,0.7246353,0,0,0,0,0,0,0,0,0,0,0,0,0,0,0,0,0,0,0,0,0,0,0,0.8554111,1,0.963499,0.851796,0,0,0,0,0,0,0,0,0,0,0,0,0,0,0,0,0,0,0,0,0,0,0,0,0,0,0,0,0,0.9300609,1,0.8772182,0,0,0,0,0.7208038,0.7295595,0.7335914,0.7212871,0,0,0.715995,0,0,0,0,0,0,0,0,0,0,0,0,0,0,0,0,0,0,0,0.8503366,1,0.9481912,0,0,0,0.7552388,0.7041181,0.7232886,0.7689752,0.7060544,0,0,0,0,0,0,0,0,0,0,0,0,0,0,0,0,0,0,0,0,0,0.6551968,0.7231572,0.9632233,1,0.8597506,0.6792225,0.6938365,0,0,0,0.6708441,0.7049257,0.6441349,0.6941245,0.6795346,0.6481364,0,0,0
0,0,0,0,0,0,0.7748457,0.7860482,0,0,0,0,0,0,0,0.9138208,1,0.8975202,0,0,0,0,0,0,0,0,0,0,0,0,0,0,0,0,0,0,0,0,0,0,0,0,0,0,0,0,0,0,0,1,0.9850957,0,0,0,0,0,0,0,0,0,0,0,0,0,0,0,0,0,0,0,0,0,0,0,0,0,0,0,0,0,0.747923,0.9525103,1,0.8729882,0,0,0,0,0,0,0,0,0,0,0,0,0,0,0,0,0,0,0,0,0,0,0,0,0,0,0,0,0,0,0.8597396,1,0.9587955,0.7087441,0,0.7103251,0.7076605,0,0,0,0,0,0,0,0,0,0,0,0,0,0,0,0,0,0,0,0.669306,0.6556063,0,0,0,0,0,0.7336801,0.9696541,1,0.8386409,0,0,0,0,0,0,0,0,0,0,0,0,0,0
0,0,0,0,0,0.6551369,0.7318159,0.7834325,0.775246,0,0,0.6795102,0.7008231,0.7272179,0.7402009,0.9339288,1,0.8581982,0,0,0,0,0,0,0,0,0,0,0,0,0,0,0,0,0,0,0,0,0,0,0,0,0,0,0,0,0,0,0.7733482,1,0.9812833,0.7577262,0,0,0,0,0,0,0,0,0,0,0,0,0,0,0,0,0,0,0.6504115,0.7186064,0.7613382,0.7960398,0.8012389,0.761943,0.6966293,0,0,0,0.669964,0.9370584,1,0.8621151,0.6576621,0,0,0,0,0,0,0,0,0,0,0,0,0,0,0,0,0,0,0,0.7121771,0.7558386,0.7992442,0.819129,0.7954657,0.7670739,0.7159626,0,0,0.6453086,0.7803485,1,0.9699746,0.7690161,0.6964548,0,0,0,0,0,0,0,0,0,0,0,0,0,0,0,0,0,0,0,0.6164916,0.6476673,0.6858044,0.6983051,0.6420488,0.5919147,0.5920854,0.6504916,0.7036159,0.7193846,0.9541487,1,0.8535295,0.6046972,0,0,0,0,0,0,0,0,0,0,0,0,0
0,0,0,0,0,0,0,0,0,0,0,0,0.6843624,0.7046763,0.6901098,0.8821124,1,0.906247,0,0,0,0,0,0,0,0,0,0,0,0,0,0,0,0,0,0,0,0,0,0,0,0,0,0,0,0,0,0,0,1,0.967894,0,0,0,0,0,0,0,0,0,0,0,0,0,0,0,0,0,0,0,0,0,0,0,0,0,0.6688256,0,0,0,0.7260736,0.8959517,1,0.8853327,0,0,0,0,0,0,0,0,0,0,0,0,0,0,0,0,0,0,0,0,0,0,0,0,0,0.6398151,0,0,0,0.633208,0.8692648,1,0.9469569,0.6528614,0,0,0,0,0,0,0,0,0,0,0,0,0,0,0,0,0,0,0,0,0,0,0,0,0,0,0,0,0,0.6635184,0.9598333,1,0.845188,0,0,0,0,0,0,0,0,0,0,0,0,0,0
0,0,0,0,0,0,0,0,0,0,0,0,0,0,0,0.9213436,1,0.876125,0.7456403,0,0,0,0,0,0,0,0,0,0,0,0,0,0,0,0,0,0,0,0,0,0,0,0,0,0,0,0,0,0.7992225,1,0.9872639,0.8333204,0,0,0,0,0,0,0,0,0,0,0,0,0,0,0,0,0,0,0,0,0,0,0,0,0,0,0,0,0,0.9390428,1,0.8804765,0.765132,0,0,0,0,0,0,0,0,0,0,0,0,0,0,0,0,0,0,0,0,0,0,0,0,0,0,0.640184,0.6194144,0.7719427,0.8148155,1,0.9613468,0.6925953,0,0,0,0,0,0,0,0,0,0,0,0,0,0,0,0,0,0,0,0,0,0,0,0,0,0,0,0,0,0.6781848,0.9641296,1,0.8612381,0.6489075,0,0,0,0,0,0,0,0,0,0,0,0,0
0,0,0,0,0,0,0,0,0,0,0,0,0,0,0,0.935334,1,0.8563529,0,0,0,0,0,0,0,0,0,0,0,0,0,0,0,0,0,0,0,0,0,0,0,0,0,0,0,0,0,0,0,0,0,0,0,0,0,0,0,0,0,0,0,0,0,0,0,0,0,0,0,0,0,0,0,0,0,0,0,0,0,0,0,0.9247298,1,0.8900105,0,0,0,0,0,0,0,0,0,0,0,0,0,0,0,0,0,0,0,0,0,0,0,0,0,0,0,0,0,0,0,1,0.9553686,0,0,0,0,0,0,0,0,0,0,0,0,0,0,0,0,0,0,0,0,0,0,0,0,0,0,0,0,0,0,0,0.9640594,1,0.8650445,0,0,0,0,0,0,0,0,0,0,0,0,0,0
