GestureName: mu
Duration(ms): 987
Handedness: right

SpeakerAngles: 5
55
-55
0
0
110

SpeakerElevations: 5
-10
-10
-10
0
30

InterpretedPoints: 21
0,0,0
2.44139304404812,3.09621335483414,1.32635182233307
4.89696688257179,16.2030789178891,1.39527733499604
8.93759370036756,20.8916885381753,1.72162915732911
2.4201218523348,13.6186263294519,-1.38918542133544
-0.813797681349374,-1.70380186727398,-0.5
0,0,0
0,-2.96961550602442,0.347296355333861
-7.32417913214436,-14.1822943355879,-2.7635182233307
-8.13797681349374,-10.9316729438252,-3.78446275633149
-8.91632250865424,-13.9407780820474,-0.916221867996835
-1.6134145682232,-4.09934054895166,0.694592710667721
2.44139304404812,2.09621335483414,1.32635182233307
6.48201986184389,10.029080813987,0.784462756331487
12.1573324395762,18.4781068595226,1.56892551266297
1.62759536269875,9.36202699358458,0.479055466999209
-3.21973873920862,2.05479104384648,1.54188906600158
0.0425423834266496,-4.83095260434443,4.21553724366851
-2.42721224957257,-3.80314241622564,0.194592710667721
0,0,0
0,1,0

StrokePoints: 22
0,0,0
0,0,0
2.44139304404812,3.09621335483414,1.32635182233307
7.33835992661991,19.2992922727232,2.72162915732911
16.2759536269875,40.1909808108985,4.44325831465823
18.6960754793223,53.8096071403504,3.05407289332278
17.8822777979729,52.1058052730764,2.55407289332278
17.8822777979729,52.1058052730764,2.55407289332278
17.8822777979729,49.136189767052,2.90136924865664
10.5580986658285,34.9538954314641,0.137851025325949
2.4201218523348,24.0222224876389,-3.64661173100554
-6.49620065631944,10.0814444055915,-4.56283359900237
-8.10961522454264,5.98210385663983,-3.86824088833465
-5.66822218049452,8.07831721147397,-2.54188906600158
0.813797681349374,18.107398025461,-1.7574263096701
12.9711301209256,36.5855048849836,-0.18850079700712
14.5987254836243,45.9475318785682,0.290554669992088
11.3789867444157,48.0023229224147,1.83244373599367
11.4215291278423,43.1713703180702,6.04798097966218
8.99431687826976,39.3682279018446,6.2425736903299
8.99431687826976,39.3682279018446,6.2425736903299
8.99431687826976,40.3682279018446,6.2425736903299

Velocities: 21
0,0,0
0,0,1
4,6,5
6,4,6
3,0,5
0,0,0
0,0,0
0,0,-2
0,0,-10
0,0,-7
-5,0,-7
-2,0,-2
0,0,1
4,0,3
7,0,7
0,0,3
-4,1,-3
-4,2,-5
-2,0,-2
0,0,0
0,0,0

InverseVelocities: 21
0,0,0
0,0,0
0,0,0
0,0,0
0,0,0
0,0,0
0,0,0
0,0,0
0,0,0
0,0,0
0,0,0
0,0,0
0,0,0
0,0,0
0,0,0
0,0,0
2,0,0
5,-2,3
0,0,0
0,0,0
0,0,0

RawData: 21
0,0,0,0,0,0,0,0,0,0,0,0,0,0,0,0,1,0,0,0,0,0,0,0,0,0,0,0,0,0,0,0,0,0,0,0,0,0,0,0,0,0,0,0,0,0,0,0,0,0,0,0,0,0,0,0,0,0,0,0,0,0,0,0,0,0,0,0,0,0,0,0,0,0,0,0,0,0,0,0,0,0.9388066,1,0,0,0,0,0,0,0,0,0,0,0,0,0,0,0,0,0,0,0,0,0,0,0,0,0,0,0,0,0,0,0,0.8721914,1,0.9435623,0,0,0,0,0,0,0,0,0,0,0,0,0,0,0,0,0,0,0,0,0,0,0,0,0,0,0,0,0,0,0,0.9732316,1,0,0.90714,0,0,0,0,0,0,0,0,0,0,0,0,0
0,0,0,0,0,0,0,0,0,0,0,0,0,0,0,0.8723343,1,0.8917478,0,0,0,0,0,0,0,0,0,0,0,0,0,0,0,0,0,0,0,0,0,0,0,0,0,0,0,0,0,0,0,0,0,0,0,0,0,0,0,0,0,0,0,0,0,0,0,0,0,0,0,0,0,0,0,0,0,0,0,0,0,0,0,0.9187844,1,0.8686975,0,0.8076419,0.8495594,0,0,0,0,0,0,0,0,0,0,0,0,0,0,0,0,0,0,0,0,0,0,0,0,0,0,0,0.7880952,1,0.9548205,0,0.8366022,0.8995448,0.8884325,0.8275504,0,0,0,0,0,0,0,0,0,0,0,0,0,0,0,0,0,0,0,0,0,0,0,0,0,0,0.9621214,1,0.7912536,0.7722237,0.7945098,0.7933233,0.7276289,0,0,0,0,0,0,0,0,0,0
0,0,0,0,0,0,0,0,0,0,0,0,0,0,0,0.9074586,1,0.8774179,0,0,0.7291607,0.8555679,0.8701484,0.8016209,0,0,0,0,0,0,0,0,0,0,0,0,0,0,0,0,0,0,0,0,0,0,0,0,0,1,0.9930415,0,0.877884,0.937802,0,0.9289951,0.9476644,0.9405506,0.8511302,0,0,0,0,0,0,0,0,0,0,0,0,0,0,0,0,0,0,0,0,0,0,0.9449725,1,0.8614256,0.6791137,0.6749724,0.7698943,0.8080389,0.8038706,0.7698024,0.6474639,0,0,0,0,0,0,0,0,0,0,0,0,0,0,0,0,0,0,0,0,0,0,0,0.798731,1,0.9757212,0.737834,0,0.78628,0.75118,0.8749982,0.820479,0,0.7981995,0.7578918,0.6747588,0,0,0,0,0,0,0,0,0,0,0,0,0,0,0,0,0,0,0,0,0.6793126,0.9666557,1,0.8211696,0,0.6329018,0.7726752,0.7689167,0.7743559,0.6793851,0.6269481,0.7147165,0.6774113,0,0,0,0,0
0,0,0,0,0,0,0,0,0,0,0,0,0,0,0,0.8853247,1,0.8938231,0,0,0,0,0,0,0.7189263,0.7723754,0,0,0,0,0,0,0,0,0,0,0,0,0,0,0,0,0,0,0,0,0,0,0.8512019,1,0.9472076,0,0,0,0,0.8445641,0.8473074,0,0,0,0,0,0,0,0,0,0,0,0,0,0,0,0,0,0,0,0,0,0,0,0,0.9389177,1,0.8574095,0,0,0.6564173,0.6755468,0,0.6996334,0.7915993,0.708288,0,0,0,0,0,0,0,0,0,0,0,0,0,0,0,0,0,0,0,0,0,0,0.813924,1,0.9667416,0,0,0,0.729785,0,0.7744077,0.7855803,0.863062,0.9096791,0.8691611,0.7187175,0.776221,0.7520035,0.6871225,0,0,0,0,0,0,0,0,0,0,0,0,0,0,0,0,0.6774738,0.965808,1,0.8378291,0,0.6523074,0.7429991,0.7756983,0.6731308,0,0.7190233,0.75545,0.6607711,0.6620685,0,0,0,0
0,0,0,0,0,0,0,0,0,0,0,0,0,0,0,0.908641,1,0.8981485,0,0.7546231,0.8045485,0.7976129,0.7449617,0,0,0,0,0,0,0,0,0,0,0,0,0,0,0,0,0,0,0,0,0,0,0,0,0,0,1,0.8944411,0,0,0,0,0,0,0,0,0,0,0,0,0,0,0,0,0,0,0,0,0,0,0,0,0,0,0,0,0,0,0.94334,1,0.8564721,0,0,0,0,0,0.7228165,0.6659304,0,0,0,0,0,0,0,0,0,0,0,0,0,0,0,0,0,0,0,0,0,0,0,0.8292788,1,0.9355578,0.7713144,0.7344096,0,0.700371,0.7156328,0.7475622,0.7515066,0.6955985,0.7167836,0,0,0,0,0,0,0,0,0,0,0,0,0,0,0,0,0,0,0,0,0,0.7185766,0.9661877,1,0.8581532,0,0,0,0,0,0,0,0,0,0,0,0,0,0
0,0,0,0,0,0,0,0,0,0,0,0,0,0.7722316,0.8740981,0.7968585,1,0.8308086,0,0,0,0,0,0,0,0,0,0,0,0,0,0,0,0,0,0,0,0,0,0,0,0,0,0,0,0,0,0,0,1,0.9865219,0,0,0,0,0,0,0,0,0,0,0,0,0,0,0,0,0,0,0,0,0,0,0,0,0,0,0,0,0.6997494,0.6941569,0.9216515,1,0.8545488,0,0,0,0,0,0,0,0,0,0,0,0,0,0,0,0,0,0,0,0,0,0,0,0,0,0,0.6660981,0.7048284,0.770323,0.7965223,0.8339693,1,0.9568214,0.7050529,0,0,0,0,0,0,0,0,0,0,0,0,0,0,0,0,0,0,0,0,0,0,0,0,0,0,0.6606506,0.6054327,0.723419,0.7447205,0.9500895,1,0.8588079,0,0,0,0,0,0,0,0,0,0,0,0,0,0
0,0,0,0,0,0,0,0,0,0,0,0,0,0,0.8563274,0.8661647,1,0.9184577,0,0,0,0,0,0,0,0,0,0,0,0,0,0,0,0,0,0,0,0,0,0,0,0,0,0,0,0,0,0,0,0.9782968,1,0,0,0,0,0,0,0,0,0,0,0,0,0,0,0,0,0,0,0,0,0,0,0,0,0,0,0,0,0,0.7144263,0.9254506,1,0.8269825,0,0,0,0,0,0,0,0,0,0,0,0,0,0,0,0,0,0,0,0,0,0,0,0,0,0,0,0,0.7171119,0.8045424,0.8448687,1,0.9577957,0,0,0,0,0,0,0,0,0,0,0,0,0,0,0,0,0,0,0,0,0,0,0,0,0,0,0,0,0,0.7438923,0.7304803,0.9539537,1,0.8325393,0,0,0,0,0,0,0,0,0,0,0,0,0,0
0,0,0,0,0,0,0,0,0,0,0,0,0,0,0,0.9077591,1,0.8911415,0,0,0,0,0,0,0,0,0,0,0,0,0,0,0,0,0,0,0,0,0,0,0,0,0,0,0,0,0,0,0,1,0.9982326,0,0,0,0,0,0,0,0,0,0,0,0,0,0,0,0,0,0,0,0,0,0,0,0,0,0,0.7311057,0.7150602,0.6797348,0,0.9330149,1,0.8709762,0,0,0,0,0,0,0,0,0,0,0,0,0,0,0,0,0,0,0,0,0,0,0,0,0,0,0,0.668357,0.6811265,0.7492267,0.8562093,1,0.9607328,0.6849391,0,0,0,0,0,0,0,0,0,0,0,0,0,0,0,0,0,0,0,0,0,0,0,0,0,0,0,0.6765093,0.6534569,0.6852575,0.9583178,1,0.8356906,0,0,0,0,0,0,0,0,0,0,0,0,0,0
0,0,0,0,0,0,0,0,0,0,0,0,0,0,0,0.9041695,1,0.8539183,0,0,0,0,0,0,0,0,0,0,0,0,0,0,0,0,0,0,0,0,0,0,0,0,0,0,0,0,0,0,0.9397401,1,0,0,0,0,0,0,0,0,0,0,0,0,0,0,0,0,0,0,0,0.702592,0.6872645,0,0,0,0,0,0,0,0,0.6984044,0.7503465,0.9449191,1,0.8385943,0,0,0,0,0,0,0,0,0,0,0,0,0,0,0,0,0,0,0,0,0,0.7114654,0.787001,0.7200174,0,0,0.6843721,0.6784168,0,0,0.7812409,1,0.9737526,0.67434,0,0,0,0,0,0,0,0,0,0,0,0,0,0,0,0,0,0,0.6894422,0.6809891,0.693145,0.7446328,0.725237,0.6646909,0,0,0,0,0,0.6469604,0.9695294,1,0.7995337,0,0,0,0,0,0,0,0,0,0,0,0,0,0
0,0,0,0,0,0,0,0,0,0,0,0,0,0,0,0.920885,1,0.8214147,0,0,0,0,0,0,0,0,0,0,0,0,0,0,0,0,0,0,0,0,0,0,0,0,0,0,0,0,0,0,0.8888898,1,0.954357,0,0,0,0,0,0,0,0,0,0,0,0,0,0,0,0,0,0,0,0,0,0.7146599,0.7552863,0,0,0,0,0,0,0,0.9307979,1,0.8589339,0,0,0,0,0,0,0,0,0,0,0,0,0,0,0,0,0,0,0,0,0,0.7246382,0.7945042,0,0,0,0,0.7719036,0.7631842,0,0.8386976,1,0.942233,0,0,0,0,0,0,0,0,0,0,0,0,0,0,0,0,0,0,0.6766177,0.6714449,0,0.6724287,0.7183193,0,0.7300087,0,0,0,0,0,0,0.943612,1,0.8598674,0,0,0,0,0,0,0,0,0,0,0,0,0,0
0,0,0,0,0,0,0,0,0.8551556,0.9080227,0.9141832,0.8234372,0,0,0,0.9388513,1,0.8569058,0,0,0,0,0,0,0,0,0,0,0,0,0,0,0,0,0,0,0,0,0,0,0,0,0,0,0,0,0,0,0,1,0.9802209,0,0,0,0,0,0,0,0,0,0,0,0,0,0,0,0,0,0,0,0,0,0.7294405,0.7568157,0.7153062,0,0.7559705,0.743679,0.7151002,0,0,0.9276207,1,0.8576109,0,0,0,0,0,0,0,0,0,0,0,0,0,0,0,0,0,0,0,0,0,0,0.7694266,0.7775258,0,0.7915939,0.8065148,0,0,0.7568515,0.8101295,1,0.9536105,0,0,0,0,0,0,0,0,0,0,0,0,0,0,0,0,0,0,0,0,0,0,0.66603,0.6974605,0.7167941,0.721331,0.7586052,0.7668269,0.7194037,0.6896993,0.7234216,0.9674053,1,0.8261603,0,0,0,0,0,0,0,0,0,0,0,0,0,0
0,0,0,0,0,0,0,0,0,0,0,0.806241,0,0,0,0.9076713,1,0.8824935,0,0,0,0,0,0,0,0,0,0,0,0,0,0,0,0,0,0,0,0,0,0,0,0,0,0,0,0,0,0,0.9444661,1,0.9839303,0,0,0,0,0,0,0,0,0,0,0,0,0,0,0,0,0,0,0,0,0,0,0,0,0,0,0.702999,0,0.7044214,0.7700495,0.9445643,1,0.8618733,0,0,0,0,0,0,0,0,0,0,0,0,0,0,0,0,0,0,0,0,0,0,0,0,0,0,0,0.7725265,0.8096218,0.8045134,0.7828697,1,0.9561122,0,0,0,0,0,0,0,0,0,0,0,0,0,0,0,0,0,0,0,0,0,0,0,0,0,0,0,0,0.6867856,0,0,0.950429,1,0.8480545,0,0,0,0,0,0,0,0,0,0,0,0,0,0
0,0,0,0,0,0,0,0,0,0,0,0,0,0,0,0.8888985,1,0.9672503,0.9074062,0.8378013,0,0,0,0,0,0,0,0,0,0,0,0,0,0,0,0,0,0,0,0,0,0,0,0,0,0,0,0,0,1,0.9893253,0,0,0,0,0,0,0,0,0,0,0,0,0,0,0,0,0,0,0,0,0,0,0,0,0,0,0,0,0,0,0.9352974,1,0.8853778,0.8383207,0.7933618,0.7079899,0,0,0,0,0,0,0,0,0,0,0,0,0,0,0,0,0,0,0,0,0,0,0,0,0,0,0,0.8316201,1,0.9360588,0,0.7288831,0.78306,0.7550737,0,0,0,0,0,0,0,0,0,0,0,0,0,0,0,0,0,0,0,0,0,0,0,0,0,0,0.6939221,0.9681013,1,0.8338215,0.6633891,0.7641222,0.7414051,0.6976029,0,0,0,0,0,0,0,0,0,0
0,0,0,0,0,0,0,0,0,0,0,0,0,0,0,0.919084,1,0.8817611,0,0,0,0.8808375,0.9097634,0.8605904,0,0,0,0,0,0,0,0,0,0,0,0,0,0,0,0,0,0,0,0,0,0,0,0,0,0.9933654,1,0.9106187,0,0,0,0,0,0,0,0,0,0,0,0,0,0,0,0,0,0,0,0,0,0,0,0,0,0,0,0,0,0.9316889,1,0.84582,0.7412971,0.7601463,0.7711754,0.7548143,0.7192381,0,0,0,0,0,0,0,0,0,0,0,0,0,0,0,0,0,0,0,0,0,0,0,0,0,0.849784,1,0.9641387,0.8167226,0.8268362,0.7964495,0.8197107,0.8179895,0.734692,0.7487897,0.7280974,0,0,0,0,0,0,0,0,0,0,0,0,0,0,0,0,0,0,0,0,0,0,0.672316,0.9579776,1,0.8766834,0,0.7441113,0.8072179,0.8219974,0.7189803,0,0,0,0,0,0,0,0,0
0,0,0,0,0,0,0,0,0,0,0,0,0,0,0,0.8621221,1,0.8573707,0.7623346,0.8252704,0.8211173,0,0.7647779,0.8184034,0,0.7987128,0.7429125,0,0,0,0,0,0,0,0,0,0,0,0,0,0,0,0,0,0,0,0,0,0,1,0.9543648,0.8349708,0.8738227,0,0,0,0,0,0,0,0,0,0,0,0,0,0,0,0,0,0,0,0,0,0,0,0,0,0,0,0,0.9401778,1,0.8194523,0.6680019,0.6720223,0.6852627,0.6997153,0.7376068,0.6975763,0.6357851,0.7063695,0.6551619,0,0,0,0,0,0,0,0,0,0,0,0,0,0,0,0,0,0,0,0,0,0.8237977,1,0.9626279,0.6970442,0,0.6448303,0.783732,0.7789026,0.8004507,0.7946529,0.7971613,0.7272648,0.754585,0.7409658,0.6702653,0,0,0,0,0,0,0,0,0,0,0,0,0,0,0,0,0,0,0.6399149,0.9617803,1,0.8317157,0.6596196,0,0.7319438,0.7826446,0.6945723,0.6632509,0,0.5959499,0.6054729,0,0,0,0,0
0,0,0,0,0,0,0,0,0,0,0,0,0,0,0,0.9210743,1,0.9253383,0,0,0,0,0,0,0,0,0,0,0,0,0,0,0,0,0,0,0,0,0,0,0,0,0,0,0,0,0,0,0,1,0.9750653,0,0,0,0,0,0,0,0,0,0,0,0,0,0,0,0,0,0,0,0,0,0,0,0,0,0,0,0,0,0,0.9472466,1,0.8815077,0.7824087,0,0,0.7767522,0.7777394,0,0,0,0,0,0,0,0,0,0,0,0,0,0,0,0,0,0,0,0,0,0,0,0,0,0.8549039,1,0.9578726,0,0,0,0.845276,0.8459693,0,0.7780879,0.7809896,0.7795794,0,0,0,0,0,0,0,0,0,0,0,0,0,0,0,0,0,0,0,0,0,0.7391794,0.9666647,1,0.8791979,0,0,0.7430574,0,0,0,0,0,0,0,0,0,0,0
0,0,0,0,0,0,0,0,0,0.7184548,0.7592157,0.7545462,0.7345573,0,0,0.9278892,1,0.860916,0,0,0.7553035,0.7613133,0,0,0,0,0,0,0,0,0,0,0,0,0,0,0,0,0,0,0,0,0,0,0,0,0,0,0,1,0.9840122,0,0.8661951,0.8393338,0,0,0,0,0,0,0,0,0,0,0,0,0,0,0,0,0,0,0,0,0,0,0.7106022,0.7452495,0.7127525,0,0,0.9367985,1,0.8400851,0.7440085,0.7534198,0,0,0,0,0,0,0,0,0,0,0,0,0,0,0,0,0,0,0,0,0,0,0,0.6814543,0.7306787,0.6884143,0.6586701,0,0.8603896,1,0.9431661,0,0,0.7780451,0.7847807,0,0,0,0.6859375,0.6767506,0,0,0,0,0,0,0,0,0,0,0,0,0,0,0,0,0,0,0,0,0,0.6691328,0.9520056,1,0.8471627,0.6648918,0.7074171,0,0,0,0,0,0,0,0,0,0,0,0
0,0,0,0,0,0,0,0,0,0.7044821,0.6567692,0.7170804,0,0,0.6708385,0.9090416,1,0.8766893,0,0,0,0,0,0.6617293,0.6530517,0,0,0,0,0,0,0,0,0,0,0,0,0,0,0,0,0,0,0,0.8107528,0.7469011,0,0,0.7910517,1,0.9686434,0,0,0.7293078,0.7148066,0,0,0,0,0,0,0,0,0,0,0,0,0,0,0,0,0,0,0,0.7305565,0.7847093,0.8194249,0.7611455,0.716637,0,0.6893263,0.9179453,1,0.8644958,0.6741093,0.6397244,0.6446618,0.6677419,0.6330248,0,0,0,0,0,0,0,0,0,0,0,0,0,0,0,0,0,0,0.6855563,0.7137874,0.7522283,0.7231107,0,0,0,0.8419725,1,0.9598254,0.7153504,0.6323146,0.646185,0.6494533,0.6588822,0,0,0,0,0,0,0,0,0,0,0,0,0,0,0,0,0,0,0,0,0,0,0,0,0.6606035,0.6624695,0.9621803,1,0.8422825,0,0.611621,0.6409159,0.5797645,0.5986248,0.6004661,0.5790758,0,0,0,0,0,0,0
0,0,0,0,0,0,0,0,0,0,0,0.7173932,0.7787582,0.8071612,0.7651768,0.9126122,1,0.8868428,0.6954149,0,0,0,0,0,0,0,0,0,0,0,0,0,0,0,0,0,0,0,0,0,0,0,0,0,0,0,0.7668835,0.8029281,0,1,0.9726969,0,0,0,0,0,0,0,0,0,0,0,0,0,0,0,0,0,0,0,0,0,0,0,0,0,0,0.6832204,0.754819,0.7650079,0.7745855,0.9494008,1,0.8549883,0,0,0,0,0,0,0,0,0,0,0,0,0,0,0,0,0,0,0,0,0,0,0,0,0,0,0,0.6750004,0.7392688,0.7444652,0.8070313,1,0.9665917,0.6873717,0,0,0,0,0,0,0,0,0,0,0,0,0,0,0,0,0,0,0,0,0,0,0,0,0,0,0.5891182,0.6412249,0.6290236,0.6516655,0.9470022,1,0.8605012,0,0,0,0,0,0,0,0,0,0,0,0,0,0
0,0,0,0,0,0,0,0,0,0,0,0,0,0,0,0.9089554,1,0.9079397,0.7357726,0,0,0,0,0,0,0,0,0,0,0,0,0,0,0,0,0,0,0,0,0,0,0,0,0,0,0,0,0,0.7850417,1,0.9818578,0.7789433,0,0,0,0,0,0,0,0,0,0,0,0,0,0,0,0,0,0,0,0,0,0,0,0,0,0,0,0,0,0.9255833,1,0.8907272,0.6941526,0,0,0,0,0,0,0,0,0,0,0,0,0,0,0,0,0,0,0,0,0,0,0,0,0,0,0,0,0,0.8640661,1,0.9641099,0.7776672,0,0,0,0,0,0,0,0,0,0,0,0,0,0,0,0,0,0,0,0,0,0,0,0,0,0,0,0,0,0.7557705,0.9751944,1,0.8462749,0,0,0,0,0,0,0,0,0,0,0,0,0,0
0,0,0,0,0,0,0,0,0,0,0,0,0,0,0,0.9030148,1,0.8384454,0.796015,0.7682938,0,0,0,0,0,0,0,0,0,0,0,0,0,0,0,0,0,0,0,0,0,0,0,0,0,0,0,0,0,1,0.9953659,0.8227684,0.8058296,0,0,0,0,0,0,0,0,0,0,0,0,0,0,0,0,0,0,0,0,0,0,0,0,0,0,0.67871,0.7164064,0.9376819,1,0.8614764,0.8254786,0.7726694,0,0,0,0,0,0,0,0,0,0,0,0,0,0,0,0,0,0,0,0,0,0,0,0,0,0,0,0,0.8296884,1,0.9572685,0.7801927,0.767563,0.6986442,0,0,0,0,0,0,0,0,0,0,0,0,0,0,0,0,0,0,0,0,0,0,0,0,0,0,0,0,0.956232,1,0.8643312,0.6655735,0,0,0,0,0,0,0,0,0,0,0,0,0
