GestureName: w
Duration(ms): 1128
Handedness: right

SpeakerAngles: 5
55
-55
0
0
110

SpeakerElevations: 5
-10
-10
-10
0
30

InterpretedPoints: 24
0,0,0
0,0,0
5.67531257773229,6.47941053951119,1.13175911166535
8.11670562178041,13.7894972392364,1.2425736903299
8.92341290589201,13.0949096748456,1.7635182233307
0.813797681349374,0.703801867273976,0.5
6.49620065631944,6.30695950560773,2.13175911166535
3.2835523143486,14.2030789178891,1.39527733499604
7.33835992661991,22.3834405746871,1.85338826899446
3.2551907253975,1.8152074690959,2
-7.29581754319326,-16.7866464892493,-0.0689255126629749
-2.44139304404812,-2.06582886085855,-0.979055466999209
-0.813797681349374,0.311390379713816,-0.32635182233307
4.87569569085847,8.29774520272462,1.11081457866456
4.87569569085847,6.03829511687013,1.80540728933228
3.24810032815972,6.76041642524942,0.458110933998418
-1.62050496546097,-2.2686643887376,-0.32635182233307
0.0212711917133253,1.77560867223722,0.631759111665348
0.842159270300473,8.71769043427321,1.11081457866456
-0.806707284111599,0.419945231548584,0
-0.813797681349374,0.296198132726024,-0.5
-3.24100993092194,-4.50694428349962,-0.305407289332279
0,-0.984807753012208,0.17364817766693
0,0,0

StrokePoints: 25
0,0,0
0,0,0
0,0,0
5.67531257773229,6.47941053951119,1.13175911166535
13.7920181995127,20.2689077787476,2.37433280199525
22.7154311054047,33.3638174535932,4.13785102532595
23.5292287867541,34.0676193208672,4.63785102532595
30.0254294430735,40.3745788264749,6.7696101369913
33.3089817574221,54.577657744364,8.16488747198734
40.647341684042,76.9610983190511,10.0182757409818
43.9025324094395,78.776305788147,12.0182757409818
36.6067148662463,61.9896592988977,11.9493502283188
34.1653218221982,59.9238304380392,10.9702947613196
33.3515241408488,60.235220817753,10.6439429389865
38.2272198317072,68.5329660204776,11.7547575176511
43.1029155225657,74.5712611373477,13.5601648069834
46.3510158507254,81.3316775625972,14.0182757409818
44.7305108852645,79.0630131738595,13.6919239186487
44.7517820769778,80.8386218460968,14.3236830303141
45.5939413472783,89.55631228037,15.4344976089786
44.7872340631667,89.9762575119185,15.4344976089786
43.9734363818173,90.2724556446446,14.9344976089786
40.7324264508953,85.7655113611449,14.6290903196464
40.7324264508953,84.7807036081327,14.8027384973133
40.7324264508953,84.7807036081327,14.8027384973133

Velocities: 24
0,0,0
0,0,0
3,0,2
5,2,6
4,0,6
0,0,0
2,0,3
3,7,5
5,7,9
0,0,0
-5,-1,-8
0,0,-3
0,0,-1
3,2,3
1,0,3
2,1,3
-1,0,0
0,3,2
0,4,4
-1,0,1
0,0,0
-2,0,-2
0,0,-1
0,0,0

InverseVelocities: 24
0,0,0
0,0,0
0,0,0
0,0,0
0,0,0
0,0,0
-1,0,-1
0,0,0
0,0,0
0,0,0
0,0,0
0,0,0
0,0,0
0,0,0
0,0,0
-1,0,-2
0,0,0
0,0,0
0,0,0
0,0,0
0,0,0
0,0,0
0,0,0
0,0,0

RawData: 24
0,0,0,0,0,0,0,0,0,0,0,0,0,0,0,0.9565477,1,0.8816704,0,0,0,0,0,0,0,0,0,0,0,0,0,0,0,0,0,0,0,0,0,0,0,0,0,0,0,0,0,0,0,1,0.945578,0,0,0,0,0,0,0,0,0,0,0,0,0,0,0,0,0,0,0,0,0,0,0,0,0,0,0,0,0,0.778083,0.9517916,1,0.8817354,0,0,0,0,0,0,0,0,0,0,0,0,0,0,0,0,0,0,0,0,0,0,0,0,0,0,0,0,0,0.8328903,0.8388687,1,0.9718081,0,0,0,0,0,0,0,0,0,0,0,0,0,0,0,0,0,0,0,0,0,0,0,0,0,0,0,0,0.7526229,0.7549826,0.7788311,0.9719903,1,0.850796,0,0,0,0,0,0,0,0,0,0,0,0,0,0
0,0,0,0,0,0,0,0,0,0,0,0,0,0,0,0.8658095,1,0.8783424,0,0,0,0,0,0,0,0,0,0,0,0,0,0,0,0,0,0,0,0,0,0,0,0,0,0,0,0,0,0,0,0.9661686,1,0,0,0,0,0,0,0,0,0,0,0,0,0,0,0,0,0,0,0,0,0,0,0,0,0,0,0,0,0,0,0.9356738,1,0.8802209,0.6544993,0,0,0,0,0,0,0,0,0,0,0,0,0,0,0,0,0,0,0,0,0,0,0,0,0,0,0,0,0,0.8508072,1,0.9542445,0.7255219,0,0,0,0,0,0,0,0,0,0,0,0,0,0,0,0,0,0,0,0,0,0,0,0,0,0,0,0,0,0,0.951201,1,0.8354527,0.6444907,0,0,0,0,0,0,0,0,0,0,0,0,0
0,0,0,0,0,0,0,0,0,0,0,0,0,0,0,0.893252,1,0.9002866,0,0.7186128,0.808181,0.8015311,0.7304931,0,0,0,0,0,0,0,0,0,0,0,0,0,0,0,0,0,0,0,0,0,0,0,0,0,0,1,0.992058,0.8489776,0,0,0,0,0,0,0,0,0,0,0,0,0,0,0,0,0,0,0,0,0,0,0,0,0,0,0,0,0,0.9317855,1,0.8229903,0.7574644,0.6781037,0.6614053,0.6429276,0,0,0,0,0,0,0,0,0,0,0,0,0,0,0,0,0,0,0,0,0,0,0,0,0,0,0.8364236,1,0.9519017,0.694019,0.7516623,0.7253109,0.6554878,0.6943887,0.6587015,0,0,0,0,0,0,0,0,0,0,0,0,0,0,0,0,0,0,0,0,0,0,0,0,0.6982796,0.9655886,1,0.8496979,0.687849,0.7263495,0.6789563,0.6994771,0.661404,0,0,0,0,0,0,0,0,0
0,0,0,0,0,0,0,0,0,0,0,0,0,0,0,0.9116272,1,0.9173011,0.7836589,0.7276584,0.780366,0.7333957,0.7124319,0.729107,0.700915,0,0,0,0,0,0,0,0,0,0,0,0,0,0,0,0,0,0,0,0,0,0,0,0.823379,1,0.9818203,0.8700568,0,0.8275263,0.8663296,0,0,0,0,0,0,0,0,0,0,0,0,0,0,0,0,0,0,0,0,0,0,0,0,0,0,0.9410954,1,0.8775061,0.7586563,0,0,0,0,0.699678,0.6985198,0.6563112,0,0,0,0,0,0,0,0,0,0,0,0,0,0,0,0,0,0,0,0,0,0,0.848159,1,0.9655389,0.7917079,0,0,0.7424917,0.7447906,0.7738644,0.7606848,0.6757936,0,0,0,0,0,0,0,0,0,0,0,0,0,0,0,0,0,0,0,0,0,0,0.7119895,0.965788,1,0.8577483,0,0,0.7259197,0.7635357,0.6791168,0.704819,0.7139716,0.6561913,0,0,0,0,0,0
0,0,0,0,0,0,0,0,0,0,0,0,0,0,0,0.9134924,1,0.906976,0.741214,0,0,0.7716573,0.7562887,0.6924512,0,0,0,0,0,0,0,0,0,0,0,0,0,0,0,0,0,0,0,0,0,0,0,0,0.8367494,1,0.9254221,0.8668774,0.8075939,0,0,0,0,0,0,0,0,0,0,0,0,0,0,0,0,0,0,0,0,0,0,0,0,0,0,0,0.713875,0.947156,1,0.8989081,0.7386922,0,0,0,0,0,0,0.6558079,0,0,0,0,0,0,0,0,0,0,0,0,0,0,0,0,0,0,0,0,0,0,0.8614294,1,0.9605522,0.7322348,0.7295322,0,0,0.6831881,0.6821195,0.7119065,0.7115677,0.687133,0,0,0,0,0,0,0,0,0,0,0,0,0,0,0,0,0,0,0,0,0,0.7107115,0.9621674,1,0.8583909,0.6685225,0.6856915,0.7187514,0.6697543,0.6608178,0.6748684,0.6278211,0.6775636,0,0,0,0,0,0
0,0,0,0,0,0,0,0,0,0,0,0,0,0,0.8130792,0.9332099,1,0.9029163,0,0,0,0,0,0,0,0,0,0,0,0,0,0,0,0,0,0,0,0,0,0,0,0,0,0,0,0,0,0,0,1,0.9544021,0,0,0,0,0,0,0,0,0,0,0,0,0,0,0,0,0,0,0,0,0,0,0,0,0,0,0,0,0,0.7430256,0.957612,1,0.874017,0,0,0,0,0,0,0,0,0,0,0,0,0,0,0,0,0,0,0,0,0,0,0,0,0,0,0,0,0.7597895,0.775829,0.8822454,1,0.9501889,0.7792073,0.7920908,0.7515133,0,0,0,0,0,0,0,0,0,0,0,0,0,0,0,0,0,0,0,0,0,0,0,0,0,0,0,0,0.9578559,1,0.8696097,0.7244993,0.7308684,0,0,0,0,0,0,0,0,0,0,0,0
0,0,0,0,0,0,0,0,0,0,0,0,0.6955361,0.8238411,0.8257372,0.840825,1,0.9298424,0.6610835,0.7244133,0.6642764,0.679468,0,0,0,0,0,0,0,0,0,0,0,0,0,0,0,0,0,0,0,0,0,0,0,0,0,0,0,1,0.8961685,0,0,0,0,0,0,0,0,0,0,0,0,0,0,0,0,0,0,0,0,0,0,0,0,0,0,0,0.6890925,0.7359153,0.7104772,0.9235935,1,0.8820192,0.7720958,0.6558601,0.6869453,0.6859244,0.6477365,0,0,0,0,0,0,0,0,0,0,0,0,0,0,0,0,0,0,0,0,0,0,0.6753867,0.7816893,0.8329074,0.8675534,1,0.9651132,0.699248,0.6643965,0,0.7337598,0.6316658,0.6309314,0,0,0,0,0,0,0,0,0,0,0,0,0,0,0,0,0,0,0,0,0,0,0.6695091,0.7422202,0,0.9665959,1,0.841496,0.6843559,0,0.6670116,0.6719162,0.628341,0.5879261,0.6446488,0,0,0,0,0,0,0
0,0,0,0,0,0,0,0,0,0,0,0,0,0,0,0.9125726,1,0.9110104,0.8434687,0.8075761,0.7802348,0.8038827,0.762467,0,0,0,0,0,0,0,0,0,0,0,0,0,0,0,0,0,0,0,0,0,0,0,0,0,0,0,0.9305671,0.9161245,0.9391016,0.9599123,0.9749714,1,0.9782887,0.9626737,0.9568574,0.8644688,0,0,0,0,0,0,0,0,0,0,0,0,0,0,0,0,0,0,0,0,0,0.9299616,1,0.8912945,0.7532133,0.8041652,0.7332462,0.7771371,0.83995,0.8280847,0.717569,0,0,0,0,0,0,0,0,0,0,0,0,0,0,0,0,0,0,0,0,0,0,0.7281855,0.8628132,1,0.9521558,0.829277,0.7268606,0.7796262,0.7267361,0,0.7742836,0.7912111,0.7367608,0,0,0,0,0,0,0,0,0,0,0,0,0,0,0,0,0,0,0,0,0,0,0.6641864,0.9642764,1,0.8507028,0.7121521,0.7401324,0.7155571,0.7626135,0.7062836,0.7274291,0.7420335,0.704066,0.6598341,0,0,0,0,0
0,0,0,0,0,0,0,0,0,0,0,0,0,0,0.7541265,0.9288321,1,0.8852624,0.7279587,0.7216509,0,0,0,0.8256691,0.805985,0,0,0,0,0,0,0,0,0,0,0,0,0,0,0,0,0,0,0,0,0,0,0,0,0,0,0,0,0,0,0.9853505,0,0,0,1,0,0,0,0,0,0,0,0,0,0,0,0,0,0,0,0,0,0,0,0.7089592,0.6938715,0.9400156,1,0.8845752,0.7317091,0.7594002,0.733781,0,0.7260906,0.8330626,0.7927621,0.7348742,0,0.7231902,0.7372704,0,0,0,0,0,0,0,0,0,0,0,0,0,0,0,0,0,0,0,0.7899061,1,0.9825467,0.7962961,0.7477816,0.7830659,0.7403837,0.6974441,0.7799338,0.8258064,0.7684278,0,0,0.7304719,0.7074775,0,0,0,0,0,0,0,0,0,0,0,0,0,0,0,0,0,0,0.7206986,0.9627042,1,0.8619143,0.6635984,0.7008359,0.6582996,0.6959807,0,0.7130451,0.7254841,0.6858031,0,0,0.7237163,0.6870013,0,0
0,0,0,0,0,0,0,0,0,0,0,0,0,0,0,0.9376691,1,0.8648639,0.7768752,0.7990648,0,0,0,0,0,0,0,0,0,0,0,0,0,0,0,0,0,0,0,0,0,0,0,0,0,0,0,0,0,0,0,0,0,0,0,0,0,0,0,0,0,0,0,0,0,0,0,0,0,0,0,0,0,0,0,0,0,0,0,0.7299918,0,0.9496974,1,0.8790674,0,0,0,0,0,0,0,0,0,0,0,0,0,0,0,0,0,0,0,0,0,0,0,0,0,0,0,0,0,0.7149498,0.8559114,1,0.9684776,0.8127441,0.7328078,0,0,0.7141563,0,0,0,0,0,0,0,0,0,0,0,0,0,0,0,0,0,0,0,0,0,0,0,0,0,0.7366002,0.9671741,1,0.8570485,0.678019,0.6846733,0.7119263,0.6981385,0.7120399,0,0,0,0,0,0,0,0,0
0,0,0,0,0,0,0,0,0.6871907,0.7016295,0,0.7735475,0.7371025,0.7019094,0.8092523,0.9073165,1,0.8982347,0,0,0,0,0,0,0,0,0,0,0,0,0,0,0,0,0,0,0,0,0,0,0,0,0,0,0,0.8903283,0.9036199,0,0,1,0.9950128,0,0,0,0,0,0,0,0,0,0,0,0,0,0,0,0,0,0,0,0,0.61677,0.6856872,0.6216732,0.6674246,0.779869,0.7876864,0.7230403,0.7475914,0.6367522,0.7010691,0.9355285,1,0.8709363,0,0,0,0,0,0,0,0,0,0,0,0,0,0,0,0,0,0,0,0,0,0.6644575,0.7207827,0.6966051,0,0.7163216,0.6333261,0.6730925,0.6808739,0.6955017,0.8418046,1,0.9593941,0.6436842,0,0,0,0,0,0,0,0,0,0,0,0,0,0,0,0,0,0,0,0,0,0,0.6559226,0.6742161,0.6038321,0.7009282,0.7177784,0.7089219,0.6647493,0.7560943,0.9651519,1,0.8442068,0,0,0,0,0,0,0,0,0,0,0,0,0,0
0,0,0,0,0,0,0,0,0,0,0,0,0,0,0.8705059,0.9368372,1,0.9167694,0,0,0,0,0,0,0,0,0,0,0,0,0,0,0,0,0,0,0,0,0,0,0,0,0,0,0,0,1,0,0,0,0,0,0,0,0,0,0,0,0,0,0,0,0,0,0,0,0,0,0,0,0,0,0,0,0,0,0.808168,0.7820792,0,0.7945532,0.7975386,0.95058,1,0.8932689,0,0,0,0,0,0,0,0,0,0,0,0,0,0,0,0,0,0,0,0,0,0,0,0,0,0,0,0,0,0.8297353,0.8673909,1,0.9619171,0,0,0,0,0,0,0,0,0,0,0,0,0,0,0,0,0,0,0,0,0,0,0,0,0,0.7804359,0.8195317,0.7596994,0,0.8460433,0.8278686,0.9649697,1,0.8811302,0,0,0,0,0,0,0,0,0,0,0,0,0,0
0,0,0,0,0,0,0,0,0,0,0,0,0,0,0.8223424,0.8637534,1,0.8801183,0.8477882,0.785554,0,0,0,0,0,0,0,0,0,0,0,0,0,0,0,0,0,0,0,0,0,0,0,0,0,0,0,0,0.9652675,1,0,0,0,0,0,0,0,0,0,0,0,0,0,0,0,0,0,0,0,0,0,0,0,0,0,0,0,0,0.6834001,0.6908748,0.7433484,0.946021,1,0.8852924,0.6864522,0,0,0,0,0,0,0,0,0,0,0,0,0,0,0,0,0,0,0,0,0,0,0,0,0,0,0,0.7243047,0.7906358,0.8393687,1,0.9593571,0.8017492,0.7737123,0.6932943,0,0,0,0,0,0,0,0,0,0,0,0,0,0,0,0,0,0,0,0,0,0,0,0,0.6706444,0.7392496,0.7665104,0.834076,0.9764333,1,0.8733376,0.7091588,0.6817304,0,0,0,0,0,0,0,0,0,0,0,0
0,0,0,0,0,0,0,0,0,0,0,0,0,0,0,0.8939502,1,0.9260793,0.7726301,0.7560518,0,0.7442107,0.7275615,0,0,0,0,0,0,0,0,0,0,0,0,0,0,0,0,0,0,0,0,0,0,0,0,0,0,0,0,0,0,0.9904087,1,0,0,0,0,0,0,0,0,0,0,0,0,0,0,0,0,0,0,0,0,0,0,0,0,0,0,0.930665,1,0.879592,0.6797904,0.7799979,0.8256187,0.7968281,0.6753595,0,0,0,0,0,0,0,0,0,0,0,0,0,0,0,0,0,0,0,0,0,0,0,0,0,0.8485497,1,0.9593973,0.6837929,0.758341,0.6972564,0.6859962,0.7122107,0.6663597,0,0,0,0,0,0,0,0,0,0,0,0,0,0,0,0,0,0,0,0,0,0,0,0,0.6745069,0.9624873,1,0.8631507,0.6949571,0.7019531,0.7404806,0.7625011,0.7128298,0.6767932,0,0,0,0,0,0,0,0
0,0,0,0,0,0,0,0,0,0,0,0,0,0,0,0.8932901,1,0.9146382,0,0.7345661,0.7411459,0,0,0,0,0,0,0,0,0,0,0,0,0,0,0,0,0,0,0,0,0,0,0,0,0,0,0,0,0,0,0,0,0,0,0,0,0,0,0,0,0,0,0,0,0,0,0,0,0,0,0,0,0,0,0,0,0,0,0,0,0.9438391,1,0.8888732,0.8163829,0.7970612,0.7776638,0.7912481,0.7118793,0,0,0,0,0,0,0,0,0,0,0,0,0,0,0,0,0,0,0,0,0,0,0,0,0,0.8781732,1,0.9545248,0,0.6970478,0,0.6923352,0.7700257,0.7357312,0,0,0,0,0,0,0,0,0,0,0,0,0,0,0,0,0,0,0,0,0,0,0,0,0.7120831,0.9660021,1,0.8620417,0.6818262,0,0,0,0,0.674473,0,0,0,0,0,0,0,0
0,0,0,0,0,0,0,0,0,0,0,0,0.6393341,0.7088662,0.7575534,0.9375054,1,0.8653449,0.6676651,0.7577711,0.7015275,0.6360192,0,0,0,0,0,0,0,0,0,0,0,0,0,0,0,0,0,0,0,0,0,0,0,0,0.8679127,0.9413704,0.9805044,1,0,0.8869049,0.8951182,0.8799359,0,0,0,0,0,0,0,0,0,0,0,0,0,0,0,0,0,0,0,0,0,0,0,0.6363814,0.6528583,0,0,0.9181044,1,0.8708838,0.760066,0.7035809,0,0.6984619,0.7133804,0,0,0,0,0,0,0,0,0,0,0,0,0,0,0,0,0,0,0,0,0,0.6271857,0.6643096,0.671745,0.6561151,0.8375872,1,0.9477705,0.6716117,0.6712774,0,0.7072779,0.6086755,0,0,0,0,0,0,0,0,0,0,0,0,0,0,0,0,0,0,0,0,0,0.628506,0.5989332,0,0,0.6836334,0.9651561,1,0.8218981,0.7488389,0.6817848,0.6576926,0.6008506,0,0,0,0,0,0,0,0,0,0
0,0,0,0,0,0,0,0,0,0,0,0,0.7420772,0,0,0.9327537,1,0.9154888,0,0,0,0,0,0,0,0,0,0,0,0,0,0,0,0,0,0,0,0,0,0,0,0,0,0,0,0,0,0.9336612,0.9736311,1,0.9792583,0.8494692,0,0,0,0,0,0,0,0,0,0,0,0,0,0,0,0,0,0,0,0,0,0,0,0,0,0,0,0.7533541,0.7790026,0.9486313,1,0.8932307,0,0,0,0,0,0,0,0,0,0,0,0,0,0,0,0,0,0,0,0,0,0,0,0,0,0,0.7466876,0.7172602,0,0.7312113,0.8897449,1,0.954744,0,0,0,0,0,0,0,0,0,0,0,0,0,0,0,0,0,0,0,0,0,0,0,0,0,0,0,0.722551,0,0.7191724,0.7375175,0.96192,1,0.8936831,0.7363758,0,0,0,0,0,0,0,0,0,0,0,0,0
0,0,0,0,0,0,0,0,0,0,0,0,0,0.7442116,0.8244222,0.9062485,1,0.8958284,0,0,0,0,0,0,0,0,0,0,0,0,0,0,0,0,0,0,0,0,0,0,0,0,0,0,0,0,0,0,0.8634914,1,0.8501938,0.962061,0.9416885,0.9696565,0.9520056,0.8741553,0,0,0,0,0,0,0,0,0,0,0,0,0,0,0,0,0,0,0,0,0,0,0,0,0,0.9434961,1,0.8313982,0.8291379,0.8195682,0.7998876,0.741932,0,0,0,0,0,0,0,0,0,0,0,0,0,0,0,0,0,0,0,0,0,0,0,0.6980591,0.7046123,0.7304924,0.8349241,1,0.9673067,0.7180116,0.7530854,0.7777153,0.6976701,0,0,0,0,0,0,0,0,0,0,0,0,0,0,0,0,0,0,0,0,0,0,0,0,0,0.7685208,0.7896081,0.9703853,1,0.865409,0.8155556,0.8176037,0.7989557,0.751001,0,0,0,0,0,0,0,0,0,0
0,0,0,0,0,0,0,0,0,0,0,0,0,0,0.7364703,0.9073929,1,0.904035,0,0,0,0,0,0,0,0,0,0,0,0,0,0,0,0,0,0,0,0,0,0,0,0,0,0,0,0,0,0,0,0.9393529,0,0.9982005,0.9773328,0.9486414,0.9708849,1,0.9405842,0,0,0,0,0,0,0,0,0,0,0,0,0,0,0,0,0,0,0,0,0,0,0.6962003,0.7056812,0.9349588,1,0.8899029,0.7036489,0.765499,0,0.751131,0.7557153,0.6942174,0,0,0,0,0,0,0,0,0,0,0,0,0,0,0,0,0,0,0,0,0,0,0.7709533,0.8050995,0.8249887,1,0.9571414,0.7265753,0,0.7152165,0,0.7444939,0.7230329,0,0,0,0,0,0,0,0,0,0,0,0,0,0,0,0,0,0,0,0,0,0,0.7113733,0.7389674,0.7545604,0.9664642,1,0.8628169,0.6794764,0,0.6956313,0.7488839,0.7602531,0.6643864,0,0,0,0,0,0,0,0
0,0,0,0,0,0,0,0,0,0,0,0,0.7380473,0.7331005,0,0.9364607,1,0.8895116,0,0,0,0,0,0,0,0,0,0,0,0,0,0,0,0,0,0,0,0,0,0,0,0,0,0,0,0,0,0,0.9608226,0.97387,1,0,0,0,0,0,0,0,0,0,0,0,0,0,0,0,0,0,0,0,0,0,0,0,0,0,0,0,0,0,0,0.9355297,1,0.8900614,0,0.7296502,0.7153548,0,0,0,0,0,0,0,0,0,0,0,0,0,0,0,0,0,0,0,0,0,0,0,0,0,0,0.7284466,0.8382845,1,0.9622358,0,0,0,0,0,0,0,0,0,0,0,0,0,0,0,0,0,0,0,0,0,0,0,0,0,0,0,0,0.6912768,0.6760817,0.7283993,0.9688277,1,0.8603004,0,0,0,0,0,0,0,0,0,0,0,0,0,0
0,0,0,0,0,0,0,0,0,0,0,0,0,0,0,0.9205021,1,0.900817,0,0,0,0,0,0,0,0,0,0,0,0,0,0,0,0,0,0,0,0,0,0,0,0,0,0,0,0,0,0,0.9365414,0.9855461,1,0,0,0,0,0,0,0,0,0,0,0,0,0,0,0,0,0,0,0,0,0,0,0,0,0,0,0,0,0,0.7532182,0.9453687,1,0.8820786,0,0,0,0,0,0,0,0,0,0,0,0,0,0,0,0,0,0,0,0,0,0,0,0,0,0,0,0,0,0.74463,0.8283539,1,0.9612811,0.7285227,0,0,0,0,0,0,0,0,0,0,0,0,0,0,0,0,0,0,0,0,0,0,0,0,0,0,0.720783,0.6763538,0,0,0.9635673,1,0.8639374,0,0,0,0,0,0,0,0,0,0,0,0,0,0
0,0,0,0,0,0,0,0,0,0,0,0.6934261,0.6994651,0,0,0.9231268,1,0.9032006,0,0,0,0,0,0,0,0,0,0,0,0,0,0,0,0,0,0,0,0,0,0,0,0,0,0,0,0,0.9047658,0.8660443,0.8542208,1,0.9539213,0,0,0,0,0,0,0,0,0,0,0,0,0,0,0,0,0,0,0,0,0,0,0,0,0,0,0.7426794,0.797307,0.7752408,0,0.9426385,1,0.8620758,0,0,0,0,0,0,0,0,0,0,0,0,0,0,0,0,0,0,0,0,0,0,0,0,0,0,0.6893752,0.6895857,0,0.7548584,0.8409347,1,0.9642218,0.7550047,0,0,0,0,0,0,0,0,0,0,0,0,0,0,0,0,0,0,0,0,0,0,0,0,0,0.7310026,0.7212105,0.7180219,0.7166933,0.721222,0.9663801,1,0.854964,0,0,0,0,0,0,0,0,0,0,0,0,0,0
0,0,0,0,0,0,0,0,0,0,0,0,0,0,0,0.8954325,1,0.9061142,0,0,0,0,0,0,0,0,0,0,0,0,0,0,0,0,0,0,0,0,0,0,0,0,0,0,0,0,0.9240781,0,0.9756309,1,0,0,0,0,0,0,0,0,0,0,0,0,0,0,0,0,0,0,0,0,0,0,0,0,0,0,0,0,0.7276348,0.7608207,0,0.9324822,1,0.8897228,0,0,0,0,0,0,0,0,0,0,0,0,0,0,0,0,0,0,0,0,0,0,0,0,0,0,0,0,0,0.804236,0.7312039,1,0.968647,0,0,0,0,0,0,0,0,0,0,0,0,0,0,0,0,0,0,0,0,0,0,0,0,0,0,0,0,0,0.6877883,0,0.9550982,1,0.864914,0,0,0,0,0,0,0,0,0,0,0,0,0,0
0,0,0,0,0,0,0,0,0,0,0,0,0,0,0,0.9158167,1,0.8890507,0,0,0,0,0,0,0,0,0,0,0,0,0,0,0,0,0,0,0,0,0,0,0,0,0,0,0,0,0,0,0,1,0,0,0,0,0,0,0,0,0,0,0,0,0,0,0,0,0,0,0,0,0,0,0,0,0,0,0,0,0,0,0.7448873,0.9385095,1,0.8870173,0,0,0,0,0,0,0,0,0,0,0,0,0,0,0,0,0,0,0,0,0,0,0,0,0,0,0,0,0,0,0,1,0.9665812,0,0,0,0,0,0,0,0,0,0,0,0,0,0,0,0,0,0,0,0,0,0,0,0,0,0,0,0,0,0,0.7808343,0.9716847,1,0.8633484,0,0,0,0,0,0,0,0,0,0,0,0,0,0
