GestureName: w
Duration(ms): 1222
Handedness: right

SpeakerAngles: 5
55
-55
0
0
110

SpeakerElevations: 5
-10
-10
-10
0
30

InterpretedPoints: 26
0,0,0
0,0,0
0.813797681349374,0.703801867273976,0.5
3.2551907253975,0.815207469095905,2
3.2551907253975,-0.184792530904095,2
4.06189800950909,0.380069990559528,1.82635182233307
1.6417761571743,5.89935577105978,1.13175911166535
4.88278608809624,8.56640959146222,1.43716640099763
3.27646191711082,12.8046894862242,1.41622186799684
4.09025959846019,19.7223646983893,0.700684624328324
0,0,0
-7.28872714595549,-12.5483665944873,-0.089870045663766
0,-1,0
-0.813797681349374,1.29619813272602,-0.5
3.24810032815972,4.64588362930997,0.979055466999209
2.44139304404812,4.06582886085855,0.979055466999209
0,0,0
2.4484834412859,-9.8186111073438,3.21553724366851
-1.6134145682232,-7.08414830196387,0.868240888334652
-0.778345695160498,-5.5743532684771,2.34729635533386
0.835068873062699,3.52498728047457,1.65270364466614
-0.785436092398274,-1.68290812031186,2.02094453300079
0.785436092398274,-2.35566344068863,-0.631759111665348
-2.43430264681035,-4.07180680496324,-0.131759111665348
0,0,0
0,0,0

StrokePoints: 27
0,0,0
0,0,0
0,0,0
0.813797681349374,0.703801867273976,0.5
4.06898840674687,1.51900933636988,2.5
7.32417913214436,1.33421680546579,4.5
11.3860771416535,1.71428679602531,6.32635182233307
13.0278532988278,7.61364256708509,7.45811093399842
17.910639386924,16.1800521585473,8.89527733499604
21.1871013040348,28.9847416447716,10.3114992029929
25.277360902495,48.7071063431609,11.0121838273212
25.277360902495,48.7071063431609,11.0121838273212
17.9886337565395,36.1587397486736,10.9223137816574
17.9886337565395,35.1587397486736,10.9223137816574
17.1748360751901,36.4549378813996,10.4223137816574
20.4229364033499,41.1008215107096,11.4013692486566
22.864329447398,45.1666503715682,12.3804247156559
22.864329447398,45.1666503715682,12.3804247156559
25.3128128886839,35.3480392642244,15.5959619593244
23.6993983204607,28.2638909622605,16.464202847659
22.9210526253002,22.6895376937834,18.8114992029929
23.7561214983629,26.214524974258,20.464202847659
22.9706854059646,24.5316168539461,22.4851473806598
23.7561214983629,22.1759534132575,21.8533882689945
21.3218188515525,18.1041466082942,21.7216291573291
21.3218188515525,18.1041466082942,21.7216291573291
21.3218188515525,18.1041466082942,21.7216291573291

Velocities: 26
0,0,0
0,0,0
0,0,0
0,0,0
0,0,0
1,0,0
0,2,3
3,3,3
2,5,5
4,7,8
0,0,0
-5,0,-6
0,0,0
0,0,0
1,0,2
0,0,3
0,0,0
-2,-1,-4
-2,0,-3
-2,3,-3
0,3,-1
-1,3,-5
0,-4,-1
-2,-1,-2
0,0,0
0,0,0

InverseVelocities: 26
0,0,0
0,0,0
0,0,0
0,0,0
0,0,0
0,0,0
0,0,0
0,0,0
0,0,0
-3,0,-1
0,0,0
0,0,0
0,0,0
0,0,0
0,0,0
0,0,0
0,0,0
0,0,0
0,0,0
0,0,3
0,0,4
0,0,3
0,0,0
0,0,0
0,0,0
0,0,0

RawData: 26
0,0,0,0,0,0,0,0,0,0,0,0,0,0,0,0.9367877,1,0.8738005,0,0,0,0,0,0,0,0,0,0,0,0,0,0,0,0,0,0,0,0,0,0,0,0,0,0,0,0,0,0,0,0,0,0,0,0,0,0,0,0,0,0,0,0,0,0,0,0,0,0,0,0,0,0,0,0,0,0,0,0,0,0,0.75801,0.9495122,1,0.8560129,0,0,0,0,0,0,0,0,0,0,0,0,0,0,0,0,0,0,0,0,0,0,0,0,0,0,0,0,0,0,0.8183946,1,0.9629681,0,0,0,0,0,0,0,0,0,0,0,0,0,0,0,0,0,0,0,0,0,0,0,0,0,0,0,0,0,0,0.7399736,0.9683071,1,0.8303769,0,0,0,0,0,0,0,0,0,0,0,0,0,0
0,0,0,0,0,0,0,0,0,0,0,0,0,0,0,0.9260319,1,0.8849958,0,0,0,0,0,0,0,0,0,0,0,0,0,0,0,0,0,0,0,0,0,0,0,0,0,0,0,0,0,0,0,0,0,0,0,0,0,0,0,0,0,0,0,0,0,0,0,0,0,0,0,0,0,0,0,0,0,0,0,0,0,0,0,0.9535712,1,0.9089383,0,0,0,0,0,0,0,0,0,0,0,0,0,0,0,0,0,0,0,0,0,0,0,0,0,0,0,0,0,0,0.8808213,1,0.9611062,0,0,0,0,0,0,0,0,0,0,0,0,0,0,0,0,0,0,0,0,0,0,0,0,0,0,0,0,0,0,0,0.9699619,1,0.879401,0,0,0,0,0,0,0,0,0,0,0,0,0,0
0,0,0,0,0,0,0,0,0,0,0,0,0,0,0,0.9098197,1,0.9297081,0.7637094,0.7330194,0,0,0,0,0,0,0,0,0,0,0,0,0,0,0,0,0,0,0,0,0,0,0,0,0,0,0,0,0,0.9365308,1,0,0,0,0,0,0,0,0,0,0,0,0,0,0,0,0,0,0,0,0,0,0,0,0,0,0,0,0,0,0,0.9464449,1,0.8345776,0.8100595,0.7162668,0,0,0,0,0,0,0,0,0,0,0,0,0,0,0,0,0,0,0,0,0,0,0,0,0,0,0,0,0.869055,1,0.9629793,0.7989687,0.7754966,0.7021228,0,0,0,0,0,0,0,0,0,0,0,0,0,0,0,0,0,0,0,0,0,0,0,0,0,0,0,0.7118062,0.9678357,1,0.7866955,0.7947472,0.7015983,0,0,0,0,0,0,0,0,0,0,0,0
0,0,0,0,0,0,0,0,0,0,0,0,0,0,0,0.9217975,1,0.8847184,0.7570018,0.7645322,0,0,0,0,0,0,0,0,0,0,0,0,0,0,0,0,0,0,0,0,0,0,0,0,0,0,0,0,0,0,1,0.9937848,0,0,0,0,0,0,0,0,0,0,0,0,0,0,0,0,0,0,0,0,0,0,0,0,0,0,0,0,0,0.9405959,1,0.9022266,0,0,0,0,0,0,0,0,0,0,0,0,0,0,0,0,0,0,0,0,0,0,0,0,0,0,0,0,0,0,0.8309917,1,0.9678785,0.7502232,0.7893378,0.7765165,0.6859646,0,0,0,0,0,0,0,0,0,0,0,0,0,0,0,0,0,0,0,0,0,0,0,0,0,0,0.6837347,0.9603992,1,0.897217,0.7658535,0,0.6399108,0.6441201,0.6326116,0,0,0,0,0,0,0,0,0
0,0,0,0,0,0,0,0,0,0,0,0,0,0,0,0.9204473,1,0.8992943,0,0.7455156,0,0,0,0,0,0,0,0,0,0,0,0,0,0,0,0,0,0,0,0,0,0,0,0,0,0,0,0,0,1,0.9424485,0,0,0,0,0,0,0,0,0,0,0,0,0,0,0,0,0,0,0,0,0,0,0,0,0,0,0,0,0,0,0.9436523,1,0.8874328,0.8320308,0.7428749,0,0,0,0,0,0,0,0,0,0,0,0,0,0,0,0,0,0,0,0,0,0,0,0,0,0,0,0,0.8476695,1,0.9701537,0.752539,0.7324439,0.7103392,0,0,0,0,0,0,0,0,0,0,0,0,0,0,0,0,0,0,0,0,0,0,0,0,0,0,0,0.7026584,0.966046,1,0.8890542,0.713421,0,0,0,0.6810111,0,0,0,0,0,0,0,0,0
0,0,0,0,0,0,0,0,0,0,0,0,0,0,0,0.9073809,1,0.9214947,0.794268,0.8451586,0.7874247,0,0,0,0,0,0,0,0,0,0,0,0,0,0,0,0,0,0,0,0,0,0,0,0,0,0,0,0,1,0.9874424,0,0,0,0,0,0,0,0,0,0,0,0,0,0,0,0,0,0,0,0,0,0,0,0,0,0,0,0,0,0.7242867,0.9492552,1,0.8603535,0.804978,0.7680112,0,0,0,0,0,0,0,0,0,0,0,0,0,0,0,0,0,0,0,0,0,0,0,0,0,0,0,0,0.861176,1,0.9627395,0.7902514,0.8409523,0.8168559,0,0,0,0,0,0,0,0,0,0,0,0,0,0,0,0,0,0,0,0,0,0,0,0,0,0,0,0.7376164,0.9725846,1,0.8137688,0.80554,0.7960159,0.726959,0,0.7026279,0,0,0,0,0,0,0,0,0
0,0,0,0,0,0,0,0,0,0,0,0,0,0,0,0.9177961,1,0.8467308,0.7556583,0.7466849,0,0,0,0,0,0,0,0,0,0,0,0,0,0,0,0,0,0,0,0,0,0,0,0,0,0,0,0,0,0.9813982,1,0.9590206,0.9919894,0.9699991,0.8535702,0,0,0,0,0,0,0,0,0,0,0,0,0,0,0,0,0,0,0,0,0,0,0,0,0,0.6764337,0.9437855,1,0.8939968,0.7237175,0.7378958,0,0.7679209,0.7055525,0,0,0,0,0,0,0,0,0,0,0,0,0,0,0,0,0,0,0,0,0,0,0,0.6416605,0.6700369,0.8137714,1,0.9606211,0.6811899,0.7337418,0,0.7047917,0.7107,0,0,0,0,0,0,0,0,0,0,0,0,0,0,0,0,0,0,0,0,0,0,0,0,0.6077629,0.7486903,0.9694501,1,0.847242,0.7699822,0.7433997,0.7007503,0.7156202,0.5982242,0,0,0,0,0,0,0,0,0
0,0,0,0,0,0,0,0,0,0,0,0,0,0,0,0.8910662,1,0.9627258,0.8982269,0.824267,0,0.712827,0.6808012,0,0,0,0,0,0,0,0,0,0,0,0,0,0,0,0,0,0,0,0,0,0,0,0,0,0,0.8268054,0.8243787,0,0.8870009,0.9397784,1,0.9635606,0,0,0,0,0,0,0,0,0,0,0,0,0,0,0,0,0,0,0,0,0,0,0,0.6958947,0.7118878,0.9239263,1,0.7285818,0.8473683,0.8610157,0.8124904,0.8165349,0.7754311,0,0,0,0,0,0,0,0,0,0,0,0,0,0,0,0,0,0,0,0,0,0,0,0,0.6992556,0.8730893,1,0.9700383,0.8580275,0.810953,0.6793006,0.6800772,0.7300577,0.6732785,0,0,0,0,0,0,0,0,0,0,0,0,0,0,0,0,0,0,0,0,0,0,0,0,0.6498958,0.9600949,1,0.8341438,0.6928105,0.7804118,0.7151505,0.6658476,0,0.6804785,0.6343598,0,0,0,0,0,0,0
0,0,0,0,0,0,0,0,0,0,0,0,0,0,0.7461286,0.9422209,1,0.8760456,0.8125345,0.8249698,0.7975901,0.7647781,0,0,0,0,0,0,0,0,0,0,0,0,0,0,0,0,0,0,0,0,0,0,0,0,0,0,0,0.9746107,0.9621458,0,0,0.9046229,0.93333,0.9529618,1,0.9442436,0,0,0,0,0,0,0,0,0,0,0,0,0,0,0,0,0,0,0,0,0,0,0.7360842,0.9476159,1,0.8547404,0.8313705,0.7849888,0,0.6920045,0.6957394,0.7600752,0.7130485,0,0,0,0,0,0,0,0,0,0,0,0,0,0,0,0,0,0,0,0,0,0,0,0.8647448,1,0.9457693,0.7170679,0.7661698,0.6656042,0.711138,0.7449782,0,0.7611018,0.7080333,0,0,0,0,0,0,0,0,0,0,0,0,0,0,0,0,0,0,0,0,0,0,0.7174711,0.9654304,1,0.8466456,0.7179892,0,0.746331,0.7508152,0.622587,0.6590164,0.7156637,0.6298688,0,0,0,0,0,0
0,0,0,0,0,0,0,0,0,0,0.6870621,0.6767641,0,0.7079949,0.6751379,0.9022379,1,0.8834494,0.7448874,0.6966184,0.6310974,0.7069334,0.755338,0.6616859,0,0,0,0,0,0,0,0,0,0,0,0,0,0,0,0,0,0,0,0,0,0,0,0,0.7834615,1,0.9636145,0,0,0,0.7809668,0.9092525,0.8681791,0.8807396,0.8491998,0.7542526,0,0,0,0,0,0,0,0,0,0,0,0,0,0,0,0,0,0,0.5821764,0.5765709,0.5902719,0.9392756,1,0.8498533,0.7051938,0.5673508,0.6270134,0.6409796,0.6014031,0.679949,0.7020845,0.6605749,0.6179127,0.5761573,0,0,0,0,0,0,0,0,0,0,0,0,0,0,0,0.5895587,0.6432045,0.7135333,0.7184218,0.689347,0.8299171,1,0.9678905,0.7254472,0.6478496,0.702884,0.6896503,0.772734,0.7644095,0.7230208,0.6192452,0.6208042,0.6157126,0,0,0,0,0,0,0,0,0,0,0,0,0,0,0,0,0,0.6002214,0.5737602,0.6076955,0.6470349,0.9624001,1,0.8470377,0.6647411,0,0,0.5753073,0.6979339,0.7215856,0.6582721,0.589415,0.6084752,0,0,0,0,0
0,0,0,0,0,0,0,0,0,0,0,0,0,0,0,0.9049497,1,0.9304071,0,0,0,0,0,0,0,0,0,0,0,0,0,0,0,0,0,0,0,0,0,0,0,0,0,0,0,0,0,0,0,1,0,0,0,0,0,0,0,0,0,0,0,0,0,0,0,0,0,0,0,0,0,0,0,0,0,0,0,0,0,0,0,0.9500894,1,0.84554,0,0,0,0,0,0,0,0,0,0,0,0,0,0,0,0,0,0,0,0,0,0,0,0,0,0,0,0,0,0,0.884828,1,0.9692853,0,0,0,0,0,0,0,0,0,0,0,0,0,0,0,0,0,0,0,0,0,0,0,0,0,0,0,0,0,0,0,0.9665244,1,0.872538,0,0,0,0,0,0,0,0,0,0,0,0,0,0
0,0,0,0,0,0,0,0,0.8095728,0.8419267,0.8417603,0,0,0,0,0.9439961,1,0.8196445,0,0,0,0,0,0,0,0,0,0,0,0,0,0,0,0,0,0,0,0,0,0,0,0,0,0,0,0,0,0.9296802,0.9185289,1,0.9535077,0,0,0,0,0,0,0,0,0,0,0,0,0,0,0,0,0,0,0,0,0,0,0.7707235,0.7764215,0.7766377,0.7801403,0,0.7753167,0.7611018,0,0.9427878,1,0.896485,0,0,0,0,0,0,0,0,0,0,0,0,0,0,0,0,0,0,0,0,0,0,0,0.721635,0.7313303,0.7674227,0.7870374,0,0.7201892,0.7464753,0.8738623,1,0.9649749,0.7343435,0,0,0,0,0,0,0,0,0,0,0,0,0,0,0,0,0,0,0,0,0,0,0,0.7548656,0.8232856,0.7986402,0.7279307,0.7031092,0.7879266,0,0.9645779,1,0.8714734,0,0,0,0,0,0,0,0,0,0,0,0,0,0
0,0,0,0,0,0,0,0,0,0,0,0,0,0,0,0.9405649,1,0.9220436,0,0,0,0,0,0,0,0,0,0,0,0,0,0,0,0,0,0,0,0,0,0,0,0,0,0,0,0,0,0,0,0,0,0,0,0,0,0,0,0,0,0,0,0,0,0,0,0,0,0,0,0,0,0,0,0,0,0,0,0,0,0,0,0.9536744,1,0.9145385,0,0,0,0,0,0,0,0,0,0,0,0,0,0,0,0,0,0,0,0,0,0,0,0,0,0,0,0.8683674,0.8691618,0,0.8970118,1,0.9614087,0,0,0,0,0,0,0,0,0,0,0,0,0,0,0,0,0,0,0,0,0,0,0,0,0,0,0,0,0,0.8640867,0.8697829,0.9727717,1,0.900677,0,0,0,0,0,0,0,0,0,0,0,0,0,0
0,0,0,0,0,0,0,0,0,0,0,0,0,0.77161,0.7970893,0.8885502,1,0.8920699,0.7445818,0,0,0,0,0,0,0,0,0,0,0,0,0,0,0,0,0,0,0,0,0,0,0,0,0,0,0,0.7726153,0.8350981,0.9258714,1,0.898161,0,0,0,0,0,0,0,0,0,0,0,0,0,0,0,0,0,0,0,0,0,0,0,0,0,0,0,0,0.6724169,0.7528215,0.9023148,1,0.8845667,0,0,0,0,0,0,0,0,0,0,0,0,0,0,0,0,0,0,0,0,0,0,0,0,0,0,0,0,0.6936494,0.7706445,0.8551991,1,0.9465453,0.7341712,0.6840627,0.6435782,0,0,0,0,0,0,0,0,0,0,0,0,0,0,0,0,0,0,0,0,0,0,0,0,0.5953463,0.7240311,0.8069702,0.8707919,0.9664803,1,0.8578888,0.6411246,0,0,0,0,0,0,0,0,0,0,0,0,0
0,0,0,0,0,0,0,0,0,0,0,0,0,0,0,0.8906147,1,0.9028145,0.7637322,0.8355271,0.8102122,0,0,0,0,0,0,0,0,0,0,0,0,0,0,0,0,0,0,0,0,0,0,0,0,0,0,0,0,0.9587383,1,0.8928683,0,0,0,0,0,0,0,0,0,0,0,0,0,0,0,0,0,0,0,0,0,0,0,0,0,0,0,0,0.6818316,0.9586673,1,0.8159945,0.6866286,0.7608054,0.7871808,0.7492315,0,0,0,0,0,0,0,0,0,0,0,0,0,0,0,0,0,0,0,0,0,0,0,0,0,0,0.8546,1,0.9720692,0.7723125,0.8270714,0.8436593,0.7220986,0.7055701,0,0,0,0,0,0,0,0,0,0,0,0,0,0,0,0,0,0,0,0,0,0,0,0,0,0,0.9638636,1,0.8570939,0.6577652,0,0.6647213,0.7050079,0,0,0,0,0,0,0,0,0,0
0,0,0,0,0,0,0,0,0,0,0,0,0,0,0,0.9131805,1,0.9339146,0,0,0,0,0,0,0,0,0,0,0,0,0,0,0,0,0,0,0,0,0,0,0,0,0,0,0,0,0,0,0,0,0,0,0,0,0,0,0,0,0,0,0,0,0,0,0,0,0,0,0,0,0,0,0,0,0,0,0,0,0,0,0,0.9471999,1,0.8950081,0.8064101,0.7948385,0.8097467,0.8134853,0.7818441,0,0,0,0,0,0,0,0,0,0,0,0,0,0,0,0,0,0,0,0,0,0,0,0,0,0.8803056,1,0.9691889,0.8089058,0,0.7914585,0.8108566,0,0,0,0,0,0,0,0,0,0,0,0,0,0,0,0,0,0,0,0,0,0,0,0,0,0,0,0.9679514,1,0.8282897,0.7712216,0,0.7806114,0.7820294,0,0,0,0,0,0,0,0,0,0
0,0,0,0,0,0,0,0,0,0,0,0,0,0,0,0.9442614,1,0,0,0,0,0,0,0,0,0,0,0,0,0,0,0,0,0,0,0,0,0,0,0,0,0,0,0,0,0,0,0,0,0,0,0,0,0,0,0,0,0,0,0,0,0,0,0,0,0,0,0,0,0,0,0,0,0,0,0,0,0,0,0,0,0.9462298,1,0.9300169,0,0,0,0,0,0,0,0,0,0,0,0,0,0,0,0,0,0,0,0,0,0,0,0,0,0,0,0,0,0,0.9085381,1,0.9705201,0,0,0,0,0,0,0,0,0,0,0,0,0,0,0,0,0,0,0,0,0,0,0,0,0,0,0,0,0,0,0,0.9737472,1,0.8940323,0,0,0,0,0,0,0,0,0,0,0,0,0,0
0,0,0,0,0,0,0,0,0,0,0,0.7214279,0.6577274,0,0.757046,0.8880188,1,0.8972419,0,0,0,0,0,0,0,0,0,0,0,0,0,0,0,0,0,0,0,0,0,0,0,0,0,0,0,0.8195232,0.9699637,1,0.9279988,0.8586696,0.8307362,0.8162715,0.7640167,0,0,0,0,0,0,0,0,0,0,0,0,0,0,0,0,0,0,0,0,0,0,0.6779253,0.7374489,0.7099237,0.7109106,0.7808892,0.7436406,0.9466582,1,0.8824902,0.7220756,0.642365,0,0,0,0,0,0,0,0,0,0,0,0,0,0,0,0,0,0,0,0,0,0,0,0.7060438,0.7148759,0,0.6936729,0.7616835,0.8389236,1,0.9603716,0.69329,0,0,0,0,0,0,0,0,0,0,0,0,0,0,0,0,0,0,0,0,0,0,0,0,0,0,0,0,0.6913813,0.6964799,0.9648173,1,0.8433298,0.6589221,0.6307229,0,0.5957591,0.6031752,0,0,0,0,0,0,0,0,0
0,0,0,0,0,0,0,0,0,0,0,0.8050323,0.7876193,0.7671235,0.7808334,0.9324061,1,0.8907226,0,0,0,0,0,0,0,0,0,0,0,0,0,0,0,0,0,0,0,0,0,0,0,0,0,0,0,0,0.9183586,1,0.9798152,0,0,0,0,0,0,0,0,0,0,0,0,0,0,0,0,0,0,0,0,0,0,0,0,0,0,0,0.7648143,0.7828235,0,0,0.7472657,0.9193977,1,0.8652472,0.7420875,0,0,0,0,0,0,0,0,0,0,0,0,0,0,0,0,0,0,0,0,0,0,0,0,0.7909769,0.8390844,0.7919413,0,0.7404132,0.8839025,1,0.9642675,0.7642232,0,0,0,0,0,0,0,0,0,0,0,0,0,0,0,0,0,0,0,0,0,0,0,0,0,0,0,0,0,0.8242383,0.9610902,1,0.8498181,0.7414349,0,0,0,0,0,0,0,0,0,0,0,0,0
0,0,0,0,0,0,0,0,0,0,0,0.6323976,0.7626828,0.8399545,0.8305797,0.9167657,1,0.8813798,0,0,0,0,0,0,0,0,0,0,0,0,0,0,0,0,0,0,0,0,0,0,0,0,0,0,0,0,0,0,0.8734632,0.9577169,0,0.9700511,1,0,0.997086,0.9720097,0,0,0,0,0,0,0,0,0,0,0,0,0,0,0,0,0,0,0,0,0.6793271,0.6116107,0.7110924,0.8017207,0.8288761,0.9586213,1,0.8601549,0.7954925,0.7627203,0.628822,0.6657811,0.6170169,0,0,0,0,0,0,0,0,0,0,0,0,0,0,0,0,0,0,0,0,0,0.6481639,0.7552112,0.8335974,0.8880175,0.7176381,1,0.9728388,0.7743486,0.7865543,0.7617611,0.6633748,0.6742052,0,0,0,0,0,0,0,0,0,0,0,0,0,0,0,0,0,0,0,0,0,0,0,0.6080255,0.588096,0.7615443,0.9702748,1,0.8083331,0.7805058,0.7612915,0.7129028,0.7173017,0.6389691,0,0,0,0,0,0,0,0,0
0,0,0,0,0,0,0,0,0,0,0,0,0,0,0.7616267,0.9293544,1,0.8984063,0,0,0,0,0,0,0,0,0,0,0,0,0,0,0,0,0,0,0,0,0,0,0,0,0,0,0,0,0,0.7943531,0.781593,0.9314225,0.9811827,0.8306795,0.8095679,0.9377662,1,0.9605021,0,0,0,0,0,0,0,0,0,0,0,0,0,0,0,0,0,0,0,0,0,0,0.6296731,0,0.6443554,0.92619,1,0.8967091,0.6432661,0.6186264,0.6850967,0.784995,0.718587,0.5985706,0,0,0,0,0,0,0,0,0,0,0,0,0,0,0,0,0,0,0,0,0,0,0.6605908,0.737725,0.8654059,1,0.9343222,0.7376708,0.665574,0,0.7877666,0.7891528,0.6968243,0,0,0,0,0,0,0,0,0,0,0,0,0,0,0,0,0,0,0,0.596438,0.6648643,0,0.5796974,0.66929,0,0.9498424,1,0.8548362,0.6373624,0.6068332,0.6232617,0.751013,0.7284122,0,0,0,0,0,0,0,0,0
0,0,0,0,0,0,0,0,0,0,0,0,0.6592793,0.6094918,0.5989941,0.8936405,1,0.8716854,0.6666184,0,0,0,0,0,0,0,0,0,0,0,0,0,0,0,0,0,0,0,0,0,0,0,0,0,0,0,0,0,0,0.9278069,1,0.7910057,0.7541267,0.7472811,0.7443658,0.7613761,0,0,0,0,0,0,0,0,0,0,0,0,0,0,0,0,0,0,0.6190112,0.6178059,0.6115795,0.6733422,0.6805245,0.7010315,0.6443409,0.9274465,1,0.868094,0.7223704,0.6970086,0.6858289,0.655881,0.5862226,0,0,0,0,0,0,0,0,0,0,0,0,0,0,0,0,0,0,0,0,0.6012318,0.6225305,0.7012679,0.7725395,0.7909259,0.8067309,1,0.9557174,0.7562156,0.7316602,0.7157198,0.6899306,0.644497,0,0,0,0,0,0,0,0,0,0,0,0,0,0,0,0,0,0,0,0,0.5534476,0.6749218,0.6489353,0.6885816,0.6520206,0.6488651,0.9585357,1,0.8423146,0.5511928,0.5596539,0.5604359,0.5539991,0,0,0,0,0,0,0,0,0,0
0,0,0,0,0,0,0,0,0,0,0,0,0,0.6621889,0.650584,0.9180799,1,0.8955998,0,0,0,0,0,0,0,0,0,0,0,0,0,0,0,0,0,0,0,0,0,0,0,0,0.8757612,0.8658779,0,0,0,0,0,0.9930608,1,0,0,0,0,0,0,0,0,0,0,0,0,0,0,0,0,0,0,0,0,0,0,0,0,0,0,0,0.6590887,0.6886035,0.6560025,0.9452652,1,0.8672582,0,0,0,0,0,0,0,0,0,0,0,0,0,0,0,0,0,0,0,0,0,0,0,0,0,0,0,0,0,0.7172804,0.8651206,1,0.959894,0.6919618,0,0,0,0,0,0,0,0,0,0,0,0,0,0,0,0,0,0,0,0,0,0,0,0,0.6522574,0.7091662,0.6536822,0.5881152,0.6647284,0.7393944,0.9662405,1,0.8466878,0.5966603,0,0,0,0,0,0,0,0,0,0,0,0,0
0,0,0,0,0,0,0,0,0,0,0,0.7218769,0.7608815,0.7084695,0.7252027,0.8898349,1,0.906975,0,0,0,0,0,0,0,0,0,0,0,0,0,0,0,0,0,0,0,0,0,0,0,0,0,0,0,0.9728196,0.9635659,0.9789224,0.9843019,1,0.9810061,0,0,0,0,0,0,0,0,0,0,0,0,0,0,0,0,0,0,0,0,0,0,0,0,0,0,0.7208268,0.7318095,0,0,0.9408086,1,0.8760262,0,0,0,0,0,0,0,0,0,0,0,0,0,0,0,0,0,0,0,0,0,0,0,0,0,0,0,0.6977942,0.7436743,0.7099563,0.8681698,1,0.9528278,0,0,0,0,0,0,0,0,0,0,0,0,0,0,0,0,0,0,0,0,0,0,0,0,0,0,0.6400023,0,0.7331499,0,0.706417,0.9601735,1,0.8622419,0,0,0,0,0,0,0,0,0,0,0,0,0,0
0,0,0,0,0,0,0,0,0,0,0,0,0,0,0,0.9026276,1,0.9078484,0,0,0,0,0,0,0,0,0,0,0,0,0,0,0,0,0,0,0,0,0,0,0,0,0,0,0,0,0,0.9835352,1,0.987763,0.9655681,0,0,0,0,0,0,0,0,0,0,0,0,0,0,0,0,0,0,0,0,0,0,0,0,0,0,0,0,0.7312,0.7219581,0.9383598,1,0.8921213,0,0,0,0,0,0,0,0,0,0,0,0,0,0,0,0,0,0,0,0,0,0,0,0,0,0,0,0,0,0.7929521,0.791043,1,0.9738176,0,0,0,0,0,0,0,0,0,0,0,0,0,0,0,0,0,0,0,0,0,0,0,0,0,0,0,0,0,0.766772,0.8155579,0.9723568,1,0.8657883,0,0,0,0,0,0,0,0,0,0,0,0,0,0
0,0,0,0,0,0,0,0,0,0,0,0,0,0,0,0.9307383,1,0.9010674,0,0,0,0,0,0,0,0,0,0,0,0,0,0,0,0,0,0,0,0,0,0,0,0,0,0,0,0,0,0,0.913321,1,0.9203253,0,0,0,0,0,0,0,0,0,0,0,0,0,0,0,0,0,0,0,0,0,0,0,0,0,0,0,0,0,0.669727,0.943308,1,0.8850988,0,0,0,0,0,0,0,0,0,0,0,0,0,0,0,0,0,0,0,0,0,0,0,0,0,0,0,0,0,0,0.8418181,1,0.9606299,0.7142897,0,0,0,0,0,0,0,0,0,0,0,0,0,0,0,0,0,0,0,0,0,0,0,0,0,0,0,0,0,0.6885188,0.9637608,1,0.8614082,0,0,0,0,0,0,0,0,0,0,0,0,0,0
