GestureName: w
Duration(ms): 987
Handedness: right

SpeakerAngles: 2
55
-55

InterpretedPoints: 21
-0.806707284111599,-0.564862521463623
-1.6134145682232,-1.12972504292725
-2.4201218523348,0.564862521463623
-2.4201218523348,0.564862521463623
-8.06707284111599,2.25945008585449
-9.68048740933918,1.12972504292725
-8.06707284111599,4.51890017170899
-11.2939019775624,5.64862521463624
-14.5207311140088,1.12972504292725
-0.806707284111599,-9.6026628648816
-2.4201218523348,-5.08376269317261
-7.26036555700439,0.564862521463624
-7.26036555700439,-0.564862521463624
-6.45365827289279,0
-6.45365827289279,-2.25945008585449
-7.26036555700439,-0.564862521463624
-12.100609261674,-5.08376269317261
0.806707284111598,-12.9918379936633
0,-11.2972504292725
-2.4201218523348,0.564862521463623
-9.68048740933918,3.38917512878174

StrokePoints: 22
177.666666666667,130.277777777778
178.473373950778,130.842640299241
180.086788519001,131.972365342169
182.506910371336,131.407502820705
184.927032223671,130.842640299241
192.994105064787,128.583190213387
202.674592474126,127.45346517046
210.741665315242,122.934564998751
222.035567292805,117.285939784114
236.556298406813,116.156214741187
237.363005690925,125.758877606069
239.78312754326,130.842640299241
247.043493100264,130.277777777778
254.303858657269,130.842640299241
260.757516930161,130.842640299241
267.211175203054,133.102090385096
274.471540760058,133.66695290656
286.572150021732,138.750715599732
285.765442737621,151.742553593395
285.765442737621,163.039804022668
288.185564589956,162.474941501204
297.866051999295,159.085766372423

Velocities: 21
-1,0
-2,0
-1,2
-1,2
-3,7
-5,7
-1,9
-2,12
-8,10
-9,-8
-6,-3
-4,5
-5,4
-4,4
-6,2
-5,4
-12,3
-11,-12
-10,-10
-1,2
-3,9

InverseVelocities: 21
0,0
0,0
4,0
4,0
10,-1
9,0
12,0
12,-1
12,-6
8,0
6,2
6,0
4,0
4,-2
5,-2
1,-3
5,-12
4,0
6,0
2,0
9,-1

RawData: 21
0,0,0,0,0,0,0,0,0,0,0,0,0.7304921,0.6958902,0.685595,0.7679467,1,0.9733877,0,0,0,0,0,0,0,0,0,0,0,0,0,0,0,0,0,0,0,0,0,0,0,0,0,0,0,0,0,0,0.8996763,1,0.8396766,0,0,0,0,0,0,0,0,0,0,0,0,0,0,0
0,0,0,0,0,0,0,0,0,0,0,0.6814033,0.6661837,0.6884676,0.7146862,0.8652236,1,0.9854798,0.7740027,0,0,0,0,0,0,0,0,0,0,0,0,0,0,0,0,0,0,0,0,0,0,0,0,0,0,0,0.7015213,0.786162,0.9497005,1,0.9047581,0.6618891,0,0,0,0,0,0,0,0,0,0,0,0,0,0
0,0,0,0,0,0,0,0,0,0,0,0,0.5874076,0.5705604,0,0.8416718,1,0.9879326,0.7222187,0.7048487,0.693717,0.6582828,0.6516134,0.5792934,0,0,0,0,0,0,0,0,0,0,0,0,0,0,0,0,0,0,0,0,0,0,0,0.6449083,0.9514436,1,0.8979738,0.6932205,0,0.6138659,0.6082456,0,0,0,0,0,0,0,0,0,0,0
0,0,0,0,0,0,0,0,0,0,0,0,0.6228004,0,0.6550356,0.8645392,1,0.9863203,0.8188131,0.7295984,0.7577249,0.7326221,0,0.6756554,0,0,0,0,0,0,0,0,0,0,0,0,0,0,0,0,0,0,0,0,0,0,0,0.693076,0.956503,1,0.8859076,0.6306593,0.6874233,0.6762573,0.6600759,0,0,0,0,0,0,0,0,0,0,0
0,0,0,0,0,0,0,0,0,0,0.5732946,0.5507457,0.6019481,0,0.7256518,0.7330684,1,0.9924647,0.7728992,0.661181,0,0.7406405,0.7028499,0.7144979,0.7108805,0.7092639,0.6335263,0.6116683,0.5651386,0.5837088,0,0,0,0,0,0,0,0,0,0,0,0,0,0,0,0.5793418,0.5807526,0.5845034,0.9309279,1,0.9384819,0.7663603,0.691851,0.6996629,0.6075882,0.5708449,0.6789991,0.6891561,0.6191951,0.5792037,0,0,0,0,0,0
0,0,0,0,0,0,0,0,0.5688951,0.5571536,0,0.5653499,0,0.6561284,0.7007788,0.8439716,1,0.97431,0.6960948,0.8027183,0.7739138,0.6272343,0.7051079,0.6006825,0.6307344,0.6507724,0.5601184,0.6020809,0.535382,0,0,0,0,0,0,0,0,0,0,0,0,0,0,0,0,0,0,0.6889127,0.9601704,1,0.8230496,0.8103789,0.7311565,0.6464635,0.6859875,0.697596,0.7005237,0,0,0.5479205,0,0,0,0,0,0
0,0,0,0,0,0,0,0,0,0,0,0,0.5962424,0.6223825,0.6754134,0.8527084,1,0.9824265,0.7588691,0.7612688,0.8132289,0.8378395,0.8394952,0.832134,0.8139384,0.747463,0.7108823,0,0.6387922,0.6579285,0.6081374,0.6193997,0,0,0,0,0,0,0,0,0,0,0,0,0,0,0.6205839,0.6378967,0.9408255,1,0.9024355,0.6117898,0.7640563,0.7138547,0,0.6434512,0.7114936,0,0.7006891,0.6985077,0.6488168,0.6078882,0,0,0,0
0,0,0,0,0,0,0,0,0,0,0,0.6853591,0.5807557,0.6858859,0.7014149,0.8383822,1,0.9837217,0.7405639,0.6914352,0.6956336,0.6756299,0.7255741,0.7600507,0.7666978,0.7382021,0.7383488,0.6430621,0.6824345,0.7637406,0.8034794,0.8149288,0.7705224,0,0,0,0,0,0,0,0,0,0,0,0,0.6023927,0.6232029,0,0.9366356,1,0.9060159,0.639859,0.6796361,0.6737524,0.6588837,0,0.6450961,0.64585,0.69203,0.6015916,0.6525491,0.5921172,0.5958425,0.6602401,0.6785057,0.6826482
0,0,0,0,0,0.5731506,0.5880646,0.6173009,0.5820937,0.5731178,0.6270608,0.6700945,0.7089825,0.6850193,0.7075807,0.8655285,1,0.9827773,0.7738888,0,0.6380664,0.6676968,0.6470523,0.5706931,0.6529114,0.6361806,0,0.596564,0.5555949,0.5828097,0.6245637,0.6521906,0.6311029,0,0,0,0,0,0,0,0.5801363,0.5934668,0,0.6621731,0.6479803,0.581315,0.6866456,0.7382967,0.9510026,1,0.8961817,0.6771693,0.6088175,0,0,0,0.5794267,0.5951355,0.6171089,0,0,0,0.5987878,0,0,0
0,0,0,0,0.4992542,0.5540901,0.5697027,0.5743935,0.6175637,0.5840388,0.6494383,0.5942855,0.6327091,0.6216746,0.6168833,0.8274235,1,0.9868844,0.772997,0.5410789,0.5420648,0.5558144,0.5405412,0.5159533,0.4856024,0,0.490604,0.4903359,0,0,0,0,0,0,0,0,0,0,0.5807002,0.5817209,0.6016482,0.5307793,0.6270668,0.6306096,0.5481111,0.5865711,0.593275,0.6581205,0.9458317,1,0.8716556,0.6193928,0.5320621,0,0,0,0,0,0,0,0,0,0,0,0,0
0,0,0,0,0,0,0,0.5437748,0.5507193,0.5371256,0,0.5153756,0.5114053,0.5419792,0.6563886,0.80762,1,0.9897007,0.8006771,0.6361775,0.5927806,0.5192127,0.5094008,0.5265766,0.524684,0.5212813,0,0,0,0,0,0,0,0,0,0,0,0,0,0,0,0,0,0.572368,0.5462211,0.5270059,0.6865706,0.7676211,0.9417985,1,0.904574,0.6413134,0.6192257,0.5751513,0.5285945,0,0,0,0,0,0,0,0,0,0,0
0,0,0,0,0,0,0,0,0,0.5340354,0.5384946,0.5460821,0.525682,0.5915356,0.6023051,0.8472414,1,0.9851057,0.7927217,0.6609775,0.6805774,0.6872398,0.6111331,0.6447734,0.6085078,0.6402217,0,0,0,0,0,0,0,0,0,0,0,0,0,0,0,0,0,0,0,0,0,0.5484025,0.9383266,1,0.8909957,0.6469412,0.6952016,0,0.6673738,0.6354584,0.6150062,0.5694147,0,0,0,0,0,0,0,0
0,0,0,0,0,0,0,0,0.53622,0.5473752,0.5468945,0.5758912,0.6773328,0.6420251,0.6581053,0.8450738,1,0.9861722,0.7814039,0.6993229,0.6683322,0.6233202,0.6508069,0.6034043,0,0,0,0,0,0,0,0,0,0,0,0,0,0,0,0,0,0,0,0,0,0,0.5639974,0.7039954,0.9476243,1,0.8902338,0.6524469,0.6478258,0,0,0.5937843,0.5874296,0,0,0,0,0,0,0,0,0
0,0,0,0,0,0,0,0,0,0.58723,0.6389555,0.5481995,0.7053542,0.6919329,0.6893672,0.8423682,1,0.9869668,0.788866,0.5799059,0.6368861,0.6424551,0.5436606,0.5840167,0,0,0,0,0,0,0,0,0,0,0,0,0,0,0,0,0,0,0,0,0.5804538,0.6461673,0.7153445,0.7099892,0.9393712,1,0.9017975,0.7202755,0.6383643,0.5545059,0.5715317,0.6029937,0.5518931,0,0,0,0,0,0,0,0,0
0,0,0,0,0,0,0,0.5227975,0.584612,0.5478717,0.5754918,0.6336123,0.6953709,0.7312785,0.7204252,0.8228846,1,0.9844624,0.7457135,0.5783843,0.6213949,0.6141098,0,0.5210132,0.5492584,0,0,0,0,0,0,0,0,0,0,0,0,0,0,0,0,0,0,0,0.5753462,0,0.6257299,0.7118257,0.9509266,1,0.8776931,0.7048873,0.6961083,0.7009873,0.626635,0,0,0,0,0,0,0,0,0,0,0
0,0,0,0,0,0,0,0,0.6245808,0.6035426,0.6085871,0.6258628,0.7112995,0.7232227,0.6518287,0.8627906,1,0.9834173,0.7813655,0,0.6309433,0,0,0,0,0,0,0,0,0,0,0,0,0,0,0,0,0,0,0,0,0,0,0.620077,0.6205809,0,0,0,0.9469518,1,0.8950623,0.6501143,0,0,0.6277199,0.6754004,0.6677008,0,0,0,0,0,0,0,0,0
0.5598947,0.524995,0.601786,0.5346876,0.6126133,0.6294958,0.6558854,0.624924,0.651367,0,0.6707741,0.6254179,0.6102605,0.5806326,0.5919634,0.8324196,1,0.9867067,0.7691171,0.5536984,0.5961162,0,0,0.5539074,0.5269838,0,0,0,0,0,0,0,0,0.6315203,0.6189637,0.6418621,0.6607623,0.5837808,0,0,0,0.6248087,0.5391849,0.5547746,0.5528301,0.5533512,0.6214397,0.561866,0.9426137,1,0.8899788,0.5426714,0,0,0,0.5242255,0,0,0,0,0,0,0,0,0,0
0.5612558,0,0.6313871,0.6500109,0.6609524,0.5811302,0.6863828,0.5635249,0.6144971,0.5665386,0.7176859,0.6897386,0.6792197,0.5847213,0.6014798,0.8420097,1,0.9911485,0.8045776,0,0.5600446,0.5814758,0,0.5696762,0,0,0,0,0,0,0,0,0,0.6404614,0.5686933,0.6323149,0.7073002,0.7584153,0.7356285,0.6754272,0.6596916,0.6324341,0.6915234,0,0.685984,0.6057562,0.6424327,0.6431242,0.9418695,1,0.9014747,0,0,0,0,0,0,0,0,0,0,0,0,0,0,0
0,0,0,0.5004265,0.521287,0.5328789,0,0,0.5925807,0.6543477,0.6784205,0.7089221,0.7386512,0.6987555,0.691178,0.8338901,1,0.9885533,0.7806819,0.5456107,0.5436162,0.5281903,0.5507372,0.5074322,0.5112117,0.500049,0,0,0,0,0,0,0,0,0,0,0.5463274,0.5495591,0.5606762,0.5795488,0.6289169,0.6259847,0.5558742,0.6641796,0.7363061,0.7441439,0.7069398,0.7120858,0.942535,1,0.8866979,0.5737774,0,0,0,0,0,0,0,0,0,0,0,0,0,0
0,0,0,0,0,0,0,0,0,0,0,0,0.5984764,0.6139801,0.7122937,0.8542922,1,0.9885226,0.8222557,0.7277384,0.634643,0.6316719,0,0,0,0,0,0,0,0,0,0,0,0,0,0,0,0,0,0,0,0,0,0,0,0,0.6617112,0.7102478,0.950012,1,0.8893724,0,0.6962708,0.6854442,0.6868145,0,0,0,0,0,0,0,0,0,0,0
0,0,0,0,0,0,0,0,0,0,0.441279,0.4613163,0.4416284,0.5948192,0.6770501,0.8050705,1,0.9894858,0.7572162,0.5345385,0.6382642,0.6056672,0.5239648,0.6282339,0.6027404,0.5271591,0.5194187,0.4503923,0.4710073,0,0,0,0,0,0,0,0,0,0,0,0,0,0,0,0,0.4941556,0.5071175,0.6546822,0.9381615,1,0.8840199,0.6756139,0.7706403,0.7584853,0.5844593,0.5685161,0.5202721,0.6086836,0.5109456,0.581734,0.4753032,0.4934388,0,0,0,0
