GestureName: check
Duration(ms): 1316
Handedness: right

SpeakerAngles: 2
55
-55

InterpretedPoints: 28
0,0
0,0
0,0
0,0
0,0
0,0
0,0
0.806707284111599,0.564862521463624
0.806707284111599,0.564862521463624
0.806707284111599,0.564862521463624
0.806707284111599,0.564862521463624
0.806707284111599,0.564862521463624
1.6134145682232,0
-1.6134145682232,-4.51890017170899
-0.806707284111599,-6.21348773609986
-0.806707284111599,-7.34321277902711
-0.806707284111599,-6.21348773609986
-0.806707284111599,-3.95403765024536
-0.806707284111599,-0.564862521463624
0,0
0,3.38917512878174
-1.6134145682232,4.51890017170899
-1.6134145682232,7.90807530049073
-3.22682913644639,11.2972504292725
-3.22682913644639,11.2972504292725
-5.64695098878119,-1.69458756439087
-4.84024370466959,-2.25945008585449
-0.806707284111599,-3.95403765024536

StrokePoints: 29
177.666666666667,130.277777777778
177.666666666667,130.277777777778
177.666666666667,130.277777777778
177.666666666667,130.277777777778
177.666666666667,130.277777777778
177.666666666667,130.277777777778
177.666666666667,130.277777777778
177.666666666667,130.277777777778
176.859959382555,129.712915256314
176.053252098443,129.148052734851
175.246544814332,128.583190213387
174.43983753022,128.018327691923
173.633130246109,127.45346517046
172.019715677885,127.45346517046
173.633130246109,131.972365342169
174.43983753022,138.185853078269
175.246544814332,145.529065857296
176.053252098443,151.742553593396
176.859959382555,155.696591243641
177.666666666667,156.261453765105
177.666666666667,156.261453765105
177.666666666667,152.872278636323
179.28008123489,148.353378464614
180.893495803113,140.445303164123
184.120324939559,129.148052734851
187.347154076006,117.850802305578
192.994105064787,119.545389869969
197.834348769457,121.804839955823
198.641056053568,125.758877606069

Velocities: 28
0,0
0,0
0,0
0,0
0,0
0,0
0,0
1,0
1,0
1,0
1,0
1,0
1,-1
-5,-3
-6,-5
-7,-6
-6,-5
-4,-3
-1,0
0,0
3,3
3,5
6,8
8,12
8,12
-5,2
-5,1
-4,-3

InverseVelocities: 28
0,0
0,0
0,0
0,0
0,0
0,0
0,0
0,0
0,0
0,0
0,0
0,0
-3,0
0,0
0,0
0,0
0,0
0,0
0,0
0,0
0,0
0,0
0,0
0,-1
-7,-3
0,-3
0,-5
0,0

RawData: 28
0,0,0,0,0,0,0,0,0,0,0,0,0,0,0,0.8222283,1,0.984752,0.844647,0.7026317,0,0,0,0,0,0,0,0,0,0,0,0,0,0,0,0,0,0,0,0,0,0,0,0,0,0,0,0.7419955,0.8996779,1,0.904986,0.7419222,0,0,0,0,0,0,0,0,0,0,0,0,0,0
0,0,0,0,0,0,0,0,0,0,0,0,0,0,0,0.8226362,1,0.9946296,0.9281283,0.7516147,0,0,0,0,0,0,0,0,0,0,0,0,0,0,0,0,0,0,0,0,0,0,0,0,0,0,0,0.6729454,0.9602473,1,0.8091151,0.7453208,0,0,0,0,0,0,0,0,0,0,0,0,0,0
0,0,0,0,0,0,0,0,0,0,0,0,0,0,0,0.8012331,0.9961321,1,0.9395111,0.7130069,0,0,0,0,0,0,0,0,0,0,0,0,0,0,0,0,0,0,0,0,0,0,0,0,0,0,0,0.6699311,0.9437122,1,0.910652,0.6885223,0,0,0,0,0,0,0,0,0,0,0,0,0,0
0,0,0,0,0,0,0,0,0,0,0,0,0,0,0,0.8348882,0.9913393,1,0.9325284,0.7327715,0,0,0,0,0,0,0,0,0,0,0,0,0,0,0,0,0,0,0,0,0,0,0,0,0,0,0,0,0.9685849,1,0.7737906,0.7373405,0,0,0,0,0,0,0,0,0,0,0,0,0,0
0,0,0,0,0,0,0,0,0,0,0,0,0,0,0,0.7891267,0.9791402,1,0.8692871,0,0,0,0,0,0,0,0,0,0,0,0,0,0,0,0,0,0,0,0,0,0,0,0,0,0,0,0,0,0.9334337,1,0.9111344,0,0,0,0,0,0,0,0,0,0,0,0,0,0,0
0,0,0,0,0,0,0,0,0,0,0,0,0,0,0,0.8571634,0.994004,1,0.9244347,0,0,0,0,0,0,0,0,0,0,0,0,0,0,0,0,0,0,0,0,0,0,0,0,0,0,0,0,0,0.9452378,1,0.9102084,0,0,0,0,0,0,0,0,0,0,0,0,0,0,0
0,0,0,0,0,0,0,0,0,0,0,0,0,0,0,0.800491,0.9811159,1,0.9429095,0.710723,0,0,0,0,0,0,0,0,0,0,0,0,0,0,0,0,0,0,0,0,0,0,0,0,0,0,0,0,0.9354197,1,0.8781981,0.5684816,0,0,0,0,0,0,0,0,0,0,0,0,0,0
0,0,0,0,0,0,0,0,0,0,0,0,0,0,0,0.7743648,0.9708553,1,0.955263,0.7656586,0.5735005,0,0,0,0,0,0,0,0,0,0,0,0,0,0,0,0,0,0,0,0,0,0,0,0,0,0,0.5569788,0.9274426,1,0.9113295,0.5879416,0,0,0,0,0,0,0,0,0,0,0,0,0,0
0,0,0,0,0,0,0,0,0,0,0,0,0,0,0,0.8174347,0.9873388,1,0.9843508,0.9141172,0.7451355,0,0,0,0,0,0,0,0,0,0,0,0,0,0,0,0,0,0,0,0,0,0,0,0,0,0,0.6026949,0.9513941,1,0.898158,0.7978941,0,0,0,0,0,0,0,0,0,0,0,0,0,0
0,0,0,0,0,0,0,0,0,0,0,0,0,0,0,0.8326231,1,0.9859436,0.9056591,0.9425068,0.8022545,0,0,0,0,0,0,0,0,0,0,0,0,0,0,0,0,0,0,0,0,0,0,0,0,0,0,0,0.9366212,1,0.9600341,0.8525941,0,0,0,0,0,0,0,0,0,0,0,0,0,0
0,0,0,0,0,0,0,0,0,0,0,0,0,0,0,0.8250747,0.9906619,1,0.9774484,0.9384843,0.7623451,0,0,0,0,0,0,0,0,0,0,0,0,0,0,0,0,0,0,0,0,0,0,0,0,0,0,0,0.9455981,1,0.8368831,0.8161354,0,0,0,0,0,0,0,0,0,0,0,0,0,0
0,0,0,0,0,0,0,0,0,0,0,0,0,0,0.6697574,0.8661122,1,0.9881921,0.9279448,0.7975789,0.6724312,0,0,0,0,0,0,0,0,0,0,0,0,0,0,0,0,0,0,0,0,0,0,0,0,0,0,0.6389133,0.94379,1,0.8903433,0.6993176,0,0,0,0,0,0,0,0,0,0,0,0,0,0
0,0,0,0,0,0,0,0,0,0,0.5292234,0.5973406,0.7645512,0.8676458,0.9080898,0.8172468,0.9872746,1,0.7818003,0.6082911,0.5318898,0,0,0,0,0,0,0,0,0,0,0,0,0,0,0,0,0,0,0,0,0,0,0,0,0.606007,0.7018691,0.7699249,0.9317284,1,0.882343,0.62888,0.5293711,0,0,0,0,0,0,0,0,0,0,0,0,0
0,0,0,0,0,0,0,0,0.6338964,0.798165,0.8971297,0.9562008,0.9646894,0.8804933,0.8691147,0.8842892,1,0.9866302,0.8216215,0.6752681,0,0,0,0,0,0,0,0,0,0,0,0,0,0,0,0,0,0,0,0,0,0,0,0.7039689,0.7736311,0.8071197,0.8186281,0.7508719,0.9408798,1,0.8816311,0.6603695,0,0,0,0,0,0,0,0,0,0,0,0,0,0
0,0,0,0,0,0,0,0.7467303,0.9062679,1,0.9904747,0.9000673,0.8029538,0.8734615,0.7994902,0.8762187,0.9825785,0.9429992,0.6670378,0,0,0,0,0,0,0,0,0,0,0,0,0,0,0,0,0,0,0,0,0,0,0.680379,0.7918784,0.7891411,0.7213167,0.6685585,0.7257771,0.7720347,0.9516968,1,0.8993242,0.6512526,0,0,0,0,0,0,0,0,0,0,0,0,0,0
0,0,0,0,0,0,0.5762326,0.7543878,0.94164,1,0.9060001,0.7140823,0.7879786,0.7880872,0.7042681,0.7694311,0.9700631,0.9754761,0.7956595,0,0,0,0,0,0,0,0,0,0,0,0,0,0,0,0,0,0,0,0,0,0.5502436,0.7419598,0.853515,0.8242905,0.7086332,0.7635224,0.7746323,0.7369778,0.9266741,1,0.8710491,0.6094887,0,0,0,0,0,0,0,0,0,0,0,0,0,0
0,0,0,0,0,0,0,0.596383,0.7442526,0.9109386,0.9539878,0.8929141,0.8402401,0.8396877,0.7403049,0.8316074,1,0.9890394,0.8129678,0.5563,0,0,0,0,0,0,0,0,0,0,0,0,0,0,0,0,0,0,0,0,0,0.6424644,0.7849531,0.7858747,0.5716088,0.7222418,0.7731916,0.7319767,0.9450498,1,0.886937,0.6069338,0,0,0,0,0,0,0,0,0,0,0,0,0,0
0,0,0,0,0,0,0,0,0,0.7196255,0.8618138,0.9061503,0.8507948,0.7584316,0.8431882,0.7068025,1,0.9660945,0.625709,0,0,0,0,0,0,0,0,0,0,0,0,0,0,0,0,0,0,0,0,0,0,0,0,0.7162825,0.7926252,0.8104327,0.8175245,0.7929754,0.9520082,1,0.8803591,0,0,0,0,0,0,0,0,0,0,0,0,0,0,0
0,0,0,0,0,0,0,0,0,0,0,0,0.660849,0.6743311,0.7743589,0.8731622,1,0.9779081,0.7664266,0,0,0,0,0,0,0,0,0,0,0,0,0,0,0,0,0,0,0,0,0,0,0,0,0,0,0,0.7132308,0.8094449,0.9559085,1,0.8932012,0,0,0,0,0,0,0,0,0,0,0,0,0,0,0
0,0,0,0,0,0,0,0,0,0,0,0,0,0,0,0.8332654,1,0.9823742,0.8091887,0.7095721,0,0,0,0,0,0,0,0,0,0,0,0,0,0,0,0,0,0,0,0,0,0,0,0,0,0,0,0,0.9463763,1,0.9237424,0.8070355,0.6840374,0,0,0,0,0,0,0,0,0,0,0,0,0
0,0,0,0,0,0,0,0,0,0,0,0,0,0,0,0.8136868,0.9986613,1,0.8830923,0.8634428,0.8491143,0.8063195,0.7252553,0,0,0,0,0,0,0,0,0,0,0,0,0,0,0,0,0,0,0,0,0,0,0,0,0,0.9418027,1,0.9186068,0.8117566,0.8374243,0.8209308,0.7729419,0.6607013,0,0,0,0,0,0,0,0,0,0
0,0,0,0,0,0,0,0,0,0,0,0,0,0,0,0.8180576,1,0.9815301,0.7392812,0.7464991,0.7670681,0.8562434,0.7962558,0,0,0,0,0,0,0,0,0,0,0,0,0,0,0,0,0,0,0,0,0,0,0,0,0,0.9382982,1,0.8780426,0.6913562,0,0.7682338,0,0.7907218,0.7470419,0.694022,0,0,0,0,0,0,0,0
0,0,0,0,0,0,0,0,0,0,0,0,0,0,0,0.8617609,1,0.977061,0.7882413,0,0.7120819,0.7496717,0.8195917,0,0.786971,0.7531888,0,0,0,0,0,0,0,0,0,0,0,0,0,0,0,0,0,0,0,0,0,0,0.9351954,1,0.911603,0.7599258,0.719707,0.7711857,0.7145873,0.8141737,0.7983964,0.7152038,0.8026809,0.8175007,0.7437044,0,0,0,0,0
0,0,0,0,0,0,0,0,0,0,0,0,0,0,0.7940855,0.8622535,1,0.9932004,0.8616409,0.8421586,0.7969376,0.8579465,0.9068934,0.8357283,0.766753,0.7784348,0.6794865,0.6527965,0,0,0,0,0,0,0,0,0,0,0,0,0,0,0,0,0,0.6330957,0.6621522,0.7034516,0.9484383,1,0.8716922,0.7236156,0.748202,0.7367362,0.6643264,0.8237554,0.7808657,0.7272415,0.7102544,0.7425209,0.8407276,0.8742668,0.8702658,0.8094322,0.6881785,0
0,0,0,0,0,0,0.6279243,0.6529005,0.650624,0.6344008,0.7803486,0.8494043,0.8445705,0.7961328,0,0.7875642,1,0.9827358,0.7567599,0.7145737,0.7470337,0.745484,0.7535003,0,0.661823,0.635408,0,0.630677,0,0,0,0,0,0,0,0,0,0,0,0,0,0,0,0.5887265,0.666941,0.5637107,0.6389919,0.6340741,0.934516,1,0.888055,0.6483222,0.7140925,0.700519,0.6508613,0.7883852,0.823204,0.8087322,0.7854538,0.7162368,0.6656546,0.7467679,0.6875187,0.6041692,0.5983291,0.5454831
0,0,0,0,0,0,0,0,0.75025,0.7809054,0.6904497,0,0.8575376,0.8775367,0.8547038,0.8457769,1,0.9787032,0.7297279,0.6480545,0,0,0,0,0,0,0,0,0,0,0,0,0,0,0,0,0,0,0,0,0,0,0,0.6513969,0.767754,0.8494619,0.8825694,0.8199673,0.9451733,1,0.8785517,0.7504374,0.7945243,0.7653968,0.7064955,0,0,0,0,0,0,0,0,0,0,0
0,0,0,0,0,0,0,0,0.7077695,0.8163224,0.8383337,0.7168761,0.8034865,0.7460713,0.7879933,0.8333751,1,0.993021,0.8173106,0,0,0,0,0,0,0,0,0,0,0,0,0,0,0,0,0,0,0,0,0,0,0.6287056,0.7123497,0.7994953,0.8413538,0.8609683,0.7841256,0.7354884,0.950988,1,0.9101404,0.7758719,0,0.6545894,0,0,0,0,0,0,0,0,0,0,0,0
0,0,0,0,0,0,0,0,0,0.5887132,0.5851346,0.7128594,0.7700222,0.7212084,0.7581627,0.7553693,1,0.9884821,0.7095768,0,0,0,0,0,0,0,0,0,0,0,0,0,0,0,0,0,0,0,0,0,0,0,0,0.5957382,0.704459,0.720165,0.6696694,0.8030874,0.8808069,1,0.8950897,0.553461,0,0,0,0,0,0,0,0,0,0,0,0,0,0
