GestureName: double_arch
Duration(ms): 1410
Handedness: right

SpeakerAngles: 2
55
-55

InterpretedPoints: 30
0,0
0,0
0.806707284111599,1.69458756439087
0.806707284111599,2.82431260731812
2.4201218523348,3.95403765024536
0.806707284111599,5.08376269317261
3.2268291364464,3.38917512878174
7.26036555700439,-1.69458756439087
7.26036555700439,-2.82431260731812
8.87378012522759,-5.08376269317261
3.2268291364464,-1.12972504292725
-0.806707284111599,-6.21348773609986
-2.4201218523348,-5.08376269317261
-1.6134145682232,-1.12972504292725
0,0
1.6134145682232,3.38917512878174
1.6134145682232,5.64862521463624
4.03353642055799,6.21348773609986
3.2268291364464,5.64862521463624
0,5.64862521463624
-0.806707284111599,2.82431260731812
-4.84024370466959,-2.25945008585449
-4.03353642055799,-2.82431260731812
-2.4201218523348,-1.69458756439087
0.806707284111599,-3.95403765024536
0.806707284111599,-2.82431260731812
0,0
0,0
0,0
0.806707284111599,0.564862521463624

StrokePoints: 31
177.666666666667,130.277777777778
177.666666666667,130.277777777778
177.666666666667,130.277777777778
176.859959382555,128.583190213387
176.053252098443,125.758877606069
173.633130246109,121.804839955823
172.826422961997,116.721077262651
169.599593825551,113.331902133869
162.339228268546,115.02648969826
155.078862711542,117.850802305578
146.205082586314,122.934564998751
142.978253449868,124.064290041678
143.78496073398,130.277777777778
146.205082586314,135.36154047095
147.818497154538,136.491265513878
147.818497154538,136.491265513878
146.205082586314,133.102090385096
144.591668018091,127.45346517046
140.558131597533,121.23997743436
137.331302461087,115.591352219724
137.331302461087,109.942727005087
138.138009745198,107.118414397769
142.978253449868,109.377864483624
147.011789870426,112.202177090942
149.431911722761,113.896764655333
148.625204438649,117.850802305578
147.818497154538,120.675114912896
147.818497154538,120.675114912896
147.818497154538,120.675114912896
147.818497154538,120.675114912896
147.011789870426,120.110252391433

Velocities: 30
0,0
0,0
2,1
3,2
5,2
5,4
5,1
3,-6
2,-7
1,-10
1,-3
-6,-5
-6,-3
-2,0
0,0
4,2
6,4
8,3
7,3
5,5
2,3
-5,1
-5,0
-3,0
-3,-4
-2,-3
0,0
0,0
0,0
1,0

InverseVelocities: 30
0,0
0,0
0,0
0,0
-1,-2
-3,-3
-2,-4
-2,0
-5,0
-2,0
0,0
0,0
2,0
0,0
0,0
0,0
-3,0
-4,-4
0,0
-1,0
-3,-2
0,0
0,0
0,0
0,0
0,2
0,0
0,0
0,0
0,0

RawData: 30
0,0,0,0,0,0,0,0,0,0,0,0,0,0,0,0.8315739,1,0.9848607,0.7659118,0,0,0,0,0,0,0,0,0,0,0,0,0,0,0,0,0,0,0,0,0,0,0,0,0,0,0,0,0,0.9518396,1,0.8727428,0,0,0,0,0,0,0,0,0,0,0,0,0,0,0
0,0,0,0,0,0,0,0,0,0,0,0,0,0,0,0.8177167,1,0.9766076,0.7027907,0,0,0,0,0,0,0,0,0,0,0,0,0,0,0,0,0,0,0,0,0,0,0,0,0,0,0,0,0,0.9367451,1,0.9077128,0.6922392,0,0,0,0,0,0,0,0,0,0,0,0,0,0
0,0,0,0,0,0,0,0,0,0,0,0,0,0,0,0.8139226,1,0.9933606,0.8734591,0.8577751,0.7925676,0.674784,0,0,0,0,0,0,0,0,0,0,0,0,0,0,0,0,0,0,0,0,0,0,0,0,0,0,0.9317974,1,0.8920091,0.6907972,0.6507736,0.6128647,0,0,0,0,0,0,0,0,0,0,0,0
0,0,0,0,0,0,0,0,0,0,0,0,0,0,0.690057,0.7984707,1,0.9774635,0.8869786,0.926698,0.7996262,0.8586891,0.7766123,0,0,0,0,0,0,0,0,0,0,0,0,0,0,0,0,0,0,0,0,0,0,0,0,0.7003346,0.9394153,1,0.9056376,0.8138853,0.7805335,0.7206325,0.7470286,0,0,0,0,0,0,0,0,0,0,0
0,0,0,0,0,0,0,0,0,0,0,0,0.6928058,0.7389486,0.7619028,0.7627692,0.9939851,1,0.9213551,0.8819335,0.8554424,0,0.8436406,0.7634773,0.6765373,0,0,0,0,0,0,0,0,0,0,0,0,0,0,0,0,0,0,0,0.6649412,0.7149041,0.7660049,0.7290133,0.9252801,1,0.9193038,0.8463745,0.8384775,0.8208518,0.7510913,0,0,0,0,0,0,0,0,0,0,0
0,0,0,0,0,0,0,0,0,0,0.6867558,0.6928322,0,0.6808188,0,0.8490896,1,0.9881396,0.8773859,0.7984565,0,0.8500239,0.8781531,0.8376661,0.7278103,0,0,0,0,0,0,0,0,0,0,0,0,0,0,0,0,0,0,0.674634,0.6665605,0.6340984,0,0.7117183,0.956848,1,0.8802212,0.7207095,0.6894721,0.6817158,0.7582204,0.742067,0.6875533,0,0,0,0,0,0,0,0,0
0,0,0,0,0,0,0,0,0,0,0,0.6809306,0.7490829,0,0.7049551,0.8189926,1,0.9450261,0.8888407,0.7888439,0.7964389,0.8995787,0.8104303,0,0.6261284,0,0,0,0,0,0,0,0,0,0,0,0,0,0,0,0,0,0.6265128,0.6290461,0,0.6829075,0.6877461,0.7406561,0.9192845,1,0.8963456,0.6951645,0.685399,0.6790044,0,0,0,0,0,0,0,0,0,0,0,0
0,0,0,0,0,0,0,0,0,0,0,0.6952864,0.6866741,0,0.7422778,0.8153331,0.9988341,1,0.7180842,0.727601,0.8518674,0.8557047,0.7638921,0,0,0,0,0,0,0,0,0,0,0,0,0,0,0,0,0,0.6879523,0.6849824,0.7406887,0.7259363,0.6867563,0,0.7486543,0.7514618,0.9466065,1,0.8679961,0.7292569,0,0,0,0,0,0,0,0,0,0,0,0,0,0
0,0,0,0,0,0,0,0,0.6410369,0.6267735,0,0.721945,0.7536146,0.7140766,0.691283,0.7612256,0.994741,1,0.8581541,0.6682672,0.6650727,0.6364375,0,0,0,0,0,0,0,0,0,0,0,0,0,0,0,0,0,0.6118214,0.7357317,0.680056,0.6308243,0.7110903,0.6827371,0.676143,0.7679513,0.76304,0.933465,1,0.893148,0.5832132,0.6290725,0,0,0,0,0,0,0,0,0,0,0,0,0
0,0,0,0,0,0,0,0,0,0,0,0.7555947,0.8415687,0.8766894,0.8643359,0,1,0.9639951,0,0,0.7170487,0,0,0,0,0,0,0,0,0,0,0,0,0,0,0,0.6499094,0.6677812,0.7213888,0.6730721,0,0.7197517,0,0.684825,0.7667542,0.7550395,0.815123,0.7615526,0.9491066,1,0.8911065,0.7221579,0,0,0,0,0,0,0,0,0,0,0,0,0,0
0,0,0,0,0,0,0,0,0,0,0,0,0,0.8172072,0.8554696,0.8087185,1,0.9902102,0.8765637,0,0.7878697,0,0,0,0,0,0,0,0,0,0,0,0,0,0,0,0,0,0,0,0,0,0,0.860218,0.8700222,0,0.7985242,0.8440166,0.9328571,1,0.9087126,0,0,0,0,0,0,0,0,0,0,0,0,0,0,0
0,0,0,0,0,0,0,0.6768169,0.7354375,0.6987094,0.7486088,0.7036288,0.7827088,0.8313678,0.8003448,0.8035106,1,0.9839448,0.8000643,0.7597236,0,0,0,0,0,0,0,0,0,0,0,0,0,0,0,0,0,0,0,0,0,0.6889364,0.6698945,0.7761839,0.8557346,0.8759661,0.8014701,0.8189822,0.9345829,1,0.8956119,0,0,0,0,0,0,0,0,0,0,0,0,0,0,0
0,0,0,0,0,0,0,0.6504148,0,0.7711834,0.852103,0.8602949,0.7058818,0.8203605,0.8835506,0.7587796,0.9941041,1,0.774575,0.6975861,0.7261836,0.6596681,0,0,0,0,0,0,0,0,0,0,0,0,0,0,0,0,0,0,0,0,0,0.721831,0.7341943,0.8103887,0.8562292,0.811805,0.9210247,1,0.8562885,0.6214983,0.6501138,0,0,0,0,0,0,0,0,0,0,0,0,0
0,0,0,0,0,0,0,0,0,0,0,0.7548244,0.7923324,0,0.8161963,0.8788404,1,0.9782517,0.7279257,0,0,0,0,0,0,0,0,0,0,0,0,0,0,0,0,0,0,0,0,0,0,0,0,0,0,0,0.7670934,0.7947679,0.970378,1,0.8912261,0.7469859,0.7308174,0,0,0,0,0,0,0,0,0,0,0,0,0
0,0,0,0,0,0,0,0,0,0,0,0,0,0,0,0.8529211,1,0.9903024,0.8072425,0,0,0,0,0,0,0,0,0,0,0,0,0,0,0,0,0,0,0,0,0,0,0,0,0,0,0,0,0.7385041,0.9052675,1,0.909828,0,0,0,0,0,0,0,0,0,0,0,0,0,0,0
0,0,0,0,0,0,0,0,0,0,0,0,0,0.6358343,0.6817977,0.8265162,1,0.9678969,0.7860737,0.8428283,0.7254022,0.7646348,0.7630408,0.6687942,0,0,0,0,0,0,0,0,0,0,0,0,0,0,0,0,0,0,0,0,0,0,0,0.6963015,0.9607177,1,0.8335708,0.755876,0.7330227,0.6858323,0.6138037,0,0,0,0,0,0,0,0,0,0,0
0,0,0,0,0,0,0,0,0,0,0.6173421,0.6384681,0.7185454,0,0.6564686,0.8043234,1,0.9989344,0.8594276,0.9290761,0.929257,0.8142459,0.8014481,0.8390116,0.7814327,0.6146433,0,0,0,0,0,0,0,0,0,0,0,0,0,0,0,0,0,0,0,0,0,0.6494259,0.9373375,1,0.9181759,0.8457307,0.8315612,0.7031551,0.5955433,0.6775914,0.5896937,0,0,0,0,0,0,0,0,0
0,0,0,0,0,0,0,0,0,0.5454093,0.6034979,0.6269894,0,0.6716864,0.781864,0.8983042,1,0.9684317,0.7567061,0.7610157,0.7180606,0.7734676,0.583409,0.6418587,0.7046508,0.7318789,0.6621047,0.5806414,0,0,0,0,0,0,0,0,0,0,0,0,0,0,0.5258918,0.5563165,0,0,0,0.5400277,0.9403663,1,0.8754517,0.5846994,0.8013232,0.8671418,0.8397484,0.7120538,0,0,0,0,0,0,0,0,0,0
0,0,0,0,0,0,0,0,0,0,0,0,0,0.7608508,0.8157538,0.8460652,1,0.9847269,0.7711497,0.7524844,0.8324017,0.8296864,0.7027606,0.7834097,0.8204666,0.7741123,0.6851504,0,0,0,0,0,0,0,0,0,0,0,0,0,0,0,0,0,0,0,0,0.6284016,0.936297,1,0.9164372,0.6618383,0.753727,0.7855746,0.8116069,0.7287698,0,0,0,0,0,0,0,0,0,0
0,0,0,0,0,0,0,0,0,0,0,0,0.7843185,0.8072407,0.8439322,0.8047709,1,0.9866985,0.8227482,0.8542172,0.7914547,0.7314773,0,0.7852447,0.7213758,0,0,0,0,0,0,0,0,0,0,0,0,0,0,0,0,0,0,0,0,0,0,0,0.9476936,1,0.9016392,0.8329102,0.6754832,0.7212251,0,0.6936895,0.7265722,0.6765761,0,0,0,0,0,0,0,0
0,0,0,0,0,0,0,0,0,0,0.6630644,0.7341794,0.8360544,0.8331537,0.721293,0.8324077,1,0.9967686,0.6883406,0.7284358,0.6204716,0.6575199,0,0,0,0,0,0,0,0,0,0,0,0,0,0,0,0,0,0,0,0,0,0,0.5749793,0.5879745,0.6159329,0.5793778,0.9354224,1,0.8761913,0.6643661,0.6226584,0.6923774,0.6023735,0.6229506,0,0,0,0,0,0,0,0,0,0
0,0,0,0,0,0,0,0,0.7873062,0.8206704,0.8329543,0.8485355,0.8483968,0,0.8361903,0.9275319,1,0.9754149,0.8081455,0,0,0,0,0,0,0,0,0,0,0,0,0,0,0,0,0,0,0,0,0,0,0,0,0,0,0,0,0.7280699,0.9511166,1,0.9100322,0,0.7135499,0.7310488,0,0,0,0,0,0,0,0,0,0,0,0
0,0,0,0,0,0,0,0,0.8017073,0.8494355,0.8544508,0,0,0.8386394,0.8809864,0.904498,1,0.9758326,0,0,0,0,0,0,0,0,0,0,0,0,0,0,0,0,0,0,0,0,0,0,0,0,0,0,0,0,0,0,0.9370114,1,0.8837984,0,0,0,0,0,0,0,0,0,0,0,0,0,0,0
0,0,0,0,0,0,0,0,0,0,0.8130452,0,0.69894,0.7778434,0.8074347,0.808375,0.9937991,1,0.7498865,0,0,0,0,0,0,0,0,0,0,0,0,0,0,0,0,0,0,0,0,0,0,0,0,0,0,0,0,0,0.9237021,1,0.8611776,0,0,0,0,0,0,0,0,0,0,0,0,0,0,0
0,0,0,0,0,0,0,0,0,0,0.8020666,0.8094217,0.8283774,0.8415997,0.8011982,0.8837625,1,0.9661723,0,0,0,0,0,0,0,0,0,0,0,0,0,0,0,0,0,0,0,0,0,0,0,0,0.7121119,0.7643952,0,0,0,0.6725494,0.9428982,1,0.8850292,0.6564231,0,0,0,0,0,0,0,0,0,0,0,0,0,0
0,0,0,0,0,0,0,0,0,0,0,0.66635,0.7180724,0.7558931,0.8522922,0.9130227,1,0.9774715,0.8106568,0.650299,0,0,0,0,0,0,0,0,0,0,0,0,0,0,0,0,0,0,0,0,0,0,0,0.7414235,0.8025094,0.7763121,0.7207851,0.6918855,0.9463555,1,0.8453619,0.7824826,0.6954714,0.6752834,0.6212662,0,0,0,0,0,0,0,0,0,0,0
0,0,0,0,0,0,0,0,0,0,0,0,0,0.8438844,0.8524044,0,1,0.9931076,0,0,0,0,0,0,0,0,0,0,0,0,0,0,0,0,0,0,0,0,0,0,0,0,0,0,0,0,0,0.7452865,0.9427225,1,0.8992129,0.7365279,0,0,0,0,0,0,0,0,0,0,0,0,0,0
0,0,0,0,0,0,0,0,0,0,0,0,0,0,0.7570029,0.8212382,1,0.982659,0,0,0,0,0,0,0,0,0,0,0,0,0,0,0,0,0,0,0,0,0,0,0,0,0,0,0,0,0.6785647,0.7644606,0.9278497,1,0.9176959,0,0,0,0,0,0,0,0,0,0,0,0,0,0,0
0,0,0,0,0,0,0,0,0,0,0,0,0,0,0,0.7849925,1,0.990257,0.8136114,0.8101695,0,0,0,0,0,0,0,0,0,0,0,0,0,0,0,0,0,0,0,0,0,0,0,0,0,0,0,0.7244399,0.9702824,1,0.8104873,0.8705791,0,0,0,0,0,0,0,0,0,0,0,0,0,0
0,0,0,0,0,0,0,0,0,0,0,0,0,0,0,0.7787559,0.9956738,1,0.7459556,0.8186641,0.7307497,0,0,0,0,0,0,0,0,0,0,0,0,0,0,0,0,0,0,0,0,0,0,0,0,0,0,0.6156482,0.9395711,1,0.9505563,0.8799939,0.6521971,0,0,0,0,0,0,0,0,0,0,0,0,0
