GestureName: triangle
Duration(ms): 1410
Handedness: right

SpeakerAngles: 2
55
-55

InterpretedPoints: 30
0,0
-0.806707284111599,0.564862521463624
0,2.25945008585449
-0.806707284111599,2.82431260731812
-0.806707284111599,2.82431260731812
-0.806707284111599,2.82431260731812
0.806707284111599,3.95403765024536
5.64695098878119,5.08376269317261
4.03353642055799,5.08376269317261
0,-13.556700515127
0,-13.556700515127
0.806707284111599,-8.47293782195435
0.806707284111599,-2.82431260731812
0,2.25945008585449
-0.806707284111599,5.08376269317261
-0.806707284111599,10.7323879078088
-1.6134145682232,10.1675253863452
-3.2268291364464,6.77835025756348
-8.87378012522759,-1.69458756439087
-2.4201218523348,-3.95403765024536
0,0
1.6134145682232,3.38917512878174
1.6134145682232,7.90807530049073
2.4201218523348,9.6026628648816
3.2268291364464,9.03780034341798
4.84024370466959,7.90807530049073
2.4201218523348,5.08376269317261
0,1.12972504292725
0.806707284111599,-1.69458756439087
0,0

StrokePoints: 31
177.666666666667,130.277777777778
177.666666666667,130.277777777778
178.473373950778,129.712915256314
178.473373950778,127.45346517046
179.28008123489,124.629152563142
180.086788519002,121.804839955823
180.893495803113,118.980527348505
180.086788519002,115.02648969826
174.43983753022,109.942727005087
170.406301109662,104.858964311915
170.406301109662,118.415664827042
170.406301109662,131.972365342169
169.599593825551,140.445303164123
168.792886541439,143.269615771441
168.792886541439,141.010165685587
169.599593825551,135.926402992414
170.406301109662,125.194015084605
172.019715677886,115.02648969826
175.246544814332,108.248139440696
184.12032493956,109.942727005087
186.540446791894,113.896764655333
186.540446791894,113.896764655333
184.927032223671,110.507589526551
183.313617655448,102.59951422606
180.893495803113,92.9968513611786
177.666666666667,83.9590510177607
172.826422961997,76.0509757172699
170.406301109662,70.9672130240973
170.406301109662,69.8374879811701
169.599593825551,71.5320755455609
169.599593825551,71.5320755455609

Velocities: 30
0,0
0,1
2,2
2,3
2,3
2,3
4,3
8,1
7,2
-12,-12
-12,-12
-7,-8
-2,-3
2,2
4,5
9,10
8,10
4,8
-7,4
-5,-2
0,0
4,2
8,6
10,7
10,6
10,4
6,3
1,1
-1,-2
0,0

InverseVelocities: 30
0,0
0,0
0,0
0,0
0,0
0,0
0,-1
-2,-12
-12,-12
0,0
0,0
0,0
0,0
0,0
-1,-2
-3,-2
-5,-2
-4,-1
0,-4
0,0
0,0
0,0
0,0
0,0
0,-3
-2,-7
-4,-5
-2,-3
0,0
0,0

RawData: 30
0,0,0,0,0,0,0,0,0,0,0,0,0,0,0,0.8019118,1,0.9966306,0.8149112,0,0,0,0,0,0,0,0,0,0,0,0,0,0,0,0,0,0,0,0,0,0,0,0,0,0,0,0,0.5407353,0.9214935,1,0.9216253,0.6575874,0.5293286,0,0,0,0,0,0,0,0,0,0,0,0,0
0,0,0,0,0,0,0,0,0,0,0,0,0,0,0,0.7452648,1,0.996014,0.8265488,0.7868471,0,0,0,0,0,0,0,0,0,0,0,0,0,0,0,0,0,0,0,0,0,0,0,0,0,0,0,0.6541825,0.9611201,1,0.8630112,0.9245864,0.807994,0.6670876,0,0,0,0,0,0,0,0,0,0,0,0
0,0,0,0,0,0,0,0,0,0,0,0,0,0,0,0.8415101,1,0.9678416,0.7752816,0.793629,0.7804494,0.7086629,0,0,0,0,0,0,0,0,0,0,0,0,0,0,0,0,0,0,0,0,0,0,0,0,0,0,0.9385484,1,0.8988279,0.8767794,0.9231902,0.8658794,0.7443182,0,0,0,0,0,0,0,0,0,0,0
0,0,0,0,0,0,0,0,0,0,0,0,0,0,0.6285874,0.8552065,1,0.9623525,0.7471369,0.6814527,0.7311785,0.7082734,0,0,0,0,0,0,0,0,0,0,0,0,0,0,0,0,0,0,0,0,0,0,0,0,0.5587476,0.5807979,0.9373472,1,0.8747283,0.6980844,0.7556114,0.8322316,0.842425,0.6990038,0,0,0,0,0,0,0,0,0,0
0,0,0,0,0,0,0,0,0,0,0,0,0,0,0.7574445,0,0.9898938,1,0.8183533,0.8466828,0,0.7241722,0,0,0,0,0,0,0,0,0,0,0,0,0,0,0,0,0,0,0,0,0,0,0,0,0,0.7026264,0.9408092,1,0.8912542,0.6633322,0.7585658,0.8165892,0.8536454,0.7796464,0,0,0,0,0,0,0,0,0,0
0,0,0,0,0,0,0,0,0,0,0,0,0,0.6812308,0.7296175,0.8234542,1,0.9800423,0.824035,0.7974732,0.743181,0.6822012,0,0,0,0,0,0,0,0,0,0,0,0,0,0,0,0,0,0,0,0,0,0,0,0,0,0.6532016,0.9431268,1,0.8665804,0.7621955,0.7467779,0.8049827,0.8188812,0.721418,0,0,0,0,0,0,0,0,0,0
0,0,0,0,0,0,0,0,0,0,0,0,0,0,0,0.8339939,1,0.9915048,0.8826689,0.785507,0.7179672,0.6928642,0.5857486,0.5781058,0,0,0,0,0,0,0,0,0,0,0,0,0,0,0,0,0,0,0,0,0,0.5238943,0.5069917,0.6419386,0.9305434,1,0.8987649,0.771324,0.7197489,0.7970308,0.7134932,0.5651228,0,0,0,0,0,0,0,0,0,0
0,0,0,0,0,0,0,0,0,0,0,0.6656196,0.7679625,0.8027555,0.7384795,0.7581531,1,0.9691224,0.8230719,0,0.7434323,0.7938488,0.7456469,0.7401176,0.6950063,0.6706483,0.6935062,0.6360767,0,0,0,0,0,0,0.6121829,0.6320817,0.6711217,0.7003102,0.7280285,0.7549691,0.7768568,0.7989853,0.8139011,0.825322,0.8362556,0.8186893,0.7946179,0.8260792,0.9553834,1,0.8629153,0.7489595,0.7418483,0.7168211,0,0,0,0,0,0,0,0,0,0,0,0
0.5947728,0.6163285,0.6734352,0.7764062,0.8538876,0.8765569,0.8213228,0.749742,0.714407,0.6365185,0.7226355,0.8136787,0.8808017,0.8848451,0.864777,0.8531352,1,0.9489142,0.5853096,0.7835059,0.7454264,0.6055389,0.75358,0.7089409,0.6366121,0.674601,0.618982,0,0,0,0,0,0,0.7232159,0.7255822,0.6675588,0.7798752,0.7877897,0.6126699,0.7386575,0.7111762,0.7613768,0.6587054,0.7351953,0.6963328,0.7293591,0.759967,0.7349922,0.9361666,1,0.8838491,0.5438359,0.5503943,0.5988528,0.5440393,0,0,0,0,0,0,0,0,0,0,0
0.857416,0.8245803,0.7638079,0.8502496,0.9377267,0.9261997,0.8924351,0.8152531,0.7422437,0,0,0.7340747,0.736257,0,0.7026366,0.8445756,1,0.9919597,0.8438721,0.7337787,0,0,0,0,0,0,0,0,0,0,0,0,0,0.7652706,0.7374128,0.7506356,0.7717975,0.7412297,0.7616477,0.7393352,0.7437426,0,0.6932353,0.7040211,0.6888254,0.7342936,0.7184118,0.8054636,0.9564186,1,0.8908957,0.6721217,0,0,0,0,0,0,0,0,0,0,0,0,0,0
0.6934161,0.718203,0.7314774,0.8179266,0.8817164,0.8970984,0.9039992,0.9203125,0.9184663,0.8049836,0.8255143,0.6939372,0,0.7454436,0.7148787,0.868829,1,0.9944555,0.8268731,0,0,0,0,0,0,0,0,0,0,0,0,0,0,0.7527897,0.7566184,0.7010536,0.6656339,0.689171,0.7162955,0.680792,0,0.7036157,0.6910554,0.6966875,0.7148734,0.7430644,0.6662548,0.7233108,0.9335236,1,0.902555,0,0,0,0,0,0,0,0,0,0,0,0,0,0,0
0,0,0,0,0,0,0.7368796,0.8159273,0.8712053,0.9011454,0.8620542,0.8775594,0.9170367,0.8745013,0.7029536,0.7777392,0.9783877,1,0.7904024,0,0,0,0,0,0,0,0,0,0,0,0,0,0,0,0,0,0,0,0.5979164,0.6327475,0.6982383,0.7595943,0.762568,0.7141539,0.76437,0.8297535,0.7526847,0.6072062,0.9506897,1,0.8808438,0,0,0,0,0,0,0,0,0,0,0,0,0,0,0
0,0,0,0,0,0,0,0,0,0,0,0.6890639,0.7912431,0.8503332,0.8948677,0.912328,1,0.9801251,0,0,0,0,0,0,0,0,0,0,0,0,0,0,0,0,0,0,0,0,0,0,0,0,0,0.5324079,0.6483026,0.7475249,0.8064045,0.7892264,0.9301096,1,0.8871759,0,0,0,0,0,0,0,0,0,0,0,0,0,0,0
0,0,0,0,0,0,0,0,0,0,0,0,0,0.6103175,0.7290803,0.8033658,1,0.9891555,0.9256029,0.8440168,0.7190033,0.5893292,0,0,0,0,0,0,0,0,0,0,0,0,0,0,0,0,0,0,0,0,0,0,0,0,0.668464,0.6409048,0.9427779,1,0.8909557,0.7616531,0.7462652,0.7031111,0.6264868,0,0,0,0,0,0,0,0,0,0,0
0,0,0,0,0,0,0,0,0,0,0,0,0.678982,0.8430408,0.8896921,0.7060673,1,0.9840506,0.8676091,0.9424617,0.9092996,0.8993589,0.8681031,0.7450783,0,0,0,0,0,0,0,0,0,0,0,0,0,0,0,0,0,0,0,0,0.5593489,0.6874818,0.7421307,0.6334089,0.9356542,1,0.8767011,0.6799619,0.6915578,0.7536151,0.7265332,0,0.6720102,0.6045825,0,0,0,0,0,0,0,0
0,0,0,0,0,0,0,0,0,0,0.5962785,0.6965923,0.6701787,0.7397124,0.6163802,0.7934734,1,0.9670696,0.8332304,0.8322891,0.833824,0.7464055,0.8315569,0.8990399,0.851733,0.7509909,0.7176157,0.6324331,0.6124634,0,0,0,0,0,0,0,0,0,0,0,0,0,0,0,0.6923853,0.7423292,0.6081229,0.6913255,0.939161,1,0.8803208,0.6864362,0.6781501,0.679634,0.6722858,0.7108882,0.593738,0.724269,0.7023061,0.6827428,0.6010778,0.5340968,0.5432553,0,0,0
0,0,0,0,0,0,0,0,0.6535755,0.6318123,0,0.7149482,0.7747717,0.7467056,0.8552043,0.8921296,1,0.9861605,0.9199309,0.8189095,0.7351804,0.8070369,0.761283,0.7605342,0.8357604,0.7914596,0.6763932,0.6382344,0,0,0,0,0,0,0,0,0,0,0,0,0,0,0,0,0.629918,0.6636618,0.6083872,0.7228516,0.9478159,1,0.8698456,0.7098581,0.6154295,0.7440062,0.7995601,0.7254246,0.7448342,0.6918046,0.6478543,0.7604129,0.737448,0.6336134,0.5518106,0,0,0
0,0,0,0,0,0,0,0,0,0.774597,0.8091367,0.8187411,0.752724,0.8574986,0.9067922,0.8952947,1,0.9952433,0.8351011,0,0.7248734,0,0.7129286,0.7265369,0,0,0,0,0,0,0,0,0,0,0,0,0,0,0,0,0,0,0,0,0,0.7241444,0.7260792,0.7644183,0.9346921,1,0.904386,0.7464232,0.8192146,0.8506101,0.8105912,0.6672543,0.7327979,0.7349533,0.7261825,0.7338977,0.696592,0,0,0,0,0
0,0,0,0,0,0,0.6204669,0.6328425,0.6768152,0,0.5985839,0.7095644,0.7381522,0.717387,0,0.8492061,1,0.9810366,0.761923,0.6197004,0,0,0,0,0,0,0,0,0,0,0,0,0,0,0,0,0,0,0,0,0,0,0.5802426,0.5980747,0.5687075,0.7799026,0.7662889,0.7830347,0.9556926,1,0.8831851,0.7060508,0.6927844,0.5540509,0.6032556,0.6094041,0.5628126,0,0,0,0,0,0,0,0,0
0,0,0,0,0,0,0,0,0.6403365,0.6526999,0.6803653,0.6235442,0.7277694,0.7553338,0.6561988,0.8216632,1,0.9863119,0.7604531,0,0,0,0,0,0,0,0,0,0,0,0,0,0,0,0,0,0,0,0,0,0,0,0,0,0.5746942,0.7172766,0.7844035,0.7679945,0.946263,1,0.8905206,0.5728587,0.5711212,0,0,0,0,0,0,0,0,0,0,0,0,0
0,0,0,0,0,0,0,0,0,0,0,0,0,0,0.6851323,0.8147832,1,0.983632,0.7485172,0,0,0,0,0,0,0,0,0,0,0,0,0,0,0,0,0,0,0,0,0,0,0,0,0,0,0,0.6181248,0.7086272,0.9449611,1,0.8985192,0.5916851,0,0,0,0,0,0,0,0,0,0,0,0,0,0
0,0,0,0,0,0,0,0,0,0,0,0,0,0,0,0.8197653,1,0.9974721,0.8365958,0.7222372,0.7077901,0.6742412,0.6766968,0.6533337,0,0,0,0,0,0,0,0,0,0,0,0,0,0,0,0,0,0,0,0,0,0,0,0.6226962,0.9479794,1,0.8722019,0.7543083,0,0.6817412,0.6582572,0,0,0,0,0,0,0,0,0,0,0
0,0,0,0,0,0,0,0,0,0,0,0,0,0,0,0.8091162,1,0.9747016,0.6239507,0.7039124,0.7567722,0.6926645,0,0.6842366,0.7696386,0.743524,0.7160878,0.6579559,0,0,0,0,0,0,0,0,0,0,0,0,0,0,0,0,0,0,0,0.6014103,0.9336963,1,0.882608,0.6067528,0.6326867,0.7444428,0.7841974,0.7564233,0.7112397,0.6454139,0.5766917,0,0,0,0,0,0,0
0,0,0,0,0,0,0,0,0,0,0,0,0,0,0.6625283,0.8310036,1,0.9827736,0.8291531,0.81473,0.6259888,0.7168285,0.6991362,0.7856253,0.7450296,0.652838,0.7267624,0.7224708,0.7296388,0.6406289,0,0,0,0,0,0,0,0,0,0,0,0,0,0,0,0,0.6122398,0.6628711,0.9320482,1,0.8985777,0.7674019,0.7679498,0.7280133,0.7727219,0.6900147,0.820383,0.8289333,0.7162373,0.5622827,0,0,0,0,0,0
0,0,0,0,0,0,0,0,0,0,0,0,0,0,0,0.8393977,1,0.9927686,0.8261517,0.7222965,0.8349152,0.8281509,0.7785454,0.7381743,0.8086054,0.8335651,0.8051947,0.832853,0.8224397,0.7384062,0,0,0,0,0,0,0,0,0,0,0,0,0,0.704954,0.7379091,0.7540903,0.7805918,0.8098887,0.9632934,1,0.8867323,0.8307831,0.9322959,0.8988537,0.7403279,0.8089876,0.8382607,0.8039296,0.7122021,0,0,0,0,0,0,0
0,0,0,0,0,0,0,0,0,0,0,0.702972,0.7555349,0.7140253,0.7574633,0.8407006,1,0.9898064,0.839048,0.7723099,0.7317385,0.882282,0.8209211,0.7674353,0.8092718,0.8270171,0.7867197,0.74709,0.6879697,0.6698011,0,0,0,0,0,0,0,0,0,0.6420614,0.6735541,0.6611412,0.6841301,0.7336408,0.7198271,0.6934914,0.7642051,0.7824153,0.9413829,1,0.9472605,0.8785315,0.8032485,0.7448924,0.7268019,0.756177,0.7002205,0,0,0,0,0,0,0,0,0
0,0,0,0,0,0,0,0,0,0.6243948,0.6375,0.742977,0.6504475,0.6496127,0.7567153,0.8578922,1,0.9938421,0.9237735,0.9475352,0.8969395,0.7727693,0.8034253,0.750457,0,0.6320162,0,0,0,0,0,0,0,0,0,0,0,0,0,0,0,0.6547638,0.7109067,0.691945,0.7649782,0.8500405,0.8730713,0.8128539,0.9498286,1,0.8899789,0.6082594,0.6228063,0.7076348,0.7307289,0.6770416,0,0,0,0,0,0,0,0,0,0
0,0,0,0,0,0,0,0,0,0,0,0.7071213,0.7136185,0.7188354,0.8709322,0.9463956,1,0.9707925,0.8288799,0.7935032,0.8017808,0,0,0,0,0,0,0,0,0,0,0,0,0,0,0,0,0,0,0,0,0,0,0.7382813,0.7792701,0.8257037,0.7242572,0.754195,0.9541653,1,0.903336,0,0.7143922,0.6777052,0,0,0,0,0,0,0,0,0,0,0,0
0,0,0,0,0,0,0,0,0,0,0,0,0.5938026,0.7097792,0.7961301,0.9458473,0.946044,1,0.8061997,0.6541466,0,0,0,0,0,0,0,0,0,0,0,0,0,0,0,0,0,0,0,0,0,0,0,0,0.5386674,0.7552337,0.792696,0.7646871,0.9450104,1,0.8800625,0,0,0,0,0,0,0,0,0,0,0,0,0,0,0
0,0,0,0,0,0,0,0,0,0,0,0,0,0,0.8290866,0.9603538,1,0.987307,0.7828212,0,0,0,0,0,0,0,0,0,0,0,0,0,0,0,0,0,0,0,0,0,0,0,0,0,0,0,0.7349918,0.7593284,0.9392121,1,0.8990537,0,0,0,0,0,0,0,0,0,0,0,0,0,0,0
