GestureName: x
Duration(ms): 1410
Handedness: right

SpeakerAngles: 2
55
-55

InterpretedPoints: 30
0,0
0,0
0,0
0,0
0,0
0,0
0,0
0,0
-0.806707284111599,-1.69458756439087
0,-3.38917512878174
-0.806707284111599,-5.08376269317261
-0.806707284111599,-5.08376269317261
1.6134145682232,-2.25945008585449
0,-1.12972504292725
0,0
1.6134145682232,1.12972504292725
1.6134145682232,3.38917512878174
5.64695098878119,0.564862521463624
8.87378012522759,-2.82431260731812
6.45365827289279,-3.38917512878174
3.2268291364464,-1.12972504292725
1.6134145682232,0
0.806707284111599,3.95403765024536
0,6.77835025756348
-1.6134145682232,9.03780034341798
-4.03353642055799,8.47293782195435
-11.2939019775624,2.25945008585449
-5.64695098878119,-1.69458756439087
-2.4201218523348,-1.69458756439087
0,0

StrokePoints: 31
177.666666666667,130.277777777778
177.666666666667,130.277777777778
177.666666666667,130.277777777778
177.666666666667,130.277777777778
177.666666666667,130.277777777778
177.666666666667,130.277777777778
177.666666666667,130.277777777778
177.666666666667,130.277777777778
177.666666666667,130.277777777778
178.473373950778,131.972365342169
178.473373950778,135.36154047095
179.28008123489,140.445303164123
180.086788519002,145.529065857296
178.473373950778,147.78851594315
178.473373950778,148.918240986077
178.473373950778,148.918240986077
176.859959382555,147.78851594315
175.246544814332,144.399340814368
169.599593825551,143.834478292905
160.725813700323,146.658790900223
154.27215542743,150.047966029005
151.045326290984,151.177691071932
149.431911722761,151.177691071932
148.625204438649,147.223653421687
148.625204438649,140.445303164123
150.238619006872,131.407502820705
154.27215542743,122.934564998751
165.566057404993,120.675114912896
171.213008393774,122.369702477287
173.633130246109,124.064290041678
173.633130246109,124.064290041678

Velocities: 30
0,0
0,0
0,0
0,0
0,0
0,0
0,0
0,0
-2,-1
-3,-3
-5,-4
-5,-4
-1,-3
-1,-1
0,0
2,0
4,2
4,-3
3,-8
1,-7
1,-3
1,-1
4,3
6,6
7,9
5,10
-5,9
-5,2
-3,0
0,0

InverseVelocities: 30
0,0
0,0
0,0
0,0
0,0
0,0
0,0
0,0
0,0
0,0
0,0
0,0
0,0
0,0
0,0
0,0
0,0
0,0
-2,1
-3,1
0,1
0,0
0,0
0,0
0,0
-1,0
0,0
0,0
0,0
0,0

RawData: 30
0,0,0,0,0,0,0,0,0,0,0,0,0,0,0,0.8151571,1,0.9877139,0.7631375,0,0,0,0,0,0,0,0,0,0,0,0,0,0,0,0,0,0,0,0,0,0,0,0,0,0,0,0,0.6062587,0.9407506,1,0.8860072,0,0,0,0,0,0,0,0,0,0,0,0,0,0,0
0,0,0,0,0,0,0,0,0,0,0,0,0,0,0,0.8109373,1,0.9868262,0.7551906,0,0,0,0,0,0,0,0,0,0,0,0,0,0,0,0,0,0,0,0,0,0,0,0,0,0,0,0,0,0.9392006,1,0.881681,0,0,0,0,0,0,0,0,0,0,0,0,0,0,0
0,0,0,0,0,0,0,0,0,0,0,0,0,0,0,0.8331606,1,0.9855882,0.7627314,0,0,0,0,0,0,0,0,0,0,0,0,0,0,0,0,0,0,0,0,0,0,0,0,0,0,0,0,0,0.9487389,1,0.8898532,0,0,0,0,0,0,0,0,0,0,0,0,0,0,0
0,0,0,0,0,0,0,0,0,0,0,0,0,0,0,0.8391437,1,0.9848089,0.7714621,0,0,0,0,0,0,0,0,0,0,0,0,0,0,0,0,0,0,0,0,0,0,0,0,0,0,0,0,0.6537846,0.9491437,1,0.8894764,0,0,0,0,0,0,0,0,0,0,0,0,0,0,0
0,0,0,0,0,0,0,0,0,0,0,0,0,0,0,0.8426036,1,0.988243,0.7854629,0,0,0,0,0,0,0,0,0,0,0,0,0,0,0,0,0,0,0,0,0,0,0,0,0,0,0,0,0,0.9486213,1,0.891593,0,0,0,0,0,0,0,0,0,0,0,0,0,0,0
0,0,0,0,0,0,0,0,0,0,0,0,0,0,0,0.8075871,1,0.9958487,0.7895691,0,0,0,0,0,0,0,0,0,0,0,0,0,0,0,0,0,0,0,0,0,0,0,0,0,0,0,0,0.5975983,0.9404722,1,0.879755,0,0,0,0,0,0,0,0,0,0,0,0,0,0,0
0,0,0,0,0,0,0,0,0,0,0,0,0,0,0,0.7600043,0.9974905,1,0.7846561,0,0,0,0,0,0,0,0,0,0,0,0,0,0,0,0,0,0,0,0,0,0,0,0,0,0,0,0,0,0.9408984,1,0.8669351,0.6114491,0,0,0,0,0,0,0,0,0,0,0,0,0,0
0,0,0,0,0,0,0,0,0,0,0,0,0,0.6622037,0.802356,0.9360688,1,0.9328659,0.7231542,0,0,0,0,0,0,0,0,0,0,0,0,0,0,0,0,0,0,0,0,0,0,0,0,0,0,0,0,0.7173194,0.9446359,1,0.9171466,0.7384402,0.6445248,0,0,0,0,0,0,0,0,0,0,0,0,0
0,0,0,0,0,0,0,0,0,0,0,0.6935469,0.6987755,0.7848006,0.9150065,0.9520916,1,0.9683425,0,0,0,0,0,0,0,0,0,0,0,0,0,0,0,0,0,0,0,0,0,0,0,0,0,0,0,0.7074499,0.7866987,0.8425716,0.9770951,1,0.7578856,0.7710862,0.7309108,0,0,0,0,0,0,0,0,0,0,0,0,0
0,0,0,0,0,0,0,0,0,0,0.6145716,0.8589308,0.9131913,0.8029323,0,0.8382112,1,0.9944053,0.802057,0,0,0,0,0,0,0,0,0,0,0,0,0,0,0,0,0,0,0,0,0,0,0,0,0.594928,0.6934797,0.7457585,0.8016896,0.8231896,0.9207419,1,0.9406023,0.7829612,0.574393,0,0,0,0,0,0,0,0,0,0,0,0,0
0,0,0,0,0,0,0,0,0.7172844,0.820564,0.8762546,0.8119986,0.8681287,0.8422881,0.6537078,0.8442875,1,0.9724469,0.6550139,0,0,0,0,0,0,0,0,0,0,0,0,0,0,0,0,0,0,0,0,0,0,0,0.5993693,0.7160489,0.8274065,0.8767138,0.8348188,0.8054955,0.9593306,1,0.8712947,0.6468861,0,0,0,0,0,0,0,0,0,0,0,0,0,0
0,0,0,0,0,0,0,0,0.8059133,0.8813337,0.8753192,0.7853389,0.7722919,0.7877148,0.7908092,0.8371575,1,0.9831626,0.7872362,0,0,0,0,0,0,0,0,0,0,0,0,0,0,0,0,0,0,0,0,0,0,0,0.7275317,0.8420856,0.8732101,0.9173293,0.8261637,0.7281367,0.9479895,1,0.8853252,0,0,0,0,0,0,0,0,0,0,0,0,0,0,0
0,0,0,0,0,0,0,0,0,0,0,0,0.6633487,0.7733834,0.8173866,0.7891845,1,0.9826007,0.7396534,0,0,0,0,0,0,0,0,0,0,0,0,0,0,0,0,0,0,0,0,0,0,0,0,0.7058345,0.7656828,0.8389669,0.8286381,0.7072195,0.9444687,1,0.8802345,0,0,0,0,0,0,0,0,0,0,0,0,0,0,0
0,0,0,0,0,0,0,0,0,0,0,0,0.7188029,0.8342648,0.8512872,0.6640934,1,0.9965882,0.7411763,0,0,0,0,0,0,0,0,0,0,0,0,0,0,0,0,0,0,0,0,0,0,0,0,0,0,0.7099411,0.7752154,0.6964855,0.9308919,1,0.8884702,0,0,0,0,0,0,0,0,0,0,0,0,0,0,0
0,0,0,0,0,0,0,0,0,0,0,0,0,0,0.7244272,0.843153,1,0.9812745,0.7525928,0,0,0,0,0,0,0,0,0,0,0,0,0,0,0,0,0,0,0,0,0,0,0,0,0,0,0,0,0.7235618,0.9507099,1,0.8817684,0,0,0,0,0,0,0,0,0,0,0,0,0,0,0
0,0,0,0,0,0,0,0,0,0,0,0,0,0,0,0.8431038,1,0.9812062,0.7903664,0.6661063,0.7251285,0.6657166,0,0,0,0,0,0,0,0,0,0,0,0,0,0,0,0,0,0,0,0,0,0,0,0,0,0.6871989,0.9433872,1,0.915152,0.8206916,0.7674787,0,0,0,0,0,0,0,0,0,0,0,0,0
0,0,0,0,0,0,0,0,0,0,0,0,0,0,0,0.8280855,1,0.9803332,0.7593312,0.6994362,0.7353801,0.7694838,0.736253,0.6515331,0,0,0,0,0,0,0,0,0,0,0,0,0,0,0,0,0,0,0,0,0,0,0.5976184,0.6415763,0.9189459,1,0.895469,0.8431199,0.8373685,0.7679747,0.6559555,0,0,0,0,0,0,0,0,0,0,0
0,0,0,0,0,0,0,0,0,0,0,0,0,0,0,0.808866,1,0.9931784,0.8473713,0.8353497,0.7381409,0.7395281,0.7553959,0.7439883,0,0,0,0,0,0,0,0,0,0,0,0,0,0,0,0,0,0,0,0.7312165,0.7306325,0,0.829064,0.8729545,0.9312702,1,0.9077094,0.7262112,0,0,0,0,0,0,0,0,0,0,0,0,0,0
0,0,0,0,0,0,0,0,0,0,0,0.6332235,0.685161,0.7223085,0.7669032,0.8369054,1,0.9770991,0.7588092,0.6522561,0.6490461,0.6519058,0.6319574,0,0,0,0,0,0,0,0,0,0,0,0,0,0,0,0.632831,0.66469,0.72439,0.7584174,0.7903591,0.6647192,0.8044009,0.8073554,0.8318958,0.7694933,0.9512249,1,0.8724442,0.7360215,0.7203788,0.6074838,0,0,0,0,0,0,0,0,0,0,0,0
0,0,0,0,0,0,0,0,0,0,0.6502892,0.7203698,0.8000942,0.829083,0.6862195,0.864379,1,0.9982321,0.8513168,0.8255814,0.7920232,0,0,0,0,0,0,0,0,0,0,0,0,0,0,0,0,0,0,0.6663349,0.67522,0.6195803,0.7576645,0.8558117,0.8886892,0.8296688,0.678829,0.7068404,0.9513308,1,0.8682725,0.6789384,0.6906691,0.6981997,0,0,0,0,0,0,0,0,0,0,0,0
0,0,0,0,0,0,0,0,0,0,0,0,0,0.8249401,0.8273807,0.9069589,1,0.9842444,0.8431832,0.8029698,0.7449911,0,0,0,0,0,0,0,0,0,0,0,0,0,0,0,0,0,0,0,0,0,0,0.7741972,0.8546907,0.8601306,0.7567216,0,0.9553291,1,0.8947078,0,0.7624843,0.7344564,0,0,0,0,0,0,0,0,0,0,0,0
0,0,0,0,0,0,0,0,0,0,0,0,0,0.623322,0.611618,0.8119382,1,0.9674106,0.7470689,0.8000987,0.6676645,0,0,0,0,0,0,0,0,0,0,0,0,0,0,0,0,0,0,0,0,0,0,0,0,0.6394469,0.633203,0.6018776,0.93664,1,0.8955083,0.6648515,0.6610141,0,0,0,0,0,0,0,0,0,0,0,0,0
0,0,0,0,0,0,0,0,0,0,0,0,0,0,0,0.8563343,1,0.9791158,0.7038908,0.8576087,0.8568022,0.7694939,0.7632486,0.708573,0,0,0,0,0,0,0,0,0,0,0,0,0,0,0,0,0,0,0,0,0,0,0,0,0.9461761,1,0.8979625,0.6768215,0.8028345,0.8125978,0.7852176,0.7310424,0,0,0,0,0,0,0,0,0,0
0,0,0,0,0,0,0,0,0,0,0,0,0,0,0.5945368,0.8122446,1,0.9938191,0.794214,0.7147465,0.8905566,0.9365546,0.9248946,0.8675006,0.7826467,0.6823698,0,0,0,0,0,0,0,0,0,0,0,0,0,0,0,0,0,0,0,0,0,0,0.9371755,1,0.887553,0,0.5917702,0.7389357,0.7348848,0.8036895,0.8110805,0.766792,0.6650259,0,0,0,0,0,0,0
0,0,0,0,0,0,0,0,0,0,0,0,0,0,0.7124487,0.7882832,1,0.9945279,0.784793,0.8182751,0.8678944,0.9494562,0.8545138,0.8829654,0.8498046,0.817238,0.7024999,0,0,0,0,0,0,0,0,0,0,0,0,0,0,0,0,0,0,0,0,0,0.9407683,1,0.8824702,0.7107522,0.6374112,0.67439,0.6707131,0.6448761,0.7584067,0.7513317,0.8518977,0.8436793,0.7747669,0.6473621,0,0,0,0
0,0,0,0,0,0,0,0,0,0,0,0,0.7196094,0.7343752,0.7062654,0.8585956,1,0.9821026,0.8075566,0.814414,0.8491263,0.7999511,0.7974377,0.7558576,0.7140853,0,0,0,0,0,0,0,0,0,0,0,0,0,0,0,0,0,0,0,0,0,0,0,0.9317945,1,0.8990557,0,0.7139671,0.7417738,0.6875488,0.8431337,0.8180559,0.8028951,0.8505558,0.62015,0.8066791,0.75712,0.7070034,0,0,0
0,0,0,0,0,0,0,0,0.7250364,0.7850718,0.8249983,0.7449939,0.7381165,0.8796509,0.862844,0.8577707,1,0.9842206,0.76696,0.7204184,0,0,0,0,0,0,0,0,0,0,0,0,0,0,0,0,0,0,0,0,0,0,0,0,0,0,0,0,0.9364678,1,0.887464,0.7494165,0.7464275,0.8903123,0.910897,0.9200825,0.8933542,0.790689,0.7791944,0.7979282,0.7330213,0.666025,0,0,0,0
0,0,0,0,0,0,0,0,0.7122547,0.7554851,0.7584164,0.7992384,0.7882749,0.7188352,0,0.7980523,1,0.9847587,0.7414298,0,0,0,0,0,0,0,0,0,0,0,0,0,0,0,0,0,0,0,0,0,0,0,0,0,0,0,0,0,0.9410375,1,0.8682339,0.6690145,0.7701392,0.739154,0.6800495,0,0,0,0,0,0,0,0,0,0,0
0,0,0,0,0,0,0,0,0,0,0.7292194,0.6988395,0,0.7542567,0.8242455,0.7304741,1,0.9791223,0,0,0,0,0,0,0,0,0,0,0,0,0,0,0,0,0,0,0,0,0,0,0,0,0,0,0,0,0.7054652,0.7702325,0.9336772,1,0.8678014,0,0,0,0,0,0,0,0,0,0,0,0,0,0,0
0,0,0,0,0,0,0,0,0,0,0,0,0,0,0,0.8887047,1,0.9419972,0,0,0,0,0,0,0,0,0,0,0,0,0,0,0,0,0,0,0,0,0,0,0,0,0,0,0,0,0,0.7616318,0.9529178,1,0.8567446,0,0,0,0,0,0,0,0,0,0,0,0,0,0,0
