GestureName: z
Duration(ms): 1410
Handedness: right

SpeakerAngles: 2
55
-55

InterpretedPoints: 30
0,0
0,0
0,0
0,0
0,0
0,0
0,0
0,0
0,0
0,0
0,0
0.806707284111599,1.69458756439087
4.03353642055799,10.7323879078088
0,13.556700515127
-0.806707284111599,10.7323879078088
-5.64695098878119,-5.08376269317261
-1.6134145682232,-6.77835025756348
0,-1.12972504292725
4.84024370466959,-4.51890017170899
8.06707284111599,-6.77835025756348
1.6134145682232,-12.4269754721997
2.4201218523348,-7.34321277902711
0.806707284111599,-8.47293782195435
-0.806707284111599,-0.564862521463624
-2.4201218523348,9.6026628648816
-1.6134145682232,12.4269754721997
-3.2268291364464,9.03780034341798
-8.87378012522759,2.82431260731812
-0.806707284111599,-6.21348773609986
-0.806707284111599,-5.08376269317261

StrokePoints: 31
177.666666666667,130.277777777778
177.666666666667,130.277777777778
177.666666666667,130.277777777778
177.666666666667,130.277777777778
177.666666666667,130.277777777778
177.666666666667,130.277777777778
177.666666666667,130.277777777778
177.666666666667,130.277777777778
177.666666666667,130.277777777778
177.666666666667,130.277777777778
177.666666666667,130.277777777778
177.666666666667,130.277777777778
176.859959382555,128.583190213387
172.826422961997,117.850802305578
172.826422961997,104.294101790451
173.633130246109,93.5617138826423
179.28008123489,98.6454765758149
180.893495803113,105.423826833378
180.893495803113,106.553551876306
176.053252098443,111.072452048015
167.986179257327,117.850802305578
166.372764689104,130.277777777778
163.952642836769,137.620990556805
163.145935552658,146.093928378759
163.952642836769,146.658790900223
166.372764689104,137.056128035341
167.986179257327,124.629152563142
171.213008393774,115.591352219724
180.086788519001,112.767039612406
180.893495803113,118.980527348505
181.700203087225,124.064290041678

Velocities: 30
0,0
0,0
0,0
0,0
0,0
0,0
0,0
0,0
0,0
0,0
0,0
2,1
12,7
12,12
9,10
-8,-1
-7,-5
-1,-1
-1,-7
-1,-11
-10,-12
-5,-8
-7,-8
-1,0
7,10
10,12
6,10
-3,8
-6,-5
-5,-4

InverseVelocities: 30
0,0
0,0
0,0
0,0
0,0
0,0
0,0
0,0
0,0
0,0
0,0
0,0
0,0
0,0
0,0
0,0
0,0
3,0
10,3
6,2
1,0
0,0
0,0
4,0
0,0
0,0
0,0
0,0
0,0
0,0

RawData: 30
0,0,0,0,0,0,0,0,0,0,0,0,0,0,0.6651375,0.8963256,1,0.9794239,0.7258925,0,0,0,0,0,0,0,0,0,0,0,0,0,0,0,0,0,0,0,0,0,0,0,0,0,0,0,0,0,0.9405214,1,0.852929,0,0,0,0,0,0,0,0,0,0,0,0,0,0,0
0,0,0,0,0,0,0,0,0,0,0,0,0,0,0,0.8752959,1,0.9718745,0.7556089,0,0,0,0,0,0,0,0,0,0,0,0,0,0,0,0,0,0,0,0,0,0,0,0,0,0,0,0,0,0.9511744,1,0.9129812,0,0,0,0,0,0,0,0,0,0,0,0,0,0,0
0,0,0,0,0,0,0,0,0,0,0,0,0,0,0,0.8719545,1,0.9784371,0.7798259,0,0,0,0,0,0,0,0,0,0,0,0,0,0,0,0,0,0,0,0,0,0,0,0,0,0,0,0,0,0.9407586,1,0.9196426,0,0,0,0,0,0,0,0,0,0,0,0,0,0,0
0,0,0,0,0,0,0,0,0,0,0,0,0,0,0,0.8433567,1,0.9812374,0.7591562,0,0,0,0,0,0,0,0,0,0,0,0,0,0,0,0,0,0,0,0,0,0,0,0,0,0,0,0,0,0.9331892,1,0.9063495,0,0,0,0,0,0,0,0,0,0,0,0,0,0,0
0,0,0,0,0,0,0,0,0,0,0,0,0,0,0,0.8229569,1,0.9864774,0.7603927,0,0,0,0,0,0,0,0,0,0,0,0,0,0,0,0,0,0,0,0,0,0,0,0,0,0,0,0,0.5732949,0.9355906,1,0.8875359,0,0,0,0,0,0,0,0,0,0,0,0,0,0,0
0,0,0,0,0,0,0,0,0,0,0,0,0,0,0,0.8125259,1,0.9917944,0.7764312,0,0,0,0,0,0,0,0,0,0,0,0,0,0,0,0,0,0,0,0,0,0,0,0,0,0,0,0,0.5697204,0.939919,1,0.8683784,0,0,0,0,0,0,0,0,0,0,0,0,0,0,0
0,0,0,0,0,0,0,0,0,0,0,0,0,0,0,0.8182465,1,0.9945523,0.7928631,0,0,0,0,0,0,0,0,0,0,0,0,0,0,0,0,0,0,0,0,0,0,0,0,0,0,0,0,0,0.9503264,1,0.8540575,0,0,0,0,0,0,0,0,0,0,0,0,0,0,0
0,0,0,0,0,0,0,0,0,0,0,0,0,0,0,0.8221108,1,0.9939222,0.7970786,0,0,0,0,0,0,0,0,0,0,0,0,0,0,0,0,0,0,0,0,0,0,0,0,0,0,0,0,0,0.9509804,1,0.8721794,0,0,0,0,0,0,0,0,0,0,0,0,0,0,0
0,0,0,0,0,0,0,0,0,0,0,0,0,0,0,0.8130281,1,0.9869314,0.7473119,0,0,0,0,0,0,0,0,0,0,0,0,0,0,0,0,0,0,0,0,0,0,0,0,0,0,0,0,0.5987104,0.9436592,1,0.8683071,0,0,0,0,0,0,0,0,0,0,0,0,0,0,0
0,0,0,0,0,0,0,0,0,0,0,0,0,0,0,0.8297673,1,0.9893579,0.7788806,0,0,0,0,0,0,0,0,0,0,0,0,0,0,0,0,0,0,0,0,0,0,0,0,0,0,0,0,0.5820999,0.9427371,1,0.874393,0,0,0,0,0,0,0,0,0,0,0,0,0,0,0
0,0,0,0,0,0,0,0,0,0,0,0,0,0,0,0.8497037,1,0.9417619,0.8793973,0.7234843,0,0,0,0,0,0,0,0,0,0,0,0,0,0,0,0,0,0,0,0,0,0,0,0,0,0,0,0.5900121,0.9318683,1,0.9170472,0.6507024,0,0,0,0,0,0,0,0,0,0,0,0,0,0
0,0,0,0,0,0,0,0,0,0,0,0,0,0,0,0.8433806,0.9992115,1,0.9378588,0.8967806,0.7702965,0.6657738,0,0,0,0,0,0,0,0,0,0,0,0,0,0,0,0,0,0,0,0,0,0,0,0,0,0,0.9408358,1,0.8731516,0.7598857,0.7172208,0.7332219,0,0,0,0,0,0,0,0,0,0,0,0
0,0,0,0,0,0,0,0,0,0,0,0,0,0,0,0.8346449,1,0.9878638,0.8433397,0.8062679,0.7714564,0.7081951,0.6380154,0.7218552,0.7509955,0.6922629,0.626376,0.7353994,0.7565868,0.7055747,0.6278934,0.6257375,0,0,0,0,0,0,0,0,0,0,0,0,0,0,0,0,0.9333154,1,0.8953949,0.7489085,0.7602801,0,0.7928362,0.8294163,0.79505,0.7339309,0.6867747,0.6044227,0,0,0,0,0,0
0,0,0,0,0,0,0,0,0,0,0,0,0,0.64372,0.6650805,0.8148265,1,0.9862435,0.781181,0.7981411,0.7956091,0.7886179,0.7807672,0.7522787,0.7509853,0.8291417,0.8786033,0.8382987,0.6896855,0.677604,0,0.6565071,0.6932871,0,0,0,0,0,0,0,0,0,0,0,0,0,0,0.6815777,0.9432605,1,0.8944941,0.6149551,0.6356214,0.7540774,0.6413687,0.7571866,0.7629551,0.6266106,0.6246173,0.6668622,0.6463261,0.6556675,0.6484085,0.6455534,0.6472061,0
0,0,0,0,0,0,0,0,0,0,0,0,0,0,0,0.7739645,0.9981409,1,0.8200455,0.8561488,0.8476557,0.8234617,0.740734,0,0.7989381,0.8055073,0.8036873,0.7810431,0.7172441,0,0,0,0,0,0,0,0,0,0,0,0,0,0,0,0,0,0,0,0.9452394,1,0.8983614,0.7416446,0.7820117,0.7814129,0.7307403,0.7461365,0.7909295,0.7490493,0,0.7428073,0.7862701,0.7703976,0.7338708,0,0,0
0,0,0,0,0,0.6882192,0.7399484,0.8014076,0.8193465,0.7955933,0.8094246,0.775739,0.7861592,0.8119681,0.8131877,0.8799112,1,0.9758897,0.7552601,0.7019959,0,0,0,0,0,0,0,0,0,0,0,0,0,0,0,0,0,0,0,0,0,0,0,0,0,0.6840842,0.8034009,0.8429955,0.9415696,1,0.8919718,0.78547,0.6987548,0,0,0,0,0,0,0,0,0,0,0,0,0
0,0,0,0,0,0,0.6515267,0.7422681,0.8025746,0.8248613,0.8284594,0.8195026,0.8560537,0.8486018,0.857294,0.8244781,1,0.9837498,0.7435312,0,0,0,0,0,0,0,0,0,0,0,0,0,0,0,0,0,0,0,0,0,0,0.5985703,0.6395757,0.6931312,0.7222831,0.6929707,0.7815765,0.7801448,0.9495374,1,0.8733962,0.6758227,0,0,0,0,0,0,0,0,0,0,0,0,0,0
0,0,0,0,0,0,0,0,0,0,0,0,0.7737436,0.6867939,0.8135715,0.8789622,1,0.9852848,0.8198083,0.7776371,0.7682025,0.7096548,0.6628143,0,0,0,0,0,0,0,0,0,0,0,0,0,0,0,0,0,0,0,0,0,0,0.6171055,0.7173676,0.75839,0.9443247,1,0.8944097,0.6590105,0,0,0,0,0,0,0,0,0,0,0,0,0,0
0,0,0,0,0,0,0,0,0,0,0,0,0.666672,0.6818391,0.6982614,0.8218514,1,0.9822065,0.6755266,0.6483155,0.7044221,0.8102499,0.7695252,0.7086393,0.676446,0.6876485,0.6368048,0,0.6195449,0.5872384,0,0,0,0,0,0,0,0,0,0.5851091,0.6295646,0.6977866,0.721566,0.6637286,0.6110929,0.6465498,0.7078328,0.7665712,0.9305379,1,0.9243667,0.7981232,0.7441846,0.6774371,0.5845752,0.5967949,0,0,0,0,0,0,0,0,0,0
0,0,0,0,0,0,0,0,0,0,0,0,0.6584019,0.7244762,0.7753193,0.8090803,1,0.9871539,0.6082324,0.750425,0.7460219,0.7777419,0.7515512,0.7052373,0.5908028,0.6231266,0,0,0,0,0,0,0,0,0,0.669153,0.6755165,0.646424,0.6472953,0,0,0.7190562,0.754027,0.686504,0.6930438,0.6578633,0.6728503,0.6621957,0.9301748,1,0.8753532,0,0.5752718,0,0.6452593,0,0,0,0,0,0,0,0,0,0,0
0,0,0,0.6048568,0.7043483,0.7406121,0.7488732,0.74621,0.776441,0.8207273,0.8063313,0.7986563,0.7601112,0.7457089,0.703375,0.8177185,1,0.980916,0.73601,0.7144368,0.639232,0,0,0,0,0,0,0,0,0,0,0,0,0,0.7124618,0.7570007,0.6866666,0.6845857,0.7474003,0.7214813,0.6250986,0.6391352,0.6685113,0.6889412,0.6719269,0.5992152,0,0.6112278,0.934281,1,0.8846943,0,0,0,0,0,0,0,0,0,0,0,0,0,0,0
0,0,0,0,0,0,0,0,0.8201454,0.7276598,0.8012727,0,0,0,0,0.8041293,0.9977553,1,0.8425882,0,0,0,0,0,0,0,0,0,0,0,0,0,0,0,0,0,0,0,0.745679,0.7814066,0.7277875,0.7251287,0,0,0,0,0,0.738907,0.9582394,1,0.8694347,0,0,0,0,0,0,0,0,0,0,0,0,0,0,0
0,0,0,0,0,0,0.5548736,0.6514528,0.7362804,0.7991765,0.8207498,0.818965,0.7916319,0.7805045,0.7569314,0.8459398,1,0.9789107,0.7389659,0,0,0,0,0,0,0,0,0,0,0,0,0,0,0,0,0,0,0,0.5655581,0.626074,0.6690063,0.7130308,0.713896,0.7216539,0.7188564,0.6783171,0.6696956,0.6419868,0.9333566,1,0.8717389,0,0,0,0,0,0,0,0,0,0,0,0,0,0,0
0,0,0,0,0,0,0,0,0,0,0,0,0.6569727,0.7273372,0.7521995,0.7868108,1,0.9829862,0.7002386,0.7050138,0.7274013,0.7077808,0.6973636,0.6930162,0,0,0,0,0,0,0,0,0,0,0,0,0,0,0,0,0,0,0,0,0,0,0,0,0.9438875,1,0.8969609,0.6783873,0.6359842,0,0,0,0,0,0,0,0,0,0,0,0,0
0,0,0,0,0,0,0,0,0,0,0,0,0,0,0,0.8195506,1,0.98356,0.7678092,0.6514293,0.6764967,0.6249055,0.7601241,0.8076546,0.7246663,0.6900882,0.6801438,0,0,0,0,0,0,0,0,0,0,0,0,0,0,0,0,0,0,0,0,0.5725742,0.9285479,1,0.8853585,0.5902224,0,0.6597967,0.6633094,0.6815091,0.6523836,0.6592727,0.6979256,0.7351678,0.7327945,0.6894454,0.5903608,0,0,0
0,0,0,0,0,0,0,0,0,0,0,0,0,0,0.6027678,0.8043151,1,0.9779856,0.7158152,0.6176338,0.6492879,0.6103507,0.6941633,0.789248,0.8275923,0.7755054,0.7233733,0.6987734,0.6545317,0.5900831,0,0,0,0,0,0,0,0,0,0,0,0,0,0,0,0,0.5755547,0.6070201,0.9302896,1,0.8706222,0.613342,0.5840989,0,0.5786157,0,0,0,0.5777561,0.6734553,0.6471779,0.7302105,0.7466534,0.7705658,0.7340506,0.6848165
0,0,0,0,0,0,0,0,0,0,0,0,0,0.772593,0.7354225,0.867041,1,0.9857959,0.8301536,0,0.7197827,0.7206336,0.7202502,0.6941466,0.7143306,0.7277452,0,0,0,0,0,0,0,0,0,0,0,0,0,0,0,0,0,0,0,0,0,0.7930132,0.9567189,1,0.8884541,0.7112186,0,0,0.7035617,0,0,0.7180319,0.762475,0,0,0.7202004,0.7327137,0,0,0.6840314
0,0,0,0,0,0,0,0,0,0,0.7902488,0.8356481,0.8420448,0.7604969,0.7738227,0.8605888,1,0.9914879,0.8406772,0.7628507,0,0,0,0,0,0,0,0,0,0,0,0,0,0,0,0,0,0,0,0,0,0,0,0,0,0,0,0,0.9486953,1,0.8874646,0.8186766,0.7909561,0.7375215,0.7893857,0.8132543,0.7948341,0,0,0.7572678,0.7340596,0,0,0,0,0
0,0,0,0,0,0,0,0.7335674,0.7471965,0.7068035,0.7659909,0.8116974,0.7733306,0,0,0.8385631,1,0.9843518,0.7551134,0,0,0,0,0,0,0,0,0,0,0,0,0,0,0,0,0,0,0,0,0,0,0.6825078,0.6509898,0.7442443,0.8173977,0.8397417,0.8472762,0.8220461,0.9368497,1,0.8843089,0,0,0,0,0,0,0,0,0,0,0,0,0,0,0
0,0,0,0,0,0,0,0,0.7735871,0.8721308,0.8908643,0.8322477,0.7843198,0.7098914,0,0.8349229,1,0.9880905,0.7755081,0,0,0,0,0,0,0,0,0,0,0,0,0,0,0,0,0,0,0,0,0,0,0,0.7511035,0.8251956,0.8380982,0.7039573,0.7953606,0.761333,0.9518206,1,0.8873131,0,0,0,0,0,0,0,0,0,0,0,0,0,0,0
