GestureName: arrow
Duration(ms): 1410
Handedness: right

SpeakerAngles: 5
55
-55
0
0
110

SpeakerElevations: 5
-10
-10
-10
0
30

InterpretedPoints: 30
1.63468575993652,3.8059931662128,0.979055466999209
0.0141807944755501,2.50694428349962,0.305407289332279
5.68240297497007,1.76326717523658,1.63175911166535
2.4201218523348,4.69458756439087,-0.520944533000791
0,1,0
0,0,0
0,0,0
0,0,0
0.813797681349374,-0.296198132726024,0.5
-1.6134145682232,1.12972504292725,-0.347296355333861
0.827978475824924,4.21074615077359,0.805407289332278
-0.785436092398274,3.08102110784635,1.15270364466614
-0.799616886873824,3.81833466321343,-0.0209445330007911
-0.806707284111599,0.564862521463624,-0.17364817766693
-0.806707284111599,0.564862521463624,-0.17364817766693
0,0,0
0,0,0
0,1.98480775301221,-0.17364817766693
0.799616886873824,-2.80314241622564,0.194592710667721
-0.0141807944755501,-4.50694428349962,-0.305407289332279
0,0,0
1.6134145682232,-3.09934054895166,0.694592710667721
0,0,0
0,0,0
0,0,0
-0.806707284111599,-1.56486252146362,0.17364817766693
-2.42721224957257,-1.70380186727398,-0.5
-5.66822218049452,-11.1499771628224,-0.110814578664557
-1.62759536269875,-2.40760373454795,-1
-0.0212711917133253,-8.76041642524942,-0.458110933998418

StrokePoints: 31
0,0,0
1.63468575993652,3.8059931662128,0.979055466999209
1.64886655441207,6.31293744971241,1.28446275633149
7.33126952938214,8.076204624949,2.91622186799684
9.75139138171693,12.7707921893399,2.39527733499604
9.75139138171693,13.7707921893399,2.39527733499604
9.75139138171693,13.7707921893399,2.39527733499604
9.75139138171693,13.7707921893399,2.39527733499604
9.75139138171693,13.7707921893399,2.39527733499604
10.5651890630663,13.4745940566138,2.89527733499604
8.95177449484311,14.6043190995411,2.54798097966218
9.77975297066804,18.8150652503147,3.35338826899446
8.99431687826976,21.896086358161,4.5060919136606
8.19469999139594,25.7144210213745,4.48514738065981
7.38799270728434,26.2792835428381,4.31149920299288
6.58128542317274,26.8441460643017,4.13785102532595
6.58128542317274,26.8441460643017,4.13785102532595
6.58128542317274,26.8441460643017,4.13785102532595
6.58128542317274,28.8289538173139,3.96420284765902
7.38090231004656,26.0258114010883,4.15879555832674
7.36672151557101,21.5188671175887,3.85338826899446
7.36672151557101,21.5188671175887,3.85338826899446
8.98013608379421,18.419526568637,4.54798097966218
8.98013608379421,18.419526568637,4.54798097966218
8.98013608379421,18.419526568637,4.54798097966218
8.98013608379421,18.419526568637,4.54798097966218
8.17342879968261,16.8546640471734,4.72162915732911
5.74621655011004,15.1508621798994,4.22162915732911
0.0779943696155234,4.00088501707698,4.11081457866456
-1.54960099308322,1.59328128252902,3.11081457866456
-1.57087218479655,-7.1671351427204,2.65270364466614

Velocities: 30
1,2,0
0,2,2
3,1,1
3,0,0
0,0,0
0,0,0
0,0,0
0,0,0
0,0,0
0,2,0
0,2,2
-2,2,2
0,2,1
0,1,0
0,1,0
0,0,0
0,0,0
0,0,1
0,-2,-2
0,-2,-2
0,0,0
0,-2,-2
0,0,0
0,0,0
0,0,0
-1,0,0
-1,1,0
-3,1,-6
0,0,0
0,-3,-3

InverseVelocities: 30
0,0,0
0,0,0
0,0,0
0,0,0
0,0,0
0,0,0
0,0,0
0,0,0
0,0,0
0,0,0
0,0,-1
0,0,-2
0,0,0
0,0,0
0,0,0
0,0,0
0,0,0
0,0,-1
0,0,0
0,0,0
0,0,0
0,0,0
0,0,0
0,0,0
0,0,0
0,0,0
0,0,0
0,-1,1
0,0,0
0,0,0

RawData: 30
0,0,0,0,0,0,0,0,0,0,0,0,0,0,0,0.9230188,1,0.9007483,0,0,0.6810957,0,0,0,0,0,0,0,0,0,0,0,0,0,0,0,0,0,0,0,0,0,0,0,0,0,0,0.8290358,0.8857342,1,0.9729425,0.8482049,0.909807,0.9014189,0.8414381,0,0,0,0,0,0,0,0,0,0,0,0,0,0,0,0,0,0,0,0,0,0,0,0,0,0.6700875,0.9543124,1,0.8672728,0,0,0,0,0,0,0,0,0,0,0,0,0,0,0,0,0,0,0,0,0,0,0,0,0,0,0,0,0,0,0.8614777,1,0.9565334,0.7531992,0.7452518,0.7574203,0.7655272,0.6969608,0,0,0,0,0,0,0,0,0,0,0,0,0,0,0,0,0,0,0,0,0,0,0,0,0,0,0,0.8997335,0,1,0.9979548,0.9763344,0.8647669,0,0,0,0,0,0,0,0,0,0
0,0,0,0,0,0,0,0,0,0,0,0,0,0,0,0.9218804,1,0.874492,0,0,0,0,0,0,0,0,0,0,0,0,0,0,0,0,0,0,0,0,0,0,0,0,0,0,0,0,0.7848023,0.7435669,0.7285669,1,0.99412,0,0.8518909,0.8616697,0.755058,0,0,0,0,0,0,0,0,0,0,0,0,0,0,0,0,0,0,0,0,0,0,0,0,0.625469,0.6725371,0.9479892,1,0.8734135,0.7013291,0.6452151,0.598478,0.5893588,0,0,0,0,0,0,0,0,0,0,0,0,0,0,0,0,0,0,0,0,0,0,0,0,0,0.6160919,0.8846115,1,0.9276605,0.6575108,0,0,0,0,0,0,0,0,0,0,0,0,0,0,0,0,0,0,0,0,0,0,0,0,0,0,0,0,0,0,0.9233869,1,0.862348,0.867075,0.8593444,0.8269689,0,0,0,0,0,0,0,0,0,0,0
0,0,0,0,0,0,0,0,0,0,0,0,0,0,0,0.9189255,1,0.8921582,0.6524508,0,0.6902338,0.6382919,0.6471141,0,0,0,0,0,0,0,0,0,0,0,0,0,0,0,0,0,0,0,0,0,0,0,0.7289058,0.7516642,0.8984642,1,0.8508975,0.8304816,0.8669407,0.7399442,0,0,0,0,0,0,0,0,0,0,0,0,0,0,0,0,0,0,0,0,0,0,0,0,0,0.6381729,0.6891813,0.9375372,1,0.8656341,0.6926873,0.6533484,0.6017556,0,0,0,0,0,0,0,0,0,0,0,0,0,0,0,0,0,0,0,0,0,0,0,0,0,0.6367254,0.7371004,0.9030622,1,0.9488382,0.6678899,0.6207443,0,0,0,0,0,0,0,0,0,0,0,0,0,0,0,0,0,0,0,0,0,0,0,0,0,0,0,0,0,1,0.943988,0.930979,0.8899207,0.8541601,0.7939265,0,0.7763908,0.7713709,0,0,0,0,0,0,0,0
0,0,0,0,0,0,0,0,0,0,0,0,0,0,0,0.9394453,1,0.8835467,0,0.6939234,0.7181044,0.6976385,0.6783544,0,0,0,0,0,0,0,0,0,0,0,0,0,0,0,0,0,0,0,0,0,0,0,0.7732695,0.8057294,0.8069405,1,0.972515,0.8113581,0,0,0,0,0,0,0,0,0,0,0,0,0,0,0,0,0,0,0,0,0,0,0,0,0,0,0,0,0.6782382,0.9587536,1,0.8758337,0,0.6674541,0,0,0,0,0,0,0,0,0,0,0,0,0,0,0,0,0,0,0,0,0,0,0,0,0,0,0,0.7209882,0.8460079,1,0.9585482,0.6982105,0.7096853,0,0.6837869,0.6974167,0,0,0,0,0,0,0,0,0,0,0,0,0,0,0,0,0,0,0,0,0,0,0,0.7691647,0.8130497,0.8370855,0.9702883,1,0.8467153,0,0,0,0,0,0,0,0,0,0,0,0,0,0
0,0,0,0,0,0,0,0,0,0,0,0,0,0,0,0.9099212,1,0.9252833,0.7958115,0.6938039,0,0,0,0,0,0,0,0,0,0,0,0,0,0,0,0,0,0,0,0,0,0,0,0,0,0,0.8120165,0.8539739,0.8816662,1,0.9677699,0,0,0,0,0,0,0,0,0,0,0,0,0,0,0,0,0,0,0,0,0,0,0,0,0,0,0,0,0,0,0.9524481,1,0.87292,0.6839257,0.6533067,0,0,0,0,0,0,0,0,0,0,0,0,0,0,0,0,0,0,0,0,0,0,0,0,0,0,0,0,0.8566597,1,0.9606756,0.7226944,0.7347066,0.712141,0,0,0,0,0,0,0,0,0,0,0,0,0,0,0,0,0,0,0,0,0,0,0,0,0,0,0,0,0.9834929,1,0.8383095,0.8098456,0,0,0,0,0,0,0,0,0,0,0,0,0
0,0,0,0,0,0,0,0,0,0,0,0,0,0,0.6663861,0.9427395,1,0.8561687,0,0,0,0,0,0,0,0,0,0,0,0,0,0,0,0,0,0,0,0,0,0,0,0,0,0,0,0,0,0.8643514,0.8775892,1,0.9893048,0,0,0,0,0,0,0,0,0,0,0,0,0,0,0,0,0,0,0,0,0,0,0,0,0,0,0,0,0,0.6923372,0.9528229,1,0.8760906,0,0,0,0,0,0,0,0,0,0,0,0,0,0,0,0,0,0,0,0,0,0,0,0,0,0,0,0,0,0,0.8603858,1,0.9601225,0.7182759,0,0,0,0,0,0,0,0,0,0,0,0,0,0,0,0,0,0,0,0,0,0,0,0,0,0,0,0,0,0,0.9968357,1,0,0,0,0,0,0,0,0,0,0,0,0,0,0,0
0,0,0,0,0,0,0,0,0,0,0,0,0,0,0,0.9324813,1,0.8967016,0,0,0,0,0,0,0,0,0,0,0,0,0,0,0,0,0,0,0,0,0,0,0,0,0,0,0,0,0,0,0.8714023,1,0.9797923,0,0,0,0,0,0,0,0,0,0,0,0,0,0,0,0,0,0,0,0,0,0,0,0,0,0,0,0,0,0.6751638,0.9490771,1,0.8848255,0,0,0,0,0,0,0,0,0,0,0,0,0,0,0,0,0,0,0,0,0,0,0,0,0,0,0,0,0,0,0.8808128,1,0.9548799,0,0,0,0,0,0,0,0,0,0,0,0,0,0,0,0,0,0,0,0,0,0,0,0,0,0,0,0,0,0,0,0.892561,1,0.8632686,0,0,0,0,0,0,0,0,0,0,0,0,0,0
0,0,0,0,0,0,0,0,0,0,0,0,0,0,0,0.8917735,1,0.9271441,0.6829745,0,0,0,0,0,0,0,0,0,0,0,0,0,0,0,0,0,0,0,0,0,0,0,0,0,0,0,0,0,0.8000907,1,0.9643129,0,0,0,0,0,0,0,0,0,0,0,0,0,0,0,0,0,0,0,0,0,0,0,0,0,0,0,0,0,0,0.9393258,1,0.8735517,0.6969658,0,0,0,0,0,0,0,0,0,0,0,0,0,0,0,0,0,0,0,0,0,0,0,0,0,0,0,0,0,0.8435363,1,0.9512894,0.7520688,0.687983,0,0,0,0,0,0,0,0,0,0,0,0,0,0,0,0,0,0,0,0,0,0,0,0,0,0,0,0,0,0.9372574,1,0.8157867,0.8012853,0,0,0,0,0,0,0,0,0,0,0,0,0
0,0,0,0,0,0,0,0,0,0,0,0,0,0,0.6902945,0.8955014,1,0.9191541,0.666672,0,0,0,0,0,0,0,0,0,0,0,0,0,0,0,0,0,0,0,0,0,0,0,0,0,0,0,0,0,0,1,0.8966541,0.9004593,0.7958719,0,0,0,0,0,0,0,0,0,0,0,0,0,0,0,0,0,0,0,0,0,0,0,0,0,0,0,0.6892295,0.930803,1,0.9175451,0.7134669,0.6200634,0,0,0,0,0,0,0,0,0,0,0,0,0,0,0,0,0,0,0,0,0,0,0,0,0,0,0,0,0.8509746,1,0.9707488,0.7277554,0,0,0,0,0,0,0,0,0,0,0,0,0,0,0,0,0,0,0,0,0,0,0,0,0,0,0,0,0,0,0.9307214,1,0.8781577,0.725627,0.7473403,0,0,0,0,0,0,0,0,0,0,0,0
0,0,0,0,0,0,0,0,0,0,0,0,0,0,0,0.9237052,1,0.915188,0,0,0,0,0,0,0,0,0,0,0,0,0,0,0,0,0,0,0,0,0,0,0,0,0,0,0,0,0,0,0,0.9672692,1,0.9322012,0,0.9079871,0.8943696,0,0,0,0,0,0,0,0,0,0,0,0,0,0,0,0,0,0,0,0,0,0,0,0,0,0,0.9189957,1,0.8999112,0,0,0,0,0,0,0,0,0,0,0,0,0,0,0,0,0,0,0,0,0,0,0,0,0,0,0,0,0,0,0.8445512,1,0.9864122,0.8257864,0.74475,0,0,0,0,0,0,0,0,0,0,0,0,0,0,0,0,0,0,0,0,0,0,0,0,0,0,0,0,0,0.9754441,1,0.813263,0,0,0,0,0,0,0,0,0,0,0,0,0,0
0,0,0,0,0,0,0,0,0,0,0,0,0,0,0,0.9031385,1,0.8907953,0.7586909,0,0,0,0,0,0,0,0,0,0,0,0,0,0,0,0,0,0,0,0,0,0,0,0,0,0,0,0,0,0,0.9954636,0.9904574,1,0.9760149,0.940393,0.9736832,0,0,0,0,0,0,0,0,0,0,0,0,0,0,0,0,0,0,0,0,0,0,0,0.6068416,0.6590587,0.6687115,0.9292418,1,0.8950311,0.7248277,0.7132646,0.6490152,0.616579,0,0,0,0,0,0,0,0,0,0,0,0,0,0,0,0,0,0,0,0,0,0,0,0.7146991,0.7287294,0.7523915,0.8576453,1,0.9714261,0.676937,0.7310223,0.7214937,0.6580937,0,0,0,0,0,0,0,0,0,0,0,0,0,0,0,0,0,0,0,0,0,0,0,0,0.7745805,0.7269931,0.7382917,0.8649363,1,0.9142221,0.8108012,0.8111275,0.8435335,0.8146827,0,0,0,0,0,0,0,0,0,0
0,0,0,0,0,0,0,0,0,0,0,0.6736425,0.6611134,0,0,0.8838131,1,0.9302177,0.6844623,0,0,0,0,0,0,0,0,0,0,0,0,0,0,0,0,0,0,0,0,0,0,0,0,0,0,0,0,0,0.7451575,0.8858914,0.9672322,0.8970323,0.9554624,1,0.9335545,0,0,0,0,0,0,0,0,0,0,0,0,0,0,0,0,0,0,0,0,0,0,0.6034026,0.6389823,0,0.6731572,0.9328434,1,0.8910035,0.585808,0.6106832,0.6711143,0.5807564,0,0,0,0,0,0,0,0,0,0,0,0,0,0,0,0,0,0,0,0,0,0,0,0.6146461,0.6761119,0.6676179,0.8389212,1,0.9775597,0.7202431,0.7339277,0,0.6046038,0,0,0,0,0,0,0,0,0,0,0,0,0,0,0,0,0,0,0,0,0,0,0,0,0.7226937,0,0.8375437,0.9714398,1,0,0.8633888,0.8459566,0.834409,0.8016707,0,0,0,0,0,0,0,0,0,0
0,0,0,0,0,0,0,0,0,0,0,0,0,0,0,0.9119756,1,0.9107163,0,0,0,0,0,0,0,0,0,0,0,0,0,0,0,0,0,0,0,0,0,0,0,0,0,0,0,0,0,0,0.8276562,1,0.987988,0.8042735,0.9236636,0.9411706,0.7811168,0,0,0,0,0,0,0,0,0,0,0,0,0,0,0,0,0,0,0,0,0,0,0,0,0.5853568,0.6578939,0.9335201,1,0.9022419,0.603719,0.6332766,0.6173347,0,0,0,0,0,0,0,0,0,0,0,0,0,0,0,0,0,0,0,0,0,0,0,0,0.6676247,0.7519477,0.6705014,0.8548179,1,0.9691901,0.7991799,0.7849998,0.6899099,0.6258088,0,0,0,0,0,0,0,0,0,0,0,0,0,0,0,0,0,0,0,0,0,0,0,0,0,0.8381977,0.8001316,0.7247164,0,0.9952043,1,0.8670855,0,0,0,0,0,0,0,0,0,0,0,0
0,0,0,0,0,0,0,0,0,0,0,0,0,0,0,0.9023973,1,0.9066659,0,0,0,0,0,0,0,0,0,0,0,0,0,0,0,0,0,0,0,0,0,0,0,0,0,0,0,0,0,0,0.7851348,0.9973596,1,0.9644735,0.9254572,0.7570551,0,0,0,0,0,0,0,0,0,0,0,0,0,0,0,0,0,0,0,0,0,0,0,0,0,0,0.6451674,0.9333586,1,0.8484126,0.7507745,0.6198573,0,0,0,0,0,0,0,0,0,0,0,0,0,0,0,0,0,0,0,0,0,0,0,0,0,0,0.6403911,0.6876873,0.8111086,1,0.973147,0.7423856,0.6823211,0,0,0,0,0,0,0,0,0,0,0,0,0,0,0,0,0,0,0,0,0,0,0,0,0,0,0,0.6956083,0.7160602,0.8578812,1,0.9846867,0.7987309,0,0,0,0,0,0,0,0,0,0,0,0,0
0,0,0,0,0,0,0,0,0,0,0,0,0,0,0,0.8832027,1,0.9136104,0,0,0,0,0,0,0,0,0,0,0,0,0,0,0,0,0,0,0,0,0,0,0,0,0,0,0,0,0,0,0.6594668,0.9632958,1,0.7975915,0.787366,0.6591863,0,0,0,0,0,0,0,0,0,0,0,0,0,0,0,0,0,0,0,0,0,0,0,0,0,0,0.5581468,0.9282472,1,0.9093215,0.636232,0,0,0,0,0,0,0,0,0,0,0,0,0,0,0,0,0,0,0,0,0,0,0,0,0,0,0,0,0,0.8099014,1,0.9724673,0.6784748,0,0,0,0,0,0,0,0,0,0,0,0,0,0,0,0,0,0,0,0,0,0,0,0,0,0,0,0,0,0,0.9218602,1,0.813505,0,0,0,0,0,0,0,0,0,0,0,0,0,0
0,0,0,0,0,0,0,0,0,0,0,0,0,0,0,0.9102609,1,0.9156847,0,0,0,0,0,0,0,0,0,0,0,0,0,0,0,0,0,0,0,0,0,0,0,0,0,0,0,0,0,0,0.8637856,1,0.9878849,0.8070014,0,0,0,0,0,0,0,0,0,0,0,0,0,0,0,0,0,0,0,0,0,0,0,0,0,0,0,0,0,0.9400654,1,0.899793,0,0,0,0,0,0,0,0,0,0,0,0,0,0,0,0,0,0,0,0,0,0,0,0,0,0,0,0,0,0,0.8315857,1,0.9741908,0.7289497,0,0,0,0,0,0,0,0,0,0,0,0,0,0,0,0,0,0,0,0,0,0,0,0,0,0,0,0,0,0,0.9623597,1,0.8622027,0,0,0,0,0,0,0,0,0,0,0,0,0,0
0,0,0,0,0,0,0,0,0,0,0,0,0,0,0,0.9296929,1,0.8902084,0,0,0,0,0,0,0,0,0,0,0,0,0,0,0,0,0,0,0,0,0,0,0,0,0,0,0,0,0,0.8930297,0.9308175,1,0.9575183,0,0,0,0,0,0,0,0,0,0,0,0,0,0,0,0,0,0,0,0,0,0,0,0,0,0,0,0,0,0.7717874,0.9471038,1,0.8874385,0.6904323,0,0,0,0,0,0,0,0,0,0,0,0,0,0,0,0,0,0,0,0,0,0,0,0,0,0,0,0,0,0.8925385,1,0.9637145,0.7650276,0.7108344,0,0,0,0,0,0,0,0,0,0,0,0,0,0,0,0,0,0,0,0,0,0,0,0,0,0,0,0,0.7908419,0.9886041,1,0.8036325,0,0,0,0,0,0,0,0,0,0,0,0,0,0
0,0,0,0,0,0,0,0,0,0,0,0,0,0,0,0.9352763,1,0.8976463,0,0,0,0,0,0,0,0,0,0,0,0,0,0,0,0,0,0,0,0,0,0,0,0,0,0,0,0,0.8754025,0.9160872,0,1,0.9679134,0,0,0,0,0,0,0,0,0,0,0,0,0,0,0,0,0,0,0,0,0,0,0,0,0,0,0,0.7026629,0.739159,0.7527444,0.9557323,1,0.881901,0,0.6662824,0.6359586,0,0,0,0,0,0,0,0,0,0,0,0,0,0,0,0,0,0,0,0,0,0,0,0,0,0.7198735,0.8160979,0.8713428,1,0.9575347,0,0.7174923,0.6959968,0,0,0,0,0,0,0,0,0,0,0,0,0,0,0,0,0,0,0,0,0,0,0,0,0,0.804064,0.8660447,0.9272739,1,0.9889852,0.8612159,0.7812731,0,0,0,0,0,0,0,0,0,0,0,0,0
0,0,0,0,0,0,0,0,0,0,0,0,0,0,0,0.9374609,1,0.8693339,0.6626483,0,0,0,0,0,0,0,0,0,0,0,0,0,0,0,0,0,0,0,0,0,0,0,0,0,0.7511152,0.9435254,0.9868363,0.9455328,0.8984991,1,0.9749837,0.7471951,0,0,0,0,0,0,0,0,0,0,0,0,0,0,0,0,0,0,0,0,0,0,0,0,0,0.6067333,0.7302172,0.7271626,0.7516828,0.9574721,1,0.8677468,0.6298635,0.666476,0,0,0,0,0,0,0,0,0,0,0,0,0,0,0,0,0,0,0,0,0,0,0,0,0,0,0,0,0.8555011,1,0.962938,0.7856523,0.6376397,0,0,0,0,0,0,0,0,0,0,0,0,0,0,0,0,0,0,0,0,0,0,0,0,0,0.904146,0.9266969,0.8284555,0.9000678,0.9704403,1,0.7995606,0.8402041,0,0,0,0,0,0,0,0,0,0,0,0,0
0,0,0,0,0,0,0,0,0,0,0,0,0,0,0.7403861,0.9198672,1,0.9307827,0.7770882,0,0,0,0,0,0,0,0,0,0,0,0,0,0,0,0,0,0,0,0,0,0,0,0,0,0.7962685,0.8934633,0.8193535,0.7782505,0.8267564,1,0.960222,0.75541,0,0,0,0,0,0,0,0,0,0,0,0,0,0,0,0,0,0,0,0,0,0,0,0,0,0.7202032,0.6689679,0.7133755,0.7288637,0.9563915,1,0.8591875,0.7115842,0,0,0,0,0,0,0,0,0,0,0,0,0,0,0,0,0,0,0,0,0,0,0,0,0,0.7388487,0.7479398,0.7532003,0.7160622,0.9112527,1,0.8492565,0.847025,0.7203221,0.7201275,0,0,0,0,0,0,0,0,0,0,0,0,0,0,0,0,0,0,0,0,0,0,0,0.8018178,0.8169318,0,0,0.8519149,0.9783166,1,0.8084732,0.7872694,0,0,0,0,0,0,0,0,0,0,0,0,0
0,0,0,0,0,0,0,0,0,0,0,0,0,0,0.9054243,0.9828159,1,0,0,0,0,0,0,0,0,0,0,0,0,0,0,0,0,0,0,0,0,0,0,0,0,0,0,0,0,0,0,0,0,1,0.9425745,0,0,0,0,0,0,0,0,0,0,0,0,0,0,0,0,0,0,0,0,0,0,0,0,0,0,0,0,0,0.8193674,0.969436,1,0.8835572,0,0,0,0,0,0,0,0,0,0,0,0,0,0,0,0,0,0,0,0,0,0,0,0,0,0,0,0,0,0,0.8576528,1,0.9930127,0.8793228,0,0,0,0,0,0,0,0,0,0,0,0,0,0,0,0,0,0,0,0,0,0,0,0,0,0,0,0,0,0,0.9530971,1,0,0,0,0,0,0,0,0,0,0,0,0,0,0,0
0,0,0,0,0,0,0,0,0,0,0,0,0,0.7412534,0.7430172,0.9388359,1,0.8679447,0,0,0,0,0,0,0,0,0,0,0,0,0,0,0,0,0,0,0,0,0,0,0,0,0,0,0.7536596,0.7901987,0.7866617,0.784433,0.8758385,1,0.9261657,0,0,0,0,0,0,0,0,0,0,0,0,0,0,0,0,0,0,0,0,0,0,0,0,0,0,0.6589093,0.7026896,0.7220411,0.7261723,0.9533403,1,0.8729563,0,0,0,0,0,0,0,0,0,0,0,0,0,0,0,0,0,0,0,0,0,0,0,0,0,0,0,0,0.6643153,0.7278128,0.841646,1,0.962657,0.7432401,0.6605294,0,0,0,0,0,0,0,0,0,0,0,0,0,0,0,0,0,0,0,0,0,0,0,0,0,0,0.8420636,0.853088,0.7358307,0.8869283,1,0.903519,0,0,0,0,0,0,0,0,0,0,0,0,0,0
0,0,0,0,0,0,0,0,0,0,0,0,0,0,0.8046265,0.9461353,1,0.8930218,0,0,0,0,0,0,0,0,0,0,0,0,0,0,0,0,0,0,0,0,0,0,0,0,0,0,0,0,0.8293241,0.844775,0.7966742,1,0.9718288,0,0,0,0,0,0,0,0,0,0,0,0,0,0,0,0,0,0,0,0,0,0,0,0,0,0,0,0,0,0.6983652,0.9437675,1,0.8740556,0,0,0,0,0,0,0,0,0,0,0,0,0,0,0,0,0,0,0,0,0,0,0,0,0,0,0,0,0,0.6712164,0.889176,1,0.9484216,0,0,0,0,0,0,0,0,0,0,0,0,0,0,0,0,0,0,0,0,0,0,0,0,0,0,0,0,0.7389604,0.8383147,0.8912203,1,0.9900509,0.7728621,0,0,0,0,0,0,0,0,0,0,0,0,0,0
0,0,0,0,0,0,0,0,0,0,0,0,0,0.7265754,0.8918983,0.8203895,1,0.8866321,0,0,0,0,0,0,0,0,0,0,0,0,0,0,0,0,0,0,0,0,0,0,0,0,0,0,0,0,0.6992037,0.8081674,0.80379,1,0.9756527,0.7259631,0,0,0,0,0,0,0,0,0,0,0,0,0,0,0,0,0,0,0,0,0,0,0,0,0,0,0,0,0.7310252,0.9505121,1,0.8676407,0,0,0,0,0,0,0,0,0,0,0,0,0,0,0,0,0,0,0,0,0,0,0,0,0,0,0,0,0.6594251,0.799135,0.9164047,1,0.9436204,0.6124743,0,0,0,0,0,0,0,0,0,0,0,0,0,0,0,0,0,0,0,0,0,0,0,0,0,0,0,0,0.7559929,0.7594917,0.9581057,1,0.8117623,0,0,0,0,0,0,0,0,0,0,0,0,0,0
0,0,0,0,0,0,0,0,0,0,0,0,0,0.7069771,0.8716571,0.9364989,1,0.8863347,0,0,0,0,0,0,0,0,0,0,0,0,0,0,0,0,0,0,0,0,0,0,0,0,0,0,0,0,0,0,0.7964564,1,0.9641968,0,0,0,0,0,0,0,0,0,0,0,0,0,0,0,0,0,0,0,0,0,0,0,0,0,0,0,0,0.6876608,0.8178455,0.9675423,1,0.8735465,0,0,0,0,0,0,0,0,0,0,0,0,0,0,0,0,0,0,0,0,0,0,0,0,0,0,0,0,0.6843462,0.7744806,0.8552322,1,0.9444712,0,0,0,0,0,0,0,0,0,0,0,0,0,0,0,0,0,0,0,0,0,0,0,0,0,0,0,0,0,0.7691921,0.8748573,0.8946984,1,0.8702137,0,0,0,0,0,0,0,0,0,0,0,0,0,0
0,0,0,0,0,0,0,0,0,0,0,0,0.7497826,0.7728395,0.6533532,0.9230066,1,0.9072328,0,0,0,0,0,0,0,0,0,0,0,0,0,0,0,0,0,0,0,0,0,0,0,0,0,0,0,0,0,0.7447817,0.859163,1,0.9888633,0.8623393,0.7458711,0,0,0,0,0,0,0,0,0,0,0,0,0,0,0,0,0,0,0,0,0,0,0,0,0,0,0.6613899,0.6792139,0.9436328,1,0.8691932,0,0,0,0,0,0,0,0,0,0,0,0,0,0,0,0,0,0,0,0,0,0,0,0,0,0,0,0.6217184,0.7110953,0.7342982,0.8556765,1,0.9505582,0.6704141,0,0,0,0,0,0,0,0,0,0,0,0,0,0,0,0,0,0,0,0,0,0,0,0,0,0,0,0.8053007,0.9543093,0.9198037,0.9887153,1,0.8319982,0.8160344,0,0,0,0,0,0,0,0,0,0,0,0,0
0,0,0,0,0,0,0,0,0,0,0,0,0.7955852,0.8334103,0.8326423,0.9421749,1,0.8912745,0,0,0,0,0,0,0,0,0,0,0,0,0,0,0,0,0,0,0,0,0,0,0,0,0,0,0,0,0,0,0.8893989,1,0.9683284,0.8268318,0.8586853,0.8009138,0,0,0,0,0,0,0,0,0,0,0,0,0,0,0,0,0,0,0,0,0,0,0,0,0,0,0,0.9552073,1,0.8858569,0,0,0,0,0,0,0,0,0,0,0,0,0,0,0,0,0,0,0,0,0,0,0,0,0,0,0.7467264,0.7810231,0.7629042,0.6950966,0.8772005,1,0.9510521,0,0,0,0,0,0,0,0,0,0,0,0,0,0,0,0,0,0,0,0,0,0,0,0,0,0,0,0.8012077,0.8778005,0.857394,0,0.963729,1,0.8356131,0,0,0,0,0,0,0,0,0,0,0,0,0,0
0,0,0,0,0,0,0,0,0,0,0.7251891,0.7416508,0.7338449,0.7637326,0.7382054,0.9300585,1,0.8970511,0,0,0,0,0,0,0,0,0,0,0,0,0,0,0,0,0,0,0,0,0,0,0,0,0,0,0,0.7779058,0.7349304,0.7988033,0.8870451,1,0.9761946,0.8167803,0,0.839481,0,0,0,0,0,0,0,0,0,0,0,0,0,0,0,0,0,0,0,0.6360132,0.6286138,0.6339542,0.674287,0.6881484,0,0.6218446,0.6915692,0.9545497,1,0.8713077,0,0.6514917,0.6394063,0,0,0,0,0,0,0,0,0,0,0,0,0,0,0,0,0,0,0,0,0.6532087,0.6851034,0,0.6481066,0.6261554,0.7605584,0.6683703,0.8754107,1,0.953721,0.7245416,0,0.6722682,0.6295733,0,0,0,0,0,0,0,0,0,0,0,0,0,0,0,0,0,0,0,0,0,0.7778519,0.7612337,0,0.818513,0,0.8809802,0.9973662,1,0.8248295,0,0.7556445,0.758015,0,0,0,0,0,0,0,0,0,0,0
0,0,0,0,0,0,0,0,0,0,0,0,0,0,0,0.9233285,1,0.8924683,0,0,0,0,0,0,0,0,0,0,0,0,0,0,0,0,0,0,0,0,0,0,0,0,0,0,0,0,0,0.8259017,0.872798,1,0.9688421,0,0,0,0,0,0,0,0,0,0,0,0,0,0,0,0,0,0,0,0,0,0,0,0,0,0,0,0,0,0,0.9555034,1,0.8703379,0,0,0,0,0,0,0,0,0,0,0,0,0,0,0,0,0,0,0,0,0,0,0,0,0,0.7185054,0.7642385,0.7359538,0,0,0.879806,1,0.9495208,0,0,0,0,0,0,0,0,0,0,0,0,0,0,0,0,0,0,0,0,0,0,0,0,0,0,0.8609905,0.8277962,0,0.8766483,0.8526627,0.9629304,1,0.8215824,0,0,0,0,0,0,0,0,0,0,0,0,0,0
0,0,0,0,0,0,0,0,0,0,0,0,0,0,0,0.9013761,1,0.9222226,0,0,0,0,0,0,0,0,0,0,0,0,0,0,0,0,0,0,0,0,0,0,0,0,0,0.7876385,0.8065475,0,0,0,0.833753,1,0.9944279,0.7656315,0,0,0,0,0,0,0,0,0,0,0,0,0,0,0,0,0,0,0,0,0,0,0,0,0.6545002,0.6479469,0.6189178,0,0.6125432,0.9312232,1,0.9043876,0,0,0,0,0,0,0,0,0,0,0,0,0,0,0,0,0,0,0,0,0,0,0,0.6501706,0.645787,0.7064787,0.7053408,0.6651616,0.7097813,0,0.843101,1,0.9815371,0.7751855,0,0,0,0,0,0,0,0,0,0,0,0,0,0,0,0,0,0,0,0,0,0,0,0,0.8024321,0.8776624,0.8437029,0.8944352,0.8477196,0.8507298,0.9793862,1,0.8903654,0.7956626,0.7777359,0,0,0,0,0,0,0,0,0,0,0,0
