GestureName: double_arch
Duration(ms): 1410
Handedness: right

SpeakerAngles: 5
55
-55
0
0
110

SpeakerElevations: 5
-10
-10
-10
0
30

InterpretedPoints: 30
0,0,0
-1.62759536269875,-4.36202699358458,-0.479055466999209
-2.44139304404812,-8.32527894671305,-0.284462756331487
-0.813797681349374,-8.77275792225005,0.541889066001582
-1.62050496546097,-4.23827989476202,0.0209445330007911
0,-1.98480775301221,0.17364817766693
0.835068873062699,-4.73446280537993,2.34729635533386
-0.799616886873824,-5.39553868167769,1.19459271066772
0.00709039723777505,-2.84586840720186,0.847296355333861
0,0,0
0,0,0
0.813797681349374,0.703801867273976,0.5
0.813797681349374,5.93286745915289,-0.541889066001582
3.24810032815972,5.77560867223722,0.631759111665348
7.28163674871771,2.9512960649191,1.5
6.47492946460611,2.51615858638272,1.32635182233307
4.84733410190737,-0.00597794410468661,0.847296355333861
2.42721224957257,-3.3803464346899,1.36824088833465
2.42721224957257,-6.3803464346899,1.36824088833465
-0.0141807944755501,-5.49175203651182,-0.131759111665348
1.59923377374765,-5.49175203651182,-0.131759111665348
-0.00709039723777505,-2.23827989476202,0.0209445330007911
0.806707284111599,3.41994523154858,0
0,0,0
4.85442449914514,6.62147707943907,-0.215537243668512
1.62759536269875,1.40760373454795,1
2.43430264681035,0.972466256011576,0.82635182233307
0,0,0
0,0,0
0,0,0

StrokePoints: 31
0,0,0
0,0,0
-1.62759536269875,-4.36202699358458,-0.479055466999209
-4.06898840674687,-12.6873059402976,-0.763518223330696
-4.88278608809624,-21.4600638625477,-0.221629157329114
-6.50329105355721,-25.6983437573097,-0.200684624328323
-6.50329105355721,-27.6831515103219,-0.0270364466613928
-5.66822218049452,-32.4176143157018,2.32025990867247
-6.46783906736834,-37.8131529973795,3.51485261934019
-6.46074867013056,-40.6590214045814,4.36214897467405
-6.46074867013056,-40.6590214045814,4.36214897467405
-6.46074867013056,-40.6590214045814,4.36214897467405
-5.64695098878119,-39.9552195373074,4.86214897467405
-4.83315330743182,-34.0223520781545,4.32025990867247
-1.5850529792721,-28.2467434059173,4.95201902033781
5.69658376944562,-25.2954473409982,6.45201902033781
12.1715132340517,-22.7792887546155,7.77837084267088
17.0188473359591,-22.7852666987202,8.62566719800475
19.4460595855317,-26.1656131334101,9.9939080863394
21.8732718351042,-32.5459595680999,11.362148974674
21.8590910406287,-38.0377116046118,11.2303898630087
23.4583248143763,-43.5294636411236,11.0986307513434
23.4512344171386,-45.7677435358856,11.1195752843441
24.2579417012502,-42.347798304337,11.1195752843441
24.2579417012502,-42.347798304337,11.1195752843441
29.1123662003953,-35.726321224898,10.9040380406756
30.7399615630941,-34.31871749035,11.9040380406756
33.1742642099044,-33.3462512343384,12.7303898630087
33.1742642099044,-33.3462512343384,12.7303898630087
33.1742642099044,-33.3462512343384,12.7303898630087
33.1742642099044,-33.3462512343384,12.7303898630087

Velocities: 30
0,0,0
0,0,-3
-2,-2,-3
-1,-1,-4
-1,0,-2
0,0,-1
-2,1,-1
-2,0,-2
-1,0,-1
0,0,0
0,0,0
0,0,0
2,2,2
2,1,2
2,-4,2
2,-3,2
1,-4,1
0,-2,-3
0,-2,-3
0,-2,-3
1,-3,-3
0,-1,-2
0,-1,1
0,0,0
4,0,3
0,0,0
1,0,0
0,0,0
0,0,0
0,0,0

InverseVelocities: 30
0,0,0
0,0,0
0,0,0
0,0,0
0,0,0
0,0,0
0,0,1
0,0,0
0,0,0
0,0,0
0,0,0
0,0,0
0,0,0
0,0,-1
0,0,-2
0,0,-2
0,0,-4
0,0,0
0,0,0
0,0,0
0,0,0
0,0,0
0,0,0
0,0,0
-1,0,0
0,0,0
0,0,0
0,0,0
0,0,0
0,0,0

RawData: 30
0,0,0,0,0,0,0,0,0,0,0,0,0,0,0,0.9244031,1,0.9333435,0,0,0,0,0,0,0,0,0,0,0,0,0,0,0,0,0,0,0,0,0,0,0,0,0,0,0,0,0,0.9662566,0.978431,1,0,0.956131,0,0,0,0,0,0,0,0,0,0,0,0,0,0,0,0,0,0,0,0,0,0,0,0,0,0,0,0,0.8363801,0.9523211,1,0.9211552,0,0,0,0,0,0,0,0,0,0,0,0,0,0,0,0,0,0,0,0,0,0,0,0,0,0,0,0,0,0.8662126,0.9178814,1,0.9711472,0,0,0,0,0,0,0,0,0,0,0,0,0,0,0,0,0,0,0,0,0,0,0,0,0,0,0,0,0,0,0,0,1,0,0,0,0,0,0,0,0,0,0,0,0,0,0,0
0,0,0,0,0,0,0,0,0,0,0,0,0,0,0.7597131,0.8953434,1,0.9189041,0,0,0,0,0,0,0,0,0,0,0,0,0,0,0,0,0,0,0,0,0,0,0,0,0,0,0,0,0.84549,0.9673648,1,0.9553204,0.9569889,0.797726,0,0,0,0,0,0,0,0,0,0,0,0,0,0,0,0,0,0,0,0,0,0,0,0,0.7098365,0.8079973,0.8169616,0.6754118,0.8245287,0.9216409,1,0.895543,0.697301,0,0,0,0,0,0,0,0,0,0,0,0,0,0,0,0,0,0,0,0,0,0,0,0,0,0.7316101,0.7753468,0.7943667,0.7427217,0.8950675,1,0.9713766,0.7325904,0,0,0,0,0,0,0,0,0,0,0,0,0,0,0,0,0,0,0,0,0,0,0,0,0,0.7562733,0.8135366,0.885621,0.9286461,0.9436314,0.9905627,1,0.8709707,0,0,0,0,0,0,0,0,0,0,0,0,0,0
0,0,0,0,0,0,0,0,0,0,0,0.6642533,0.7372149,0.7312002,0.6970994,0.8986337,1,0.9185438,0,0,0,0,0,0,0,0,0,0,0,0,0,0,0,0,0,0,0,0,0,0,0,0,0,0,0.7192044,0.7896547,0.8335902,0.8926083,0.9439426,1,0.9188583,0,0,0,0,0,0,0,0,0,0,0,0,0,0,0,0,0,0,0,0,0,0,0,0,0,0.7517262,0.7275163,0.7667763,0.7883008,0.7852989,0.95038,1,0.8808439,0.6500949,0,0,0,0,0,0,0,0,0,0,0,0,0,0,0,0,0,0,0,0,0,0,0,0.6636739,0.7448296,0.7387574,0,0.8057632,0.8403608,0.8809546,1,0.9725384,0.7376392,0,0,0,0,0,0,0,0,0,0,0,0,0,0,0,0,0,0,0,0,0,0,0,0,0.7547757,0.7843503,0.8567284,0.925642,0.9331287,0.9049639,0.9596147,1,0.8018435,0,0,0,0,0,0,0,0,0,0,0,0,0,0
0,0,0,0,0,0,0,0,0,0,0,0,0.6813275,0.7631207,0.8037823,0.8966901,1,0.9213621,0,0,0,0,0,0,0,0,0,0,0,0,0,0,0,0,0,0,0,0,0,0,0,0,0,0,0,0.7830556,0.825704,0.853954,0.9270438,0.7934622,1,0.8935344,0,0,0,0,0,0,0,0,0,0,0,0,0,0,0,0,0,0,0,0,0,0,0,0.67456,0.748106,0,0.7958339,0.7848663,0.8153821,0.9193292,1,0.8997484,0,0,0,0,0,0,0,0,0,0,0,0,0,0,0,0,0,0,0,0,0,0,0,0,0.6917331,0.7817514,0.7773167,0.8390387,0.8817321,0.9166132,0.8109792,0.9999297,1,0.7733126,0,0,0,0,0,0,0,0,0,0,0,0,0,0,0,0,0,0,0,0,0,0,0,0,0,0,0.8634228,0.9377956,0.9847881,1,0.9970255,0.8619814,0.7945166,0,0,0,0,0,0,0,0,0,0,0,0,0,0
0,0,0,0,0,0,0,0,0,0,0,0,0.6817769,0,0.7576166,0.9130982,1,0.9202581,0,0,0,0,0,0,0,0,0,0,0,0,0,0,0,0,0,0,0,0,0,0,0,0,0,0,0,0,0,0.8203009,0.9396814,1,0.9376016,0.7481396,0,0,0,0,0,0,0,0,0,0,0,0,0,0,0,0,0,0,0,0,0,0,0,0,0,0.7845851,0.8527011,0.8523128,0.8105348,0.9189168,1,0.902684,0,0,0,0,0,0,0,0,0,0,0,0,0,0,0,0,0,0,0,0,0,0,0,0,0,0,0.7536117,0.8740385,0.901574,0.8746263,0.7763059,1,0.9812534,0.7734953,0,0,0,0,0,0,0,0,0,0,0,0,0,0,0,0,0,0,0,0,0,0,0,0,0,0,0.8880191,0.9105719,0.9775046,1,0.9309409,0.9181222,0.8847603,0,0,0,0,0,0,0,0,0,0,0,0,0,0
0,0,0,0,0,0,0,0,0,0,0,0,0,0,0.7734324,0.9277835,1,0.9218135,0,0,0,0,0,0,0,0,0,0,0,0,0,0,0,0,0,0,0,0,0,0,0,0,0,0,0,0,0,0.8708567,0.8690302,0.9705117,1,0.9078932,0,0,0,0,0,0,0,0,0,0,0,0,0,0,0,0,0,0,0,0,0,0,0,0,0,0,0.7890485,0.7609459,0.7668892,0.9302568,1,0.9226869,0.7075192,0,0,0,0,0,0,0,0,0,0,0,0,0,0,0,0,0,0,0,0,0,0,0,0,0,0,0.8085216,0.7455244,0.8163384,0.8672431,1,0.9793243,0.7977148,0,0,0,0,0,0,0,0,0,0,0,0,0,0,0,0,0,0,0,0,0,0,0,0,0,0,0,0.8552569,0.8739314,0.9543276,0.9854434,1,0.880389,0,0,0,0,0,0,0,0,0,0,0,0,0,0
0,0,0,0,0,0,0,0,0,0,0,0.6683338,0.7793974,0.8478665,0.8705978,0.9330706,1,0.8951222,0,0,0,0,0,0,0,0,0,0,0,0,0,0,0,0,0,0,0,0,0,0,0,0,0,0,0,0,0,0.7675534,0.8007247,1,0.9209892,0.83059,0.851971,0.7709275,0,0,0,0,0,0,0,0,0,0,0,0,0,0,0,0,0,0,0,0,0,0,0,0,0.7195765,0.670053,0.7728463,0.9470075,1,0.8749344,0.6254109,0.6741478,0.6637717,0,0,0,0,0,0,0,0,0,0,0,0,0,0,0,0,0,0,0,0,0,0,0,0.7330021,0.8026898,0.805151,0.8440304,0.9148226,1,0.9415869,0.7544389,0.6823285,0.6624265,0.6832215,0,0,0,0,0,0,0,0,0,0,0,0,0,0,0,0,0,0,0,0,0,0,0.7427213,0.8672771,0.8993571,0.8793421,0.8575756,0.9435585,1,0.9272642,0,0,0.7532591,0.7589622,0.709135,0,0,0,0,0,0,0,0,0
0,0,0,0,0,0,0,0,0,0,0,0.7530263,0.8856491,0.7915559,0.8634195,0.9269493,1,0.8878548,0,0,0,0,0,0,0,0,0,0,0,0,0,0,0,0,0,0,0,0,0,0,0,0,0,0,0,0,0,0,0.8670341,1,0.9816467,0.9210317,0.8913599,0,0,0,0,0,0,0,0,0,0,0,0,0,0,0,0,0,0,0,0,0,0,0,0,0.7214659,0.7978227,0.7772495,0.7965047,0.9575765,1,0.8867848,0.7526298,0,0,0,0,0,0,0,0,0,0,0,0,0,0,0,0,0,0,0,0,0,0,0,0,0,0.7845848,0.842084,0.8361688,0.7987494,0.8884972,1,0.952634,0,0,0,0,0,0,0,0,0,0,0,0,0,0,0,0,0,0,0,0,0,0,0,0,0,0,0,0.8413956,0.8857437,0.9281916,0.8587354,0.9884093,1,0.9029085,0.8439891,0.7956641,0,0,0,0,0,0,0,0,0,0,0,0
0,0,0,0,0,0,0,0,0,0,0,0,0.827266,0.880803,0.8429393,0.9272287,1,0.8984388,0,0,0,0,0,0,0,0,0,0,0,0,0,0,0,0,0,0,0,0,0,0,0,0,0,0,0,0,0,0,0.8740484,1,0.9156731,0.9059948,0.8928543,0,0,0,0,0,0,0,0,0,0,0,0,0,0,0,0,0,0,0,0,0,0,0,0,0,0.747326,0.7758411,0.7097755,0.9501716,1,0.8708258,0.7049915,0,0,0,0,0,0,0,0,0,0,0,0,0,0,0,0,0,0,0,0,0,0,0,0,0,0,0.7418526,0.8569241,0.8969917,0.799293,1,0.8865718,0.81072,0.7404622,0,0,0,0,0,0,0,0,0,0,0,0,0,0,0,0,0,0,0,0,0,0,0,0,0,0,0.7250324,0.8913144,0.8959169,0.9515519,1,0.8053854,0.8146876,0.712952,0,0,0,0,0,0,0,0,0,0,0,0
0,0,0,0,0,0,0,0,0,0,0,0,0,0.7555459,0.8365846,0.9279463,1,0.9062415,0,0,0,0,0,0,0,0,0,0,0,0,0,0,0,0,0,0,0,0,0,0,0,0,0,0,0,0,0,0.7820318,0.8480647,1,0.9638895,0.8097166,0.7968312,0,0,0,0,0,0,0,0,0,0,0,0,0,0,0,0,0,0,0,0,0,0,0,0,0,0,0.7311194,0.7536727,0.9379792,1,0.8733451,0.6676332,0,0,0,0,0,0,0,0,0,0,0,0,0,0,0,0,0,0,0,0,0,0,0,0,0,0,0,0.7368761,0.8100671,0.8665705,1,0.9414586,0,0,0,0,0,0,0,0,0,0,0,0,0,0,0,0,0,0,0,0,0,0,0,0,0,0,0,0,0.6800267,0.8280745,0.8507982,0.9291514,1,0.8679794,0,0,0,0,0,0,0,0,0,0,0,0,0,0
0,0,0,0,0,0,0,0,0,0,0,0,0,0,0.7089506,0.9426692,1,0.8781736,0,0,0,0,0,0,0,0,0,0,0,0,0,0,0,0,0,0,0,0,0,0,0,0,0,0,0,0,0,0,0.8092247,1,0.9779122,0,0,0,0,0,0,0,0,0,0,0,0,0,0,0,0,0,0,0,0,0,0,0,0,0,0,0,0,0,0.6571361,0.953561,1,0.8715464,0,0,0,0,0,0,0,0,0,0,0,0,0,0,0,0,0,0,0,0,0,0,0,0,0,0,0,0,0,0.5859069,0.849508,1,0.9563295,0.7005889,0,0,0,0,0,0,0,0,0,0,0,0,0,0,0,0,0,0,0,0,0,0,0,0,0,0,0,0,0,0.6535631,0.9656081,1,0.8111903,0.5859829,0,0,0,0,0,0,0,0,0,0,0,0,0
0,0,0,0,0,0,0,0,0,0,0,0,0,0,0,0.9296705,1,0.9198922,0.7941709,0.7486968,0,0,0,0,0,0,0,0,0,0,0,0,0,0,0,0,0,0,0,0,0,0,0,0,0,0,0,0,0.9037721,1,0.9835001,0.912434,0,0,0,0,0,0,0,0,0,0,0,0,0,0,0,0,0,0,0,0,0,0,0,0,0,0,0,0,0,0.954986,1,0.86317,0.7778774,0.7248084,0,0,0,0,0,0,0,0,0,0,0,0,0,0,0,0,0,0,0,0,0,0,0,0,0,0,0,0,0.8796408,1,0.9461232,0.7676953,0.7898137,0.7220258,0,0,0,0,0,0,0,0,0,0,0,0,0,0,0,0,0,0,0,0,0,0,0,0,0,0,0,0.7882266,0.9869111,1,0.7333268,0.8376143,0.7573104,0,0,0,0,0,0,0,0,0,0,0,0
0,0,0,0,0,0,0,0,0,0,0,0,0,0,0,0.9217631,1,0.8415712,0.8798395,0.8931334,0.831531,0.6720316,0,0,0,0,0,0,0,0,0,0,0,0,0,0,0,0,0,0,0,0,0,0,0,0,0,0.8729662,0.8198375,1,0.9918892,0.7963706,0.7512516,0.8348089,0.7565081,0,0,0,0,0,0,0,0,0,0,0,0,0,0,0,0,0,0,0,0,0,0,0,0,0.6598376,0.6955285,0.945757,1,0.872848,0.7837089,0.7713654,0.6907632,0.6076688,0,0,0,0,0,0,0,0,0,0,0,0,0,0,0,0,0,0,0,0,0,0,0,0,0,0,0.8670788,1,0.9510136,0.8547708,0.8889942,0.7804849,0.6410863,0,0,0,0,0,0,0,0,0,0,0,0,0,0,0,0,0,0,0,0,0,0,0,0,0,0.759095,0.827081,0.9733292,1,0.853405,0.8375432,0.8320631,0,0,0,0,0,0,0,0,0,0,0,0
0,0,0,0,0,0,0,0,0,0,0,0,0,0,0.7345822,0.934655,1,0.9050127,0.8313207,0.8126809,0.8771552,0.8289151,0,0,0,0,0,0,0,0,0,0,0,0,0,0,0,0,0,0,0,0,0,0,0,0,0,0.9679338,0.9800237,1,0.9771103,0.9747399,0.9506811,0.9076365,0,0,0,0,0,0,0,0,0,0,0,0,0,0,0,0,0,0,0,0,0,0,0,0,0.6815072,0.7681801,0.8045489,0.9563937,1,0.8513821,0.8322425,0.8471748,0.8451414,0.7948126,0,0,0,0,0,0,0,0,0,0,0,0,0,0,0,0,0,0,0,0,0,0,0,0,0,0,0.8584876,1,0.9790432,0.7872751,0.8991121,0.8600493,0.8420633,0.756417,0,0,0,0,0,0,0,0,0,0,0,0,0,0,0,0,0,0,0,0,0,0,0,0,0.7144108,0.8650738,0.9976981,1,0.7199445,0.8419138,0.8674736,0.8384608,0.7852018,0,0,0,0,0,0,0,0,0,0
0,0,0,0,0,0,0,0,0,0,0,0,0,0,0,0.919896,1,0.9065971,0.8063853,0.8043488,0.8922754,0.8172168,0,0,0,0,0,0,0,0,0,0,0,0,0,0,0,0,0,0,0,0,0.7792832,0.8143734,0,0.8142373,0.8430471,0.7636409,0.9591529,1,0.9596899,0,0,0,0,0,0,0,0,0,0,0,0,0,0,0,0,0,0,0,0,0,0,0,0,0,0,0.6750022,0.6311077,0,0.7889401,0.9677656,1,0.8836138,0.7071362,0,0.788219,0.77102,0,0,0,0,0,0,0,0,0,0,0,0,0,0,0,0,0,0,0,0,0,0,0,0,0,0.7008991,0.8679377,1,0.9569861,0.795505,0.8811144,0.9307802,0.9101499,0.7694919,0,0,0,0,0,0,0,0,0,0,0,0,0,0,0,0,0,0,0,0,0.7195898,0.7777822,0.7462544,0.7171738,0.7592379,0.8013501,0.962823,1,0.821601,0.7897943,0.8593392,0.8795698,0.8076639,0,0,0,0,0,0,0,0,0,0
0,0,0,0,0,0,0,0,0,0,0,0,0,0,0.6487049,0.9185138,1,0.8803564,0,0.7076902,0.7487784,0.6482546,0,0,0,0,0,0,0,0,0,0,0,0,0,0,0,0,0,0,0,0,0,0.8002352,0.8636684,0.9641644,0,1,0.9403384,0.9751888,0.9755981,0.8765187,0,0,0,0,0,0,0,0,0,0,0,0,0,0,0,0,0,0,0,0,0,0,0,0,0,0.6207296,0.6746274,0.7766225,0.7963738,0.9628452,1,0.837739,0.7535465,0.6619214,0.6881495,0.589258,0,0,0,0,0,0,0,0,0,0,0,0,0,0,0,0,0,0,0,0,0,0.7022091,0.7306013,0,0.6401309,0.768474,0.8005426,1,0.9302568,0.7879093,0.7972357,0.7749401,0.8131711,0,0,0,0,0,0,0,0,0,0,0,0,0,0,0,0,0,0,0,0,0,0.7464886,0.7933828,0.7345234,0.6752897,0.7898051,0.8924317,1,0.9928453,0.8411316,0.7700636,0.7159311,0.7922806,0.7166372,0,0,0,0,0,0,0,0,0,0
0,0,0,0,0,0,0,0,0,0,0,0,0,0,0.6531393,0.9050912,1,0.9424704,0.8383058,0.770922,0.6608053,0,0,0,0,0,0,0,0,0,0,0,0,0,0,0,0,0,0,0,0,0,0.7471935,0.8427662,0.9046377,0,0.9530627,0.9500248,0.9676371,1,0.9047834,0,0,0,0,0,0,0,0,0,0,0,0,0,0,0,0,0,0,0,0,0,0,0,0,0.6288048,0.7514991,0.7993044,0.8042622,0.8105842,0.7146168,0.925258,1,0.8942016,0.771209,0.8026903,0.6137407,0,0,0,0,0,0,0,0,0,0,0,0,0,0,0,0,0,0,0,0,0,0,0.7239597,0.8048001,0.8124869,0.6888958,0.8045465,0.8161174,1,0.9772077,0.7679491,0.8765024,0.8143246,0,0,0,0,0,0,0,0,0,0,0,0,0,0,0,0,0,0,0,0,0,0,0.7949908,0.8019378,0.9053522,0.9192667,0.7597613,0.8748742,0.965458,1,0.9422742,0.9083996,0.8626227,0,0,0,0,0,0,0,0,0,0,0,0
0,0,0,0,0,0,0,0,0,0,0,0,0,0,0.7199425,0.9603557,1,0.7898389,0.7682409,0,0,0,0,0,0,0,0,0,0,0,0,0,0,0,0,0,0,0,0,0,0,0,0,0,0.8461815,0.8209018,0.8676234,0.9932238,1,0.8412929,0.9336203,0,0,0,0,0,0,0,0,0,0,0,0,0,0,0,0,0,0,0,0,0,0,0,0,0,0.6779863,0.7805524,0.7510275,0.8523344,0.8329187,0.9561377,1,0.8799766,0.8751357,0.8109755,0,0,0,0,0,0,0,0,0,0,0,0,0,0,0,0,0,0,0,0,0,0,0,0,0,0,0.7798275,0.7478881,0.9004906,1,0.9427363,0.9077435,0.9261607,0.7553301,0,0,0,0,0,0,0,0,0,0,0,0,0,0,0,0,0,0,0,0,0,0,0,0.9558867,1,0.9036428,0.7948741,0.9329762,0.9121536,0.9236287,0.8948426,0.9839607,0.9128507,0,0,0,0,0,0,0,0,0,0,0,0
0,0,0,0,0,0,0,0,0,0,0,0,0,0,0,0.9339857,1,0.9275174,0,0,0,0,0,0,0,0,0,0,0,0,0,0,0,0,0,0,0,0,0,0,0,0,0,0,0.85774,0.9029476,0,0.9167298,0,1,0.9836941,0,0,0,0,0,0,0,0,0,0,0,0,0,0,0,0,0,0,0,0,0,0,0,0,0,0.718412,0.7919241,0.8010201,0.8018156,0.7443894,0.94656,1,0.9330327,0.8666073,0.7340704,0,0,0,0,0,0,0,0,0,0,0,0,0,0,0,0,0,0,0,0,0,0,0,0,0.7493875,0.8064727,0.7907801,0.7724146,0.8753703,1,0.9931467,0.9236875,0.8568044,0,0,0,0,0,0,0,0,0,0,0,0,0,0,0,0,0,0,0,0,0,0,0,0,0.8633266,0.8968014,0.9862367,1,0.9358597,0.925911,0.9980313,0.9656916,0.9894229,0.8716986,0,0,0,0,0,0,0,0,0,0,0,0
0,0,0,0,0,0,0,0,0,0,0,0,0,0.7027577,0.7435726,0.8805234,1,0.924799,0.8545871,0.7949389,0,0,0,0,0,0,0,0,0,0,0,0,0,0,0,0,0,0,0,0,0,0,0,0,0.8478541,0.8606839,1,0.9309307,0.827287,0.9842245,0.9987859,0,0,0,0,0,0,0,0,0,0,0,0,0,0,0,0,0,0,0,0,0,0,0,0,0,0.6664604,0.7093598,0.8165478,0.7201123,0.6901641,0.9517692,1,0.8374245,0.7089329,0,0,0,0,0,0,0,0,0,0,0,0,0,0,0,0,0,0,0,0,0,0,0,0,0,0.699343,0.8273997,0.8358322,0.692057,0.8670806,1,0.9413118,0.7649169,0,0,0,0,0,0,0,0,0,0,0,0,0,0,0,0,0,0,0,0,0,0,0,0,0,0.8811449,0.9289048,1,0.906215,0.7720284,0.9537867,0.9898124,0.8748723,0.8160574,0,0,0,0,0,0,0,0,0,0,0,0,0
0,0,0,0,0,0,0,0,0,0,0,0,0,0,0,0.9251702,1,0.9136711,0.8099115,0.7664368,0.7508929,0,0,0,0,0,0,0,0,0,0,0,0,0,0,0,0,0,0,0,0,0,0,0.7237936,0.9311262,0.9979738,0.8606213,0.8692749,0.8514115,1,0.9660134,0.7147527,0,0,0,0,0,0,0,0,0,0,0,0,0,0,0,0,0,0,0,0,0,0,0,0,0.7199683,0.8328182,0.8217297,0.7757397,0,0.9189348,1,0.928388,0.8106955,0.7390356,0,0,0,0,0,0,0,0,0,0,0,0,0,0,0,0,0,0,0,0,0,0,0,0,0.7852193,0.7988179,0,0.7200489,0.8738289,1,0.9576843,0.8560433,0.8007503,0.6475694,0,0,0,0,0,0,0,0,0,0,0,0,0,0,0,0,0,0,0,0,0,0,0,0.7798579,0.9006117,0.8790964,0.9491544,0.8796713,0.9891168,1,0.7077589,0.8268926,0,0,0,0,0,0,0,0,0,0,0,0,0
0,0,0,0,0,0,0,0,0,0,0,0,0,0,0,0.8871295,1,0.9501948,0,0,0,0,0,0,0,0,0,0,0,0,0,0,0,0,0,0,0,0,0,0,0,0,0,0,0,1,0.9899539,0,0,0.9849025,0.9609005,0,0,0,0,0,0,0,0,0,0,0,0,0,0,0,0,0,0,0,0,0,0,0,0,0,0,0.8555402,0.867001,0,0,0.9349863,1,0.9099796,0,0,0,0,0,0,0,0,0,0,0,0,0,0,0,0,0,0,0,0,0,0,0,0,0,0,0,0,0,0,0.9075995,1,0.9901603,0,0,0,0,0,0,0,0,0,0,0,0,0,0,0,0,0,0,0,0,0,0,0,0,0,0,0,0.9147484,0.9309188,0,0,0.9369076,1,0.9411125,0,0,0,0,0,0,0,0,0,0,0,0,0,0
0,0,0,0,0,0,0,0,0,0,0,0,0,0,0.751033,0.9138026,1,0.9402093,0.7846178,0.7265919,0,0,0,0,0,0,0,0,0,0,0,0,0,0,0,0,0,0,0,0,0,0,0,0,0,0.7951646,0.9140417,0.9957036,0.9734202,0.9913164,1,0.8295898,0,0,0,0,0,0,0,0,0,0,0,0,0,0,0,0,0,0,0,0,0,0,0,0,0,0,0,0.7958536,0.8258041,0.9541333,1,0.9173595,0.7815034,0.770888,0.7051672,0,0,0,0,0,0,0,0,0,0,0,0,0,0,0,0,0,0,0,0,0,0,0,0,0.7400666,0.7771398,0,0.8707359,1,0.9525744,0.8467069,0.7782826,0.8196036,0.762927,0.7398416,0,0,0,0,0,0,0,0,0,0,0,0,0,0,0,0,0,0,0,0,0,0,0,0.803932,0.8430818,0.9224014,0.9216105,1,0.8274323,0,0,0,0,0,0,0,0,0,0,0,0,0,0
0,0,0,0,0,0,0,0,0,0,0,0,0,0,0.8788188,0.9013062,1,0.9518219,0,0,0,0,0,0,0,0,0,0,0,0,0,0,0,0,0,0,0,0,0,0,0,0,0,0,0,0,0,0,0,0.9846137,1,0,0,0,0,0,0,0,0,0,0,0,0,0,0,0,0,0,0,0,0,0,0,0,0,0,0,0,0,0,0.8740807,0.9472382,1,0.9206541,0,0,0,0,0,0,0,0,0,0,0,0,0,0,0,0,0,0,0,0,0,0,0,0,0,0,0,0,0,0.8847551,0.8501552,1,0.9980074,0.8928253,0,0,0,0,0,0,0,0,0,0,0,0,0,0,0,0,0,0,0,0,0,0,0,0,0,0,0,0,0.8760366,0.905126,0.9365091,1,0.9442049,0,0,0,0,0,0,0,0,0,0,0,0,0,0
0,0,0,0,0,0,0,0,0,0,0,0,0.6787971,0.8375153,0.8798552,0.8664464,1,0.8930057,0.9268941,0.9233912,0.7941445,0.7835683,0.7002884,0.6578779,0,0,0,0,0,0,0,0,0,0,0,0,0,0,0,0,0,0,0,0,0,0,0,0.7688739,0.8683374,1,0.9968218,0.7736714,0,0,0,0,0,0,0,0,0,0,0,0,0,0,0,0,0,0,0,0,0,0,0,0,0,0,0,0.7865883,0.8328555,0.946122,1,0.9009033,0.8473802,0.753145,0.7418021,0.6696972,0.6081738,0,0,0,0,0,0,0,0,0,0,0,0,0,0,0,0,0,0,0,0,0,0,0,0.8016084,0.8662524,0.7885871,1,0.970759,0.8913428,0.8372491,0.7620146,0.7370998,0,0,0,0,0,0,0,0,0,0,0,0,0,0,0,0,0,0,0,0,0,0,0,0,0.7019674,0.8131856,0.7505506,0.9604857,1,0.7362849,0.7793336,0.7565718,0.6680453,0,0,0,0,0,0,0,0,0,0,0
0,0,0,0,0,0,0,0,0,0,0,0,0,0,0,0.9030747,1,0.9202675,0.9866914,0.9079537,0,0,0,0,0,0,0,0,0,0,0,0,0,0,0,0,0,0,0,0,0,0,0,0,0,0,0,0.8496045,0.8729838,0.9483544,1,0.8818915,0,0,0,0,0,0,0,0,0,0,0,0,0,0,0,0,0,0,0,0,0,0,0,0,0,0,0,0.7327011,0.7964488,0.9397712,1,0.8503096,0.897226,0.8211677,0,0,0,0,0,0,0,0,0,0,0,0,0,0,0,0,0,0,0,0,0,0,0,0,0,0,0,0.7970643,0.8764393,1,0.9794208,0.8312001,0.8416512,0.7368978,0.7709244,0,0,0,0,0,0,0,0,0,0,0,0,0,0,0,0,0,0,0,0,0,0,0,0,0,0.8102513,0.7520202,0.9485039,1,0.8660938,0.8651572,0.827114,0.764733,0,0,0,0,0,0,0,0,0,0,0
0,0,0,0,0,0,0,0,0,0,0,0,0,0,0,0.9206203,1,0.9377856,0.9085389,0.8336104,0.7521592,0,0,0,0,0,0,0,0,0,0,0,0,0,0,0,0,0,0,0,0,0,0,0,0,0,0,0,0.9618177,1,0.9083636,0.8709536,0.8414739,0,0,0,0,0,0,0,0,0,0,0,0,0,0,0,0,0,0,0,0,0,0,0,0,0,0,0,0,0.9341823,1,0.9221602,0.7902396,0.6776796,0,0,0,0,0,0,0,0,0,0,0,0,0,0,0,0,0,0,0,0,0,0,0,0,0,0,0,0.7202479,0.8687871,1,0.9826723,0.8883206,0.7960082,0.6852965,0,0,0,0,0,0,0,0,0,0,0,0,0,0,0,0,0,0,0,0,0,0,0,0,0,0,0,0.8295054,0.9761336,1,0.8540967,0.8367825,0.7838001,0.6985971,0,0,0,0,0,0,0,0,0,0,0
0,0,0,0,0,0,0,0,0,0,0,0,0,0,0,0.9019018,1,0.9253852,0.6771877,0,0,0,0,0,0,0,0,0,0,0,0,0,0,0,0,0,0,0,0,0,0,0,0,0,0,0,0,0,0.8230259,0.8865545,0.9713179,1,0,0,0,0,0,0,0,0,0,0,0,0,0,0,0,0,0,0,0,0,0,0,0,0,0,0,0,0,0,0.9268118,1,0.9135802,0.7390046,0.5860691,0,0,0,0,0,0,0,0,0,0,0,0,0,0,0,0,0,0,0,0,0,0,0,0,0,0,0,0,0.8225539,1,0.9906332,0.8506103,0.6743139,0,0,0,0,0,0,0,0,0,0,0,0,0,0,0,0,0,0,0,0,0,0,0,0,0,0,0,0,0,0.91045,1,0.9109497,0,0,0,0,0,0,0,0,0,0,0,0,0,0
0,0,0,0,0,0,0,0,0,0,0,0,0,0,0,0.9058576,1,0.9031568,0,0,0,0,0,0,0,0,0,0,0,0,0,0,0,0,0,0,0,0,0,0,0,0,0,0,0,0,0,0,0.768019,0.9781157,1,0.8247494,0,0,0,0,0,0,0,0,0,0,0,0,0,0,0,0,0,0,0,0,0,0,0,0,0,0,0,0,0.6284789,0.9338306,1,0.8842002,0.646153,0,0,0,0,0,0,0,0,0,0,0,0,0,0,0,0,0,0,0,0,0,0,0,0,0,0,0,0,0,0.8374657,1,0.9635823,0.7020033,0,0,0,0,0,0,0,0,0,0,0,0,0,0,0,0,0,0,0,0,0,0,0,0,0,0,0,0,0,0.6839489,0.9466118,1,0.8890967,0.6249018,0,0,0,0,0,0,0,0,0,0,0,0,0
0,0,0,0,0,0,0,0,0,0,0,0,0,0,0,0.9277579,1,0.9017197,0,0,0,0,0,0,0,0,0,0,0,0,0,0,0,0,0,0,0,0,0,0,0,0,0,0,0,0,0,0,0.8524006,1,0.9781344,0.7640432,0,0,0,0,0,0,0,0,0,0,0,0,0,0,0,0,0,0,0,0,0,0,0,0,0,0,0,0,0.6644791,0.9452858,1,0.9019366,0,0,0,0,0,0,0,0,0,0,0,0,0,0,0,0,0,0,0,0,0,0,0,0,0,0,0,0,0,0,0.8772148,1,0.958034,0.7278378,0,0,0,0,0,0,0,0,0,0,0,0,0,0,0,0,0,0,0,0,0,0,0,0,0,0,0,0,0,0.8351165,1,0.9866093,0,0,0,0,0,0,0,0,0,0,0,0,0,0,0
