GestureName: double_arch
Duration(ms): 1410
Handedness: right

SpeakerAngles: 5
55
-55
0
0
110

SpeakerElevations: 5
-10
-10
-10
0
30

InterpretedPoints: 30
0,0,0
0,-0.984807753012208,0.17364817766693
-2.42721224957257,-2.80314241622564,0.194592710667721
-0.813797681349374,-3.81833466321343,0.0209445330007911
-2.43430264681035,-8.04142231098766,0.215537243668512
-0.827978475824924,-5.21074615077359,-0.805407289332278
-1.62759536269875,-5.36202699358458,-0.479055466999209
-0.813797681349374,-2.67341737329839,-0.152703644666139
-1.62050496546097,-1.12374709882256,-0.5
0.813797681349374,-1.28100588573823,0.67364817766693
-0.806707284111599,-0.564862521463624,0.17364817766693
-1.59923377374765,0.552521024462991,0.826351822333069
0.820888078587149,0.972466256011576,0.82635182233307
0,0,0
0,0,0
0.813797681349374,1.81833466321343,-0.0209445330007911
1.62759536269875,4.63666932642686,-0.0418890660015822
2.44139304404812,6.34047119370084,0.458110933998418
2.44139304404812,6.34047119370084,0.458110933998418
6.47492946460611,3.51615858638272,1.32635182233307
4.04771721503354,0.682631676181498,1.17364817766693
1.62050496546097,1.12374709882256,0.5
2.42721224957257,-3.3803464346899,1.36824088833465
-0.0141807944755501,-5.49175203651182,-0.131759111665348
-0.0141807944755501,-2.37721924057237,-0.652703644666139
-0.0141807944755501,-1.39241148756016,-0.82635182233307
2.41303145509702,1.41073092866548,-1.02094453300079
3.24100993092194,5.49175203651182,0.131759111665348
4.85442449914514,6.50694428349961,0.305407289332278
4.04771721503354,3.82754896609654,1

StrokePoints: 31
0,0,0
0,0,0
0,-0.984807753012208,0.17364817766693
-2.42721224957257,-3.78795016923785,0.368240888334652
-3.24100993092195,-7.60628483245128,0.389185421335443
-5.67531257773229,-15.6477071434389,0.604722665003955
-6.50329105355722,-20.8584532942125,-0.200684624328323
-8.13088641625596,-26.2204802877971,-0.679740091327532
-8.94468409760534,-28.8938976610955,-0.832443735993671
-10.5651890630663,-30.0176447599181,-1.33244373599367
-9.75139138171694,-31.2986506456563,-0.658795558326741
-10.5580986658285,-31.8635131671199,-0.485147380659811
-12.1573324395762,-31.3109921426569,0.341204441673259
-11.336444360989,-30.3385258866453,1.16755626400633
-11.336444360989,-30.3385258866453,1.16755626400633
-11.336444360989,-30.3385258866453,1.16755626400633
-10.5226466796397,-28.5201912234319,1.14661173100554
-8.89505131694091,-23.8835218970051,1.10472266500395
-6.45365827289279,-17.5430507033042,1.56283359900237
-4.01226522884467,-11.2025795096034,2.02094453300079
2.46266423576145,-7.68642092322065,3.34729635533386
6.51038145079499,-7.00378924703916,4.52094453300079
8.13088641625596,-5.8800421482166,5.02094453300079
10.5580986658285,-9.26038858290649,6.38918542133544
10.543917871353,-14.7521406194183,6.25742630967009
10.5297370768774,-17.1293598599907,5.60472266500396
10.5155562824019,-18.5217713475508,4.77837084267089
12.9285877374989,-17.1110404188854,3.75742630967009
16.1695976684208,-11.6192883823735,3.88918542133544
21.024022167566,-5.11234409887393,4.19459271066772
25.0717393825995,-1.28479513277739,5.19459271066772

Velocities: 30
0,0,0
0,0,-1
-2,0,-2
-1,-1,-1
-2,-1,-4
0,-2,-2
0,0,-3
0,0,-2
0,1,-1
0,0,-1
-1,0,0
-1,3,-1
0,1,0
0,0,0
0,0,0
1,1,1
2,2,2
2,2,2
2,2,2
2,-3,2
0,-3,2
0,-1,1
0,-2,-3
0,-2,-3
1,-1,-2
1,-1,-1
3,-1,1
2,0,3
3,-1,2
1,-2,1

InverseVelocities: 30
0,0,0
0,0,0
0,0,0
0,0,0
0,0,0
0,0,0
0,0,0
0,0,0
0,0,0
0,0,0
0,0,0
0,0,0
0,0,0
0,0,0
0,0,0
0,0,0
0,-1,0
0,-2,0
0,-3,0
0,0,-1
0,0,-3
0,0,-3
0,0,0
0,0,0
0,0,1
0,0,2
0,0,0
0,0,0
-1,0,-1
0,0,-2

RawData: 30
0,0,0,0,0,0,0,0,0,0,0,0,0,0,0,0.9267121,1,0.8958802,0.7058563,0,0,0,0,0,0,0,0,0,0,0,0,0,0,0,0,0,0,0,0,0,0,0,0,0,0,0,0,0,0.8872948,0.9997515,1,0.9006605,0,0,0,0,0,0,0,0,0,0,0,0,0,0,0,0,0,0,0,0,0,0,0,0,0,0,0,0,0.7161016,0.9527307,1,0.9110433,0.6964824,0,0,0,0,0,0,0,0,0,0,0,0,0,0,0,0,0,0,0,0,0,0,0,0,0,0,0,0,0,0.8711882,1,0.9616551,0.7501683,0,0,0,0,0,0,0,0,0,0,0,0,0,0,0,0,0,0,0,0,0,0,0,0,0,0,0,0,0,0.7399829,0.9647855,1,0.8464977,0,0,0,0,0,0,0,0,0,0,0,0,0,0
0,0,0,0,0,0,0,0,0,0,0,0,0,0.588385,0.671392,0.9341242,1,0.8829487,0.7342952,0.5852184,0,0,0,0,0,0,0,0,0,0,0,0,0,0,0,0,0,0,0,0,0,0,0,0,0,0,0.704182,0.671998,0.8929244,1,0.8507256,0.8938828,0.7842478,0,0,0,0,0,0,0,0,0,0,0,0,0,0,0,0,0,0,0,0,0,0,0,0,0,0.5259988,0.5786394,0.6498013,0.9506673,1,0.854843,0.7675575,0.6352008,0,0,0,0,0,0,0,0,0,0,0,0,0,0,0,0,0,0,0,0,0,0,0,0,0,0,0,0.6807021,0.855802,1,0.9397576,0.6983211,0.6448364,0,0,0,0,0,0,0,0,0,0,0,0,0,0,0,0,0,0,0,0,0,0,0,0,0,0,0,0.6294087,0.7517512,0.9870385,1,0.7944798,0.6232414,0,0,0,0,0,0,0,0,0,0,0,0,0
0,0,0,0,0,0,0,0,0,0,0,0.678455,0.7457864,0.8078517,0.7833647,0.9342116,1,0.914231,0.7514629,0,0,0,0,0,0,0,0,0,0,0,0,0,0,0,0,0,0,0,0,0,0,0,0,0,0,0,0.8184353,0.9346858,0.9376665,0.9421886,1,0.9041073,0,0,0,0,0,0,0,0,0,0,0,0,0,0,0,0,0,0,0,0,0,0,0,0,0,0.6506843,0.6936671,0.7271897,0.7008904,0.9582152,1,0.867839,0.6471611,0,0,0,0,0,0,0,0,0,0,0,0,0,0,0,0,0,0,0,0,0,0,0,0,0,0,0,0.7767306,0.7693138,0.8648536,1,0.9554485,0.6739225,0.7009247,0,0,0,0,0,0,0,0,0,0,0,0,0,0,0,0,0,0,0,0,0,0,0,0,0,0.7620214,0.8399024,0.8085409,0,0.9650759,1,0.8333082,0,0,0,0,0,0,0,0,0,0,0,0,0,0
0,0,0,0,0,0,0,0,0,0,0,0,0.8529207,0.8493198,0,0.914117,1,0.8974386,0,0,0,0,0,0,0,0,0,0,0,0,0,0,0,0,0,0,0,0,0,0,0,0,0,0,0,0.9292372,0.9406663,1,0,0,0.9188504,0,0,0,0,0,0,0,0,0,0,0,0,0,0,0,0,0,0,0,0,0,0,0,0,0,0,0,0.7716802,0.8606168,0.8591319,0.9618408,1,0.8843683,0,0,0,0,0,0,0,0,0,0,0,0,0,0,0,0,0,0,0,0,0,0,0,0,0,0,0.7612603,0.7680928,0.8354862,0.8658991,0.8955898,1,0.9436622,0.7635695,0,0,0,0,0,0,0,0,0,0,0,0,0,0,0,0,0,0,0,0,0,0,0,0,0,0,0.8338653,0.7769887,0.9304832,0.9424435,0.9726584,1,0.8054346,0.8186362,0,0,0,0,0,0,0,0,0,0,0,0,0
0,0,0,0,0,0,0,0,0,0,0,0.7144355,0.7750574,0,0.7751934,0.9148314,1,0.9200633,0,0,0,0,0,0,0,0,0,0,0,0,0,0,0,0,0,0,0,0,0,0,0,0,0,0,0,0.8145424,0.813925,0.9554071,1,0,0.9727233,0.8754105,0.8362021,0,0,0,0,0,0,0,0,0,0,0,0,0,0,0,0,0,0,0,0,0,0,0.6258118,0.7217702,0.7386434,0.7312025,0.6774688,0.7795864,0.9230055,1,0.9056548,0.6553192,0.6230151,0,0,0,0,0,0,0,0,0,0,0,0,0,0,0,0,0,0,0,0,0,0,0,0.7907769,0.9019309,0.9236861,0.8668891,0.6919887,0.7005119,1,0.9888183,0.7934573,0,0,0,0,0,0,0,0,0,0,0,0,0,0,0,0,0,0,0,0,0,0,0,0,0,0.8049692,0.8926135,0.8912553,0.8552201,0.8281482,0.9498185,1,0.8819239,0.6850068,0,0,0,0,0,0,0,0,0,0,0,0,0
0,0,0,0,0,0,0,0,0,0,0,0,0,0.6895169,0.7327601,0.918783,1,0.9184241,0,0,0,0,0,0,0,0,0,0,0,0,0,0,0,0,0,0,0,0,0,0,0,0,0,0,0.7648367,0.8086487,0.8612438,0.8255217,0.9705945,0.9160322,1,0.9173511,0,0,0,0,0,0,0,0,0,0,0,0,0,0,0,0,0,0,0,0,0,0,0,0,0,0.6249177,0.7733015,0.7903436,0.7836379,0.9025096,1,0.9163742,0.6348984,0,0,0,0,0,0,0,0,0,0,0,0,0,0,0,0,0,0,0,0,0,0,0,0,0.8319167,0.8067764,0.7037067,0.7860547,0.841073,0.8736916,1,0.9876131,0,0,0,0,0,0,0,0,0,0,0,0,0,0,0,0,0,0,0,0,0,0,0,0,0,0.7684185,0.8217247,0,0.7076749,0.7922001,0.9431749,1,0.9784639,0.8039833,0,0,0,0,0,0,0,0,0,0,0,0,0,0
0,0,0,0,0,0,0,0,0,0,0,0,0,0.7515301,0.8228824,0.9201208,1,0.9326841,0,0,0,0,0,0,0,0,0,0,0,0,0,0,0,0,0,0,0,0,0,0,0,0,0,0,0,0,0.8448381,0.919598,0.8405918,0.9402925,1,0.8493696,0,0,0,0,0,0,0,0,0,0,0,0,0,0,0,0,0,0,0,0,0,0,0,0,0.7181371,0.7527702,0.7843647,0.7057244,0.7510005,0.9397061,1,0.9150987,0.678209,0,0,0,0,0,0,0,0,0,0,0,0,0,0,0,0,0,0,0,0,0,0,0,0,0.7625315,0.7836585,0.8107132,0.8032636,0.7682177,0.9224409,1,0.9573269,0,0,0,0,0,0,0,0,0,0,0,0,0,0,0,0,0,0,0,0,0,0,0,0,0,0,0.7883932,0.7637659,0,0.902845,0.8627262,0.9072685,1,0.9235071,0.8120528,0,0,0,0,0,0,0,0,0,0,0,0,0
0,0,0,0,0,0,0,0,0,0,0,0,0,0.7086005,0.7585396,0.9333947,1,0.9069887,0,0,0,0,0,0,0,0,0,0,0,0,0,0,0,0,0,0,0,0,0,0,0,0,0,0,0,0,0,0.8320115,0.908862,0.9889511,1,0.786393,0.8374113,0,0,0,0,0,0,0,0,0,0,0,0,0,0,0,0,0,0,0,0,0,0,0,0,0.7549393,0.8468124,0.8397622,0.7751797,0.9184396,1,0.8966546,0,0,0,0,0,0,0,0,0,0,0,0,0,0,0,0,0,0,0,0,0,0,0,0,0,0,0,0.8713269,0.9237019,0.8387721,0.7930403,1,0.9857615,0.7572493,0,0,0,0,0,0,0,0,0,0,0,0,0,0,0,0,0,0,0,0,0,0,0,0,0,0,0.7928057,0.8470847,0.7377541,0.8943357,0.9795409,1,0.889865,0,0,0,0,0,0,0,0,0,0,0,0,0,0
0,0,0,0,0,0,0,0,0,0,0,0,0,0.7431396,0.7359742,0.8724456,1,0.9273451,0,0,0,0,0,0,0,0,0,0,0,0,0,0,0,0,0,0,0,0,0,0,0,0,0,0,0,0,0,0.8481953,0.8250917,0.9746935,1,0.9466086,0.8953169,0.8004215,0,0,0,0,0,0,0,0,0,0,0,0,0,0,0,0,0,0,0,0,0,0,0,0,0.7860518,0.8093312,0.7069417,0.9350241,1,0.896672,0,0,0,0,0,0,0,0,0,0,0,0,0,0,0,0,0,0,0,0,0,0,0,0,0,0,0,0.8312436,0.908837,0.8621683,0.7187777,1,0.989222,0.7950191,0,0,0,0,0,0,0,0,0,0,0,0,0,0,0,0,0,0,0,0,0,0,0,0,0,0,0.7229298,0.8685725,0.8228144,0.8149936,0.9630237,1,0.9366142,0.7784926,0.76249,0.7250229,0,0,0,0,0,0,0,0,0,0,0
0,0,0,0,0,0,0,0,0,0,0,0,0,0.8503588,0.8341231,0.9237036,1,0.9352698,0,0,0,0,0,0,0,0,0,0,0,0,0,0,0,0,0,0,0,0,0,0,0,0,0,0,0,0,0,0,0,0.9770476,1,0.9858496,0.9657133,0,0,0,0,0,0,0,0,0,0,0,0,0,0,0,0,0,0,0,0,0,0,0,0,0,0.7951161,0.8462121,0.8114038,0.9367561,1,0.9250948,0,0,0,0,0,0,0,0,0,0,0,0,0,0,0,0,0,0,0,0,0,0,0,0,0,0,0,0,0.9215624,0.9147136,0,1,0.9765131,0,0,0,0,0,0,0,0,0,0,0,0,0,0,0,0,0,0,0,0,0,0,0,0,0,0,0,0,0.933163,0.9394627,0,0.9217076,1,0.979875,0.9599376,0.8882724,0,0,0,0,0,0,0,0,0,0,0,0
0,0,0,0,0,0,0,0,0,0,0,0,0.8372869,0.8755009,0.9010699,0.955585,1,0.9237884,0,0,0,0,0,0,0,0,0,0,0,0,0,0,0,0,0,0,0,0,0,0,0,0,0,0,0,0,0,0,0,0.9930739,1,0.9814612,0,0,0,0,0,0,0,0,0,0,0,0,0,0,0,0,0,0,0,0,0,0,0,0,0,0,0,0,0,0.9340128,1,0.9165678,0,0,0,0,0,0,0,0,0,0,0,0,0,0,0,0,0,0,0,0,0,0,0,0,0,0,0,0,0,0.9092888,0.8740899,1,0.9717149,0,0,0,0,0,0,0,0,0,0,0,0,0,0,0,0,0,0,0,0,0,0,0,0,0,0,0,0,0.8652384,0.9196215,0.8939387,0.9536517,1,0.9126078,0,0,0,0,0,0,0,0,0,0,0,0,0,0
0,0,0,0,0,0,0,0,0,0,0,0,0.7268725,0.8223788,0.8696618,0.9364366,1,0.919071,0,0,0,0,0,0,0,0,0,0,0,0,0,0,0,0,0,0,0,0,0,0,0,0,0,0,0,0,0.9385695,1,0.9896469,0.9947882,0,0.9093674,0,0.9954721,0.9759251,0.8660967,0,0,0,0,0,0,0,0,0,0,0,0,0,0,0,0,0,0,0,0,0,0,0.6977631,0.6826174,0.7189273,0.9229212,1,0.8954901,0.7214413,0.71215,0,0,0,0,0,0,0,0,0,0,0,0,0,0,0,0,0,0,0,0,0,0,0,0,0,0.7096785,0.7160504,0.8594792,0.847716,1,0.9521049,0.7416736,0.7605204,0.7122353,0,0,0,0,0,0,0,0,0,0,0,0,0,0,0,0,0,0,0,0,0,0,0,0,0,0,0.8383042,0.8808179,0.9250829,1,0.8665675,0.8302268,0.8322422,0.7594994,0,0,0,0,0,0,0,0,0,0,0
0,0,0,0,0,0,0,0,0,0,0,0,0,0.7532181,0.6767499,0.8976001,1,0.9224648,0,0,0,0,0,0,0,0,0,0,0,0,0,0,0,0,0,0,0,0,0,0,0,0,0,0,0,0,0.8145834,0.9048463,0.9593359,1,0.9381235,0,0.9518136,0.8804442,0,0,0,0,0,0,0,0,0,0,0,0,0,0,0,0,0,0,0,0,0,0,0,0,0,0,0.7063292,0.9484497,1,0.892452,0.6656126,0.6713029,0,0,0,0,0,0,0,0,0,0,0,0,0,0,0,0,0,0,0,0,0,0,0,0,0,0,0.7693486,0.8308166,0.8051973,1,0.9656408,0.7890871,0.7020881,0.6745489,0,0,0,0,0,0,0,0,0,0,0,0,0,0,0,0,0,0,0,0,0,0,0,0,0,0,0.6938025,0.8020479,0.9167573,1,0.8900563,0.7183934,0.7427045,0.6736153,0,0,0,0,0,0,0,0,0,0,0
0,0,0,0,0,0,0,0,0,0,0,0,0,0,0.7478967,0.9487649,1,0.8738481,0,0,0,0,0,0,0,0,0,0,0,0,0,0,0,0,0,0,0,0,0,0,0,0,0,0,0,0,0,0,0.8865036,1,0.9920944,0.7939149,0.8027931,0,0,0,0,0,0,0,0,0,0,0,0,0,0,0,0,0,0,0,0,0,0,0,0,0,0,0,0.679557,0.9404293,1,0.8787525,0.6092572,0,0,0,0,0,0,0,0,0,0,0,0,0,0,0,0,0,0,0,0,0,0,0,0,0,0,0,0,0.7309114,0.7848372,1,0.9725264,0.6938395,0,0,0,0,0,0,0,0,0,0,0,0,0,0,0,0,0,0,0,0,0,0,0,0,0,0,0,0,0,0.7789967,0.9374287,1,0.8334345,0.7745038,0,0,0,0,0,0,0,0,0,0,0,0,0
0,0,0,0,0,0,0,0,0,0,0,0,0,0,0,0.9254776,1,0.8971495,0,0,0,0,0,0,0,0,0,0,0,0,0,0,0,0,0,0,0,0,0,0,0,0,0,0,0,0,0,0,0.8604749,1,0.9768039,0.7642487,0,0,0,0,0,0,0,0,0,0,0,0,0,0,0,0,0,0,0,0,0,0,0,0,0,0,0,0,0,0.9555609,1,0.87132,0,0,0,0,0,0,0,0,0,0,0,0,0,0,0,0,0,0,0,0,0,0,0,0,0,0,0,0,0,0,0.8916903,1,0.9514487,0.7341003,0,0,0,0,0,0,0,0,0,0,0,0,0,0,0,0,0,0,0,0,0,0,0,0,0,0,0,0,0,0.8134302,0.9898497,1,0.8329203,0,0,0,0,0,0,0,0,0,0,0,0,0,0
0,0,0,0,0,0,0,0,0,0,0,0,0,0,0,0.9226434,1,0.8679361,0.8268767,0.7590971,0.6535921,0,0,0,0,0,0,0,0,0,0,0,0,0,0,0,0,0,0,0,0,0,0,0,0,0,0.716408,0.8493158,0,1,0.9381169,0.7920389,0.7578248,0.6837174,0,0,0,0,0,0,0,0,0,0,0,0,0,0,0,0,0,0,0,0,0,0,0,0,0,0,0.7069789,0.9553168,1,0.846249,0.7461735,0.6874958,0.5967119,0,0,0,0,0,0,0,0,0,0,0,0,0,0,0,0,0,0,0,0,0,0,0,0,0,0,0,0.8754335,1,0.9454629,0.7466269,0.5676825,0,0,0,0,0,0,0,0,0,0,0,0,0,0,0,0,0,0,0,0,0,0,0,0,0,0,0,0.6995114,0.7384758,0.9658358,1,0.8580059,0.7422881,0.6483982,0,0,0,0,0,0,0,0,0,0,0,0
0,0,0,0,0,0,0,0,0,0,0,0,0,0,0,0.926633,1,0.9156547,0.8453493,0.8709492,0.8206726,0.7149835,0,0,0,0,0,0,0,0,0,0,0,0,0,0,0,0,0,0,0,0,0,0,0,0.7663559,0.7741156,0.9208289,0.7484817,0.9795566,1,0.9019731,0.8384656,0.8239461,0.7466156,0,0,0,0,0,0,0,0,0,0,0,0,0,0,0,0,0,0,0,0,0,0,0,0,0.6148952,0.7008467,0.9473505,1,0.8787618,0.7375224,0.7468145,0.6410221,0.6251438,0,0,0,0,0,0,0,0,0,0,0,0,0,0,0,0,0,0,0,0,0,0,0,0,0,0.6834383,0.8963037,1,0.9323707,0.8346277,0.8526111,0.7687702,0,0,0,0,0,0,0,0,0,0,0,0,0,0,0,0,0,0,0,0,0,0,0,0,0,0.6767597,0.7870561,0.8530267,1,0.9965368,0.7682397,0.8600721,0.8533207,0.6939569,0,0,0,0,0,0,0,0,0,0,0
0,0,0,0,0,0,0,0,0,0,0,0,0,0,0.6360674,0.9327263,1,0.8926102,0.8842951,0.850643,0.8056951,0.745437,0,0,0,0,0,0,0,0,0,0,0,0,0,0,0,0,0,0,0,0,0,0,0.7971957,0.7506151,0.8817293,1,0.9925548,0.9934925,0.9694357,0.8995777,0.9351825,0.9778604,0.8498993,0,0,0,0,0,0,0,0,0,0,0,0,0,0,0,0,0,0,0,0,0,0,0,0,0.662603,0.7064598,0.9509483,1,0.8745131,0.8170421,0.8572885,0.816986,0.7006335,0,0,0,0,0,0,0,0,0,0,0,0,0,0,0,0,0,0,0,0,0,0,0.6519184,0.6646665,0.6936501,0.6334751,0.7724239,1,0.9658695,0.7487594,0.882312,0.8818637,0.7870765,0.6594173,0,0,0,0,0,0,0,0,0,0,0,0,0,0,0,0,0,0,0,0,0,0.7480253,0.7087333,0,0.7570322,0.6700805,0.9837893,1,0,0.6948245,0.8555893,0.8925503,0.7378684,0,0,0,0,0,0,0,0,0,0
0,0,0,0,0,0,0,0,0,0,0,0,0,0,0,0.9323348,1,0.8507926,0.8970236,0.8108292,0.8175819,0.7568607,0,0,0,0,0,0,0,0,0,0,0,0,0,0,0,0,0,0,0,0,0,0.8028697,0.844397,0,0.8672382,0.8684524,1,0.8552696,0.8428398,0,0.8418162,0.9571967,0.8607096,0,0,0,0,0,0,0,0,0,0,0,0,0,0,0,0,0,0,0,0,0,0,0,0,0,0.7270439,0.9592478,1,0.871773,0.7622467,0.7867158,0.668567,0.7180697,0,0,0,0,0,0,0,0,0,0,0,0,0,0,0,0,0,0,0,0,0,0,0,0.6845196,0.6459197,0.7615517,0.7751125,1,0.9766951,0.849643,0.6856989,0.7239938,0.8281505,0.7136768,0,0,0,0,0,0,0,0,0,0,0,0,0,0,0,0,0,0,0,0,0.7105849,0.7895027,0.8182405,0.7100391,0.7683381,0.8930036,0.9983901,1,0.9156711,0.8893259,0.9163471,0.8509514,0.797565,0,0,0,0,0,0,0,0,0,0
0,0,0,0,0,0,0,0,0,0,0,0,0,0,0.6816646,0.9207804,1,0.8930709,0.7186558,0.8156018,0.7990369,0.715839,0,0,0,0,0,0,0,0,0,0,0,0,0,0,0,0,0,0,0,0,0,0.7879283,0.8649941,0.9244145,0.9049602,0.9611948,0.9435766,0.986329,1,0.94396,0.8696558,0,0,0,0,0,0,0,0,0,0,0,0,0,0,0,0,0,0,0,0,0,0,0,0,0,0.6526836,0.7678815,0.8294977,0.9708194,1,0.8765643,0.7609501,0.7663324,0.7433393,0.6381029,0,0,0,0,0,0,0,0,0,0,0,0,0,0,0,0,0,0,0,0,0,0,0,0,0,0,0.9125123,1,0.9247677,0.7767727,0.8482858,0.8171148,0.7778149,0.6493201,0,0,0,0,0,0,0,0,0,0,0,0,0,0,0,0,0,0,0,0,0,0.8572588,0.8218446,0.9345962,0.9332458,0.8853874,0.7971175,0.9075015,0.9211555,0.9808463,1,0.9325209,0.8463348,0,0,0,0,0,0,0,0,0,0
0,0,0,0,0,0,0,0,0,0,0,0,0,0,0.6912473,0.9314324,1,0.941153,0.8457372,0.7465106,0,0,0,0,0,0,0,0,0,0,0,0,0,0,0,0,0,0,0,0,0,0,0,0.7853969,0.9160195,0.9178522,0.8929214,0.8445884,0.8938054,1,0.9499597,0.760521,0,0,0,0,0,0,0,0,0,0,0,0,0,0,0,0,0,0,0,0,0,0,0,0,0.6983429,0.7390079,0.6682808,0,0.764737,0.9486077,1,0.8939602,0.7154264,0.7231552,0,0.6159832,0,0,0,0,0,0,0,0,0,0,0,0,0,0,0,0,0,0,0,0,0,0.670594,0.7782577,0.8000332,0.8022081,0.7864903,0.8293177,1,0.9865824,0.8451185,0.8310694,0.7504463,0,0,0,0,0,0,0,0,0,0,0,0,0,0,0,0,0,0,0,0,0,0,0.7492278,0.8268076,0.9335902,0.9465786,0.9298713,0.8858173,0.9664571,1,0.9732318,0.9505531,0.8792642,0.7580741,0,0,0,0,0,0,0,0,0,0,0
0,0,0,0,0,0,0,0,0,0,0,0,0,0,0.7143225,0.9552634,1,0.8265396,0.8158122,0.758621,0,0,0,0,0,0,0,0,0,0,0,0,0,0,0,0,0,0,0,0,0,0,0,0,0,0.9393257,0.992512,1,0.9787983,0.8614391,0.8866423,0.8507382,0,0,0,0,0,0,0,0,0,0,0,0,0,0,0,0,0,0,0,0,0,0,0,0,0.7572983,0.777627,0.727865,0.8181333,0.8418247,0.9715532,1,0.8568159,0.8413269,0.7819251,0.6557123,0,0,0,0,0,0,0,0,0,0,0,0,0,0,0,0,0,0,0,0,0,0,0,0.7193007,0,0,0,0.857823,1,0.9544911,0.8966783,0.9216612,0.7775218,0,0,0,0,0,0,0,0,0,0,0,0,0,0,0,0,0,0,0.8111272,0.8268322,0,0,0.8393035,0.9449403,0.9524204,0.9773709,1,0.8672138,0.9882776,0.9858117,0.8676942,0.9771055,0.9106373,0,0,0,0,0,0,0,0,0,0,0,0
0,0,0,0,0,0,0,0,0,0,0,0,0,0,0.7584618,0.9399661,1,0.9213361,0.7562848,0,0,0,0,0,0,0,0,0,0,0,0,0,0,0,0,0,0,0,0,0,0,0,0,0,0.8378943,0.8619815,0.8048152,0.9573483,0.9622716,1,0.9498155,0,0,0,0,0,0,0,0,0,0,0,0,0,0,0,0,0,0,0,0,0,0,0,0,0,0.7175726,0.7107041,0.7362236,0,0.7244086,0.9427747,1,0.8943387,0.8370687,0,0,0,0,0,0,0,0,0,0,0,0,0,0,0,0,0,0,0,0,0,0,0,0,0,0.7535549,0.694289,0.7595152,0.7869728,0.8944882,1,0.9813433,0.9133967,0.8322862,0.694372,0,0,0,0,0,0,0,0,0,0,0,0,0,0,0,0,0,0,0,0,0,0,0,0.8030614,0.8824119,0.7751877,0.973371,0.9078411,0.9161189,1,0.9624251,0.9373807,0.7810681,0,0,0,0,0,0,0,0,0,0,0,0
0,0,0,0,0,0,0,0,0,0,0,0,0,0,0,0.9142973,1,0.8900567,0.8414531,0.7832332,0,0,0,0,0,0,0,0,0,0,0,0,0,0,0,0,0,0,0,0,0,0,0,0,0.8720286,0.9445211,0.9836163,0.9246309,0.8678265,1,0.9921283,0.8155581,0,0,0,0,0,0,0,0,0,0,0,0,0,0,0,0,0,0,0,0,0,0,0,0,0.7171081,0.7842976,0.7684937,0,0.7969929,0.9579962,1,0.880929,0.7713175,0.7062824,0,0,0,0,0,0,0,0,0,0,0,0,0,0,0,0,0,0,0,0,0,0,0,0,0.7750437,0.81384,0.8316639,0.7970116,0.8715613,1,0.9705142,0.7933786,0.7734421,0,0,0,0,0,0,0,0,0,0,0,0,0,0,0,0,0,0,0,0,0,0,0,0,0.8804254,0.912606,1,0.930083,0.8198122,0.965279,0.9907059,0.9316457,0.8392732,0,0,0,0,0,0,0,0,0,0,0,0,0
0,0,0,0,0,0,0,0,0,0,0,0,0,0,0.7122831,0.9360063,1,0.7855171,0.9019632,0.8643056,0.6647999,0,0,0,0,0,0,0,0,0,0,0,0,0,0,0,0,0,0,0,0,0,0,0,0,0.8654616,0.8826647,0.9349064,0.924248,1,0.9448322,0,0,0,0,0,0,0,0,0,0,0,0,0,0,0,0,0,0,0,0,0,0,0,0,0,0,0.6463137,0.7754153,0.7553573,0.6896505,0.9471854,1,0.8820118,0.7879747,0.7105619,0.6443471,0,0,0,0,0,0,0,0,0,0,0,0,0,0,0,0,0,0,0,0,0,0,0,0,0.670559,0.637636,0.6363931,0.8849175,1,0.9482455,0.8406969,0.8325967,0.6675231,0,0.6829322,0.6891783,0,0,0,0,0,0,0,0,0,0,0,0,0,0,0,0,0,0,0,0,0.8380502,0.9389513,0.9758795,1,0.909847,0.9650198,0.9588701,0,0.9215145,0.8770439,0.8001006,0.7393975,0,0,0,0,0,0,0,0,0,0
0,0,0,0,0,0,0,0,0,0,0,0,0,0,0,0.9178212,1,0.8867401,0.7633854,0.8418543,0.7609202,0,0,0,0,0,0,0,0,0,0,0,0,0,0,0,0,0,0,0,0,0,0,0,0,0.8870137,0.9650473,0.9250271,0.8250812,1,0.9561533,0,0,0,0,0,0,0,0,0,0,0,0,0,0,0,0,0,0,0,0,0,0,0,0,0,0,0,0.724201,0.7327085,0.7840614,0.9557576,1,0.8722003,0.6549828,0.7818108,0.7670003,0.6354464,0,0,0,0,0,0,0,0,0,0,0,0,0,0,0,0,0,0,0,0,0,0,0,0.7234364,0.7835959,0.7076054,0.8957444,1,0.937617,0.7830804,0.7223338,0.7980244,0.77224,0.7162595,0,0,0,0,0,0,0,0,0,0,0,0,0,0,0,0,0,0,0,0,0,0.7621623,0.8092592,0.8980939,0.8395447,0.9257441,0.9313833,1,0.8930534,0,0.8918344,0.8118376,0,0,0,0,0,0,0,0,0,0,0
0,0,0,0,0,0,0,0,0,0,0,0,0,0,0.6128628,0.8911977,1,0.9429409,0.784002,0.6863626,0.6737525,0.6622493,0.6383408,0,0,0,0,0,0,0,0,0,0,0,0,0,0,0,0,0,0,0,0,0,0,0.6916736,0,0.8916053,0.9547997,1,0.9886753,0.7951819,0,0,0,0,0,0,0,0,0,0,0,0,0,0,0,0,0,0,0,0,0,0,0,0,0,0,0,0.6246251,0.66346,0.9412144,1,0.8389024,0.7143754,0.74185,0.705052,0,0,0,0,0,0,0,0,0,0,0,0,0,0,0,0,0,0,0,0,0,0,0,0,0.6368753,0.6501137,0.7102144,0.7314811,1,0.99954,0.8330228,0.775212,0.7314996,0.7386261,0.5986954,0.6427268,0,0,0,0,0,0,0,0,0,0,0,0,0,0,0,0,0,0,0,0,0,0.7603455,0.8747061,0.8957191,0.793222,1,0.9832525,0.8637967,0.7989753,0.8203528,0.9035953,0.8416296,0,0,0,0,0,0,0,0,0,0
0,0,0,0,0,0,0,0,0,0,0,0,0,0,0.7695116,0.9078506,1,0.9727052,0.899356,0.845786,0.7043822,0.7488057,0,0,0,0,0,0,0,0,0,0,0,0,0,0,0,0,0,0,0,0,0,0,0,0,0,0.8622395,0.9265406,0.9305691,1,0.8685129,0,0,0,0,0,0,0,0,0,0,0,0,0,0,0,0,0,0,0,0,0,0,0,0,0,0,0,0,0.8035099,0.9469758,1,0.8855424,0.8235433,0.7655122,0.6981611,0.7035795,0.6530023,0,0,0,0,0,0,0,0,0,0,0,0,0,0,0,0,0,0,0,0,0,0,0,0.7188324,0.7155409,0.8999297,1,0.978173,0.7705377,0.8338158,0.8097025,0.7616703,0,0,0,0,0,0,0,0,0,0,0,0,0,0,0,0,0,0,0,0,0,0,0,0,0.8379152,0.9205698,1,0.9794739,0.8820067,0.9208595,0.9065458,0.8946334,0.7939263,0,0,0,0,0,0,0,0,0,0,0
0,0,0,0,0,0,0,0,0,0,0,0,0.6864271,0.7696636,0.7614288,0.9356743,1,0.732419,0.8555625,0.838536,0.9108483,0.8631136,0.738812,0,0,0,0,0,0,0,0,0,0,0,0,0,0,0,0,0,0,0,0,0,0,0.7460848,0.8116052,0.8396681,0.8674877,1,0.9259766,0.8591147,0.7322025,0,0,0,0,0,0,0,0,0,0,0,0,0,0,0,0,0,0,0,0,0,0,0,0,0,0.6538683,0.7367736,0.755498,0.9346324,1,0.9004195,0.7968436,0.6524064,0.7284752,0.7176341,0,0,0,0,0,0,0,0,0,0,0,0,0,0,0,0,0,0,0,0,0,0,0,0,0.736507,0.7780097,0.8450162,1,0.9538826,0.9013544,0.8031765,0.8157035,0.789126,0.683943,0.6856499,0,0,0,0,0,0,0,0,0,0,0,0,0,0,0,0,0,0,0,0,0,0,0.7952703,0.8544773,0,0.922533,1,0.9786088,0.7760515,0.8741954,0.845632,0,0,0,0,0,0,0,0,0,0,0
0,0,0,0,0,0,0,0,0,0,0,0,0,0.7779814,0.835189,0.9229183,1,0.9430858,0.8961681,0.9025425,0.8144299,0,0,0,0,0,0,0,0,0,0,0,0,0,0,0,0,0,0,0,0,0,0,0,0.8522784,0.955877,0.9410434,0.9109786,0.9159085,1,0.9907058,0,0,0,0,0,0,0,0,0,0,0,0,0,0,0,0,0,0,0,0,0,0,0,0,0,0,0.673183,0.6836788,0.7416569,0.7825432,0.9041907,1,0.9269146,0.7552562,0.7942102,0.7162266,0,0,0,0,0,0,0,0,0,0,0,0,0,0,0,0,0,0,0,0,0,0,0,0,0.7178967,0.7807409,0.798894,0.8719368,1,0.969685,0.878082,0.8743494,0.8195768,0.7495645,0.7239745,0.6820459,0,0,0,0,0,0,0,0,0,0,0,0,0,0,0,0,0,0,0,0,0,0,0.8003838,0,0.8425696,0.9627969,1,0.9017568,0.8457055,0.8213872,0.7603199,0,0,0,0,0,0,0,0,0,0,0
