GestureName: arrow
Duration(ms): 1410
Handedness: right

SpeakerAngles: 5
55
-55
0
0
110

SpeakerElevations: 5
-10
-10
-10
0
30

InterpretedPoints: 30
0,0,0
0,0,0
0,0,0
0,0,0
0,0,0
0,0,0
1.62759536269875,-0.592396265452048,1
4.87569569085847,12.3970857516763,0.416221867996835
0.820888078587149,6.23191634186607,0.131759111665348
12.164422836814,21.8613040441997,1.37433280199525
6.48201986184389,4.91454801804757,1.30540728933228
2.42721224957257,2.58926907133452,1.02094453300079
0,0,0
0,0,0
-0.806707284111599,0.564862521463624,-0.17364817766693
0,5.96961550602442,-0.347296355333861
4.06189800950909,5.49460278649898,1.30540728933228
1.6417761571743,0.92974026503536,1.47905546699921
0,0,0
0,0,0
-1.63468575993652,-3.66107587629776,-1.15270364466614
-2.45557383852367,-3.90818446515162,-1.45811093399842
-4.88987648533402,-9.80468948622424,-1.41622186799684
-2.42721224957257,-3.93286745915289,0.541889066001582
-2.43430264681035,-4.08699905195103,-0.305407289332279
0.806707284111599,-2.56486252146362,0.17364817766693
0,0,0
-2.4201218523348,3.69458756439087,-0.520944533000791
0,-0.969615506024416,0.347296355333861
-7.28163674871771,-8.05063661387076,-0.805407289332278

StrokePoints: 31
0,0,0
0,0,0
0,0,0
0,0,0
0,0,0
0,0,0
0,0,0
1.62759536269875,-0.592396265452048,1
6.50329105355722,11.8046894862242,1.41622186799684
7.32417913214436,18.0366058280903,1.54798097966218
19.4886019689583,39.89790987229,2.92231378165744
25.9706218308022,44.8124578903376,4.22772107098972
28.3978340803748,47.4017269616721,5.24866560399051
28.3978340803748,47.4017269616721,5.24866560399051
28.3978340803748,47.4017269616721,5.24866560399051
27.5911267962632,47.9665894831357,5.07501742632358
27.5911267962632,53.9362049891601,4.72772107098972
31.6530248057723,59.4308077756591,6.03312836032199
33.2948009629466,60.3605480406945,7.5121838273212
33.2948009629466,60.3605480406945,7.5121838273212
33.2948009629466,60.3605480406945,7.5121838273212
31.66011520301,56.6994721643967,6.35948018265506
29.2045413644864,52.7912876992451,4.90136924865665
24.3146648791524,42.9865982130208,3.48514738065981
21.8874526295798,39.053730753868,4.02703644666139
19.4531499827694,34.9667317019169,3.72162915732911
20.259857266881,32.4018691804533,3.89527733499604
20.259857266881,32.4018691804533,3.89527733499604
17.8397354145462,36.0964567448442,3.37433280199525
17.8397354145462,35.1268412388198,3.72162915732911
10.5580986658285,27.076204624949,2.91622186799684

Velocities: 30
0,0,0
0,0,0
0,0,0
0,0,0
0,0,0
0,0,0
0,0,0
4,3,5
2,3,0
8,2,8
3,-1,2
0,-2,-1
0,0,0
0,0,0
0,1,0
0,0,2
2,1,1
0,2,1
0,0,0
0,0,0
0,-1,-1
-2,-4,0
-3,-4,-5
-3,-1,-2
-2,-1,-1
0,-1,0
0,0,0
0,3,0
0,0,-2
-3,3,-4

InverseVelocities: 30
0,0,0
0,0,0
0,0,0
0,0,0
0,0,0
0,0,0
0,0,0
0,0,0
0,0,0
0,-2,0
0,0,0
0,0,0
0,0,0
0,0,0
0,0,0
0,0,0
0,0,0
0,0,0
0,0,0
0,0,0
0,0,0
0,0,0
0,0,0
0,0,0
0,0,0
0,0,0
0,0,0
0,0,0
0,0,0
0,0,0

RawData: 30
0,0,0,0,0,0,0,0,0,0,0,0,0,0,0,0.9035852,1,0.9116638,0,0,0,0,0,0,0,0,0,0,0,0,0,0,0,0,0,0,0,0,0,0,0,0,0,0,0,0,0,0,0.8472981,0.9974265,1,0.8619344,0,0,0,0,0,0,0,0,0,0,0,0,0,0,0,0,0,0,0,0,0,0,0,0,0,0,0,0,0,0.9209491,1,0.8921107,0.7066004,0,0,0,0,0,0,0,0,0,0,0,0,0,0,0,0,0,0,0,0,0,0,0,0,0,0,0,0,0,0.8319737,1,0.9790602,0.7207751,0,0,0,0,0,0,0,0,0,0,0,0,0,0,0,0,0,0,0,0,0,0,0,0,0,0,0,0,0,0,1,0.9327589,0.9367463,0,0,0,0,0,0,0,0,0,0,0,0,0,0
0,0,0,0,0,0,0,0,0,0,0,0,0,0,0,0.8773929,1,0.9119233,0,0,0,0,0,0,0,0,0,0,0,0,0,0,0,0,0,0,0,0,0,0,0,0,0,0,0,0,0,0,0.8338718,0.870922,1,0.8349947,0,0,0,0,0,0,0,0,0,0,0,0,0,0,0,0,0,0,0,0,0,0,0,0,0,0,0,0,0.6161209,0.9401645,1,0.8778257,0,0,0,0,0,0,0,0,0,0,0,0,0,0,0,0,0,0,0,0,0,0,0,0,0,0,0,0,0,0,0.8298271,1,0.9805287,0.7410688,0,0,0,0,0,0,0,0,0,0,0,0,0,0,0,0,0,0,0,0,0,0,0,0,0,0,0,0,0,0.851962,0.9170665,1,0.8872287,0,0,0,0,0,0,0,0,0,0,0,0,0,0
0,0,0,0,0,0,0,0,0,0,0,0,0,0,0,0.9004517,1,0.9147585,0,0,0,0,0,0,0,0,0,0,0,0,0,0,0,0,0,0,0,0,0,0,0,0,0,0,0,0,0,0,0.9208315,1,0.9397194,0,0,0,0,0,0,0,0,0,0,0,0,0,0,0,0,0,0,0,0,0,0,0,0,0,0,0,0,0,0.6983839,0.9422954,1,0.8879141,0,0,0,0,0,0,0,0,0,0,0,0,0,0,0,0,0,0,0,0,0,0,0,0,0,0,0,0,0,0.6110697,0.7873617,1,0.9832414,0.7362359,0,0,0,0,0,0,0,0,0,0,0,0,0,0,0,0,0,0,0,0,0,0,0,0,0,0,0,0,0,0.8069979,0.9913842,1,0.8213356,0,0,0,0,0,0,0,0,0,0,0,0,0,0
0,0,0,0,0,0,0,0,0,0,0,0,0,0,0,0.9187244,1,0.9209516,0,0,0,0,0,0,0,0,0,0,0,0,0,0,0,0,0,0,0,0,0,0,0,0,0,0,0,0,0,0,0.9114357,1,0.9469081,0,0,0,0,0,0,0,0,0,0,0,0,0,0,0,0,0,0,0,0,0,0,0,0,0,0,0,0,0,0.7044267,0.9137199,1,0.910648,0,0,0,0,0,0,0,0,0,0,0,0,0,0,0,0,0,0,0,0,0,0,0,0,0,0,0,0,0,0,0.8647981,1,0.9726055,0.733662,0,0,0,0,0,0,0,0,0,0,0,0,0,0,0,0,0,0,0,0,0,0,0,0,0,0,0,0,0,0.8474989,0.9946596,1,0.8519956,0,0,0,0,0,0,0,0,0,0,0,0,0,0
0,0,0,0,0,0,0,0,0,0,0,0,0,0,0,0.9226136,1,0.9067861,0,0,0,0,0,0,0,0,0,0,0,0,0,0,0,0,0,0,0,0,0,0,0,0,0,0,0,0,0,0,0.8571419,1,0.9991423,0.801989,0,0,0,0,0,0,0,0,0,0,0,0,0,0,0,0,0,0,0,0,0,0,0,0,0,0,0,0,0.638883,0.9431897,1,0.8866342,0,0,0,0,0,0,0,0,0,0,0,0,0,0,0,0,0,0,0,0,0,0,0,0,0,0,0,0,0,0,0.8598635,1,0.9605203,0.7079995,0,0,0,0,0,0,0,0,0,0,0,0,0,0,0,0,0,0,0,0,0,0,0,0,0,0,0,0,0,0.9674475,1,0.9695279,0.9806927,0,0,0,0,0,0,0,0,0,0,0,0,0,0
0,0,0,0,0,0,0,0,0,0,0,0,0,0,0,0.9305111,1,0.8987176,0,0,0,0,0,0,0,0,0,0,0,0,0,0,0,0,0,0,0,0,0,0,0,0,0,0,0,0,0,0,0,1,0.9846094,0.9638386,0,0,0,0,0,0,0,0,0,0,0,0,0,0,0,0,0,0,0,0,0,0,0,0,0,0,0,0,0.6562721,0.9533544,1,0.8889114,0,0,0,0,0,0,0,0,0,0,0,0,0,0,0,0,0,0,0,0,0,0,0,0,0,0,0,0,0,0,0.8820857,1,0.9475902,0,0,0,0,0,0,0,0,0,0,0,0,0,0,0,0,0,0,0,0,0,0,0,0,0,0,0,0,0,0,0,1,0.9632159,0,0,0,0,0,0,0,0,0,0,0,0,0,0,0
0,0,0,0,0,0,0,0,0,0,0,0,0,0,0,0.9414825,1,0.834932,0.7915795,0.6936486,0,0,0,0,0,0,0,0,0,0,0,0,0,0,0,0,0,0,0,0,0,0,0,0,0,0,0,0,0,0.9471089,1,0.9517326,0.8050488,0,0,0,0,0,0,0,0,0,0,0,0,0,0,0,0,0,0,0,0,0,0,0,0,0,0,0,0,0.9585208,1,0.8735147,0.7714188,0.6677115,0,0,0,0,0,0,0,0,0,0,0,0,0,0,0,0,0,0,0,0,0,0,0,0,0,0,0,0,0.884138,1,0.9556717,0.7901216,0.6842094,0,0,0,0,0,0,0,0,0,0,0,0,0,0,0,0,0,0,0,0,0,0,0,0,0,0,0,0,0,0.9490176,1,0.9572842,0.9377072,0.8797936,0.7632723,0,0,0,0,0,0,0,0,0,0,0
0,0,0,0,0,0,0,0,0,0,0,0,0,0,0,0.9231251,1,0.8774661,0.7574865,0.6546388,0,0,0.5696384,0.568921,0,0,0,0,0,0,0,0,0,0,0,0,0,0,0,0,0,0,0,0,0,0,0,0.6751329,0.8809486,1,0.888362,0.7483461,0.9410328,0.9640933,0.8857678,0.7443691,0,0,0,0,0,0,0,0,0,0,0,0,0,0,0,0,0,0,0,0,0,0,0,0,0,0.942577,1,0.8595095,0.7610983,0.7662081,0.7568625,0.6749174,0.5450143,0.6096964,0.565624,0,0,0,0,0,0,0,0,0,0,0,0,0,0,0,0,0,0,0,0,0,0,0,0.8815618,1,0.9375539,0.7654294,0.7883859,0.7677947,0.7137272,0.6521701,0.606248,0.5813565,0,0,0,0,0,0,0,0,0,0,0,0,0,0,0,0,0,0,0,0,0,0,0,0.7250041,0.9675423,1,0.8785749,0.912045,0.9288243,0.8375553,0.7576576,0.7003083,0.6189927,0,0,0,0,0,0,0,0
0,0,0,0,0,0,0,0,0,0,0,0,0,0,0,0.94003,1,0.8640845,0.845599,0.7978191,0.7648938,0.7610025,0,0,0,0,0,0,0,0,0,0,0,0,0,0,0,0,0,0,0,0,0,0,0,0,0,0,0,0.9752555,1,0.9104165,0.9089715,0.8778434,0.9272452,0.884758,0,0,0,0,0,0,0,0,0,0,0,0,0,0,0,0,0,0,0,0,0,0,0,0,0.715162,0.9620352,1,0.8726144,0.7432081,0.7558628,0,0,0,0,0,0,0,0,0,0,0,0,0,0,0,0,0,0,0,0,0,0,0,0,0,0,0,0,0.8981341,1,0.9499968,0.8343456,0.8109621,0,0.7450075,0.7847093,0.7559149,0,0,0,0,0,0,0,0,0,0,0,0,0,0,0,0,0,0,0,0,0,0,0,0,0.7907687,0.9917151,1,0.7866772,0.7763352,0.8091732,0.8062055,0,0,0,0,0,0,0,0,0,0,0
0,0,0,0,0,0,0,0,0,0,0,0,0,0,0,0.9261687,1,0.8828939,0,0.648531,0.6211337,0.7119132,0.7554488,0.7463819,0.7032455,0.6808646,0.7227572,0.621557,0,0,0,0,0,0,0,0,0,0,0,0,0,0,0,0,0.8352928,0.8383613,0.8327503,0.7543323,0.9225263,0.9982288,1,0,0.7823046,0,0.7482846,0,0,0,0,0,0,0,0,0,0,0,0,0,0,0,0,0,0,0,0,0,0,0,0,0.5768534,0.7116874,0.9582138,1,0.8732839,0.6963671,0.6387804,0.5710441,0.5705761,0.6463817,0.6746348,0.6693907,0.5528727,0.6088877,0.5607659,0,0,0,0,0,0,0,0,0,0,0,0,0,0,0,0,0,0,0,0,0.7889871,1,0.9405712,0.6763664,0.6905646,0.6869766,0.7144706,0.7479109,0,0.6417733,0.6780418,0,0,0,0.6922736,0.671488,0,0,0,0,0,0,0,0,0,0,0,0,0,0,0,0,0,0.6810504,0.9676933,1,0.8622553,0.6979972,0.6790461,0.6471022,0,0.6622556,0.6420062,0.6871736,0.6862265,0.6797164,0.6355834,0,0,0,0
0,0,0,0,0,0,0,0,0,0,0,0,0,0,0,0.917085,1,0.9158717,0,0.7848766,0.8262365,0.8324631,0.8109348,0,0,0,0,0,0,0,0,0,0,0,0,0,0,0,0,0,0,0,0,0,0,0.9537089,0.9473014,0,0,1,0,0,0,0,0,0,0,0,0,0,0,0,0,0,0,0,0,0,0,0,0,0,0,0,0,0,0,0,0,0,0,0.9532779,1,0.8787686,0,0,0,0.7297757,0,0,0,0,0,0,0,0,0,0,0,0,0,0,0,0,0,0,0,0,0,0,0,0,0,0,0.8825569,1,0.9409156,0,0.7821829,0,0,0.7633626,0,0,0,0,0,0,0,0,0,0,0,0,0,0,0,0,0,0,0,0,0,0,0,0,0,0,0.9751203,1,0.8182649,0,0,0.7638111,0.7564851,0.7473239,0,0,0,0,0,0,0,0,0
0,0,0,0,0,0,0,0,0,0,0,0,0,0,0.640408,0.9262294,1,0.8372476,0.7137357,0,0,0,0,0,0,0,0,0,0,0,0,0,0,0,0,0,0,0,0,0,0,0,0,0,0.6770466,0.7438215,0.8779945,0.8961421,0.934514,1,0.8939568,0,0,0,0,0,0,0,0,0,0,0,0,0,0,0,0,0,0,0,0,0,0,0,0,0,0,0,0.6179338,0.6003339,0.6641768,0.9440228,1,0.8819979,0,0,0,0,0,0,0,0,0,0,0,0,0,0,0,0,0,0,0,0,0,0,0,0,0,0,0,0,0,0.687844,0.7986643,1,0.9182286,0.8259284,0.7788128,0,0.6628862,0.6826842,0.623756,0.6426455,0,0,0,0,0,0,0,0,0,0,0,0,0,0,0,0,0,0,0,0,0.6363005,0.7373045,0.6741629,0.7329645,0.9835371,1,0.811718,0.6918194,0.6020467,0,0,0,0,0,0,0,0,0,0,0,0
0,0,0,0,0,0,0,0,0,0,0,0,0,0,0.7204248,0.945884,1,0.8615373,0,0,0,0,0,0,0,0,0,0,0,0,0,0,0,0,0,0,0,0,0,0,0,0,0,0,0,0,0,0,0.7787729,1,0.9830626,0.7759298,0,0,0,0,0,0,0,0,0,0,0,0,0,0,0,0,0,0,0,0,0,0,0,0,0,0,0,0,0,0.9492367,1,0.8874804,0,0,0,0,0,0,0,0,0,0,0,0,0,0,0,0,0,0,0,0,0,0,0,0,0,0,0,0,0,0,0.8747092,1,0.9703056,0.7208901,0,0,0,0,0,0,0,0,0,0,0,0,0,0,0,0,0,0,0,0,0,0,0,0,0,0,0,0.7431871,0,0.8452532,1,0.9966595,0.7959787,0,0,0,0,0,0,0,0,0,0,0,0,0,0
0,0,0,0,0,0,0,0,0,0,0,0,0,0,0,0.9189063,1,0.9107581,0,0,0,0,0,0,0,0,0,0,0,0,0,0,0,0,0,0,0,0,0,0,0,0,0,0,0,0,0,0,0.8124216,1,0.9817491,0.7131692,0,0,0,0,0,0,0,0,0,0,0,0,0,0,0,0,0,0,0,0,0,0,0,0,0,0,0,0,0.6968896,0.9633945,1,0.8369152,0.6083993,0.65218,0,0,0,0,0,0,0,0,0,0,0,0,0,0,0,0,0,0,0,0,0,0,0,0,0,0,0,0,0.8432674,1,0.9722528,0.7155967,0.6001609,0,0,0,0,0,0,0,0,0,0,0,0,0,0,0,0,0,0,0,0,0,0,0,0,0,0,0,0.679379,0.7760928,0.9997727,1,0,0,0,0,0,0,0,0,0,0,0,0,0,0,0
0,0,0,0,0,0,0,0,0,0,0,0,0,0,0,0.9345627,1,0.8813848,0,0,0,0,0,0,0,0,0,0,0,0,0,0,0,0,0,0,0,0,0,0,0,0,0,0,0,0,0,0,0.8518458,1,0.9683425,0.8506159,0.8442,0.8071645,0,0,0,0,0,0,0,0,0,0,0,0,0,0,0,0,0,0,0,0,0,0,0,0,0,0,0,0.9623708,1,0.9052221,0.7889466,0,0,0,0,0,0,0,0,0,0,0,0,0,0,0,0,0,0,0,0,0,0,0,0,0,0,0,0,0,0.8704312,1,0.9690911,0.7568564,0.7398756,0,0,0,0,0,0,0,0,0,0,0,0,0,0,0,0,0,0,0,0,0,0,0,0,0,0,0,0,0,0.964078,1,0.898634,0,0,0,0,0,0,0,0,0,0,0,0,0,0
0,0,0,0,0,0,0,0,0,0,0,0,0,0,0,0.9271061,1,0.9111528,0,0,0,0,0,0,0,0,0,0,0,0,0,0,0,0,0,0,0,0,0,0,0,0,0,0,0,0,0,0,0.8358254,1,0.9741181,0,0,0,0,0,0,0,0,0,0,0,0,0,0,0,0,0,0,0,0,0,0,0,0,0,0,0,0,0,0,0.9588512,1,0.8744575,0.7749706,0.77095,0.7568151,0.7091214,0,0,0,0,0,0,0,0,0,0,0,0,0,0,0,0,0,0,0,0,0,0,0,0,0,0,0.8716046,1,0.9610555,0.7751905,0.7481146,0,0,0.7354564,0.7264199,0,0,0,0,0,0,0,0,0,0,0,0,0,0,0,0,0,0,0,0,0,0,0,0,0.7570738,0.9714286,1,0.8669147,0.7533849,0,0,0,0,0,0,0,0,0,0,0,0,0
0,0,0,0,0,0,0,0,0,0,0,0,0,0,0.7080063,0.9285763,1,0.8978751,0.7708749,0.702343,0.7134989,0.6386558,0,0,0,0,0,0,0,0,0,0,0,0,0,0,0,0,0,0,0,0,0,0,0,0,0,0,0.8111706,0.9986144,1,0.8590282,0.7732191,0.7119433,0,0,0,0,0,0,0,0,0,0,0,0,0,0,0,0,0,0,0,0,0,0,0,0,0,0.625353,0.6710284,0.9623113,1,0.812279,0.7567638,0.6425136,0.6163393,0,0,0,0,0,0,0,0,0,0,0,0,0,0,0,0,0,0,0,0,0,0,0,0,0,0,0,0.8677852,1,0.9557409,0.7974455,0.7792869,0.6741601,0,0,0.6213989,0,0,0,0,0,0,0,0,0,0,0,0,0,0,0,0,0,0,0,0,0,0,0,0,0.647974,0.9605084,1,0.883387,0.7592526,0,0.6838754,0.6884561,0.642206,0,0,0,0,0,0,0,0,0
0,0,0,0,0,0,0,0,0,0,0,0,0,0.6347898,0.6894577,0.9051759,1,0.9231579,0.775268,0.708604,0,0,0,0,0,0,0,0,0,0,0,0,0,0,0,0,0,0,0,0,0,0,0,0,0,0,0,0,0.8303123,1,0.9741248,0.7493048,0,0.727492,0.7072511,0,0,0,0,0,0,0,0,0,0,0,0,0,0,0,0,0,0,0,0,0,0,0,0,0,0.6455247,0.9259327,1,0.9042585,0.6693466,0.623652,0.6525099,0,0,0,0,0,0,0,0,0,0,0,0,0,0,0,0,0,0,0,0,0,0,0,0,0,0,0,0.8485825,1,0.9499382,0.7129496,0.6972535,0,0,0,0,0,0,0,0,0,0,0,0,0,0,0,0,0,0,0,0,0,0,0,0,0,0,0,0.6398178,0.6450666,0.950562,1,0.8412751,0.6816577,0.7181703,0,0.6395442,0.6566731,0,0,0,0,0,0,0,0,0
0,0,0,0,0,0,0,0,0,0,0,0,0,0,0,0.9174182,1,0.9186045,0,0,0,0,0,0,0,0,0,0,0,0,0,0,0,0,0,0,0,0,0,0,0,0,0,0,0,0,0,0,0.8290475,1,0.965702,0,0,0,0,0,0,0,0,0,0,0,0,0,0,0,0,0,0,0,0,0,0,0,0,0,0,0,0,0,0,0.9246669,1,0.9255925,0,0,0,0,0,0,0,0,0,0,0,0,0,0,0,0,0,0,0,0,0,0,0,0,0,0,0,0,0,0,0.8736216,1,0.9888097,0.8121164,0,0,0,0,0,0,0,0,0,0,0,0,0,0,0,0,0,0,0,0,0,0,0,0,0,0,0,0,0,0,0.9545673,1,0.8695881,0,0,0,0,0,0,0,0,0,0,0,0,0,0
0,0,0,0,0,0,0,0,0,0,0,0,0,0,0,0.921531,1,0.9167676,0,0,0,0,0,0,0,0,0,0,0,0,0,0,0,0,0,0,0,0,0,0,0,0,0,0,0,0,0,0,0,0.9877695,1,0.8202948,0,0,0,0,0,0,0,0,0,0,0,0,0,0,0,0,0,0,0,0,0,0,0,0,0,0,0,0,0.7348276,0.947915,1,0.8903822,0,0,0,0,0,0,0,0,0,0,0,0,0,0,0,0,0,0,0,0,0,0,0,0,0,0,0,0,0,0,0.8409977,1,0.9809529,0,0,0,0,0,0,0,0,0,0,0,0,0,0,0,0,0,0,0,0,0,0,0,0,0,0,0,0,0,0,0,0.9545255,1,0.8714534,0,0,0,0,0,0,0,0,0,0,0,0,0,0
0,0,0,0,0,0,0,0,0,0,0,0,0,0,0.6755285,0.8886772,1,0.9237037,0.6442681,0,0,0,0,0,0,0,0,0,0,0,0,0,0,0,0,0,0,0,0,0,0,0,0,0,0,0.6836701,0.7036356,0.8091625,0.8393188,0.989464,1,0.800836,0,0,0,0,0,0,0,0,0,0,0,0,0,0,0,0,0,0,0,0,0,0,0,0,0,0,0.6080323,0.6225906,0.7235342,0.945649,1,0.8805312,0,0,0,0,0,0,0,0,0,0,0,0,0,0,0,0,0,0,0,0,0,0,0,0,0,0.5506425,0.5895079,0.6413729,0.6311935,0.675113,0.8734728,1,0.9622693,0.7103074,0.5589579,0,0,0,0,0,0,0,0,0,0,0,0,0,0,0,0,0,0,0,0,0,0,0,0.6154153,0.6628374,0.7164759,0.7015861,0.6202061,0.7516596,0.9604712,1,0.8493342,0.5754749,0,0,0,0,0,0,0,0,0,0,0,0,0
0,0,0,0,0,0,0,0,0,0,0,0.6702746,0.7151682,0.747511,0.7860693,0.911173,1,0.9216847,0.6569538,0,0,0,0,0,0,0,0,0,0,0,0,0,0,0,0,0,0,0,0,0,0,0,0.6978713,0.7010418,0.7438886,0.7697389,0,0.7510971,0.6919301,0.9297563,1,0.8438683,0,0,0,0,0,0,0,0,0,0,0,0,0,0,0,0,0,0,0,0,0,0,0,0,0,0,0,0.6469008,0.726462,0.9048937,1,0.9067763,0,0,0,0,0,0,0,0,0,0,0,0,0,0,0,0,0,0,0,0,0,0,0,0,0,0,0.644447,0.6176152,0.6609978,0.7400919,0.8444418,1,0.9776621,0.769016,0.6934189,0,0,0,0,0,0,0,0,0,0,0,0,0,0,0,0,0,0,0,0,0,0.6514174,0.6475257,0.6569921,0.6698284,0.6278644,0.703584,0.7907009,0.8014627,0.9253616,1,0.8768848,0,0,0,0,0,0,0,0,0,0,0,0,0,0
0,0,0,0,0,0,0,0,0,0,0.6474962,0.6636979,0,0.6607032,0,0.901592,1,0.9040716,0.7276903,0.6677322,0,0,0,0,0,0,0,0,0,0,0,0,0,0,0,0,0,0,0,0,0,0,0.7047471,0,0.7922511,0.9235528,0.8698683,0.7242298,0.7898934,0.9950809,1,0.8003962,0,0,0,0,0,0,0,0,0,0,0,0,0,0,0,0,0,0,0,0,0,0,0.6056113,0.625499,0.6564537,0.6867968,0.6131553,0.6195993,0.636622,0.9273373,1,0.905551,0,0,0,0,0,0,0,0,0,0,0,0,0,0,0,0,0,0,0,0,0,0,0,0,0,0.6522274,0.7002618,0.7183782,0.6248432,0.7774727,0.8532791,1,0.9623471,0,0,0.6414253,0.6396665,0,0,0,0,0,0,0,0,0,0,0,0,0,0,0,0,0,0.6290587,0.6454325,0,0,0,0.6373909,0.7730042,0.718792,0.6699025,0.7884704,0.9090311,1,0.8745937,0,0,0,0,0,0,0,0,0,0,0,0,0,0
0,0,0,0,0,0,0,0,0,0,0.7769701,0,0,0.7744362,0,0.9126676,1,0.9211942,0,0,0,0,0,0,0,0,0,0,0,0,0,0,0,0,0,0,0,0,0,0,0,0,0,0,0,1,0.9776418,0,0.9556322,0.993213,0.9775535,0,0,0,0,0,0,0,0,0,0,0,0,0,0,0,0,0,0,0,0,0,0,0,0,0,0,0.7528005,0.7717991,0,0,0.9298097,1,0.9204921,0,0,0,0,0,0,0,0,0,0,0,0,0,0,0,0,0,0,0,0,0,0,0,0,0,0,0,0,0.7830144,0,0.8860527,1,0.9707468,0,0,0,0,0,0,0,0,0,0,0,0,0,0,0,0,0,0,0,0,0,0,0,0,0,0,0,0.7857795,0.7914232,0,0,0.9573388,1,0.8829934,0,0,0,0,0,0,0,0,0,0,0,0,0,0
0,0,0,0,0,0,0,0,0,0,0,0.7133216,0.7542679,0.7282436,0.7099697,0.918574,1,0.9205126,0,0,0,0,0,0,0,0,0,0,0,0,0,0,0,0,0,0,0,0,0,0,0,0,0,0,0,0.9030229,1,0.9844599,0,0.8814223,0.9239727,0,0,0,0,0,0,0,0,0,0,0,0,0,0,0,0,0,0,0,0,0,0,0,0,0,0,0,0.6853129,0.7132161,0.6962422,0.9345766,1,0.9078317,0,0,0,0,0,0,0,0,0,0,0,0,0,0,0,0,0,0,0,0,0,0,0,0,0,0,0.7498162,0.7415636,0,0.7149215,0.8639123,1,0.9719737,0.7232894,0,0,0,0,0,0,0,0,0,0,0,0,0,0,0,0,0,0,0,0,0,0,0,0,0,0.7631055,0.7671629,0.7110518,0.7465855,0,0.9508052,1,0.8788185,0,0,0,0,0,0,0,0,0,0,0,0,0,0
0,0,0,0,0,0,0,0,0,0,0,0,0,0,0,0.8991477,1,0.9018444,0.5958382,0,0,0,0,0,0,0,0,0,0,0,0,0,0,0,0,0,0,0,0,0,0,0,0,0,0,0.7072757,0,0.7794757,0.8577401,1,0.9534451,0,0,0,0,0,0,0,0,0,0,0,0,0,0,0,0,0,0,0,0,0,0,0,0,0,0,0,0,0,0.6726641,0.9375792,1,0.8872709,0,0,0,0,0,0,0,0,0,0,0,0,0,0,0,0,0,0,0,0,0,0,0,0,0,0,0.6046166,0,0,0.6190631,0.7913254,1,0.9777758,0.6861597,0,0,0,0,0,0,0,0,0,0,0,0,0,0,0,0,0,0,0,0,0,0,0,0,0,0,0,0,0.6686562,0.6435842,0.9357349,1,0.86308,0,0,0,0,0,0,0,0,0,0,0,0,0,0
0,0,0,0,0,0,0,0,0,0,0,0,0,0,0,0.9031199,1,0.9210414,0.6807766,0,0,0,0,0,0,0,0,0,0,0,0,0,0,0,0,0,0,0,0,0,0,0,0,0,0,0,0,0,0.9046628,1,0.9423112,0,0,0,0,0,0,0,0,0,0,0,0,0,0,0,0,0,0,0,0,0,0,0,0,0,0,0,0,0,0,0.9354728,1,0.9078522,0.7107255,0.6522335,0,0,0,0,0,0,0,0,0,0,0,0,0,0,0,0,0,0,0,0,0,0,0,0,0,0,0,0,0.8335754,1,0.9826149,0.8276631,0.7103598,0,0,0,0,0,0,0,0,0,0,0,0,0,0,0,0,0,0,0,0,0,0,0,0,0,0,0,0,0.6876387,0.9640871,1,0.8507143,0,0,0,0,0,0,0,0,0,0,0,0,0,0
0,0,0,0,0,0,0,0,0,0,0,0,0,0,0.66,0.9377806,1,0.8683583,0.6253715,0.6320062,0,0,0,0,0,0,0,0,0,0,0,0,0,0,0,0,0,0,0,0,0,0,0,0,0,0,0,0,0.9902387,1,0,0,0.824002,0.8842109,0.8732088,0.8319815,0,0,0,0,0,0,0,0,0,0,0,0,0,0,0,0,0,0,0,0,0,0,0,0.5867041,0.6171173,0.945246,1,0.8547062,0.707422,0.6806996,0,0,0,0,0,0,0,0,0,0,0,0,0,0,0,0,0,0,0,0,0,0,0,0,0,0,0,0.6601642,0.8495255,1,0.9598514,0.7222801,0.6719517,0.661268,0.6115722,0,0,0,0,0,0,0,0,0,0,0,0,0,0,0,0,0,0,0,0,0,0,0,0,0,0,0.7482028,0.9803506,1,0.8200437,0.6256917,0,0,0,0,0,0,0,0,0,0,0,0,0
0,0,0,0,0,0,0,0,0,0,0,0,0,0.7724043,0.7973372,0.9127927,1,0.882095,0,0,0,0,0,0,0,0,0,0,0,0,0,0,0,0,0,0,0,0,0,0,0,0,0,0,0,0,0,0,0.8806574,1,0.9378538,0,0.6988137,0,0,0,0,0,0,0,0,0,0,0,0,0,0,0,0,0,0,0,0,0,0,0,0,0.6234635,0.6522791,0.6827711,0.7305261,0.9544984,1,0.8711729,0.5901063,0.5871438,0,0,0,0,0,0,0,0,0,0,0,0,0,0,0,0,0,0,0,0,0,0,0,0,0.6116838,0.6404491,0,0.6801994,0.8813399,1,0.9495295,0,0.6930141,0.7022909,0,0,0,0,0,0,0,0,0,0,0,0,0,0,0,0,0,0,0,0,0,0,0,0,0,0,0.645304,0.7517511,0.9792335,1,0.8275558,0,0,0,0,0,0,0,0,0,0,0,0,0,0
0,0,0,0,0,0,0,0,0,0,0.6213778,0.6362174,0.6911399,0.7513706,0.7568228,0.9105816,1,0.8894289,0,0,0,0,0,0,0,0,0,0,0,0,0,0,0,0,0,0,0,0,0,0,0,0,0,0,0,0,0,0,0.7965131,1,0.98627,0.752135,0,0.6627132,0.7006031,0.6739917,0,0,0,0,0,0,0,0,0,0,0,0,0,0,0,0,0,0,0,0.6786857,0.692254,0.6798844,0.6006539,0,0.6895703,0.9578852,1,0.8594971,0,0,0,0,0,0,0,0,0,0,0,0,0,0,0,0,0,0,0,0,0,0,0,0.6262006,0.6804829,0.7579965,0.7396654,0.6829901,0.6546004,0.617662,0.8417866,1,0.9488939,0.6562164,0.6439933,0,0,0,0,0,0,0,0,0,0,0,0,0,0,0,0,0,0,0,0,0,0,0,0.6304694,0.7033404,0.6124996,0,0.6278757,0.708416,0.9752007,1,0.8071013,0,0.60809,0.6395274,0,0,0,0,0,0,0,0,0,0,0
