GestureName: c
Duration(ms): 1363
Handedness: right

SpeakerAngles: 5
55
-55
0
0
110

SpeakerElevations: 5
-10
-10
-10
0
30

InterpretedPoints: 29
0,0,0
0,0,0
0,0,0
0,0,0
0,0,0
0,0,0
0,0,0
0,0,0
0,0,0
0,0,0
0.813797681349374,-0.296198132726024,0.5
0.00709039723777505,-2.84586840720186,0.847296355333861
-4.85442449914514,-11.5910925854635,0.562833599002373
-3.24100993092194,-17.9650754672574,1.77837084267089
-4.87569569085847,-17.786260880458,0.625667198004747
-4.88278608809624,-18.8948157322928,0.299315375671677
-2.46266423576145,-15.2154204148897,-0.395277334996045
-0.835068873062699,-9.57875108846285,-0.437166400997627
0.806707284111599,-2.54967027447583,0.347296355333861
3.2268291364464,1.12972504292725,-0.347296355333861
-0.806707284111599,0.564862521463624,-0.17364817766693
10.543917871353,16.6078319024499,1.22162915732911
2.41303145509702,4.42592317565327,-0.847296355333861
0,0,0
0.813797681349374,-0.296198132726024,0.5
0,0,0
0.813797681349374,-0.296198132726024,0.5
0.813797681349374,-0.296198132726024,0.5
0,0,0

StrokePoints: 30
0,0,0
0,0,0
0,0,0
0,0,0
0,0,0
0,0,0
0,0,0
0,0,0
0,0,0
0,0,0
0,0,0
0.813797681349374,-0.296198132726024,0.5
0.820888078587149,-3.14206653992788,1.34729635533386
-4.03353642055799,-14.7331591253914,1.91012995433623
-7.27454635147994,-32.6982345926488,3.68850079700712
-12.1502420423384,-50.4844954731068,4.31416799501187
-17.0330281304346,-69.3793112053996,4.61348337068354
-19.4956923661961,-84.5947316202894,4.2182060356875
-20.3307612392588,-94.1734827087522,3.78103963468987
-19.5240539551472,-96.723152983228,4.12833599002373
-16.2972248187008,-95.5934279403008,3.78103963468987
-17.1039321028124,-95.0285654188372,3.60739145702294
-6.56001423145942,-78.4207335163873,4.82902061435206
-4.14698277636239,-73.994810340734,3.98172425901819
-4.14698277636239,-73.994810340734,3.98172425901819
-3.33318509501302,-74.29100847346,4.48172425901819
-3.33318509501302,-74.29100847346,4.48172425901819
-2.51938741366365,-74.5872066061861,4.98172425901819
-1.70558973231427,-74.8834047389121,5.48172425901819
-1.70558973231427,-74.8834047389121,5.48172425901819

Velocities: 29
0,0,0
0,0,0
0,0,0
0,0,0
0,0,0
0,0,0
0,0,0
0,0,0
0,0,0
0,0,0
0,0,0
-1,0,-1
-4,0,-5
-6,-4,-6
-7,-6,-5
-6,-6,-7
-3,-6,-6
-1,-4,-4
0,-1,-1
3,-1,0
0,1,0
7,2,7
3,-1,0
0,0,0
0,0,0
0,0,0
0,0,0
0,0,0
0,0,0

InverseVelocities: 29
0,0,0
0,0,0
0,0,0
0,0,0
0,0,0
0,0,0
0,0,0
0,0,0
0,0,0
0,0,0
0,0,0
0,0,0
0,0,0
0,0,0
0,0,0
0,0,0
0,0,0
0,0,0
0,0,0
0,0,0
0,0,0
0,0,0
0,0,0
0,0,0
0,0,0
0,0,0
0,0,0
0,0,0
0,0,0

RawData: 29
0,0,0,0,0,0,0,0,0,0,0,0,0,0,0,0.9097367,1,0.9287449,0,0,0,0,0,0,0,0,0,0,0,0,0,0,0,0,0,0,0,0,0,0,0,0,0,0,0,0,0,0,0,0,1,0,0,0,0,0,0,0,0,0,0,0,0,0,0,0,0,0,0,0,0,0,0,0,0,0,0,0,0,0,0,0.939755,1,0.9094468,0,0,0,0,0,0,0,0,0,0,0,0,0,0,0,0,0,0,0,0,0,0,0,0,0,0,0,0,0,0,0.8714144,1,0.9631815,0,0,0,0,0,0,0,0,0,0,0,0,0,0,0,0,0,0,0,0,0,0,0,0,0,0,0,0,0,0,0,0.9230075,1,0.9271458,0,0,0,0,0,0,0,0,0,0,0,0,0,0
0,0,0,0,0,0,0,0,0,0,0,0,0,0,0,0.9104488,1,0.8891571,0,0,0,0,0,0,0,0,0,0,0,0,0,0,0,0,0,0,0,0,0,0,0,0,0,0,0,0,0,0,0,0.8352849,1,0.8908448,0,0,0,0,0,0,0,0,0,0,0,0,0,0,0,0,0,0,0,0,0,0,0,0,0,0,0,0,0.6339601,0.9393834,1,0.868628,0,0,0,0,0,0,0,0,0,0,0,0,0,0,0,0,0,0,0,0,0,0,0,0,0,0,0,0,0,0,0.9056748,1,0.801744,0,0,0,0,0,0,0,0,0,0,0,0,0,0,0,0,0,0,0,0,0,0,0,0,0,0,0,0,0,0,0,0.9188614,1,0.8675459,0,0,0,0,0,0,0,0,0,0,0,0,0,0
0,0,0,0,0,0,0,0,0,0,0,0,0,0,0,0.9461483,1,0.8979754,0,0,0,0,0,0,0,0,0,0,0,0,0,0,0,0,0,0,0,0,0,0,0,0,0,0,0,0,0,0,0,0.9810457,1,0.8610951,0,0,0,0,0,0,0,0,0,0,0,0,0,0,0,0,0,0,0,0,0,0,0,0,0,0,0,0,0,0.9496272,1,0.8940293,0,0,0,0,0,0,0,0,0,0,0,0,0,0,0,0,0,0,0,0,0,0,0,0,0,0,0,0,0,0,0,1,0.9847296,0,0,0,0,0,0,0,0,0,0,0,0,0,0,0,0,0,0,0,0,0,0,0,0,0,0,0,0,0,0,0,0.939836,1,0.904488,0,0,0,0,0,0,0,0,0,0,0,0,0,0
0,0,0,0,0,0,0,0,0,0,0,0,0,0,0,0.9345964,1,0.8696474,0,0,0,0,0,0,0,0,0,0,0,0,0,0,0,0,0,0,0,0,0,0,0,0,0,0,0,0,0,0,0,0.9861395,1,0.7669826,0,0,0,0,0,0,0,0,0,0,0,0,0,0,0,0,0,0,0,0,0,0,0,0,0,0,0,0,0,0.9259269,1,0.8747349,0,0,0,0,0,0,0,0,0,0,0,0,0,0,0,0,0,0,0,0,0,0,0,0,0,0,0,0,0,0,0.8422189,1,0.9655647,0.700627,0,0,0,0,0,0,0,0,0,0,0,0,0,0,0,0,0,0,0,0,0,0,0,0,0,0,0,0,0,0.6827521,0.9482815,1,0.8620996,0,0,0,0,0,0,0,0,0,0,0,0,0,0
0,0,0,0,0,0,0,0,0,0,0,0,0,0,0,0.9288235,1,0.8892875,0,0,0,0,0,0,0,0,0,0,0,0,0,0,0,0,0,0,0,0,0,0,0,0,0,0,0,0,0,0,0.7667298,1,0.9907418,0.7574897,0,0,0,0,0,0,0,0,0,0,0,0,0,0,0,0,0,0,0,0,0,0,0,0,0,0,0,0,0.6501902,0.9487695,1,0.8793447,0,0,0,0,0,0,0,0,0,0,0,0,0,0,0,0,0,0,0,0,0,0,0,0,0,0,0,0,0,0,0.880018,1,0.953621,0.6632001,0,0,0,0,0,0,0,0,0,0,0,0,0,0,0,0,0,0,0,0,0,0,0,0,0,0,0,0,0,0.7521764,0.9398226,1,0.8823481,0,0,0,0,0,0,0,0,0,0,0,0,0,0
0,0,0,0,0,0,0,0,0,0,0,0,0,0,0,0.9173027,1,0.8902041,0,0,0,0,0,0,0,0,0,0,0,0,0,0,0,0,0,0,0,0,0,0,0,0,0,0,0,0,0,0,0,1,0.9625182,0,0,0,0,0,0,0,0,0,0,0,0,0,0,0,0,0,0,0,0,0,0,0,0,0,0,0,0,0,0.6678872,0.9543156,1,0.8718638,0,0,0,0,0,0,0,0,0,0,0,0,0,0,0,0,0,0,0,0,0,0,0,0,0,0,0,0,0,0,0.8809832,1,0.9509216,0.6496295,0,0,0,0,0,0,0,0,0,0,0,0,0,0,0,0,0,0,0,0,0,0,0,0,0,0,0,0,0,0,0.9022171,1,0.8820143,0,0,0,0,0,0,0,0,0,0,0,0,0,0
0,0,0,0,0,0,0,0,0,0,0,0,0,0,0,0.9302494,1,0.8912523,0,0,0,0,0,0,0,0,0,0,0,0,0,0,0,0,0,0,0,0,0,0,0,0,0,0,0,0,0,0,0,1,0.9544248,0,0,0,0,0,0,0,0,0,0,0,0,0,0,0,0,0,0,0,0,0,0,0,0,0,0,0,0,0,0.6526821,0.9542224,1,0.8799018,0,0,0,0,0,0,0,0,0,0,0,0,0,0,0,0,0,0,0,0,0,0,0,0,0,0,0,0,0,0,0.8762878,1,0.9568453,0.6700963,0,0,0,0,0,0,0,0,0,0,0,0,0,0,0,0,0,0,0,0,0,0,0,0,0,0,0,0,0,0,0.9650056,1,0.8389221,0,0,0,0,0,0,0,0,0,0,0,0,0,0
0,0,0,0,0,0,0,0,0,0,0,0,0,0,0,0.9365757,1,0.8955661,0,0,0,0,0,0,0,0,0,0,0,0,0,0,0,0,0,0,0,0,0,0,0,0,0,0,0,0,0,0,0,0.9963191,1,0,0,0,0,0,0,0,0,0,0,0,0,0,0,0,0,0,0,0,0,0,0,0,0,0,0,0,0,0,0,0.9551518,1,0.8858634,0,0,0,0,0,0,0,0,0,0,0,0,0,0,0,0,0,0,0,0,0,0,0,0,0,0,0,0,0,0,0.8811074,1,0.9594846,0.6867297,0,0,0,0,0,0,0,0,0,0,0,0,0,0,0,0,0,0,0,0,0,0,0,0,0,0,0,0,0,0,0.9601725,1,0.8394616,0,0,0,0,0,0,0,0,0,0,0,0,0,0
0,0,0,0,0,0,0,0,0,0,0,0,0,0,0,0.9320706,1,0.903221,0,0,0,0,0,0,0,0,0,0,0,0,0,0,0,0,0,0,0,0,0,0,0,0,0,0,0,0,0,0,0,0.9461523,1,0.8753679,0,0,0,0,0,0,0,0,0,0,0,0,0,0,0,0,0,0,0,0,0,0,0,0,0,0,0,0,0,0.9497522,1,0.8974898,0,0,0,0,0,0,0,0,0,0,0,0,0,0,0,0,0,0,0,0,0,0,0,0,0,0,0,0,0,0,0.8788792,1,0.9648834,0.7240905,0,0,0,0,0,0,0,0,0,0,0,0,0,0,0,0,0,0,0,0,0,0,0,0,0,0,0,0,0,0,0.9335408,1,0.9041728,0,0,0,0,0,0,0,0,0,0,0,0,0,0
0,0,0,0,0,0,0,0,0,0,0,0,0,0,0,0.8968658,1,0.9117696,0,0,0,0,0,0,0,0,0,0,0,0,0,0,0,0,0,0,0,0,0,0,0,0,0,0,0,0,0,0,0,0.9312454,1,0.9131206,0,0,0,0,0,0,0,0,0,0,0,0,0,0,0,0,0,0,0,0,0,0,0,0,0,0,0,0,0.7218296,0.9668565,1,0.8454829,0.6668172,0,0,0,0,0,0,0,0,0,0,0,0,0,0,0,0,0,0,0,0,0,0,0,0,0,0,0,0,0,0.8819902,1,0.9528151,0.7574008,0,0,0,0,0,0,0,0,0,0,0,0,0,0,0,0,0,0,0,0,0,0,0,0,0,0,0,0,0,0.7559224,0.9575601,1,0.9393669,0.7341929,0,0,0,0,0,0,0,0,0,0,0,0,0
0,0,0,0,0,0,0,0,0,0,0,0,0,0,0.760678,0.9373413,1,0.8883524,0,0,0,0,0,0,0,0,0,0,0,0,0,0,0,0,0,0,0,0,0,0,0,0,0,0,0,0,0,0,0,0.9341711,1,0.9461112,0,0,0,0,0,0,0,0,0,0,0,0,0,0,0,0,0,0,0,0,0,0,0,0,0,0,0,0,0.7336802,0.9670677,1,0.8769545,0.6509733,0,0,0,0,0,0,0,0,0,0,0,0,0,0,0,0,0,0,0,0,0,0,0,0,0,0,0,0,0.6653394,0.8837805,1,0.9510317,0.7540477,0,0,0,0,0,0,0,0,0,0,0,0,0,0,0,0,0,0,0,0,0,0,0,0,0,0,0,0,0,0.8270587,1,0.9755918,0.9192989,0.7638807,0.7114434,0,0,0,0,0,0,0,0,0,0,0,0
0,0,0,0,0,0,0,0,0,0,0,0,0.701916,0.7823626,0.827922,0.9532,1,0.8976191,0,0,0,0,0,0,0,0,0,0,0,0,0,0,0,0,0,0,0,0,0,0,0,0,0,0,0,0,0,0,0.9172527,0.9784518,0.9646181,1,0.9626545,0,0,0,0,0,0,0,0,0,0,0,0,0,0,0,0,0,0,0,0,0,0,0,0,0,0.6853105,0.7419639,0.7609473,0.9572353,1,0.8720165,0,0,0,0,0,0,0,0,0,0,0,0,0,0,0,0,0,0,0,0,0,0,0,0,0,0,0,0.7451923,0.7500961,0.8274543,0.7817848,1,0.9725157,0.7086105,0,0,0,0,0,0,0,0,0,0,0,0,0,0,0,0,0,0,0,0,0,0,0,0,0,0,0,0.8217974,0.8852688,0.910955,0.9462897,1,0.9395774,0.914624,0.7970976,0,0,0,0,0,0,0,0,0,0,0,0
0,0,0,0,0,0,0,0,0,0.7450753,0.7514916,0.7525378,0.7852049,0.7689883,0.7510706,0.9352612,1,0.8978195,0,0,0,0,0,0,0,0,0,0,0,0,0,0,0,0,0,0,0,0,0,0,0,0,0,0,0,0,0.8385789,0.8552629,0.8506404,0.9826298,1,0.9319201,0,0,0,0,0,0,0,0,0,0,0,0,0,0,0,0,0,0,0,0,0,0,0.7421929,0.7894936,0.7738167,0,0.8205408,0.8370843,0.7581707,0.9618351,1,0.8272043,0.7170876,0,0,0,0,0,0,0,0,0,0,0,0,0,0,0,0,0,0,0,0,0,0,0.6731799,0.7104689,0.704591,0.6834652,0.8314534,0.7745311,0.7666359,0.8523156,1,0.9574183,0.7116904,0,0,0,0,0,0,0,0,0,0,0,0,0,0,0,0,0,0,0,0,0,0,0,0,0,0.8473582,0.9277939,0.919349,0.7977723,0.8736312,0.9250617,1,0.8420102,0.8416033,0,0,0,0,0,0,0,0,0,0,0,0,0
0,0,0,0,0,0,0,0.7590398,0.770728,0.6743993,0,0.7337841,0.7177478,0,0.7259368,0.934341,1,0.8884744,0,0,0,0,0,0,0,0,0,0,0,0,0,0,0,0,0,0,0,0,0,0,0,0,0.7451894,0.8259308,0.903793,0.9257593,0.877662,0.8274321,0.8962336,1,0.9923111,0,0,0,0,0,0,0,0,0,0,0,0,0,0,0,0,0,0,0,0,0,0,0.7287382,0.7691218,0.7806473,0.8353077,0.8633157,0.8101301,0.7470587,0.7551357,0.9631016,1,0.8643272,0,0,0,0,0,0,0,0,0,0,0,0,0,0,0,0,0,0,0,0,0,0.7027165,0.7551295,0.7806043,0.7417493,0.7662278,0.6995315,0.7885203,0,0.7233931,0.8709517,1,0.958699,0.7104869,0,0,0,0,0,0,0,0,0,0,0,0,0,0,0,0,0,0,0,0,0,0,0,0,0,0.8728755,0.8803526,0.860958,0.7775257,0.8255225,0.9518911,1,0.8958499,0.7314575,0,0,0,0,0,0,0,0,0,0,0,0,0
0,0,0,0,0,0,0.7441584,0.7790375,0,0.7416834,0.8008258,0.8518997,0.8126097,0,0,0.9271037,1,0.9165339,0,0,0,0,0,0,0,0,0,0,0,0,0,0,0,0,0,0,0,0,0,0,0.801254,0.8050871,0.8628889,0.9537977,0.9220314,0.8530743,0.8180056,0,0,0.970081,1,0.8620297,0,0,0,0,0,0,0,0,0,0,0,0,0,0,0,0,0,0,0,0,0,0,0.7617891,0.8039636,0.843035,0.8631702,0.8158724,0.7367688,0,0.9461865,1,0.882624,0,0,0,0,0,0,0,0,0,0,0,0,0,0,0,0,0,0,0,0,0,0.7676879,0,0.7810049,0.7575449,0.8149804,0.7581242,0,0,0,0.8675513,1,0.9649054,0,0,0,0,0,0,0,0,0,0,0,0,0,0,0,0,0,0,0,0,0,0,0,0.7868685,0.8289006,0.8285285,0.9254324,0.9044621,0.7916019,0,0,0.9109675,1,0.9147545,0,0,0,0,0,0,0,0,0,0,0,0,0,0
0,0,0,0,0,0,0,0.6374567,0.6540817,0.6849499,0.7509224,0.6676223,0.7076181,0,0.6385062,0.8934202,1,0.9198873,0,0,0,0,0,0,0,0,0,0,0,0,0,0,0,0,0,0,0,0,0,0,0.755633,0.9039544,0.861622,0.8987498,0,0,0.7525453,0,0.8378165,1,0.991917,0.7400081,0,0,0,0,0,0,0,0,0,0,0,0,0,0,0,0,0,0,0,0,0.6710598,0.7639735,0.7351084,0.6537278,0.6587487,0.6935408,0.6465678,0.6497983,0.6246008,0.9324027,1,0.8956351,0,0,0,0,0,0,0,0,0,0,0,0,0,0,0,0,0,0,0,0,0,0.6534055,0.7507992,0.7346794,0,0.7852334,0.7983441,0.6777921,0.6933125,0.6317917,0.7970644,1,0.9838337,0.7573598,0,0,0,0,0,0,0,0,0,0,0,0,0,0,0,0,0,0,0,0,0,0.6693949,0.8192503,0.7638383,0.7836022,0.8633281,0.764573,0.697647,0.6772436,0,0.9372072,1,0.8832561,0,0,0,0,0,0,0,0,0,0,0,0,0,0
0,0,0,0,0,0,0,0,0,0,0.6297842,0.778657,0.8173702,0.7410841,0,0.8889997,1,0.917016,0,0,0,0,0,0,0,0,0,0,0,0,0,0,0,0,0,0,0,0,0,0,0.726414,0.8985511,0.984816,0.9619952,0.89321,0.8708565,0,0.7269857,0.7577119,0.9629456,1,0.8219461,0,0,0,0,0,0,0,0,0,0,0,0,0,0,0,0,0,0,0,0,0,0.6902572,0.7652295,0.7915437,0.7798626,0.7801194,0.7608956,0.6358014,0.6059388,0.912763,1,0.9066121,0,0,0,0,0,0,0,0,0,0,0,0,0,0,0,0,0,0,0,0,0,0,0.6281485,0.7488034,0.761273,0.7347819,0.8629237,0.8464091,0.755976,0,0.8298762,1,0.9780055,0.7345763,0,0,0,0,0,0,0,0,0,0,0,0,0,0,0,0,0,0,0,0,0,0.7475818,0.8452501,0.8622974,0.8828174,0.7526256,0.8369945,0.7612955,0,0.8031707,0.9590793,1,0.8353432,0,0,0,0,0,0,0,0,0,0,0,0,0,0
0,0,0,0,0,0,0,0,0,0,0,0,0.748231,0.7703344,0.6841419,0.9175836,1,0.9124162,0,0,0,0,0,0,0,0,0,0,0,0,0,0,0,0,0,0,0,0,0,0,0,0,0.7704082,0.9192876,1,0.9829993,0.8694011,0,0,0.9627237,0.9840717,0.7958342,0,0,0,0,0,0,0,0,0,0,0,0,0,0,0,0,0,0,0,0,0,0,0,0.6925816,0.75885,0.7912751,0.7252195,0.7203674,0.6903373,0.9193933,1,0.9115992,0,0,0,0,0,0,0,0,0,0,0,0,0,0,0,0,0,0,0,0,0,0,0,0,0.6975439,0.7892907,0.7515167,0.834156,0.8306749,0,0.8436833,1,0.9717315,0.7219483,0,0,0,0,0,0,0,0,0,0,0,0,0,0,0,0,0,0,0,0,0,0,0,0.8290942,0.9468033,1,0.9652154,0.8376784,0.8852428,0.9024183,0.8132184,0.976108,0.8165084,0,0,0,0,0,0,0,0,0,0,0,0,0,0
0,0,0,0,0,0,0,0,0,0,0,0,0,0,0.7822136,0.9378044,1,0.9099648,0,0,0,0,0,0,0,0,0,0,0,0,0,0,0,0,0,0,0,0,0,0,0,0,0,0,0,0.8542762,0.9558814,0.9513792,0,0.9766482,1,0.8187882,0,0,0,0,0,0,0,0,0,0,0,0,0,0,0,0,0,0,0,0,0,0,0,0,0,0,0.7206882,0.7882065,0.7772071,0.943537,1,0.9091622,0,0,0,0,0,0,0,0,0,0,0,0,0,0,0,0,0,0,0,0,0,0,0,0,0,0,0,0.7556347,0.8397857,0.8219247,0.8176191,1,0.971015,0,0,0,0,0,0,0,0,0,0,0,0,0,0,0,0,0,0,0,0,0,0,0,0,0,0,0,0,0.8940982,0.9279963,0.9392546,1,0.9926984,0.8862785,0,0,0,0,0,0,0,0,0,0,0,0,0,0
0,0,0,0,0,0,0,0,0,0,0,0,0,0,0,0.8868342,1,0.9242153,0.7055603,0.7294836,0.7307792,0.7477257,0.7303731,0,0,0,0,0,0,0,0,0,0,0,0,0,0,0,0,0,0,0,0,0,0,0.8069333,0.7938645,0.8647845,0.8971273,0.9268894,1,0.9293296,0,0,0,0,0,0,0,0,0,0,0,0,0,0,0,0,0,0,0,0,0,0,0,0,0,0,0,0.6506907,0.7268358,0.9342609,1,0.9086246,0,0,0,0,0,0,0,0,0,0,0,0,0,0,0,0,0,0,0,0,0,0,0,0,0,0,0,0,0,0.7251268,0.81925,1,0.9818141,0.7807364,0,0,0,0,0,0,0,0,0,0,0,0,0,0,0,0,0,0,0,0,0,0,0,0,0,0,0,0,0,0.8084255,0.9746454,1,0.8637063,0,0,0,0,0,0,0,0,0,0,0,0,0,0
0,0,0,0,0,0,0,0,0,0,0,0,0,0,0,0.901226,1,0.9273835,0,0,0,0,0,0,0,0,0,0,0,0,0,0,0,0,0,0,0,0,0,0,0,0,0,0,0,0,0,0,0.908698,0.9447866,1,0.9766163,0.9649191,0.9165866,0,0,0,0,0,0,0,0,0,0,0,0,0,0,0,0,0,0,0,0,0,0,0,0,0,0,0.6921674,0.93261,1,0.9043735,0.7163829,0.660595,0,0,0,0,0,0,0,0,0,0,0,0,0,0,0,0,0,0,0,0,0,0,0,0,0,0,0,0,0.8660377,1,0.9624547,0.7525768,0,0,0,0,0,0,0,0,0,0,0,0,0,0,0,0,0,0,0,0,0,0,0,0,0,0,0,0,0.8007184,0.8593455,0.9609096,1,0.8840688,0.7571934,0,0,0,0,0,0,0,0,0,0,0,0,0
0,0,0,0,0,0,0,0,0,0,0,0,0,0,0,0.9032721,1,0.9056938,0.629755,0,0.6718476,0.6733123,0.755445,0.7263808,0.7453833,0.7464206,0.6721473,0,0,0,0,0,0,0,0,0,0,0,0,0,0,0,0,0,0,0,0.7870376,0.912893,0.9657673,1,0.9735033,0.822292,0,0.723315,0.7123061,0,0,0,0,0,0,0,0,0,0,0,0,0,0,0,0,0,0,0,0,0,0,0,0,0.5811341,0.7069178,0.9309697,1,0.8946739,0,0.6421039,0.5957986,0.7022958,0.7250693,0.7078249,0.6877642,0.6960475,0.6125121,0,0,0,0,0,0,0,0,0,0,0,0,0,0,0,0,0,0.6081857,0.6342721,0.6415909,0.6723654,0.8118305,1,0.9744165,0.6221126,0.6211439,0.6669108,0.6719885,0.7791469,0.790108,0.7383226,0.7587599,0.7355648,0,0,0,0,0,0,0,0,0,0,0,0,0,0,0,0,0,0,0.7503524,0.8097464,0.8029816,0.7790923,0.901691,1,0.8968245,0.6974415,0,0,0,0.7957194,0.7908511,0.7317914,0.8053822,0.7126271,0,0,0,0,0
0,0,0,0,0,0,0,0,0,0,0,0,0,0,0,0.901229,1,0.9099826,0,0.7286394,0.7665229,0.7783467,0.7162724,0,0,0,0,0,0,0,0,0,0,0,0,0,0,0,0,0,0,0,0,0,0,0.8025053,0.8428395,0,0.8979635,0.9957631,1,0.8032075,0,0,0,0,0,0,0,0,0,0,0,0,0,0,0,0,0,0,0,0,0,0,0,0,0,0,0,0,0,0.9381374,1,0.8997319,0.7244874,0.7131179,0,0,0,0,0,0,0,0,0,0,0,0,0,0,0,0,0,0,0,0,0,0,0,0,0,0,0,0,0.8000974,1,0.9896559,0,0.7501627,0.755658,0.7315205,0.7365032,0,0,0,0,0,0,0,0,0,0,0,0,0,0,0,0,0,0,0,0,0,0,0.8619751,0.8607675,0.838312,0.8952693,0.9367027,1,0.8815562,0,0,0,0,0,0,0,0,0,0,0,0,0,0
0,0,0,0,0,0,0,0,0,0,0,0,0,0,0,0.9120929,1,0.9008194,0.6799827,0.7048128,0,0,0,0,0,0,0,0,0,0,0,0,0,0,0,0,0,0,0,0,0,0,0,0,0,0,0,0.7244304,0.8781418,1,0.9659228,0.7524893,0,0,0,0,0,0,0,0,0,0,0,0,0,0,0,0,0,0,0,0,0,0,0,0,0,0,0,0.6107109,0.6902285,0.9450862,1,0.8789158,0.681008,0,0,0,0,0,0,0,0,0,0,0,0,0,0,0,0,0,0,0,0,0,0,0,0,0,0,0,0.6687927,0.7004395,0.8453688,1,0.9756706,0.7828764,0,0,0,0,0,0,0,0,0,0,0,0,0,0,0,0,0,0,0,0,0,0,0,0,0,0,0,0.8518753,0.8611216,0.8053691,0.9077941,1,0.9174733,0.829012,0,0,0,0,0,0,0,0,0,0,0,0,0
0,0,0,0,0,0,0,0,0,0,0,0,0,0,0,0.9230687,1,0.8850964,0.7151701,0.604198,0,0,0,0,0,0,0,0,0,0,0,0,0,0,0,0,0,0,0,0,0,0,0,0,0,0,0,0,0.7720855,1,0.9958554,0.7338933,0,0,0,0,0,0,0,0,0,0,0,0,0,0,0,0,0,0,0,0,0,0,0,0,0,0,0,0,0,0.938879,1,0.8857911,0,0,0,0,0,0,0,0,0,0,0,0,0,0,0,0,0,0,0,0,0,0,0,0,0,0,0,0,0,0.6542667,0.8568212,1,0.918389,0.6649074,0.650916,0,0,0,0,0,0,0,0,0,0,0,0,0,0,0,0,0,0,0,0,0,0,0,0,0,0,0,0,0,0.9573748,1,0.7658677,0.8140052,0.6977445,0,0,0,0,0,0,0,0,0,0,0,0
0,0,0,0,0,0,0,0,0,0,0,0,0,0,0,0.9223803,1,0.872375,0.6506286,0,0,0,0,0,0,0,0,0,0,0,0,0,0,0,0,0,0,0,0,0,0,0,0,0,0,0,0,0,0.8403989,1,0.9549109,0.8519022,0,0,0,0,0,0,0,0,0,0,0,0,0,0,0,0,0,0,0,0,0,0,0,0,0,0,0,0,0,0.9456067,1,0.854416,0.6648614,0,0,0,0,0,0,0,0,0,0,0,0,0,0,0,0,0,0,0,0,0,0,0,0,0,0,0,0,0,0.8808193,1,0.9516149,0.7843357,0.6029007,0,0,0,0,0,0,0,0,0,0,0,0,0,0,0,0,0,0,0,0,0,0,0,0,0,0,0,0,0.7224809,0.9731996,1,0.8116001,0.7064722,0,0,0,0,0,0,0,0,0,0,0,0,0
0,0,0,0,0,0,0,0,0,0,0,0,0,0,0.6482428,0.9398678,1,0.8557349,0.6693931,0,0,0,0,0,0,0,0,0,0,0,0,0,0,0,0,0,0,0,0,0,0,0,0,0,0,0,0,0,0.7487359,1,0.9591993,0.8864879,0.8641266,0,0,0,0,0,0,0,0,0,0,0,0,0,0,0,0,0,0,0,0,0,0,0,0,0,0,0,0.6471388,0.9509839,1,0.8582355,0.6549542,0.5937345,0,0,0,0,0,0,0,0,0,0,0,0,0,0,0,0,0,0,0,0,0,0,0,0,0,0,0,0,0.8624039,1,0.9283264,0.6608834,0.6495243,0,0,0,0,0,0,0,0,0,0,0,0,0,0,0,0,0,0,0,0,0,0,0,0,0,0,0,0,0.6995932,0.9649549,1,0.8699203,0.6345401,0.647903,0,0,0,0,0,0,0,0,0,0,0,0
0,0,0,0,0,0,0,0,0,0,0,0,0,0,0.6687108,0.8960144,1,0.9128549,0,0,0,0,0,0,0,0,0,0,0,0,0,0,0,0,0,0,0,0,0,0,0,0,0,0,0,0,0,0,0.784435,0.9874504,1,0.9031627,0,0,0,0,0,0,0,0,0,0,0,0,0,0,0,0,0,0,0,0,0,0,0,0,0,0,0,0.6129533,0.7591162,0.966157,1,0.8547071,0,0,0,0,0,0,0,0,0,0,0,0,0,0,0,0,0,0,0,0,0,0,0,0,0,0,0,0,0.6307126,0.7002853,0.859832,1,0.965261,0.70639,0.6325983,0,0,0,0,0,0,0,0,0,0,0,0,0,0,0,0,0,0,0,0,0,0,0,0,0,0,0,0,0.7590802,0.9902259,1,0.7704044,0.7258558,0.6534029,0,0,0,0,0,0,0,0,0,0,0,0
0,0,0,0,0,0,0,0,0,0,0,0,0,0,0.779028,0.9426972,1,0.8958525,0,0,0,0,0,0,0,0,0,0,0,0,0,0,0,0,0,0,0,0,0,0,0,0,0,0,0,0,0,0,0.8481607,1,0.9549183,0,0,0,0,0,0,0,0,0,0,0,0,0,0,0,0,0,0,0,0,0,0,0,0,0,0,0,0,0,0,0.9454654,1,0.8841426,0.7161245,0,0,0,0,0,0,0,0,0,0,0,0,0,0,0,0,0,0,0,0,0,0,0,0,0,0,0,0,0.7273133,0.7758643,1,0.9729874,0.7605635,0,0,0,0,0,0,0,0,0,0,0,0,0,0,0,0,0,0,0,0,0,0,0,0,0,0,0,0,0,0.767497,0.9795364,1,0.804341,0.7487955,0,0,0,0,0,0,0,0,0,0,0,0,0
