GestureName: rectangle
Duration(ms): 1410
Handedness: right

SpeakerAngles: 5
55
-55
0
0
110

SpeakerElevations: 5
-10
-10
-10
0
30

InterpretedPoints: 30
0,0,0
0,0,0
0,0,0
0,0,0
0,0,0
0,0,0
-0.00709039723777527,-6.48253773362872,0.889185421335443
-0.0283615889511002,-9.01388856699923,-0.610814578664557
-3.26228112263527,-14.5116185476157,0.104722665003955
-0.827978475824924,-6.1955539037858,-0.631759111665348
-0.820888078587149,-1.94208176203599,-0.479055466999209
0.806707284111599,2.56486252146362,-0.17364817766693
1.62050496546097,6.25347214174981,0.152703644666139
5.66822218049452,7.1955539037858,0.631759111665348
4.04771721503354,2.82754896609654,1
-0.0141807944755501,0.447478975537009,-0.82635182233307
0,0,0
0,0,0
1.63468575993652,4.77560867223722,0.631759111665348
2.44139304404812,8.61511352654313,-0.0628335990023732
4.87569569085847,11.4122779986641,0.589870045663766
2.44139304404812,9.45500398964029,-0.0628335990023732
1.63468575993652,5.77560867223722,0.631759111665348
0.0354519861888747,6.03829511687013,1.80540728933228
-1.59923377374765,3.52213653048741,0.479055466999209
-4.81897251295627,-3.37749568470274,2.54188906600158
-6.49620065631944,-16.4904483565233,-0.568925512662975
-7.30290794043104,-18.4748705007442,0.299315375671677
-5.67531257773229,-10.5635588414751,-0.263518223330696
-0.806707284111599,-3.53447802748804,0.520944533000791

StrokePoints: 31
0,0,0
0,0,0
0,0,0
0,0,0
0,0,0
0,0,0
0,0,0
-0.00709039723777527,-6.48253773362872,0.889185421335443
-0.0354519861888755,-15.4964263006279,0.278370842670886
-3.29773310882415,-30.0080448482437,0.383093507674841
-4.12571158464907,-36.2035987520295,-0.248665603990507
-4.94659966323622,-38.1456805140655,-0.727721070989716
-4.13989237912462,-35.5808179926019,-0.901369248656646
-2.51938741366365,-29.3273458508521,-0.748665603990507
3.14883476683087,-22.1317919470663,-0.116906492325159
7.19655198186441,-19.3042429809697,0.883093507674841
7.18237118738886,-18.8567640054327,0.0567416853417714
7.18237118738886,-18.8567640054327,0.0567416853417714
7.18237118738886,-18.8567640054327,0.0567416853417714
8.81705694732539,-14.0811553331955,0.688500797007119
11.2584499913735,-5.46604180665236,0.625667198004746
16.134145682232,5.94623619201171,1.21553724366851
18.5755387262801,15.401240181652,1.15270364466614
20.2102244862166,21.1768488538892,1.78446275633149
20.2456764724055,27.2151439707594,3.58987004566377
18.6464426986578,30.7372805012468,4.06892551266297
13.8274701857016,27.359784816544,6.61081457866456
7.33126952938214,10.8693364600208,6.04188906600158
0.0283615889510962,-7.60553404072345,6.34120444167326
-5.6469509887812,-18.1690928821985,6.07768621834256
-6.45365827289279,-21.7035709096866,6.59863075134335

Velocities: 30
0,0,0
0,0,0
0,0,0
0,0,0
0,0,0
0,0,0
-2,-3,-3
0,-4,-4
-4,-5,-6
0,-2,-3
0,-1,-2
1,0,0
1,0,1
3,-1,3
1,-2,1
0,-2,1
0,0,0
0,0,0
1,2,2
4,4,1
4,3,4
3,3,3
1,2,2
-2,3,3
-1,3,1
-5,4,-5
-4,-2,-8
-8,-5,-6
-4,-1,-5
-1,0,-2

InverseVelocities: 30
0,0,0
0,0,0
0,0,0
0,0,0
0,0,0
0,0,0
0,0,0
0,0,0
0,0,0
0,0,0
0,0,0
0,0,0
0,0,0
0,0,0
0,0,-3
0,0,-1
0,0,0
0,0,0
0,0,0
0,0,0
0,0,0
0,0,0
0,0,0
0,0,-1
0,0,-1
0,-3,0
0,0,0
0,0,0
0,0,0
0,0,0

RawData: 30
0,0,0,0,0,0,0,0,0,0,0,0,0,0,0,0.8970951,1,0.9247896,0,0,0,0,0,0,0,0,0,0,0,0,0,0,0,0,0,0,0,0,0,0,0,0,0,0,0,0,0,0,0,0.8438467,1,0.9002139,0,0,0,0,0,0,0,0,0,0,0,0,0,0,0,0,0,0,0,0,0,0,0,0,0,0,0,0,0,0.9252623,1,0.9091294,0,0,0,0,0,0,0,0,0,0,0,0,0,0,0,0,0,0,0,0,0,0,0,0,0,0,0,0,0,0,0.8340405,1,0.9810395,0.754151,0,0,0,0,0,0,0,0,0,0,0,0,0,0,0,0,0,0,0,0,0,0,0,0,0,0,0,0,0,0,0.9253379,1,0.9033267,0,0,0,0,0,0,0,0,0,0,0,0,0,0
0,0,0,0,0,0,0,0,0,0,0,0,0,0,0,0.8982229,1,0.9061139,0,0,0,0,0,0,0,0,0,0,0,0,0,0,0,0,0,0,0,0,0,0,0,0,0,0,0,0,0,0,0,0.9462261,1,0.8296698,0,0,0,0,0,0,0,0,0,0,0,0,0,0,0,0,0,0,0,0,0,0,0,0,0,0,0,0,0,0.9260759,1,0.8984774,0,0,0,0,0,0,0,0,0,0,0,0,0,0,0,0,0,0,0,0,0,0,0,0,0,0,0,0,0,0,0.8295222,1,0.9738681,0.7179092,0,0,0,0,0,0,0,0,0,0,0,0,0,0,0,0,0,0,0,0,0,0,0,0,0,0,0,0,0,0,0.9092621,1,0.9096498,0,0,0,0,0,0,0,0,0,0,0,0,0,0
0,0,0,0,0,0,0,0,0,0,0,0,0,0,0,0.9016973,1,0.9012222,0,0,0,0,0,0,0,0,0,0,0,0,0,0,0,0,0,0,0,0,0,0,0,0,0,0,0,0,0,0,0.6997946,0.969322,1,0.8322293,0,0,0,0,0,0,0,0,0,0,0,0,0,0,0,0,0,0,0,0,0,0,0,0,0,0,0,0,0,0.927554,1,0.8939536,0,0,0,0,0,0,0,0,0,0,0,0,0,0,0,0,0,0,0,0,0,0,0,0,0,0,0,0,0,0,0.8311288,1,0.9686764,0.6724883,0,0,0,0,0,0,0,0,0,0,0,0,0,0,0,0,0,0,0,0,0,0,0,0,0,0,0,0,0,0,0.9055604,1,0.9158468,0,0,0,0,0,0,0,0,0,0,0,0,0,0
0,0,0,0,0,0,0,0,0,0,0,0,0,0,0,0.9101436,1,0.9178987,0,0,0,0,0,0,0,0,0,0,0,0,0,0,0,0,0,0,0,0,0,0,0,0,0,0,0,0,0,0,0,0.9831228,1,0.8267815,0,0,0,0,0,0,0,0,0,0,0,0,0,0,0,0,0,0,0,0,0,0,0,0,0,0,0,0,0,0.9404771,1,0.8977161,0,0,0,0,0,0,0,0,0,0,0,0,0,0,0,0,0,0,0,0,0,0,0,0,0,0,0,0,0,0,0.8447542,1,0.979136,0.7555476,0,0,0,0,0,0,0,0,0,0,0,0,0,0,0,0,0,0,0,0,0,0,0,0,0,0,0,0,0,0,0.9283065,1,0.9220222,0,0,0,0,0,0,0,0,0,0,0,0,0,0
0,0,0,0,0,0,0,0,0,0,0,0,0,0,0,0.8841684,1,0.9219828,0,0,0,0,0,0,0,0,0,0,0,0,0,0,0,0,0,0,0,0,0,0,0,0,0,0,0,0,0,0,0.7316161,0.9898875,1,0.7986023,0,0,0,0,0,0,0,0,0,0,0,0,0,0,0,0,0,0,0,0,0,0,0,0,0,0,0,0,0,0.9329892,1,0.8864841,0,0,0,0,0,0,0,0,0,0,0,0,0,0,0,0,0,0,0,0,0,0,0,0,0,0,0,0,0,0,0.816962,1,0.9810659,0.739222,0,0,0,0,0,0,0,0,0,0,0,0,0,0,0,0,0,0,0,0,0,0,0,0,0,0,0,0,0,0,1,0,0.9697177,0,0,0,0,0,0,0,0,0,0,0,0,0,0
0,0,0,0,0,0,0,0,0,0,0,0,0,0,0.6585527,0.9265692,1,0.880685,0,0,0,0,0,0,0,0,0,0,0,0,0,0,0,0,0,0,0,0,0,0,0,0,0,0,0,0,0,0.7531487,0.9018847,1,0.9532641,0,0,0,0,0,0,0,0,0,0,0,0,0,0,0,0,0,0,0,0,0,0,0,0,0,0,0,0,0.6447504,0.6819183,0.9256217,1,0.8830997,0,0,0,0,0,0,0,0,0,0,0,0,0,0,0,0,0,0,0,0,0,0,0,0,0,0,0,0,0,0.698411,0.88319,1,0.9540617,0.6287087,0,0,0,0,0,0,0,0,0,0,0,0,0,0,0,0,0,0,0,0,0,0,0,0,0,0,0,0,0.8974696,1,0.9251454,0.8521671,0,0,0,0,0,0,0,0,0,0,0,0,0,0,0
0,0,0,0,0,0,0,0,0,0,0,0.6871601,0.7829606,0.8052157,0.7693005,0.9253784,1,0.8704997,0,0,0,0,0,0,0,0,0,0,0,0,0,0,0,0,0,0,0,0,0,0,0,0,0,0.7379176,0.8020983,0.9047484,0.9704689,0.9203628,0.7872339,1,0.968429,0,0,0,0,0,0,0,0,0,0,0,0,0,0,0,0,0,0,0,0,0,0,0,0,0,0.6147883,0.7128225,0.7527663,0.6138018,0.7126853,0.9560601,1,0.8575126,0,0,0,0,0,0,0,0,0,0,0,0,0,0,0,0,0,0,0,0,0,0,0,0,0,0,0,0.6866927,0.7833479,0.8039202,0.8291272,1,0.9568466,0.6308876,0,0,0,0,0,0,0,0,0,0,0,0,0,0,0,0,0,0,0,0,0,0,0,0,0,0,0.8441122,0.9912184,1,0.9670447,0.8623124,0.8782164,0,0,0,0,0,0,0,0,0,0,0,0,0,0,0
0,0,0,0,0,0,0,0,0,0,0,0,0,0,0,0.9442295,1,0.9054606,0,0,0,0,0,0,0,0,0,0,0,0,0,0,0,0,0,0,0,0,0,0,0,0,0.9111051,0.9501135,0.8961704,0,0,0,0,1,0.9866629,0,0,0,0,0,0,0,0,0,0,0,0,0,0,0,0,0,0,0,0,0,0,0,0,0.7832822,0.8117949,0.7983086,0.7645417,0,0.8106054,0.9636036,1,0.8923365,0,0,0,0,0,0,0,0,0,0,0,0,0,0,0,0,0,0,0,0,0,0,0,0,0.8292178,0.8564834,0.8294736,0.7910481,0.796464,0,0.8906787,1,0.9550254,0,0,0,0,0,0,0,0,0,0,0,0,0,0,0,0,0,0,0,0,0,0,0,0,0.8898189,0.9222877,0.9041886,0,0.8732983,0.8633162,0,0.9943416,1,0.8851064,0,0,0,0,0,0,0,0,0,0,0,0,0,0
0,0,0,0,0,0,0,0,0,0.7548051,0.8359798,0.707381,0.7721873,0.6812775,0.7425682,0.9050754,1,0.8882998,0,0,0,0,0,0,0,0,0,0,0,0,0,0,0,0,0,0,0,0,0,0,0,0.7556535,0.8109099,0.6594613,0.7408562,0,0,0.6967672,0.918026,1,0.941222,0.6869277,0,0,0,0,0,0,0,0,0,0,0,0,0,0,0,0,0,0,0,0,0,0.6591191,0.7151392,0.7083157,0.7300297,0.7195733,0.6566104,0,0.6839452,0.9458979,1,0.8642857,0,0,0,0,0,0,0,0,0,0,0,0,0,0,0,0,0,0,0,0,0,0,0,0.703598,0.7591689,0.7454941,0.8043491,0.7549281,0.7068226,0.624483,0.8859166,1,0.9442011,0.614293,0,0,0,0,0,0,0,0,0,0,0,0,0,0,0,0,0,0,0,0,0,0,0.7491405,0.866544,0.8301514,0.7359079,0.7343102,0.6738161,0,0.7864913,0.9112101,1,0.8818871,0,0,0,0,0,0,0,0,0,0,0,0,0,0
0,0,0,0,0,0,0,0,0,0,0,0,0,0.8354682,0.8509345,0.9440624,1,0.8997457,0,0,0,0,0,0,0,0,0,0,0,0,0,0,0,0,0,0,0,0,0,0,0,0,0,0,0.8675866,0.8825198,0,0,0.9220861,1,0.9475275,0,0,0,0,0,0,0,0,0,0,0,0,0,0,0,0,0,0,0,0,0,0,0,0,0,0.7538508,0.784908,0.7726849,0,0.7651598,0.9706303,1,0.8795676,0,0,0,0,0,0,0,0,0,0,0,0,0,0,0,0,0,0,0,0,0,0,0,0,0,0.8358333,0.8464609,0.809208,0,0,0.8868693,1,0.9584074,0,0,0,0,0,0,0,0,0,0,0,0,0,0,0,0,0,0,0,0,0,0,0,0,0,0.826591,0.8984429,0.9220317,0.8692922,0.8025035,0,0.9651663,1,0.8723284,0,0,0,0,0,0,0,0,0,0,0,0,0,0
0,0,0,0,0,0,0,0,0,0,0,0,0,0,0.7962281,0.9572169,1,0.8879306,0,0,0,0,0,0,0,0,0,0,0,0,0,0,0,0,0,0,0,0,0,0,0,0,0,0,0,0.9316168,1,0.9942203,0.943464,0.9549399,0.8581724,0,0,0,0,0,0,0,0,0,0,0,0,0,0,0,0,0,0,0,0,0,0,0,0,0,0,0.7306731,0.7779289,0.7972577,0.8072643,0.9700605,1,0.8682373,0,0,0,0,0,0,0,0,0,0,0,0,0,0,0,0,0,0,0,0,0,0,0,0,0,0,0,0,0,0,0.8946072,1,0.9457778,0,0,0,0,0,0,0,0,0,0,0,0,0,0,0,0,0,0,0,0,0,0,0,0,0,0,0.7225146,0.7948775,0.7996383,0.7228905,0.7326919,0.9714317,1,0.8549266,0,0,0,0,0,0,0,0,0,0,0,0,0,0
0,0,0,0,0,0,0,0,0,0,0,0,0,0,0.7687648,0.9021382,1,0.839317,0.8342026,0.8172213,0.7805598,0,0,0,0,0,0,0,0,0,0,0,0,0,0,0,0,0,0,0,0,0,0,0,0,0,0.8695298,0.833147,0.8579468,1,0.9548158,0.8331904,0,0,0,0,0,0,0,0,0,0,0,0,0,0,0,0,0,0,0,0,0,0,0,0,0,0,0,0,0.7274051,0.957373,1,0.8817247,0.6729475,0,0,0,0,0,0,0,0,0,0,0,0,0,0,0,0,0,0,0,0,0,0,0,0,0,0,0,0,0,0.8437309,1,0.9623024,0.7607539,0.7846842,0.7696,0.7244125,0,0,0,0,0,0,0,0,0,0,0,0,0,0,0,0,0,0,0,0,0,0,0,0,0,0,0.8112867,0.9804447,1,0.8476972,0,0,0,0,0,0,0,0,0,0,0,0,0,0
0,0,0,0,0,0,0,0,0,0,0,0,0,0,0,0.9237163,1,0.9179924,0.70536,0.7799951,0.7917094,0,0,0,0,0,0,0,0,0,0,0,0,0,0,0,0,0,0,0,0,0,0,0,0,0,0.8586587,0.852392,0.8959202,1,0.8819767,0.9047762,0.8875592,0,0,0,0,0,0,0,0,0,0,0,0,0,0,0,0,0,0,0,0,0,0,0,0,0,0,0.6873781,0.6870176,0.9487383,1,0.8921198,0.704321,0.6945404,0.7038525,0,0,0,0,0,0,0,0,0,0,0,0,0,0,0,0,0,0,0,0,0,0,0,0,0,0,0,0.8650292,1,0.9493927,0,0.7493479,0.7846146,0.7792956,0,0.6931476,0.7118945,0,0,0,0,0,0,0,0,0,0,0,0,0,0,0,0,0,0,0,0,0,0,0,0,0.958159,1,0.8571967,0.7250549,0.7347419,0,0,0,0,0,0,0,0,0,0,0,0
0,0,0,0,0,0,0,0,0,0,0,0,0,0,0,0.9342261,1,0.8609784,0,0.8018367,0.8681248,0.8257616,0.7246891,0,0,0,0,0,0,0,0,0,0,0,0,0,0,0,0,0,0,0,0,0,0,0.8174455,0.8586407,0,0.9022438,1,0.9174098,0,0,0,0,0,0,0,0,0,0,0,0,0,0,0,0,0,0,0,0,0,0,0,0,0,0,0,0,0,0.7292997,0.951737,1,0.8785768,0.6898061,0.7676505,0.7942315,0.7488299,0.7048429,0,0,0,0,0,0,0,0,0,0,0,0,0,0,0,0,0,0,0,0,0,0,0,0,0.7483509,0.8723822,1,0.9501637,0.7212732,0.7503516,0.852961,0.8428488,0.7609536,0.7029174,0,0,0,0,0,0,0,0,0,0,0,0,0,0,0,0,0,0,0,0,0,0,0,0.7507077,0.720742,0.9708059,1,0.8401154,0.696666,0,0.7711192,0.7495399,0,0,0,0,0,0,0,0,0,0
0,0,0,0,0,0,0,0,0,0,0,0,0,0,0,0.9459953,1,0.8319221,0.7069342,0,0.7283979,0,0,0,0,0,0,0,0,0,0,0,0,0,0,0,0,0,0,0,0,0,0,0,0.8309417,0.8938929,0,0,0.9405726,1,0.9292576,0,0,0,0,0,0,0,0,0,0,0,0,0,0,0,0,0,0,0,0,0,0,0,0,0,0.6200956,0.6331283,0.6764266,0,0.6799033,0.9530597,1,0.8570802,0.6182149,0.5802737,0.6343904,0,0,0,0,0,0,0,0,0,0,0,0,0,0,0,0,0,0,0,0,0,0,0,0.714612,0.7254334,0.6319655,0,0.8668962,1,0.9502988,0.6765352,0.6406877,0.7128391,0.6713724,0.6335347,0,0,0,0,0,0,0,0,0,0,0,0,0,0,0,0,0,0,0,0,0.6600735,0.6913208,0.721388,0.741373,0.7224899,0.7337592,0.9686913,1,0.8446565,0,0.689,0.6516997,0,0,0,0,0,0,0,0,0,0,0
0,0,0,0,0,0,0,0,0,0,0,0,0,0,0.7781289,0.9056243,1,0.9051899,0,0,0,0,0,0,0,0,0,0,0,0,0,0,0,0,0,0,0,0,0,0,0,0,0,0,0.7467942,0,0.7762181,0.8595381,0.8723009,1,0.9315001,0.7643439,0,0,0,0,0,0,0,0,0,0,0,0,0,0,0,0,0,0,0,0,0,0,0,0,0,0,0.6328602,0,0.7369017,0.9649193,1,0.8671968,0,0,0.5872133,0,0,0,0,0,0,0,0,0,0,0,0,0,0,0,0,0,0,0,0,0,0,0,0,0,0.6678369,0,0.8011636,1,0.9480899,0.6798233,0.6647424,0,0,0,0,0,0,0,0,0,0,0,0,0,0,0,0,0,0,0,0,0,0,0,0,0.6998388,0.7519392,0.7027802,0,0.7873267,1,0.9879737,0.738465,0,0,0,0,0,0,0,0,0,0,0,0,0,0
0,0,0,0,0,0,0,0,0,0,0,0,0,0,0,0.9279155,1,0.9001938,0,0,0,0,0,0,0,0,0,0,0,0,0,0,0,0,0,0,0,0,0,0,0,0,0,0,0,0,0,0,0.9039331,1,0.9435228,0,0,0,0,0,0,0,0,0,0,0,0,0,0,0,0,0,0,0,0,0,0,0,0,0,0,0,0,0,0,0.9476631,1,0.8831434,0,0,0,0,0,0,0,0,0,0,0,0,0,0,0,0,0,0,0,0,0,0,0,0,0,0,0,0,0,0,0.8997418,1,0.9358495,0,0,0,0,0,0,0,0,0,0,0,0,0,0,0,0,0,0,0,0,0,0,0,0,0,0,0,0,0,0,0.8118371,1,0.9967136,0.7884881,0,0,0,0,0,0,0,0,0,0,0,0,0,0
0,0,0,0,0,0,0,0,0,0,0,0,0,0,0,0.9539741,1,0.8350707,0.8163795,0,0,0,0,0,0,0,0,0,0,0,0,0,0,0,0,0,0,0,0,0,0,0,0,0,0,0,0,0,0.8734362,1,0.9468529,0,0,0,0,0,0,0,0,0,0,0,0,0,0,0,0,0,0,0,0,0,0,0,0,0,0,0,0,0,0,0.9664891,1,0.8324236,0.7965307,0,0,0,0,0,0,0,0,0,0,0,0,0,0,0,0,0,0,0,0,0,0,0,0,0,0,0,0,0,0.8784047,1,0.9640985,0.8013152,0,0,0,0,0,0,0,0,0,0,0,0,0,0,0,0,0,0,0,0,0,0,0,0,0,0,0,0,0,0.795087,0.9963958,1,0,0,0,0,0,0,0,0,0,0,0,0,0,0,0
0,0,0,0,0,0,0,0,0,0,0,0,0,0,0,0.9034454,1,0.9043223,0.7224271,0.6585118,0.6787297,0,0,0,0,0,0,0,0,0,0,0,0,0,0,0,0,0,0,0,0,0,0,0,0,0,0,0,0.7987055,1,0.9902665,0.7784109,0.7032369,0.7769094,0.6987516,0,0,0,0,0,0,0,0,0,0,0,0,0,0,0,0,0,0,0,0,0,0,0,0,0,0,0.9268684,1,0.8995845,0.7210695,0.7444696,0.666886,0.6431373,0,0,0,0,0,0,0,0,0,0,0,0,0,0,0,0,0,0,0,0,0,0,0,0,0,0,0.8313541,1,0.9683518,0.7666704,0.7632887,0.6525555,0.6257015,0,0,0,0,0,0,0,0,0,0,0,0,0,0,0,0,0,0,0,0,0,0,0,0,0,0,0,0.9382894,1,0.8522537,0.6758316,0.6828879,0.7837131,0.7221671,0,0,0,0,0,0,0,0,0,0
0,0,0,0,0,0,0,0,0,0,0,0,0,0,0,0.8978711,1,0.9327835,0,0,0,0.7910181,0.8334621,0.7855104,0,0,0,0,0,0,0,0,0,0,0,0,0,0,0,0,0,0,0,0,0,0,0,0,0.815841,1,0.9800119,0.7486603,0,0.7856516,0.7944475,0.7750182,0.7497016,0,0,0,0,0,0,0,0,0,0,0,0,0,0,0,0,0,0,0,0,0,0,0,0,0.9358296,1,0.8918514,0,0,0.6981814,0,0,0,0,0,0,0,0,0,0,0,0,0,0,0,0,0,0,0,0,0,0,0,0,0,0,0,0.843099,1,0.9743017,0.7518023,0,0,0.7875571,0.8029433,0.7396624,0,0,0,0,0,0,0,0,0,0,0,0,0,0,0,0,0,0,0,0,0,0,0,0,0,0.9230801,1,0.8937417,0,0,0,0.8175395,0,0,0,0,0,0,0,0,0,0
0,0,0,0,0,0,0,0,0,0,0,0,0,0,0,0.9060134,1,0.9228522,0.7111689,0.6669881,0.725974,0.7581533,0.8589849,0.7981375,0,0,0,0,0,0,0,0,0,0,0,0,0,0,0,0,0,0,0,0,0,0,0,0,0.8398394,1,0.9806587,0.8142728,0.7163262,0.6975675,0.7214584,0.6908272,0,0,0,0,0,0,0,0,0,0,0,0,0,0,0,0,0,0,0,0,0,0,0,0,0,0.930184,1,0.9000179,0.6820238,0.6749076,0.7242016,0,0.750024,0.7536528,0,0,0,0,0,0,0,0,0,0,0,0,0,0,0,0,0,0,0,0,0,0,0,0,0.8287845,1,0.980503,0.7757193,0,0.7085615,0.7105595,0,0.7308433,0.6954321,0,0,0,0,0,0,0,0,0,0,0,0,0,0,0,0,0,0,0,0,0,0,0,0,0.9053392,1,0.9144893,0,0,0,0,0.7339074,0.7102623,0,0,0,0,0,0,0,0
0,0,0,0,0,0,0,0,0,0,0,0,0,0,0,0.8955831,1,0.9046035,0.7193185,0.8013721,0.7548428,0.7994182,0.7119758,0,0,0,0,0,0,0,0,0,0,0,0,0,0,0,0,0,0,0,0,0,0,0,0,0,0.7985539,1,0.9810985,0.7495959,0,0.7310448,0.8076957,0.7541873,0,0,0,0,0,0,0,0,0,0,0,0,0,0,0,0,0,0,0,0,0,0,0,0,0,0.920974,1,0.8948873,0.6670039,0.7825391,0.8197375,0.8053793,0.7494817,0,0,0,0,0,0,0,0,0,0,0,0,0,0,0,0,0,0,0,0,0,0,0,0,0,0.8474077,1,0.9735399,0.825627,0.7965578,0.7093046,0,0.6751655,0.6615139,0,0,0,0,0,0,0,0,0,0,0,0,0,0,0,0,0,0,0,0,0,0,0,0,0.7243806,0.9588862,1,0.8678188,0.7171457,0.7770836,0.7946119,0.7762224,0,0,0,0,0,0,0,0,0,0
0,0,0,0,0,0,0,0,0,0,0,0,0,0,0,0.9149229,1,0.9010018,0.9167467,0.8720258,0.75721,0,0,0,0,0,0,0,0,0,0,0,0,0,0,0,0,0,0,0,0,0,0,0,0,0,0,0,0.750488,0.9769474,1,0.9053102,0.8199862,0.823613,0.8414769,0,0,0,0,0,0,0,0,0,0,0,0,0,0,0,0,0,0,0,0,0,0,0,0,0,0,0.9313704,1,0.9047986,0.7928091,0.7817691,0.775165,0.754384,0,0,0,0,0,0,0,0,0,0,0,0,0,0,0,0,0,0,0,0,0,0,0,0,0,0,0.8149347,1,0.9962816,0.8678507,0.812111,0.7703097,0.7832184,0.7083577,0,0,0,0,0,0,0,0,0,0,0,0,0,0,0,0,0,0,0,0,0,0,0,0,0,0,0.9571179,1,0.8703278,0.7796884,0.7124197,0.8059016,0.8080728,0,0,0,0,0,0,0,0,0,0
0,0,0,0,0,0,0,0,0,0,0,0.6044126,0.7117455,0.7380571,0.7812915,0.8868469,1,0.9154376,0.7641559,0,0,0,0,0,0,0,0,0,0,0,0,0,0,0,0,0,0,0,0,0,0,0,0,0,0,0,0,0,0.7628332,0.9852299,1,0.8257424,0.7214055,0.7908912,0.8533022,0.7381722,0,0,0,0,0,0,0,0,0,0,0,0,0,0,0,0,0,0,0,0,0,0,0.6455861,0.6996188,0.7424462,0.9273031,1,0.8830515,0.7112746,0.698381,0.7588052,0.7281797,0.6072785,0,0,0,0,0,0,0,0,0,0,0,0,0,0,0,0,0,0,0,0,0,0,0.607909,0.6585804,0.7684748,0.8860902,1,0.9460899,0.6829916,0.7113819,0.6357304,0.7120652,0.7023768,0.591016,0,0,0,0,0,0,0,0,0,0,0,0,0,0,0,0,0,0,0,0,0,0,0,0.7083417,0.7570599,0.9519925,1,0.8511382,0.8040356,0.7398746,0.7924048,0.8340556,0.7615378,0.6323376,0,0,0,0,0,0,0,0
0,0,0,0,0,0,0,0,0,0,0,0,0.7798143,0.8530192,0.7810372,0.9337288,1,0.923829,0,0,0,0,0,0,0,0,0,0,0,0,0,0,0,0,0,0,0,0,0,0,0,0,0,0,0,0,0.8307537,0.8241273,0,0.9767562,1,0,0.8820874,0.8782864,0,0.8573315,0,0,0,0,0,0,0,0,0,0,0,0,0,0,0,0,0,0,0,0,0,0,0.8093171,0.8402199,0.7497815,0.9340214,1,0.9159967,0,0.7348929,0.7371742,0,0,0,0,0,0,0,0,0,0,0,0,0,0,0,0,0,0,0,0,0,0,0,0,0.8353776,0.9085296,0.8364419,0.7822325,1,0.9773269,0,0.8129019,0.8162005,0.7490813,0,0,0,0,0,0,0,0,0,0,0,0,0,0,0,0,0,0,0,0,0,0,0,0,0.9367713,0.9005988,0,0.9561483,1,0.9011499,0.8551267,0.9485807,0.9123999,0,0,0,0,0,0,0,0,0,0,0
0,0,0,0,0,0,0,0,0.6991651,0.747069,0.628232,0.8362587,0.8417162,0.7873057,0.6868395,0.890996,1,0.9169881,0.593751,0,0,0,0,0,0,0,0,0,0,0,0,0,0,0,0,0,0,0,0,0,0,0,0,0.6951402,0.6719068,0,0.7454512,0.8188112,0.8911017,0.8112568,1,0.8730754,0.8838589,0.883119,0.7045004,0.7048435,0.6681294,0,0,0,0,0,0,0,0,0,0,0,0,0,0,0,0,0,0.6348423,0.6151711,0.6659902,0.7877074,0.8208055,0.7862982,0.6903782,0.9093879,1,0.8963617,0.6272056,0.6548307,0,0,0,0,0,0,0,0,0,0,0,0,0,0,0,0,0,0,0,0,0,0.6990642,0.6950493,0.6721005,0.8211656,0.8754441,0.8216276,0.7973084,0.7592694,1,0.9836568,0.7716472,0.6827422,0.5650948,0.6478474,0.5737234,0,0,0,0,0,0,0,0,0,0,0,0,0,0,0,0,0,0,0,0,0.7726255,0.8445885,0.9216346,0.9087629,0.7481362,0.8165875,0.9252015,1,0.8745576,0.8718357,0.8786176,0.7440546,0.7207021,0,0,0,0,0,0,0,0,0,0
0,0,0,0,0,0,0,0,0,0.797959,0.7982371,0,0.7886091,0,0,0.9054959,1,0.9132295,0,0,0,0,0,0,0,0,0,0,0,0,0,0,0,0,0,0,0,0,0,0,0,0,0,0,0.8526371,0.8633374,0.9157256,0.9338274,0.8260526,0.9528148,1,0.9011527,0,0,0,0,0,0,0,0,0,0,0,0,0,0,0,0,0,0,0,0.6865412,0.7020733,0.6801903,0,0.701001,0,0.7382441,0.7592265,0.7555864,0,0.9266647,1,0.9071306,0,0,0,0,0,0,0,0,0,0,0,0,0,0,0,0,0,0,0,0,0,0.7006565,0.8004108,0.7758867,0.7009652,0,0.7327465,0.778205,0,0,0.8354447,1,0.9814779,0.7693508,0,0,0,0,0,0,0,0,0,0,0,0,0,0,0,0,0,0,0,0,0,0.8033848,0.830878,0.7881072,0.769637,0.7384714,0.7708107,0.8343762,0.8451523,0.785027,0.9705718,1,0.8821227,0.7626832,0,0,0,0,0,0,0,0,0,0,0,0,0
0,0,0,0,0,0.6495594,0.6733452,0.7074751,0.7597896,0.7184296,0,0.7852772,0.849726,0.7728847,0.6848809,0.9281594,1,0.8915336,0,0,0,0,0,0,0,0,0,0,0,0,0,0,0,0,0,0,0,0,0,0,0,0.7491492,0.7593169,0.8014144,0.9225996,0.9867077,0.8546832,0.8579496,0.7665282,0.950698,1,0.8143029,0,0,0,0,0,0,0,0,0,0,0,0,0,0,0,0,0,0,0,0,0,0.6305035,0,0.6182793,0.6423098,0.7903382,0.8109843,0.6407501,0.7075158,0.9351003,1,0.8950871,0,0,0,0,0,0,0,0,0,0,0,0,0,0,0,0,0,0,0,0,0,0.6772012,0.768764,0.8011796,0.758198,0,0.6428918,0.7707301,0.7537678,0.7199144,0.8638263,1,0.9605714,0.732798,0,0,0,0,0,0,0,0,0,0,0,0,0,0,0,0,0,0,0,0,0,0.7029794,0.7316467,0,0.6733134,0.6774905,0.8198416,0.7632578,0.7584293,0.7632084,0.9382421,1,0.8563057,0.6843867,0,0,0,0,0,0,0,0,0,0,0,0,0
0,0,0,0,0,0,0,0,0,0.7331736,0.7542723,0.749086,0.8589656,0.7879007,0.6837653,0.92097,1,0.8938754,0,0,0,0,0,0,0,0,0,0,0,0,0,0,0,0,0,0,0,0,0,0,0,0,0,0,0,0.7883721,0.9862784,0.9999921,0.872443,1,0.9804979,0,0,0,0,0,0,0,0,0,0,0,0,0,0,0,0,0,0,0,0,0,0,0,0.6744947,0.7047161,0.7239437,0.662599,0.8309342,0.8623445,0.7894909,0.9509899,1,0.8707368,0,0,0,0,0,0,0,0,0,0,0,0,0,0,0,0,0,0,0,0,0,0,0,0,0.6925844,0.7366622,0.7060347,0.7489511,0.8022106,0.7595787,0.8878842,1,0.9407148,0,0,0,0,0,0,0,0,0,0,0,0,0,0,0,0,0,0,0,0,0,0,0,0,0.6560334,0.7276086,0.7116134,0.759411,0.8642755,0.8426305,0.7375324,0.9645336,1,0.8471041,0,0,0,0,0,0,0,0,0,0,0,0,0,0
0,0,0,0,0,0,0,0,0,0,0,0,0.7326733,0,0.8339269,0.9646962,1,0.8746709,0,0,0,0,0,0,0,0,0,0,0,0,0,0,0,0,0,0,0,0,0,0,0,0,0,0,0,0,0.8238968,0,0.8433852,1,0.9809709,0,0,0,0,0,0,0,0,0,0,0,0,0,0,0,0,0,0,0,0,0,0,0,0,0,0,0.6651327,0.7045416,0.7890971,0.7435954,0.9549718,1,0.8604203,0,0,0,0,0,0,0,0,0,0,0,0,0,0,0,0,0,0,0,0,0,0,0,0,0,0,0,0.6766291,0,0.7127025,0.8430884,1,0.951964,0,0,0,0,0,0,0,0,0,0,0,0,0,0,0,0,0,0,0,0,0,0,0,0,0,0,0,0,0.7761084,0.8136254,0.7832512,0.9453712,1,0.8390045,0,0,0,0,0,0,0,0,0,0,0,0,0,0
