GestureName: zigzag
Duration(ms): 1410
Handedness: right

SpeakerAngles: 5
55
-55
0
0
110

SpeakerElevations: 5
-10
-10
-10
0
30

InterpretedPoints: 30
0,0,0
1.62759536269875,3.52213653048741,0.479055466999209
0.835068873062699,8.72366837837789,0.263518223330696
6.51747184803277,22.8153416944451,0.158795558326741
6.51747184803277,24.8001494474573,-0.0148526193401901
0,5,0
0.806707284111599,-0.564862521463624,0.17364817766693
2.41303145509702,-11.0170157611168,1.41012995433623
1.57796258203432,-10.3667012577007,-0.0689255126629749
-0.849249667538249,-11.1008876189503,-0.916221867996835
-2.44139304404812,-8.45500398964029,0.0628335990023732
0,0,0
0.806707284111599,6.66420307041529,-0.868240888334652
0,0,0
5.70367416668339,21.9818147842438,0.00609191366060236
4.84024370466959,9.38917512878174,-1.04188906600158
0,0,0
0,0,0
-4.04771721503354,-6.05661455797545,0.0418890660015822
-6.48201986184389,-9.99869632001144,-0.437166400997627
-6.49620065631944,-17.7650906893656,-0.0479809796621837
-2.4201218523348,-7.64901082342749,1.04188906600158
-0.806707284111599,-0.564862521463624,0.17364817766693
0.806707284111599,2.54967027447583,-0.347296355333861
4.86151489638292,16.1040148130678,-1.10472266500396
10.5368274741152,15.209442470785,1.2425736903299
4.05480761227132,9.1955539037858,0.631759111665348
0.813797681349374,0.703801867273976,0.5
-3.24810032815972,-4.76041642524942,-0.458110933998418
-0.806707284111599,-2.54967027447583,0.347296355333861

StrokePoints: 31
0,0,0
0,0,0
1.62759536269875,3.52213653048741,0.479055466999209
2.46266423576145,12.2458049088653,0.742573690329905
8.98013608379421,35.0611466033103,0.901369248656646
15.497607931827,59.8612960507676,0.886516629316456
15.497607931827,64.8612960507676,0.886516629316456
16.3043152159386,64.296433529304,1.06016480698339
18.7173466710356,53.2794177681872,2.47029476131962
20.2953092530699,42.9127165104865,2.40136924865664
19.4460595855317,31.8118288915363,1.48514738065981
17.0046665414836,23.356824901896,1.54798097966218
17.0046665414836,23.356824901896,1.54798097966218
17.8113738255952,30.0210279723112,0.679740091327531
17.8113738255952,30.0210279723112,0.679740091327531
23.5150479922785,52.0028427565551,0.685832004988133
28.3552916969481,61.3920178853368,-0.356057061013449
28.3552916969481,61.3920178853368,-0.356057061013449
28.3552916969481,61.3920178853368,-0.356057061013449
24.3075744819146,55.3354033273614,-0.314167995011867
17.8255546200707,45.3367070073499,-0.751334396009493
11.3293539637513,27.5716163179844,-0.799315375671677
8.90923211141647,19.9226054945569,0.242573690329905
8.10252482730487,19.3577429730933,0.416221867996835
8.90923211141647,21.9074132475691,0.0689255126629745
13.7707470077994,38.0114280606369,-1.03579715234098
24.3075744819146,53.2208705314219,0.206776537988924
28.3623820941859,62.4164244352077,0.838535649654272
29.1761797755353,63.1202263024817,1.33853564965427
25.9280794473756,58.3598098772323,0.880424715655855
25.121372163264,55.8101396027564,1.22772107098972

Velocities: 30
0,0,0
1,1,1
2,5,3
8,9,8
8,9,9
0,0,0
0,-1,0
-1,-5,-5
0,-7,-7
-1,-6,-5
-3,-3,-3
0,0,0
2,1,2
0,0,0
7,8,8
6,0,0
0,0,0
0,0,0
-3,0,-3
-4,0,-5
-6,-4,-7
-3,0,-3
-1,0,0
1,0,1
6,3,6
6,0,7
2,0,3
0,0,0
-2,-1,-3
-1,0,-1

InverseVelocities: 30
0,0,0
0,0,0
0,0,0
0,0,0
0,0,0
0,0,0
0,0,0
0,0,0
0,0,0
0,0,0
0,0,0
0,0,0
0,0,0
0,0,0
0,0,0
0,0,0
0,0,0
0,0,0
0,0,0
0,0,0
0,0,0
0,0,0
0,0,0
0,0,0
0,0,0
0,0,-2
0,0,0
0,0,0
0,0,0
0,0,0

RawData: 30
0,0,0,0,0,0,0,0,0,0,0,0,0,0,0,0.9340117,1,0.8973598,0,0,0,0,0,0,0,0,0,0,0,0,0,0,0,0,0,0,0,0,0,0,0,0,0,0,0,0,0,0,0,0.9888998,1,0,0,0,0,0,0,0,0,0,0,0,0,0,0,0,0,0,0,0,0,0,0,0,0,0,0,0,0,0,0,0.9603443,1,0.8874642,0,0,0,0,0,0,0,0,0,0,0,0,0,0,0,0,0,0,0,0,0,0,0,0,0,0,0,0,0,0,0.8797927,1,0.9615974,0,0,0,0,0,0,0,0,0,0,0,0,0,0,0,0,0,0,0,0,0,0,0,0,0,0,0,0,0,0,0,0.974529,1,0.8584916,0,0,0,0,0,0,0,0,0,0,0,0,0,0
0,0,0,0,0,0,0,0,0,0,0,0,0,0,0,0.9233801,1,0.9120414,0.6710501,0.7050866,0.6682801,0,0,0,0,0,0,0,0,0,0,0,0,0,0,0,0,0,0,0,0,0,0,0,0,0,0,0,0,1,0.9711338,0.9854645,0.9390319,0.8585637,0,0,0,0,0,0,0,0,0,0,0,0,0,0,0,0,0,0,0,0,0,0,0,0,0,0,0.6656899,0.9550723,1,0.8815103,0.7291805,0.7021232,0.6581662,0,0,0,0,0,0,0,0,0,0,0,0,0,0,0,0,0,0,0,0,0,0,0,0,0,0,0,0.8766613,1,0.9463397,0.7089764,0.7389298,0.6963585,0.6489226,0,0,0,0,0,0,0,0,0,0,0,0,0,0,0,0,0,0,0,0,0,0,0,0,0,0,0.7430286,0.9748299,1,0.7853447,0.7788031,0.7407301,0.6807174,0,0,0,0,0,0,0,0,0,0,0
0,0,0,0,0,0,0,0,0,0,0,0,0,0,0,0.9298467,1,0.9047697,0.7894551,0.743563,0.7833061,0.7890665,0,0,0,0,0,0,0,0,0,0,0,0,0,0,0,0,0,0,0,0,0,0,0,0,0,0,0,1,0.9333035,0.8852966,0.8503184,0,0.8931865,0.9528875,0.9034606,0.8458892,0,0,0,0,0,0,0,0,0,0,0,0,0,0,0,0,0,0,0,0,0,0,0.700329,0.9544548,1,0.8790346,0,0.7451298,0.7849606,0.7801948,0.708164,0,0,0,0,0,0,0,0,0,0,0,0,0,0,0,0,0,0,0,0,0,0,0,0,0,0.889723,1,0.9495913,0,0.7686421,0.8018276,0.7686129,0.7186522,0,0,0,0,0,0,0,0,0,0,0,0,0,0,0,0,0,0,0,0,0,0,0,0,0,0.8137574,0.9905526,1,0.8645473,0,0.8054305,0.7789559,0.8117545,0.7694036,0,0,0,0,0,0,0,0,0
0,0,0,0,0,0,0,0,0,0,0,0,0,0,0,0.9280812,1,0.8907564,0.6913887,0.7920042,0.7551507,0.7293315,0.7532125,0.7327362,0.6616406,0.7325048,0.7268714,0.6512801,0,0,0,0,0,0,0,0,0,0,0,0,0,0,0,0,0,0,0,0,0.8489266,1,0.9373928,0.7926807,0.8516442,0.7867826,0.8848411,0.833864,0,0,0.8975101,0.9665341,0.8587814,0.7223229,0,0,0,0,0,0,0,0,0,0,0,0,0,0,0,0,0,0,0.6224458,0.9471285,1,0.8691527,0,0.7263417,0.7616364,0.7610222,0.5957567,0.673163,0,0.7806411,0.772882,0.6284337,0,0,0,0,0,0,0,0,0,0,0,0,0,0,0,0,0,0,0,0,0.8854545,1,0.9426157,0.6610559,0.7391052,0.7921246,0.774978,0.709371,0.7211176,0.6684306,0.5879567,0.6990806,0.6874306,0,0,0,0,0,0,0,0,0,0,0,0,0,0,0,0,0,0,0,0,0.7734721,0.9888642,1,0.8382082,0.7156982,0.8377002,0.8792581,0.8610513,0.8436673,0.8360056,0.7793866,0.8502088,0.8608223,0.7832446,0,0,0,0
0,0,0,0,0,0,0,0,0,0,0,0,0,0,0,0.8945529,1,0.9223243,0.773923,0,0.7036287,0.6951505,0,0,0.6912603,0.6829721,0.7122537,0.7268562,0,0,0,0,0,0,0,0,0,0,0,0,0,0,0,0,0,0,0,0.7645376,0.775913,1,0.9880708,0,0,0,0.76555,0.7669389,0.8010348,0.8666646,0.9319426,0.9918575,0.9650382,0.8715885,0,0,0,0,0,0,0,0,0,0,0,0,0,0,0,0,0,0,0,0.937756,1,0.8943347,0,0.6868105,0.7334318,0.7037474,0,0.6851011,0.6891133,0.7320094,0.7724203,0.7290702,0.6384264,0,0,0,0,0,0,0,0,0,0,0,0,0,0,0,0,0,0,0,0.8119068,1,0.9798198,0.7471424,0,0.7159829,0.7570948,0.7341632,0.6853143,0.6691234,0.75166,0.7768449,0.770277,0.6454467,0,0,0,0,0,0,0,0,0,0,0,0,0,0,0,0,0,0,0,0,0.9061133,1,0.8951532,0,0,0.8148441,0.7605813,0,0.7660841,0.7496773,0.8271096,0.8942479,0.8262326,0,0,0,0
0,0,0,0,0,0,0,0,0,0,0,0,0,0,0,0.9159212,1,0.9352369,0.8056951,0.778196,0,0,0,0,0,0,0,0,0,0,0,0,0,0,0,0,0,0,0,0,0,0,0,0,0,0,0,0,0,1,0.9937124,0,0,0,0,0,0,0,0,0,0,0,0,0,0,0,0,0,0,0,0,0,0,0,0,0,0,0,0,0,0.6757057,0.9342447,1,0.9017077,0,0,0,0,0,0,0,0,0,0,0,0,0,0,0,0,0,0,0,0,0,0,0,0,0,0,0,0,0,0,0.8246614,1,0.9840176,0.8190154,0.7663158,0.7120554,0.6979797,0,0,0.7026839,0,0,0,0,0,0,0,0,0,0,0,0,0,0,0,0,0,0,0,0,0,0,0,0,0.9095639,1,0.8705072,0.8100998,0,0,0,0,0,0,0,0,0,0,0,0,0
0,0,0,0,0,0,0,0,0,0,0,0,0,0,0.8041626,0.8721665,1,0.9321635,0,0,0,0,0,0,0,0,0,0,0,0,0,0,0,0,0,0,0,0,0,0,0,0,0,0,0,0.9197367,0.9601489,0.9693419,0.9252557,0.9605767,1,0.8758891,0,0,0,0,0,0,0,0,0,0,0,0,0,0,0,0,0,0,0,0,0,0,0,0,0,0,0,0,0.7146259,0.9407221,1,0.8983865,0,0,0,0,0,0,0,0,0,0,0,0,0,0,0,0,0,0,0,0,0,0,0,0,0,0,0,0,0,0,0.8790358,1,0.9756832,0.7984704,0,0,0,0,0,0,0,0,0,0,0,0,0,0,0,0,0,0,0,0,0,0,0,0,0,0,0,0,0.8286494,0.8932419,0.9574637,1,0.909088,0,0,0,0,0,0,0,0,0,0,0,0,0,0
0,0,0,0,0,0,0,0,0,0,0,0,0.764523,0.841459,0.8459103,0.8982025,1,0.9113925,0,0,0,0,0,0,0,0,0,0,0,0,0,0,0,0,0,0,0,0,0,0,0,0.8023695,0.9486099,1,0.9188545,0.8501841,0.915373,0.8236601,0.8669403,0.9626937,0.9900751,0,0,0,0,0,0,0,0,0,0,0,0,0,0,0,0,0,0,0,0,0,0,0,0.6605116,0.7153603,0.7114503,0,0.7477143,0.7353029,0,0.9240648,1,0.9030688,0,0,0,0,0,0,0,0,0,0,0,0,0,0,0,0,0,0,0,0,0,0,0,0,0,0.6804435,0.6526788,0.7151926,0.748067,0.702044,0.7954385,1,0.9828293,0.7581015,0,0,0,0,0,0,0,0,0,0,0,0,0,0,0,0,0,0,0,0,0,0,0,0,0,0,0.7857519,0.7563953,0.7859185,0.8567775,0.9674718,1,0.8375782,0,0,0,0,0,0,0,0,0,0,0,0,0,0
0,0,0,0,0,0,0,0,0,0,0,0,0,0.8294454,0.8054411,0.9239241,1,0.9060983,0,0,0,0,0,0,0,0,0,0,0,0,0,0,0,0,0,0,0,0,0,0.8651936,0.9183153,0.9541963,1,0.9351139,0,0,0,0,0.8429191,0.9290489,0.9412011,0,0,0,0,0,0,0,0,0,0,0,0,0,0,0,0,0,0,0,0,0,0.6974475,0.7164997,0.7405324,0.6916929,0,0,0.6977648,0.7533925,0,0.9336063,1,0.9139782,0,0,0,0,0,0,0,0,0,0,0,0,0,0,0,0,0,0,0,0,0,0,0,0,0,0,0,0.7344382,0.7873194,0.7756397,0.8223227,1,0.9769558,0.7043481,0,0,0,0,0,0,0,0,0,0,0,0,0,0,0,0,0,0,0,0,0,0,0.8082729,0.8326409,0.795937,0,0.8213499,0.8362365,0,0,0.9594684,1,0.8405604,0,0,0,0,0,0,0,0,0,0,0,0,0,0
0,0,0,0,0,0,0,0,0,0,0,0,0.785369,0.7637422,0,0.9020798,1,0.9231835,0,0,0,0,0,0,0,0,0,0,0,0,0,0,0,0,0,0,0,0,0,0,0.937582,0.9492033,1,0.953919,0,0,0,0,0.9610964,0.9860879,0,0,0,0,0,0,0,0,0,0,0,0,0,0,0,0,0,0,0,0,0,0,0,0,0.6976419,0.7091183,0,0,0,0,0,0.9348208,1,0.9148218,0,0,0,0,0,0,0,0,0,0,0,0,0,0,0,0,0,0,0,0,0,0,0,0,0.725873,0.7421349,0,0,0,0,0.851675,1,0.9788547,0.7670505,0,0,0,0,0,0,0,0,0,0,0,0,0,0,0,0,0,0,0,0,0,0.7498665,0.7916555,0.769016,0.7507624,0,0.7598825,0.791601,0,0.7440171,0.9488279,1,0.902009,0,0,0,0,0,0,0,0,0,0,0,0,0,0
0,0,0,0,0,0,0,0,0,0,0.6595825,0.6641335,0.6763909,0.7296604,0.7003289,0.8857577,1,0.9164187,0,0,0,0,0,0,0,0,0,0,0,0,0,0,0,0,0,0,0,0,0,0,0,0,0,0.7095777,0.69278,0.683884,0.7798954,0.6966377,0.8708174,1,0.9475991,0.7202428,0,0,0,0,0,0,0,0,0,0,0,0,0,0,0,0,0,0,0,0,0,0,0,0,0.5933908,0.6776248,0.6466858,0.6404271,0.6611842,0.9210336,1,0.8920114,0,0,0,0,0,0,0,0,0,0,0,0,0,0,0,0,0,0,0,0,0,0,0,0,0,0.6149571,0.6626792,0.6402953,0.6729617,0.6576723,0.8003134,1,0.981346,0.727756,0,0,0,0,0,0,0,0,0,0,0,0,0,0,0,0,0,0,0,0,0,0,0,0,0.6531461,0.737892,0.7633678,0.7570208,0.7317571,0.7802184,0.9653603,1,0.860938,0,0,0,0,0,0,0,0,0,0,0,0,0,0
0,0,0,0,0,0,0,0,0,0,0,0,0,0.7575723,0.7687972,0.8966649,1,0.9298707,0,0,0,0,0,0,0,0,0,0,0,0,0,0,0,0,0,0,0,0,0,0,0,0,0,0,0,0,0,0.7892869,0.7660778,1,0.9897419,0.7954929,0,0,0,0,0,0,0,0,0,0,0,0,0,0,0,0,0,0,0,0,0,0,0,0,0,0,0,0,0,0.9374962,1,0.8953767,0,0,0,0,0,0,0,0,0,0,0,0,0,0,0,0,0,0,0,0,0,0,0,0,0,0,0,0,0,0,0.8592617,1,0.9798669,0.7429036,0,0,0,0,0,0,0,0,0,0,0,0,0,0,0,0,0,0,0,0,0,0,0,0,0,0,0,0,0.7556799,0.8129488,0.9551739,1,0.8697529,0,0,0,0,0,0,0,0,0,0,0,0,0,0
0,0,0,0,0,0,0,0,0,0,0,0,0,0,0,0.9086278,1,0.9106613,0,0,0.7171757,0.714654,0,0,0,0,0,0,0,0,0,0,0,0,0,0,0,0,0,0,0,0,0,0,0,0,0,0,0.77012,1,0.9920436,0,0.7767113,0.7668627,0,0,0,0,0,0,0,0,0,0,0,0,0,0,0,0,0,0,0,0,0,0,0,0,0,0,0,0.9287319,1,0.9075832,0,0.7025146,0.7334023,0.7105548,0,0,0,0,0,0,0,0,0,0,0,0,0,0,0,0,0,0,0,0,0,0,0,0,0,0,0.8427493,1,0.9763405,0,0.7293686,0.7607714,0.7308052,0.7105987,0,0,0,0,0,0,0,0,0,0,0,0,0,0,0,0,0,0,0,0,0,0,0,0,0,0,0.9636438,1,0.8331488,0,0,0,0,0,0,0,0,0,0,0,0,0,0
0,0,0,0,0,0,0,0,0,0,0,0,0,0,0,0.9367726,1,0.9177292,0,0,0,0,0,0,0,0,0,0,0,0,0,0,0,0,0,0,0,0,0,0,0,0,0,0,0,0,0,0,0,1,0.9977586,0,0,0,0,0,0,0,0,0,0,0,0,0,0,0,0,0,0,0,0,0,0,0,0,0,0,0,0,0,0,0.9538438,1,0.8938143,0,0,0,0,0,0,0,0,0,0,0,0,0,0,0,0,0,0,0,0,0,0,0,0,0,0,0,0,0,0,0.8857445,1,0.9694192,0,0,0,0,0,0,0,0,0,0,0,0,0,0,0,0,0,0,0,0,0,0,0,0,0,0,0,0,0,0,0,0.9769453,1,0.8438036,0,0,0,0,0,0,0,0,0,0,0,0,0,0
0,0,0,0,0,0,0,0,0,0,0,0,0,0,0,0.9306375,1,0.899001,0,0,0,0,0,0,0.7756554,0.8283487,0.7608349,0,0,0,0,0,0,0,0,0,0,0,0,0,0,0,0,0,0,0,0,0,0.8137061,1,0.9894051,0.7911149,0,0,0,0.7833431,0.8588672,0.8554161,0.8571013,0.7989563,0.7865273,0,0,0,0,0,0,0,0,0,0,0,0,0,0,0,0,0,0,0,0,0.9584345,1,0.8814377,0,0,0,0,0.7701901,0.8046862,0.8165661,0.7960081,0.7551126,0.6952348,0,0,0,0,0,0,0,0,0,0,0,0,0,0,0,0,0,0,0,0,0.8914453,1,0.9450842,0,0,0,0.7171137,0.7276694,0.6826535,0.7598409,0.767197,0.7355106,0.6982819,0,0,0,0,0,0,0,0,0,0,0,0,0,0,0,0,0,0,0,0,0.7585569,0.9833024,1,0.832359,0,0,0,0,0.75686,0.8048155,0.8339846,0.8236379,0.7438762,0,0,0,0,0
0,0,0,0,0,0,0,0,0,0,0,0,0,0,0,0.9282845,1,0.9112253,0,0,0,0,0.8411406,0.818478,0.814497,0.8571305,0,0,0,0,0,0,0,0,0,0,0,0,0,0,0,0,0,0,0,0,0,0,0,1,0.9750938,0,0,0,0,0,0,0,0,0,0,0,0,0,0,0,0,0,0,0,0,0,0,0,0,0,0,0,0,0,0,0.9555647,1,0.8948749,0,0,0,0,0,0,0,0,0,0,0,0,0,0,0,0,0,0,0,0,0,0,0,0,0,0,0,0,0,0,0.8840856,1,0.9555123,0,0,0,0,0,0,0,0.7854446,0,0,0,0,0,0,0,0,0,0,0,0,0,0,0,0,0,0,0,0,0,0,0,1,0.9933615,0.8630086,0,0,0,0,0,0,0,0,0,0,0,0,0,0
0,0,0,0,0,0,0,0,0,0,0,0,0,0,0,0.9369187,1,0.8895661,0,0,0,0,0,0,0,0,0,0,0,0,0,0,0,0,0,0,0,0,0,0,0,0,0,0,0,0,0,0,0,1,0.9510568,0,0,0,0,0,0,0,0,0,0,0,0,0,0,0,0,0,0,0,0,0,0,0,0,0,0,0,0,0,0,0.953683,1,0.8852211,0,0,0,0,0,0,0,0,0,0,0,0,0,0,0,0,0,0,0,0,0,0,0,0,0,0,0,0,0,0,0.8887984,1,0.9366224,0,0,0,0,0,0,0,0,0,0,0,0,0,0,0,0,0,0,0,0,0,0,0,0,0,0,0,0,0,0,0,0.9971991,1,0,0,0,0,0,0,0,0,0,0,0,0,0,0,0
0,0,0,0,0,0,0,0,0,0,0,0,0,0,0,0.9296131,1,0.9297126,0,0,0,0,0,0,0,0,0,0,0,0,0,0,0,0,0,0,0,0,0,0,0,0,0,0,0,0,0,0,0,1,0.9910753,0,0,0,0,0,0,0,0,0,0,0,0,0,0,0,0,0,0,0,0,0,0,0,0,0,0,0,0,0,0,0.9680463,1,0.8615462,0,0,0,0,0,0,0,0,0,0,0,0,0,0,0,0,0,0,0,0,0,0,0,0,0,0,0,0,0,0,0.9041077,1,0.9633485,0,0,0,0,0,0,0,0,0,0,0,0,0,0,0,0,0,0,0,0,0,0,0,0,0,0,0,0,0,0,0,0,0,0,0,0,0,0,0,0,0,0,0,0,0,0,0,0
0,0,0,0,0,0,0,0,0,0,0.7089393,0.7720208,0.747961,0.7313849,0.8394669,0.9185214,1,0.8673432,0.7127668,0,0,0,0,0,0,0,0,0,0,0,0,0,0,0,0,0,0,0,0,0,0,0,0,0,0,0,0.792111,0.9067418,0.9091206,1,0.9845731,0.7874978,0,0,0,0,0,0,0,0,0,0,0,0,0,0,0,0,0,0,0,0,0,0,0,0,0.6494456,0.6627553,0.6282642,0.7283312,0.8002172,0.9505773,1,0.8653156,0,0,0,0,0,0,0,0,0,0,0,0,0,0,0,0,0,0,0,0,0,0,0,0,0,0,0.5953217,0.6322889,0.6816598,0.7264228,0.875026,1,0.9585091,0.6837251,0,0,0,0,0,0,0,0,0,0,0,0,0,0,0,0,0,0,0,0,0,0,0,0,0,0.8151638,0.8443812,0.8010378,0.878343,0.9738086,0.7877768,1,0.8470893,0,0,0,0,0,0,0,0,0,0,0,0,0,0
0,0,0,0,0,0,0,0,0,0.8608179,0.8898587,0.858349,0.8790224,0.839915,0.7812546,0.9497777,1,0.8726883,0,0,0,0,0,0,0,0,0,0,0,0,0,0,0,0,0,0,0,0,0,0,0,0,0,0,0,0,0.9305743,0.9489631,0,1,0.9533466,0,0,0,0,0,0,0,0,0,0,0,0,0,0,0,0,0,0,0,0,0,0,0,0.6670906,0.692461,0.779114,0.7793999,0.6616782,0.7100875,0.7269478,0.9599807,1,0.8647272,0,0,0,0,0,0,0,0,0,0,0,0,0,0,0,0,0,0,0,0,0,0,0,0,0.701672,0.7864968,0.8103323,0.7562411,0.7404349,0.6978636,0.855922,1,0.970026,0.7412261,0,0,0,0,0,0,0,0,0,0,0,0,0,0,0,0,0,0,0,0,0,0,0,0.7728049,0.8620638,0.8381461,0.7772149,0.7778029,0.79048,0.7686785,0.9519738,1,0.8843687,0,0,0,0,0,0,0,0,0,0,0,0,0,0
0,0,0,0,0,0,0,0.6831555,0.8020672,0.798073,0.7452493,0.788162,0.7045577,0.7204587,0.7197486,0.9282118,1,0.8809667,0,0,0,0,0,0,0,0,0,0,0,0,0,0,0,0,0,0,0,0,0,0,0,0,0.7581192,0.8322789,0.8228543,0,0,0,0.8832817,1,0.9452176,0.7356076,0,0,0,0,0,0,0,0,0,0,0,0,0,0,0,0,0,0,0,0,0.6582661,0.6856032,0.6625288,0.7195007,0.7778544,0.775347,0.6327851,0.6568401,0.7165703,0.9575225,1,0.8586849,0.6362281,0,0,0,0,0,0,0,0,0,0,0,0,0,0,0,0,0,0,0,0,0.6985933,0.7248055,0.7452365,0.7759067,0.8137869,0.7916328,0,0,0.6416777,0.8605404,1,0.9539852,0.6820821,0,0,0,0,0,0,0,0,0,0,0,0,0,0,0,0,0,0,0,0,0,0.6551881,0.67108,0.6989651,0.7637002,0.7302021,0,0,0.7211125,0.7868349,0.9532927,1,0.8886573,0,0,0,0,0,0,0,0,0,0,0,0,0,0
0,0,0,0,0,0,0,0,0,0,0.8530855,0.8745974,0.8101914,0,0,0.9340613,1,0.9013794,0,0,0,0,0,0,0,0,0,0,0,0,0,0,0,0,0,0,0,0,0,0,0,0,0,0,0,0,0.8222876,0.8281427,0.8417637,1,0.9806704,0,0,0,0,0,0,0,0,0,0,0,0,0,0,0,0,0,0,0,0,0,0,0,0,0,0.7734945,0.7702792,0,0,0.7637275,0.9608956,1,0.880202,0,0,0,0,0,0,0,0,0,0,0,0,0,0,0,0,0,0,0,0,0,0,0,0,0,0.7678663,0.8080256,0,0,0.7884685,0.8917132,1,0.9070017,0,0,0,0,0,0,0,0,0,0,0,0,0,0,0,0,0,0,0,0,0,0,0,0,0,0,0,0,0,0.79063,0.7993471,0.9293258,1,0.9234567,0,0,0,0,0,0,0,0,0,0,0,0,0,0
0,0,0,0,0,0,0,0,0,0,0,0,0.7050848,0.7100602,0.7548546,0.9433405,1,0.8595116,0,0,0,0,0,0,0,0,0,0,0,0,0,0,0,0,0,0,0,0,0,0,0,0,0,0,0,0,0.7649473,0.8188973,0.8754477,1,0.9682435,0.7207129,0,0,0,0,0,0,0,0,0,0,0,0,0,0,0,0,0,0,0,0,0,0,0,0,0,0,0,0,0.6296254,0.9451591,1,0.8785147,0,0,0,0,0,0,0,0,0,0,0,0,0,0,0,0,0,0,0,0,0,0,0,0,0,0,0,0,0,0,0.8581907,1,0.9626301,0.7512476,0,0,0,0,0,0,0,0,0,0,0,0,0,0,0,0,0,0,0,0,0,0,0,0,0,0,0,0.7781898,0.8218499,0,0.9319144,1,0.9656098,0,0,0,0,0,0,0,0,0,0,0,0,0,0
0,0,0,0,0,0,0,0,0,0,0,0,0,0,0,0.9328157,1,0.9048315,0.8887401,0.8797355,0.8258804,0,0,0,0,0,0,0,0,0,0,0,0,0,0,0,0,0,0,0,0,0,0,0,0,0,0,0,0.876596,1,0.960552,0,0,0,0,0,0,0,0,0,0,0,0,0,0,0,0,0,0,0,0,0,0,0,0,0,0,0,0,0,0,0.9561618,1,0.8751233,0.7405227,0.7488406,0.7335451,0,0,0,0,0,0,0,0,0,0,0,0,0,0,0,0,0,0,0,0,0,0,0,0,0,0,0,0.8872916,1,0.9632297,0,0.7307581,0.7195747,0,0,0,0,0,0,0,0,0,0,0,0,0,0,0,0,0,0,0,0,0,0,0,0,0,0,0,0.7984497,0.9698292,1,0.8989226,0,0,0,0,0,0,0,0,0,0,0,0,0,0
0,0,0,0,0,0,0,0,0,0,0,0,0,0,0.6615343,0.9089242,1,0.8575963,0.8049282,0.7648219,0.8850904,0.8624741,0.7031039,0.6681773,0.734853,0.6988639,0,0,0,0,0,0,0,0,0,0,0,0,0,0,0,0,0,0,0,0,0,0.658028,0.7693115,1,0.9751564,0.7367039,0,0,0.665461,0.6546351,0,0,0,0,0,0,0,0,0,0,0,0,0,0,0,0,0,0,0,0,0,0,0,0.6008739,0.6798226,0.951373,1,0.8380589,0.7100319,0.6922348,0.7706606,0.7128862,0.5938022,0.6933917,0.6219285,0.587857,0,0,0,0,0,0,0,0,0,0,0,0,0,0,0,0,0,0,0,0,0,0.5990574,0.8608679,1,0.95038,0.6880379,0.7033398,0.7373459,0.7117221,0,0.6891603,0.6460305,0.5956072,0,0,0,0,0,0,0,0,0,0,0,0,0,0,0,0,0,0,0,0,0.6627848,0.6902175,0,0.974718,1,0.7588046,0.8406175,0.7859616,0.8098878,0.7600772,0,0,0,0,0,0,0,0,0,0
0,0,0,0,0,0,0,0,0,0,0,0,0,0,0.6843228,0.9369186,1,0.8588784,0,0.7249933,0.7101022,0.8103429,0.8594716,0.7988911,0.8394306,0.8167472,0,0,0,0,0,0,0,0,0,0,0,0,0,0,0,0,0,0,0,0,0,0,0.8088655,1,0.9672897,0,0,0,0,0,0,0,0,0,0,0,0,0,0,0,0,0,0,0,0,0,0,0,0,0,0,0.6096918,0.6442164,0.6754386,0.641372,0.9424872,1,0.8717782,0.6530214,0.6295693,0.632436,0.6471473,0.7392348,0.7479637,0.700778,0.6958699,0.6520565,0,0,0,0,0,0,0,0,0,0,0,0,0,0,0,0,0,0,0,0.6321533,0.6697891,0.8728376,1,0.9384724,0,0.6369767,0.6778388,0.595664,0.6613104,0.717658,0.7332813,0.7075762,0.6653351,0,0,0,0,0,0,0,0,0,0,0,0,0,0,0,0,0,0,0.7669802,0.7850625,0.7845594,0,0.9097162,1,0.9247665,0.8184662,0.8335153,0.8076745,0.7791156,0,0.7552597,0.8035183,0.802529,0,0,0,0,0,0
0,0,0,0,0,0,0,0,0,0,0,0,0,0,0,0.9000771,1,0.9335237,0.7596268,0.7529138,0.7666571,0.7867033,0,0,0,0,0,0,0,0,0,0,0,0,0,0,0,0,0,0,0,0,0,0,0,0,0,0,0.8330701,1,0.977641,0,0,0,0,0,0,0,0,0,0,0,0,0,0,0,0,0,0,0,0,0,0,0,0,0,0,0,0,0,0,0.9378349,1,0.8957027,0.7162742,0.7298452,0.7255449,0.7106246,0.6850575,0,0,0,0,0,0,0,0,0,0,0,0,0,0,0,0,0,0,0,0,0,0,0,0,0.6628441,0.878642,1,0.9551868,0.7789846,0.7289404,0.7353077,0.7284436,0.7260095,0.6952052,0,0.6577323,0,0,0,0,0,0,0,0,0,0,0,0,0,0,0,0.7724593,0.7708949,0,0.7988989,0.7814974,0,0,0.7811881,0.9485938,1,0.9314212,0,0,0.7716719,0.7906096,0,0,0,0,0,0,0,0,0,0
0,0,0,0,0,0,0,0,0,0,0,0,0,0,0,0.8864086,1,0.9445629,0,0,0,0,0,0,0,0,0,0,0,0,0,0,0,0,0,0,0,0,0,0,0,0,0,0,0,0,0,0,0.8531398,1,0.9828013,0,0,0,0,0,0,0,0,0,0,0,0,0,0,0,0,0,0,0,0,0,0,0,0,0,0,0,0,0,0,0.9387782,1,0.8984667,0.7561091,0,0,0,0,0,0,0,0,0,0,0,0,0,0,0,0,0,0,0,0,0,0,0,0,0,0.7568986,0.7499634,0,0,0.8560286,1,0.9871848,0.8149526,0,0.7394792,0,0,0,0,0,0,0,0,0,0,0,0,0,0,0,0,0,0,0,0,0,0,0,0,0,0,0,0.8080421,0.9874153,1,0.8297983,0.8397758,0.8226942,0,0,0,0,0,0,0,0,0,0,0,0
0,0,0,0,0,0,0,0,0,0,0,0.777456,0.7931033,0.7620171,0,0.8922932,1,0.8816799,0,0,0,0,0,0,0,0,0,0,0,0,0,0,0,0,0,0,0,0,0,0,0,0,0,0,0,0.7372997,0.7548662,0,0.771957,0.9949396,1,0.8371669,0,0,0,0,0,0,0,0,0,0,0,0,0,0,0,0,0,0,0,0,0,0,0,0,0.7001119,0.7178998,0,0.7341419,0.7408752,0.9280187,1,0.8855299,0.7194028,0,0,0,0,0,0,0,0,0,0,0,0,0,0,0,0,0,0,0,0,0,0,0,0,0,0,0.7855552,0.8062832,0.7902137,0.8253922,1,0.9787298,0.7663206,0.7749006,0,0,0,0,0,0,0,0,0,0,0,0,0,0,0,0,0,0,0,0,0,0,0,0.7232131,0.7080815,0,0,0,0,0.9467992,1,0.897225,0.7703906,0,0,0,0,0,0,0,0,0,0,0,0,0
0,0,0,0,0,0,0,0,0,0,0,0,0.631271,0.6554489,0.6763913,0.9059796,1,0.9307426,0.7107369,0,0,0,0,0,0,0,0,0,0,0,0,0,0,0,0,0,0,0,0,0,0,0,0,0,0,0,0,0.6392234,0.7474267,0.972275,1,0.8320438,0,0,0,0,0,0,0,0,0,0,0,0,0,0,0,0,0,0,0,0,0,0,0,0,0,0,0.5685176,0.6464485,0.7038594,0.9346895,1,0.9030631,0,0,0,0,0,0,0,0,0,0,0,0,0,0,0,0,0,0,0,0,0,0,0,0,0,0,0,0.6289335,0,0,0.7607816,1,0.9646593,0,0.6646994,0,0,0,0,0,0,0,0,0,0,0,0,0,0,0,0,0,0,0,0,0,0,0,0,0,0,0,0.5976623,0.6621521,0.9413391,1,0.8866705,0,0,0,0,0,0,0,0,0,0,0,0,0,0
