GestureName: c
Duration(ms): 1316
Handedness: right

SpeakerAngles: 2
55
-55

InterpretedPoints: 28
-1.6134145682232,-1.12972504292725
0,0
0,0
0,0
0,0
0,0
0,0
0,0
0.806707284111599,0.564862521463624
0.806707284111599,0.564862521463624
0,0
0,0
0,0
1.6134145682232,-4.51890017170899
0,-13.556700515127
0,-13.556700515127
0,-13.556700515127
-0.806707284111598,-12.9918379936633
-0.806707284111598,-12.9918379936633
-0.806707284111599,-8.47293782195435
2.4201218523348,-3.95403765024536
0,-4.51890017170899
0.806707284111599,-3.95403765024536
-8.06707284111599,3.38917512878174
-0.806707284111599,3.95403765024536
0,3.38917512878174
0.806707284111599,2.82431260731812
0,0

StrokePoints: 29
177.666666666667,130.277777777778
179.28008123489,131.407502820705
179.28008123489,131.407502820705
179.28008123489,131.407502820705
179.28008123489,131.407502820705
179.28008123489,131.407502820705
179.28008123489,131.407502820705
179.28008123489,131.407502820705
179.28008123489,131.407502820705
178.473373950778,130.842640299241
177.666666666667,130.277777777778
177.666666666667,130.277777777778
177.666666666667,130.277777777778
177.666666666667,130.277777777778
176.053252098443,134.796677949487
176.053252098443,148.353378464614
176.053252098443,161.910078979741
176.053252098443,175.466779494868
176.859959382555,188.458617488531
177.666666666667,201.450455482194
178.473373950778,209.923393304149
176.053252098443,213.877430954394
176.053252098443,218.396331126103
175.246544814332,222.350368776349
183.313617655448,218.961193647567
184.120324939559,215.007155997321
184.120324939559,211.61798086854
183.313617655448,208.793668261222
183.313617655448,208.793668261222

Velocities: 28
-2,0
0,0
0,0
0,0
0,0
0,0
0,0
0,0
1,0
1,0
0,0
0,0
0,0
-3,-5
-12,-12
-12,-12
-12,-12
-12,-11
-12,-11
-8,-7
-2,-5
-4,-4
-3,-4
-2,8
3,4
3,3
3,2
0,0

InverseVelocities: 28
0,0
0,0
0,0
0,0
0,0
0,0
0,0
0,0
0,0
0,0
0,0
0,0
0,0
1,0
5,2
5,0
12,0
3,2
4,0
4,0
5,4
7,9
10,8
9,0
0,0
0,0
-1,0
0,0

RawData: 28
0,0,0,0,0,0,0,0,0,0,0,0.5332756,0.5352222,0,0,0.8043517,1,0.9912592,0.7638586,0,0,0,0,0,0,0,0,0,0,0,0,0,0,0,0,0,0,0,0,0,0,0,0,0,0,0,0,0.6563544,0.9832235,1,0.8185941,0,0,0,0,0,0,0,0,0,0,0,0,0,0,0
0,0,0,0,0,0,0,0,0,0,0,0,0,0,0,0.8242738,1,0.9958335,0.8022631,0,0,0,0,0,0,0,0,0,0,0,0,0,0,0,0,0,0,0,0,0,0,0,0,0,0,0,0,0,0.9558975,1,0.886467,0,0,0,0,0,0,0,0,0,0,0,0,0,0,0
0,0,0,0,0,0,0,0,0,0,0,0,0,0,0,0.7992686,0.9991021,1,0.8135152,0,0,0,0,0,0,0,0,0,0,0,0,0,0,0,0,0,0,0,0,0,0,0,0,0,0,0,0,0,0.926589,1,0.9137012,0,0,0,0,0,0,0,0,0,0,0,0,0,0,0
0,0,0,0,0,0,0,0,0,0,0,0,0,0,0,0.819403,1,0.9893695,0.767813,0,0,0,0,0,0,0,0,0,0,0,0,0,0,0,0,0,0,0,0,0,0,0,0,0,0,0,0,0.5900642,0.9267964,1,0.9005208,0,0,0,0,0,0,0,0,0,0,0,0,0,0,0
0,0,0,0,0,0,0,0,0,0,0,0,0,0,0,0.8286623,1,0.9862605,0.7724443,0,0,0,0,0,0,0,0,0,0,0,0,0,0,0,0,0,0,0,0,0,0,0,0,0,0,0,0,0,0.9231384,1,0.8962614,0,0,0,0,0,0,0,0,0,0,0,0,0,0,0
0,0,0,0,0,0,0,0,0,0,0,0,0,0,0,0.8100821,1,0.9847052,0.7414532,0,0,0,0,0,0,0,0,0,0,0,0,0,0,0,0,0,0,0,0,0,0,0,0,0,0,0,0,0,0.9289745,1,0.8718667,0,0,0,0,0,0,0,0,0,0,0,0,0,0,0
0,0,0,0,0,0,0,0,0,0,0,0,0,0,0,0.8061362,1,0.9903847,0.7571779,0,0,0,0,0,0,0,0,0,0,0,0,0,0,0,0,0,0,0,0,0,0,0,0,0,0,0,0,0.6009464,0.9386622,1,0.8603289,0,0,0,0,0,0,0,0,0,0,0,0,0,0,0
0,0,0,0,0,0,0,0,0,0,0,0,0,0,0,0.7795504,0.9854351,1,0.8294199,0.545904,0,0,0,0,0,0,0,0,0,0,0,0,0,0,0,0,0,0,0,0,0,0,0,0,0,0,0,0,0.9247561,1,0.8693893,0.5480153,0,0,0,0,0,0,0,0,0,0,0,0,0,0
0,0,0,0,0,0,0,0,0,0,0,0,0,0,0,0.8132781,0.9436585,1,0.9382912,0.6273665,0.591647,0,0,0,0,0,0,0,0,0,0,0,0,0,0,0,0,0,0,0,0,0,0,0,0,0,0,0,0.9000964,1,0.9547074,0.7935356,0.5696067,0,0,0,0,0,0,0,0,0,0,0,0,0
0,0,0,0,0,0,0,0,0,0,0,0,0,0,0,0.7691571,0.9449008,1,0.954684,0.7917156,0.6361615,0,0,0,0,0,0,0,0,0,0,0,0,0,0,0,0,0,0,0,0,0,0,0,0,0,0,0.6463847,0.9237521,1,0.9881003,0.8296606,0.6723242,0,0,0,0,0,0,0,0,0,0,0,0,0
0,0,0,0,0,0,0,0,0,0,0,0,0,0,0,0.7722942,0.9765427,1,0.8624689,0.672637,0,0,0,0,0,0,0,0,0,0,0,0,0,0,0,0,0,0,0,0,0,0,0,0,0,0,0,0.7923731,0.9548536,0.9954506,1,0.8459613,0,0,0,0,0,0,0,0,0,0,0,0,0,0
0,0,0,0,0,0,0,0,0,0,0,0,0,0,0,0.8401028,1,0.9975975,0.811712,0,0,0,0,0,0,0,0,0,0,0,0,0,0,0,0,0,0,0,0,0,0,0,0,0,0,0,0,0.7974876,0.7962602,1,0.9535472,0,0,0,0,0,0,0,0,0,0,0,0,0,0,0
0,0,0,0,0,0,0,0,0,0,0,0,0,0,0,0.8275257,0.9703558,1,0.9268295,0.7536907,0,0,0,0,0,0,0,0,0,0,0,0,0,0,0,0,0,0,0,0,0,0,0,0,0,0,0,0.740019,0.9537818,1,0.9145745,0.646929,0,0,0,0,0,0,0,0,0,0,0,0,0,0
0,0,0,0,0,0,0,0,0,0,0.5839553,0.6420519,0.6443282,0.648106,0.7818315,0.8924907,0.9424323,0.9930555,1,0.8754078,0.7157425,0,0,0,0,0,0,0,0,0,0,0,0,0,0,0,0,0,0,0,0,0.5623414,0.5888969,0.5796605,0.6838978,0.7875015,0.8450939,0.873194,0.9640901,1,0.8656267,0.6177953,0,0,0,0,0,0,0,0,0,0,0,0,0,0
0,0.6432513,0.6441274,0.6129978,0.6090305,0.7093443,0.7177655,0.7026446,0.6781408,0.7586459,0.7672545,0.7471123,0.7995739,0.8387001,0.8309755,0.9152267,0.9902423,1,0.905326,0.8621224,0.8302864,0.7286032,0.6507843,0.5813977,0.5439526,0,0,0,0,0,0,0,0,0.6922049,0.6727592,0.7213203,0.7335466,0.6132884,0.5641141,0.7787501,0.8329895,0.8870533,0.941627,0.9543056,0.901741,0.8558619,0.9299997,0.8756931,0.9581448,1,0.8892859,0.6191674,0.6309232,0.5886692,0.5422821,0,0,0,0,0,0,0,0,0,0,0
0.78915,0.756119,0.6591628,0.7091904,0.7381672,0.828881,0.8208539,0.8501959,0.7833362,0.839979,0.9286417,0.9264007,0.9175853,0.9304695,0.9177845,0.7497203,1,0.9769208,0.8624296,0.8328258,0.7783991,0.6939594,0.6631188,0,0.6587964,0,0,0,0,0,0,0,0,0.6946918,0.7509903,0.7857448,0.8947045,0.9090521,0.8908049,0.8897366,0.874507,0.8570828,0.8467255,0.8688169,0.8389195,0.7964524,0.8078337,0.7115675,0.9388441,1,0.8958884,0,0.631437,0,0,0,0,0,0,0,0,0,0,0,0,0
0,0.6424464,0.5840121,0.7170634,0.7815303,0.7452227,0.784007,0.7611028,0.7858827,0.8554369,0.8466524,0.7865804,0.6187375,0.7015181,0.6327304,0.8093086,1,0.9786041,0.7861435,0.639825,0.570656,0.5949229,0,0,0,0,0,0,0,0.518344,0.5282447,0.5320691,0,0.6114655,0.7013263,0.7679793,0.660532,0.8063746,0.7356289,0.751367,0.7320608,0.6233289,0,0.6338978,0.6714436,0.6257052,0.5919896,0.6405089,0.9406723,1,0.8862538,0.5732802,0.5310196,0,0,0,0,0,0,0,0,0,0,0,0,0
0.5906735,0.7021886,0.780956,0.7788508,0.7698652,0.7469995,0.6431407,0.6519964,0.6739815,0.719533,0.7271528,0.683299,0.6649981,0.6500818,0.7185047,0.8374064,1,0.9898452,0.7592043,0,0.5628852,0.5651699,0.6136361,0,0,0,0,0,0,0,0,0,0,0,0,0.5945941,0.7036635,0.7232884,0.7843282,0.7162428,0.803103,0.7148815,0.7087188,0.6200877,0.5378135,0.5878081,0,0.607017,0.9300854,1,0.9086606,0.6054072,0.5451332,0.5363767,0.5419608,0,0,0,0,0,0,0,0,0,0,0
0,0.5521258,0.6044434,0.6363683,0.6701047,0.6668171,0.7154663,0.7018483,0.7434105,0.7653005,0,0.7265615,0.6800178,0.5903773,0.7107002,0.8708186,1,0.986844,0.7922852,0,0.5412294,0.5828485,0.5471506,0.5430806,0,0,0,0,0,0,0,0,0,0,0,0.5902129,0.5751173,0.6587355,0.7395871,0.7292963,0.7944816,0.7813935,0.6851829,0.6396998,0.5291296,0.6152351,0.5701938,0.6362972,0.938573,1,0.8957473,0.5189075,0,0,0,0,0,0,0,0,0,0,0,0,0,0
0,0,0,0,0,0.5895085,0.666908,0.6252657,0.7749994,0.8248321,0.7767929,0.8014466,0.8423973,0.7974738,0.8210942,0.8052708,1,0.9780108,0.701627,0.635444,0.6931403,0.6013916,0,0.6323027,0,0,0,0,0,0,0,0,0,0,0,0,0,0,0,0.6901253,0.7229818,0.7426355,0.7707642,0.6702569,0.5825509,0.7160916,0.6821829,0.6246771,0.9525473,1,0.8508207,0,0,0,0,0,0,0,0,0,0,0,0,0,0,0
0,0,0,0,0,0,0,0,0,0,0,0.6967599,0.774955,0.8229722,0.8130438,0.8876025,1,0.9916461,0.8599628,0.7384666,0.7368886,0.6832092,0.6760358,0.6747078,0.6111063,0,0,0,0,0,0,0,0,0,0,0,0,0,0,0,0,0.6610607,0.7020317,0.7335276,0.7305446,0.6747958,0.7457172,0.7011887,0.9468324,1,0.899749,0.7670016,0.753437,0.7086712,0.5808941,0.6406434,0.6303375,0,0,0,0,0,0,0,0,0
0,0,0,0,0,0,0,0,0,0.6157118,0.6360144,0.7525696,0.7919635,0.7794301,0.8297184,0.8344676,1,0.9942046,0.7474065,0.6411728,0.8302239,0.8588907,0.7361314,0.7130854,0.7550253,0.6308807,0.6035149,0,0,0,0,0,0,0,0,0,0,0,0,0,0,0,0.5956128,0.6018538,0,0,0.6479405,0.747576,0.9425277,1,0.8963582,0.6223538,0,0,0.6928589,0.7160874,0.6994746,0.6043806,0,0.6271939,0.62647,0.5972711,0,0,0,0
0,0,0,0,0,0,0,0,0,0,0.5751351,0.6153095,0.5869669,0.7063891,0.606806,0.8839304,1,0.971517,0.7553787,0.7676997,0.8200951,0.7613594,0.7835659,0.7275091,0.6982956,0.6090124,0.5575805,0.5474479,0.5722299,0.5421437,0,0,0,0,0,0,0,0,0,0,0,0,0.5477768,0,0,0.5182517,0.5997272,0.6572309,0.9360325,1,0.8947068,0.6101859,0.6780168,0.7040015,0.78679,0.7911342,0.7394325,0.608867,0.7002274,0.6512719,0.5768722,0,0,0,0,0.52169
0,0,0,0,0,0,0,0,0,0,0,0.6027485,0,0.5935481,0.6468244,0.8071852,0.9899813,1,0.8352906,0.708834,0.8038325,0.7195861,0.8090211,0.608772,0,0,0,0,0.5905734,0,0,0,0,0,0,0,0,0,0,0,0,0,0,0,0,0,0,0.6276829,0.9428681,1,0.8896474,0.6432412,0.6818783,0.8000622,0.8220009,0.8659304,0.8088693,0.7603023,0.7072557,0,0.5893457,0,0,0,0,0
0,0,0,0,0,0,0,0,0,0,0,0,0,0,0,0.9038058,1,0.9799026,0.8234705,0.8335426,0.8445451,0.8973389,0.8145111,0,0,0,0,0,0,0,0,0,0,0,0,0,0,0,0,0,0,0,0,0,0,0,0,0,0.9578788,1,0.9192426,0.8130443,0.8306474,0.9063792,0.8989502,0.8435283,0.7748017,0,0,0,0,0,0,0,0,0
0,0,0,0,0,0,0,0,0,0,0,0,0,0,0,0.820211,1,0.9920017,0.8517312,0.9031999,0.9284616,0.8404188,0.6188383,0,0,0,0,0,0,0,0,0,0,0,0,0,0,0,0,0,0,0,0,0,0,0,0,0.6274096,0.9446854,1,0.8935373,0.8596947,0.8523014,0.8377283,0.7326674,0.616674,0,0,0,0,0,0,0,0,0,0
0,0,0,0,0,0,0,0,0,0,0,0,0.5538023,0.5454716,0,0.8089197,1,0.9854236,0.9368775,0.9188878,0.8060968,0.5754156,0.5654672,0,0,0,0,0,0,0,0,0,0,0,0,0,0,0,0,0,0,0,0,0,0,0,0,0.6492115,0.9387335,1,0.8834981,0.860632,0.7623356,0.6177206,0.5372618,0,0,0,0,0,0,0,0,0,0,0
0,0,0,0,0,0,0,0,0,0,0,0,0,0,0,0.7980444,0.9861346,1,0.905392,0.7304959,0,0,0,0,0,0,0,0,0,0,0,0,0,0,0,0,0,0,0,0,0,0,0,0,0,0,0,0,0.9448295,1,0.8009287,0.7768582,0,0,0,0,0,0,0,0,0,0,0,0,0,0
