GestureName: mu
Duration(ms): 1410
Handedness: right

SpeakerAngles: 2
55
-55

InterpretedPoints: 30
2.4201218523348,-0.564862521463624
3.2268291364464,-1.12972504292725
3.2268291364464,0
0.806707284111599,0.564862521463624
-0.806707284111599,1.69458756439087
-2.4201218523348,6.21348773609986
-1.6134145682232,10.1675253863452
-1.6134145682232,11.2972504292725
2.4201218523348,9.6026628648816
1.6134145682232,12.4269754721997
9.68048740933919,-1.12972504292725
8.06707284111599,-2.25945008585449
8.87378012522759,1.69458756439087
12.100609261674,0.564862521463624
7.26036555700439,1.69458756439087
6.45365827289279,-1.12972504292725
0,-3.38917512878174
0,0
0,0
5.64695098878119,0.564862521463624
9.68048740933918,0
12.100609261674,-0.564862521463624
8.87378012522759,-2.82431260731812
-2.4201218523348,-5.08376269317261
2.4201218523348,-1.69458756439087
1.6134145682232,2.25945008585449
1.6134145682232,2.25945008585449
0.806707284111599,1.69458756439087
0,1.12972504292725
0,0

StrokePoints: 31
177.666666666667,130.277777777778
175.246544814332,130.842640299241
172.019715677886,131.972365342169
168.792886541439,131.972365342169
167.986179257328,131.407502820705
168.792886541439,129.712915256314
171.213008393774,123.499427520214
172.826422961997,113.331902133869
174.43983753022,102.034651704597
172.019715677886,92.431988839715
170.406301109662,80.0050133675153
160.725813700323,81.1347384104426
152.658740859207,83.3941884962971
143.78496073398,81.6996009319062
131.684351472306,81.1347384104426
124.423985915301,79.4401508460517
117.970327642408,80.5698758889789
117.970327642408,83.9590510177607
117.970327642408,83.9590510177607
117.970327642408,83.9590510177607
112.323376653627,83.3941884962971
102.642889244288,83.3941884962971
90.542279982614,83.9590510177607
81.6684998573865,86.7833636250788
84.0886217097213,91.8671263182514
81.6684998573865,93.5617138826423
80.0550852891633,91.3022637967878
78.4416707209401,89.0428137109333
77.6349634368285,87.3482261465424
77.6349634368285,86.2185011036152
77.6349634368285,86.2185011036152

Velocities: 30
1,-2
1,-3
2,-2
1,0
1,2
4,7
8,10
9,11
10,7
12,10
5,-7
3,-7
7,-4
8,-7
6,-3
3,-5
-3,-3
0,0
0,0
4,-3
6,-6
7,-8
3,-8
-6,-3
0,-3
3,1
3,1
2,1
1,1
0,0

InverseVelocities: 30
0,0
-3,1
-1,0
0,0
0,0
0,0
-1,0
-1,-2
0,-6
-1,-6
-2,0
-4,1
-3,0
-6,6
-7,5
-6,1
0,0
0,0
0,0
0,0
-1,1
-8,4
-8,1
0,0
0,1
0,0
0,0
0,0
0,0
0,0

RawData: 30
0,0,0,0,0,0,0,0,0,0,0,0,0,0,0.8100175,0.9055685,1,0.9622467,0.7794699,0.8031062,0.6767107,0,0,0,0,0,0,0,0,0,0,0,0,0,0,0,0,0,0,0,0,0,0,0,0.6496497,0.6744326,0.7794952,0.8234731,0.9357933,1,0.9093171,0.6705815,0,0,0,0,0,0,0,0,0,0,0,0,0,0
0,0,0,0,0,0,0,0,0,0,0.6300657,0.7062449,0.6502087,0.8208845,0.7937523,0.8706751,1,0.9773573,0.8142424,0.8607804,0.7834255,0,0,0,0,0,0,0,0,0,0,0,0,0,0,0,0,0,0,0,0,0,0,0.6066586,0.6248018,0.6800262,0.7013702,0.8178995,0.9178433,1,0.8982129,0.6596789,0.6265984,0.6006901,0,0,0,0,0,0,0,0,0,0,0,0
0,0,0,0,0,0,0,0,0,0,0,0,0.7330166,0.7998316,0.7628031,0.742346,0.995042,1,0.8870777,0.8829141,0.8236635,0.7220645,0,0,0,0,0,0,0,0,0,0,0,0,0,0,0,0,0,0,0,0,0,0,0.7105001,0.6847231,0.7369391,0.7577236,0.9540865,1,0.8927763,0,0,0,0,0,0,0,0,0,0,0,0,0,0,0
0,0,0,0,0,0,0,0,0,0,0,0,0,0,0,0.8582072,1,0.9830011,0.9214075,0.8780831,0.7144595,0,0,0,0,0,0,0,0,0,0,0,0,0,0,0,0,0,0,0,0,0,0,0,0,0,0.6817535,0.7678155,0.9541675,1,0.8744634,0,0,0,0,0,0,0,0,0,0,0,0,0,0,0
0,0,0,0,0,0,0,0,0,0,0,0,0,0,0,0.8279355,1,0.9946471,0.8956015,0.7565233,0.6139184,0,0,0,0,0,0,0,0,0,0,0,0,0,0,0,0,0,0,0,0,0,0,0,0,0,0,0,0.9261199,1,0.9152182,0.7652327,0.7016366,0.6353139,0.5623329,0,0,0,0,0,0,0,0,0,0,0
0,0,0,0,0,0,0,0,0,0,0,0,0,0.6171449,0.7778251,0.611099,1,0.9986664,0.7990096,0.6726423,0.7437741,0.7558642,0.7541147,0.7008173,0,0,0,0,0,0,0,0,0,0,0,0,0,0,0,0,0,0,0,0,0,0,0.5981063,0.621722,0.9445902,1,0.8472307,0.7705321,0.795567,0.7716374,0.7049713,0.6366031,0.6190983,0.6506504,0.6513802,0.6149461,0,0,0,0,0,0
0,0,0,0,0,0,0,0,0,0,0,0,0.6880726,0.8018435,0.8303301,0.8330259,1,0.9778161,0.7692102,0.7523724,0.7699226,0.74422,0.7395145,0.7609757,0.7275006,0.7151096,0.6889992,0.5903148,0,0,0,0,0,0,0,0,0,0,0,0,0,0,0,0,0,0,0.6039134,0,0.9326414,1,0.8799639,0.7169774,0.7328432,0.7044549,0.7036411,0.7264166,0.6803516,0.713051,0.7041299,0.5919632,0.6169563,0.6910041,0.6354641,0,0,0
0,0,0,0,0,0,0,0,0,0,0,0,0.6831383,0.7879559,0.8100162,0.8449016,1,0.9769489,0.8725839,0.8372589,0.795742,0.840849,0.7511252,0.8341457,0.8237356,0.7842554,0.7966674,0.7369846,0.6909103,0,0,0,0,0,0,0,0,0,0,0,0,0,0,0,0.6271753,0.6596658,0,0.6752831,0.9340954,1,0.8731915,0.8279337,0.7220486,0.6815668,0.6644316,0.7152278,0.6090906,0.6777141,0.7055396,0.7141669,0.5968888,0.5991025,0.608651,0.6390755,0,0
0,0,0,0,0,0,0,0,0,0,0,0,0,0,0.720655,0.82482,0.99397,1,0.9018958,0.9299134,0.9144432,0.8697984,0.8768178,0.8496355,0.8902063,0.880085,0.8477082,0.7967142,0.746957,0.7334969,0,0,0,0,0,0,0,0,0,0,0.7012841,0.7318734,0.729516,0.7082675,0,0.7000477,0.7838079,0.8569563,0.9628198,1,0.8778772,0.841006,0.8607159,0.8149853,0.7056873,0.7479926,0.7633576,0.7522088,0,0.6964424,0,0,0,0,0,0
0,0,0,0,0,0,0,0,0,0,0,0,0.7302538,0.6803501,0.7613238,0.8419961,1,0.9379685,0.8377036,0.853816,0.756052,0.8167622,0.8579469,0.8233039,0.7615733,0.7501161,0.7324695,0.6818399,0,0.6502335,0.6911266,0.6529185,0,0,0,0,0,0,0,0,0.6268885,0.6668718,0.7900991,0.7505252,0.7068349,0.7233223,0.5982072,0.6249036,0.944357,1,0.8585702,0.680825,0.6853009,0.6713347,0.590603,0.6220273,0.628481,0.6243065,0.5657346,0,0,0.5881448,0.5896895,0,0,0
0,0,0,0,0,0,0,0,0,0,0,0.6667576,0.7130172,0.7900136,0.8190106,0.8263542,1,0.9992715,0.8250815,0.6993973,0.7477062,0.7324045,0,0.6996893,0.6776801,0,0,0,0,0,0,0,0,0,0,0,0,0,0,0.6308348,0.6696992,0.7745523,0.8061206,0.760173,0.6987513,0.7638777,0.7290927,0,0.9352331,1,0.8800043,0.7158802,0.6885143,0,0,0,0,0,0,0,0,0,0,0,0,0
0,0,0,0,0,0,0,0,0,0.6661022,0.677579,0.6859505,0.6775038,0.6709853,0.7116873,0.8595716,0.9815924,1,0.9141222,0.839534,0.8324426,0.8008048,0.699462,0,0,0,0,0,0,0,0,0,0,0,0,0,0,0,0,0.6529464,0.6746664,0.7038885,0,0,0.7114583,0.6187482,0.689999,0.7203417,0.9450132,1,0.8871666,0.7030054,0.7566079,0.7210131,0,0,0,0,0,0,0,0,0,0,0,0
0,0,0,0,0,0,0,0,0,0,0.7086585,0.7538046,0.7340307,0.7044826,0,0.8194743,1,0.9952646,0.927401,0.9204013,0.9095121,0.8256059,0.8087345,0.7444307,0,0.7544892,0.7355673,0,0,0,0,0,0,0,0,0,0,0,0,0,0,0,0.6947825,0.6558089,0,0.7478271,0.7785786,0.7557033,0.9413582,1,0.8882257,0.7640048,0.7484487,0,0,0,0,0,0,0,0,0,0,0,0,0
0,0,0,0,0,0,0,0.6218273,0.6273658,0.6017981,0.7458931,0.7311733,0.7199348,0.5718141,0.7248505,0.6457503,1,0.9843987,0.6814648,0.8431422,0.8307325,0.7363133,0.8718033,0.8320764,0.7012467,0.759932,0.7268466,0.578655,0,0,0,0,0,0,0,0,0,0,0,0.5220134,0.5333803,0.5586767,0.5946888,0,0.590414,0.618882,0.573967,0,0.9416043,1,0.8594232,0.7410767,0.8456104,0.8088659,0.7032874,0.5753431,0.6351069,0.6560177,0.6186366,0,0,0,0,0,0,0
0,0,0,0,0,0,0.6446941,0.6988525,0.7490779,0.7871999,0.6539218,0.74909,0.6840471,0.7741236,0,0.850978,1,0.9892117,0.7837421,0.795497,0.7584051,0.7342057,0.7322572,0.7959113,0.7399222,0.6695769,0,0,0,0,0,0,0,0,0,0,0,0,0,0,0,0,0,0.6516297,0.7542958,0.7628953,0.698712,0.7401023,0.9411358,1,0.872124,0.7182296,0.8156471,0.8391669,0.7288832,0,0.6618047,0.6672882,0,0,0,0,0,0,0,0
0,0,0,0,0,0,0,0.7698644,0.8307623,0.8077064,0.717223,0.7321144,0.7623785,0.7834205,0.8177673,0.8746378,1,0.9960675,0.7919858,0.787196,0.7641644,0.7243639,0.741607,0,0,0,0,0,0,0,0,0,0,0,0,0,0,0,0,0,0,0.6832432,0.6980457,0.7631433,0.781219,0,0.6886662,0.7517399,0.9320645,1,0.8975222,0.8521202,0.8481478,0.7325604,0,0,0,0,0,0,0,0,0,0,0,0
0,0,0,0,0,0,0,0,0,0,0.6137804,0.6445041,0.6088795,0.7151929,0.7249315,0.8167477,1,0.9972393,0.8551897,0.7160325,0,0,0,0,0,0,0,0,0,0,0,0,0,0,0,0,0,0,0,0,0,0,0,0.6671648,0.6965292,0.6798289,0.6211652,0.5832543,0.9361297,1,0.8945489,0.803408,0.7143719,0,0,0,0,0,0,0,0,0,0,0,0,0
0,0,0,0,0,0,0,0,0,0,0,0,0,0,0.7156917,0.8755873,1,0.9658803,0.7403349,0,0,0,0,0,0,0,0,0,0,0,0,0,0,0,0,0,0,0,0,0,0,0,0,0,0,0,0,0.6683396,0.9471636,1,0.8946561,0,0,0,0,0,0,0,0,0,0,0,0,0,0,0
0,0,0,0,0,0,0,0,0,0,0,0,0,0,0.6719211,0.8505913,1,0.9875366,0.8168287,0,0,0,0,0,0,0,0,0,0,0,0,0,0,0,0,0,0,0,0,0,0,0,0,0,0,0,0.687409,0.7654935,0.9621935,1,0.8827889,0,0,0,0,0,0,0,0,0,0,0,0,0,0,0
0,0,0,0,0,0,0,0,0,0,0,0,0,0.6417653,0.7537999,0.8690833,1,0.9779044,0.8013099,0.7199216,0.6504426,0.7049974,0.6543123,0.5436801,0,0,0,0,0,0,0,0,0,0,0,0,0,0,0,0,0,0,0,0.5543754,0.5981648,0.6589529,0.7553303,0.8252578,0.9292768,1,0.8787445,0.6467012,0,0,0,0,0,0,0,0,0,0,0,0,0,0
0,0,0,0,0,0,0,0,0,0,0,0,0.6966678,0.7859247,0.8524563,0.8530564,1,0.9724727,0.7723079,0.8073336,0.8049027,0.6206667,0.6975247,0.7012873,0.7209077,0.640175,0,0,0,0,0,0,0,0,0,0,0,0,0,0,0.6174472,0.704393,0.7746941,0.778865,0.7727858,0.7808285,0.7567719,0.7081924,0.9431596,1,0.8759114,0.7866758,0.7107154,0.6384406,0,0,0,0,0,0,0,0,0,0,0,0
0,0,0,0,0,0.608741,0.6252603,0.6894408,0.7045851,0,0.7131954,0.7576153,0.8538141,0.8471745,0.8818163,0.862292,0.9958802,1,0.6811653,0.7862688,0.7675087,0.8310331,0.8346632,0.7233217,0.7237995,0.6852117,0.6203049,0,0,0,0,0,0,0,0,0,0,0,0.6224747,0.6891518,0.765901,0.8025855,0.7833253,0.7244111,0.6917227,0.6843107,0.7284133,0.7093197,0.9364442,1,0.8789411,0.6706262,0.6098158,0.6517243,0.6572701,0.6451982,0.537603,0,0,0,0,0,0,0,0,0
0,0,0,0,0,0.7014915,0.7816176,0,0.8307173,0.8264191,0.8386514,0.7312194,0.8216181,0.7507604,0.8053871,0.7822084,1,0.9984105,0.8283139,0.7505659,0.7746415,0.7668754,0.7676849,0,0,0,0,0,0,0,0,0,0,0,0,0,0,0,0.7042384,0,0,0,0.6779336,0,0.7422506,0.8106157,0.8351407,0.8065961,0.9556996,1,0.8920485,0,0.7159448,0.6820114,0,0,0,0,0,0,0,0,0,0,0,0
0,0,0,0,0,0,0,0.6948605,0.7588509,0.7948245,0.7967066,0.7730757,0.8139505,0.8055643,0.7776598,0.8359089,1,0.9580548,0.6777226,0.6972533,0,0,0,0,0,0,0,0,0,0,0,0,0,0,0,0,0,0,0,0,0,0,0,0.6656213,0.7275594,0.7002848,0.729373,0.8112234,0.9529299,1,0.8662973,0.7421134,0.7038409,0,0,0,0,0,0,0,0,0,0,0,0,0
0,0,0,0,0,0,0,0,0,0,0,0,0,0.6854562,0.8295525,0.7526128,0.9897493,1,0.8703066,0.6759982,0,0,0,0,0,0,0,0,0,0,0,0,0,0,0,0,0,0,0,0,0,0,0,0.6500497,0.6887763,0.7391502,0.7381182,0,0.9403041,1,0.8608851,0.6690192,0.708587,0.6456802,0,0,0,0,0,0,0,0,0,0,0,0
0,0,0,0,0,0,0,0,0,0,0,0,0,0,0.7355537,0.8864885,1,0.9682468,0.8879202,0.8068693,0.7149921,0.6264091,0.6322138,0,0,0,0,0,0,0,0,0,0,0,0,0,0,0,0,0,0,0,0,0,0,0,0,0,0.9473531,1,0.8891797,0.6723925,0.6661208,0.7245845,0,0,0,0,0,0,0,0,0,0,0,0
0,0,0,0,0,0,0,0,0,0,0,0,0,0,0.696999,0.8252046,0.9961646,1,0.8864464,0.7330255,0.7736694,0.7907287,0.7173515,0,0,0,0,0,0,0,0,0,0,0,0,0,0,0,0,0,0,0,0,0,0,0,0.6176472,0.7380535,0.9231488,1,0.8784569,0.7878131,0.7949686,0.7148361,0,0,0,0,0,0,0,0,0,0,0,0
0,0,0,0,0,0,0,0,0,0,0,0,0,0,0.6888293,0.8516603,1,0.9960455,0.9198294,0.7924429,0.8031182,0.6896945,0,0,0,0,0,0,0,0,0,0,0,0,0,0,0,0,0,0,0,0,0,0,0,0,0.6740467,0.7261526,0.9350381,1,0.9047876,0.7157404,0.7285814,0.7012271,0,0,0,0,0,0,0,0,0,0,0,0
0,0,0,0,0,0,0,0,0,0,0,0,0,0.580924,0.7266237,0.882817,1,0.9878793,0.7485375,0.7701913,0.6357455,0,0,0,0,0,0,0,0,0,0,0,0,0,0,0,0,0,0,0,0,0,0,0,0,0,0.6116356,0.6554238,0.9320614,1,0.8852582,0.6807833,0,0.5888197,0,0,0,0,0,0,0,0,0,0,0,0
0,0,0,0,0,0,0,0,0,0,0,0,0,0,0.6551796,0.8298888,1,0.9542232,0.8048281,0.6635807,0,0,0,0,0,0,0,0,0,0,0,0,0,0,0,0,0,0,0,0,0,0,0,0,0,0,0,0.6222079,0.9352225,1,0.9025906,0.6618576,0,0,0,0,0,0,0,0,0,0,0,0,0,0
