GestureName: s
Duration(ms): 1034
Handedness: right

SpeakerAngles: 2
55
-55

InterpretedPoints: 22
0,0
0,0
0,0
0,0
0,0
0,0
0,0
0,0
1.6134145682232,1.12972504292725
4.03353642055799,2.82431260731812
3.2268291364464,2.25945008585449
0,0
0.806707284111599,-0.564862521463624
1.6134145682232,1.12972504292725
0.806707284111599,5.08376269317261
-1.6134145682232,6.77835025756348
4.03353642055799,-1.69458756439087
-1.6134145682232,-4.51890017170899
-0.806707284111599,-3.95403765024536
0,-1.12972504292725
-0.806707284111599,3.95403765024536
3.2268291364464,5.64862521463624

StrokePoints: 23
177.666666666667,130.277777777778
177.666666666667,130.277777777778
177.666666666667,130.277777777778
177.666666666667,130.277777777778
177.666666666667,130.277777777778
177.666666666667,130.277777777778
177.666666666667,130.277777777778
177.666666666667,130.277777777778
177.666666666667,130.277777777778
176.053252098443,129.148052734851
172.019715677886,126.323740127532
168.792886541439,124.064290041678
168.792886541439,124.064290041678
167.986179257328,124.629152563142
166.372764689104,123.499427520214
165.566057404993,118.415664827042
167.179471973216,111.637314569478
163.145935552658,113.331902133869
164.759350120881,117.850802305578
165.566057404993,121.804839955823
165.566057404993,122.934564998751
166.372764689104,118.980527348505
163.145935552658,113.331902133869

Velocities: 22
0,0
0,0
0,0
0,0
0,0
0,0
0,0
0,0
2,0
5,0
4,0
0,0
0,-1
2,0
5,4
5,7
1,-4
-5,-3
-4,-3
-1,-1
3,4
7,3

InverseVelocities: 22
0,0
0,0
0,0
0,0
0,0
0,0
0,0
0,0
0,0
0,0
0,0
0,0
0,0
0,0
0,0
-6,-1
-5,0
0,0
0,0
4,5
0,0
0,-5

RawData: 22
0,0,0,0,0,0,0,0,0,0,0,0,0,0,0,0.8210585,1,0.9683678,0.7134063,0,0,0,0,0,0,0,0,0,0,0,0,0,0,0,0,0,0,0,0,0,0,0,0,0,0,0,0,0.6222544,0.9480467,1,0.8684,0.6119485,0,0,0,0,0,0,0,0,0,0,0,0,0,0
0,0,0,0,0,0,0,0,0,0,0,0,0,0,0,0.7967199,1,0.9921788,0.7809578,0,0,0,0,0,0,0,0,0,0,0,0,0,0,0,0,0,0,0,0,0,0,0,0,0,0,0,0,0.6321876,0.9468551,1,0.8674045,0.6103724,0,0,0,0,0,0,0,0,0,0,0,0,0,0
0,0,0,0,0,0,0,0,0,0,0,0,0,0,0,0.8075708,1,0.9895775,0.755434,0,0,0,0,0,0,0,0,0,0,0,0,0,0,0,0,0,0,0,0,0,0,0,0,0,0,0,0,0,0.93501,1,0.9027898,0,0,0,0,0,0,0,0,0,0,0,0,0,0,0
0,0,0,0,0,0,0,0,0,0,0,0,0,0,0,0.820141,1,0.9825929,0.8328102,0.7503836,0,0,0,0,0,0,0,0,0,0,0,0,0,0,0,0,0,0,0,0,0,0,0,0,0,0,0,0,0.9528034,1,0.8788935,0,0,0,0,0,0,0,0,0,0,0,0,0,0,0
0,0,0,0,0,0,0,0,0,0,0,0,0,0,0,0.8245777,1,0.9817557,0.8407369,0,0,0,0,0,0,0,0,0,0,0,0,0,0,0,0,0,0,0,0,0,0,0,0,0,0,0,0,0,0.901815,1,0.8555596,0,0,0,0,0,0,0,0,0,0,0,0,0,0,0
0,0,0,0,0,0,0,0,0,0,0,0,0,0,0,0.8238918,1,0.9755312,0.7954904,0,0,0,0,0,0,0,0,0,0,0,0,0,0,0,0,0,0,0,0,0,0,0,0,0,0,0,0,0.8698595,0.9778446,1,0.8719097,0,0,0,0,0,0,0,0,0,0,0,0,0,0,0
0,0,0,0,0,0,0,0,0,0,0,0,0,0,0.7527838,0.8949783,1,0.9914144,0.8636855,0.7160878,0,0,0,0,0,0,0,0,0,0,0,0,0,0,0,0,0,0,0,0,0,0,0,0,0,0,0.8116604,0.8210337,0.945593,1,0.8966472,0,0,0,0,0,0,0,0,0,0,0,0,0,0,0
0,0,0,0,0,0,0,0,0,0,0,0,0,0,0.6870834,0.8298473,1,0.9750865,0.7985379,0.6824902,0,0,0,0,0,0,0,0,0,0,0,0,0,0,0,0,0,0,0,0,0,0,0,0,0,0,0.6938662,0.7777216,0.9456112,1,0.8905126,0,0,0,0,0,0,0,0,0,0,0,0,0,0,0
0,0,0,0,0,0,0,0,0,0,0,0,0,0,0,0.8092993,1,0.9962953,0.8556644,0.7670292,0.7431671,0.599831,0,0,0,0,0,0,0,0,0,0,0,0,0,0,0,0,0,0,0,0,0,0,0,0,0,0.6816264,0.9233888,1,0.8843282,0.6534854,0.614533,0,0,0,0,0,0,0,0,0,0,0,0,0
0,0,0,0,0,0,0,0,0,0,0,0,0,0,0,0.7669216,1,0.9863313,0.7541956,0.7826706,0.7208977,0.7512132,0.7098354,0.685687,0.6196994,0,0,0,0,0,0,0,0,0,0,0,0,0,0,0,0,0,0,0,0,0,0,0.7409969,0.9133006,1,0.8739911,0.6864655,0.6867494,0,0,0,0,0,0,0,0,0,0,0,0,0
0,0,0,0,0,0,0,0,0,0,0,0,0,0,0,0.8622327,1,0.9929879,0.8055817,0.8274246,0.7958902,0.7357129,0.7742485,0.7654414,0,0,0,0,0,0,0,0,0,0,0,0,0,0,0,0,0,0,0,0,0,0,0.7493862,0.8469949,0.965438,1,0.8878534,0,0,0,0,0,0,0,0,0,0,0,0,0,0,0
0,0,0,0,0,0,0,0,0,0,0,0,0,0,0.7112418,0.7952763,1,0.9702233,0.7926759,0.7454906,0,0,0,0,0,0,0,0,0,0,0,0,0,0,0,0,0,0,0,0,0,0,0,0,0,0,0.7122425,0.788388,0.9294156,1,0.8916402,0,0,0,0,0,0,0,0,0,0,0,0,0,0,0
0,0,0,0,0,0,0,0,0,0,0,0,0,0,0,0.8383161,1,0.9663674,0.7571648,0.7313461,0,0,0,0,0,0,0,0,0,0,0,0,0,0,0,0,0,0,0,0,0,0,0,0,0,0.6634952,0.7347273,0.7689004,0.8869997,1,0.8905455,0.7186738,0,0,0,0,0,0,0,0,0,0,0,0,0,0
0,0,0,0,0,0,0,0,0,0,0,0,0,0,0,0.8464005,1,0.9902734,0.8799002,0.8152496,0.8339736,0.8124624,0,0,0,0,0,0,0,0,0,0,0,0,0,0,0,0,0,0,0,0,0,0,0,0,0,0,0.9539104,1,0.8842519,0,0,0,0,0,0,0,0,0,0,0,0,0,0,0
0,0,0,0,0,0,0,0,0,0,0,0,0,0,0.7104777,0.8523824,1,0.9831811,0.8545747,0.7557212,0.739774,0.7088472,0.7103425,0.7733781,0.731077,0,0,0,0,0,0,0,0,0,0,0,0,0,0,0,0,0,0,0,0,0,0,0.707539,0.9518668,1,0.900955,0.8408778,0.7519693,0,0.7046034,0.6909689,0.6815259,0,0,0,0,0,0,0,0,0
0,0,0,0,0,0,0,0.549189,0.5779468,0.6922427,0.7524762,0.8011812,0.7819701,0.7717146,0.7640945,0.8454478,1,0.9976714,0.8479187,0.7814136,0.7004981,0.6759979,0.6918641,0.6420746,0.6050048,0,0,0,0,0,0,0,0,0,0,0,0,0,0,0,0,0,0,0,0,0.5830727,0.6476991,0.6744306,0.9413083,1,0.8862843,0.6238422,0.6938275,0.7221894,0.7269949,0.6934146,0,0.629051,0.6504245,0.6409389,0,0,0,0,0,0
0,0,0,0,0,0,0,0,0.6574358,0.7761769,0.7817962,0.7396786,0.8172186,0.8454365,0.802267,0.8585537,1,0.995131,0.8104081,0,0.6933571,0,0,0,0,0,0,0,0,0,0,0,0,0,0,0,0,0,0,0,0,0,0.6616704,0.7140367,0.7570062,0.7700555,0.8034812,0.7760158,0.9262441,1,0.89987,0.6521023,0,0,0,0,0,0,0,0,0,0,0,0,0,0
0,0,0,0,0,0,0,0,0.6780125,0.6794919,0.7609183,0.7975133,0.808185,0,0.8239137,0.8158004,1,0.9848786,0.798709,0,0,0,0,0,0,0,0,0,0,0,0,0,0,0,0,0,0,0,0,0,0,0,0,0.7755651,0.7746598,0.6930172,0.7515348,0.800949,0.9500951,1,0.8944063,0.7005382,0,0,0,0,0,0,0,0,0,0,0,0,0,0
0,0,0,0,0,0,0,0,0,0.7123457,0.6821477,0.7539984,0.8231701,0.7768254,0.7084117,0.7985221,1,0.9736023,0.7681578,0,0,0,0,0,0,0,0,0,0,0,0,0,0,0,0,0,0,0,0,0,0,0,0,0.752039,0.7404799,0.7198099,0.7461889,0.7427357,0.9558035,1,0.7804694,0.7539356,0,0,0,0,0,0,0,0,0,0,0,0,0,0
0,0,0,0,0,0,0,0,0,0,0,0,0.6471536,0.7796541,0.8279898,0.7112441,1,0.995288,0.7791089,0.7061237,0.7198493,0,0.704165,0.6659368,0,0,0,0,0,0,0,0,0,0,0,0,0,0,0,0,0,0,0,0,0,0.6918566,0.7895822,0.7745917,0.9300708,1,0.9088012,0.6792383,0.7832898,0.7502751,0.7246923,0.7421376,0.682202,0.5951041,0,0,0,0,0,0,0,0
0,0,0,0,0,0,0,0,0,0,0,0,0,0,0.82713,0,1,0.9889979,0.7621918,0.7870236,0.7840897,0,0.7873595,0,0,0,0,0,0,0,0,0,0,0,0,0,0,0,0,0,0,0,0,0,0,0,0,0,0.9380644,1,0.9246457,0.8416245,0.838893,0.7774974,0.7367458,0.7754697,0.7268578,0,0,0,0,0,0,0,0,0
0,0,0,0,0,0,0,0,0,0,0,0,0,0,0.6834514,0.8393127,1,0.9872324,0.8022137,0,0,0.7061324,0.7564108,0.7718022,0.7971797,0.7792351,0.7395623,0,0,0,0,0,0,0,0,0,0,0,0,0,0,0.678775,0.689358,0.7455868,0.7247688,0.6784461,0.6942718,0,0.9459785,1,0.8912915,0.8567463,0.8477427,0.8006083,0.7146062,0.6701863,0,0,0,0,0,0,0,0,0,0
