GestureName: w
Duration(ms): 1410
Handedness: right

SpeakerAngles: 2
55
-55

InterpretedPoints: 30
0,0
0,0
0,0
0,0
0,0
0,0
0,0
1.6134145682232,0
3.2268291364464,0
6.45365827289279,2.25945008585449
7.26036555700439,2.82431260731812
1.6134145682232,11.2972504292725
1.6134145682232,7.90807530049073
1.6134145682232,4.51890017170899
-1.6134145682232,-5.64862521463624
-1.6134145682232,-5.64862521463624
0,-2.25945008585449
-0.806707284111599,1.69458756439087
0.806707284111599,0.564862521463624
0,1.12972504292725
0,0
0,0
0,0
0,-2.25945008585449
-2.4201218523348,-3.95403765024536
0,-3.38917512878174
0,0
0,0
0,0
0,0

StrokePoints: 31
177.666666666667,130.277777777778
177.666666666667,130.277777777778
177.666666666667,130.277777777778
177.666666666667,130.277777777778
177.666666666667,130.277777777778
177.666666666667,130.277777777778
177.666666666667,130.277777777778
177.666666666667,130.277777777778
176.053252098443,130.277777777778
172.826422961997,130.277777777778
166.372764689104,128.018327691923
159.1123991321,125.194015084605
157.498984563877,113.896764655333
155.885569995654,105.988689354842
154.27215542743,101.469789183133
155.885569995654,107.118414397769
157.498984563877,112.767039612405
157.498984563877,115.02648969826
158.305691847988,113.331902133869
157.498984563877,112.767039612405
157.498984563877,111.637314569478
157.498984563877,111.637314569478
157.498984563877,111.637314569478
157.498984563877,111.637314569478
157.498984563877,113.896764655333
159.919106416212,117.850802305578
159.919106416212,121.23997743436
159.919106416212,121.23997743436
159.919106416212,121.23997743436
159.919106416212,121.23997743436
159.919106416212,121.23997743436

Velocities: 30
0,0
0,0
0,0
0,0
0,0
0,0
0,0
1,-1
2,-2
6,-2
7,-2
11,9
8,6
5,3
-6,-4
-6,-4
-2,-2
1,2
1,0
1,1
0,0
0,0
0,0
-2,-2
-5,-2
-3,-3
0,0
0,0
0,0
0,0

InverseVelocities: 30
0,0
0,0
0,0
0,0
0,0
0,0
0,0
0,0
-2,0
-3,4
-2,10
-2,0
-4,0
-6,-7
0,0
0,0
0,0
0,0
0,0
0,0
0,0
0,0
0,0
0,0
0,0
0,0
0,0
0,0
0,0
0,0

RawData: 30
0,0,0,0,0,0,0,0,0,0,0,0,0,0,0,0.737716,0.9721494,1,0.8971274,0.719575,0,0,0,0,0,0,0,0,0,0,0,0,0,0,0,0,0,0,0,0,0,0,0,0,0,0,0,0,0.9475822,1,0.8247724,0,0,0,0,0,0,0,0,0,0,0,0,0,0,0
0,0,0,0,0,0,0,0,0,0,0,0,0,0,0,0.754132,0.9836396,1,0.8383331,0,0,0,0,0,0,0,0,0,0,0,0,0,0,0,0,0,0,0,0,0,0,0,0,0,0,0,0,0,0.9303037,1,0.921181,0,0,0,0,0,0,0,0,0,0,0,0,0,0,0
0,0,0,0,0,0,0,0,0,0,0,0,0,0,0,0.8501138,1,0.9524477,0.7027647,0,0,0,0,0,0,0,0,0,0,0,0,0,0,0,0,0,0,0,0,0,0,0,0,0,0,0,0,0,0.9329311,1,0.8940919,0,0,0,0,0,0,0,0,0,0,0,0,0,0,0
0,0,0,0,0,0,0,0,0,0,0,0,0,0,0,0.8273796,1,0.9839128,0,0,0,0,0,0,0,0,0,0,0,0,0,0,0,0,0,0,0,0,0,0,0,0,0,0,0,0,0,0,0.9525298,1,0.8874046,0,0,0,0,0,0,0,0,0,0,0,0,0,0,0
0,0,0,0,0,0,0,0,0,0,0,0,0,0,0,0.8351562,1,0.9761586,0.6897442,0,0,0,0,0,0,0,0,0,0,0,0,0,0,0,0,0,0,0,0,0,0,0,0,0,0,0,0,0,0.9489498,1,0.8582321,0,0,0,0,0,0,0,0,0,0,0,0,0,0,0
0,0,0,0,0,0,0,0,0,0,0,0,0,0,0,0.8508375,1,0.9840471,0.7845542,0,0,0,0,0,0,0,0,0,0,0,0,0,0,0,0,0,0,0,0,0,0,0,0,0,0,0,0,0.6828339,0.9417961,1,0.855044,0,0,0,0,0,0,0,0,0,0,0,0,0,0,0
0,0,0,0,0,0,0,0,0,0,0,0,0,0.8141301,0.883527,0.9097939,1,0.9663552,0.8620306,0.791214,0,0,0,0,0,0,0,0,0,0,0,0,0,0,0,0,0,0,0,0,0,0,0,0,0,0,0.7994429,0.8783304,0.9698077,1,0.917381,0,0,0,0,0,0,0,0,0,0,0,0,0,0,0
0,0,0,0,0,0,0,0,0,0,0,0,0,0.8108754,0.9410374,0.9701591,1,0.9684844,0.8256429,0.7389321,0.7354944,0,0,0,0,0,0,0,0,0,0,0,0,0,0,0,0,0,0,0,0,0,0,0,0,0.7619566,0.801709,0.8041881,0.9273763,1,0.9271476,0.6790369,0,0,0,0,0,0,0,0,0,0,0,0,0,0
0,0,0,0,0,0,0,0,0,0,0,0.8363569,0.9068996,0.9594749,0.9471663,0.8814365,1,0.9824028,0.8844416,0.7670426,0.8268363,0.7893072,0,0,0,0,0,0,0,0,0,0,0,0,0,0,0,0,0,0,0,0,0,0,0.7339059,0.8638216,0.9043126,0.8837498,0.9450959,1,0.8894583,0,0,0,0,0,0,0,0,0,0,0,0,0,0,0
0,0,0,0,0,0,0,0,0,0,0.612522,0.7807697,0.729843,0.7404867,0.8008478,0.8167678,0.991398,1,0.8530015,0.8615294,0.8546789,0.7407218,0.8166328,0.7863854,0.7161208,0.6327542,0,0,0,0,0,0,0,0,0,0,0,0,0,0,0,0,0,0,0.6418222,0.640636,0.761314,0.8715268,0.9717326,1,0.8798817,0.8245812,0.7758722,0.7678874,0.7747439,0.7320217,0.658839,0,0,0,0,0,0,0,0,0
0,0,0,0,0,0,0,0,0,0,0,0.70144,0.7477725,0.7581887,0.6613057,0.7750265,0.9945668,1,0.8715126,0.7984055,0.8537949,0.9108553,0.8728595,0.8509453,0.8259495,0.8032403,0.7794808,0,0,0,0,0,0,0,0,0,0,0,0,0,0,0,0,0,0.6595578,0.6653601,0.727541,0.7161719,0.9356407,1,0.8503311,0.8049023,0.7876089,0.8336893,0.8257877,0.6516159,0.6973512,0.7319155,0.7941314,0.7892891,0.795921,0.7673501,0.7054725,0,0,0
0,0,0,0,0,0,0,0,0,0,0,0.6511798,0.6752493,0.7318602,0.7996653,0.8586233,1,0.9764344,0.8277107,0.7555512,0.7675797,0.7402553,0.6779938,0.8475388,0.7331153,0.8412897,0.87177,0.8217564,0.6688133,0.6266733,0.6540942,0,0,0,0,0,0,0,0,0,0,0,0,0,0,0,0,0.6914791,0.9379197,1,0.9090794,0.7807624,0.763963,0.7153659,0.7398385,0.7498628,0.7668677,0.7477831,0.8298521,0.8020201,0.7458464,0.7014201,0,0,0,0
0,0,0,0,0,0,0,0,0,0.7971562,0.8301643,0.7658497,0,0.8224697,0.8186753,0.8226392,0.9681772,1,0.9103692,0.8291203,0.7469639,0.8193623,0.9121575,0.937825,0.8872452,0.7437322,0.750775,0.7472401,0,0,0,0,0,0,0,0,0,0,0,0,0,0,0,0,0,0,0,0,0.9450979,1,0.8772396,0,0,0,0.7482483,0.7891124,0.7767646,0.7861784,0.7629814,0,0,0,0,0,0,0
0,0,0,0,0,0,0,0.6803076,0.7262235,0.7657702,0.7989001,0.7307205,0.7996869,0.8086062,0.8372224,0.9155219,1,0.9942557,0.9208541,0.8469799,0.7826328,0.7679675,0.6980218,0.6568043,0.6458483,0,0,0,0,0,0,0,0,0,0,0,0,0,0,0.6403909,0.6159079,0.6361169,0.6468793,0,0.6425722,0.7631795,0.7544678,0.6251647,0.9446664,1,0.8993994,0.6409581,0.6112704,0.7082499,0.6985155,0.6634029,0,0,0,0,0,0,0,0,0,0
0,0,0,0,0,0,0,0.7867765,0.805435,0.7682769,0,0.7722703,0.8106102,0.7921214,0.7861589,0.8772511,1,0.9466224,0.8183544,0,0,0,0,0,0,0,0,0,0,0,0,0,0,0,0,0,0,0,0,0,0,0,0.7781324,0.8256264,0.8277351,0.7728176,0,0.75955,0.9485009,1,0.8991157,0,0,0,0,0,0,0,0,0,0,0,0,0,0,0
0,0,0,0,0,0,0,0.6374946,0.6671348,0.6444131,0.6268274,0.6795933,0.7694951,0.8028647,0.6883488,0.856256,1,0.9881228,0.8175666,0,0,0,0,0,0,0,0,0,0,0,0,0,0,0,0,0,0,0,0,0,0,0,0.6925079,0.6970633,0.7234815,0.7760966,0.7790646,0.7229976,0.9373676,1,0.8932658,0,0,0,0,0,0,0,0,0,0,0,0,0,0,0
0,0,0,0,0,0,0,0,0,0,0,0.5824741,0.7271859,0.7836469,0.8216897,0.8739539,1,0.971497,0.7562055,0,0,0,0,0,0,0,0,0,0,0,0,0,0,0,0,0,0,0,0,0,0,0,0,0,0.6391002,0.6919665,0,0.7612064,0.9353276,1,0.8825645,0.6317632,0,0,0,0,0,0,0,0,0,0,0,0,0,0
0,0,0,0,0,0,0,0,0,0,0,0,0,0.5891518,0.6812212,0.8025708,1,0.9737045,0.74468,0.6235374,0.6135435,0,0,0,0,0,0,0,0,0,0,0,0,0,0,0,0,0,0,0,0,0,0,0,0,0,0.5887101,0.7039495,0.9392655,1,0.8915904,0.7150419,0,0.5377179,0.5684026,0,0,0,0,0,0,0,0,0,0,0
0,0,0,0,0,0,0,0,0,0,0,0,0,0.6368426,0,0.8560538,1,0.9751557,0.7009118,0.7233207,0.6534366,0,0,0,0,0,0,0,0,0,0,0,0,0,0,0,0,0,0,0,0,0,0,0,0,0,0,0.7119663,0.9455134,1,0.8501068,0.8037995,0.7216339,0,0,0,0,0,0,0,0,0,0,0,0,0
0,0,0,0,0,0,0,0,0,0,0,0,0,0,0,0.9203132,1,0.9945622,0.9120654,0.9070991,0.8346024,0,0,0,0,0,0,0,0,0,0,0,0,0,0,0,0,0,0,0,0,0,0,0,0,0,0,0,0.9222066,1,0.8054979,0.7369273,0.7812107,0.7565838,0,0,0,0,0,0,0,0,0,0,0,0
0,0,0,0,0,0,0,0,0,0,0,0,0,0,0,0,1,0.9976925,0,0,0,0,0,0,0,0,0,0,0,0,0,0,0,0,0,0,0,0,0,0,0,0,0,0,0,0,0,0,0.9167584,1,0.8713397,0,0,0,0,0,0,0,0,0,0,0,0,0,0,0
0,0,0,0,0,0,0,0,0,0,0,0,0,0,0,0.745786,0.9961818,1,0.8452764,0,0,0,0,0,0,0,0,0,0,0,0,0,0,0,0,0,0,0,0,0,0,0,0,0,0,0,0,0,0.9289783,1,0.8425007,0,0,0,0,0,0,0,0,0,0,0,0,0,0,0
0,0,0,0,0,0,0,0,0,0,0,0,0,0.8222591,0.8653288,0.9052212,1,0.9745908,0,0,0,0,0,0,0,0,0,0,0,0,0,0,0,0,0,0,0,0,0,0,0,0,0,0,0,0,0,0,0.9544736,1,0.8602217,0,0,0,0,0,0,0,0,0,0,0,0,0,0,0
0,0,0,0,0,0,0,0,0,0,0,0.7814388,0.8634059,0,0.8759941,0.9289315,1,0.9672817,0.8177392,0,0,0,0,0,0,0,0,0,0,0,0,0,0,0,0,0,0,0,0,0,0,0,0,0,0.7061088,0.7008409,0.7494434,0,0.941692,1,0.9104288,0,0,0,0,0,0,0,0,0,0,0,0,0,0,0
0,0,0,0,0,0,0,0,0.7164915,0.7358516,0.8172016,0.8634794,0.8021013,0.8284039,0.7391131,0.8309888,0.9615135,1,0.8185347,0,0,0,0,0,0,0,0,0,0,0,0,0,0,0,0,0,0,0,0,0,0,0,0,0,0.7471058,0.8672926,0.8931042,0.8415719,0.9416875,1,0.8908454,0.6969876,0.6957828,0,0,0,0,0,0,0,0,0,0,0,0,0
0,0,0,0,0,0,0,0,0,0,0.7196783,0.7252437,0.6803519,0.6603246,0.6683572,0.860389,1,0.9840326,0.8124847,0,0,0,0,0,0,0,0,0,0,0,0,0,0,0,0,0,0,0,0,0,0,0,0,0.7049003,0.728031,0.7582395,0.7541425,0,0.9356751,1,0.8754454,0.6747051,0,0,0,0,0,0,0,0,0,0,0,0,0,0
0,0,0,0,0,0,0,0,0,0,0,0,0,0,0,0,1,0,0,0,0,0,0,0,0,0,0,0,0,0,0,0,0,0,0,0,0,0,0,0,0,0,0,0,0,0,0,0,0.9461507,1,0,0,0,0,0,0,0,0,0,0,0,0,0,0,0,0
0,0,0,0,0,0,0,0,0,0,0,0,0,0,0,0,0.9885206,1,0,0,0,0,0,0,0,0,0,0,0,0,0,0,0,0,0,0,0,0,0,0,0,0,0,0,0,0,0,0,0.9288301,1,0.8824636,0,0,0,0,0,0,0,0,0,0,0,0,0,0,0
0,0,0,0,0,0,0,0,0,0,0,0,0,0,0,0,1,0.9706061,0,0,0,0,0,0,0,0,0,0,0,0,0,0,0,0,0,0,0,0,0,0,0,0,0,0,0,0,0,0,0.9344582,1,0.8997497,0,0,0,0,0,0,0,0,0,0,0,0,0,0,0
0,0,0,0,0,0,0,0,0,0,0,0,0,0,0,0.804528,1,0.978544,0.8298787,0,0,0,0,0,0,0,0,0,0,0,0,0,0,0,0,0,0,0,0,0,0,0,0,0,0,0,0,0,0.9410522,1,0.8697896,0,0,0,0,0,0,0,0,0,0,0,0,0,0,0
