GestureName: check
Duration(ms): 1316
Handedness: right

SpeakerAngles: 2
55
-55

InterpretedPoints: 28
0,0
0,0
0,0
0,0
0,0
0,0
0,0
0,0
0,0
0,0
0,0
0,0
-0.806707284111599,-2.82431260731812
-1.6134145682232,-3.38917512878174
-1.6134145682232,-3.38917512878174
0,-3.38917512878174
0,-2.25945008585449
-0.806707284111599,-0.564862521463624
0,0
0,0
3.2268291364464,3.38917512878174
1.6134145682232,12.4269754721997
1.6134145682232,12.4269754721997
0,13.556700515127
-3.2268291364464,5.64862521463624
-0.806707284111599,0.564862521463624
0,0
0,0

StrokePoints: 29
177.666666666667,130.277777777778
177.666666666667,130.277777777778
177.666666666667,130.277777777778
177.666666666667,130.277777777778
177.666666666667,130.277777777778
177.666666666667,130.277777777778
177.666666666667,130.277777777778
177.666666666667,130.277777777778
177.666666666667,130.277777777778
177.666666666667,130.277777777778
177.666666666667,130.277777777778
177.666666666667,130.277777777778
177.666666666667,130.277777777778
178.473373950778,133.102090385096
180.086788519001,136.491265513878
181.700203087225,139.880440642659
181.700203087225,143.269615771441
181.700203087225,145.529065857296
182.506910371336,146.093928378759
182.506910371336,146.093928378759
182.506910371336,146.093928378759
179.28008123489,142.704753249978
177.666666666667,130.277777777778
176.053252098444,117.850802305578
176.053252098444,104.294101790451
179.28008123489,98.6454765758149
180.086788519002,98.0806140543513
180.086788519002,98.0806140543513
180.086788519002,98.0806140543513

Velocities: 28
0,0
0,0
0,0
0,0
0,0
0,0
0,0
0,0
0,0
0,0
0,0
0,0
-3,-2
-4,-2
-4,-2
-3,-3
-2,-2
-1,0
0,0
0,0
5,1
12,10
12,10
12,12
3,7
0,1
0,0
0,0

InverseVelocities: 28
0,0
0,0
0,0
0,0
0,0
0,0
0,0
0,0
0,0
0,0
0,0
0,0
0,0
0,0
0,0
0,0
0,0
0,0
0,0
0,0
0,0
0,0
0,0
0,0
0,-1
0,0
0,0
0,0

RawData: 28
0,0,0,0,0,0,0,0,0,0,0,0,0,0,0,0.8205085,1,0.9912239,0.7820594,0,0,0,0,0,0,0,0,0,0,0,0,0,0,0,0,0,0,0,0,0,0,0,0,0,0,0,0,0,0.9521137,1,0.8994595,0,0,0,0,0,0,0,0,0,0,0,0,0,0,0
0,0,0,0,0,0,0,0,0,0,0,0,0,0,0,0.8449178,1,0.97232,0.7144276,0,0,0,0,0,0,0,0,0,0,0,0,0,0,0,0,0,0,0,0,0,0,0,0,0,0,0,0,0,0.9343146,1,0.8802566,0,0,0,0,0,0,0,0,0,0,0,0,0,0,0
0,0,0,0,0,0,0,0,0,0,0,0,0,0,0,0.8679433,1,0.9711506,0.7371432,0,0,0,0,0,0,0,0,0,0,0,0,0,0,0,0,0,0,0,0,0,0,0,0,0,0,0,0,0.6749699,0.9487382,1,0.8895553,0,0,0,0,0,0,0,0,0,0,0,0,0,0,0
0,0,0,0,0,0,0,0,0,0,0,0,0,0,0,0.8278978,1,0.9826783,0.7556457,0,0,0,0,0,0,0,0,0,0,0,0,0,0,0,0,0,0,0,0,0,0,0,0,0,0,0,0,0.6173792,0.9390448,1,0.8925809,0,0,0,0,0,0,0,0,0,0,0,0,0,0,0
0,0,0,0,0,0,0,0,0,0,0,0,0,0,0,0.8226786,1,0.9840287,0.7548951,0,0,0,0,0,0,0,0,0,0,0,0,0,0,0,0,0,0,0,0,0,0,0,0,0,0,0,0,0.5846,0.9374677,1,0.8886226,0,0,0,0,0,0,0,0,0,0,0,0,0,0,0
0,0,0,0,0,0,0,0,0,0,0,0,0,0,0,0.8274241,1,0.98316,0.7472427,0,0,0,0,0,0,0,0,0,0,0,0,0,0,0,0,0,0,0,0,0,0,0,0,0,0,0,0,0,0.9439666,1,0.8884823,0,0,0,0,0,0,0,0,0,0,0,0,0,0,0
0,0,0,0,0,0,0,0,0,0,0,0,0,0,0,0.8134376,1,0.9852411,0.7437094,0,0,0,0,0,0,0,0,0,0,0,0,0,0,0,0,0,0,0,0,0,0,0,0,0,0,0,0,0,0.9393418,1,0.8766593,0,0,0,0,0,0,0,0,0,0,0,0,0,0,0
0,0,0,0,0,0,0,0,0,0,0,0,0,0,0,0.8326619,1,0.9836608,0.7445422,0,0,0,0,0,0,0,0,0,0,0,0,0,0,0,0,0,0,0,0,0,0,0,0,0,0,0,0,0,0.9440063,1,0.8899338,0,0,0,0,0,0,0,0,0,0,0,0,0,0,0
0,0,0,0,0,0,0,0,0,0,0,0,0,0,0,0.8042715,1,0.9834561,0.7204962,0,0,0,0,0,0,0,0,0,0,0,0,0,0,0,0,0,0,0,0,0,0,0,0,0,0,0,0,0.5750584,0.9368938,1,0.8763531,0,0,0,0,0,0,0,0,0,0,0,0,0,0,0
0,0,0,0,0,0,0,0,0,0,0,0,0,0,0,0.8302299,1,0.9915716,0.7982017,0,0,0,0,0,0,0,0,0,0,0,0,0,0,0,0,0,0,0,0,0,0,0,0,0,0,0,0,0,0.9456159,1,0.8930147,0,0,0,0,0,0,0,0,0,0,0,0,0,0,0
0,0,0,0,0,0,0,0,0,0,0,0,0,0,0,0.8111222,1,0.9831426,0.7395441,0,0,0,0,0,0,0,0,0,0,0,0,0,0,0,0,0,0,0,0,0,0,0,0,0,0,0,0,0.561345,0.9281977,1,0.8751738,0,0,0,0,0,0,0,0,0,0,0,0,0,0,0
0,0,0,0,0,0,0,0,0,0,0,0,0,0.6178066,0.7545859,0.8814523,0.9997094,1,0.7706165,0,0,0,0,0,0,0,0,0,0,0,0,0,0,0,0,0,0,0,0,0,0,0,0,0,0,0,0.626781,0.7595279,0.9484043,1,0.8842366,0,0,0,0,0,0,0,0,0,0,0,0,0,0,0
0,0,0,0,0,0,0,0,0,0,0.5869255,0.7113324,0.8041297,0.8429958,0.8410568,0.8933416,1,0.9752625,0.7092693,0,0,0,0,0,0,0,0,0,0,0,0,0,0,0,0,0,0,0,0,0,0,0,0,0,0.5696949,0.7099033,0.7769993,0.7337979,0.9321191,1,0.8793822,0,0,0,0,0,0,0,0,0,0,0,0,0,0,0
0,0,0,0,0,0,0,0,0,0.6896064,0.803792,0.8602145,0.8472208,0.7754011,0.6533319,0.8212689,1,0.9863485,0.7586021,0,0,0,0,0,0,0,0,0,0,0,0,0,0,0,0,0,0,0,0,0,0,0,0,0,0.7003614,0.7705056,0,0.6703736,0.9402896,1,0.8858521,0,0,0,0,0,0,0,0,0,0,0,0,0,0,0
0,0,0,0,0,0,0,0,0,0.6918808,0.7763954,0.6927953,0.7728534,0.7714945,0,0.736727,1,0.9948239,0.7883735,0,0,0,0,0,0,0,0,0,0,0,0,0,0,0,0,0,0,0,0,0,0,0,0,0,0.7674457,0.804924,0.7746817,0,0.9456874,1,0.8941553,0,0,0,0,0,0,0,0,0,0,0,0,0,0,0
0,0,0,0,0,0,0,0,0,0,0.6519412,0.7086408,0.7255968,0.7131949,0.676024,0.8352717,1,0.9824657,0.7715984,0,0,0,0,0,0,0,0,0,0,0,0,0,0,0,0,0,0,0,0,0,0,0,0,0.5705162,0.7316033,0.7892068,0.8120735,0.7719707,0.9499521,1,0.8793381,0,0,0,0,0,0,0,0,0,0,0,0,0,0,0
0,0,0,0,0,0,0,0,0,0,0,0.6878322,0.7412428,0.7770309,0.8028547,0.8417387,1,0.9880488,0.785011,0,0,0,0,0,0,0,0,0,0,0,0,0,0,0,0,0,0,0,0,0,0,0,0,0,0.6679567,0.7473612,0.7335259,0.7074595,0.9478274,1,0.8930835,0,0,0,0,0,0,0,0,0,0,0,0,0,0,0
0,0,0,0,0,0,0,0,0,0,0,0,0.6704699,0.8034181,0.8738561,0.8819639,1,0.9845101,0.7264995,0,0,0,0,0,0,0,0,0,0,0,0,0,0,0,0,0,0,0,0,0,0,0,0,0,0,0,0.6378223,0.7447397,0.9419357,1,0.8856367,0,0,0,0,0,0,0,0,0,0,0,0,0,0,0
0,0,0,0,0,0,0,0,0,0,0,0,0,0,0.6871884,0.8437008,1,0.9912276,0.7707285,0,0,0,0,0,0,0,0,0,0,0,0,0,0,0,0,0,0,0,0,0,0,0,0,0,0,0,0,0.5272363,0.9318428,1,0.8861419,0.5377638,0,0,0,0,0,0,0,0,0,0,0,0,0,0
0,0,0,0,0,0,0,0,0,0,0,0,0,0,0,0.8268155,1,0.9739087,0,0,0,0,0,0,0,0,0,0,0,0,0,0,0,0,0,0,0,0,0,0,0,0,0,0,0,0,0,0.6428189,0.9446287,1,0.8655984,0.7207921,0,0,0,0,0,0,0,0,0,0,0,0,0,0
0,0,0,0,0,0,0,0,0,0,0,0,0,0,0,0.818041,1,0.9769325,0.7118252,0,0.7087699,0.6894555,0.639101,0.6713662,0.6646054,0,0,0,0,0,0,0,0,0,0,0,0,0,0,0,0,0,0,0,0,0,0,0.6225125,0.9385132,1,0.8922014,0,0.6696495,0.6128222,0,0,0,0,0,0,0,0,0,0,0,0
0,0,0,0,0,0,0,0,0,0,0,0,0,0,0,0.7918035,1,0.9905748,0.7816299,0,0,0,0.7467234,0,0,0,0.7685015,0.7347553,0.725732,0.7678585,0.7510711,0.8206828,0.7759435,0,0,0,0,0,0,0,0,0,0,0,0,0,0,0,0.9399691,1,0.8956605,0,0,0,0,0,0,0,0.6691103,0.6363893,0.6650046,0.6976629,0.6586956,0,0,0.7040374
0,0,0,0,0,0,0,0,0,0,0,0,0,0,0,0.8439443,1,0.9835333,0.763787,0,0.7079083,0.7489287,0.7695452,0.7924318,0.7278193,0.8530858,0.8774911,0.8881445,0.8728549,0.8163038,0.8099803,0.7215248,0.7784435,0,0,0,0,0,0,0,0,0,0,0,0,0,0.6726925,0.7246903,0.9451997,1,0.8949165,0.6864568,0,0.7139593,0.6957209,0.6922553,0,0,0,0,0.7506107,0.7357187,0.6720428,0,0,0
0,0,0,0,0,0,0,0,0,0,0,0,0,0,0.7547219,0.7068903,1,0.9798535,0.608914,0.7554528,0.7471031,0,0.756664,0.841437,0.8350979,0.6939552,0.7164465,0.7831379,0.7835891,0.7073087,0,0.6300706,0.6787148,0,0,0,0,0,0,0,0,0,0,0,0,0,0,0.6229922,0.9388528,1,0.8734781,0,0.656942,0.5836146,0.6761612,0.7770391,0.7731709,0.7598226,0.6804479,0.6381348,0.7060861,0.6544611,0.6178933,0.661001,0.7248111,0.694284
0,0,0,0,0,0,0,0,0,0,0,0,0,0,0.7429697,0.833423,1,0.9823657,0.7023673,0.7030572,0.6716154,0,0.6730222,0,0,0,0,0,0,0,0,0,0,0,0,0,0,0,0,0,0,0,0,0,0,0.7045273,0.696497,0,0.9430616,1,0.8609985,0.7492009,0.7325503,0.6960499,0.7942548,0.7806966,0.7223915,0.7012919,0.7181447,0.666527,0,0,0,0,0,0
0,0,0,0,0,0,0,0,0,0,0,0,0,0,0.784047,0.8822736,1,0.9803681,0.7633147,0,0,0,0,0,0,0,0,0,0,0,0,0,0,0,0,0,0,0,0,0,0,0,0,0,0,0,0,0,0.9418463,1,0.9190322,0.8028169,0,0.7772111,0,0,0,0,0,0,0,0,0,0,0,0
0,0,0,0,0,0,0,0,0,0,0,0,0,0,0,0.8351154,1,0.9946307,0.8449895,0,0,0,0,0,0,0,0,0,0,0,0,0,0,0,0,0,0,0,0,0,0,0,0,0,0,0,0,0.7880613,0.9645563,1,0.8967738,0.7973766,0.7632878,0,0,0,0,0,0,0,0,0,0,0,0,0
0,0,0,0,0,0,0,0,0,0,0,0,0,0,0,0.7978787,1,0.9906681,0.7777947,0,0,0,0,0,0,0,0,0,0,0,0,0,0,0,0,0,0,0,0,0,0,0,0,0,0,0,0,0.7459124,0.9349815,1,0.8862665,0,0,0,0,0,0,0,0,0,0,0,0,0,0,0
