GestureName: star
Duration(ms): 1410
Handedness: right

SpeakerAngles: 2
55
-55

InterpretedPoints: 30
-0.806707284111599,-3.95403765024536
0.806707284111599,-0.564862521463624
0,0
0.806707284111599,2.82431260731812
0.806707284111599,5.08376269317261
-3.2268291364464,7.90807530049073
-1.6134145682232,11.2972504292725
-1.6134145682232,11.2972504292725
-3.2268291364464,9.03780034341798
-0.806707284111599,3.95403765024536
-1.6134145682232,3.38917512878174
-1.6134145682232,1.12972504292725
1.6134145682232,1.12972504292725
3.22682913644639,4.51890017170899
4.03353642055799,5.08376269317261
8.87378012522759,0.564862521463624
6.45365827289279,-1.12972504292725
0.806707284111599,-3.95403765024536
1.6134145682232,-3.38917512878174
1.6134145682232,-3.38917512878174
0.806707284111599,-1.69458756439087
0,0
0,0
0,0
0,0
0,0
-1.6134145682232,-1.12972504292725
-2.4201218523348,-1.69458756439087
-2.4201218523348,-1.69458756439087
0,-4.51890017170899

StrokePoints: 31
177.666666666667,130.277777777778
178.473373950778,134.231815428023
177.666666666667,134.796677949487
177.666666666667,134.796677949487
176.859959382555,131.972365342169
176.053252098443,126.888602648996
179.28008123489,118.980527348505
180.893495803113,107.683276919233
182.506910371336,96.3860264899604
185.733739507783,87.3482261465424
186.540446791894,83.394188496297
188.153861360117,80.0050133675153
189.767275928341,78.8752883245881
188.153861360117,77.7455632816608
184.927032223671,73.2266631099518
180.893495803113,68.1429004167792
172.019715677885,67.5780378953156
165.566057404993,68.7077629382428
164.759350120881,72.6618005884882
163.145935552658,76.0509757172699
161.532520984435,79.4401508460517
160.725813700323,81.1347384104426
160.725813700323,81.1347384104426
160.725813700323,81.1347384104426
160.725813700323,81.1347384104426
160.725813700323,81.1347384104426
160.725813700323,81.1347384104426
162.339228268546,82.2644634533698
164.759350120881,83.9590510177607
167.179471973216,85.6536385821515
167.179471973216,90.1725387538605

Velocities: 30
-4,-3
0,-1
0,0
3,2
5,4
5,9
9,11
9,11
6,10
3,4
2,4
0,2
2,0
6,2
7,2
6,-5
3,-5
-3,-4
-2,-4
-2,-4
-1,-2
0,0
0,0
0,0
0,0
0,0
-2,0
-3,0
-3,0
-4,-4

InverseVelocities: 30
0,0
0,0
0,0
0,0
0,0
0,0
0,0
0,0
0,0
0,0
-2,0
0,0
0,0
0,0
0,-3
-1,0
0,0
0,0
0,0
0,0
0,0
0,0
0,0
0,0
0,0
0,0
0,0
0,0
0,0
0,0

RawData: 30
0,0,0,0,0,0,0,0,0,0.5393763,0.639139,0.6527336,0.5663928,0.7250176,0.6526877,0.7428988,1,0.9889703,0.7285498,0,0,0,0,0,0,0,0,0,0,0,0,0,0,0,0,0,0,0,0,0,0,0,0,0.5316727,0.5837961,0.7193613,0.7133729,0.6395655,0.9403811,1,0.8752682,0,0,0,0,0,0,0,0,0,0,0,0,0,0,0
0,0,0,0,0,0,0,0,0,0,0,0,0,0,0,0.8081074,1,0.9860635,0.7373537,0,0,0,0,0,0,0,0,0,0,0,0,0,0,0,0,0,0,0,0,0,0,0,0,0,0,0.6480281,0.7097844,0.7540049,0.951047,1,0.8945514,0,0,0,0,0,0,0,0,0,0,0,0,0,0,0
0,0,0,0,0,0,0,0,0,0,0,0,0,0,0,0.7879921,1,0.9890873,0.7475587,0,0,0,0,0,0,0,0,0,0,0,0,0,0,0,0,0,0,0,0,0,0,0,0,0,0,0,0,0.6193697,0.9410334,1,0.9113168,0.7485923,0.6732541,0,0,0,0,0,0,0,0,0,0,0,0,0
0,0,0,0,0,0,0,0,0,0,0,0,0,0,0,0.837464,1,0.9796666,0.7557063,0.6446319,0.7010083,0.7524655,0.7104195,0,0,0,0,0,0,0,0,0,0,0,0,0,0,0,0,0,0,0,0,0,0,0,0,0,0.94199,1,0.8834472,0.7426175,0.6896584,0.5796874,0.5910478,0,0,0,0,0,0,0,0,0,0,0
0,0,0,0,0,0,0,0,0,0,0,0,0,0,0,0.8264447,1,0.9815812,0.7765686,0.7050695,0.757951,0.835682,0.8153942,0.7597324,0.6427695,0,0,0,0,0,0,0,0,0,0,0,0,0,0,0,0,0,0,0,0,0,0,0,0.942084,1,0.8836775,0.632515,0.6428062,0.703553,0,0.7348741,0.6961083,0,0,0,0,0,0,0,0,0
0,0,0,0,0,0,0,0,0,0,0,0,0,0,0.6690558,0.7903072,0.9976825,1,0.841084,0.6643507,0.6768256,0.7299403,0.7363884,0.751198,0.793322,0,0,0,0,0,0,0,0,0,0,0,0,0,0,0,0,0,0,0,0,0,0,0.6157779,0.9404432,1,0.8917693,0,0.6075149,0.6150118,0.652314,0.7533612,0.7540482,0.7149895,0.6475188,0.6310256,0.6629804,0.593625,0,0,0,0
0,0,0,0,0,0,0,0,0,0,0,0,0,0,0,0.8264517,1,0.9851848,0.8086221,0.767238,0.7445897,0.827319,0.7930168,0.6980761,0.7717403,0.8535956,0.8106985,0.6248383,0.6203573,0,0,0,0,0,0,0,0,0,0,0,0,0,0,0,0,0,0,0.6839649,0.9425964,1,0.889189,0.6074595,0.5728382,0.589009,0,0.5781432,0.6354148,0.6552317,0.675307,0.6874397,0.625875,0.6784088,0.6399027,0.5803843,0,0
0,0,0,0,0,0,0,0,0,0,0,0,0,0,0.636148,0.8268245,1,0.9920807,0.7881144,0.7498861,0.864987,0.9059922,0.8637251,0.7850229,0.8081374,0.6808505,0.7618788,0.7364157,0.6716768,0,0,0,0,0,0,0,0,0,0,0,0,0,0,0,0,0,0,0.6898593,0.945251,1,0.8738099,0.7038212,0.6521792,0.668818,0.6039184,0.6461832,0.7311627,0,0.6607443,0.6939138,0.6878387,0.6647695,0,0.6027505,0,0
0,0,0,0,0,0,0,0,0,0,0,0,0,0.7264297,0.8422354,0.9098209,1,0.9725723,0,0,0.8189753,0.8475766,0.7875917,0.7972385,0.7380882,0.693628,0,0,0,0,0,0,0,0,0,0,0,0,0,0,0,0,0,0,0,0,0.6756791,0.6960257,0.9457027,1,0.8925357,0.6561112,0.7802315,0.7810152,0.846714,0.840808,0.8182088,0.7347072,0.7582817,0.7920504,0.7774882,0.7484751,0.6870745,0,0,0
0,0,0,0,0,0,0,0,0,0,0,0,0,0.7991517,0.8736618,0.9283708,1,0.980145,0.872879,0.8651813,0.8021953,0.7959355,0.8047683,0,0,0,0,0,0,0,0,0,0,0,0,0,0,0,0,0,0,0,0,0,0,0,0,0,0.9500285,1,0.9019978,0.8014501,0.8671523,0.7738253,0.8171969,0.7889966,0.7830027,0,0,0,0,0,0,0,0,0
0,0,0,0,0,0,0,0,0,0,0,0.6641499,0.7200812,0.7087854,0.7533329,0,0.9935548,1,0.8596231,0.7555308,0.6938567,0.6514043,0,0,0,0,0,0,0,0,0,0,0,0,0,0,0,0,0,0,0,0,0,0,0,0,0,0.720378,0.9414893,1,0.9064656,0.7215577,0.7656862,0.6868812,0.7332179,0.6770594,0.668408,0,0,0,0,0,0,0,0,0
0,0,0,0,0,0,0,0,0,0,0,0,0,0.630711,0.696308,0.7800083,1,0.9997949,0.8380563,0,0,0,0,0,0,0,0,0,0,0,0,0,0,0,0,0,0,0,0,0,0,0,0,0,0,0,0,0.6822155,0.939536,1,0.9028414,0.6909988,0.6685762,0.6570755,0.5869305,0,0,0,0,0,0,0,0,0,0,0
0,0,0,0,0,0,0,0,0,0,0,0,0,0,0,0.8477815,1,0.9627568,0.7799599,0.7557381,0.7354519,0.6869701,0,0,0,0,0,0,0,0,0,0,0,0,0,0,0,0,0,0,0,0,0,0,0,0,0,0,0.9470956,1,0.8957415,0.7506638,0.6475311,0,0,0,0,0,0,0,0,0,0,0,0,0
0,0,0,0,0,0,0,0,0,0,0,0,0,0,0.6905909,0.8021225,1,0.9978111,0.8533499,0.7590343,0.8911358,0.8657111,0.7009611,0.7433022,0.7565416,0.6718553,0,0,0,0,0,0,0,0,0,0,0,0,0,0,0,0,0,0,0,0,0,0.6547145,0.9451342,1,0.9156977,0.7536516,0,0.7131993,0.6797053,0,0,0,0,0,0,0,0,0,0,0
0,0,0,0,0,0,0,0,0,0,0,0,0,0,0,0.7789868,1,0.9813202,0.7684406,0.7588703,0.8925429,0.8696724,0.774276,0.7749938,0.6887712,0.7530003,0.6304432,0,0,0,0,0,0,0,0,0,0,0,0,0,0,0,0,0.6459754,0.7317387,0.7639388,0.7681889,0.7401559,0.9328988,1,0.8767283,0.7281137,0.7516561,0.7240565,0.6530967,0,0,0,0,0,0,0,0,0,0,0
0,0,0,0,0,0,0,0,0,0,0,0,0.6696589,0.6642848,0.7519458,0.8372583,1,0.9797598,0.7887893,0.8486122,0.8305649,0.8291577,0.8203808,0.8468693,0.8101442,0.619661,0,0,0,0,0,0,0,0,0,0,0,0,0,0,0,0.6085581,0.6938691,0.7368761,0.8235438,0.8008626,0.6041486,0.7013587,0.9446114,1,0.8892151,0.6616527,0,0,0,0,0,0,0,0,0,0,0,0,0,0
0,0,0,0,0,0,0,0,0,0,0,0,0,0.7161982,0.8388029,0.8686768,1,0.9817505,0.8180432,0.6866122,0.8231292,0.7901578,0.7044922,0,0,0,0,0,0,0,0,0,0,0,0,0,0,0,0,0,0,0.6396031,0.6780989,0.6004814,0.7658283,0.7508157,0.606101,0,0.9340645,1,0.8866385,0.610226,0,0,0,0,0,0,0,0,0,0,0,0,0,0
0,0,0,0,0,0,0,0,0,0,0.630383,0.73388,0.7322227,0.7268448,0.7832702,0.8727959,1,0.9760904,0.8260716,0.7765832,0,0,0,0,0,0,0,0,0,0,0,0,0,0,0,0,0,0,0,0,0,0,0.6060724,0.6508306,0.6746348,0.6402354,0.6419011,0,0.9369739,1,0.8871737,0,0,0,0,0,0,0,0,0,0,0,0,0,0,0
0,0,0,0,0,0,0,0,0,0,0,0.7582621,0.8408504,0.8023418,0.8803484,0.809563,1,0.9957845,0.8330478,0,0,0,0,0,0,0,0,0,0,0,0,0,0,0,0,0,0,0,0,0,0,0,0.7179807,0.7101291,0,0,0,0,0.9425373,1,0.8982661,0,0,0,0,0,0,0,0,0,0,0,0,0,0,0
0,0,0,0,0,0,0,0,0,0,0,0.7102893,0.7964602,0.8230751,0.6705222,0.8113639,1,0.9912133,0.7489062,0,0,0,0,0,0,0,0,0,0,0,0,0,0,0,0,0,0,0,0,0,0,0,0.641018,0.6700433,0.6282766,0.6853336,0.7099469,0.682043,0.946394,1,0.8810297,0.625901,0,0,0,0,0,0,0,0,0,0,0,0,0,0
0,0,0,0,0,0,0,0,0,0,0,0,0.7103586,0.809387,0.8405398,0.8542799,1,0.9921377,0.7515045,0,0,0,0,0,0,0,0,0,0,0,0,0,0,0,0,0,0,0,0,0,0,0,0,0,0.6306372,0.6807542,0.7733403,0.7971907,0.9430124,1,0.8942655,0,0,0,0,0,0,0,0,0,0,0,0,0,0,0
0,0,0,0,0,0,0,0,0,0,0,0,0,0,0.7190768,0.8935654,1,0.9780913,0.7817702,0,0,0,0,0,0,0,0,0,0,0,0,0,0,0,0,0,0,0,0,0,0,0,0,0,0,0,0,0.6762376,0.9396244,1,0.8937804,0,0,0,0,0,0,0,0,0,0,0,0,0,0,0
0,0,0,0,0,0,0,0,0,0,0,0,0,0,0,0.8244403,1,0.9779576,0.7331368,0,0,0,0,0,0,0,0,0,0,0,0,0,0,0,0,0,0,0,0,0,0,0,0,0,0,0,0,0.6013891,0.94565,1,0.8750133,0,0,0,0,0,0,0,0,0,0,0,0,0,0,0
0,0,0,0,0,0,0,0,0,0,0,0,0,0,0,0.8006044,1,0.9897702,0.7658319,0,0,0,0,0,0,0,0,0,0,0,0,0,0,0,0,0,0,0,0,0,0,0,0,0,0,0,0,0.5753544,0.9380862,1,0.8881749,0.6343738,0.5092093,0,0,0,0,0,0,0,0,0,0,0,0,0
0,0,0,0,0,0,0,0,0,0,0,0,0,0,0,0.8123983,1,0.9817072,0.7492371,0,0,0,0,0,0,0,0,0,0,0,0,0,0,0,0,0,0,0,0,0,0,0,0,0,0,0,0,0,0.9405239,1,0.8992688,0.7004575,0.5968653,0,0,0,0,0,0,0,0,0,0,0,0,0
0,0,0,0,0,0,0,0,0,0,0,0,0,0.7731553,0.8479602,0.8774127,1,0.9897391,0.8462984,0.7145962,0,0,0,0,0,0,0,0,0,0,0,0,0,0,0,0,0,0,0,0,0,0,0,0,0,0,0,0,0.9485795,1,0.8797445,0.7185859,0.6970717,0,0,0,0,0,0,0,0,0,0,0,0,0
0,0,0,0,0,0,0,0,0,0,0,0.7646341,0.8542246,0.8724738,0.7443305,0.8190847,1,0.984413,0.8006071,0,0,0,0,0,0,0,0,0,0,0,0,0,0,0,0,0,0,0,0,0,0,0,0,0,0,0,0,0.7379529,0.9555798,1,0.9107915,0.734399,0,0,0,0,0,0,0,0,0,0,0,0,0,0
0,0,0,0,0,0,0,0,0,0,0.7217338,0.7867693,0.8056216,0.9057337,0.8403519,0.838163,1,0.9893022,0.8050914,0,0,0,0,0,0,0,0,0,0,0,0,0,0,0,0,0,0,0,0,0,0,0,0,0,0,0,0,0.6724223,0.9461966,1,0.8931737,0,0,0,0,0,0,0,0,0,0,0,0,0,0,0
0,0,0,0,0,0,0,0,0,0,0.7854608,0.7703831,0.8924392,0.8031254,0.7877441,0.8598638,1,0.9906272,0.8295049,0,0,0,0,0,0,0,0,0,0,0,0,0,0,0,0,0,0,0,0,0,0,0,0,0,0,0,0.7376012,0.7070061,0.9399892,1,0.8952839,0.763008,0.7364122,0,0,0,0,0,0,0,0,0,0,0,0,0
0,0,0,0,0,0,0,0,0,0.694988,0.7876282,0.7885967,0.8065507,0.7523452,0.7648092,0.8396233,1,0.9567787,0.6779637,0.6660561,0,0,0,0,0,0,0,0,0,0,0,0,0,0,0,0,0,0,0,0,0,0,0.5986074,0.6214164,0.6015926,0,0.6028375,0.7165039,0.9303141,1,0.8858369,0.6633,0.6515661,0,0,0,0,0,0,0,0,0,0,0,0,0
