GestureName: check
Duration(ms): 893
Handedness: right

SpeakerAngles: 2
55
-55

InterpretedPoints: 19
0,-2.25945008585449
-0.806707284111599,-1.69458756439087
0,0
0,0
-1.6134145682232,-1.12972504292725
0,-2.25945008585449
-1.6134145682232,-3.38917512878174
0,-3.38917512878174
-0.806707284111599,-1.69458756439087
0,0
0,0
-0.806707284111599,2.82431260731812
0,9.03780034341798
-2.4201218523348,10.7323879078088
-2.4201218523348,10.7323879078088
-4.03353642055799,9.6026628648816
-2.4201218523348,1.69458756439087
-0.806707284111599,0.564862521463624
0,0

StrokePoints: 20
177.666666666667,130.277777777778
177.666666666667,132.537227863632
178.473373950778,134.231815428023
178.473373950778,134.231815428023
178.473373950778,134.231815428023
180.086788519001,135.36154047095
180.086788519001,137.620990556805
181.700203087225,141.010165685587
181.700203087225,144.399340814368
182.506910371336,146.093928378759
182.506910371336,146.093928378759
182.506910371336,146.093928378759
183.313617655448,143.269615771441
183.313617655448,134.231815428023
185.733739507783,123.499427520214
188.153861360118,112.767039612405
192.187397780675,103.164376747524
194.60751963301,101.469789183133
195.414226917122,100.904926661669
195.414226917122,100.904926661669

Velocities: 19
-2,-2
-2,-1
0,0
0,0
-2,0
-2,-2
-4,-2
-3,-3
-2,-1
0,0
0,0
2,3
8,8
8,11
8,11
6,11
0,3
0,1
0,0

InverseVelocities: 19
0,0
0,0
0,0
0,0
0,0
0,0
0,0
0,0
0,0
0,0
0,0
0,0
0,0
-1,0
0,0
0,0
0,0
0,0
0,0

RawData: 19
0,0,0,0,0,0,0,0,0,0,0,0.7742318,0.868475,0.8480207,0,0,1,0.995228,0,0.8190942,0,0,0,0,0,0,0,0,0,0,0,0,0,0,0,0,0,0,0,0,0,0,0,0,0.745339,0,0,0.733283,0.950095,1,0.8844747,0,0,0,0,0,0,0,0,0,0,0,0,0,0,0
0,0,0,0,0,0,0,0,0,0,0,0.6050634,0.6456696,0.6899629,0.6929869,0.8247201,1,0.9761542,0.7754049,0.7592105,0,0,0,0,0,0,0,0,0,0,0,0,0,0,0,0,0,0,0,0,0,0,0,0,0,0.6517631,0.6991042,0.7251647,0.9349828,1,0.9036161,0.7570356,0.6079834,0,0,0,0,0,0,0,0,0,0,0,0,0
0,0,0,0,0,0,0,0,0,0,0,0,0,0,0,0.8262476,0.998136,1,0.8700429,0.7024984,0,0,0,0,0,0,0,0,0,0,0,0,0,0,0,0,0,0,0,0,0,0,0,0,0,0,0,0,0.945339,1,0.9109147,0.7171285,0,0,0,0,0,0,0,0,0,0,0,0,0,0
0,0,0,0,0,0,0,0,0,0,0,0,0,0,0.6372241,0.8746002,1,0.9711173,0.7223549,0,0,0,0,0,0,0,0,0,0,0,0,0,0,0,0,0,0,0,0,0,0,0,0,0,0,0,0,0.6476144,0.9369459,1,0.9034271,0,0,0,0,0,0,0,0,0,0,0,0,0,0,0
0,0,0,0,0,0,0,0,0,0,0,0.676501,0.7625894,0.8198666,0.8078966,0.8530859,1,0.989997,0.758096,0,0,0,0,0,0,0,0,0,0,0,0,0,0,0,0,0,0,0,0,0,0,0,0,0,0,0,0,0.7430371,0.9401723,1,0.8757693,0.6673378,0,0,0,0,0,0,0,0,0,0,0,0,0,0
0,0,0,0,0,0,0,0,0,0,0,0.7784982,0.8970058,0.9006678,0.8226969,0.864408,1,0.9859378,0.7687905,0,0,0,0,0,0,0,0,0,0,0,0,0,0,0,0,0,0,0,0,0,0,0,0,0,0.6629343,0.7765325,0.8193848,0.839843,0.9314233,1,0.8835996,0.619185,0,0,0,0,0,0,0,0,0,0,0,0,0,0
0,0,0,0,0,0,0,0,0,0.6812434,0.791123,0.8820102,0.875423,0.6273302,0.7128478,0.8349866,1,0.9797721,0.7014486,0,0,0,0,0,0,0,0,0,0,0,0,0,0,0,0,0,0,0,0,0,0,0,0,0,0.7155548,0.7921984,0.7404462,0.6941256,0.9490851,1,0.8765504,0.6394846,0,0,0,0,0,0,0,0,0,0,0,0,0,0
0,0,0,0,0,0,0,0,0,0,0.8075441,0.9134784,0.8690382,0.7022685,0.740809,0.8066906,1,0.9690571,0.696488,0,0,0,0,0,0,0,0,0,0,0,0,0,0,0,0,0,0,0,0,0,0,0,0,0.6185664,0.6224729,0.6465729,0.7201894,0,0.9416239,1,0.8870431,0.5895025,0,0,0,0,0,0,0,0,0,0,0,0,0,0
0,0,0,0,0,0,0,0,0,0,0,0.7747344,0.8453435,0.8579427,0.8116832,0.880451,1,0.9739922,0.7397442,0,0,0,0,0,0,0,0,0,0,0,0,0,0,0,0,0,0,0,0,0,0,0,0,0,0,0.673454,0.7811621,0.8007337,0.9410825,1,0.9030035,0,0,0,0,0,0,0,0,0,0,0,0,0,0,0
0,0,0,0,0,0,0,0,0,0,0,0,0,0.7158557,0.7512957,0.8249439,1,0.9879596,0.7444586,0,0,0,0,0,0,0,0,0,0,0,0,0,0,0,0,0,0,0,0,0,0,0,0,0,0,0,0.6586009,0.7940123,0.9558774,1,0.8854162,0,0,0,0,0,0,0,0,0,0,0,0,0,0,0
0,0,0,0,0,0,0,0,0,0,0,0,0,0,0,0.8120687,1,0.9891676,0.7586313,0,0,0,0,0,0,0,0,0,0,0,0,0,0,0,0,0,0,0,0,0,0,0,0,0,0,0,0,0.6929969,0.9451734,1,0.8923831,0,0,0,0,0,0,0,0,0,0,0,0,0,0,0
0,0,0,0,0,0,0,0,0,0,0,0,0,0,0.6832232,0.8741256,1,0.9813471,0.798945,0.8350914,0.819994,0.7269119,0,0,0,0,0,0,0,0,0,0,0,0,0,0,0,0,0,0,0,0,0,0,0,0,0,0.6707889,0.9482087,1,0.9013284,0.776302,0.7576199,0,0.692686,0.693917,0,0,0,0,0,0,0,0,0,0
0,0,0,0,0,0,0,0,0,0,0,0,0,0,0.7076138,0.8146539,1,0.9909059,0.7876679,0.7293785,0.8227541,0.8127722,0.790821,0.6985871,0.7235488,0.7216741,0.6678873,0.6125261,0,0,0,0,0,0,0,0,0,0,0,0,0,0,0,0,0,0,0.575049,0.6960221,0.9391817,1,0.891237,0,0.773393,0.7936826,0.6524934,0.7598256,0.7664791,0.7114713,0.6134588,0.5977665,0.596828,0,0,0,0,0
0,0,0,0,0,0,0,0,0,0,0,0,0.7356706,0.7714016,0.7649957,0.81621,1,0.9952196,0.816473,0.7416418,0,0.7421679,0.8112076,0.81816,0,0.8299026,0.8652516,0.8088636,0,0,0,0,0,0,0,0,0,0,0,0,0,0,0,0,0,0,0,0,0.9443888,1,0.9016762,0.7208496,0,0,0.7450961,0.7353473,0.7144557,0.7655576,0.7244708,0.6976204,0.762561,0.8008311,0.7848812,0.7176806,0,0
0,0,0,0,0,0,0,0,0,0,0,0,0,0.7208425,0.7735459,0.8153557,1,0.9898458,0.7813067,0.7148309,0.7163422,0.7119919,0,0,0,0.6933081,0.7199895,0.7395694,0,0,0,0,0,0,0,0,0,0,0,0,0,0,0,0,0,0,0.6446973,0.7243353,0.9487402,1,0.8895373,0,0,0,0,0.6347604,0.6515491,0.7403663,0.722963,0,0.7211635,0,0.6379209,0.6689796,0,0
0,0,0,0,0,0,0,0,0,0,0,0,0,0.6032432,0.6542374,0.82532,1,0.9791026,0.6117059,0.6951703,0.6755665,0.5902452,0.6499922,0.6374173,0.6305862,0.5622727,0,0,0,0,0,0,0,0,0,0,0,0,0,0,0,0,0,0,0,0,0,0,0.9349691,1,0.876003,0.6200224,0.6474823,0.5976648,0.7023675,0.7214301,0.7335541,0.7455345,0.7289894,0.7777293,0.8032004,0.7669767,0.6895778,0.5761556,0,0
0,0,0,0,0,0,0,0,0,0,0,0,0,0,0.7065647,0.8612014,1,0.9809194,0.7470544,0,0,0,0,0,0,0,0,0,0,0,0,0,0,0,0,0,0,0,0,0,0,0,0,0,0,0,0.6890715,0.7009891,0.93666,1,0.9093838,0.7424539,0.6905239,0.7284104,0.7724156,0.6978216,0,0,0,0,0,0,0,0,0,0
0,0,0,0,0,0,0,0,0,0,0,0,0,0.6567067,0.7230775,0.7596225,1,0.9900829,0.7147758,0,0,0,0,0,0,0,0,0,0,0,0,0,0,0,0,0,0,0,0,0,0,0,0,0,0,0,0,0.6840963,0.9308846,1,0.9054954,0.76214,0,0.6136744,0,0,0,0,0,0,0,0,0,0,0,0
0,0,0,0,0,0,0,0,0,0,0,0,0,0,0,0.8523565,1,0.983461,0.7662387,0,0,0,0,0,0,0,0,0,0,0,0,0,0,0,0,0,0,0,0,0,0,0,0,0,0,0,0,0,0.9451202,1,0.8817222,0,0,0,0,0,0,0,0,0,0,0,0,0,0,0
