GestureName: double_arch
Duration(ms): 1175
Handedness: right

SpeakerAngles: 2
55
-55

InterpretedPoints: 25
1.6134145682232,4.51890017170899
2.4201218523348,5.08376269317261
1.6134145682232,4.51890017170899
0,4.51890017170899
0.806707284111599,0.564862521463624
0.806707284111599,-0.564862521463624
0.806707284111599,-1.69458756439087
3.2268291364464,-7.90807530049073
3.2268291364464,-5.64862521463624
3.2268291364464,-5.64862521463624
2.4201218523348,-1.69458756439087
4.03353642055799,-0.564862521463623
3.2268291364464,2.25945008585449
2.4201218523348,2.82431260731812
0,0
3.2268291364464,0
2.4201218523348,-0.564862521463624
-1.6134145682232,-1.12972504292725
-0.806707284111599,-5.08376269317261
-3.2268291364464,-3.38917512878174
-2.4201218523348,-1.69458756439087
-5.64695098878119,1.69458756439087
-4.84024370466959,-1.12972504292725
-6.45365827289279,3.38917512878174
2.4201218523348,2.82431260731812

StrokePoints: 26
177.666666666667,130.277777777778
176.053252098443,125.758877606069
173.633130246109,120.675114912896
172.019715677886,116.156214741187
172.019715677886,111.637314569478
171.213008393774,111.072452048015
170.406301109662,111.637314569478
169.599593825551,113.331902133869
166.372764689104,121.23997743436
163.145935552658,126.888602648996
159.919106416212,132.537227863632
157.498984563877,134.231815428023
153.465448143319,134.796677949487
150.238619006872,132.537227863632
147.818497154538,129.712915256314
147.818497154538,129.712915256314
144.591668018091,129.712915256314
142.171546165756,130.277777777778
143.78496073398,131.407502820705
144.591668018091,136.491265513878
147.818497154538,139.880440642659
150.238619006872,141.57502820705
155.885569995654,139.880440642659
160.725813700323,141.010165685587
167.179471973216,137.620990556805
164.759350120881,134.796677949487

Velocities: 25
5,3
6,3
5,3
4,4
1,0
0,-1
-1,-2
-5,-9
-3,-7
-3,-7
0,-3
2,-3
4,0
4,1
0,0
2,-2
1,-2
-2,0
-5,-4
-5,-1
-3,0
-2,5
-4,2
-1,7
4,1

InverseVelocities: 25
0,0
0,0
0,0
0,0
0,0
0,0
0,0
0,0
0,0
0,0
0,0
-2,1
0,0
0,0
0,0
-1,1
-2,1
0,0
1,0
0,0
0,0
3,-2
2,0
2,-2
0,0

RawData: 25
0,0,0,0,0,0,0,0,0,0,0,0,0,0,0,0.8180391,1,0.9868369,0.7631469,0.7683389,0.8249228,0.6660964,0.811315,0.7637684,0.6957124,0,0,0,0,0,0,0,0,0,0,0,0,0,0,0,0,0,0,0,0,0,0,0,0.9421041,1,0.8750723,0.6507277,0.8164961,0.81422,0.7152919,0.652159,0,0,0,0,0,0,0,0,0,0
0,0,0,0,0,0,0,0,0,0,0,0,0,0,0,0.8212262,1,0.9903144,0.8012874,0.5992245,0.7625567,0.7105088,0.6987318,0.7788901,0.7415345,0.6367564,0,0,0,0,0,0,0,0,0,0,0,0,0,0,0,0,0,0,0,0,0,0,0.9342573,1,0.8811221,0.7147294,0.8116872,0.7369097,0.7242134,0.6760434,0,0,0,0,0,0,0,0,0,0
0,0,0,0,0,0,0,0,0,0,0,0,0,0,0,0.8321772,1,0.9844145,0.7729477,0.7103854,0.7036872,0.6654164,0.674044,0.6867703,0.6725327,0,0,0,0,0,0,0,0,0,0,0,0,0,0,0,0,0,0,0,0,0,0,0,0.9400764,1,0.8893633,0.7374809,0.8151368,0.8081296,0.8009028,0.7042966,0,0,0,0,0,0,0,0,0,0
0,0,0,0,0,0,0,0,0,0,0,0,0,0,0,0.8325673,1,0.9882178,0.7900266,0.8252542,0.8107979,0,0.6470895,0.6654485,0,0,0,0,0,0,0,0,0,0,0,0,0,0,0,0,0,0,0,0,0,0,0,0,0.9401576,1,0.9025527,0.7945657,0.8052517,0.7291597,0,0.66241,0.6572981,0,0,0,0,0,0,0,0,0
0,0,0,0,0,0,0,0,0,0,0,0,0,0,0,0.8446286,1,0.9827539,0.8725674,0.8615564,0.7054208,0,0,0,0,0,0,0,0,0,0,0,0,0,0,0,0,0,0,0,0,0,0,0,0,0,0,0,0.9540405,1,0.9084778,0.848922,0.7245904,0,0,0,0,0,0,0,0,0,0,0,0,0
0,0,0,0,0,0,0,0,0,0,0,0,0,0.6999393,0.7381032,0.8068217,1,0.9934254,0.7940252,0.6956022,0,0,0,0,0,0,0,0,0,0,0,0,0,0,0,0,0,0,0,0,0,0,0,0,0,0.66189,0.7250628,0.7449868,0.9422956,1,0.9217958,0.7933561,0.7044256,0,0,0,0,0,0,0,0,0,0,0,0,0
0,0,0,0,0,0,0,0,0,0,0,0,0.6276157,0.6772684,0.7741163,0.8600678,1,0.980764,0.7762225,0,0,0,0,0,0,0,0,0,0,0,0,0,0,0,0,0,0,0,0,0,0,0,0,0,0.6866643,0.7262892,0.6908301,0.6963327,0.9418321,1,0.8877598,0,0,0,0,0,0,0,0,0,0,0,0,0,0,0
0,0,0,0,0,0,0,0,0.5725282,0.6169153,0.6366745,0.6777416,0.6893023,0.7240061,0.7244641,0.7818295,1,0.9892281,0.7536685,0,0,0,0,0,0,0,0,0,0,0,0,0,0,0,0,0,0,0.5605423,0.5498545,0,0.5920057,0.6619093,0.7373084,0.7121786,0.573952,0.6949096,0.6933975,0.7242944,0.9398347,1,0.8871706,0.5575359,0,0,0,0,0,0,0,0,0,0,0,0,0,0
0,0,0,0,0,0,0,0,0,0,0.6698757,0.7098014,0.7832772,0.7168754,0.7540199,0.7959355,1,0.9905961,0.8047484,0,0,0,0,0,0,0,0,0,0,0,0,0,0,0,0,0,0,0,0,0.6988709,0.7700738,0.747503,0.7700473,0.6921498,0.6907175,0.7621388,0.7888182,0.7632085,0.9452004,1,0.9004843,0,0,0,0,0,0,0,0,0,0,0,0,0,0,0
0,0,0,0,0,0,0,0,0,0,0.6290266,0,0.6221743,0.7644004,0.8044835,0.7689997,1,0.9889445,0.7788598,0,0,0,0,0,0,0,0,0,0,0,0,0,0,0,0,0,0,0,0,0.6586037,0.7736791,0.7913061,0.7521733,0.7767339,0,0.7687426,0.7946177,0.7924936,0.9458771,1,0.882131,0.6569017,0,0,0,0,0,0,0,0,0,0,0,0,0,0
0,0,0,0,0,0,0,0,0,0,0,0,0,0.7774772,0.7717841,0.8785275,1,0.9920024,0.8352581,0,0,0,0,0,0,0,0,0,0,0,0,0,0,0,0,0,0,0,0,0,0,0,0,0.7834437,0.8430154,0.793293,0.8123339,0.893042,0.964707,1,0.9014273,0,0,0,0,0,0,0,0,0,0,0,0,0,0,0
0,0,0,0,0,0,0,0,0,0,0,0.6383002,0.6368489,0.7822903,0.814623,0.8701835,1,0.9831736,0.7378381,0,0.6323155,0.6793702,0,0,0,0,0,0,0,0,0,0,0,0,0,0,0,0,0,0,0,0,0,0.6385611,0.6728711,0.6586913,0.7526203,0.7761121,0.9281907,1,0.8944907,0.7131539,0.6785644,0.6341279,0,0,0,0,0,0,0,0,0,0,0,0
0,0,0,0,0,0,0,0,0,0,0,0,0,0,0.709407,0.8295521,1,0.9835105,0.8084258,0.8045475,0.7264192,0,0.6503351,0.6319826,0,0,0,0,0,0,0,0,0,0,0,0,0,0,0,0,0,0,0,0,0,0,0.6406527,0.7606803,0.9445955,1,0.9148206,0.7615497,0.7069889,0,0,0,0,0,0,0,0,0,0,0,0,0
0,0,0,0,0,0,0,0,0,0,0,0,0,0.5861577,0.629667,0.8175396,1,0.9814187,0.7853732,0.7583886,0.6755133,0.6354111,0,0.5732127,0,0,0,0,0,0,0,0,0,0,0,0,0,0,0,0,0,0,0,0,0,0,0,0.5857916,0.9480032,1,0.8732022,0.7811647,0.7019588,0.5956848,0,0,0,0,0,0,0,0,0,0,0,0
0,0,0,0,0,0,0,0,0,0,0,0,0,0,0,0.8598145,1,0.9782526,0.7510754,0.6467875,0,0,0,0,0,0,0,0,0,0,0,0,0,0,0,0,0,0,0,0,0,0,0,0,0,0,0.6278108,0.7378742,0.9506938,1,0.8961606,0,0,0,0,0,0,0,0,0,0,0,0,0,0,0
0,0,0,0,0,0,0,0,0,0,0,0,0.6472664,0.608166,0.6392307,0.8422412,1,0.9912135,0.7579376,0.5983456,0.6591913,0.6019337,0,0,0,0,0,0,0,0,0,0,0,0,0,0,0,0,0,0,0,0,0,0,0.5800387,0.6605974,0,0.7716027,0.9482522,1,0.891318,0.6202831,0.6989594,0.6679017,0,0,0,0,0,0,0,0,0,0,0,0
0,0,0,0,0,0,0,0,0,0,0,0.7659969,0.7784157,0,0,0.8718153,1,0.9929902,0.8409302,0.8048396,0.7583858,0,0,0,0,0,0,0,0,0,0,0,0,0,0,0,0,0,0,0,0,0,0,0,0.7013451,0.7391718,0,0.7390015,0.9330457,1,0.9186727,0.7073867,0.7619224,0.7263549,0,0,0,0,0,0,0,0,0,0,0,0
0,0,0,0,0,0,0,0,0,0,0,0.6765354,0.7577167,0.8473156,0.8680751,0.8504949,1,0.9824512,0.6971635,0,0,0,0,0,0,0,0,0,0,0,0,0,0,0,0,0,0,0,0,0,0,0,0,0,0,0,0.6394647,0.7066625,0.9545502,1,0.8741357,0.7622923,0.6632978,0,0,0,0,0,0,0,0,0,0,0,0,0
0,0,0,0,0,0,0,0,0.6845084,0.7391856,0.7881615,0.7308586,0.6664105,0,0.7592621,0.8462413,1,0.9882784,0.7781386,0.6584008,0.6512489,0,0,0,0,0,0,0,0,0,0,0,0,0,0,0,0,0,0,0,0,0,0.6559079,0.6483679,0.6833526,0.6984591,0.7190291,0.7523348,0.942281,1,0.8959537,0,0,0,0,0,0,0,0,0,0,0,0,0,0,0
0,0,0,0,0,0,0,0,0.6768838,0.8356862,0.8646393,0.7841244,0.733095,0.8123814,0.7906196,0.8392763,1,0.9889032,0.7780594,0,0,0,0,0,0,0,0,0,0,0,0,0,0,0,0,0,0,0,0,0,0,0,0,0,0,0.6608642,0.7917513,0.8268771,0.9459973,1,0.8712225,0.7622489,0.6983321,0,0,0,0,0,0,0,0,0,0,0,0,0
0,0,0,0,0,0,0,0,0,0,0.8467206,0.8784958,0.8693568,0.8601575,0.8944805,0.8969115,1,0.9907343,0.8252414,0,0,0,0,0,0,0,0,0,0,0,0,0,0,0,0,0,0,0,0,0,0,0,0,0,0,0,0,0.8577621,0.9646903,1,0.8974321,0.836236,0.8280649,0,0,0,0,0,0,0,0,0,0,0,0,0
0,0,0,0,0,0,0,0,0,0,0,0.5559141,0.7196805,0.8119329,0.8366222,0.8809531,1,0.9715374,0.7435152,0.6763223,0.678605,0.6262754,0.5300416,0,0,0,0,0,0,0,0,0,0,0,0,0,0,0,0,0,0,0,0,0,0.5848852,0.5759696,0.6800764,0.7377445,0.9409019,1,0.8666776,0.6624908,0.6892492,0.6524539,0.5945426,0.551751,0.5691577,0.5238774,0,0,0,0,0,0,0,0
0,0,0,0,0,0,0,0,0,0.6076959,0.6037561,0,0.7181474,0.6440737,0.6954417,0.8006568,1,0.9876974,0.8010377,0.7410281,0.7007694,0.653137,0,0,0,0,0,0,0,0,0,0,0,0,0,0,0,0,0,0,0,0,0,0,0,0,0.5658328,0.5857043,0.9374338,1,0.8755235,0.7558408,0.6738297,0.7347594,0.671851,0,0,0,0,0,0,0,0,0,0,0
0,0,0,0,0,0,0,0,0,0,0,0,0.6754538,0.7144219,0,0.8298838,1,0.9799868,0.7823461,0,0.7029167,0.6962545,0,0,0,0,0,0,0,0,0,0,0,0,0,0,0,0,0,0,0,0,0,0,0.6474789,0.6801345,0.6849865,0.7262582,0.9539878,1,0.8693643,0.7623532,0.6213989,0.6646592,0.5972855,0.6145703,0.6081414,0.6270427,0.6044395,0.5924608,0,0,0,0,0,0
0,0,0,0,0,0,0,0,0,0,0,0,0,0.7098004,0.737403,0.7446805,1,0.9898314,0.8184843,0.818929,0.7775617,0.7039413,0.6439017,0.6334315,0,0,0,0,0,0,0,0,0,0,0,0,0,0,0,0,0,0,0,0,0,0,0,0.6213305,0.9475548,1,0.8630443,0.7126514,0.7319572,0.6513939,0,0,0,0,0,0,0,0,0,0,0,0
