GestureName: p
Duration(ms): 752
Handedness: right

SpeakerAngles: 2
55
-55

InterpretedPoints: 16
-0.806707284111599,1.69458756439087
-1.6134145682232,3.38917512878174
-0.806707284111599,5.08376269317261
-1.6134145682232,2.25945008585449
5.64695098878119,-2.82431260731812
3.2268291364464,-7.90807530049073
4.03353642055799,-8.47293782195435
4.84024370466959,-3.38917512878174
4.03353642055799,-0.564862521463623
4.03353642055799,6.21348773609986
0.806707284111599,10.7323879078088
0.806707284111599,11.8621129507361
-2.4201218523348,10.7323879078088
-0.806707284111599,5.08376269317261
-2.4201218523348,3.95403765024536
0,0

StrokePoints: 17
177.666666666667,130.277777777778
178.473373950778,128.583190213387
180.086788519001,125.194015084605
180.893495803113,120.110252391433
182.506910371336,117.850802305578
176.859959382555,120.675114912896
173.633130246109,128.583190213387
169.599593825551,137.056128035341
164.759350120881,140.445303164123
160.725813700323,141.010165685587
156.692277279765,134.796677949487
155.885569995654,124.064290041678
155.078862711542,112.202177090942
157.498984563877,101.469789183133
158.305691847988,96.3860264899604
160.725813700323,92.431988839715
160.725813700323,92.431988839715

Velocities: 16
1,2
2,4
4,5
1,3
1,-6
-5,-9
-5,-10
0,-6
2,-3
8,3
10,9
11,10
8,11
4,5
2,5
0,0

InverseVelocities: 16
0,0
0,0
0,0
-2,-2
-7,0
0,0
0,0
0,0
0,0
0,0
0,0
-1,0
-5,-4
-5,-3
-1,0
0,0

RawData: 16
0,0,0,0,0,0,0,0,0,0,0,0,0,0,0,0.8330584,1,0.9953578,0.924325,0.8817339,0.7761517,0,0,0,0,0,0,0,0,0,0,0,0,0,0,0,0,0,0,0,0,0,0,0,0,0,0,0.6243119,0.9482574,1,0.8621959,0.7851704,0.759642,0.7235112,0.6418471,0,0,0,0,0,0,0,0,0,0,0
0,0,0,0,0,0,0,0,0,0,0,0,0,0,0.645391,0.7921876,1,0.9871049,0.646134,0.7981171,0.818028,0.6777455,0,0,0,0,0,0,0,0,0,0,0,0,0,0,0,0,0,0,0,0,0,0,0,0,0,0.6533448,0.9387815,1,0.884664,0.7244441,0.6955788,0.7943479,0.7287621,0.67712,0.6229824,0,0,0,0,0,0,0,0,0
0,0,0,0,0,0,0,0,0,0,0,0,0,0.6391065,0.824122,0.8700274,1,0.9966425,0.6700579,0.7847263,0.7176092,0.656286,0.6867457,0.6153048,0,0,0,0,0,0,0,0,0,0,0,0,0,0,0,0,0,0,0,0,0,0,0,0.6910903,0.9422187,1,0.8904309,0.6665148,0,0.7249824,0.8199675,0.7977031,0.7652701,0.6865349,0,0,0,0,0,0,0,0
0,0,0,0,0,0,0,0,0,0,0,0.6877202,0.7154227,0,0.7594239,0.8968889,1,0.9774938,0.7182449,0.7081335,0.6993924,0,0,0,0,0,0,0,0,0,0,0,0,0,0,0,0,0,0,0,0,0,0,0,0.6589279,0.6708969,0,0.7018905,0.9469202,1,0.9037144,0.7100445,0.7149209,0.7292988,0,0.6793491,0,0,0,0,0,0,0,0,0,0
0,0,0,0,0,0,0.6532713,0.6556941,0.7057695,0.6745129,0,0.6722541,0.7205691,0.7549776,0.7596374,0.8603831,1,0.9844091,0.7828786,0,0.6244967,0,0,0,0,0,0,0,0,0,0,0,0,0,0,0,0,0,0,0,0.6134469,0.6226867,0,0.6675972,0.6196892,0.6555141,0.6158905,0.6692455,0.9425793,1,0.8942981,0.657984,0.6441222,0,0,0,0,0,0,0,0,0,0,0,0,0
0,0,0,0,0,0,0,0,0.7536543,0.8035908,0.8270825,0.7216842,0.7538841,0.8254884,0.8024588,0.8177222,1,0.9892396,0.7724933,0,0,0,0,0,0,0,0,0,0,0,0,0,0,0,0,0,0,0.6860487,0.7477091,0.7748276,0.7558193,0.7327056,0.6960385,0.7302127,0.7421243,0,0,0,0.9430082,1,0.9080231,0,0,0,0,0,0,0,0,0,0,0,0,0,0,0
0,0,0,0,0,0,0,0,0.705504,0.727443,0.6654503,0.7374365,0.6977169,0.7246647,0.7703519,0.7916098,1,0.9830729,0.7006449,0.6738775,0,0,0,0,0,0,0,0,0,0,0,0,0,0,0,0,0.6063228,0.6646019,0.6498936,0.7380803,0.6322175,0.6721559,0.625267,0.7392805,0.7206212,0.6257862,0.5668406,0.6715026,0.9399403,1,0.8975645,0,0,0,0,0,0,0,0,0,0,0,0,0,0,0
0,0,0,0,0,0,0,0,0,0,0,0,0,0,0.8492879,0.8573,1,0.9929271,0.8370871,0,0,0,0,0,0,0,0,0,0,0,0,0,0,0,0,0,0,0,0,0,0.8102334,0.843551,0.8691811,0.8726099,0.8296319,0,0.8131016,0.8195928,0.9456338,1,0.9188292,0,0,0,0,0,0,0,0,0,0,0,0,0,0,0
0,0,0,0,0,0,0,0,0,0,0,0,0,0,0,0.8499473,1,0.9766111,0.7976689,0.8366287,0.7831864,0.712002,0,0,0,0,0,0,0,0,0,0,0,0,0,0,0,0,0,0,0,0,0,0.7269629,0.7370976,0.7115408,0.7547308,0.7745677,0.9584263,1,0.8377345,0.7127318,0,0,0,0,0,0,0,0,0,0,0,0,0,0
0,0,0,0,0,0,0,0,0,0,0,0,0,0,0,0.8472388,1,0.9835054,0.7611639,0.7565594,0.8227935,0.7741746,0.8168998,0.750667,0,0.6704674,0.7154998,0.6819479,0,0,0,0,0,0,0,0,0,0,0,0,0,0,0,0,0,0,0,0,0.930325,1,0.9253726,0.8579056,0.8316118,0.6836876,0.7311723,0.7214711,0,0,0,0,0,0,0,0,0,0
0,0,0,0,0,0,0,0,0,0,0,0,0,0,0,0.8080795,1,0.9868939,0.7462817,0,0.7910364,0.8176279,0.7886849,0.6862237,0.7855495,0.8060167,0.7469469,0.7042898,0.6683678,0.6341708,0,0,0,0,0,0,0,0,0,0,0,0,0,0,0,0,0,0.6576259,0.9460968,1,0.8971489,0.7196533,0.7607446,0.7219126,0.7904682,0.7605805,0.7170246,0.6697508,0.6928886,0,0.6109027,0.6617447,0,0,0,0
0,0,0,0,0,0,0,0,0,0,0,0,0.6448449,0.6253736,0.7254916,0.8126982,1,0.9915953,0.8331532,0.8113369,0.8026975,0.7611095,0.6911761,0.6565218,0,0,0.6859489,0.6515744,0,0.6645435,0.6341152,0,0,0,0,0,0,0,0,0,0,0,0,0,0,0,0,0.7009403,0.9542733,1,0.8826116,0.6820831,0.7440996,0.7117563,0.7614114,0.6736985,0.7387596,0.66869,0,0,0.6871698,0.6338431,0.6132405,0,0,0
0,0,0,0,0,0,0,0,0.6551099,0.7532961,0.817452,0.8475427,0.7971809,0.8123838,0.795517,0.8775786,1,0.9719681,0.7638693,0.627911,0.6642596,0.698005,0.706696,0.6944247,0,0.5983525,0.622508,0.6397748,0,0,0,0,0,0,0,0,0,0,0,0,0,0,0.6053098,0.6798981,0.7266327,0.746915,0.6699173,0.6135436,0.9447073,1,0.8762935,0.7249132,0.7041035,0.6887662,0.7525772,0.727402,0.6930901,0.6118681,0,0,0,0,0.581861,0.596918,0,0
0,0,0,0,0,0,0,0,0.6435997,0.7228523,0.8057305,0.836587,0.7408497,0.8299266,0.8434383,0.8136819,0.9982187,1,0.8539149,0.7795438,0.6677263,0,0,0.653226,0,0,0,0,0,0,0,0,0,0,0,0,0,0,0,0,0,0,0,0.6244208,0.6228399,0.7381474,0.7515715,0.7637756,0.9539701,1,0.8889349,0.7296643,0.6795719,0,0.6362265,0.6380795,0.6482438,0.6329821,0,0,0,0,0,0,0,0
0,0,0,0,0,0,0,0,0,0,0,0,0.6232343,0.7536982,0.835157,0.8901812,1,0.9749642,0.7123662,0,0.5742486,0.5405503,0,0,0,0,0,0,0,0,0,0,0,0,0,0,0,0,0,0,0,0,0,0,0,0,0.5555689,0.7272248,0.9477217,1,0.8600466,0,0,0,0.5481367,0,0,0.5238985,0,0,0,0,0,0,0,0
0,0,0,0,0,0,0,0,0,0,0,0,0,0,0,0.8597065,1,0.9955561,0.8365154,0,0,0,0,0,0,0,0,0,0,0,0,0,0,0,0,0,0,0,0,0,0,0,0,0,0,0,0,0.7868946,0.9144642,1,0.9265189,0,0,0,0,0,0,0,0,0,0,0,0,0,0,0
