GestureName: q
Duration(ms): 846
Handedness: right

SpeakerAngles: 2
55
-55

InterpretedPoints: 18
-0.806707284111599,0.564862521463624
0.806707284111599,2.82431260731812
0.806707284111599,0.564862521463624
0.806707284111599,0.564862521463624
4.03353642055799,-1.69458756439087
-0.806707284111599,-3.95403765024536
0.806707284111599,-3.95403765024536
0.806707284111599,-2.82431260731812
-2.4201218523348,-2.82431260731812
-4.03353642055799,-0.564862521463623
-5.64695098878119,3.95403765024536
-4.84024370466959,7.90807530049073
0.806707284111598,12.9918379936633
1.6134145682232,12.4269754721997
-2.4201218523348,1.69458756439087
-1.6134145682232,2.25945008585449
0,0
0.806707284111599,-0.564862521463624

StrokePoints: 19
177.666666666667,130.277777777778
178.473373950778,129.712915256314
177.666666666667,126.888602648996
176.859959382555,126.323740127532
176.053252098443,125.758877606069
172.019715677885,127.45346517046
172.826422961997,131.407502820705
172.019715677885,135.36154047095
171.213008393774,138.185853078269
173.633130246109,141.010165685587
177.666666666667,141.57502820705
183.313617655448,137.620990556805
188.153861360117,129.712915256314
187.347154076006,116.721077262651
185.733739507783,104.294101790451
188.153861360117,102.59951422606
189.767275928341,100.340064140206
189.767275928341,100.340064140206
188.960568644229,100.904926661669

Velocities: 18
0,1
3,2
1,0
1,0
1,-4
-4,-3
-3,-4
-2,-3
-4,-1
-3,2
0,7
4,10
12,11
12,10
0,3
1,3
0,0
0,-1

InverseVelocities: 18
0,0
0,0
0,0
0,0
-2,0
0,0
0,0
0,0
0,0
0,0
0,0
0,0
-1,0
-1,-4
0,-5
0,-4
0,0
0,0

RawData: 18
0,0,0,0,0,0,0,0,0,0,0,0,0,0,0,0.8601031,1,0.9834512,0.8548406,0.870185,0,0,0,0,0,0,0,0,0,0,0,0,0,0,0,0,0,0,0,0,0,0,0,0,0,0,0,0,0.9556383,1,0.8938787,0.8180418,0.7888422,0.8149185,0,0,0,0,0,0,0,0,0,0,0,0
0,0,0,0,0,0,0,0,0,0,0,0,0,0,0,0.8152906,1,0.9969208,0.861168,0.7865592,0.6029379,0.5840132,0.5502089,0,0,0,0,0,0,0,0,0,0,0,0,0,0,0,0,0,0,0,0,0,0,0,0,0.5809731,0.93863,1,0.8760376,0.8503761,0.8165993,0.6824914,0.5774571,0,0,0,0,0,0,0,0,0,0,0
0,0,0,0,0,0,0,0,0,0,0,0,0,0,0,0.8402525,1,0.9827815,0.7774521,0.7771512,0.7537016,0,0,0,0,0,0,0,0,0,0,0,0,0,0,0,0,0,0,0,0,0,0,0,0,0,0,0.6849142,0.9445497,1,0.8827118,0.8290743,0.7609091,0,0,0,0,0,0,0,0,0,0,0,0,0
0,0,0,0,0,0,0,0,0,0,0,0,0,0,0,0.8455991,1,0.9835767,0,0.7914751,0.7282996,0,0,0,0,0,0,0,0,0,0,0,0,0,0,0,0,0,0,0,0,0,0,0,0,0,0.7557499,0.7604637,0.9473403,1,0.893005,0,0,0,0,0,0,0,0,0,0,0,0,0,0,0
0,0,0,0,0,0,0,0,0,0,0,0.6303894,0.6527874,0,0.6787542,0.8476722,1,0.9833752,0.7344511,0.6972341,0.6273307,0,0,0,0,0,0,0,0,0,0,0,0,0,0,0,0,0,0,0,0,0,0.6359487,0.7113007,0.6830015,0.7220025,0,0.6741574,0.9393316,1,0.8927983,0,0,0,0,0,0,0,0,0,0,0,0,0,0,0
0,0,0,0,0,0,0,0,0,0.6567111,0.7040992,0.6626065,0,0.6745552,0.7480646,0.8087854,1,0.9912018,0.7880617,0,0,0,0,0,0,0,0,0,0,0,0,0,0,0,0,0,0,0,0,0,0,0,0,0.6782155,0.6153604,0.6703752,0.7399479,0.6788682,0.9443676,1,0.8942567,0,0,0,0,0,0,0,0,0,0,0,0,0,0,0
0,0,0,0,0,0,0,0,0,0,0.7182753,0.765272,0.6613051,0.6595631,0.707209,0.8103167,1,0.9940819,0.7903696,0,0,0,0,0,0,0,0,0,0,0,0,0,0,0,0,0,0,0,0,0,0,0,0.6681381,0.7045188,0.7640383,0.8081288,0.7931563,0.7119917,0.9397824,1,0.8935753,0,0,0,0,0,0,0,0,0,0,0,0,0,0,0
0,0,0,0,0,0,0,0,0,0,0,0.8375842,0.8410856,0.829727,0,0.861342,1,0.9903873,0.8088332,0,0,0,0,0,0,0,0,0,0,0,0,0,0,0,0,0,0,0,0,0,0,0,0,0.7612775,0.7756805,0.7921059,0,0.7909799,0.9387628,1,0.9093444,0,0,0,0,0,0,0,0,0,0,0,0,0,0,0
0,0,0,0,0,0,0,0,0,0.6776367,0.7940167,0.8201165,0.7828631,0.7608501,0.8267674,0.8671209,1,0.9771314,0.7419894,0,0,0,0,0,0,0,0,0,0,0,0,0,0,0,0,0,0,0,0,0,0,0,0,0,0,0.7118067,0.7878763,0.8162137,0.958254,1,0.8720084,0,0,0,0,0,0,0,0,0,0,0,0,0,0,0
0,0,0,0,0,0,0,0,0,0,0.6916586,0.7799177,0.846797,0.8937253,0.8673866,0.8608609,1,0.9709381,0.7880257,0.6846507,0,0,0,0,0,0,0,0,0,0,0,0,0,0,0,0,0,0,0,0,0,0,0,0,0,0,0,0.7296365,0.9378093,1,0.9005074,0.8338252,0.8178461,0.7487849,0.6882132,0,0,0,0,0,0,0,0,0,0,0
0,0,0,0,0,0,0,0,0,0,0,0,0,0.6978573,0.6814079,0.7178427,0.9984238,1,0.8873587,0.7765273,0,0,0,0,0,0,0,0,0,0,0,0,0,0,0,0,0,0,0,0,0,0,0,0,0,0,0,0.6937923,0.9626657,1,0.8266034,0.8432002,0.7343857,0.8029328,0.7170484,0.7465708,0.6592488,0.6088784,0.6250429,0.6090765,0,0,0,0,0,0
0,0,0,0,0,0,0,0,0,0,0,0,0,0,0,0.8177645,1,0.9935883,0.7120932,0.8002333,0.6848369,0.7777569,0.774212,0.7314919,0,0,0,0,0,0,0,0,0,0,0,0,0,0,0,0,0,0,0,0,0,0,0,0.6601062,0.9513216,1,0.8935742,0.7754861,0.8068146,0.8079499,0.7706362,0.7109048,0.7549146,0.756434,0.725814,0.7402197,0.7428558,0.7258466,0.6890296,0,0,0
0,0,0,0,0,0,0,0,0,0,0,0,0.6306865,0.663736,0.6074101,0.7916284,1,0.9837238,0.6738145,0.7045839,0,0.8075036,0.7951673,0.6541541,0.6708084,0.6963066,0.6536491,0.6897982,0.67966,0.6695109,0.6411504,0.6164747,0.5965852,0,0,0,0,0,0,0,0,0,0,0,0,0,0,0.587674,0.9394116,1,0.8858529,0.6385711,0.5790053,0.622176,0.6765234,0.6755177,0.6721627,0.6724549,0.7091991,0.6510586,0.6660378,0.6939477,0.6008986,0.5831751,0,0
0,0,0,0,0,0,0,0,0,0,0,0,0.6239743,0.6185007,0.6633792,0.8427665,1,0.9863675,0.8032011,0.6600743,0.7215036,0.6587798,0.6805143,0.6462549,0.6534436,0.6688942,0.6252816,0,0.6032771,0,0,0.5956973,0.6191579,0,0,0,0,0,0,0,0,0,0.5712833,0.6980346,0.745062,0.7199605,0.6167263,0.7122931,0.9510328,1,0.8430911,0.7744526,0.6823812,0.6201687,0.6986357,0.6020915,0.5727213,0,0.638761,0.5740651,0,0.6376401,0.6269808,0,0,0
0,0,0,0,0,0,0,0,0,0,0,0,0,0.7273284,0,0.7728283,0.994884,1,0.8631358,0.8124529,0,0,0,0,0,0,0,0,0,0,0,0,0,0,0,0,0,0,0,0,0,0.7258675,0.830898,0.8923519,0.880077,0.741358,0.8499097,0.7218071,0.9443848,1,0.9028598,0.6644455,0.7373105,0.7631072,0.7484183,0.6899937,0,0,0,0,0,0,0,0,0,0
0,0,0,0,0,0,0,0,0,0,0,0,0,0.6805329,0.7510158,0.8965824,1,0.9692112,0.7518414,0.7288501,0.6721455,0,0,0,0,0,0,0,0,0,0,0,0,0,0,0,0,0,0,0,0,0,0.6158676,0.7050425,0.7721445,0.8271508,0.8686677,0.888209,0.9635509,1,0.8672976,0.677893,0.6772021,0.6399795,0,0.606544,0,0,0,0,0,0,0,0,0,0
0,0,0,0,0,0,0,0,0,0,0,0,0,0,0.7118462,0.8003483,1,0.9929201,0.8166894,0,0,0,0,0,0,0,0,0,0,0,0,0,0,0,0,0,0,0,0,0,0,0,0,0,0,0,0,0.735078,0.9213315,1,0.93508,0.7846536,0,0,0,0,0,0,0,0,0,0,0,0,0,0
0,0,0,0,0,0,0,0,0,0,0,0,0,0,0.6746504,0.8482361,1,0.9838406,0.7731304,0,0,0,0,0,0,0,0,0,0,0,0,0,0,0,0,0,0,0,0,0,0,0,0,0,0,0.7011522,0.7152419,0.809907,0.9643568,1,0.8244702,0.8461438,0,0,0,0,0,0,0,0,0,0,0,0,0,0
