GestureName: q
Duration(ms): 893
Handedness: right

SpeakerAngles: 2
55
-55

InterpretedPoints: 19
0.806707284111599,0.564862521463624
2.4201218523348,2.82431260731812
1.6134145682232,2.25945008585449
4.03353642055799,-1.69458756439087
1.6134145682232,-6.77835025756348
1.6134145682232,-7.90807530049073
0,-6.77835025756348
-0.806707284111599,-2.82431260731812
-2.4201218523348,-0.564862521463624
-2.4201218523348,1.69458756439087
-4.03353642055799,3.95403765024536
-4.03353642055799,7.34321277902711
0,11.2972504292725
-1.6134145682232,9.03780034341798
1.6134145682232,12.4269754721997
0.806707284111599,11.8621129507361
5.64695098878119,6.21348773609986
2.4201218523348,0.564862521463624
1.6134145682232,0

StrokePoints: 20
177.666666666667,130.277777777778
176.859959382555,129.712915256314
174.43983753022,126.888602648996
172.826422961997,124.629152563142
168.792886541439,126.323740127532
167.179471973216,133.102090385096
165.566057404993,141.010165685587
165.566057404993,147.78851594315
166.372764689104,150.612828550468
168.792886541439,151.177691071932
171.213008393774,149.483103507541
175.246544814332,145.529065857296
179.28008123489,138.185853078269
179.28008123489,126.888602648996
180.893495803113,117.850802305578
179.28008123489,105.423826833378
178.473373950778,93.5617138826423
172.826422961997,87.3482261465424
170.406301109662,86.7833636250788
168.792886541439,86.7833636250788

Velocities: 19
1,0
4,1
3,1
1,-4
-5,-7
-6,-8
-6,-6
-3,-2
-2,1
0,3
1,6
4,9
10,10
7,9
12,10
11,10
9,2
2,-1
1,-1

InverseVelocities: 19
0,0
0,0
0,0
0,0
0,0
0,0
0,0
0,0
0,0
0,0
0,0
0,0
-1,0
0,0
-2,-3
-5,-8
-4,-7
-2,0
0,1

RawData: 19
0,0,0,0,0,0,0,0,0,0,0,0,0,0.6514086,0.6883736,0.8482812,1,0.9831465,0.780499,0.708082,0.6566451,0,0,0,0,0,0,0,0,0,0,0,0,0,0,0,0,0,0,0,0,0,0,0,0,0,0.6963152,0.7029638,0.9389685,1,0.8866996,0.7263096,0.6873858,0,0,0,0,0,0,0,0,0,0,0,0,0
0,0,0,0,0,0,0,0,0,0,0,0,0,0,0,0.8124468,1,0.9784999,0.7101518,0.605588,0.7728728,0.7721444,0.6561876,0.5636801,0,0,0,0,0,0,0,0,0,0,0,0,0,0,0,0,0,0,0,0,0,0,0,0.6293663,0.940563,1,0.8820022,0.6472938,0.6882823,0.638289,0,0,0,0,0,0,0,0,0,0,0,0
0,0,0,0,0,0,0,0,0,0,0,0,0,0,0.5817263,0.8193796,1,0.9924426,0.7947688,0.7616846,0.7505723,0.6819212,0.6557853,0,0,0,0,0,0,0,0,0,0,0,0,0,0,0,0,0,0,0,0,0,0,0,0.6134951,0.7060924,0.9466185,1,0.8936986,0.7064831,0.6924644,0.5730041,0,0,0,0,0,0,0,0,0,0,0,0
0,0,0,0,0,0,0,0,0,0,0,0,0,0.7191911,0.739785,0.7965294,1,0.9877132,0.8118508,0.7313892,0.6419777,0,0,0,0,0,0,0,0,0,0,0,0,0,0,0,0,0,0,0,0,0,0.543881,0.6767041,0.7095837,0.7216049,0.7244329,0.6946809,0.9423333,1,0.8877313,0.6224,0.5648431,0,0,0,0,0,0,0,0,0,0,0,0,0
0,0,0,0,0,0,0,0,0.6190867,0.6743339,0.7054611,0.69557,0.6310728,0.7904386,0.8345295,0.8664879,1,0.9861904,0.8059267,0.6133888,0,0,0,0,0,0,0,0,0,0,0,0,0,0,0,0,0,0,0,0.6215839,0.6350015,0.6826162,0.7088967,0.6656539,0.6836694,0.6798545,0.668921,0,0.9377926,1,0.8995693,0,0,0,0,0,0,0,0,0,0,0,0,0,0,0
0,0,0,0,0,0,0,0.5818117,0.6822433,0.7513073,0.6475292,0.773322,0.8241979,0.7822537,0,0.8083819,1,0.9862153,0.7326763,0,0,0,0,0,0,0,0,0,0,0,0,0,0,0,0,0,0,0,0.5760517,0.6248705,0.7166803,0.6943945,0.7514676,0.6884186,0.6578365,0.7471967,0.7838247,0.7216867,0.9348412,1,0.8872147,0,0,0,0,0,0,0,0,0,0,0,0,0,0,0
0,0,0,0,0,0,0,0.6042345,0.6460293,0.7550626,0.7972082,0.7089325,0.7258813,0.6794415,0,0.833265,1,0.991445,0.7958193,0,0,0,0,0,0,0,0,0,0,0,0,0,0,0,0,0,0,0,0,0,0.6677614,0.7867547,0.8274125,0.7995142,0.757251,0.6921964,0.6813332,0.6726436,0.9431561,1,0.8936367,0,0,0,0,0,0,0,0,0,0,0,0,0,0,0
0,0,0,0,0,0,0,0,0,0,0.7463894,0.8329836,0.8470694,0.8096626,0.7832354,0.821658,1,0.9924222,0.8138941,0,0,0,0,0,0,0,0,0,0,0,0,0,0,0,0,0,0,0,0,0,0,0,0,0,0.7226489,0,0.7869763,0.8404827,0.9588337,1,0.8905237,0,0,0,0,0,0,0,0,0,0,0,0,0,0,0
0,0,0,0,0,0,0,0,0,0,0,0.7139081,0.7355426,0.7373893,0.8423866,0.7250596,1,0.9798006,0.7384739,0,0,0,0,0,0,0,0,0,0,0,0,0,0,0,0,0,0,0,0,0,0,0,0,0,0,0,0.7034639,0.7396881,0.9449835,1,0.8769876,0.7359595,0.7016053,0.6625077,0,0,0,0,0,0,0,0,0,0,0,0
0,0,0,0,0,0,0,0,0,0,0,0,0,0.7620169,0.8690197,0.8948139,1,0.9994525,0.8522917,0,0,0,0,0,0,0,0,0,0,0,0,0,0,0,0,0,0,0,0,0,0,0,0,0,0,0,0,0,0.9502341,1,0.9184909,0.8180465,0,0.8035206,0.8108666,0.7702633,0,0,0,0,0,0,0,0,0,0
0,0,0,0,0,0,0,0,0,0,0,0,0,0,0.7131744,0.8615677,1,0.9800333,0.760534,0.8123245,0.7669712,0,0,0,0,0,0,0,0,0,0,0,0,0,0,0,0,0,0,0,0,0,0,0,0,0,0,0,0.9312846,1,0.8780361,0.855846,0.8288697,0.7066084,0.7480679,0.8140118,0.7733947,0.7301456,0.7077233,0,0,0,0,0,0,0
0,0,0,0,0,0,0,0,0,0,0,0,0,0,0,0.8340732,1,0.9720805,0.7954476,0.8713993,0.8797688,0.83277,0.6466394,0.6236975,0,0,0,0,0,0,0,0,0,0,0,0,0,0,0,0,0,0,0,0,0,0,0,0.6637651,0.9435969,1,0.8739864,0.710554,0.6872137,0.6788999,0.6740313,0.719237,0.7314625,0.8156568,0.8017126,0.6889651,0.6506388,0.6342033,0,0,0,0
0,0,0,0,0,0,0,0,0,0,0,0,0.6264237,0.6408526,0.6531609,0.8157631,1,0.9849148,0.803505,0.8614209,0.757912,0.7155569,0.7806994,0.7109007,0,0.6731964,0.6253783,0.6738696,0.6423422,0.6268303,0,0,0,0,0,0,0,0,0,0,0,0,0,0,0,0,0,0.6500115,0.9478862,1,0.8938827,0,0.6615842,0.7119291,0.7716232,0.8214908,0.8019459,0.6803178,0.7246134,0.7163482,0.6984282,0.7311746,0.6686082,0,0,0
0,0,0,0,0,0,0,0,0,0,0,0,0,0,0.6871221,0.8165139,1,0.9884589,0.7936173,0.7689588,0.743414,0.6874365,0.6800116,0.7999969,0.7894824,0.7290865,0.6936607,0,0,0,0,0,0,0,0,0,0,0,0,0,0,0,0,0,0,0,0,0.6379456,0.9522269,1,0.8796553,0.6671666,0.6707188,0,0,0.6746273,0.7985862,0.7856809,0.7407131,0.716767,0.670733,0.6325632,0,0,0,0
0,0,0,0,0,0,0,0,0,0,0,0.650521,0.6710308,0.6494167,0.725933,0.8502679,1,0.9833742,0.7773491,0.7300514,0.6376448,0.6969316,0,0.6514702,0.6621561,0.6519901,0.6451185,0.6528138,0.6600876,0.6516979,0.6430243,0.6398291,0,0,0,0,0,0,0,0,0,0,0,0.6010789,0.6507528,0.6758602,0.6528656,0.6810017,0.9537412,1,0.8914183,0,0.7045516,0.7420621,0.7116863,0.6037012,0,0.7000784,0.6821655,0,0,0.6164992,0.6101273,0,0,0
0,0,0,0,0,0,0,0,0.5961299,0.6481015,0.7401214,0.8025471,0.7670566,0.6868688,0,0.8513582,1,0.9823169,0.7873278,0.6394883,0.6192656,0.6922511,0.6746113,0,0.5562997,0,0.5687066,0.6301304,0.5529874,0,0.5470189,0,0,0,0,0,0,0,0.5900006,0.7169226,0.7803264,0.7738437,0.6769607,0.6561444,0.7780299,0.7038354,0.6326724,0.6953837,0.9476939,1,0.8829756,0.6730927,0.6341277,0.7227208,0.6459939,0.6363236,0.664744,0.5943191,0.5578911,0.545412,0,0.5327113,0.5154335,0,0,0
0,0,0,0,0,0,0,0,0,0.6754104,0.7612581,0.8370345,0.8656629,0.853794,0.7947446,0.8278198,1,0.977881,0.6611627,0.68815,0.6941425,0.6835574,0,0,0,0,0,0,0.626292,0,0,0,0,0,0,0,0,0,0,0.6552554,0.6887315,0.7088506,0.7485897,0.7781531,0.8189121,0.8026646,0.7942754,0.7746804,0.9411717,1,0.8959941,0.6424018,0.6761581,0.7092916,0.6658309,0,0,0,0,0,0,0,0,0,0,0
0,0,0,0,0,0,0,0,0,0,0,0.5865407,0,0.5897307,0.7181622,0.8126585,1,0.9704009,0.6208938,0.6651255,0.5857682,0.5688364,0,0,0,0,0,0,0,0,0,0,0,0,0,0,0,0,0,0,0,0,0,0,0,0.6762912,0.7143655,0.8004566,0.931935,1,0.8893439,0.5935866,0,0,0,0,0,0,0,0,0,0,0,0,0,0
0,0,0,0,0,0,0,0,0,0,0,0,0,0,0,0.850481,1,0.9973966,0.8413662,0.827085,0.7497951,0,0,0,0,0,0,0,0,0,0,0,0,0,0,0,0,0,0,0,0,0,0,0,0,0.7083622,0.7064201,0.7813716,0.9520003,1,0.9112875,0.7920485,0.7294932,0.6767877,0,0,0,0,0,0,0,0,0,0,0,0
