GestureName: s
Duration(ms): 752
Handedness: right

SpeakerAngles: 2
55
-55

InterpretedPoints: 16
-1.6134145682232,-4.51890017170899
0.806707284111599,-2.82431260731812
0,0
2.4201218523348,0.564862521463624
4.03353642055799,-0.564862521463623
4.84024370466959,-1.12972504292725
3.2268291364464,0
2.4201218523348,1.69458756439087
-0.806707284111599,7.34321277902711
1.6134145682232,5.64862521463624
-0.806707284111599,8.47293782195435
0,7.90807530049073
3.2268291364464,5.64862521463624
2.4201218523348,5.08376269317261
3.22682913644639,4.51890017170899
9.68048740933919,-1.12972504292725

StrokePoints: 17
177.666666666667,130.277777777778
179.28008123489,134.796677949487
178.473373950778,137.620990556805
178.473373950778,137.620990556805
176.053252098443,137.056128035341
172.019715677885,137.620990556805
167.179471973216,138.750715599732
163.952642836769,138.750715599732
161.532520984435,137.056128035341
162.339228268546,129.712915256314
160.725813700323,124.064290041678
161.532520984435,115.591352219724
161.532520984435,107.683276919233
158.305691847988,102.034651704597
155.885569995654,96.950889011424
152.658740859207,92.431988839715
142.978253449868,93.5617138826423

Velocities: 16
-5,-3
-2,-3
0,0
2,-1
2,-3
2,-4
2,-2
3,0
6,7
6,4
7,8
7,7
7,3
6,3
6,2
5,-7

InverseVelocities: 16
0,0
0,0
0,0
0,0
0,0
0,0
0,0
0,0
0,0
0,0
0,0
-1,0
0,-1
0,-3
-2,-6
0,0

RawData: 16
0,0,0,0,0,0,0,0,0.6639792,0.7169756,0.7362134,0.7584707,0.8024868,0.8558508,0.835178,0.7719435,1,0.986918,0.7316084,0,0,0,0,0,0,0,0,0,0,0,0,0,0,0,0,0,0,0,0,0,0,0,0,0.6934436,0.7631396,0.7393655,0.7675191,0.6961024,0.9368979,1,0.887418,0,0,0,0,0,0,0,0,0,0,0,0,0,0,0
0,0,0,0,0,0,0,0,0,0,0,0.6160553,0.6600888,0.626909,0.7966961,0.8021917,1,0.9910592,0.7338613,0.6290203,0,0,0,0,0,0,0,0,0,0,0,0,0,0,0,0,0,0,0,0,0,0,0,0.6258201,0.7264561,0.7568715,0.7960932,0.8306467,0.9187137,1,0.8953623,0.6326785,0,0,0,0,0,0,0,0,0,0,0,0,0,0
0,0,0,0,0,0,0,0,0,0,0,0,0,0,0.7181749,0.8081778,1,0.988802,0.786103,0,0,0,0,0,0,0,0,0,0,0,0,0,0,0,0,0,0,0,0,0,0,0,0,0,0,0,0,0.7181005,0.9486565,1,0.9028385,0.6276915,0,0,0,0,0,0,0,0,0,0,0,0,0,0
0,0,0,0,0,0,0,0,0,0,0,0,0,0,0,0.8296743,1,0.9843686,0.759377,0.8370535,0.8410313,0.7332807,0,0,0,0,0,0,0,0,0,0,0,0,0,0,0,0,0,0,0,0,0,0,0,0.6548365,0.7438586,0.7423244,0.9369081,1,0.8963619,0.7337327,0,0,0,0,0,0,0,0,0,0,0,0,0,0
0,0,0,0,0,0,0,0,0,0,0,0,0,0,0,0.8708146,1,0.9872336,0.9312882,0.9286648,0.8651809,0.7478588,0,0,0,0,0,0,0,0,0,0,0,0,0,0,0,0,0,0,0,0,0,0.7512176,0.8198091,0.8805785,0.881117,0.8047339,0.9663089,1,0.8795944,0.700588,0,0,0,0,0,0,0,0,0,0,0,0,0,0
0,0,0,0,0,0,0,0,0,0,0,0,0,0.655355,0.6648185,0.7281111,0.9879904,1,0.9076998,0.8108689,0.6126975,0.6368359,0,0,0,0,0,0,0,0,0,0,0,0,0,0,0,0,0,0,0,0,0.6703825,0.7293511,0.8047632,0.8561503,0.7528098,0.786491,0.9451103,1,0.8844882,0.6116721,0,0,0,0,0,0,0,0,0,0,0,0,0,0
0,0,0,0,0,0,0,0,0,0,0,0,0,0.6052495,0.6672504,0.8619243,1,0.9844033,0.8244048,0.7520685,0.7454748,0.6175457,0,0,0,0,0,0,0,0,0,0,0,0,0,0,0,0,0,0,0,0,0,0,0.6795763,0.7608193,0.7666702,0.7581488,0.9328495,1,0.8981897,0,0,0,0,0,0,0,0,0,0,0,0,0,0,0
0,0,0,0,0,0,0,0,0,0,0,0,0,0,0,0.8342472,1,0.9839442,0.8181514,0.8376294,0.8544527,0.7984788,0.6610482,0,0,0,0,0,0,0,0,0,0,0,0,0,0,0,0,0,0,0,0,0,0,0,0,0.6490206,0.9428263,1,0.9138634,0.7753086,0.7305576,0,0,0,0,0,0,0,0,0,0,0,0,0
0,0,0,0,0,0,0,0,0,0,0,0,0,0,0,0.8325055,1,0.9843428,0.7791342,0.781488,0.693812,0.7634204,0.7036226,0.6369226,0.6267103,0.5976507,0,0,0,0,0,0,0,0,0,0,0,0,0,0,0,0,0,0,0,0,0,0.6522618,0.9509099,1,0.879463,0.7147028,0.7907655,0.7043505,0.7410811,0.6580517,0.6494903,0.7095668,0.6494648,0.5748126,0,0,0,0,0,0
0,0,0,0,0,0,0,0,0,0,0,0,0,0,0,0.8538283,1,0.9826115,0.7345672,0.8028637,0.8121544,0.7647476,0,0,0,0.7410677,0,0,0,0,0,0,0,0,0,0,0,0,0,0,0,0,0,0,0,0,0,0.7116284,0.9638575,1,0.8761452,0.7087313,0.8121225,0.8370407,0,0.7788011,0.7174378,0,0,0,0,0,0,0,0,0
0,0,0,0,0,0,0,0,0,0,0,0,0,0.6955689,0.6719061,0.7817501,1,0.9870338,0.7842929,0.7362909,0,0.6621215,0.6869609,0.7210043,0.6199613,0.6313249,0.6841598,0,0,0,0,0,0,0,0,0,0,0,0,0,0,0,0,0,0,0,0.5782167,0.5989127,0.9394072,1,0.8976362,0.5798353,0.6429986,0.7341217,0.7688431,0.6645289,0.658447,0.6984466,0.6683186,0.6910655,0.5986507,0,0,0,0,0
0,0,0,0,0,0,0,0,0,0,0,0,0.6877087,0.7468199,0.7692881,0.8410662,1,0.978541,0.751422,0.6579002,0.6699582,0.6595311,0.6780356,0.6492934,0.5979441,0,0.584208,0,0,0,0,0,0,0,0,0,0,0,0,0,0,0,0,0,0,0,0,0.6121393,0.9429854,1,0.8748621,0,0.633891,0.5972949,0.6793939,0.6819937,0.6167958,0.6392037,0.6245394,0.5865779,0,0,0,0,0,0
0,0,0,0,0,0,0,0,0,0,0,0,0,0.627375,0.6594497,0.8429223,1,0.9662753,0.7113788,0.7458184,0.7220566,0.7291784,0.674354,0.6564252,0.6962106,0.6178132,0.589328,0,0,0,0,0,0,0,0,0,0,0,0,0,0,0,0,0,0,0.5718524,0.6147292,0.5968499,0.9350418,1,0.895223,0.6989357,0.6647635,0.7139547,0.6899037,0.6132044,0,0,0,0,0,0,0,0,0,0
0,0,0,0,0,0,0,0,0,0,0,0,0,0,0,0.7804223,0.9936398,1,0.8595185,0.6962291,0.6561386,0.6471747,0.729605,0.719351,0,0.6979586,0,0,0,0,0,0,0,0,0,0,0,0,0,0,0,0,0,0.6583841,0.7013244,0.718127,0.6764057,0.8120057,0.9520973,1,0.8847058,0.7735049,0.7462351,0,0.6812294,0.6704339,0,0,0,0,0,0,0,0,0,0
0,0,0,0,0,0,0,0,0,0,0,0.6268188,0.637844,0.6712137,0,0.8208709,1,0.9864712,0.8579682,0.8408367,0.8628609,0.8586123,0.8282658,0.7335074,0,0.7104248,0,0,0,0,0,0,0,0,0,0,0,0,0,0,0.6460669,0.7426233,0.7478307,0.7884969,0.7484585,0.8114321,0.7882407,0.7893979,0.947355,1,0.8548051,0.8293546,0.8003337,0.7147226,0.6670423,0,0,0,0,0,0,0,0,0,0,0
0,0,0,0,0,0,0,0,0,0,0,0,0,0.6236793,0.6682746,0.8809108,1,0.9670814,0.8671687,0.8956117,0.8031016,0.6117209,0.6279531,0.6092337,0.577625,0,0,0,0,0,0,0,0,0,0,0,0,0,0,0.6084349,0.7037469,0.8016046,0.8310153,0.8136701,0.8136602,0.763941,0.8023247,0.8129932,0.9450229,1,0.867314,0.6297895,0.59325,0,0,0,0,0,0,0,0,0,0,0,0,0
