GestureName: star
Duration(ms): 1410
Handedness: right

SpeakerAngles: 2
55
-55

InterpretedPoints: 30
0.806707284111599,5.08376269317261
0.806707284111599,8.47293782195435
0.806707284111599,8.47293782195435
1.6134145682232,7.90807530049073
1.6134145682232,7.90807530049073
4.03353642055799,5.08376269317261
0.806707284111599,0.564862521463624
0,-4.51890017170899
0,-9.03780034341798
-0.806707284111599,-9.6026628648816
0,-6.77835025756348
-0.806707284111599,-1.69458756439087
-4.03353642055799,1.69458756439087
-5.64695098878119,2.82431260731812
-5.64695098878119,2.82431260731812
-5.64695098878119,1.69458756439087
-2.4201218523348,0.564862521463624
1.6134145682232,3.38917512878174
4.03353642055799,3.95403765024536
4.03353642055799,5.08376269317261
4.03353642055799,3.95403765024536
6.45365827289279,-2.25945008585449
1.6134145682232,-3.38917512878174
0,0
0,0
-8.06707284111599,0
-4.03353642055799,-5.08376269317261
-2.4201218523348,-7.34321277902711
-1.6134145682232,-4.51890017170899
0,-2.25945008585449

StrokePoints: 31
177.666666666667,130.277777777778
176.859959382555,125.194015084605
176.053252098443,116.721077262651
175.246544814332,108.248139440696
173.633130246109,100.340064140206
172.019715677885,92.431988839715
167.986179257327,87.3482261465424
167.179471973216,86.7833636250787
167.179471973216,91.3022637967877
167.179471973216,100.340064140206
167.986179257327,109.942727005087
167.986179257327,116.721077262651
168.792886541439,118.415664827042
172.826422961997,116.721077262651
178.473373950778,113.896764655333
184.120324939559,111.072452048015
189.767275928341,109.377864483624
192.187397780675,108.81300196216
190.573983212452,105.423826833378
186.540446791894,101.469789183133
182.506910371336,96.3860264899604
178.473373950778,92.431988839715
172.019715677885,94.6914389255695
170.406301109662,98.0806140543512
170.406301109662,98.0806140543512
170.406301109662,98.0806140543512
178.473373950778,98.0806140543512
182.506910371336,103.164376747524
184.927032223671,110.507589526551
186.540446791894,115.02648969826
186.540446791894,117.285939784114

Velocities: 30
5,4
8,7
8,7
8,6
8,6
7,2
1,0
-4,-4
-8,-8
-9,-8
-6,-6
-2,-1
-1,4
-1,6
-1,6
-2,5
-1,2
4,2
6,1
7,2
6,1
2,-6
-2,-4
0,0
0,0
-5,5
-7,-2
-8,-5
-5,-3
-2,-2

InverseVelocities: 30
0,0
0,0
0,0
0,0
0,0
0,0
0,0
0,0
0,0
1,0
0,0
0,0
2,0
3,0
3,0
0,-1
0,-1
0,0
0,0
0,-1
-2,-6
-4,0
0,0
0,0
0,0
0,-1
0,0
0,0
0,0
0,0

RawData: 30
0,0,0,0,0,0,0,0,0,0,0,0,0,0,0,0.8253412,1,0.9894192,0.8096405,0.6398718,0.6701857,0.6594508,0.7163432,0.7401161,0.6479135,0,0,0,0,0,0,0,0,0,0,0,0,0,0,0,0,0,0,0,0,0,0,0.6327243,0.9482675,1,0.858379,0.7612401,0.7292934,0.6967093,0.6586049,0.6990495,0.6650597,0,0,0,0,0,0,0,0,0
0,0,0,0,0,0,0,0,0,0,0,0,0,0,0,0.8230921,1,0.970072,0,0.685242,0.8072224,0.7533364,0.699396,0.7923436,0.7999006,0.801873,0.7749206,0.6525264,0,0,0,0,0,0,0,0,0,0,0,0,0,0,0,0,0,0,0,0.6354125,0.9484849,1,0.879224,0.6296813,0.6693712,0.6882539,0.5882872,0.7599964,0.8076224,0.7659924,0.6964594,0.5882161,0,0,0,0,0,0
0,0,0,0,0,0,0,0,0,0,0,0,0,0,0,0.807915,1,0.9828096,0.780798,0.7995965,0.818299,0.7936649,0.7592978,0.7844775,0.8152653,0.7817335,0.8217634,0.7972152,0,0,0,0,0,0,0,0,0,0,0,0,0,0,0,0,0,0,0,0.6486326,0.9432876,1,0.8881727,0.6408916,0.659009,0,0.681692,0.8084136,0.8078381,0.793735,0.7512157,0.590395,0,0,0,0,0,0
0,0,0,0,0,0,0,0,0,0,0,0,0,0,0,0,1,0.9837668,0,0,0,0,0,0,0,0,0,0.8979033,0,0,0,0,0,0,0,0,0,0,0,0,0,0,0,0,0,0,0,0,0.9545978,1,0.9077957,0,0,0,0,0.8381678,0.8402802,0.8703623,0.8403345,0,0,0,0,0,0,0
0,0,0,0,0,0,0,0,0,0,0,0,0,0,0,0.8520253,1,0.9821064,0.8095452,0.7447801,0.801703,0.7473323,0,0.8137034,0.7946759,0.805244,0.7947267,0.7254439,0,0,0,0,0,0,0,0,0,0,0,0,0,0,0,0,0,0,0,0.6713125,0.9398705,1,0.8977554,0.7248072,0.7781416,0.7894086,0.7450327,0,0.712332,0.7339438,0.6804367,0,0,0,0,0,0,0
0,0,0,0,0,0,0,0,0,0,0,0,0,0,0,0.8051689,1,0.9862064,0.7966688,0.753277,0.8509549,0.8203987,0.7572072,0.6988657,0.6654353,0,0.6198715,0,0,0,0,0,0,0,0,0,0,0,0,0,0,0,0,0,0,0,0,0.641789,0.935551,1,0.8652025,0.7730379,0.7036822,0.6463615,0.6136715,0,0,0,0,0,0,0,0,0,0,0
0,0,0,0,0,0,0,0,0,0,0,0,0,0,0.8215854,0.8475892,1,0.9946108,0,0.8427868,0.7598476,0,0,0,0,0,0,0,0,0,0,0,0,0,0,0,0,0,0,0,0,0,0,0,0,0,0,0,0.9521151,1,0.9016339,0,0,0,0,0,0,0,0,0,0,0,0,0,0,0
0,0,0,0,0,0,0,0,0,0.7180631,0.7380408,0.7743047,0.7845706,0.6678939,0.7853013,0.8407667,1,0.9825292,0.763028,0.6270913,0,0,0,0,0,0,0,0,0,0,0,0,0,0,0,0,0,0,0,0,0,0,0.6592582,0.632828,0.6100995,0.6646031,0.6830266,0.6369802,0.9306831,1,0.8820738,0.5974303,0,0,0,0,0,0,0,0,0,0,0,0,0,0
0,0,0,0,0,0.7117904,0.7850601,0.8585781,0.8728144,0.8513109,0.7893344,0.7246357,0.7086833,0.7518878,0,0.8578435,1,0.9760417,0.7397348,0,0,0,0,0,0,0,0,0,0,0,0,0,0,0,0,0,0,0,0.6869631,0.7298464,0.7469128,0.6914758,0.6855131,0.7206329,0.6695831,0,0,0.690215,0.9442874,1,0.8924344,0.6542649,0,0,0,0,0,0,0,0,0,0,0,0,0,0
0,0,0,0,0.6569737,0.6520146,0.7485465,0.7260962,0.7588775,0.7751559,0.8112487,0.7176943,0.7625374,0.7332441,0.6936799,0.8597681,1,0.9812732,0.7600117,0.6700836,0.6860912,0,0,0,0,0,0,0,0,0,0,0,0,0,0,0,0,0,0.6796973,0.7437379,0.704687,0.6860496,0,0.6928855,0.6756544,0.6949365,0.7382636,0.7572759,0.9452509,1,0.9041261,0.6267732,0,0,0,0,0,0,0,0,0,0,0,0,0,0
0,0,0,0,0,0,0,0.780954,0.8317467,0.8605432,0.8506225,0.8066926,0.8262421,0,0,0.8340405,1,0.9988413,0.8347605,0,0,0,0,0,0,0,0,0,0,0,0,0,0,0,0,0,0,0,0,0,0.7084378,0.7476886,0.765371,0.7393215,0,0.7728024,0.8161986,0.7343701,0.9537657,1,0.885352,0,0,0,0,0,0,0,0,0,0,0,0,0,0,0
0,0,0,0,0,0,0,0,0,0,0,0.7614937,0.7947454,0.7996164,0.823902,0.8056319,1,0.9871765,0,0,0,0,0,0,0,0,0,0,0,0,0,0,0,0,0,0,0,0,0,0,0,0,0,0,0,0.6779699,0.7451916,0.7593503,0.9382461,1,0.9082376,0,0,0,0,0,0,0,0,0,0,0,0,0,0,0
0,0,0,0,0,0,0,0,0,0,0,0,0.6522425,0.6320367,0.7505809,0.7504665,1,0.979214,0.8224031,0.7530459,0.6955085,0.6245045,0,0,0,0,0,0,0,0,0,0,0,0,0,0,0,0,0,0,0,0,0,0,0,0,0.6264037,0.7184377,0.9487994,1,0.8786249,0.7403286,0.7193397,0.602161,0.7142655,0.7304198,0.6646913,0,0,0,0,0,0,0,0,0
0,0,0,0,0,0,0,0,0,0,0,0,0.7092101,0.7397538,0,0.8549075,1,0.9854863,0.8056074,0.8488397,0.6914392,0.7617022,0.7586663,0,0,0,0,0,0,0,0,0,0,0,0,0,0,0,0,0,0,0,0,0,0,0,0.7038625,0.7140999,0.9409745,1,0.8809698,0.6967611,0.7338935,0.7905424,0.775853,0.8012697,0.7948427,0.7762939,0.7191409,0,0,0,0,0,0,0
0,0,0,0,0,0,0,0,0,0,0,0,0.6936318,0.7483676,0.7094765,0.7951341,1,0.9950029,0.7714615,0.7240807,0.8063619,0.7998066,0.6746203,0,0,0,0,0,0,0,0,0,0,0,0,0,0,0,0,0,0,0,0,0,0,0,0.6430635,0,0.9495105,1,0.8710253,0.7336933,0.6806426,0.6776648,0.6654234,0.7162641,0.685456,0.6265182,0.657133,0,0,0,0,0,0,0
0,0,0,0,0,0,0,0,0,0,0,0.7310004,0.7672289,0.8132222,0.7833681,0.8210406,1,0.9757954,0.7538681,0,0,0,0,0,0,0,0,0,0,0,0,0,0,0,0,0,0,0,0,0,0,0,0,0,0,0.6417552,0.6235721,0,0.9462301,1,0.8638495,0.7559902,0.6951095,0.6589743,0.7198742,0.7696594,0.7439944,0.658439,0,0,0,0,0,0,0,0
0,0,0,0,0,0,0,0,0,0,0,0,0.5700642,0.6144964,0.6824242,0.8465179,1,0.9697233,0.7101096,0,0,0,0,0,0,0,0,0,0,0,0,0,0,0,0,0,0,0,0,0,0,0,0,0,0,0.558233,0.5860404,0.6872334,0.9410989,1,0.8713681,0.7573237,0.7200694,0.6351121,0.5784977,0,0,0,0,0,0,0,0,0,0,0
0,0,0,0,0,0,0,0,0,0,0,0,0,0,0,0.8230157,1,0.9857947,0.7941219,0.7638328,0.7775739,0.7350565,0.7162985,0.6497408,0,0,0,0,0,0,0,0,0,0,0,0,0,0,0,0,0,0,0,0,0,0,0,0,0.9408841,1,0.8864964,0.8115632,0.8239813,0.7454714,0.6204962,0,0,0,0,0,0,0,0,0,0,0
0,0,0,0,0,0,0,0,0,0,0,0,0,0,0,0.8260688,1,0.9846579,0.7710574,0.7616744,0.7729514,0.7655725,0,0.7883641,0.8062918,0.7151293,0,0,0,0,0,0,0,0,0,0,0,0,0,0,0,0,0,0,0,0,0,0,0.9391238,1,0.8833376,0.7291268,0.8155306,0.7558945,0,0,0,0,0,0,0,0,0,0,0,0
0,0,0,0,0,0,0,0,0,0,0,0,0,0,0,0.830021,1,0.9952622,0.7971407,0,0,0.8508703,0.864814,0.7653689,0.7831941,0.8413467,0.8314098,0,0,0,0,0,0,0,0,0,0,0,0,0,0,0,0,0,0,0.7688522,0.806504,0.8026352,0.9512634,1,0.8924906,0,0.7858177,0.7911573,0.7317564,0,0,0,0,0,0,0,0,0,0,0
0,0,0,0,0,0,0,0,0,0,0,0.6491851,0.7520885,0.7727826,0.7009668,0.8311204,1,0.9611208,0.7844093,0.7211015,0.794637,0.7573778,0,0,0,0.6604498,0,0,0,0,0,0,0,0,0,0,0,0,0,0,0.6672077,0.6899872,0.6620945,0.6306552,0.7102276,0.679756,0.7079741,0.7104114,0.9321457,1,0.8980043,0.6431991,0.6793445,0.6324927,0,0,0,0,0,0,0,0,0,0,0,0
0,0,0,0,0,0,0,0,0,0.6565082,0.7408448,0.7909109,0.8378559,0.8583848,0.7644119,0.8002484,0.9872569,1,0.8015219,0.8485987,0.80896,0.7242468,0,0,0,0,0,0,0,0,0,0,0,0,0,0,0,0,0,0,0.7086946,0.7160019,0.7150708,0.7385695,0.7071223,0.6896403,0.7279699,0.6875611,0.9340715,1,0.9074653,0.7158164,0,0,0,0,0,0,0,0,0,0,0,0,0,0
0,0,0,0,0,0,0,0,0,0,0,0.7377389,0.8092433,0.8613378,0.785311,0.8405701,1,0.9844778,0.8210329,0,0,0,0,0,0,0,0,0,0,0,0,0,0,0,0,0,0,0,0,0,0,0,0.6284993,0.6510224,0.5970947,0.5929327,0.644094,0.7653781,0.9231244,1,0.889896,0,0,0,0,0,0,0,0,0,0,0,0,0,0,0
0,0,0,0,0,0,0,0,0,0,0,0,0,0.7192918,0.8608793,0.9017445,1,0.9768667,0.7611612,0,0,0,0,0,0,0,0,0,0,0,0,0,0,0,0,0,0,0,0,0,0,0,0,0,0,0,0,0.776589,0.9458396,1,0.8967925,0.6868799,0,0,0,0,0,0,0,0,0,0,0,0,0,0
0,0,0,0,0,0,0,0,0,0,0,0,0,0,0.8610606,0.9079631,1,0.986958,0,0,0,0,0,0,0,0,0,0,0,0,0,0,0,0,0,0,0,0,0,0,0,0,0,0,0,0,0,0,0.9447777,1,0.9077138,0,0,0,0,0,0,0,0,0,0,0,0,0,0,0
0,0,0,0,0,0,0,0,0.5967691,0.6278068,0.6735792,0.7024875,0.7008266,0.8593028,0.8579571,0.8224255,1,0.9806828,0.7654561,0.6132211,0,0,0,0,0,0,0,0,0,0,0,0,0,0,0,0,0,0,0,0,0,0,0,0,0,0.6286781,0.6654148,0.7367046,0.954142,1,0.9076588,0.7671818,0.7353415,0.6711814,0,0,0.5644673,0.5658643,0,0,0,0,0,0,0,0
0,0,0,0,0,0,0.7361627,0.7572241,0.7385715,0.8299813,0.7959188,0.78481,0.8861261,0.8790607,0.8122303,0.8412323,1,0.9757315,0.6886345,0.697749,0,0,0,0,0,0,0,0,0,0,0,0,0,0,0,0,0,0,0,0,0,0,0,0,0.6707835,0.779147,0.6924821,0.7789687,0.9256908,1,0.8786175,0.6437129,0.6949873,0,0,0,0,0,0,0,0,0,0,0,0,0
0,0,0,0,0,0.7161447,0.8510445,0.841751,0.8227059,0.8674154,0.8392861,0.7874929,0.7067206,0,0.6974018,0.7803754,0.9982174,1,0.7627294,0,0,0,0,0,0,0,0,0,0,0,0,0,0,0,0,0,0,0,0,0,0,0.6237724,0.7041911,0.7627755,0.8052459,0.8128567,0.7133912,0.6323235,0.9469351,1,0.8714088,0.5665295,0.5587992,0,0,0,0,0,0,0,0,0,0,0,0,0
0,0,0,0,0,0,0,0,0.8390495,0.8877098,0.8913067,0.8641574,0,0,0,0.8043916,1,0.9957613,0.7935193,0,0,0,0,0,0,0,0,0,0,0,0,0,0,0,0,0,0,0,0,0,0,0,0,0.7479352,0.7430623,0.6805035,0.7609654,0.6860475,0.9413038,1,0.8839698,0,0,0,0,0,0,0,0,0,0,0,0,0,0,0
0,0,0,0,0,0,0,0,0,0,0,0.7269691,0.8146226,0.8090289,0.7718408,0.8385478,1,0.9674975,0,0,0,0,0,0,0,0,0,0,0,0,0,0,0,0,0,0,0,0,0,0,0,0,0,0,0.6675489,0.7075893,0.7713156,0.7701989,0.9433176,1,0.8916566,0,0,0,0,0,0,0,0,0,0,0,0,0,0,0
