GestureName: star
Duration(ms): 1410
Handedness: right

SpeakerAngles: 2
55
-55

InterpretedPoints: 30
0,9.03780034341798
1.6134145682232,11.2972504292725
0.806707284111599,9.6026628648816
0.806707284111599,8.47293782195435
0.806707284111599,0.564862521463624
-0.806707284111599,-0.564862521463624
-2.4201218523348,-5.08376269317261
0,-10.1675253863452
-0.806707284111599,-10.7323879078088
-1.6134145682232,-7.90807530049073
0.806707284111599,-0.564862521463624
-0.806707284111599,5.08376269317261
-2.4201218523348,6.21348773609986
-3.2268291364464,6.77835025756348
-1.6134145682232,3.38917512878174
-1.6134145682232,0
1.6134145682232,4.51890017170899
3.2268291364464,6.77835025756348
2.4201218523348,8.47293782195435
8.06707284111599,3.38917512878174
4.84024370466959,0
0.806707284111599,-3.95403765024536
0,0
-1.6134145682232,0
-3.2268291364464,-1.12972504292725
-8.06707284111599,-4.51890017170899
-3.2268291364464,-9.03780034341798
-0.806707284111599,-8.47293782195435
0.806707284111599,-5.08376269317261
0.806707284111599,-0.564862521463624

StrokePoints: 31
177.666666666667,130.277777777778
177.666666666667,121.23997743436
176.053252098443,109.942727005087
175.246544814332,100.340064140206
174.43983753022,91.8671263182514
173.633130246109,91.3022637967878
174.43983753022,91.8671263182514
176.859959382555,96.950889011424
176.859959382555,107.118414397769
177.666666666667,117.850802305578
179.28008123489,125.758877606069
178.473373950778,126.323740127532
179.28008123489,121.23997743436
181.700203087225,115.02648969826
184.927032223671,108.248139440696
186.540446791894,104.858964311915
188.153861360117,104.858964311915
186.540446791894,100.340064140206
183.313617655448,93.5617138826422
180.893495803113,85.0887760606879
172.826422961997,81.6996009319061
167.986179257327,81.6996009319061
167.179471973216,85.6536385821515
167.179471973216,85.6536385821515
168.792886541439,85.6536385821515
172.019715677885,86.7833636250787
180.086788519001,91.3022637967877
183.313617655448,100.340064140206
184.120324939559,108.81300196216
183.313617655448,113.896764655333
182.506910371336,114.461627176796

Velocities: 30
8,8
11,9
9,8
8,7
1,0
-1,0
-6,-3
-9,-9
-10,-9
-8,-6
0,-1
4,5
4,7
4,8
2,4
-1,1
5,3
8,4
9,6
8,-2
3,-3
-3,-4
0,0
-1,1
-3,1
-9,1
-10,-6
-8,-7
-4,-5
0,-1

InverseVelocities: 30
0,0
0,0
0,0
0,0
0,0
0,0
0,0
1,0
1,0
0,0
0,0
0,0
0,0
-5,0
-4,0
0,0
0,0
0,0
0,-2
0,0
-2,0
0,0
0,0
0,0
0,0
0,-2
0,0
0,0
0,0
0,0

RawData: 30
0,0,0,0,0,0,0,0,0,0,0,0,0,0,0,0.8443217,1,0.9850737,0.7888042,0.7116989,0,0,0,0.6864646,0.7256306,0.6992135,0.7889853,0.7766156,0,0,0,0,0,0,0,0,0,0,0,0,0,0,0,0,0,0,0,0.6610755,0.9520345,1,0.8844243,0,0,0,0.7238761,0.7818314,0,0.7513872,0.7278329,0.7391652,0.6616843,0,0,0,0,0
0,0,0,0,0,0,0,0,0,0,0,0,0,0,0,0.8335711,1,0.9837106,0.6673135,0.7247609,0.7098266,0,0.6869214,0.6937953,0.7106872,0,0.7033221,0.8015488,0.8185968,0.7711495,0.6870052,0,0,0,0,0,0,0,0,0,0,0,0,0,0,0,0,0.6878102,0.9485147,1,0.8951012,0,0,0,0.7288715,0.8093441,0.7957544,0.6512166,0.7164105,0.8071842,0.784903,0.677893,0,0,0,0
0,0,0,0,0,0,0,0,0,0,0,0,0,0,0,0.8199657,1,0.9886129,0.7373655,0.7277991,0.7754432,0.7514897,0.732774,0.7072685,0.7298986,0.7623102,0.7962318,0.7641252,0.6303204,0,0,0,0,0,0,0,0,0,0,0,0,0,0,0,0,0,0,0.6223485,0.9371026,1,0.887267,0,0.704566,0.7936962,0.7767535,0.6758575,0.7224581,0.7698287,0.8405116,0.8328791,0.7412912,0,0,0,0,0
0,0,0,0,0,0,0,0,0,0,0,0,0,0,0,0.8067194,1,0.9762609,0.7436129,0.781873,0.7666258,0,0.7629514,0.7321094,0.7431191,0.7880106,0.7594394,0.6662279,0,0,0,0,0,0,0,0,0,0,0,0,0,0,0,0,0,0,0,0.673152,0.9380074,1,0.8849554,0.629873,0.7619984,0.7379707,0.7888656,0.7661659,0.7508869,0.716148,0.6796321,0.6268592,0,0,0,0,0,0
0,0,0,0,0,0,0,0,0,0,0,0,0,0,0,0.8568698,1,0.9954331,0.8854861,0.8032564,0.7915977,0,0,0,0,0,0,0,0,0,0,0,0,0,0,0,0,0,0,0,0,0,0,0,0,0,0,0,0.93707,1,0.9441985,0.8628802,0.8075854,0,0,0,0,0,0,0,0,0,0,0,0,0
0,0,0,0,0,0,0,0,0,0,0,0,0.8082181,0.8637874,0.8978028,0.8449579,1,0.9884884,0,0,0,0,0,0,0,0,0,0,0,0,0,0,0,0,0,0,0,0,0,0,0,0,0,0,0,0,0.8045203,0.8796647,0.9736346,1,0.892946,0,0,0,0,0,0,0,0,0,0,0,0,0,0,0
0,0,0,0,0,0,0,0.7650805,0.7891266,0.8206459,0.8450421,0.808022,0.8285195,0.8738784,0.8791411,0.7628391,1,0.9919209,0.787043,0,0,0,0,0,0,0,0,0,0,0,0,0,0,0,0,0,0,0,0,0,0,0,0,0.7341746,0.735545,0,0.7264473,0.7140473,0.9450073,1,0.8900456,0,0,0,0,0,0,0,0,0,0,0,0,0,0,0
0,0,0,0,0.6733918,0.7467015,0.8291533,0.8781998,0.838032,0.8243685,0.8566497,0.8074999,0.7552342,0.7332102,0.7714854,0.7830027,1,0.9924951,0.7654455,0.7287391,0.69157,0,0,0,0,0,0,0,0,0,0,0,0,0,0,0,0,0.6424647,0.7705091,0.7821784,0.7420862,0.7359229,0.6706278,0,0.686332,0,0.648879,0.6820481,0.9258921,1,0.892829,0,0,0,0,0,0,0,0,0,0,0,0,0,0,0
0,0,0,0.6221679,0.718136,0.7596857,0.7517886,0.7250919,0.7662974,0.7310636,0.7151098,0.7146077,0.7477606,0,0.7062283,0.8373319,1,0.9751195,0.6670961,0.7746536,0.7315051,0,0,0,0,0,0,0,0,0,0,0,0,0,0,0,0,0.6640295,0.6798815,0.7596225,0.79105,0.7518456,0.6538659,0.6924864,0.6957337,0.6539564,0,0.6104535,0.9306066,1,0.8970741,0,0,0,0,0,0,0,0,0,0,0,0,0,0,0
0,0,0,0,0,0.6857147,0.7420958,0.79292,0.8500554,0.8641284,0.8446274,0.8216768,0.7612876,0.7528159,0.7299383,0.803467,1,0.9843897,0.7553554,0,0,0,0,0,0,0,0,0,0,0,0,0,0,0,0,0,0,0,0,0,0.631322,0.6227799,0,0.7515479,0.7887059,0.7519462,0.7376139,0.778303,0.9461448,1,0.8854671,0,0,0,0,0,0,0,0,0,0,0,0,0,0,0
0,0,0,0,0,0,0,0,0,0,0,0,0,0.8020605,0.8514336,0.8067275,0.9981602,1,0.8523701,0,0,0,0,0,0,0,0,0,0,0,0,0,0,0,0,0,0,0,0,0,0,0,0,0,0,0.7705857,0.8104315,0.8295431,0.9571854,1,0.8943957,0,0,0,0,0,0,0,0,0,0,0,0,0,0,0
0,0,0,0,0,0,0,0,0,0,0,0,0,0,0.7279047,0.8302077,1,0.9573331,0.8083088,0.8268366,0.7535622,0.8060561,0.7246563,0.6824164,0,0,0,0,0,0,0,0,0,0,0,0,0,0,0,0,0,0,0,0,0,0,0.6722142,0.7343839,0.9497587,1,0.8858413,0,0.7205132,0.7975042,0.8012743,0.7928814,0.7426526,0.6450222,0,0,0,0,0,0,0,0
0,0,0,0,0,0,0,0,0,0,0,0,0,0,0.711636,0.8275635,1,0.984862,0.8309247,0.8364637,0.8068332,0.808917,0.7700856,0.7312203,0,0,0,0,0,0,0,0,0,0,0,0,0,0,0,0,0,0,0,0,0,0,0.6276754,0.7397023,0.9507757,1,0.8586521,0.7496023,0.7047881,0.6596046,0,0.706434,0.7493716,0.807083,0.7949555,0.7356691,0,0,0,0,0,0
0,0,0,0,0,0,0,0,0.6320589,0.6478904,0.635357,0.653074,0.6546185,0.713271,0.7361588,0.7461911,1,0.9966234,0.752592,0.6756146,0.682336,0.7384857,0.7182058,0.5992213,0,0,0,0,0,0,0,0,0,0,0,0,0,0,0,0,0,0,0,0,0,0,0.7026643,0.7261622,0.9376636,1,0.8866349,0.704985,0.7073745,0.6895865,0.6197989,0.6311593,0.5904947,0.5810458,0.6542453,0.6926252,0.5854542,0,0,0,0,0
0,0,0,0,0,0,0,0,0,0.631763,0.7012154,0.7569095,0.7902082,0.799583,0.7860026,0.8814403,1,0.9760672,0.752153,0.6505163,0,0.6561167,0,0,0,0,0,0,0,0,0,0,0,0,0,0,0,0,0,0,0,0,0,0,0,0,0,0,0.9308059,1,0.9005253,0.7633027,0.7070453,0,0.6967444,0.72689,0.6749278,0,0,0,0,0,0,0,0,0
0,0,0,0,0,0,0,0,0,0,0,0,0.7097265,0.8036428,0.7943197,0.776421,1,0.9918891,0.7923615,0,0,0,0,0,0,0,0,0,0,0,0,0,0,0,0,0,0,0,0,0,0,0,0,0,0,0,0,0.6474944,0.94538,1,0.8834153,0.8150616,0.7843564,0.7103994,0,0,0,0,0,0,0,0,0,0,0,0
0,0,0,0,0,0,0,0,0,0,0,0,0,0,0,0.8336291,1,0.9630465,0.7658131,0.7665951,0.7015008,0.6640506,0.6607569,0.6538935,0.6151441,0,0,0,0,0,0,0,0,0,0,0,0,0,0,0,0,0,0,0,0,0,0,0.6726465,0.9445826,1,0.8760594,0.8079059,0.7784815,0.750852,0.7060442,0.6053352,0,0,0,0,0,0,0,0,0,0
0,0,0,0,0,0,0,0,0,0,0,0,0,0,0,0.8085085,1,0.9969685,0.7744857,0.7668584,0.7413032,0,0.751638,0.789405,0.7964028,0.8183854,0.7763355,0.6715513,0,0,0,0,0,0,0,0,0,0,0,0,0,0,0,0,0,0,0,0.6477682,0.948646,1,0.8947241,0.7302141,0.8097457,0.8371194,0.7862666,0.7615855,0.7147701,0,0,0,0,0,0,0,0,0
0,0,0,0,0,0,0,0,0,0,0,0,0,0,0,0.8296343,1,0.9893306,0.7836289,0.687019,0,0.7994891,0.8377807,0.801631,0,0.82592,0.8551189,0.7943532,0.6693451,0,0,0,0,0,0,0,0,0,0,0,0,0,0,0,0.6762978,0.6595396,0.7477652,0.7816789,0.9526337,1,0.8947036,0.7484388,0.7862604,0.7975494,0.760372,0.6826899,0.6445535,0.6749623,0.6525039,0,0,0,0,0,0,0
0,0,0,0,0,0,0,0,0,0,0,0,0,0.7485138,0.7394009,0.8496366,1,0.9890059,0.7982065,0.7312117,0.7996936,0.8804859,0.8737868,0,0,0,0.7219901,0.731917,0,0,0,0,0,0,0,0,0,0,0,0,0,0,0,0,0.740412,0.7438048,0.711934,0.7855534,0.9405481,1,0.8983121,0.7117833,0,0,0,0,0,0,0,0,0,0,0,0,0,0
0,0,0,0,0,0,0,0,0,0,0,0.7489813,0.8601275,0.863516,0.8508637,0.9141017,1,0.9717526,0.7180558,0,0.7462162,0.788783,0.7549849,0,0,0,0,0,0,0,0,0,0,0,0,0,0,0,0,0,0,0,0,0.7111236,0.7142478,0,0.758002,0.7934235,0.9274914,1,0.9176919,0.7080637,0,0,0,0,0,0,0,0,0,0,0,0,0,0
0,0,0,0,0,0,0,0,0,0,0.7153226,0.7119982,0.8562739,0.8773503,0.8219353,0.8646685,1,0.9994669,0.830343,0.6599178,0,0,0,0,0,0,0,0,0,0,0,0,0,0,0,0,0,0,0,0,0,0,0.6551698,0.7206849,0.7093894,0.6295923,0.7624154,0.75181,0.9384692,1,0.9008881,0.6802258,0,0,0,0,0,0,0,0,0,0,0,0,0,0
0,0,0,0,0,0,0,0,0,0,0,0,0,0.8372739,0.8696777,0.9010735,1,0.9935266,0,0,0,0,0,0,0,0,0,0,0,0,0,0,0,0,0,0,0,0,0,0,0,0,0,0,0,0,0,0,0.9478622,1,0.9144624,0,0,0,0,0,0,0,0,0,0,0,0,0,0,0
0,0,0,0,0,0,0,0,0,0,0,0,0.6452042,0.7393969,0.8332205,0.8822361,1,0.9918092,0.7981167,0.7246376,0,0,0,0,0,0,0,0,0,0,0,0,0,0,0,0,0,0,0,0,0,0,0,0,0,0,0,0.6774749,0.9480919,1,0.8915998,0.631564,0.6226206,0.5682924,0,0,0,0,0,0,0,0,0,0,0,0
0,0,0,0,0,0,0,0,0,0,0.6848629,0.7271863,0,0.8193051,0.8515725,0.8267925,1,0.9857091,0.8317995,0,0,0,0,0,0,0,0,0,0,0,0,0,0,0,0,0,0,0,0,0,0,0,0,0,0,0,0,0.7615097,0.9490675,1,0.8683811,0.7426051,0.6850204,0.6844074,0,0,0,0,0,0,0,0,0,0,0,0
0,0,0,0,0.6159022,0.6721123,0,0.6726091,0.7779732,0.8000625,0.8018288,0.8329175,0.7817463,0.7113172,0.7724393,0.8459837,1,0.9746081,0.6865311,0.6584183,0,0,0,0,0,0,0,0,0,0,0,0,0,0,0,0,0,0,0,0,0,0,0,0,0.5894291,0.627035,0.722708,0.7137817,0.9261659,1,0.8675762,0.6522988,0.6632379,0.6334731,0,0,0,0,0,0,0,0,0,0,0,0
0,0,0,0.7102171,0.7483853,0.8466109,0.8858595,0.8492432,0.8619609,0.787919,0.6890501,0.7403162,0,0,0.6852767,0.8108835,1,0.9692664,0,0,0,0,0,0,0,0,0,0,0,0,0,0,0,0,0,0,0,0,0,0,0.6911758,0.7257721,0.7534204,0.6585753,0.7068459,0.7493382,0.7205276,0.6871698,0.9524101,1,0.8883114,0.6700117,0,0,0,0,0,0,0,0,0,0,0,0,0,0
0,0,0,0,0,0.7494681,0.8044104,0.7061347,0.7676228,0.7956408,0.7978341,0.7200336,0.7074683,0.7109087,0.7321191,0.8322642,1,0.9910112,0.8000385,0,0,0,0,0,0,0,0,0,0,0,0,0,0,0,0,0,0,0,0,0.6716111,0.7156129,0.7123094,0.7302078,0.8068239,0.7340946,0.7171857,0.7016304,0.702498,0.9515945,1,0.8881682,0,0,0,0,0,0,0,0,0,0,0,0,0,0,0
0,0,0,0,0,0,0,0,0,0.7010809,0.7518921,0.7147488,0.823038,0.859844,0.7944927,0.8168294,1,0.9861524,0.7661543,0,0,0,0,0,0,0,0,0,0,0,0,0,0,0,0,0,0,0,0,0,0,0.6617312,0.7227587,0.7650054,0.7496195,0.7329147,0.8099394,0.7631775,0.9399349,1,0.8874325,0,0,0,0,0,0,0,0,0,0,0,0,0,0,0
0,0,0,0,0,0,0,0,0,0,0,0,0,0.7719822,0.8307678,0.8512978,1,0.9796265,0.7193572,0,0,0,0,0,0,0,0,0,0,0,0,0,0,0,0,0,0,0,0,0,0,0,0,0,0,0.6852819,0.7996144,0.8592572,0.9590265,1,0.893073,0,0,0,0,0,0,0,0,0,0,0,0,0,0,0
