GestureName: x
Duration(ms): 1034
Handedness: right

SpeakerAngles: 2
55
-55

InterpretedPoints: 22
0,0
-1.6134145682232,-1.12972504292725
-2.4201218523348,-3.95403765024536
-2.4201218523348,-5.08376269317261
-1.6134145682232,-5.64862521463624
0,-5.64862521463624
-0.806707284111599,-2.82431260731812
0.806707284111599,-0.564862521463624
2.4201218523348,2.82431260731812
2.4201218523348,2.82431260731812
4.03353642055799,3.95403765024536
6.45365827289279,0
3.2268291364464,0
0.806707284111599,-0.564862521463624
-1.6134145682232,3.38917512878174
0.806707284111599,7.34321277902711
-2.4201218523348,11.8621129507361
-4.84024370466959,10.1675253863452
-6.45365827289279,1.12972504292725
-0.806707284111599,0.564862521463624
0,0
0,0

StrokePoints: 23
177.666666666667,130.277777777778
177.666666666667,130.277777777778
179.28008123489,131.407502820705
181.700203087225,135.36154047095
184.120324939559,140.445303164123
185.733739507783,146.093928378759
185.733739507783,151.742553593396
186.540446791894,154.566866200714
185.733739507783,155.131728722177
183.313617655448,152.307416114859
180.893495803113,149.483103507541
176.859959382555,145.529065857296
170.406301109662,145.529065857296
167.179471973216,145.529065857296
166.372764689104,146.093928378759
167.986179257327,142.704753249978
167.179471973216,135.36154047095
169.599593825551,123.499427520214
174.43983753022,113.331902133869
180.893495803113,112.202177090942
181.700203087225,111.637314569478
181.700203087225,111.637314569478
181.700203087225,111.637314569478

Velocities: 22
0,0
-2,0
-5,-2
-6,-3
-6,-4
-5,-5
-3,-2
0,-1
4,1
4,1
6,1
4,-4
2,-2
0,-1
2,4
7,6
9,12
6,12
-3,5
0,1
0,0
0,0

InverseVelocities: 22
0,0
0,0
0,0
0,0
0,0
0,0
0,0
0,0
0,0
0,0
0,-2
0,0
0,0
0,0
0,0
0,0
-1,0
-1,-1
0,0
0,0
0,0
0,0

RawData: 22
0,0,0,0,0,0,0,0,0,0,0,0,0,0,0.6791102,0.8443255,1,0.9753837,0.8086888,0.6891751,0,0,0,0,0,0,0,0,0,0,0,0,0,0,0,0,0,0,0,0,0,0,0,0,0,0,0,0.547676,0.9314421,1,0.8939381,0.6684523,0.5907246,0,0,0,0,0,0,0,0,0,0,0,0,0
0,0,0,0,0,0,0,0,0,0,0,0.7731606,0.8148414,0.8332535,0.852989,0.7645135,0.9993896,1,0.833452,0,0,0,0,0,0,0,0,0,0,0,0,0,0,0,0,0,0,0,0,0,0,0,0,0,0,0,0.7022185,0.8181136,0.9671497,1,0.8724473,0.6864141,0,0,0,0,0,0,0,0,0,0,0,0,0,0
0,0,0,0,0,0,0,0,0.6636832,0.7203586,0.7110841,0.7315034,0.8090668,0.7664493,0.7649356,0.8472369,1,0.9663138,0.7385812,0,0,0,0,0,0,0,0,0,0,0,0,0,0,0,0,0,0,0,0,0,0,0,0,0,0.6397359,0.7045882,0.79418,0.8467969,0.935174,1,0.8879139,0,0,0,0,0,0,0,0,0,0,0,0,0,0,0
0,0,0,0,0,0,0,0.7386138,0.7858188,0.7712358,0.7520978,0.7689277,0.7381561,0.7364374,0.7503887,0.8585875,1,0.9785117,0.7471128,0.6507158,0,0,0,0,0,0,0,0,0,0,0,0,0,0,0,0,0,0,0,0,0,0,0,0.6197752,0.7607901,0.6994894,0.6953259,0.7480799,0.9268842,1,0.8982419,0,0,0,0,0,0,0,0,0,0,0,0,0,0,0
0,0,0,0,0,0,0,0.5783712,0.6603496,0.6045663,0.558372,0.5515668,0.5729206,0.6921116,0.6983754,0.8300846,1,0.9878339,0.7599567,0,0,0,0,0,0,0,0,0,0,0,0,0,0,0,0,0,0,0,0,0,0,0,0.5904304,0.7089034,0.7471765,0.7165104,0.7412115,0.801814,0.9537792,1,0.8693107,0.5357618,0,0,0,0,0,0,0,0,0,0,0,0,0,0
0,0,0,0,0,0,0,0,0.6877432,0,0.699195,0.7468518,0.7407315,0.7193461,0.649747,0.8151627,1,0.9937508,0.8043053,0,0,0,0,0,0,0,0,0,0,0,0,0,0,0,0,0,0,0,0,0,0,0.5988242,0.6715855,0.6646091,0.66406,0.6972802,0.636704,0.598662,0.9463183,1,0.8814896,0,0,0,0,0,0,0,0,0,0,0,0,0,0,0
0,0,0,0,0,0,0,0,0,0,0.6491647,0.638493,0,0.6759174,0.721729,0.8456234,1,0.9698961,0.702335,0,0,0,0,0,0,0,0,0,0,0,0,0,0,0,0,0,0,0,0,0,0,0,0,0,0.6677208,0.7896935,0.8176336,0.6722444,0.9489831,1,0.8743906,0.6113523,0,0,0,0,0,0,0,0,0,0,0,0,0,0
0,0,0,0,0,0,0,0,0,0,0,0,0,0.6619921,0.7589738,0.7532026,1,0.9743685,0.6854286,0.7100932,0,0,0,0,0,0,0,0,0,0,0,0,0,0,0,0,0,0,0,0,0,0,0,0,0,0.6810068,0.7751825,0.7856385,0.9334033,1,0.9023907,0.6178179,0,0,0,0,0,0,0,0,0,0,0,0,0,0
0,0,0,0,0,0,0,0,0,0,0,0,0,0,0,0.8133413,1,0.9830881,0.7933484,0.8126073,0.8305926,0.802139,0.7322111,0.6536238,0,0,0,0,0,0,0,0,0,0,0,0,0,0,0,0,0,0,0,0,0,0,0,0.6396421,0.945917,1,0.8728353,0.7432953,0.7186581,0.642126,0,0,0,0,0,0,0,0,0,0,0,0
0,0,0,0,0,0,0,0,0,0,0,0,0,0,0,0.8580352,1,0.9829682,0.7753388,0.7486959,0.8176175,0.7868881,0.7378814,0.7775409,0,0,0,0,0,0,0,0,0,0,0,0,0,0,0,0,0,0,0,0,0,0,0,0.7483768,0.9525355,1,0.9099382,0.7866589,0.7429037,0.7451699,0,0,0,0,0,0,0,0,0,0,0,0
0,0,0,0,0,0,0,0,0,0,0,0,0,0,0,0.8436043,1,0.9892308,0.8446687,0.7864561,0.7714131,0.7685515,0.7233217,0.7503089,0.7408783,0.6452151,0,0,0,0,0,0,0,0,0,0,0,0,0,0,0,0,0,0,0.6652243,0.6706412,0.7295247,0.7862466,0.9474584,1,0.9128875,0.8194873,0.7619335,0.6630566,0,0,0,0,0,0,0,0,0,0,0,0
0,0,0,0,0,0,0,0,0,0,0,0,0,0,0.6662151,0.6945075,1,0.9772858,0.7804997,0.8125956,0.8497934,0.8040397,0.6941147,0.6431009,0,0,0,0,0,0,0,0,0,0,0,0,0,0,0,0,0,0,0.6122618,0.718324,0.7608197,0.7458183,0.7507229,0.7425446,0.9135194,1,0.8943469,0.718863,0.662921,0,0,0,0,0,0,0,0,0,0,0,0,0
0,0,0,0,0,0,0,0,0,0,0,0,0,0,0.8071194,0.8761166,0.9906194,1,0.8618494,0.7575805,0.7721934,0.7369675,0,0,0,0,0,0,0,0,0,0,0,0,0,0,0,0,0,0,0,0,0,0,0.7131404,0,0.7651939,0.7748816,0.9484288,1,0.8821835,0.7146425,0.6965039,0,0,0,0,0,0,0,0,0,0,0,0,0
0,0,0,0,0,0,0,0,0,0,0,0,0,0,0.7220033,0.8661524,1,0.9717782,0.9274257,0.768165,0,0,0,0,0,0,0,0,0,0,0,0,0,0,0,0,0,0,0,0,0,0,0,0,0,0.6781217,0.7897865,0.8544878,0.9583216,1,0.8424816,0.7304211,0,0,0,0,0,0,0,0,0,0,0,0,0,0
0,0,0,0,0,0,0,0,0,0,0,0,0,0,0.6627967,0.8276252,0.9938213,1,0.9123587,0.8714104,0.7798153,0.6749232,0,0,0,0,0,0,0,0,0,0,0,0,0,0,0,0,0,0,0,0,0,0,0,0,0,0,0.9245616,1,0.942268,0.8744712,0.829576,0.771861,0.7160677,0.6597926,0.6174669,0,0,0,0,0,0,0,0,0
0,0,0,0,0,0,0,0,0,0,0,0,0,0,0,0.8097854,1,0.9850608,0,0.772444,0.7937357,0.7967305,0.8339821,0.7966486,0.7665629,0.8151795,0.7888957,0,0,0,0,0,0,0,0,0,0,0,0,0,0,0,0,0,0,0,0,0,0.9526028,1,0.9065765,0.8066224,0.7421881,0,0.7665996,0,0,0.744154,0.7426739,0,0,0,0,0,0,0
0,0,0,0,0,0,0,0,0,0,0,0,0.6793065,0.7043437,0,0.8282803,1,0.98364,0.752916,0.7412568,0.804012,0.8114529,0.8137291,0.7384959,0.8027912,0.8133198,0.8036864,0.714256,0.6342273,0,0,0,0,0,0,0,0,0,0,0,0,0,0,0,0,0,0.6776315,0.6888931,0.943132,1,0.8903843,0.6852225,0.7107312,0.6062856,0.7433209,0.7628049,0.7442183,0.7553033,0.7453873,0.7098036,0.7508594,0.68239,0.6843925,0.7225677,0.6636261,0
0,0,0,0,0,0,0,0,0,0,0,0,0.6917902,0.7877952,0.7680431,0.8286598,1,0.9803226,0.8098828,0.7558466,0.6799838,0.7683678,0.7636001,0.680635,0.6778693,0.686048,0,0,0,0,0,0,0,0,0,0,0,0,0,0,0,0,0,0,0,0.7120556,0.7234465,0.6683625,0.944543,1,0.8966636,0.7103949,0,0,0.6905101,0.7839704,0.7397754,0.7759945,0.7182338,0.6778947,0.6896843,0,0.7347052,0.7172104,0.6655802,0.6762848
0,0,0,0,0,0,0,0,0,0,0.7268718,0.7704254,0.7336354,0.7082398,0.7925333,0.8423844,1,0.9951206,0.8336847,0,0,0,0,0,0,0,0,0,0,0,0,0,0,0,0,0,0,0,0,0,0,0,0,0,0,0,0.6718968,0.675402,0.9522861,1,0.8765724,0.7358635,0,0.6974453,0.6647462,0.6980621,0.7546408,0.7094924,0,0,0,0,0,0,0,0
0,0,0,0,0,0,0,0,0,0,0,0,0,0.7111701,0.7170084,0.7129599,1,0.9956372,0.7612977,0,0,0,0,0,0,0,0,0,0,0,0,0,0,0,0,0,0,0,0,0,0,0,0,0,0,0,0,0.7289665,0.929013,1,0.8863335,0.741061,0.7010787,0.6457134,0,0,0,0,0,0,0,0,0,0,0,0
0,0,0,0,0,0,0,0,0,0,0,0,0,0,0.634944,0.8049426,1,0.9863424,0.7549471,0,0,0,0,0,0,0,0,0,0,0,0,0,0,0,0,0,0,0,0,0,0,0,0,0,0,0,0,0.6757639,0.9427333,1,0.8810708,0.5643562,0,0,0,0,0,0,0,0,0,0,0,0,0,0
0,0,0,0,0,0,0,0,0,0,0,0,0,0,0,0.8105736,1,0.9902271,0.7623289,0,0,0,0,0,0,0,0,0,0,0,0,0,0,0,0,0,0,0,0,0,0,0,0,0,0,0,0,0,0.9334147,1,0.8774201,0,0,0,0,0,0,0,0,0,0,0,0,0,0,0
