GestureName: zigzag
Duration(ms): 1175
Handedness: right

SpeakerAngles: 2
55
-55

InterpretedPoints: 25
-0.806707284111599,-0.564862521463624
0.806707284111599,2.82431260731812
1.6134145682232,9.03780034341798
0.806707284111599,10.7323879078088
0,11.2972504292725
1.6134145682232,5.64862521463624
-1.6134145682232,-1.12972504292725
-3.2268291364464,-5.64862521463624
-0.806707284111599,-8.47293782195435
0,-5.64862521463624
0,5.64862521463624
-0.806707284111599,9.6026628648816
-0.806707284111599,10.7323879078088
-3.2268291364464,5.64862521463624
1.6134145682232,-2.25945008585449
2.4201218523348,-6.21348773609986
3.2268291364464,-7.90807530049073
2.4201218523348,-6.21348773609986
1.6134145682232,0
0,3.38917512878174
-2.4201218523348,3.95403765024536
0.806707284111599,1.69458756439087
4.03353642055799,-0.564862521463623
0,-1.12972504292725
0,0

StrokePoints: 26
177.666666666667,130.277777777778
178.473373950778,130.842640299241
177.666666666667,128.018327691923
176.053252098443,118.980527348505
175.246544814332,108.248139440696
175.246544814332,96.950889011424
173.633130246109,91.3022637967878
175.246544814332,92.431988839715
178.473373950778,98.0806140543513
179.28008123489,106.553551876306
179.28008123489,112.202177090942
179.28008123489,106.553551876306
180.086788519001,96.950889011424
180.893495803113,86.2185011036152
184.120324939559,80.5698758889789
182.506910371336,82.8293259748334
180.086788519001,89.0428137109333
176.859959382555,96.950889011424
174.43983753022,103.164376747524
172.826422961997,103.164376747524
172.826422961997,99.7752016187421
175.246544814332,95.8211639684968
174.43983753022,94.1265764041059
170.406301109662,94.6914389255695
170.406301109662,95.8211639684968
170.406301109662,95.8211639684968

Velocities: 25
-1,0
3,2
9,7
10,9
10,10
6,4
-2,0
-7,-3
-8,-7
-5,-5
5,5
8,9
9,10
3,7
-1,-3
-4,-7
-5,-9
-4,-7
1,-1
3,3
2,5
2,1
2,-3
-1,-1
0,0

InverseVelocities: 25
0,0
0,0
0,0
0,0
-2,0
-1,0
0,0
0,0
0,0
1,0
0,0
-1,-2
-1,-2
0,0
0,0
1,1
0,1
0,0
0,3
0,0
0,0
-2,0
-3,0
0,0
0,0

RawData: 25
0,0,0,0,0,0,0,0,0,0,0,0,0.7809167,0.8330292,0.8718395,0.9124103,1,0.9831433,0.8338822,0,0,0,0,0,0,0,0,0,0,0,0,0,0,0,0,0,0,0,0,0,0,0,0,0,0,0,0,0,0.9471059,1,0.9140129,0,0,0,0,0,0,0,0,0,0,0,0,0,0,0
0,0,0,0,0,0,0,0,0,0,0,0,0,0,0,0.7765489,0.9959787,1,0.8695652,0.8200111,0.769081,0.6994146,0.6251106,0,0,0,0,0,0,0,0,0,0,0,0,0,0,0,0,0,0,0,0,0,0,0,0,0.6171638,0.9440335,1,0.8629546,0.7999211,0.7454224,0.6669041,0.5966105,0,0,0,0,0,0,0,0,0,0,0
0,0,0,0,0,0,0,0,0,0,0,0,0,0,0,0.8118238,1,0.972444,0,0.7106349,0.7412457,0.7936587,0.8133547,0.792933,0.7524214,0.6814218,0.6607093,0.5656154,0.5598879,0,0,0,0,0,0,0,0,0,0,0,0,0,0,0,0,0,0,0.6160218,0.9400117,1,0.8724991,0.7278942,0.7782295,0.6569716,0.7414476,0.7295477,0.6718775,0.577356,0.6003087,0.5766621,0,0,0,0,0,0
0,0,0,0,0,0,0,0,0,0,0,0,0,0.6157399,0.6050037,0.7829359,1,0.9892177,0.7935642,0.6543198,0.6695396,0.6530134,0.7556052,0.7148108,0.7400845,0.7261033,0.8224871,0.8754897,0.8378748,0.7260115,0,0,0,0,0,0,0,0,0,0,0,0,0,0,0,0,0.5565664,0.6457683,0.9447922,1,0.8843114,0.6437834,0.6099379,0.7548499,0.7238876,0.6531515,0.6971097,0.6133876,0.7496786,0.7309707,0.6081566,0.5562382,0,0,0,0
0,0,0,0,0,0,0,0,0,0,0,0.6240996,0.6819221,0.6179487,0,0.8084305,1,0.9837555,0.7690924,0.6154953,0.6205385,0.7772409,0.7316858,0.771418,0.8230786,0.8255938,0.6488597,0.7927366,0.8037183,0.7154849,0,0,0,0,0,0,0,0,0,0,0,0,0,0,0,0,0.54649,0,0.9391876,1,0.878041,0.5424122,0.6426612,0.6593457,0.6269873,0.6184356,0.6279812,0.6319123,0.7119392,0.657665,0.5312304,0.5550922,0.5474725,0,0,0
0,0,0,0,0,0,0,0,0,0,0,0,0.6396632,0,0,0.8665629,1,0.9787518,0.7681879,0.7177193,0.7440174,0.7537577,0.7372798,0.7044308,0.6968192,0.6192375,0,0,0,0,0,0,0,0,0,0,0,0,0,0,0,0,0,0,0,0,0,0.6968673,0.9469284,1,0.8814741,0.7197962,0.7124383,0.6531599,0.6220001,0,0.6245278,0,0,0,0,0,0,0,0,0
0,0,0,0,0,0,0,0,0,0,0,0.7491992,0.7842715,0.7932636,0.7705228,0.712202,1,0.9986176,0.7494082,0,0,0,0,0,0,0,0,0,0,0,0,0,0,0,0,0,0,0,0,0,0,0,0,0,0,0,0.6954289,0.7474276,0.9446066,1,0.8755078,0.6858684,0,0,0,0,0,0,0,0,0,0,0,0,0,0
0,0,0,0,0,0,0.7987045,0.8226551,0.8166608,0.7808704,0.7459229,0.8459978,0.8003043,0.7913273,0,0.8442473,1,0.9877248,0.7883781,0,0,0,0,0,0,0,0,0,0,0,0,0,0,0,0,0,0,0,0,0,0,0,0,0.7558564,0.7464675,0,0,0.7219779,0.9407477,1,0.9068844,0,0,0,0,0,0,0,0,0,0,0,0,0,0,0
0,0,0,0,0,0.7262966,0.7775708,0.7590201,0,0.7735792,0.7242938,0.7604501,0.7929613,0.8056171,0.7203953,0.8242651,1,0.9844409,0.8384377,0.7774817,0,0,0,0,0,0,0,0,0,0,0,0,0,0,0,0,0,0,0,0.6773549,0.7264796,0,0.758846,0.8061352,0.7674726,0.7368635,0.7730491,0.7278814,0.9467647,1,0.9011615,0,0,0,0,0,0,0,0,0,0,0,0,0,0,0
0,0,0,0,0,0,0,0,0.588641,0.6523601,0.722518,0.7625775,0.8054459,0.795648,0.6492787,0.8719291,1,0.9692234,0.7428718,0.6731819,0.5940369,0,0,0,0,0,0,0,0,0,0,0,0,0,0,0,0,0,0,0,0,0.5885863,0.6177924,0.6925128,0.7275306,0.7298709,0.6970543,0.5745327,0.9430211,1,0.8785135,0.5899687,0,0,0,0,0,0,0,0,0,0,0,0,0,0
0,0,0,0,0,0,0,0,0,0,0,0,0,0.6195403,0,0.793897,1,0.987161,0.8077716,0.8133268,0.7503724,0.7058308,0.7626552,0.7435297,0.6636729,0,0,0,0,0,0,0,0,0,0,0,0,0,0,0,0,0,0,0,0,0,0.6128653,0.6044711,0.937534,1,0.8874337,0.6651412,0.7085443,0.6519139,0,0,0.6105075,0.6143459,0,0,0,0,0,0,0,0
0,0,0,0,0,0,0,0,0,0,0,0,0.632431,0.6647543,0,0.6819662,1,0.991645,0.7112163,0.741941,0.7713038,0.8012798,0.8881145,0.8943336,0.8489951,0.8137762,0.7550374,0.6416847,0,0,0,0,0,0,0,0,0,0,0,0,0,0,0,0,0.5819762,0.65466,0.6623474,0.6925357,0.9424251,1,0.8983811,0.7063178,0.6587828,0.7062972,0,0.5831767,0.6382487,0.7311317,0.6912439,0.7026348,0.6891423,0.6213153,0,0,0,0
0,0,0,0,0,0,0,0,0,0,0,0,0.6366152,0.7252095,0.7130659,0.8249418,1,0.9845225,0.7237066,0.6855276,0.7833844,0.763167,0.7079738,0.6694065,0.6421837,0.6850837,0.6744748,0.5991364,0.5649753,0,0,0,0,0,0,0,0,0,0,0,0,0,0,0,0.5734473,0.6834958,0.6643597,0.6231172,0.9241958,1,0.8932756,0.7042784,0.7363901,0.7705697,0.6685022,0.74393,0.7371035,0.7503773,0.6704432,0.6813492,0.6598386,0.5710237,0.5441051,0,0,0
0,0,0,0,0,0,0,0,0,0,0,0,0,0,0.636623,0.8269296,1,0.9853246,0.7724094,0.7478503,0.6972323,0.6381823,0.6626924,0,0,0,0,0,0,0,0,0,0,0,0,0,0,0,0,0,0,0,0,0,0,0,0.6323503,0,0.9372998,1,0.8945333,0.69991,0.710521,0.7126939,0.6722573,0.6491205,0.6888691,0.6981779,0.6584162,0.5784338,0,0,0,0,0,0
0,0,0,0,0,0,0,0,0,0,0,0,0.6691033,0.7545543,0.7215754,0.7690983,1,0.9947842,0.7773405,0,0,0,0,0,0,0,0,0,0,0,0,0,0,0,0,0,0,0,0,0,0,0,0,0.595463,0.6544117,0.6691437,0.6687995,0.6899599,0.9254292,1,0.8916791,0,0,0,0,0,0,0,0,0,0,0,0,0,0,0
0,0,0,0,0,0,0,0,0,0.6427955,0.6715152,0.7054676,0.7310715,0.7295324,0,0.8412902,1,0.9811502,0.756765,0.6713333,0.633778,0,0,0,0,0,0,0,0,0,0,0,0,0,0,0,0,0,0,0.6067749,0.6206316,0.6875789,0.7284636,0.6953059,0.6875077,0.6211752,0.7368109,0.6404577,0.9383694,1,0.8686292,0.6266609,0.6435043,0.6062317,0,0,0,0,0,0,0,0,0,0,0,0
0,0,0,0,0,0,0,0,0.706345,0.7422018,0.7385191,0.7409962,0.6534575,0.6375824,0,0.8135113,1,0.96567,0,0,0,0,0,0,0,0,0,0,0,0,0,0,0,0,0,0,0,0.6376989,0.7414613,0.7402115,0.6621184,0.7123283,0.6468331,0.6833479,0.708322,0.7286709,0.7278382,0.6818766,0.9357705,1,0.8982623,0.6704717,0.7019389,0.6408255,0,0,0,0,0,0,0,0,0,0,0,0
0,0,0,0,0,0,0,0,0,0.7408684,0.7815871,0.8002694,0.7560226,0,0.7618575,0.8824369,1,0.9734791,0.6899964,0,0,0,0,0,0,0,0,0,0,0,0,0,0,0,0,0,0,0,0,0.6926947,0.7481106,0.7767414,0.7863855,0.7884808,0.7396095,0,0,0.7505451,0.9522099,1,0.9009553,0.6448888,0,0,0,0,0,0,0,0,0,0,0,0,0,0
0,0,0,0,0,0,0,0,0,0,0,0,0,0.6254171,0.7403179,0.8773407,1,0.9812565,0.7755826,0.6001577,0.5877259,0,0,0,0,0,0,0,0,0,0,0,0,0,0,0,0,0,0,0,0,0,0,0,0,0.564339,0.6067568,0.6521229,0.9338547,1,0.8816499,0,0.668608,0.6915452,0.6630559,0.5962473,0,0,0,0,0,0,0,0,0,0
0,0,0,0,0,0,0,0,0,0,0,0,0,0,0.7023903,0.8380628,1,0.9865978,0.8202481,0.7517396,0.7501292,0.7342517,0.6338598,0,0,0,0,0,0,0,0,0,0,0,0,0,0,0,0,0,0,0,0,0,0,0,0,0.646777,0.9403193,1,0.8944981,0.6037951,0.7207717,0.7442616,0.7413524,0.7315572,0,0,0,0,0,0,0,0,0,0
0,0,0,0,0,0,0,0,0,0,0,0,0,0,0,0.8120402,1,0.9976066,0.83447,0,0.7726384,0.8182716,0,0,0,0,0,0,0,0,0,0,0,0,0,0,0,0,0,0,0,0,0,0,0,0,0,0.726776,0.9569309,1,0.9120285,0.7979674,0.7452924,0,0,0.7157673,0.7599202,0.7304961,0,0,0,0,0,0,0,0
0,0,0,0,0,0,0,0,0,0,0,0.7162564,0.7709813,0.7849633,0,0.7863296,0.9991783,1,0.8051108,0.7113501,0,0.7390156,0,0,0,0,0,0,0,0,0,0,0,0,0,0,0,0,0,0,0,0,0,0,0,0,0,0.6949735,0.9503003,1,0.8961561,0.7074976,0.7198255,0.6656857,0,0,0,0,0,0,0,0,0,0,0,0
0,0,0,0,0,0,0,0,0,0,0.6875829,0.625174,0.6691103,0.7800519,0.7453198,0.817329,1,0.985452,0.7051284,0.6939269,0.7284269,0.6291061,0,0,0,0,0,0,0,0,0,0,0,0,0,0,0,0,0,0,0,0,0,0.6035992,0.6102841,0.5853461,0.6691288,0.7026739,0.9400102,1,0.8915127,0.6072389,0.6210879,0,0,0,0,0,0,0,0,0,0,0,0,0
0,0,0,0,0,0,0,0,0,0,0,0,0.592451,0,0.5801171,0.8281257,1,0.9759011,0.6762367,0,0,0,0,0,0,0,0,0,0,0,0,0,0,0,0,0,0,0,0,0,0,0,0,0,0,0.5591439,0.6060438,0.6584094,0.9367452,1,0.8901744,0,0,0,0,0,0,0,0,0,0,0,0,0,0,0
0,0,0,0,0,0,0,0,0,0,0,0,0,0,0,0.8325568,1,0.9936341,0.8087204,0,0,0,0,0,0,0,0,0,0,0,0,0,0,0,0,0,0,0,0,0,0,0,0,0,0,0,0,0,0.9435828,1,0.9037757,0,0,0,0,0,0,0,0,0,0,0,0,0,0,0
