GestureName: zigzag
Duration(ms): 1410
Handedness: right

SpeakerAngles: 2
55
-55

InterpretedPoints: 30
0,0
0,0
0,0
0,0
0,0
0.806707284111599,1.69458756439087
1.6134145682232,3.38917512878174
2.4201218523348,7.34321277902711
0.806707284111599,9.6026628648816
-0.806707284111599,11.8621129507361
0.806707284111599,8.47293782195435
-0.806707284111599,-2.82431260731812
0,-6.77835025756348
0,-9.03780034341798
0,-9.03780034341798
-0.806707284111599,-6.21348773609986
-0.806707284111599,-1.69458756439087
0.806707284111599,-1.69458756439087
-3.2268291364464,7.90807530049073
0,5.64862521463624
1.6134145682232,-1.12972504292725
0.806707284111599,-6.21348773609986
5.64695098878119,-3.95403765024536
0.806707284111599,-7.34321277902711
-0.806707284111599,0.564862521463624
-2.4201218523348,3.95403765024536
-1.6134145682232,5.64862521463624
1.6134145682232,3.38917512878174
0,0
0,0

StrokePoints: 31
177.666666666667,130.277777777778
177.666666666667,130.277777777778
177.666666666667,130.277777777778
177.666666666667,130.277777777778
177.666666666667,130.277777777778
177.666666666667,130.277777777778
176.859959382555,128.583190213387
175.246544814332,125.194015084605
172.826422961997,117.850802305578
172.019715677885,108.248139440696
172.826422961997,96.3860264899604
172.019715677885,87.913088668006
172.826422961997,90.7374012753241
172.826422961997,97.5157515328876
172.826422961997,106.553551876306
172.826422961997,115.591352219724
173.633130246109,121.804839955823
174.43983753022,123.499427520214
173.633130246109,125.194015084605
176.859959382555,117.285939784114
176.859959382555,111.637314569478
175.246544814332,112.767039612405
174.43983753022,118.980527348505
168.792886541439,122.934564998751
167.986179257327,130.277777777778
168.792886541439,129.712915256314
171.213008393774,125.758877606069
172.826422961997,120.110252391433
171.213008393774,116.721077262651
171.213008393774,116.721077262651
171.213008393774,116.721077262651

Velocities: 30
0,0
0,0
0,0
0,0
0,0
2,1
4,2
8,5
9,8
10,11
8,7
-3,-2
-6,-6
-8,-8
-8,-8
-6,-5
-2,-1
-1,-2
5,9
5,5
0,-2
-5,-6
0,-7
-6,-7
0,1
2,5
4,6
4,2
0,0
0,0

InverseVelocities: 30
0,0
0,0
0,0
0,0
0,0
0,0
0,0
0,0
0,0
0,0
0,0
0,0
0,0
0,0
0,1
0,0
3,3
6,9
0,0
0,-2
0,0
0,0
0,0
0,0
0,0
0,0
-3,-1
-2,-1
0,0
0,0

RawData: 30
0,0,0,0,0,0,0,0,0,0,0,0,0,0,0,0.8092377,1,0.9851826,0.7402251,0,0,0,0,0,0,0,0,0,0,0,0,0,0,0,0,0,0,0,0,0,0,0,0,0,0,0,0,0.624077,0.9325804,1,0.8897399,0,0,0,0,0,0,0,0,0,0,0,0,0,0,0
0,0,0,0,0,0,0,0,0,0,0,0,0,0,0,0.8250805,1,0.9803992,0.7353554,0,0,0,0,0,0,0,0,0,0,0,0,0,0,0,0,0,0,0,0,0,0,0,0,0,0,0,0,0.6808414,0.94114,1,0.8911118,0,0,0,0,0,0,0,0,0,0,0,0,0,0,0
0,0,0,0,0,0,0,0,0,0,0,0,0,0,0,0.8391941,1,0.9840728,0.768548,0,0,0,0,0,0,0,0,0,0,0,0,0,0,0,0,0,0,0,0,0,0,0,0,0,0,0,0,0.6996393,0.9507517,1,0.8997693,0,0,0,0,0,0,0,0,0,0,0,0,0,0,0
0,0,0,0,0,0,0,0,0,0,0,0,0,0,0,0.8405492,1,0.9809799,0.7560089,0,0,0,0,0,0,0,0,0,0,0,0,0,0,0,0,0,0,0,0,0,0,0,0,0,0,0,0,0,0.931654,1,0.893441,0,0,0,0,0,0,0,0,0,0,0,0,0,0,0
0,0,0,0,0,0,0,0,0,0,0,0,0,0,0,0.8305883,1,0.9775712,0.7737595,0,0,0,0,0,0,0,0,0,0,0,0,0,0,0,0,0,0,0,0,0,0,0,0,0,0,0,0,0.6553691,0.9397901,1,0.9080838,0.6397235,0,0,0,0,0,0,0,0,0,0,0,0,0,0
0,0,0,0,0,0,0,0,0,0,0,0,0,0,0,0.8281097,1,0.9902399,0.8928396,0.8194954,0.711471,0.6287023,0,0,0,0,0,0,0,0,0,0,0,0,0,0,0,0,0,0,0,0,0,0,0,0,0,0,0.9471412,1,0.7706549,0.8301453,0.7167751,0.6224633,0,0,0,0,0,0,0,0,0,0,0,0
0,0,0,0,0,0,0,0,0,0,0,0,0,0,0,0.8181837,1,0.9912409,0.7825784,0.8596174,0.9137726,0.9189817,0.8657567,0.782683,0,0,0,0,0,0,0,0,0,0,0,0,0,0,0,0,0,0,0,0,0,0,0,0.709281,0.9438472,1,0.9102335,0.8321635,0,0.698102,0.7302606,0,0,0,0,0,0,0,0,0,0,0
0,0,0,0,0,0,0,0,0,0,0,0,0,0,0.6588788,0.8256708,1,0.9841752,0.7498212,0.7117996,0.6217994,0.8397384,0.8970016,0.8907604,0.8717039,0.8226214,0.738143,0.6700675,0,0,0,0,0,0,0,0,0,0,0,0,0,0,0,0,0,0,0,0,0.9299472,1,0.8735466,0.6875547,0.776736,0.7144994,0.6538382,0.6712276,0.7019736,0.6138181,0,0,0,0,0,0,0,0
0,0,0,0,0,0,0,0,0,0,0,0,0,0,0.7336299,0.8802854,1,0.9779664,0.7649521,0,0.722012,0.7852638,0.7819058,0.7568015,0.7789498,0.7042083,0.7975821,0.7947618,0.7519481,0,0,0,0,0,0,0,0,0,0,0,0,0,0,0,0,0,0,0,0.944003,1,0.8826327,0.7551395,0.8066211,0.8054782,0.7127994,0.7913157,0.757183,0.7227935,0.7495666,0.752398,0.7306339,0,0,0,0,0
0,0,0,0,0,0,0,0,0,0,0,0,0,0.6075969,0.7070208,0.8033366,1,0.9893742,0.7730057,0.7674371,0.8373305,0.8083397,0.8304701,0.7443668,0.819749,0.8543074,0.8395245,0.8225085,0.7772256,0.6996143,0,0,0,0,0,0,0,0,0,0,0,0,0,0,0,0,0.5740253,0.6077379,0.9335402,1,0.8905625,0,0.616406,0.5577553,0.7182358,0.744884,0.7675689,0.7307932,0.6622261,0.5965457,0,0.6706465,0.6608469,0.5917141,0,0
0,0,0,0,0,0,0,0,0,0,0,0,0,0,0.7068957,0.7985201,1,0.9862702,0.8614542,0.8937483,0.8611782,0.6854807,0.7630914,0.7862389,0.7814531,0.7395699,0.7060692,0.665194,0,0,0,0,0,0,0,0,0,0,0,0,0,0,0,0,0,0,0,0.6691296,0.9519704,1,0.895436,0.7262776,0.7561868,0.7454687,0.726324,0.745796,0.7484207,0.7109017,0.6758966,0.6379035,0,0,0,0,0,0
0,0,0,0,0,0,0,0,0,0,0.7083622,0.804748,0.8665475,0.883005,0.8703294,0.8780696,1,0.9847565,0.7939769,0.643069,0,0,0,0,0,0,0,0,0,0,0,0,0,0,0,0,0,0,0,0,0,0,0,0,0.6565505,0.7158569,0.791382,0.8392723,0.924117,1,0.8829642,0.7294214,0,0,0,0,0,0,0,0,0,0,0,0,0,0
0,0,0,0,0,0,0,0.7824312,0.8594747,0.9006532,0.8965963,0.8947045,0.7961167,0.7177044,0.7202373,0.8229504,1,0.9855117,0.7698326,0,0,0,0,0,0,0,0,0,0,0,0,0,0,0,0,0,0,0,0,0,0.6835181,0.7415194,0.7508184,0.6779073,0.7527313,0.7413251,0.6645919,0.7834976,0.9488454,1,0.9030253,0,0,0,0,0,0,0,0,0,0,0,0,0,0,0
0,0,0,0,0,0.7844931,0.845628,0.8331982,0.9006808,0.8271781,0.8697688,0.872144,0.7876047,0,0.7476168,0.8337929,1,0.9758487,0,0,0,0,0,0,0,0,0,0,0,0,0,0,0,0,0,0,0,0,0.7512723,0.7951483,0,0.8170541,0.8088727,0.8072444,0.7915462,0.7761431,0.7186419,0,0.9508331,1,0.8825099,0.7011527,0,0,0,0,0,0,0,0,0,0,0,0,0,0
0,0,0,0,0,0.6006187,0.6560528,0.7322109,0.8530526,0.809598,0.8204212,0.813145,0.7309294,0.742197,0,0.8111033,1,0.992031,0.7694135,0.654335,0,0,0,0,0,0,0,0,0,0,0,0,0,0,0,0,0,0,0.6018711,0.7216732,0.7382074,0.6826215,0.7427267,0.7313457,0.7132154,0.7019019,0.6716411,0.7031733,0.943702,1,0.8942113,0.6439894,0.5843864,0.5863328,0,0,0,0,0,0,0,0,0,0,0,0
0,0,0,0,0,0,0,0.5856537,0.6435992,0.6877256,0.7418965,0.7685791,0.7595603,0.8114647,0.8056772,0.8365699,1,0.9854614,0.7657483,0,0,0,0,0,0,0,0,0,0,0,0,0,0,0,0,0,0,0,0,0,0,0.599288,0.602173,0,0,0.6018773,0,0.6348335,0.9374682,1,0.8762131,0.6379737,0,0,0,0,0,0,0,0,0,0,0,0,0,0
0,0,0,0,0,0,0,0,0,0,0,0.6117967,0.6443226,0.6814654,0.7673523,0.8087611,1,0.9817371,0.8443149,0.8350108,0.776791,0.6689155,0.5989999,0,0,0,0,0,0,0,0,0,0,0,0,0,0,0,0,0,0,0,0,0,0,0.6120147,0.7167723,0.7517694,0.9450002,1,0.8925724,0.7310596,0.7357209,0.7116042,0.6979869,0.6539637,0,0,0,0,0,0,0,0,0,0
0,0,0,0,0,0,0,0,0,0,0,0,0.6648926,0.6620774,0.6865503,0.7984166,1,0.9843516,0.7769226,0.825838,0.7062265,0.8443882,0.7637817,0.7666061,0.7594894,0.7119582,0,0,0,0,0,0,0,0,0,0,0,0,0,0,0,0,0,0,0.5920154,0.6860592,0.6998015,0.7081062,0.9418629,1,0.9058203,0.7732505,0.7660279,0.6526065,0.6193819,0.6695402,0.7225268,0.6774147,0.6755316,0.7006192,0.7004051,0.651784,0,0,0,0
0,0,0,0,0,0,0,0,0,0,0,0,0,0,0,0.8443462,1,0.9853746,0.8214837,0.8236943,0.7692806,0.7978913,0.8100756,0.8446382,0.8072197,0,0,0,0,0,0,0,0,0,0,0,0,0,0,0,0,0,0,0,0,0,0,0,0.9383943,1,0.9061222,0.7029355,0.7353057,0.7392337,0.7875868,0.7712918,0.7489486,0.7626386,0.7171189,0.7144388,0.7315071,0.6919259,0,0,0,0
0,0,0,0,0,0,0,0,0,0,0,0,0,0,0.6504443,0.8143537,1,0.9888899,0.842507,0.77064,0.6446718,0,0,0.5990441,0.5914682,0,0,0,0,0,0,0,0,0,0,0,0,0,0,0,0,0,0,0,0.5738803,0.6369869,0.6673502,0.5983826,0.9380471,1,0.8682721,0.716233,0.7576916,0.755726,0.7305977,0.6717804,0.6276228,0.564621,0,0,0,0,0,0,0,0
0,0,0,0,0,0,0,0,0,0,0,0,0,0.6352269,0.7331788,0.861576,1,0.9720175,0.7418548,0,0,0,0,0,0,0,0,0,0,0,0,0,0,0,0,0,0,0,0,0,0,0,0,0,0.6032244,0.628881,0.6984936,0.6924924,0.9521168,1,0.8658602,0.6537732,0,0,0,0,0,0,0,0,0,0,0,0,0,0
0,0,0,0,0,0,0,0,0.5962604,0.6775905,0.738824,0.7994712,0.7896422,0.7234665,0,0.8077064,0.999411,1,0.8060132,0.6212349,0,0,0,0,0,0,0,0,0,0,0,0,0,0,0,0,0,0,0,0,0.6173901,0.6135481,0.6909881,0.7400681,0.7283483,0.5938907,0.5800139,0.6858656,0.9462553,1,0.889607,0.6039459,0,0,0,0,0,0,0,0,0,0,0,0,0,0
0,0,0,0,0,0,0,0,0,0,0,0,0,0,0,0.8514555,0.9969769,1,0.8647602,0,0,0,0,0,0,0,0,0,0,0,0,0,0,0,0,0,0,0,0,0.8219329,0.8163975,0.8052654,0.8010476,0,0,0,0,0,0.9541203,1,0.9151848,0,0,0,0,0,0,0,0,0,0,0,0,0,0,0
0,0,0,0,0,0,0,0.6918737,0.7714726,0.7883123,0.8008855,0.7486329,0.7178174,0.7335001,0.7416415,0.7662333,1,0.9863878,0.7344524,0,0,0,0,0,0,0,0,0,0,0,0,0,0,0,0,0,0,0,0,0.6314173,0.6106069,0.5853015,0.6546291,0.6822373,0.7140064,0.7184213,0.6359489,0.6847212,0.9300728,1,0.9002618,0,0,0,0,0,0,0,0,0,0,0,0,0,0,0
0,0,0,0,0,0,0,0,0,0,0,0,0,0,0.7901828,0.7810829,1,0.9999996,0,0,0,0,0,0,0,0,0,0,0,0,0,0,0,0,0,0,0,0,0,0,0,0,0,0,0,0,0,0.743813,0.9545931,1,0.8704712,0.7377614,0.696443,0.6701398,0,0,0,0,0,0,0,0,0,0,0,0
0,0,0,0,0,0,0,0,0,0,0,0,0,0,0,0.9007739,1,0.9623802,0,0.8521315,0.8603887,0.8200887,0,0,0,0,0,0,0,0,0,0,0,0,0,0,0,0,0,0,0,0,0,0,0,0,0,0,0.9481413,1,0.9203551,0.7851964,0.791855,0.7730967,0.7037829,0.7756391,0.7711055,0.7239341,0,0,0,0,0,0,0,0
0,0,0,0,0,0,0,0,0,0,0.6986889,0.7213765,0.6866396,0,0.7268688,0.8517404,1,0.9765897,0.8012084,0.8021951,0.7365297,0.773052,0.7452869,0.7070001,0,0,0,0,0,0,0,0,0,0,0,0,0,0,0,0,0,0,0,0,0,0.6480257,0.6038668,0,0.9425893,1,0.8855062,0.720062,0.7442649,0.7242039,0.7186564,0.713644,0.676623,0.6948487,0.65485,0,0,0,0,0,0,0
0,0,0,0,0,0,0,0,0,0,0,0.6389259,0,0,0,0.8430763,1,0.9898025,0.8217064,0.6595563,0.673805,0,0.689971,0.6628397,0,0,0,0,0,0,0,0,0,0,0,0,0,0,0,0,0,0,0,0,0,0.6638697,0.688197,0.597762,0.9388356,1,0.8990193,0.666873,0,0.595209,0.5926223,0,0,0,0,0,0,0,0,0,0,0
0,0,0,0,0,0,0,0,0,0,0,0,0,0,0,0.7642959,1,0.9835343,0.8261321,0.7260174,0,0,0,0,0,0,0,0,0,0,0,0,0,0,0,0,0,0,0,0,0,0,0,0,0,0,0.6451674,0.6776342,0.9443287,1,0.8784916,0.6549124,0,0,0,0,0,0,0,0,0,0,0,0,0,0
0,0,0,0,0,0,0,0,0,0,0,0,0,0,0,0.8060239,1,0.9945536,0.7865407,0,0,0,0,0,0,0,0,0,0,0,0,0,0,0,0,0,0,0,0,0,0,0,0,0,0,0,0,0,0.9432449,1,0.8854219,0,0,0,0,0,0,0,0,0,0,0,0,0,0,0
