GestureName: rectangle
Duration(ms): 1410
Handedness: right

SpeakerAngles: 5
55
-55
0
0
110

SpeakerElevations: 5
-10
-10
-10
0
30

InterpretedPoints: 30
0,0,0
-3.24100993092194,-4.50694428349962,-0.305407289332279
-2.45557383852367,-9.84741547720045,-0.763518223330696
-3.2551907253975,-10.1436136099265,-0.263518223330696
-2.4484834412859,-10.7084761313901,-0.0898700456637662
-1.63468575993652,-7.89014146817667,-0.110814578664557
-0.806707284111599,-3.53447802748804,0.520944533000791
0,0,0
0,0,0
0,1,0
0,0,0
0,0,0
0,-1.98480775301221,0.17364817766693
0,0,0
0,0,0
0,0,0
0,0,0
0.813797681349374,1.68860962028618,0.32635182233307
7.30999833766881,14.3543597607001,1.06892551266297
5.69658376944562,17.4688925566395,0.547980979662184
2.44139304404812,12.4246194956647,-0.410129954336234
3.24810032815972,4.79080091922501,0.805407289332278
0,0,0
0,0,0
0,0,0
0,0,0
0,0,0
0,0,0
0,0,0
-0.806707284111599,-0.564862521463624,0.17364817766693

StrokePoints: 31
0,0,0
0,0,0
-3.24100993092194,-4.50694428349962,-0.305407289332279
-5.69658376944562,-14.3543597607001,-1.06892551266297
-8.95177449484311,-24.4979733706265,-1.33244373599367
-11.400257936129,-35.2064495020166,-1.42231378165744
-13.0349436960655,-43.0965909701933,-1.53312836032199
-13.8416509801771,-46.6310689976814,-1.0121838273212
-13.8416509801771,-46.6310689976814,-1.0121838273212
-13.8416509801771,-46.6310689976814,-1.0121838273212
-13.8416509801771,-45.6310689976814,-1.0121838273212
-13.8416509801771,-45.6310689976814,-1.0121838273212
-13.8416509801771,-45.6310689976814,-1.0121838273212
-13.8416509801771,-47.6158767506936,-0.838535649654273
-13.8416509801771,-47.6158767506936,-0.838535649654273
-13.8416509801771,-47.6158767506936,-0.838535649654273
-13.8416509801771,-47.6158767506936,-0.838535649654273
-13.8416509801771,-47.6158767506936,-0.838535649654273
-13.0278532988278,-45.9272671304074,-0.512183827321203
-5.71785496115894,-31.5729073697073,0.556741685341772
-0.0212711917133239,-14.1040148130678,1.10472266500396
2.4201218523348,-1.67939531740307,0.694592710667722
5.66822218049452,3.11140560182194,1.5
5.66822218049452,3.11140560182194,1.5
5.66822218049452,3.11140560182194,1.5
5.66822218049452,3.11140560182194,1.5
5.66822218049452,3.11140560182194,1.5
5.66822218049452,3.11140560182194,1.5
5.66822218049452,3.11140560182194,1.5
5.66822218049452,3.11140560182194,1.5
4.86151489638292,2.54654308035831,1.67364817766693

Velocities: 30
0,0,0
-2,0,-2
-2,-4,-4
-3,-3,-4
-3,-4,-4
-2,-3,-3
-1,0,-2
0,0,0
0,0,0
0,0,0
0,0,0
0,0,0
0,0,-1
0,0,0
0,0,0
0,0,0
0,0,0
0,0,1
5,3,6
5,5,7
3,3,5
2,1,1
0,0,0
0,0,0
0,0,0
0,0,0
0,0,0
0,0,0
0,0,0
-1,0,0

InverseVelocities: 30
0,0,0
0,0,0
0,0,0
0,0,0
0,0,0
0,0,0
0,0,0
0,0,0
0,0,0
0,0,0
0,0,0
0,0,0
0,0,0
0,0,0
0,0,0
0,0,0
0,0,0
0,0,0
0,0,0
0,0,0
0,0,0
0,0,0
0,0,0
0,0,0
0,0,0
0,0,0
0,0,0
0,0,0
0,0,0
0,0,0

RawData: 30
0,0,0,0,0,0,0,0,0,0,0,0,0,0,0.7287179,0.9141036,1,0.8991191,0,0,0,0,0,0,0,0,0,0,0,0,0,0,0,0,0,0,0,0,0,0,0,0,0,0,0,0,0,0.9752428,0.9962837,1,0.9714546,0,0,0,0,0,0,0,0,0,0,0,0,0,0,0,0,0,0,0,0,0,0,0,0,0,0,0,0,0.6256232,0.6490217,0.9541782,1,0.8745109,0,0,0,0,0,0,0,0,0,0,0,0,0,0,0,0,0,0,0,0,0,0,0,0,0,0,0,0,0,0,0.8687086,1,0.952401,0,0,0,0,0,0,0,0,0,0,0,0,0,0,0,0,0,0,0,0,0,0,0,0,0,0,0,0,0,0,0.6620852,0.9743171,1,0.8366081,0,0,0,0,0,0,0,0,0,0,0,0,0,0
0,0,0,0,0,0,0,0,0,0,0,0.6636781,0.7414498,0.7398622,0,0.9373024,1,0.8884086,0,0,0,0,0,0,0,0,0,0,0,0,0,0,0,0,0,0,0,0,0,0,0,0,0,0,0,0,0,0,0.9722484,1,0.8570961,0,0,0,0,0,0,0,0,0,0,0,0,0,0,0,0,0,0,0,0,0,0,0,0,0,0,0.7101648,0.7782192,0.761861,0.7142606,0.9582527,1,0.8709731,0,0,0,0,0,0,0,0,0,0,0,0,0,0,0,0,0,0,0,0,0,0,0,0,0,0,0.7157822,0.7407007,0.7466311,0.7416627,0.8846806,1,0.9445558,0,0,0,0,0,0,0,0,0,0,0,0,0,0,0,0,0,0,0,0,0,0,0,0,0,0,0.687344,0.7289519,0.737449,0.6894663,0.8064223,0.9879094,1,0.8344147,0,0,0,0,0,0,0,0,0,0,0,0,0,0
0,0,0,0,0,0,0,0,0,0,0,0.8318049,0.8503073,0,0,0.9247607,1,0.9029394,0,0,0,0,0,0,0,0,0,0,0,0,0,0,0,0,0,0,0,0,0,0,0,0,0.9347536,1,0.9667424,0.860957,0,0,0,0.9478706,0.9144413,0,0,0,0,0,0,0,0,0,0,0,0,0,0,0,0,0,0,0,0,0,0,0,0,0.7208461,0.722859,0.669223,0.6896585,0,0.6867511,0.9499505,1,0.8920361,0,0,0,0,0,0,0,0,0,0,0,0,0,0,0,0,0,0,0,0,0,0,0,0,0.7182716,0.7405658,0.7083187,0.7232281,0,0,0.8805866,1,0.9571796,0,0,0,0,0,0,0,0,0,0,0,0,0,0,0,0,0,0,0,0,0,0,0,0.7182547,0.759367,0,0.7328723,0.7196839,0,0,0,0.9660474,1,0.8426438,0,0,0,0,0,0,0,0,0,0,0,0,0,0
0,0,0,0,0,0,0,0,0,0,0.8586867,0.8994254,0.8191121,0,0,0.9217681,1,0.9239112,0,0,0,0,0,0,0,0,0,0,0,0,0,0,0,0,0,0,0,0,0,0,0,0,0,0.9895728,0,0,0,0,1,0.9776567,0,0,0,0,0,0,0,0,0,0,0,0,0,0,0,0,0,0,0,0,0,0,0,0,0,0.7224592,0.7849616,0.7862208,0,0,0,0.9425977,1,0.9125057,0,0,0,0,0,0,0,0,0,0,0,0,0,0,0,0,0,0,0,0,0,0,0,0,0.7894443,0.8576221,0.8681496,0.8003815,0,0,0.8574179,1,0.9805972,0.7701662,0,0,0,0,0,0,0,0,0,0,0,0,0,0,0,0,0,0,0,0,0,0,0,0.7950737,0,0.8038083,0.807482,0,0,0,0.9468498,1,0.9001991,0,0,0,0,0,0,0,0,0,0,0,0,0,0
0,0,0,0,0,0,0,0,0,0,0.7820551,0.7395917,0.7076905,0,0,0.8853596,1,0.9172621,0,0,0,0,0,0,0,0,0,0,0,0,0,0,0,0,0,0,0,0,0,0,0,0,0.9585958,1,0.9040311,0.9143414,0.8889609,0.9308028,0.9072303,0.9659824,0.8911284,0,0,0,0,0,0,0,0,0,0,0,0,0,0,0,0,0,0,0,0,0,0,0,0,0.6740351,0.7322618,0.6890684,0,0.6173548,0.6379595,0.9370008,1,0.8995001,0,0,0,0,0,0,0,0,0,0,0,0,0,0,0,0,0,0,0,0,0,0,0,0,0.6721076,0.7553988,0.8216236,0.7077614,0,0.7168522,0.8397083,1,0.9811151,0.7398448,0,0,0,0,0,0,0,0,0,0,0,0,0,0,0,0,0,0,0,0,0,0,0,0.7114161,0.7639436,0.8053311,0.7337018,0.6645606,0.757558,0.7712043,0.9446949,1,0.8656247,0,0,0,0,0,0,0,0,0,0,0,0,0,0
0,0,0,0,0,0,0,0,0,0,0,0.7433122,0.8117981,0.7858838,0.6587158,0.9121122,1,0.9119031,0,0,0,0,0,0,0,0,0,0,0,0,0,0,0,0,0,0,0,0,0,0,0,0,0,0.9310661,0.955139,0.9346828,0.9482865,0.935338,1,0.9848166,0.9606453,0,0,0,0,0,0,0,0,0,0,0,0,0,0,0,0,0,0,0,0,0,0,0,0,0,0.6355376,0,0.7033757,0.5923077,0,0.9285156,1,0.9012372,0,0,0,0,0,0,0,0,0,0,0,0,0,0,0,0,0,0,0,0,0,0,0,0,0,0.7054003,0.7459158,0.8326176,0.8015949,0,0.8340906,1,0.9734106,0.7023438,0,0,0,0,0,0,0,0,0,0,0,0,0,0,0,0,0,0,0,0,0,0,0,0,0.6931193,0.7747068,0.8069953,0.7932706,0.6671222,0.72345,0.9375184,1,0.8650837,0,0,0,0,0,0,0,0,0,0,0,0,0,0
0,0,0,0,0,0,0,0,0,0,0,0,0.7040178,0.7565289,0,0.9044434,1,0.9142421,0,0,0,0,0,0,0,0,0,0,0,0,0,0,0,0,0,0,0,0,0,0,0,0,0,0,0,0,0.9055689,0.9403691,0.9464638,1,0.9269379,0,0,0,0,0,0,0,0,0,0,0,0,0,0,0,0,0,0,0,0,0,0,0,0,0,0,0.6339425,0.7177479,0.7425235,0.6978408,0.932931,1,0.901579,0,0,0,0,0,0,0,0,0,0,0,0,0,0,0,0,0,0,0,0,0,0,0,0,0,0,0,0.7662312,0.8136109,0.7577686,0.8590685,1,0.9696078,0.710225,0,0,0,0,0,0,0,0,0,0,0,0,0,0,0,0,0,0,0,0,0,0,0,0,0,0,0,0.722472,0.7416893,0.7172477,0.9519317,1,0.8679936,0,0,0,0,0,0,0,0,0,0,0,0,0,0
0,0,0,0,0,0,0,0,0,0,0,0,0,0,0,0.91908,1,0.9336913,0,0,0,0,0,0,0,0,0,0,0,0,0,0,0,0,0,0,0,0,0,0,0,0,0,0,0,0,0,0,0,1,0,0,0,0,0,0,0,0,0,0,0,0,0,0,0,0,0,0,0,0,0,0,0,0,0,0,0,0,0,0,0,0.945987,1,0.9192274,0,0,0,0,0,0,0,0,0,0,0,0,0,0,0,0,0,0,0,0,0,0,0,0,0,0,0,0,0,0,0.86259,1,0.9822236,0,0,0,0,0,0,0,0,0,0,0,0,0,0,0,0,0,0,0,0,0,0,0,0,0,0,0,0,0,0,0,0.9581385,1,0.8895816,0,0,0,0,0,0,0,0,0,0,0,0,0,0
0,0,0,0,0,0,0,0,0,0,0,0,0,0,0,0.8908491,1,0.9103107,0,0,0,0,0,0,0,0,0,0,0,0,0,0,0,0,0,0,0,0,0,0,0,0,0,0,0,0,0,0,0.8749839,0.9629613,1,0,0,0,0,0,0,0,0,0,0,0,0,0,0,0,0,0,0,0,0,0,0,0,0,0,0,0,0,0,0.649673,0.9249798,1,0.8894526,0,0,0,0,0,0,0,0,0,0,0,0,0,0,0,0,0,0,0,0,0,0,0,0,0,0,0,0,0,0,0.8188443,1,0.970878,0.6666095,0,0,0,0,0,0,0,0,0,0,0,0,0,0,0,0,0,0,0,0,0,0,0,0,0,0,0,0,0,0.6408549,0.9542626,1,0.8554312,0,0,0,0,0,0,0,0,0,0,0,0,0,0
0,0,0,0,0,0,0,0,0,0,0,0,0,0,0,0.901331,1,0.9097558,0.6641277,0.6646845,0,0,0,0,0,0,0,0,0,0,0,0,0,0,0,0,0,0,0,0,0,0,0,0,0,0,0,0,0,1,0.984388,0,0,0,0,0,0,0,0,0,0,0,0,0,0,0,0,0,0,0,0,0,0,0,0,0,0,0,0,0,0,0.9352434,1,0.9000739,0.6002474,0.620369,0,0,0,0,0,0,0,0,0,0,0,0,0,0,0,0,0,0,0,0,0,0,0,0,0,0,0,0,0.8416324,1,0.9783367,0.7256916,0.6704718,0.6760182,0,0,0,0,0,0,0,0,0,0,0,0,0,0,0,0,0,0,0,0,0,0,0,0,0,0,0,0,0.9461524,1,0.8775091,0,0,0,0,0,0,0,0,0,0,0,0,0,0
0,0,0,0,0,0,0,0,0,0,0,0,0,0,0,0.9108664,1,0.9143423,0,0,0,0,0,0,0,0,0,0,0,0,0,0,0,0,0,0,0,0,0,0,0,0,0,0,0,0,0,0.8289925,0.8185169,1,0.9722171,0.7902805,0,0,0,0,0,0,0,0,0,0,0,0,0,0,0,0,0,0,0,0,0,0,0,0,0,0,0,0,0,0.9300559,1,0.9028807,0,0,0,0,0,0,0,0,0,0,0,0,0,0,0,0,0,0,0,0,0,0,0,0,0,0,0,0,0,0,0.8100734,1,0.9748347,0,0,0,0,0,0,0,0,0,0,0,0,0,0,0,0,0,0,0,0,0,0,0,0,0,0,0,0,0,0,0,0.9349976,1,0.875225,0,0,0,0,0,0,0,0,0,0,0,0,0,0
0,0,0,0,0,0,0,0,0,0,0,0,0,0,0,0.8951758,1,0.9270924,0.6549293,0,0,0,0,0,0,0,0,0,0,0,0,0,0,0,0,0,0,0,0,0,0,0,0,0,0,0,0,0.8317617,0.8277463,0.939211,1,0.881632,0,0,0,0,0,0,0,0,0,0,0,0,0,0,0,0,0,0,0,0,0,0,0,0,0,0,0,0,0.6471401,0.9315028,1,0.9035798,0,0,0,0,0,0,0,0,0,0,0,0,0,0,0,0,0,0,0,0,0,0,0,0,0,0,0,0,0.6364235,0.6725283,0.8418937,1,0.9745462,0.7636458,0,0,0,0,0,0,0,0,0,0,0,0,0,0,0,0,0,0,0,0,0,0,0,0,0,0,0,0,0.6909875,0.6732111,0.9420744,1,0.8870787,0,0,0,0,0,0,0,0,0,0,0,0,0,0
0,0,0,0,0,0,0,0,0,0,0,0,0,0,0,0.9143547,1,0.8723932,0,0,0,0,0,0,0,0,0,0,0,0,0,0,0,0,0,0,0,0,0,0,0,0,0,0,0,0,0,0,0.9636,0,1,0,0,0,0,0,0,0,0,0,0,0,0,0,0,0,0,0,0,0,0,0,0,0,0,0,0,0,0.6378016,0.6004099,0.6247881,0.9390666,1,0.8779622,0.6081469,0,0,0,0,0,0,0,0,0,0,0,0,0,0,0,0,0,0,0,0,0,0,0,0,0,0,0.6382794,0.7020653,0.6683671,0.8361812,1,0.960251,0.6669148,0,0,0,0,0,0,0,0,0,0,0,0,0,0,0,0,0,0,0,0,0,0,0,0,0,0,0,0.776568,0.7805123,0.7036574,0.9338188,1,0.8526181,0,0,0,0,0,0,0,0,0,0,0,0,0,0
0,0,0,0,0,0,0,0,0,0,0,0,0,0,0,0.92176,1,0.8948077,0,0,0,0,0,0,0,0,0,0,0,0,0,0,0,0,0,0,0,0,0,0,0,0,0,0,0,0,0.9150483,0.9743745,0.9816034,0.9796046,1,0,0,0,0,0,0,0,0,0,0,0,0,0,0,0,0,0,0,0,0,0,0,0,0,0,0,0,0,0.6642777,0.7080091,0.9521468,1,0.868584,0,0,0,0,0,0,0,0,0,0,0,0,0,0,0,0,0,0,0,0,0,0,0,0,0,0,0,0,0,0.6984702,0.8696501,1,0.9593351,0.6958374,0,0,0,0,0,0,0,0,0,0,0,0,0,0,0,0,0,0,0,0,0,0,0,0,0,0,0,0.6852443,0.6946225,0.6749695,0.9663931,1,0.8289533,0,0,0,0,0,0,0,0,0,0,0,0,0,0
0,0,0,0,0,0,0,0,0,0,0,0,0,0,0,0.9100405,1,0.8628721,0,0,0,0,0,0,0,0,0,0,0,0,0,0,0,0,0,0,0,0,0,0,0,0,0,0,0,0,0,0,0.9194266,0.9128934,1,0,0,0,0,0,0,0,0,0,0,0,0,0,0,0,0,0,0,0,0,0,0,0,0,0,0,0,0,0,0.6590026,0.944188,1,0.8656847,0,0,0,0,0,0,0,0,0,0,0,0,0,0,0,0,0,0,0,0,0,0,0,0,0,0,0,0,0,0,0.8632542,1,0.9501548,0,0,0,0,0,0,0,0,0,0,0,0,0,0,0,0,0,0,0,0,0,0,0,0,0,0,0,0,0,0,0,0.9621111,1,0.8233687,0,0,0,0,0,0,0,0,0,0,0,0,0,0
0,0,0,0,0,0,0,0,0,0,0,0,0,0,0,0.919497,1,0.8913007,0.6226033,0,0,0,0,0,0,0,0,0,0,0,0,0,0,0,0,0,0,0,0,0,0,0,0,0,0,0,0,0,0.8672994,1,0.9316918,0,0,0,0,0,0,0,0,0,0,0,0,0,0,0,0,0,0,0,0,0,0,0,0,0,0,0,0,0,0.6639952,0.9501619,1,0.8748694,0,0,0,0,0,0,0,0,0,0,0,0,0,0,0,0,0,0,0,0,0,0,0,0,0,0,0,0,0,0,0.8563125,1,0.9517174,0.6216727,0,0,0,0,0,0,0,0,0,0,0,0,0,0,0,0,0,0,0,0,0,0,0,0,0,0,0,0,0,0,0.9570708,1,0.8131442,0,0,0,0,0,0,0,0,0,0,0,0,0,0
0,0,0,0,0,0,0,0,0,0,0,0,0,0,0,0.9346381,1,0.8970082,0,0,0,0,0,0,0,0,0,0,0,0,0,0,0,0,0,0,0,0,0,0,0,0,0,0,0,0,0,0,0,1,0.9637464,0,0,0,0,0,0,0,0,0,0,0,0,0,0,0,0,0,0,0,0,0,0,0,0,0,0,0,0,0,0,0.9605844,1,0.8759282,0,0,0,0,0,0,0,0,0,0,0,0,0,0,0,0,0,0,0,0,0,0,0,0,0,0,0,0,0,0,0.8777018,1,0.9567639,0,0,0,0,0,0,0,0,0,0,0,0,0,0,0,0,0,0,0,0,0,0,0,0,0,0,0,0,0,0,0,0.9737242,1,0,0,0,0,0,0,0,0,0,0,0,0,0,0,0
0,0,0,0,0,0,0,0,0,0,0,0,0,0,0,0.9329078,1,0.8927528,0.6692094,0,0,0,0,0,0,0,0,0,0,0,0,0,0,0,0,0,0,0,0,0,0,0,0,0,0,0,0,0,0.8583838,1,0.9790775,0.9090466,0.8878972,0,0,0,0,0,0,0,0,0,0,0,0,0,0,0,0,0,0,0,0,0,0,0,0,0,0,0,0.6420001,0.9551671,1,0.8754144,0.7184168,0.7054701,0.6363346,0,0,0,0,0,0,0,0,0,0,0,0,0,0,0,0,0,0,0,0,0,0,0,0,0,0,0,0.8747777,1,0.9516909,0,0.7203624,0.6375528,0,0,0,0,0,0,0,0,0,0,0,0,0,0,0,0,0,0,0,0,0,0,0,0,0,0,0,0,0.9723737,1,0.8365211,0.82326,0.815847,0,0,0,0,0,0,0,0,0,0,0,0
0,0,0,0,0,0,0,0,0,0,0,0,0,0,0,0.9166508,1,0.8813022,0,0,0,0.6078508,0.7081751,0.7110478,0.6650985,0,0,0,0,0,0,0,0,0,0,0,0,0,0,0,0,0,0,0,0,0,0,0,0.8281675,1,0.9181477,0,0.7772504,0.8627399,0.8625416,0.8297755,0,0,0,0,0,0,0,0,0,0,0,0,0,0,0,0,0,0,0,0,0,0,0,0,0.6352502,0.9506106,1,0.8580496,0.5695291,0.6012776,0.5500596,0,0.6249897,0.6469809,0.6220127,0.5914828,0,0,0,0,0,0,0,0,0,0,0,0,0,0,0,0,0,0,0,0,0,0,0.8568609,1,0.948317,0.6802216,0.6205853,0,0.5741681,0.6740572,0.6838478,0.6669614,0.6435041,0,0,0,0,0,0,0,0,0,0,0,0,0,0,0,0,0,0,0,0,0,0,0.7096389,0.9821336,1,0.8105806,0.7727098,0.6935716,0,0.6744971,0.7763476,0.7294973,0.7165195,0.6845827,0,0,0,0,0,0
0,0,0,0,0,0,0,0,0,0,0,0,0,0,0,0.9301984,1,0.8804753,0.6139609,0.6167245,0.6146414,0.6637399,0.640602,0,0.6872683,0,0,0,0,0,0,0,0,0,0,0,0,0,0,0,0,0,0,0,0,0,0,0,0.8569931,0.9853296,0.9893587,0.8874635,0.8205895,0,0,0.9869132,1,0.8968691,0,0,0,0,0,0,0,0,0,0,0,0,0,0,0,0,0,0,0,0,0,0,0.6318246,0.9503236,1,0.8657467,0,0.5930429,0.5907664,0.6805955,0.7323504,0.7477189,0.6768211,0.649966,0.5796758,0,0,0,0,0,0,0,0,0,0,0,0,0,0,0,0,0,0,0,0,0.5998405,0.8556957,1,0.9513373,0.7156669,0.6808183,0.5957864,0.5970472,0.6297879,0.7379341,0.686319,0.6045774,0.5977429,0,0,0,0,0,0,0,0,0,0,0,0,0,0,0,0,0,0,0,0,0.6472204,0.7700225,0.9762774,1,0.8294427,0.7789363,0,0,0.7409126,0.6999316,0.711375,0.7348397,0.6921833,0,0,0,0,0,0
0,0,0,0,0,0,0,0,0,0,0,0,0,0,0,0.9234809,1,0.8876253,0.7040446,0.7058228,0.6415445,0.7408145,0.6320188,0,0,0,0,0,0,0,0,0,0,0,0,0,0,0,0,0,0,0,0,0,0,0,0,0,0.906765,0.9959921,1,0.8982125,0.9829412,0.9881288,0.9705405,0.9171127,0,0,0,0,0,0,0,0,0,0,0,0,0,0,0,0,0,0,0,0,0,0,0,0,0.7057705,0.9631149,1,0.8462939,0,0.6497725,0.6608394,0.6172571,0.5719877,0.6285023,0.5694832,0,0,0,0,0,0,0,0,0,0,0,0,0,0,0,0,0,0,0,0,0,0,0,0.850504,1,0.9563886,0.6878698,0.639559,0.7449031,0.6860016,0.6161804,0.654645,0.6053413,0,0,0,0,0,0,0,0,0,0,0,0,0,0,0,0,0,0,0,0,0,0,0,0.8034964,1,0.9926445,0.8195306,0.8378602,0.8243572,0.751419,0.674436,0,0,0,0,0,0,0,0,0,0
0,0,0,0,0,0,0,0,0,0,0,0,0,0,0,0.9243227,1,0.8820937,0.6842699,0.6974769,0.6408948,0.6537387,0,0,0,0,0,0,0,0,0,0,0,0,0,0,0,0,0,0,0,0,0,0,0,0,0,0,0.7903446,1,0.9813719,0.8427557,0,0.7769361,0,0,0,0,0,0,0,0,0,0,0,0,0,0,0,0,0,0,0,0,0,0,0,0,0,0,0.663112,0.9548582,1,0.8713584,0.6224773,0.6470764,0.6437973,0,0,0,0,0,0,0,0,0,0,0,0,0,0,0,0,0,0,0,0,0,0,0,0,0,0,0,0.8529778,1,0.9489641,0.6308895,0.6547711,0.6387299,0.7074441,0.6379444,0,0,0,0,0,0,0,0,0,0,0,0,0,0,0,0,0,0,0,0,0,0,0,0,0,0.801777,0.999969,1,0.8227389,0,0.7609232,0.7701566,0.719027,0,0,0,0,0,0,0,0,0,0
0,0,0,0,0,0,0,0,0,0,0,0,0,0,0,0.9272192,1,0.8927634,0.7829627,0.6896864,0,0,0,0,0,0,0,0,0,0,0,0,0,0,0,0,0,0,0,0,0,0,0,0,0,0,0,0,0.8458996,1,0.9235125,0,0,0,0,0,0,0,0,0,0,0,0,0,0,0,0,0,0,0,0,0,0,0,0,0,0,0,0,0,0.6478804,0.9528808,1,0.8750539,0,0,0,0,0,0,0,0,0,0,0,0,0,0,0,0,0,0,0,0,0,0,0,0,0,0,0,0,0,0,0.8601996,1,0.9626552,0.7094409,0,0,0,0,0,0,0,0,0,0,0,0,0,0,0,0,0,0,0,0,0,0,0,0,0,0,0,0,0,0,1,0.9954036,0.956044,0.9261518,0,0,0,0,0,0,0,0,0,0,0,0,0
0,0,0,0,0,0,0,0,0,0,0,0,0,0,0,0.9348549,1,0.8972566,0,0,0,0,0,0,0,0,0,0,0,0,0,0,0,0,0,0,0,0,0,0,0,0,0,0,0,0,0,0,0,1,0.9936789,0,0,0,0,0,0,0,0,0,0,0,0,0,0,0,0,0,0,0,0,0,0,0,0,0,0,0,0,0,0,0.9564879,1,0.8896704,0,0,0,0,0,0,0,0,0,0,0,0,0,0,0,0,0,0,0,0,0,0,0,0,0,0,0,0,0,0,0.8897192,1,0.9549081,0,0,0,0,0,0,0,0,0,0,0,0,0,0,0,0,0,0,0,0,0,0,0,0,0,0,0,0,0,0,0,0.9209363,1,0.9252144,0,0,0,0,0,0,0,0,0,0,0,0,0,0
0,0,0,0,0,0,0,0,0,0,0,0,0,0,0.7218021,0.9462048,1,0.8817598,0,0,0,0,0,0,0,0,0,0,0,0,0,0,0,0,0,0,0,0,0,0,0,0,0,0,0,0,0,0,0.8709529,1,0.8337055,0.8828588,0,0,0,0,0,0,0,0,0,0,0,0,0,0,0,0,0,0,0,0,0,0,0,0,0,0,0,0,0.6949494,0.9522445,1,0.8812023,0.6524023,0,0,0,0,0,0,0,0,0,0,0,0,0,0,0,0,0,0,0,0,0,0,0,0,0,0,0,0,0,0.8801424,1,0.9417038,0.774207,0,0,0,0,0,0,0,0,0,0,0,0,0,0,0,0,0,0,0,0,0,0,0,0,0,0,0,0,0,0.7730904,0.9508145,1,0.91256,0,0,0,0,0,0,0,0,0,0,0,0,0,0
0,0,0,0,0,0,0,0,0,0,0,0,0,0,0,0.8871193,1,0.9206183,0,0,0,0,0,0,0,0,0,0,0,0,0,0,0,0,0,0,0,0,0,0,0,0,0,0,0,0,0,0,0,1,0.9821942,0,0,0,0,0,0,0,0,0,0,0,0,0,0,0,0,0,0,0,0,0,0,0,0,0,0,0,0,0,0,0.9313588,1,0.9030536,0,0,0,0,0,0,0,0,0,0,0,0,0,0,0,0,0,0,0,0,0,0,0,0,0,0,0,0,0,0,0.8684563,1,0.9618244,0,0,0,0,0,0,0,0,0,0,0,0,0,0,0,0,0,0,0,0,0,0,0,0,0,0,0,0,0,0,0,0.9405319,1,0.8677109,0,0,0,0,0,0,0,0,0,0,0,0,0,0
0,0,0,0,0,0,0,0,0,0,0,0,0,0,0,0,1,0.9161757,0,0,0,0,0,0,0,0,0,0,0,0,0,0,0,0,0,0,0,0,0,0,0,0,0,0,0,0,0,0,0,0,0,0,0,0,0,0,0,0,0,0,0,0,0,0,0,0,0,0,0,0,0,0,0,0,0,0,0,0,0,0,0,0.918677,1,0.8818981,0,0,0,0,0,0,0,0,0,0,0,0,0,0,0,0,0,0,0,0,0,0,0,0,0,0,0,0,0,0,0.8596895,1,0.9528326,0,0,0,0,0,0,0,0,0,0,0,0,0,0,0,0,0,0,0,0,0,0,0,0,0,0,0,0,0,0,0,0.933621,1,0,0,0,0,0,0,0,0,0,0,0,0,0,0,0
0,0,0,0,0,0,0,0,0,0,0,0,0,0,0,0,1,0,0,0,0,0,0,0,0,0,0,0,0,0,0,0,0,0,0,0,0,0,0,0,0,0,0,0,0,0,0,0,0,0,0,0,0,0,0,0,0,0,0,0,0,0,0,0,0,0,0,0,0,0,0,0,0,0,0,0,0,0,0,0,0,0,1,0,0,0,0,0,0,0,0,0,0,0,0,0,0,0,0,0,0,0,0,0,0,0,0,0,0,0,0,0,0,0,0,1,0,0,0,0,0,0,0,0,0,0,0,0,0,0,0,0,0,0,0,0,0,0,0,0,0,0,0,0,0,0,0,0,0,0,0,0,0,0,0,0,0,0,0,0,0,0,0,0,0
0,0,0,0,0,0,0,0,0,0,0,0,0,0,0,0,1,0,0,0,0,0,0,0,0,0,0,0,0,0,0,0,0,0,0,0,0,0,0,0,0,0,0,0,0,0,0,0,0,0,0,0,0,0,0,0,0,0,0,0,0,0,0,0,0,0,0,0,0,0,0,0,0,0,0,0,0,0,0,0,0,0.9386362,1,0,0,0,0,0,0,0,0,0,0,0,0,0,0,0,0,0,0,0,0,0,0,0,0,0,0,0,0,0,0,0,0,1,0.986558,0,0,0,0,0,0,0,0,0,0,0,0,0,0,0,0,0,0,0,0,0,0,0,0,0,0,0,0,0,0,0,0,0,0,0,0,0,0,0,0,0,0,0,0,0,0,0,0
0,0,0,0,0,0,0,0,0,0,0,0,0.7096397,0.728,0.6854106,0.894041,1,0.9096098,0,0,0,0,0,0,0,0,0,0,0,0,0,0,0,0,0,0,0,0,0,0,0,0,0,0,0,0,0,0,0.8341876,0.9919892,1,0.826627,0,0,0,0,0,0,0,0,0,0,0,0,0,0,0,0,0,0,0,0,0,0,0,0,0,0,0,0,0.6315049,0.9292797,1,0.8866796,0,0,0,0,0,0,0,0,0,0,0,0,0,0,0,0,0,0,0,0,0,0,0,0,0,0,0,0,0.6571599,0.7199346,0.7483884,1,0.9913605,0.7455242,0,0,0,0,0,0,0,0,0,0,0,0,0,0,0,0,0,0,0,0,0,0,0,0,0,0,0,0.7013656,0.7528257,0.7523914,0.9356834,1,0.8416603,0,0,0,0,0,0,0,0,0,0,0,0,0,0
