GestureName: w
Duration(ms): 1410
Handedness: right

SpeakerAngles: 5
55
-55
0
0
110

SpeakerElevations: 5
-10
-10
-10
0
30

InterpretedPoints: 30
0,0,0
0,0,0
0,0,0
0.813797681349374,-0.296198132726024,0.5
0.00709039723777505,0.2686643887376,0.32635182233307
-0.799616886873824,1.83352691020122,0.152703644666139
1.62759536269875,0.407603734547952,1
0.813797681349374,-0.296198132726024,0.5
0.820888078587149,0.972466256011576,0.82635182233307
0.827978475824924,3.22593839776138,0.979055466999209
2.46266423576145,5.03193156397418,1.95811093399842
0.856340064776023,4.0259536198695,2.80540728933228
-4.01226522884467,-1.68290812031186,2.02094453300079
-4.85442449914514,-1.36202699358458,-0.479055466999209
3.26937151987305,7.32215175259552,2.30540728933228
7.30999833766881,13.3695520076879,1.2425736903299
0.813797681349374,5.80314241622564,-0.194592710667721
-0.0283615889511002,-7.04427306097482,-0.958110933998418
0,-0.984807753012208,0.17364817766693
0.813797681349374,1.68860962028618,0.32635182233307
1.6417761571743,5.91454801804757,1.30540728933228
4.06189800950909,5.47941053951119,1.13175911166535
3.24810032815972,8.76041642524942,0.458110933998418
4.05480761227132,5.21074615077359,0.805407289332278
5.66113178325674,0.69782392316929,1.34729635533386
-1.59923377374765,-5.38593877000332,2.91012995433623
0.00709039723777527,-22.6779824727536,4.14661173100554
2.42721224957257,-19.7087525755205,3.10472266500396
-0.806707284111599,-0.564862521463624,0.17364817766693
0,0,0

StrokePoints: 31
0,0,0
0,0,0
0,0,0
0,0,0
0.813797681349374,-0.296198132726024,0.5
0.820888078587149,-0.0275337439884241,0.826351822333069
0.0212711917133251,1.8059931662128,0.979055466999209
1.64886655441207,2.21359690076075,1.97905546699921
2.46266423576145,1.91739876803473,2.47905546699921
3.2835523143486,2.8898650240463,3.30540728933228
4.11153079017352,6.11580342180769,4.28446275633149
6.57419502593497,11.1477349857819,6.2425736903299
7.43053509071099,15.1736886056514,9.04798097966218
3.41826986186632,13.4907804853395,11.068925512663
-1.43615463727882,12.1287534917549,10.5898700456638
1.83321688259422,19.4509052443504,12.895277334996
9.14321522026304,32.8204572520383,14.1378510253259
9.95701290161241,38.623599668264,13.9432583146582
9.92865131266131,31.5793266072891,12.9851473806598
9.92865131266131,30.5945188542769,13.1587955583267
10.7424489940107,32.2831284745631,13.4851473806598
12.384225151185,38.1976764926107,14.7905546699921
16.4461231606941,43.6770870321219,15.9223137816574
19.6942234888538,52.4375034573713,16.3804247156559
23.7490311011251,57.6482496081449,17.1858320049881
29.4101628843819,58.3460735313142,18.533128360322
27.8109291106342,52.9601347613109,21.4432583146582
27.818019507872,30.2821522885572,25.5898700456638
30.2452317574446,10.5733997130368,28.6945927106677
29.438524473333,10.0085371915731,28.8682408883347
29.438524473333,10.0085371915731,28.8682408883347

Velocities: 30
0,0,0
0,0,0
0,0,0
0,0,0
0,1,0
0,2,0
0,0,0
0,0,0
0,1,0
0,2,1
1,4,1
-2,4,2
-3,5,-5
-2,2,-3
0,2,2
5,3,5
1,1,2
0,-4,-2
0,0,-1
0,0,1
0,2,2
2,1,2
2,1,3
2,0,2
1,-4,1
-8,-4,1
-8,-7,-6
-3,-5,-7
-1,0,0
0,0,0

InverseVelocities: 30
0,0,0
0,0,0
0,0,0
0,0,0
0,0,0
0,0,0
0,0,0
0,0,0
0,0,0
0,0,0
0,0,0
0,-3,-4
0,-4,0
0,-2,0
0,0,0
0,-3,-5
-3,-4,-5
0,0,0
0,0,0
0,0,0
0,0,0
0,0,0
0,-1,-1
0,0,-1
-1,0,-3
0,0,-5
0,0,0
0,1,1
0,0,0
0,0,0

RawData: 30
0,0,0,0,0,0,0,0,0,0,0,0,0,0,0.6916799,0.9332342,1,0.8704645,0.746244,0,0,0,0,0,0,0,0,0,0,0,0,0,0,0,0,0,0,0,0,0,0,0,0,0,0,0,0,0,0.8737633,1,0.9753007,0.9115245,0,0,0,0,0,0,0,0,0,0,0,0,0,0,0,0,0,0,0,0,0,0,0,0,0,0,0,0.5917692,0.7415311,0.9390148,1,0.8622712,0.6997231,0,0,0,0,0,0,0,0,0,0,0,0,0,0,0,0,0,0,0,0,0,0,0,0,0,0,0,0,0.7613553,0.7274855,0.9826826,1,0.8146336,0,0,0,0,0,0,0,0,0,0,0,0,0,0,0,0,0,0,0,0,0,0,0,0,0,0,0,0,0,0.6386773,0.9478831,1,0.8938632,0.6220056,0,0,0,0,0,0,0,0,0,0,0,0,0
0,0,0,0,0,0,0,0,0,0,0,0,0,0,0.7187122,0.8986118,1,0.9188524,0.7727851,0,0,0,0,0,0,0,0,0,0,0,0,0,0,0,0,0,0,0,0,0,0,0,0,0,0,0,0,0,0.8533657,1,0.9666072,0.7959519,0,0,0,0,0,0,0,0,0,0,0,0,0,0,0,0,0,0,0,0,0,0,0,0,0,0,0,0.633379,0.7278569,0.9469628,1,0.9060217,0.5980389,0,0,0,0,0,0,0,0,0,0,0,0,0,0,0,0,0,0,0,0,0,0,0,0,0,0,0,0,0.753742,0.8269368,0.9987727,1,0.8361089,0.7404938,0,0,0,0,0,0,0,0,0,0,0,0,0,0,0,0,0,0,0,0,0,0,0,0,0,0,0,0,0.7489449,0.9711066,1,0.876881,0.7675245,0,0,0,0,0,0,0,0,0,0,0,0,0
0,0,0,0,0,0,0,0,0,0,0,0,0,0,0,0.9445931,1,0.9064115,0,0,0,0,0,0,0,0,0,0,0,0,0,0,0,0,0,0,0,0,0,0,0,0,0,0,0,0,0,0,0.8117755,1,0.9814927,0,0,0,0,0,0,0,0,0,0,0,0,0,0,0,0,0,0,0,0,0,0,0,0,0,0,0,0,0,0.7208288,0.9627632,1,0.8533927,0.7999161,0,0,0,0,0,0,0,0,0,0,0,0,0,0,0,0,0,0,0,0,0,0,0,0,0,0,0,0,0.8893504,1,0.9681087,0.8830178,0.8127847,0.8293939,0,0,0,0,0,0,0,0,0,0,0,0,0,0,0,0,0,0,0,0,0,0,0,0,0,0,0,0,0.8463387,0.9777028,1,0.9292806,0.8368198,0,0,0,0,0,0,0,0,0,0,0,0,0
0,0,0,0,0,0,0,0,0,0,0,0,0,0,0,0.931752,1,0.8740315,0,0,0,0,0,0,0,0,0,0,0,0,0,0,0,0,0,0,0,0,0,0,0,0,0,0,0,0,0,0,0.7927177,0.9717283,1,0.9942687,0.9081685,0,0,0,0,0,0,0,0,0,0,0,0,0,0,0,0,0,0,0,0,0,0,0,0,0,0,0,0.7758592,0.9790223,1,0.9246763,0.8756502,0,0,0,0,0,0,0,0,0,0,0,0,0,0,0,0,0,0,0,0,0,0,0,0,0,0,0,0,0.8493337,0.8423757,0.9930453,1,0,0.8290131,0,0,0,0,0,0,0,0,0,0,0,0,0,0,0,0,0,0,0,0,0,0,0,0,0,0,0,0,0.7622389,0.9835641,1,0.8849966,0.8064367,0.749931,0,0,0,0,0,0,0,0,0,0,0,0
0,0,0,0,0,0,0,0,0,0,0,0,0,0,0.6187213,0.9177374,1,0.9197816,0.7055431,0,0,0,0,0,0,0,0,0,0,0,0,0,0,0,0,0,0,0,0,0,0,0,0,0,0,0,0,0,0.7177661,0.8734643,0.9530255,1,0.9417328,0.708753,0,0,0,0,0,0,0,0,0,0,0,0,0,0,0,0,0,0,0,0,0,0,0,0,0,0,0.6077358,0.9509166,1,0.8943076,0.8491732,0.7311128,0,0,0,0,0,0,0,0,0,0,0,0,0,0,0,0,0,0,0,0,0,0,0,0,0,0,0,0.5850823,0.8386884,1,0.9956341,0.834104,0.741451,0,0,0,0,0,0,0,0,0,0,0,0,0,0,0,0,0,0,0,0,0,0,0,0,0,0,0,0,0.7738393,0.9763905,1,0.8761433,0.763981,0.7212486,0,0,0,0,0,0,0,0,0,0,0,0
0,0,0,0,0,0,0,0,0,0,0,0,0,0,0,0.9135223,1,0.8923308,0.6706827,0,0,0,0,0,0,0,0,0,0,0,0,0,0,0,0,0,0,0,0,0,0,0,0,0,0,0,0,0,0,0.8417515,0.9669614,0.8406854,1,0.850733,0.7635012,0,0,0,0,0,0,0,0,0,0,0,0,0,0,0,0,0,0,0,0,0,0,0,0,0,0.5923228,0.9298993,1,0.9163798,0.7856228,0.6939553,0,0,0,0,0,0,0,0,0,0,0,0,0,0,0,0,0,0,0,0,0,0,0,0,0,0,0,0,0.8379166,1,0.99536,0.8711503,0.7502446,0.6257344,0,0,0,0,0,0,0,0,0,0,0,0,0,0,0,0,0,0,0,0,0,0,0,0,0,0,0,0.6619013,0.9646825,1,0.9431523,0.9251837,0.7900856,0,0,0,0,0,0,0,0,0,0,0,0
0,0,0,0,0,0,0,0,0,0,0,0,0,0,0,0.9318237,1,0.8262012,0.7690977,0,0,0,0,0,0,0,0,0,0,0,0,0,0,0,0,0,0,0,0,0,0,0,0,0,0,0,0,0,0.7697191,0.9543065,1,0.9794742,0.8427677,0,0,0,0,0,0,0,0,0,0,0,0,0,0,0,0,0,0,0,0,0,0,0,0,0,0,0,0.6291797,0.940476,1,0.9250468,0.7855616,0.606479,0,0,0,0,0,0,0,0,0,0,0,0,0,0,0,0,0,0,0,0,0,0,0,0,0,0,0,0,0.8846033,1,0.8434007,0.9034606,0.7697918,0.6973385,0,0,0,0,0,0,0,0,0,0,0,0,0,0,0,0,0,0,0,0,0,0,0,0,0,0,0,0,0.943508,1,0.9753696,0.946184,0.7528179,0.6721728,0,0,0,0,0,0,0,0,0,0,0
0,0,0,0,0,0,0,0,0,0,0,0,0,0,0,0.9264023,1,0.9155279,0.6836661,0,0,0,0,0,0,0,0,0,0,0,0,0,0,0,0,0,0,0,0,0,0,0,0,0,0,0,0,0,0.7832507,0.9834787,1,0.9896292,0.835824,0,0,0,0,0,0,0,0,0,0,0,0,0,0,0,0,0,0,0,0,0,0,0,0,0,0,0,0.7067589,0.9796922,1,0.849086,0.6570847,0.6762815,0,0,0,0,0,0,0,0,0,0,0,0,0,0,0,0,0,0,0,0,0,0,0,0,0,0,0,0,0.8483236,1,0.9945042,0.8347219,0.6990397,0,0,0,0,0,0,0,0,0,0,0,0,0,0,0,0,0,0,0,0,0,0,0,0,0,0,0,0,0,0.9540799,1,0.9788259,0.9466033,0.7126279,0,0,0,0,0,0,0,0,0,0,0,0
0,0,0,0,0,0,0,0,0,0,0,0,0,0,0.5931237,0.927883,1,0.8848013,0.5997679,0,0,0,0,0,0,0,0,0,0,0,0,0,0,0,0,0,0,0,0,0,0,0,0,0,0,0,0,0,0.8533074,0.9596269,0.9333644,1,0.7745664,0.7324424,0,0,0,0,0,0,0,0,0,0,0,0,0,0,0,0,0,0,0,0,0,0,0,0,0,0,0.6508287,0.9378896,1,0.883816,0.7309711,0.6776531,0,0,0,0,0,0,0,0,0,0,0,0,0,0,0,0,0,0,0,0,0,0,0,0,0,0,0,0,0.8635045,1,0.9580441,0.829502,0.7930232,0.6289949,0,0,0,0,0,0,0,0,0,0,0,0,0,0,0,0,0,0,0,0,0,0,0,0,0,0,0,0.7448084,0.9927148,1,0.9916758,0.974086,0.8201883,0.6480501,0,0,0,0,0,0,0,0,0,0,0
0,0,0,0,0,0,0,0,0,0,0,0,0,0,0.7270635,0.9496643,1,0.8753397,0.7168072,0,0,0,0,0,0,0,0,0,0,0,0,0,0,0,0,0,0,0,0,0,0,0,0,0,0,0,0,0,0.8133603,0.9714252,0.9274059,0.939695,1,0.9443113,0.8116117,0,0,0,0,0,0,0,0,0,0,0,0,0,0,0,0,0,0,0,0,0,0,0,0,0,0.7272354,0.9258932,1,0.9019359,0.7444892,0.8292977,0.721179,0,0,0,0,0,0,0,0,0,0,0,0,0,0,0,0,0,0,0,0,0,0,0,0,0,0,0,0.966284,1,0.8718335,0.9203379,0.9274561,0.80046,0.7770991,0,0,0,0,0,0,0,0,0,0,0,0,0,0,0,0,0,0,0,0,0,0,0,0,0,0,0.7596151,0.9843975,1,0.9016001,0.9188765,0.8440132,0.7780915,0.750151,0,0,0,0,0,0,0,0,0,0
0,0,0,0,0,0,0,0,0,0,0,0,0,0.7171434,0.7865561,0.8662344,1,0.9266108,0.8609585,0.7943892,0.7115573,0,0,0,0,0,0,0,0,0,0,0,0,0,0,0,0,0,0,0,0,0,0,0,0,0,0,0.8335764,0.8157747,1,0.9207151,0.9426637,0.8094718,0.8568686,0.9127981,0.8746484,0.7968112,0,0,0,0,0,0,0,0,0,0,0,0,0,0,0,0,0,0,0,0,0,0,0.6836094,0.7669287,0.9654294,1,0.9026729,0.7950288,0.6756746,0.6850135,0,0,0,0,0,0,0,0,0,0,0,0,0,0,0,0,0,0,0,0,0,0,0,0,0,0.7194535,0.8125936,0.8779409,0.9068699,0.9791005,1,0.9326302,0.7274237,0.8484971,0.8370566,0,0,0,0,0,0,0,0,0,0,0,0,0,0,0,0,0,0,0,0,0,0,0.6581588,0.7176312,0.7865788,0.8549637,0.9735752,1,0.9550017,0.8613266,0.7494428,0.797324,0.8115252,0.7521956,0.7284452,0.6976969,0,0,0,0,0,0,0
0,0,0,0,0,0,0,0,0,0,0,0.7685871,0.8527012,0.8538631,0.8451285,0.9727073,1,0.7697296,0.8268285,0.7507285,0,0,0,0,0,0,0,0,0,0,0,0,0,0,0,0,0,0,0,0,0,0,0,0.7762685,0.840566,0.8972406,0.7943283,0.9496161,0.9541774,0.9283838,0.9801196,1,0.9405261,0,0.8475975,0.7864667,0.7947842,0,0,0,0,0,0,0,0,0,0,0,0,0,0,0,0,0,0,0.6452183,0.6883856,0.7348647,0.7601931,0.5908396,0.7227353,0.9609611,1,0.8142903,0.6727434,0.7288032,0.6564335,0.6017402,0,0,0,0,0,0,0,0,0,0,0,0,0,0,0,0,0,0,0,0,0,0.7661152,0.8725221,0.9298611,0.9151798,0.7140905,0.9360842,1,0.9687336,0.8475482,0.8969693,0.8219463,0.7390378,0.7722485,0,0,0,0,0,0,0,0,0,0,0,0,0,0,0,0,0,0,0,0,0.7041547,0.797739,0.8261299,0.8496101,0.8155363,0.7647173,0.9197332,1,0.7995251,0.7408537,0.7455442,0.7077118,0.7122981,0.7653677,0.6984754,0.6556619,0.6745183,0,0,0,0,0,0
0,0,0,0,0,0,0,0,0,0,0.6852981,0.8604876,0.8934593,0.7941349,0.8157087,0.9083527,1,0.929835,0.7532644,0.7416289,0,0,0,0,0,0,0,0,0,0,0,0,0,0,0,0,0,0,0,0,0,0,0.8882335,0.952537,0.9122475,0.9782705,0.8582697,0.9855012,0.9108816,0.9051201,1,0.9519285,0,0.844336,0.7860084,0.8250169,0.8521928,0.7971686,0,0,0,0,0,0,0,0,0,0,0,0,0,0,0,0,0.590498,0.688224,0.717122,0.8220177,0.7675829,0.7046671,0.7172337,0.9634371,1,0.8688371,0.6223394,0.6798419,0,0,0,0,0,0,0,0,0,0,0,0,0,0,0,0,0,0,0,0,0,0,0,0,0.8772523,0.8790373,0.8872834,0.8684922,0.8018168,1,0.9312064,0.7581781,0.7138277,0,0.685367,0.6950375,0,0,0,0,0,0,0,0,0,0,0,0,0,0,0,0,0,0,0.6158026,0.7010952,0.727544,0.6939687,0.7824299,0.7328544,0.8300175,0.7514176,0.9643142,1,0.8497927,0.6888416,0,0.6942663,0.6249108,0,0,0,0,0,0,0,0,0,0
0,0,0,0,0,0,0,0,0,0,0,0.7452863,0.8509827,0.9180392,0.9225023,0.9243872,1,0.9225435,0.8150018,0.8095686,0,0,0,0,0,0,0,0,0,0,0,0,0,0,0,0,0,0,0,0,0,0,0,0,0.8174815,0.8672072,0.8693621,0.9244131,0.9560946,1,0.9405109,0.9034738,0.7942699,0,0.7832373,0,0,0,0,0,0,0,0,0,0,0,0,0,0,0,0,0,0,0,0,0,0.7028495,0.7669658,0.8158415,0.8415895,0.8492077,0.9160026,1,0.9201329,0.715953,0.6789953,0,0,0,0,0,0,0,0,0,0,0,0,0,0,0,0,0,0,0,0,0,0,0,0,0.7825911,0.8334037,0.8871287,0.8998573,0,1,0.9997945,0.8919089,0.8648018,0.8174025,0,0,0,0,0,0,0,0,0,0,0,0,0,0,0,0,0,0,0,0,0,0,0,0.7125371,0.7506818,0.7829929,0.8116356,0.8116934,0.9439595,1,0.9051507,0.7248585,0,0,0,0,0,0,0,0,0,0,0,0,0
0,0,0,0,0,0,0,0,0,0,0,0,0,0,0.7322957,0.8511103,1,0.9206762,0.7649454,0.7958416,0,0,0,0,0,0,0,0,0,0,0,0,0,0,0,0,0,0,0,0,0,0,0,0,0,0,0,0.7631642,0.8521278,0.9418243,1,0.9269508,0.8980812,0.8415671,0.7888926,0,0,0,0,0,0,0,0,0,0,0,0,0,0,0,0,0,0,0,0,0,0,0,0,0,0.7398473,0.9158903,1,0.897621,0.7769249,0.7373798,0.7039213,0.7015623,0,0,0,0,0,0,0,0,0,0,0,0,0,0,0,0,0,0,0,0,0,0,0,0,0.7205696,0.69694,0.8108013,1,0.9676287,0.8266197,0.8213621,0.7533333,0,0,0,0.7397117,0.7161825,0,0,0,0,0,0,0,0,0,0,0,0,0,0,0,0,0,0,0,0,0.7996255,0.837698,0.8495467,0.9117415,1,0.9015941,0.8349405,0,0,0,0,0.7382247,0.7559139,0,0,0,0,0,0,0
0,0,0,0,0,0,0,0,0,0,0,0,0,0,0.7475776,0.9228428,1,0.8934806,0.7934081,0.7019241,0.7743167,0.7755612,0.7509012,0.6722305,0.6515827,0,0,0,0,0,0,0,0,0,0,0,0,0,0,0,0,0,0,0.8437322,0.9329025,0.8983358,0.9506665,0,0.8984776,0.9813007,0.9971324,1,0.9335327,0.8246084,0.8804678,0.852531,0,0,0,0,0,0,0,0,0,0,0,0,0,0,0,0,0,0,0.5916827,0.6472692,0.6799253,0.6391395,0,0.627723,0.7543986,0.9397728,1,0.8991536,0.6783777,0.6269687,0.686641,0.6034398,0,0.6132312,0.6296802,0,0,0,0,0,0,0,0,0,0,0,0,0,0,0,0,0,0,0.7064107,0.6863726,0.6386553,0.6450122,0.6660955,0.852144,1,0.957988,0.7876797,0,0.710627,0.7162452,0.7087385,0.6919507,0.7394972,0.6921774,0,0,0,0,0,0,0,0,0,0,0,0,0,0,0,0,0,0,0.7921717,0.8191214,0.8165525,0.8412155,0.740986,0.9647937,1,0.8335296,0.8094796,0,0.8208237,0.7753373,0,0.7964647,0.8091617,0.7501612,0,0,0,0,0,0
0,0,0,0,0,0,0,0,0,0,0.6734337,0.7367242,0.7870511,0.8341034,0.7646652,0.8743652,1,0.9202099,0.8188794,0.6544726,0.714986,0,0,0,0,0,0,0,0,0,0,0,0,0,0,0,0,0,0,0,0,0,0.7931411,0.8782858,0.7620621,0.7686241,1,0.971737,0.8788598,0.8900113,0.8017347,0,0.8615028,0.7938964,0,0,0,0,0,0,0,0,0,0,0,0,0,0,0,0,0,0,0,0,0.5820854,0,0.6755936,0.7162909,0.6726919,0.7335004,0.7824798,0.9462065,1,0.8807893,0.6671129,0.5987074,0.5818948,0.6337222,0,0,0,0,0,0,0,0,0,0,0,0,0,0,0,0,0,0,0,0,0.6308737,0.6306714,0.7101973,0.7049335,0,0.7338433,0.7113703,0.9926931,1,0.818297,0.7800426,0.7345792,0.674374,0.6399426,0,0,0,0,0,0,0,0,0,0,0,0,0,0,0,0,0,0.7459965,0.7763909,0.7799809,0,0.8104182,0.8318284,0.8924443,0.9198464,0.9574271,0.912923,1,0.9228662,0.863714,0.8347269,0,0,0,0,0,0,0,0,0,0,0,0
0,0,0,0,0,0,0,0,0,0,0,0,0,0.7373514,0.7173623,0.9149757,1,0.916544,0,0.6898124,0,0,0,0,0,0,0,0,0,0,0,0,0,0,0,0,0,0,0,0,0,0,0.751066,0.8116131,0.8568767,0.8162519,0.9039057,1,0.9420973,0.8423621,0.8002898,0.8007553,0,0,0,0,0,0,0,0,0,0,0,0,0,0,0,0,0,0,0,0,0,0,0,0,0,0.6940541,0.7564046,0.7570795,0.7909859,0.9414877,1,0.8957226,0.6566165,0.6611928,0,0,0,0,0,0,0,0,0,0,0,0,0,0,0,0,0,0,0,0,0,0,0.6874733,0.7623073,0.8245329,0.7956951,0.7637144,0.8338021,0.7434064,1,0.9733506,0.7708162,0.7137092,0,0,0,0,0,0,0,0,0,0,0,0,0,0,0,0,0,0,0,0,0,0,0.772653,0.7771985,0.8877311,0.9394554,0.8585812,0.8751138,0.945653,0.9367191,1,0.834821,0.7901319,0,0,0,0,0,0,0,0,0,0,0,0,0
0,0,0,0,0,0,0,0,0,0,0,0,0,0,0.7032729,0.9110871,1,0.9124131,0.6595306,0.6784047,0,0,0,0,0,0,0,0,0,0,0,0,0,0,0,0,0,0,0,0,0,0,0,0,0,0,0.7584604,0.863973,0.9625605,1,0.9568624,0.8369078,0.6785553,0,0,0,0,0,0,0,0,0,0,0,0,0,0,0,0,0,0,0,0,0,0,0,0,0,0.6422356,0.7632548,0.8534254,0.8716769,1,0.9125443,0.6472573,0.6701018,0,0,0,0,0,0,0,0,0,0,0,0,0,0,0,0,0,0,0,0,0,0,0,0,0,0,0.6847582,0.7896048,0.8937324,1,0.9473538,0,0,0,0,0,0,0,0,0,0,0,0,0,0,0,0,0,0,0,0,0,0,0,0,0,0,0,0,0.7171123,0.7989355,0.8936637,0.9942442,1,0.8737223,0,0,0,0,0,0,0,0,0,0,0,0,0,0
0,0,0,0,0,0,0,0,0,0,0,0,0,0,0,0.9053076,1,0.9159677,0,0,0,0,0,0,0,0,0,0,0,0,0,0,0,0,0,0,0,0,0,0,0,0,0,0,0,0,0,0,0.8170478,0.9841582,1,0.9299584,0,0,0,0,0,0,0,0,0,0,0,0,0,0,0,0,0,0,0,0,0,0,0,0,0,0,0,0,0.6861867,0.9394597,1,0.8733515,0.7499167,0.6653568,0.668391,0,0,0,0,0,0,0,0,0,0,0,0,0,0,0,0,0,0,0,0,0,0,0,0,0,0,0,0.8256696,1,0.9867604,0.7690416,0.7461102,0.7399191,0,0,0,0,0,0,0,0,0,0,0,0,0,0,0,0,0,0,0,0,0,0,0,0,0,0,0,0.689851,0.9486219,1,0.8975702,0.8202496,0.7599036,0,0,0,0,0,0,0,0,0,0,0,0
0,0,0,0,0,0,0,0,0,0,0,0,0,0,0.731691,0.895356,1,0.9260905,0,0,0,0,0,0,0,0,0,0,0,0,0,0,0,0,0,0,0,0,0,0,0,0,0,0,0,0,0,0,0.8642418,0.9639175,1,0.9991908,0.918051,0.8377158,0.7740699,0,0,0,0,0,0,0,0,0,0,0,0,0,0,0,0,0,0,0,0,0,0,0,0,0,0.6893815,0.9367998,1,0.917299,0.7211269,0.8196588,0.7414717,0.676954,0,0,0,0,0,0,0,0,0,0,0,0,0,0,0,0,0,0,0,0,0,0,0,0,0.682394,0.7739692,0.8138048,1,0.9563355,0.8414778,0,0.8188452,0.7329454,0.7232371,0.6920593,0,0,0,0,0,0,0,0,0,0,0,0,0,0,0,0,0,0,0,0,0,0,0,0.7472736,0.8093426,0.9406906,1,0.8218606,0.9072734,0.8989385,0.869308,0.7826102,0.7126395,0,0,0,0,0,0,0,0,0
0,0,0,0,0,0,0,0,0,0,0,0,0,0,0.8134676,0.9330949,1,0.9314272,0.8227113,0.8615844,0.8008738,0.7775373,0,0,0,0,0,0,0,0,0,0,0,0,0,0,0,0,0,0,0,0,0,0,0,0,0,0,0,0.8573827,0.9342364,0.9569272,1,0.9441592,0,0,0,0,0,0,0,0,0,0,0,0,0,0,0,0,0,0,0,0,0,0,0,0,0,0,0.7433035,0.9266657,1,0.9301501,0.84854,0.8429725,0.7171619,0.7375938,0,0,0,0,0,0,0,0,0,0,0,0,0,0,0,0,0,0,0,0,0,0,0,0,0,0,0.8865563,1,0.966922,0.7922279,0.8407885,0.8020715,0.8459468,0.8025072,0,0,0,0,0,0,0,0,0,0,0,0,0,0,0,0,0,0,0,0,0,0,0,0,0.7764762,0,0.9597767,1,0.8852064,0,0,0.8525413,0.8632361,0.7989053,0,0,0,0,0,0,0,0,0
0,0,0,0,0,0,0,0,0,0,0,0,0,0,0.7322207,0.9130121,1,0.8650065,0.6814142,0.8983129,0.8766236,0.7842874,0,0,0,0,0,0,0,0,0,0,0,0,0,0,0,0,0,0,0,0,0,0,0,0.7642066,0.8326637,0,0.8456064,0.9471439,1,0.8839756,0.834184,0.7763758,0,0,0,0,0,0,0,0,0,0,0,0,0,0,0,0,0,0,0,0,0,0,0,0,0.6012052,0.6053843,0.5913938,0.9257544,1,0.9073588,0.6361495,0.7284576,0.7901404,0.7223563,0.6385102,0,0,0,0,0,0,0,0,0,0,0,0,0,0,0,0,0,0,0,0,0,0,0,0,0.6864749,0.8313413,1,0.9722944,0.7975388,0.79461,0.8666654,0.8458939,0.7886055,0.6656902,0.6088779,0,0,0,0,0,0,0,0,0,0,0,0,0,0,0,0,0,0,0,0,0,0.6599628,0.7614278,0.7293444,0.9286799,1,0.9314674,0.7961963,0.8410727,0.9077563,0.8411615,0,0,0,0,0,0,0,0,0,0
0,0,0,0,0,0,0,0,0,0,0,0,0,0,0,0.9249169,1,0.8183054,0.9153082,0.8289269,0.7832219,0.736461,0,0,0,0,0,0,0,0,0,0,0,0,0,0,0,0,0,0,0,0,0,0,0,0,0.8350599,0.9044816,0.8738755,1,0.9978378,0,0,0,0,0,0,0,0,0,0,0,0,0,0,0,0,0,0,0,0,0,0,0,0,0,0,0,0.6225666,0.6475617,0.7140693,0.9600169,1,0.8371563,0.8049163,0.6705202,0.7324497,0.6628465,0,0,0,0,0,0,0,0,0,0,0,0,0,0,0,0,0,0,0,0,0,0,0,0.6836562,0.6965198,0.7349024,0.8648047,1,0.9722065,0.8453891,0.7961675,0.7799678,0.7683524,0.6757189,0,0,0,0,0,0,0,0,0,0,0,0,0,0,0,0,0,0,0,0,0,0,0,0,0,0.7895479,0.9673848,1,0.8801115,0.9235041,0.8580937,0.8904311,0.7828683,0,0,0,0,0,0,0,0,0,0
0,0,0,0,0,0,0,0,0,0,0,0,0.715241,0.714252,0.6783253,0.9242958,1,0.9207254,0.6771454,0.7854207,0.7146584,0,0,0,0,0,0,0,0,0,0,0,0,0,0,0,0,0,0,0,0,0,0.8313645,0.8601673,0.8234736,0.8588177,0.8902079,0.9329017,0.9954811,1,0.9992858,0.8219433,0,0,0,0,0,0,0,0,0,0,0,0,0,0,0,0,0,0,0,0,0,0,0,0,0.6276565,0.6995213,0.6716516,0.6959037,0.7034402,0.9488364,1,0.8645342,0.7315387,0,0.6122308,0,0,0,0,0,0,0,0,0,0,0,0,0,0,0,0,0,0,0,0,0,0,0,0.6665787,0.7649525,0.7677771,0.6996779,0.8641165,1,0.9604151,0.7702873,0.6695796,0.7279411,0.6523055,0,0,0,0,0,0,0,0,0,0,0,0,0,0,0,0,0,0,0,0,0,0,0.8060063,0.8979709,0.9878656,0.95125,0.810444,0.9600169,1,0.884972,0.8072862,0.8185092,0.861895,0,0,0,0,0,0,0,0,0,0,0
0,0,0,0,0,0.6392462,0.7473879,0.7691488,0.7873695,0.7843614,0.7161815,0.6646405,0.7704055,0.7542693,0.7549251,0.9321047,1,0.8876326,0.6556799,0.6998213,0,0,0,0,0,0,0,0,0,0,0,0,0,0,0,0,0,0,0,0,0,0,0.789633,0.8232428,0,0,0,0,0.9036343,1,0.92771,0,0,0,0,0,0,0,0,0,0,0,0,0,0,0,0,0,0,0,0,0,0,0,0.6343529,0.637933,0.7192657,0.7390363,0.7769749,0.8027063,0.7638777,0.9577993,1,0.8428013,0.6663602,0.6195442,0.653178,0,0,0,0,0,0,0,0,0,0,0,0,0,0,0,0,0.6238876,0.6593449,0.639702,0.6386561,0.6754361,0.6696423,0.6245927,0.7387477,0.7215656,0.8012139,0.7674671,0.8607319,1,0.9599134,0.7143111,0.6601726,0.6884276,0,0,0,0,0,0,0,0,0,0,0,0,0,0,0,0,0,0,0.8199074,0.8100063,0.9613813,0.9670455,0,0,1,0.9261025,0.9765507,0.8374062,0.8399901,0.9594163,0.8927134,0,0.8463118,0.8441124,0,0,0,0,0,0,0,0,0,0,0
0,0,0,0,0,0.6908293,0.8186824,0.8430002,0.887094,0.8955939,0.8759378,0.9330257,0.9258972,0.8371606,0.8227811,0.9139856,1,0.9048902,0,0,0,0,0,0,0,0,0,0,0,0,0,0,0,0,0,0,0,0,0,0.8896176,0.9231147,0.8510826,0.8883221,0,0,0,0,0,0,0.9997737,1,0.840221,0,0,0,0,0,0,0,0,0,0,0,0,0,0,0,0,0,0,0,0,0,0.7534558,0.7977014,0.7954392,0.859706,0.9253998,0.9077601,0.8386356,0.8259196,0.9489269,1,0.8652235,0.6722685,0,0,0,0,0,0,0,0,0,0,0,0,0,0,0,0,0,0,0,0.6494402,0.7412583,0.7961774,0.6813615,0.6929965,0.8137077,0.8975109,0.904811,0.8180028,0.8246899,0.894944,1,0.9561501,0.6899463,0.6617733,0,0,0,0,0,0,0,0,0,0,0,0,0,0,0,0,0,0,0.7630973,0.8211734,0.8614253,0.8991657,0.8799712,0.8383945,0.9328437,1,0.9458415,0.9267362,0.8825699,0.9084091,0.9289017,0.7991294,0.7447603,0.7498696,0,0,0,0,0,0,0,0,0,0,0,0
0,0,0,0,0,0,0,0,0,0,0.760468,0.9048477,0.9380249,0.9309056,0.8473778,0.9087647,1,0.8647224,0,0,0,0,0,0,0,0,0,0,0,0,0,0,0,0,0,0,0,0,0,0,0,0.7766246,0.8068874,0.8047256,0.8498274,0.8355493,0.8243811,0.8669497,0.8672647,1,0.9664302,0.9437971,0.94933,0.8818707,0,0,0,0,0,0,0,0,0,0,0,0,0,0,0,0,0,0,0.6426933,0.7431003,0.7706237,0.7893547,0.8207097,0.8138129,0.7981253,0.7768973,0.6917992,0.9567558,1,0.861355,0.7384773,0.7377446,0.6624253,0,0,0,0,0,0,0,0,0,0,0,0,0,0,0,0,0,0.6025841,0.6628522,0.6759212,0.7026997,0.7486389,0.7934678,0.7928489,0.7686997,0.7945487,0.7873389,0.8441614,1,0.9586525,0.7235378,0.6643319,0.6223167,0,0,0,0,0,0,0,0,0,0,0,0,0,0,0,0,0,0,0,0,0.7511751,0.834789,0.9348419,0.9268961,0.883918,1,0.8901536,0,0.9348602,0.9826344,0.9122622,0.8399139,0.7887604,0,0,0,0,0,0,0,0,0,0,0,0
0,0,0,0,0,0,0,0,0,0,0,0,0.8610901,0.8882633,0.8767158,0.9580415,1,0.9085695,0,0,0,0,0,0,0,0,0,0,0,0,0,0,0,0,0,0,0,0,0,0,0,0,0,0,0,0,0,0.8846947,0.9476581,1,0.9590226,0,0,0,0,0,0,0,0,0,0,0,0,0,0,0,0,0,0,0,0,0,0,0,0,0,0,0,0,0.8547742,0.8496467,0.9599098,1,0.895945,0,0,0,0,0,0,0,0,0,0,0,0,0,0,0,0,0,0,0,0,0,0,0,0,0,0,0,0,0.7893264,0.8140361,0.90006,1,0.9555451,0.7755054,0,0,0,0,0,0,0,0,0,0,0,0,0,0,0,0,0,0,0,0,0,0,0,0,0,0,0,0.9885392,1,0.9285216,0.9495484,0.996111,0,0,0,0,0,0,0,0,0,0,0,0,0,0,0
0,0,0,0,0,0,0,0,0,0,0,0,0,0,0.7837983,0.9512324,1,0.892495,0,0,0,0,0,0,0,0,0,0,0,0,0,0,0,0,0,0,0,0,0,0,0,0,0,0,0,0,0,0,0,1,0.9414575,0,0,0,0,0,0,0,0,0,0,0,0,0,0,0,0,0,0,0,0,0,0,0,0,0,0,0,0,0,0.7726735,0.958241,1,0.8918922,0.7731339,0,0,0,0,0,0,0,0,0,0,0,0,0,0,0,0,0,0,0,0,0,0,0,0,0,0,0,0,0.7267693,0.8665669,1,0.9750848,0.8701333,0,0,0,0,0,0,0,0,0,0,0,0,0,0,0,0,0,0,0,0,0,0,0,0,0,0,0,0,0.8193972,0.9171399,0.9937502,1,0.8760039,0,0,0,0,0,0,0,0,0,0,0,0,0,0
