GestureName: zigzag
Duration(ms): 1410
Handedness: right

SpeakerAngles: 5
55
-55
0
0
110

SpeakerElevations: 5
-10
-10
-10
0
30

InterpretedPoints: 30
8.13797681349374,21.8397482443159,1.35338826899446
-0.806707284111599,9.86288416831861,-2.25742630967009
5.68240297497007,2.63354213230934,1.97905546699921
0.806707284111599,0.564862521463624,-0.17364817766693
0,0,0
-0.0141807944755501,-3.5373287774752,-0.652703644666139
3.22682913644639,-16.4125544427944,2.60472266500395
-3.2551907253975,-16.6321292876599,1.47296355333861
0,-8.92403876506104,0.868240888334652
0,0,0
0,0,0
0,0,0
7.28872714595549,1.63952007641402,1.13175911166535
0.813797681349374,-0.296198132726024,0.5
12.1573324395762,10.5844525884372,2.78446275633149
6.51038145079499,16.3328039608163,1.04798097966218
7.29581754319326,8.732882681261,1.28446275633149
0,0,0
0,0,0
-0.806707284111599,-5.66420307041529,0.868240888334652
-4.06189800950909,-15.8078166803418,0.604722665003955
-7.30290794043104,-17.2002281679019,-0.221629157329114
-6.47492946460611,-10.0654432520673,-0.284462756331487
0,0,0
2.4201218523348,-2.67939531740308,0.694592710667721
0,0,0
1.6134145682232,1.12972504292725,-0.347296355333861
0.842159270300473,6.77845942222438,1.80540728933228
4.86860529362069,4.46383268373214,0.263518223330696
7.32417913214436,9.87649629118748,1.54798097966218

StrokePoints: 31
0,0,0
8.13797681349374,21.8397482443159,1.35338826899446
7.33126952938214,31.7026324126346,-0.904038040675633
13.0136725043522,34.3361745449439,1.07501742632358
13.8203797884638,34.9010370664075,0.901369248656646
13.8203797884638,34.9010370664075,0.901369248656646
13.8061989939883,31.3637082889323,0.248665603990506
17.0330281304346,14.9511538461379,2.85338826899446
13.7778374050372,-1.680975441522,4.32635182233307
13.7778374050372,-10.605014206583,5.19459271066772
13.7778374050372,-10.605014206583,5.19459271066772
13.7778374050372,-10.605014206583,5.19459271066772
13.7778374050372,-10.605014206583,5.19459271066772
21.0665645509926,-8.96549413016902,6.32635182233307
21.880362232342,-9.26169226289504,6.82635182233307
34.0376946719182,1.32276032554213,9.61081457866456
40.5480761227132,17.6555642863585,10.6587955583267
47.8438936659065,26.3884469676195,11.9432583146582
47.8438936659065,26.3884469676195,11.9432583146582
47.8438936659065,26.3884469676195,11.9432583146582
47.0371863817949,20.7242438972042,12.8114992029929
42.9752883722858,4.91642721686241,13.4162218679968
35.6723804318547,-12.2838009510395,13.1945927106677
29.1974509672486,-22.3492442031068,12.9101299543362
29.1974509672486,-22.3492442031068,12.9101299543362
31.6175728195834,-25.0286395205099,13.604722665004
31.6175728195834,-25.0286395205099,13.604722665004
33.2309873878066,-23.8989144775826,13.2574263096701
34.0731466581071,-17.1204550553583,15.0628335990024
38.9417519517278,-12.6566223716261,15.3263518223331
46.2659310838721,-2.78012608043865,16.8743328019953

Velocities: 30
7,7,7
3,4,6
2,0,1
1,0,0
0,0,0
0,-2,0
-2,-6,-7
-7,-7,-6
0,0,-5
0,0,0
0,0,0
0,0,0
5,0,0
0,0,0
7,0,0
6,6,5
4,0,3
0,0,0
0,0,0
-2,-1,-2
-5,-4,-6
-6,-3,-7
-6,-1,0
0,0,0
0,-3,-1
0,0,0
2,0,0
0,4,0
6,4,0
5,5,7

InverseVelocities: 30
0,0,0
0,0,0
0,0,0
0,0,0
0,0,0
0,0,0
0,0,0
0,0,0
0,0,0
0,0,0
0,0,0
0,0,0
0,0,0
0,0,0
0,0,0
0,0,0
0,0,0
0,0,0
0,0,0
0,0,0
0,0,0
0,0,0
0,0,0
0,0,0
0,0,0
0,0,0
0,0,0
0,0,0
0,0,0
0,0,0

RawData: 30
0,0,0,0,0,0,0,0,0,0,0,0,0,0,0,0.9300278,1,0.9000875,0,0,0.6807957,0,0,0.72908,0.7215648,0.7510452,0.7344621,0,0,0,0,0,0,0,0,0,0,0,0,0,0,0,0,0,0,0,0,0,0,0.9594966,0.9190377,0.8998418,0,0,1,0.9172851,0.9445348,0.9692548,0.9382563,0.9334444,0,0,0,0,0,0,0,0,0,0,0,0,0,0,0,0,0,0,0,0,0.6457754,0.9517577,1,0.8810668,0.6667108,0,0,0.6620141,0.6851151,0.6913891,0.6579355,0.7184846,0.6610814,0,0,0,0,0,0,0,0,0,0,0,0,0,0,0,0,0,0,0,0,0,0.8789219,1,0.9476872,0.7070299,0.6896192,0.6613559,0.6610256,0.6448311,0.6314786,0,0.6901557,0.7419841,0.7027585,0.6964055,0.6963723,0,0,0,0,0,0,0,0,0,0,0,0,0,0,0,0,0,0,0.7839123,0.9706489,1,0.8309904,0.7470556,0.7271693,0.7564618,0.7804835,0.750748,0,0.736441,0,0.7431,0.7625577,0.7838266,0,0,0
0,0,0,0,0,0,0,0,0,0,0,0,0,0,0,0.9416516,1,0.8990245,0.7776094,0,0,0.7716926,0.7596698,0,0,0,0,0,0,0,0,0,0,0,0,0,0,0,0,0,0,0,0,0,0,0,0,0,0,0.9956236,1,0.9656411,0,0,0.9323044,0.9440888,0.9183877,0,0,0,0,0,0,0,0,0,0,0,0,0,0,0,0,0,0,0,0,0,0,0,0,0.9575379,1,0.8865297,0.7532523,0,0,0.7225145,0,0.7224252,0,0.7238677,0,0,0,0,0,0,0,0,0,0,0,0,0,0,0,0,0,0,0,0,0,0,0.890969,1,0.9511379,0,0,0,0,0,0,0,0,0,0,0,0,0,0,0,0,0,0,0,0,0,0,0,0,0,0,0,0,0,0,0,0.9475334,1,0.932626,0.8201876,0,0,0,0,0,0,0,0,0,0,0,0,0
0,0,0,0,0,0,0,0,0,0,0,0,0,0,0,0.9302123,1,0.8454123,0.7394619,0.7556853,0.6418872,0.7142575,0,0,0,0,0,0,0,0,0,0,0,0,0,0,0,0,0,0,0,0,0,0,0,0,0,0,0.9094855,1,0.8796952,0,0,0,0,0,0,0,0,0,0,0,0,0,0,0,0,0,0,0,0,0,0,0,0,0,0,0,0,0,0,0.9452437,1,0.8657991,0.6122234,0.6670661,0.6651524,0,0,0,0,0,0,0,0,0,0,0,0,0,0,0,0,0,0,0,0,0,0,0,0,0,0,0,0.8707393,1,0.9547908,0.7330742,0.7063032,0.6595526,0.6303387,0,0,0,0,0,0,0,0,0,0,0,0,0,0,0,0,0,0,0,0,0,0,0,0,0,0,0,0.990333,1,0.7685934,0.8378657,0.8029915,0,0.8319383,0.8129303,0.7482593,0,0,0,0,0,0,0,0
0,0,0,0,0,0,0,0,0,0,0,0,0,0,0.5876471,0.9241345,1,0.8592854,0.7667984,0.695942,0.5865316,0,0,0,0,0,0,0,0,0,0,0,0,0,0,0,0,0,0,0,0,0,0,0,0,0,0,0,0.7800543,0.997698,1,0.8124712,0,0,0,0,0,0,0,0,0,0,0,0,0,0,0,0,0,0,0,0,0,0,0,0,0,0,0,0,0.6592997,0.949437,1,0.8628117,0,0,0,0,0,0,0,0,0,0,0,0,0,0,0,0,0,0,0,0,0,0,0,0,0,0,0,0,0,0,0.8717132,1,0.9416993,0.6188688,0.5545008,0,0,0,0,0,0,0,0,0,0,0,0,0,0,0,0,0,0,0,0,0,0,0,0,0,0,0,0,0.6613129,0.9205208,1,0.7958052,0,0,0,0,0,0,0,0,0,0,0,0,0,0
0,0,0,0,0,0,0,0,0,0,0,0,0,0,0.7116728,0.9342117,1,0.9037958,0,0,0,0,0,0,0,0,0,0,0,0,0,0,0,0,0,0,0,0,0,0,0,0,0,0,0,0,0,0,0.9544104,1,0.9560086,0,0,0,0,0,0,0,0,0,0,0,0,0,0,0,0,0,0,0,0,0,0,0,0,0,0,0,0,0,0.6996824,0.9549993,1,0.8798335,0,0,0,0,0,0,0,0,0,0,0,0,0,0,0,0,0,0,0,0,0,0,0,0,0,0,0,0,0,0,0.8760471,1,0.9510274,0,0,0,0,0,0,0,0,0,0,0,0,0,0,0,0,0,0,0,0,0,0,0,0,0,0,0,0,0,0,0.8013419,0.9699387,1,0.8387032,0,0,0,0,0,0,0,0,0,0,0,0,0,0
0,0,0,0,0,0,0,0,0,0,0,0,0,0.704069,0.7201601,0.9067915,1,0.8787492,0,0,0,0,0,0,0,0,0,0,0,0,0,0,0,0,0,0,0,0,0,0,0,0,0,0,1,0.9189003,0,0,0.9158698,0.9499443,0,0,0,0,0,0,0,0,0,0,0,0,0,0,0,0,0,0,0,0,0,0,0,0,0,0,0,0,0,0.6867516,0.6971263,0.9519588,1,0.8524721,0,0,0,0,0,0,0,0,0,0,0,0,0,0,0,0,0,0,0,0,0,0,0,0,0,0.6132816,0.6873848,0.709806,0.7093359,0,0.8655374,1,0.9522156,0.6381388,0,0,0,0,0,0,0,0,0,0,0,0,0,0,0,0,0,0,0,0,0,0,0,0,0,0.7965448,0.8329116,0.7608721,0.7535489,0.805305,0.9879556,1,0.7976615,0,0,0,0,0,0,0,0,0,0,0,0,0,0
0,0,0,0,0,0,0,0,0,0,0,0.669424,0.6544457,0,0,0.9206045,1,0.9022468,0,0,0,0,0,0,0,0,0,0,0,0,0,0,0,0,0,0,0,0,0,0,0.9019649,0.9368459,0.9502276,0.9434445,0.9039246,0.8848206,0,0,0,1,0.9945781,0.8294193,0,0,0,0,0,0,0,0,0,0,0,0,0,0,0,0,0,0,0,0,0.6499943,0.7212572,0.7449282,0.7038483,0,0,0,0,0.7259583,0.9428217,1,0.8728805,0,0,0,0,0,0,0,0,0,0,0,0,0,0,0,0,0,0,0,0,0,0,0,0.6563795,0.6894033,0,0,0,0.6444804,0.7329111,0.8738789,1,0.9702513,0.7383366,0,0,0,0,0,0,0,0,0,0,0,0,0,0,0,0,0,0,0,0,0,0,0,0,0,0,0,0.8880847,0.9771944,1,0.9274199,0.9697837,0.9653382,0.8744955,0,0,0,0,0,0,0,0,0,0,0,0,0
0,0,0,0,0,0,0.6174234,0.6611466,0.686539,0.649987,0.6041861,0,0.6296086,0.640363,0,0.8880252,1,0.9192885,0,0,0,0,0,0,0,0,0,0,0,0,0,0,0,0,0,0,0,0,0,0.7815648,0.7800454,0.7683234,0.763225,0,0,0,0,0,0,1,0.9614648,0,0,0,0,0,0,0,0,0,0,0,0,0,0,0,0,0,0,0,0,0,0,0.6218341,0,0,0,0,0,0.6037694,0.5747567,0.9331828,1,0.8882516,0,0,0,0,0,0,0,0,0,0,0,0,0,0,0,0,0,0,0,0,0,0,0,0,0.580773,0.668308,0,0.5865955,0.6265045,0.5651086,0.8035255,1,0.9870657,0.731663,0,0,0,0,0,0,0,0,0,0,0,0,0,0,0,0,0,0,0,0,0,0,0,0.6737918,0.7700593,0.7170582,0,0,0.6805497,0,0.9309869,1,0.9109113,0,0,0,0,0,0,0,0,0,0,0,0,0,0
0,0,0,0,0,0,0,0,0,0,0,0,0,0,0,0.9110364,1,0.9249936,0,0,0,0,0,0,0,0,0,0,0,0,0,0,0,0,0,0,0,0,0,0,0,0,0,0,0,0,0,0,1,0.9224845,0.9665872,0,0,0,0,0,0,0,0,0,0,0,0,0,0,0,0,0,0,0,0,0,0,0,0.6922091,0.6888847,0,0,0,0,0,0.9309014,1,0.8981282,0,0,0,0,0,0,0,0,0,0,0,0,0,0,0,0,0,0,0,0,0,0,0,0,0.6921015,0,0,0,0,0,0.8529927,1,0.9820584,0.7546112,0,0,0,0,0,0,0,0,0,0,0,0,0,0,0,0,0,0,0,0,0,0,0,0,0,0,0,0,0.7516059,0.7440205,0.9363189,1,0.8933502,0,0,0,0,0,0,0,0,0,0,0,0,0,0
0,0,0,0,0,0,0,0,0,0,0,0,0,0,0,0.8918698,1,0.9286173,0,0,0,0,0,0,0,0,0,0,0,0,0,0,0,0,0,0,0,0,0,0,0,0,0,0,0,0,0,0,0,0.9973966,1,0,0,0,0,0,0,0,0,0,0,0,0,0,0,0,0,0,0,0,0,0,0,0,0,0,0,0,0,0,0,0.9394476,1,0.9043936,0,0,0,0,0,0,0,0,0,0,0,0,0,0,0,0,0,0,0,0,0,0,0,0,0,0,0,0,0,0,0.8424602,1,0.983923,0.7690741,0,0,0,0,0,0,0,0,0,0,0,0,0,0,0,0,0,0,0,0,0,0,0,0,0,0,0,0,0,0.7593665,0.9627317,1,0.8752754,0,0,0,0,0,0,0,0,0,0,0,0,0,0
0,0,0,0,0,0,0,0,0,0,0,0,0,0,0,0.9170942,1,0.926025,0,0,0,0,0,0,0,0,0,0,0,0,0,0,0,0,0,0,0,0,0,0,0,0,0,0,0,0,0,0,0,1,0.9966927,0,0,0,0,0,0,0,0,0,0,0,0,0,0,0,0,0,0,0,0,0,0,0,0,0,0,0,0,0,0,0.9335914,1,0.9156135,0,0,0,0,0,0,0,0,0,0,0,0,0,0,0,0,0,0,0,0,0,0,0,0,0,0,0,0,0,0,0.8436632,1,0.9838225,0,0,0,0,0,0,0,0,0,0,0,0,0,0,0,0,0,0,0,0,0,0,0,0,0,0,0,0,0,0,0,0.9264108,1,0.896845,0,0,0,0,0,0,0,0,0,0,0,0,0,0
0,0,0,0,0,0,0,0,0,0,0,0,0,0,0,0.8973314,1,0.9099078,0,0,0,0,0,0,0,0,0,0,0,0,0,0,0,0,0,0,0,0,0,0,0,0,0,0,0,0,0,0,0.7925758,1,0.9976022,0.8497103,0,0,0,0,0,0,0,0,0,0,0,0,0,0,0,0,0,0,0,0,0,0,0,0,0,0,0,0,0,0.9280587,1,0.8960412,0,0,0,0,0,0,0,0,0,0,0,0,0,0,0,0,0,0,0,0,0,0,0,0,0,0,0,0,0,0,0.8066433,1,0.9844459,0.7599047,0,0,0,0,0,0,0,0,0,0,0,0,0,0,0,0,0,0,0,0,0,0,0,0,0,0,0,0,0,0,0.9414962,1,0.869131,0,0,0,0,0,0,0,0,0,0,0,0,0,0
0,0,0,0,0,0,0,0,0,0,0,0,0,0,0,0.8891417,1,0.9113683,0,0,0,0,0,0.7054046,0.707097,0,0,0,0,0,0,0,0,0,0,0,0,0,0,0,0,0,0,0,0,0,0,0,0,0.9847582,1,0.776132,0,0,0,0,0,0,0,0,0,0,0,0,0,0,0,0,0,0,0,0,0,0,0,0,0,0,0,0,0.5561956,0.9262346,1,0.8949206,0,0,0,0,0,0,0,0,0,0,0,0,0,0,0,0,0,0,0,0,0,0,0,0,0,0,0,0,0,0,0.7946677,1,0.9829338,0.7604853,0.664354,0,0,0,0,0,0,0,0,0,0,0,0,0,0,0,0,0,0,0,0,0,0,0,0,0,0,0,0,0.6378603,0.9509135,1,0.8287966,0.7023891,0.6206645,0,0.6269901,0.6122027,0,0,0,0,0,0,0,0,0
0,0,0,0,0,0,0,0,0,0,0,0,0,0,0,0.9134817,1,0.9012154,0,0,0,0,0,0,0,0,0,0,0,0,0,0,0,0,0,0,0,0,0,0,0,0,0,0,0,0,0,0,0,1,0.976326,0,0,0,0,0,0,0,0,0,0,0,0,0,0,0,0,0,0,0,0,0,0,0,0,0,0,0,0,0,0,0.9378193,1,0.8960152,0.7225409,0.7055089,0,0,0,0,0,0,0,0,0,0,0,0,0,0,0,0,0,0,0,0,0,0,0,0,0,0,0,0,0.8180606,1,0.9686345,0,0,0,0,0,0,0,0,0,0,0,0,0,0,0,0,0,0,0,0,0,0,0,0,0,0,0,0,0,0,0,0.9570117,1,0.8675675,0,0.7458792,0,0,0,0,0,0,0,0,0,0,0,0
0,0,0,0,0,0,0,0,0,0,0,0,0,0,0,0.9157842,1,0.9017469,0,0,0,0,0,0,0.7145867,0.7017786,0.7325844,0,0,0,0,0,0,0,0,0,0,0,0,0,0,0,0,0,0,0,0,0,0,0.9838216,1,0.8836294,0,0,0,0,0,0,0,0,0,0,0,0,0,0,0,0,0,0,0,0,0,0,0,0,0,0,0,0,0,0.9337878,1,0.8994343,0.6388786,0,0,0,0,0,0,0,0,0,0,0,0,0,0,0,0,0,0,0,0,0,0,0,0,0,0,0,0,0,0.8530704,1,0.9797334,0.812861,0.7610545,0,0,0,0,0,0,0.7303386,0.7530306,0.7261897,0,0,0,0,0,0,0,0,0,0,0,0,0,0,0,0,0,0,0,0,0.9359607,1,0.8764912,0.6995692,0.6989992,0,0,0.7288318,0.7439752,0.7517703,0.7051573,0.6743372,0,0,0,0,0
0,0,0,0,0,0,0,0,0,0,0,0,0,0,0,0.8945349,1,0.923567,0.6642241,0.6785745,0.6941775,0,0,0.7604939,0.7659348,0.6869398,0,0,0,0,0,0,0,0,0,0,0,0,0,0,0,0,0,0,0,0,0,0,0,1,0.9975597,0.8997753,0.8216684,0.8765452,0,0,0,0.8759197,0.8460565,0,0,0,0,0,0,0,0,0,0,0,0,0,0,0,0,0,0,0,0,0,0,0.931688,1,0.8900678,0.5965616,0,0,0,0.646664,0.6062509,0.6157833,0,0,0,0,0,0,0,0,0,0,0,0,0,0,0,0,0,0,0,0,0,0,0,0.8193824,1,0.9731205,0.7483975,0,0.705226,0.7125674,0.7597176,0.7094615,0.6596404,0.7343314,0.7240759,0,0,0,0,0,0,0,0,0,0,0,0,0,0,0,0,0,0,0,0,0,0.6671848,0.9556904,1,0.8516316,0.6799864,0.6474159,0,0.7186008,0.7263608,0.6890107,0,0.640091,0.6569496,0,0,0,0,0
0,0,0,0,0,0,0,0,0,0,0,0,0,0,0,0.9161071,1,0.9019903,0.8089181,0.852634,0.8183994,0.6840307,0.7033166,0.7065721,0,0,0,0,0,0,0,0,0,0,0,0,0,0,0,0,0,0,0,0,0,0,0,0,0,0.9572904,1,0.9542437,0.9040776,0,0,0,0,0,0,0,0,0,0,0,0,0,0,0,0,0,0,0,0,0,0,0,0,0,0,0,0.6511165,0.9429148,1,0.8912228,0,0.6635156,0.6607862,0.6090771,0.6075727,0,0,0,0,0,0,0,0,0,0,0,0,0,0,0,0,0,0,0,0,0,0,0,0,0,0.8587335,1,0.9586605,0.8252391,0.8018031,0.7486697,0.7061982,0.7303891,0.7303764,0.6950438,0,0,0,0,0,0,0,0,0,0,0,0,0,0,0,0,0,0,0,0,0,0,0,0.7338047,0.9720201,1,0.8263398,0.686085,0.6738627,0.6856076,0,0,0.6456105,0,0,0,0,0,0,0,0
0,0,0,0,0,0,0,0,0,0,0,0,0,0,0,0.9309121,1,0.9068602,0.7607255,0.7234812,0,0,0,0,0,0,0,0,0,0,0,0,0,0,0,0,0,0,0,0,0,0,0,0,0,0,0,0,0.8871729,1,0.9197937,0,0,0,0,0,0,0,0,0,0,0,0,0,0,0,0,0,0,0,0,0,0,0,0,0,0,0,0,0,0.63901,0.9486326,1,0.8908521,0.6921179,0,0,0,0,0,0,0,0,0,0,0,0,0,0,0,0,0,0,0,0,0,0,0,0,0,0,0,0,0,0.8604975,1,0.9624459,0.8422844,0.7877964,0,0,0,0,0,0,0,0,0,0,0,0,0,0,0,0,0,0,0,0,0,0,0,0,0,0,0,0,0.7054097,0.9823875,1,0.7420319,0.7331099,0,0,0,0,0,0,0,0,0,0,0,0,0
0,0,0,0,0,0,0,0,0,0,0,0,0,0.7639303,0.792187,0.9267322,1,0.8751892,0,0,0,0,0,0,0,0,0,0,0,0,0,0,0,0,0,0,0,0,0,0,0,0,0,0,0,0,0,0,1,0,0,0,0,0,0,0,0,0,0,0,0,0,0,0,0,0,0,0,0,0,0,0,0,0,0,0,0,0,0,0.6730586,0.7832579,0.9632114,1,0.8755489,0,0,0,0,0,0,0,0,0,0,0,0,0,0,0,0,0,0,0,0,0,0,0,0,0,0,0,0,0,0.7386595,0.8946559,1,0.9485471,0,0,0,0,0,0,0,0,0,0,0,0,0,0,0,0,0,0,0,0,0,0,0,0,0,0,0,0,0,0,0,0.9683436,1,0.8498532,0,0,0,0,0,0,0,0,0,0,0,0,0,0
0,0,0,0,0,0,0,0,0,0,0,0.6983966,0.8006866,0.85899,0.8081304,0.9281648,1,0.8832871,0,0,0,0,0,0,0,0,0,0,0,0,0,0,0,0,0,0,0,0,0,0,0,0,0,0,0,0.780625,0.8726026,0.8381452,0.9317935,1,0.9436476,0.7606602,0,0,0,0,0,0,0,0,0,0,0,0,0,0,0,0,0,0,0,0,0,0,0,0,0,0.5738968,0.6659591,0.7603737,0.7872529,0.9619309,1,0.8651717,0,0,0,0,0,0,0,0,0,0,0,0,0,0,0,0,0,0,0,0,0,0,0,0,0,0,0.6678804,0.6448887,0.7414013,0.7840357,0.8751082,1,0.9401436,0.6701629,0,0,0,0,0,0,0,0,0,0,0,0,0,0,0,0,0,0,0,0,0,0,0,0,0,0,0,0.6307613,0.7255725,0,0.9647793,1,0.8478935,0,0,0,0,0,0,0,0,0,0,0,0,0,0
0,0,0,0,0,0,0,0,0.6280219,0.7077895,0.6527609,0.5888289,0.6674492,0.6883184,0.6749864,0.9121085,1,0.8786303,0,0,0,0,0,0,0,0,0,0,0,0,0,0,0,0,0,0,0,0,0,0,0,0,0.8639044,0.9097276,0.9476241,0.9163662,0.8625826,0,0,0.9937582,1,0,0,0,0,0,0,0,0,0,0,0,0,0,0,0,0,0,0,0,0,0,0,0.5627682,0.5360004,0.5768808,0.5183071,0.5877955,0.6246234,0.5401389,0.6069294,0.95107,1,0.8530746,0,0,0,0,0,0,0,0,0,0,0,0,0,0,0,0,0,0,0,0,0,0,0.6344393,0.6397261,0.6150237,0.7083471,0.797089,0.7937804,0.7857312,0.6957387,0.8614862,1,0.9383278,0.5795186,0.5917951,0,0,0,0,0,0,0,0,0,0,0,0,0,0,0,0,0,0,0,0,0,0,0.6376675,0.7056214,0.7180582,0.7261028,0.6911676,0.7087293,0.739414,0.9749835,1,0.7968506,0,0,0,0,0,0,0,0,0,0,0,0,0,0
0,0,0,0,0,0,0,0.7037079,0.6695272,0.73476,0.7076624,0.6277828,0.65513,0.6946188,0.6340062,0.913235,1,0.890954,0,0,0,0,0,0,0,0,0,0,0,0,0,0,0,0,0,0,0,0,0,0,0,0,0,0.7827244,0.786281,0.8371489,0.7746771,0.8554046,0.9368303,1,0.9325566,0,0,0,0,0,0,0,0,0,0,0,0,0,0,0,0,0,0,0,0,0,0.5737131,0.6563433,0.6491018,0.6395411,0.5792302,0.6267005,0.5930712,0,0.6377614,0.9506429,1,0.8627403,0.5713397,0,0,0,0,0,0,0,0,0,0,0,0,0,0,0,0,0,0,0,0,0.6175475,0.7138602,0.7497287,0.7077434,0.6796058,0.6965044,0.6798705,0.6756225,0.6800317,0.8674567,1,0.9483645,0,0,0,0,0,0,0,0,0,0,0,0,0,0,0,0,0,0,0,0,0,0,0.616001,0.668528,0.7221692,0,0.7345988,0.7329424,0.6894723,0.6136751,0.6879983,0.9713236,1,0.8254024,0,0,0,0,0,0,0,0,0,0,0,0,0,0
0,0,0,0,0,0,0,0.7741184,0.7851406,0,0,0,0,0,0,0.9252387,1,0.8986298,0,0,0,0,0,0,0,0,0,0,0,0,0,0,0,0,0,0,0,0,0,0,0,0,0,0,0,0.9265854,0,0,0.9259168,1,0.9319695,0,0,0,0,0,0,0,0,0,0,0,0,0,0,0,0,0,0,0,0,0,0,0,0,0,0,0,0,0,0,0.9587618,1,0.8777145,0,0,0,0,0,0,0,0,0,0,0,0,0,0,0,0,0,0,0,0,0,0.7365285,0.7322409,0,0,0,0,0,0,0,0.8754141,1,0.9591742,0,0,0,0,0,0,0,0,0,0,0,0,0,0,0,0,0,0,0,0,0,0,0,0,0,0.7380411,0.732857,0.7398891,0,0,0.8140419,0.9818112,1,0.8521436,0,0,0,0,0,0,0,0,0,0,0,0,0,0
0,0,0,0,0,0,0,0,0,0,0,0,0,0,0,0.9339898,1,0.902137,0,0,0,0,0,0,0,0,0,0,0,0,0,0,0,0,0,0,0,0,0,0,0,0,0,0,0,0,0,0,0,0,0,0,0,0,0,0,0,0,0,0,0,0,0,0,0,0,0,0,0,0,0,0,0,0,0,0,0,0,0,0,0,0.9582309,1,0.8907989,0,0,0,0,0,0,0,0,0,0,0,0,0,0,0,0,0,0,0,0,0,0,0,0,0,0,0,0,0,0,0.8739572,1,0.9614718,0,0,0,0,0,0,0,0,0,0,0,0,0,0,0,0,0,0,0,0,0,0,0,0,0,0,0,0,0,0,0.8125619,0.9695579,1,0.8711314,0,0,0,0,0,0,0,0,0,0,0,0,0,0
0,0,0,0,0,0,0,0,0,0,0,0,0,0,0.6521562,0.9330714,1,0.8741043,0,0,0,0,0,0,0,0,0,0,0,0,0,0,0,0,0,0,0,0,0,0,0,0,0,0.7857846,0.8479633,0.8441479,0,0.8919392,0.9651362,1,0.9213296,0,0,0,0,0,0,0,0,0,0,0,0,0,0,0,0,0,0,0,0,0,0,0,0,0,0,0,0.6068618,0.6850571,0.7040375,0.9544392,1,0.8665023,0,0,0,0,0,0,0,0,0,0,0,0,0,0,0,0,0,0,0,0,0,0,0,0,0,0,0,0,0.6679741,0.6635959,0.8526114,1,0.9493783,0,0,0,0,0,0,0,0,0,0,0,0,0,0,0,0,0,0,0,0,0,0,0,0,0,0,0,0,0,0.716407,0.6928176,0.9651157,1,0.8365644,0,0,0,0,0,0,0,0,0,0,0,0,0,0
0,0,0,0,0,0,0,0,0,0,0,0,0,0,0.6741874,0.9135001,1,0.896979,0,0,0,0,0,0,0,0,0,0,0,0,0,0,0,0,0,0,0,0,0,0,0,0,0,0,0,0,0,0,0,0.9742464,1,0,0,0,0,0,0,0,0,0,0,0,0,0,0,0,0,0,0,0,0,0,0,0,0,0,0,0,0,0,0.6616859,0.9492539,1,0.8788757,0,0,0,0,0,0,0,0,0,0,0,0,0,0,0,0,0,0,0,0,0,0,0,0,0,0,0,0,0,0,0.8834505,1,0.9457319,0.6835237,0,0,0,0,0,0,0,0,0,0,0,0,0,0,0,0,0,0,0,0,0,0,0,0,0,0,0,0,0.6515687,0.7662171,0.9756515,1,0.8337706,0,0,0,0,0,0,0,0,0,0,0,0,0,0
0,0,0,0,0,0,0,0,0,0,0,0,0,0,0,0.9199469,1,0.8713886,0,0.6898798,0.7006532,0.6709943,0,0,0,0,0,0,0,0,0,0,0,0,0,0,0,0,0,0,0,0,0,0,0,0,0,0,0.8335314,1,0.9490451,0.8217956,0.8335576,0,0,0,0,0,0,0,0,0,0,0,0,0,0,0,0,0,0,0,0,0,0,0,0,0,0,0,0.6206895,0.948054,1,0.8701066,0.6402239,0.6035156,0,0,0,0,0,0,0,0,0,0,0,0,0,0,0,0,0,0,0,0,0,0,0,0,0,0,0,0,0.8485402,1,0.9390561,0.6263289,0,0,0,0,0,0,0,0,0,0,0,0,0,0,0,0,0,0,0,0,0,0,0,0,0,0,0,0,0,0.6858426,0.9762478,1,0.8205301,0.6455782,0,0,0,0,0,0,0,0,0,0,0,0,0
0,0,0,0,0,0,0,0,0,0,0,0,0,0,0,0.9172432,1,0.8637766,0.6888399,0,0,0,0,0,0,0,0,0,0,0,0,0,0,0,0,0,0,0,0,0,0,0,0,0,0,0,0,0,0.8305262,1,0.9575607,0.8016339,0.8290713,0.8212774,0.744585,0.7817901,0.7372078,0,0,0,0,0,0,0,0,0,0,0,0,0,0,0,0,0,0,0,0,0,0,0,0.6117741,0.9542777,1,0.8566664,0,0,0,0,0,0,0,0,0,0,0,0,0,0,0,0,0,0,0,0,0,0,0,0,0,0,0,0,0,0,0.8655199,1,0.9427087,0,0,0,0,0,0.6319681,0.6656088,0.6313845,0,0,0,0,0,0,0,0,0,0,0,0,0,0,0,0,0,0,0,0,0,0,0.7153199,0.9752696,1,0.8291073,0,0,0,0,0.6399168,0.6055467,0,0,0,0,0,0,0,0
0,0,0,0,0,0,0,0,0,0,0,0,0,0,0.6029689,0.9279233,1,0.8898623,0,0,0,0,0.6253953,0.6047596,0.6422206,0.6352713,0,0,0,0,0,0,0,0,0,0,0,0,0,0,0,0,0,0,0,0,0,0,0.7574943,1,0.9959154,0.9221168,0.8672537,0.7541403,0.7437093,0.8696262,0.8375595,0,0,0,0,0,0,0,0,0,0,0,0,0,0,0,0,0,0,0,0,0,0,0,0.6571048,0.947194,1,0.8788291,0.6353216,0.6194159,0,0,0,0,0,0,0,0,0,0,0,0,0,0,0,0,0,0,0,0,0,0,0,0,0,0,0,0,0.8679853,1,0.9349033,0.6351859,0.647878,0,0,0,0,0,0,0,0,0,0,0,0,0,0,0,0,0,0,0,0,0,0,0,0,0,0,0,0,0.6823412,0.9701627,1,0.8423188,0.7296453,0.7032337,0,0.6497815,0.6112689,0,0,0,0,0,0,0,0,0
0,0,0,0,0,0,0,0,0,0,0,0,0,0,0,0.903966,1,0.8930506,0.6184766,0.6552608,0.599982,0.675301,0.6111935,0.6165612,0.6084371,0,0,0,0,0,0,0,0,0,0,0,0,0,0,0,0,0,0,0,0,0,0,0,0,1,0.9850608,0,0.7820213,0.8409672,0,0,0.8279513,0.771483,0,0,0,0,0,0,0,0,0,0,0,0,0,0,0,0,0,0,0,0,0,0,0.6185317,0.9124443,1,0.8840571,0,0,0,0,0,0,0,0.5737306,0.5610729,0,0,0,0,0,0,0,0,0,0,0,0,0,0,0,0,0,0,0,0,0,0.837425,1,0.9676189,0.7127494,0,0,0,0,0,0,0,0,0,0,0,0,0,0,0,0,0,0,0,0,0,0,0,0,0,0,0,0,0,0,0.9541607,1,0.8310788,0.6967353,0.7664894,0.7481725,0.6885517,0.7041727,0.6551982,0,0.6252501,0.6191676,0.6271691,0,0,0,0
