GestureName: triangle
Duration(ms): 1410
Handedness: right

SpeakerAngles: 5
55
-55
0
0
110

SpeakerElevations: 5
-10
-10
-10
0
30

InterpretedPoints: 30
0,0,0
0,0,0
12.9214973402611,18.4309830485607,-0.562833599002373
0.806707284111599,-2.389560737573,0.347296355333861
0,1.12972504292725,-0.347296355333861
-0.806707284111599,0.564862521463624,-0.17364817766693
-2.42721224957257,-4.67341737329839,-0.152703644666139
-6.51038145079499,-13.7835192951318,-2.08987004566377
-10.5722794603041,-29.0260878452186,-0.96420284765902
-8.95886489208089,-32.1254283941703,-0.269610136991298
-10.5722794603041,-28.7362532653886,-1.31149920299288
-4.88278608809624,-14.5056406035111,-0.742573690329905
-4.06189800950909,-7.59394333545065,-0.610814578664557
1.63468575993652,2.79080091922501,0.805407289332278
5.69658376944562,13.0949096748456,1.7635182233307
7.30999833766881,20.7435348894818,0.0270364466613926
12.1715132340517,25.3590340248162,0.65879555832674
12.9782205181633,21.5499136644859,1.70068462432832
10.543917871353,19.7375569453771,0.874332801995254
6.48201986184389,7.76963072813253,1.47905546699921
0.799616886873824,-6.78795016923785,0.368240888334652
2.41303145509702,-6.39877504045611,-0.67364817766693
3.24810032815972,-1.33892412370224,1.15270364466614
4.06898840674687,7.87779997117604,1.11081457866456
0.835068873062699,17.792624433354,-0.778370842670886
6.53165264250831,28.3222859779447,0.46420284765902
7.34545032385769,22.7818300063519,1.83244373599367
-0.757074503447174,11.1101019218334,1.93716640099763
0.0212711917133253,3.79080091922501,0.805407289332278
-1.62050496546097,-1.2686643887376,-0.32635182233307

StrokePoints: 31
0,0,0
0,0,0
0,0,0
12.9214973402611,18.4309830485607,-0.562833599002373
13.7282046243727,16.0414223109877,-0.215537243668512
13.7282046243727,17.1711473539149,-0.562833599002373
12.9214973402611,17.7360098753785,-0.736481776669303
10.4942850906886,13.0625925020801,-0.889185421335443
3.98390363989357,-0.720926793051621,-2.97905546699921
-6.58837582041052,-29.7470146382703,-3.94325831465823
-15.5472407124914,-61.8724430324406,-4.21286845164953
-26.1195201727955,-90.6086962978291,-5.52436765464241
-31.0023062608917,-105.11433690134,-6.26694134497231
-35.0642042704008,-112.708280236791,-6.87775592363687
-33.4295185104643,-109.917479317566,-6.07234863430459
-27.7329347410187,-96.8225696427203,-4.30883041097389
-20.4229364033499,-76.0790347532384,-4.2817939643125
-8.25142316929814,-50.7200007284222,-3.62299840598576
4.72679734886519,-29.1700870639364,-1.92231378165744
15.2707152202182,-9.43253011855925,-1.04798097966218
21.7527350820621,-1.66289939042673,0.431074487337027
22.5523519689359,-8.45084955966457,0.799315375671679
24.9653834240329,-14.8496246001207,0.125667198004748
28.2134837521926,-16.1885487238229,1.27837084267089
32.2824721589395,-8.31074875264688,2.38918542133544
33.1175410320022,9.48187568070709,1.61081457866456
39.6491936745105,37.8041616586518,2.07501742632358
46.9946439983682,60.5859916650037,3.90746116231725
46.237569494921,71.6960935868371,5.84462756331488
46.2588406866344,75.4868945060621,6.65003485264716
44.6383357211734,74.2182301173245,6.32368303031409

Velocities: 30
0,0,0
0,0,0
8,-6,7
1,0,-3
1,1,0
0,1,0
-1,1,-2
-2,-2,-7
-10,-9,-10
-10,-11,-12
-8,-7,-12
-3,-3,-7
-3,-2,-3
1,2,1
2,2,6
8,6,6
10,5,10
8,2,9
8,3,7
2,-2,3
0,-2,-3
4,0,-3
1,0,1
3,3,2
3,6,7
8,11,10
6,9,9
-2,6,5
0,3,1
-1,0,0

InverseVelocities: 30
0,0,0
0,0,0
-7,3,-7
0,0,0
0,0,0
0,0,0
0,0,0
3,0,7
0,0,5
0,0,0
0,0,0
0,0,1
2,0,2
0,0,0
0,0,0
0,0,0
0,0,-2
0,0,-1
0,-3,-4
-1,0,-5
0,0,0
0,0,5
0,0,0
0,0,0
0,0,0
0,0,-2
-3,0,-3
0,0,-2
0,0,-1
0,0,0

RawData: 30
0,0,0,0,0,0,0,0,0,0,0,0,0,0,0.5753332,0.9132202,1,0.9181643,0.729114,0,0,0,0,0,0,0,0,0,0,0,0,0,0,0,0,0,0,0,0,0,0,0,0,0,0,0,0,0,0.7714139,0.9780969,1,0.8537003,0,0,0,0,0,0,0,0,0,0,0,0,0,0,0,0,0,0,0,0,0,0,0,0,0,0,0,0,0.6558324,0.9425421,1,0.8653357,0.6145173,0,0,0,0,0,0,0,0,0,0,0,0,0,0,0,0,0,0,0,0,0,0,0,0,0,0,0,0,0.5753483,0.8253495,1,0.9743883,0.8261813,0.6676062,0,0,0,0,0,0,0,0,0,0,0,0,0,0,0,0,0,0,0,0,0,0,0,0,0,0,0,0,0.6215007,0.9737604,1,0.8016852,0.7637651,0,0,0,0,0,0,0,0,0,0,0,0,0
0,0,0,0,0,0,0,0,0,0,0,0,0,0,0,0.9509878,1,0.9035897,0.8714258,0,0,0,0,0,0,0,0,0,0,0,0,0,0,0,0,0,0,0,0,0,0,0,0,0,0,0,0,0,0.9079121,1,0.9830538,0.9244869,0,0,0,0,0,0,0,0,0,0,0,0,0,0,0,0,0,0,0,0,0,0,0,0,0,0,0,0,0,0.9664128,1,0.9198969,0,0,0,0,0,0,0,0,0,0,0,0,0,0,0,0,0,0,0,0,0,0,0,0,0,0,0,0,0,0,0.880637,1,0.9771987,0,0,0,0,0,0,0,0,0,0,0,0,0,0,0,0,0,0,0,0,0,0,0,0,0,0,0,0,0,0,0,0.9595023,1,0.9363747,0,0,0,0,0,0,0,0,0,0,0,0,0,0
0,0,0,0,0,0,0.5913585,0.6044808,0.5890703,0,0.6096522,0.6611563,0.6658122,0.6480261,0.5682803,0.9062322,1,0.9407997,0.8335681,0.6652868,0.6437689,0.6603326,0.6534435,0.5638659,0,0,0.5730147,0.5551732,0,0,0,0,0,0,0,0,0,0,0,0,0.5957688,0.6125563,0,0,0.6130398,0.6646883,0.6583893,0.5961635,0.8200936,0.9916831,1,0.9149374,0.7352005,0,0.6454549,0.6424138,0,0,0,0,0,0,0,0,0,0,0,0,0,0,0,0,0.5529181,0.582605,0,0,0.5976514,0.6568891,0.6134929,0.5484989,0.6336336,0.9571819,1,0.8683556,0.7030771,0.5658152,0.6174297,0.5774451,0.5422903,0,0.5906125,0.559912,0.5575768,0,0,0,0,0,0,0,0,0,0,0,0,0.5889204,0.60027,0.5755114,0,0.5992914,0.6192921,0.633714,0,0,0.8606132,1,0.9353204,0.6204672,0,0,0.6435006,0.5547329,0,0,0,0,0,0,0.5847904,0.5832952,0,0,0,0,0,0,0,0,0,0,0,0,0,0.6796841,0.6912069,0.6333328,0.6332505,0.7796612,1,0.9910709,0.8969721,0.8592023,0.7651396,0.6801763,0,0,0,0,0,0,0,0,0,0,0
0,0,0,0,0,0,0,0,0,0,0,0,0,0,0,0.9341963,1,0.8788373,0.9110188,0.6754667,0.6550078,0,0,0,0,0,0,0,0,0,0,0,0,0,0,0,0,0,0,0,0,0,0,0,0,0,0,0,0.7361823,0.9814538,1,0.8812754,0.7722371,0,0,0,0,0,0,0,0,0,0,0,0,0,0,0,0,0,0,0,0,0,0,0,0.5597751,0,0,0.5627609,0.5612538,0.9405155,1,0.8907809,0.7198452,0.560152,0,0,0,0,0,0,0,0,0,0,0,0,0,0,0,0,0,0,0,0,0,0,0,0,0,0,0,0,0.8584443,1,0.943238,0.8068511,0.7399463,0,0,0,0,0,0,0,0,0,0,0,0,0,0,0,0,0,0,0,0,0,0,0,0,0,0,0,0,0.6770864,0.9694056,1,0.8549,0.8102932,0,0,0,0,0,0,0,0,0,0,0,0,0
0,0,0,0,0,0,0,0,0,0,0,0,0,0,0,0.9334537,1,0.8568341,0.8353568,0,0.6219534,0,0,0,0,0,0,0,0,0,0,0,0,0,0,0,0,0,0,0,0,0,0,0,0,0,0,0,0.7751843,1,0.9927076,0.8315505,0.7066633,0.7450112,0,0,0,0,0,0,0,0,0,0,0,0,0,0,0,0,0,0,0,0,0,0,0,0,0,0,0.6540889,0.9559941,1,0.8476647,0.7635407,0.6169289,0,0,0,0,0,0,0,0,0,0,0,0,0,0,0,0,0,0,0,0,0,0,0,0,0,0,0,0,0.8725219,1,0.9630452,0.8958185,0.8156121,0,0,0,0,0,0,0,0,0,0,0,0,0,0,0,0,0,0,0,0,0,0,0,0,0,0,0,0,0.6838534,0.9525993,1,0.9266401,0.7735485,0,0,0,0,0,0,0,0,0,0,0,0,0
0,0,0,0,0,0,0,0,0,0,0,0,0,0,0.6605554,0.9241427,1,0.9127895,0,0,0,0,0,0,0,0,0,0,0,0,0,0,0,0,0,0,0,0,0,0,0,0,0,0,0,0,0,0,0.8224018,1,0.9299077,0.890517,0.8865307,0.7477604,0,0,0,0,0,0,0,0,0,0,0,0,0,0,0,0,0,0,0,0,0,0,0,0,0,0,0.7362212,0.9587848,1,0.8346268,0.7265416,0.6310691,0,0,0,0,0,0,0,0,0,0,0,0,0,0,0,0,0,0,0,0,0,0,0,0,0,0,0,0.6500181,0.8722239,1,0.9721519,0.8447526,0.707055,0,0,0,0,0,0,0,0,0,0,0,0,0,0,0,0,0,0,0,0,0,0,0,0,0,0,0,0,0.7320248,1,0.9955124,0.8989797,0.7571274,0,0,0,0,0,0,0,0,0,0,0,0,0
0,0,0,0,0,0,0,0,0,0,0,0,0.6518399,0.726033,0.7887571,0.9376748,1,0.8972249,0,0,0,0,0,0,0,0,0,0,0,0,0,0,0,0,0,0,0,0,0,0,0,0,0,0,0,0,0.6475155,0.7046982,0.8336878,1,0.9935993,0.8610681,0.7128754,0.6401131,0,0,0,0,0,0,0,0,0,0,0,0,0,0,0,0,0,0,0,0,0,0,0,0.62244,0.7118927,0.7671449,0.8044413,0.9554538,1,0.8829064,0,0,0,0,0,0,0,0,0,0,0,0,0,0,0,0,0,0,0,0,0,0,0,0,0,0.5830745,0.668971,0.6882918,0.6612392,0.6929032,0.8844531,1,0.9510543,0.7370566,0,0,0,0,0,0,0,0,0,0,0,0,0,0,0,0,0,0,0,0,0,0,0,0,0,0,0.6181308,0.6598567,0.7400947,0.7944174,0.9549295,1,0.9026643,0.6333597,0,0,0,0,0,0,0,0,0,0,0,0,0
0,0,0,0,0,0,0,0,0,0,0,0.6812401,0.6945096,0.6822461,0.7283819,0.9257806,1,0.9178444,0,0,0.6762986,0.7027368,0.6844438,0,0,0,0,0,0,0,0,0,0,0,0,0,0,0,0,0,0,0,0,0,0.7754092,0.8163733,0.8317218,0,0.8894375,1,0.9715121,0.7935928,0.6883075,0,0,0,0,0,0,0,0,0,0,0,0,0,0,0,0,0,0,0,0.6361017,0.6797075,0.7138102,0.7367754,0.7199703,0,0.7964513,0.8051253,0.7224595,0.9434434,1,0.913097,0.7385044,0,0.6356463,0.6794378,0.6595386,0.6283827,0.6417733,0.6380905,0.6286091,0,0,0,0,0,0,0,0,0,0,0,0,0.6408819,0.6791562,0.7374659,0.7862417,0.8059325,0.7862918,0.747357,0.7549102,0.7449257,0.9088967,1,0.9450364,0.7527803,0,0,0,0,0,0,0,0,0,0,0,0,0,0,0,0,0,0,0,0.7029215,0.7551787,0.7485283,0.7068046,0,0.693173,0.7642028,0.7553562,0.8213548,0.8384072,0.9127305,1,0.9969459,0.8638546,0,0,0,0,0,0,0,0,0,0,0,0,0,0
0,0,0,0.6559055,0.6991852,0.6782109,0.7098897,0.7461823,0.6729375,0,0,0,0,0,0.6510531,0.9321478,1,0.8904285,0,0,0,0,0,0,0,0,0,0,0,0,0,0,0,0,0,0,0,0.7276626,0.7087643,0.6877726,0.7329578,0.8755628,0.9532565,0.9790778,0.9511605,0.9072078,0.8361318,0.7435438,0.7974631,0.9959012,1,0.8465643,0.7038377,0,0,0,0,0,0,0,0,0,0,0,0,0,0,0,0,0.6185707,0.6747121,0.7122206,0.724889,0.7578078,0.7352285,0.7196202,0.6770142,0.7019563,0.6502023,0,0,0.9563226,1,0.8467085,0,0.6517845,0.6041073,0,0,0,0.6020778,0,0,0,0,0,0,0,0,0,0.6792051,0.7303883,0.7333546,0.7052379,0,0.7162099,0.7684283,0.8035412,0.7973527,0.8065345,0.7394823,0.6664782,0.6277623,0.73076,0.8492396,1,0.9775582,0.7796192,0,0,0,0,0,0,0,0,0,0,0,0,0,0,0.6613317,0.7040924,0.7330664,0.6944674,0.689994,0.7953006,0,0.7888288,0.7315093,0.8721857,0.9379817,0.9132066,0.8201541,0.7628162,0.8222455,0.8440788,0.9384935,1,0.8823051,0,0,0,0,0,0,0,0,0,0,0,0,0,0
0,0,0,0.700956,0.80399,0.8166536,0.8037485,0.7904986,0.7247601,0.7589699,0,0,0,0.680243,0.6872692,0.9464299,1,0.865173,0,0,0,0,0,0,0,0,0,0,0,0,0,0,0,0,0,0.7285005,0.7552236,0.7927652,0.8446197,0.8970548,0.9101304,0.9843982,1,0.9944425,0.9139237,0.8101265,0.8302128,0.8683524,0,0.9667467,0.9412889,0.7511646,0,0,0,0,0,0,0,0,0,0,0,0,0,0,0.6162808,0.6226093,0.6567467,0.6894855,0.7734321,0.7457552,0.6527662,0.7045788,0.8101201,0.8165596,0.7218711,0.7289801,0.6706435,0.6876814,0.7212952,0.9523471,1,0.8744419,0.6169983,0.6100944,0,0,0,0,0,0,0,0,0,0,0,0,0,0.7021049,0.6692997,0.7763521,0.7420952,0.7720091,0.7928995,0.864176,0.8981746,0.8438927,0.8216244,0.6768735,0.6630552,0.7283369,0.691412,0,0.8600618,1,0.9458466,0.7082265,0,0,0,0,0,0,0,0,0,0,0,0,0,0,0.7431895,0.6737134,0.7617974,0.7566326,0.8128104,0.8181294,0.7822413,0.9046862,0.9080043,0.889787,0.8723477,0.8416143,0,0.6672993,0,0.7045134,0.962588,1,0.867144,0.7304278,0,0,0,0,0,0,0,0,0,0,0,0,0
0,0,0,0,0,0.6728001,0,0.8079711,0.7769182,0.673208,0.8220027,0.8227332,0.761939,0.7204862,0,0.9178298,1,0.8947094,0,0,0,0,0,0,0,0,0,0,0,0,0,0,0,0,0,0,0,0,0,0.8668077,0.9301324,0.921801,0.996744,1,0.933758,0.8884051,0.8208918,0,0,0.9553599,0.9089857,0,0,0,0,0,0,0,0,0,0,0,0,0,0,0,0,0.6234335,0.6576795,0.6214539,0.6741561,0.7374913,0.6836401,0.7471612,0.705863,0.7006515,0.7048238,0.7033947,0.6642783,0.6672213,0.7386523,0.9528399,1,0.8839543,0.6273268,0,0,0,0,0,0,0,0,0,0,0,0,0,0,0,0.7451407,0.7691067,0.7655771,0.7718284,0.8013917,0.7922038,0.8986344,0.8959432,0.8389441,0.7423091,0.7640046,0.763109,0.7492834,0.7585951,0.856177,1,0.9327573,0.7321936,0,0,0,0,0,0,0,0,0,0,0,0,0,0,0,0.6686411,0.7402094,0.754344,0.7521046,0.7084123,0,0.8191507,0.7073396,0.7739753,0.7199994,0.7869995,0.7771881,0.7608995,0,0.7834898,0.9880806,1,0.8132038,0,0,0,0,0,0,0,0,0,0,0,0,0,0
0,0,0,0,0,0,0,0,0,0,0.6643664,0.7534913,0.7417649,0.7234275,0.7749898,0.9244663,1,0.8808545,0,0,0,0,0,0,0,0,0,0,0,0,0,0,0,0,0,0,0,0,0,0,0,0,0,0.7790471,0.9248645,1,0.9158998,0.8287293,0.8326468,0.9927855,0.9315388,0,0,0,0,0,0,0,0,0,0,0,0,0,0,0,0,0,0,0,0,0,0.6735543,0.7076234,0.748234,0.7798666,0.7289943,0.7786963,0.7788004,0.6312593,0.7316539,0.947222,1,0.859762,0.6750221,0.621065,0.6361424,0,0,0,0,0,0,0,0,0,0,0,0,0,0,0,0,0,0,0,0.6373658,0.7306094,0.7526881,0.7347688,0.7835407,0.7474724,0.6946704,0.7612765,0.8805242,1,0.9551387,0.6578531,0.6327083,0.6298365,0,0,0,0,0,0,0,0,0,0,0,0,0,0,0,0,0,0,0,0.7307761,0.7773782,0.8174469,0.8400785,0.8309289,0.836136,0.7737601,0.7431102,0.836067,0.9606946,1,0.8288042,0,0,0,0,0,0,0,0,0,0,0,0,0,0
0,0,0,0,0,0,0,0,0,0,0.6790798,0.6979486,0,0.6648212,0.8323158,0.9438993,1,0.8871429,0.6532475,0,0.6633192,0.6438717,0,0,0,0,0,0,0,0,0,0,0,0,0,0,0,0,0,0,0,0,0,0,0.75459,0.835052,0.8675791,0.9026842,0.9659091,1,0.9001514,0.7156032,0.6779876,0,0,0,0,0,0,0,0,0,0,0,0,0,0,0,0,0,0,0,0,0,0,0,0.6141566,0.6933725,0.7246848,0.7447662,0.6663828,0.9477459,1,0.8851222,0,0.614707,0.6809183,0.6677679,0,0,0,0,0,0,0,0,0,0,0,0,0,0,0,0,0,0,0,0,0,0.6131913,0.6709551,0.6404733,0,0.7140294,0.8894619,1,0.944352,0.7169923,0.6087355,0.603187,0.6130133,0,0,0,0,0,0,0,0,0,0,0,0,0,0,0,0,0,0,0,0,0.6399449,0.6673248,0.6568477,0.6653078,0.8258399,0.8578237,0.8389043,0.9822199,1,0.8392339,0,0.6764091,0.6855248,0.6584205,0,0,0,0,0,0,0,0,0,0
0,0,0,0,0,0,0,0,0,0,0,0,0,0,0,0.9036564,1,0.9464437,0.8563514,0.8087614,0.7064218,0,0,0,0,0,0,0,0,0,0,0,0,0,0,0,0,0,0,0,0,0,0,0,0,0,0,0.7090838,0.708676,0.9080753,1,0.9723982,0.9002545,0.8106553,0.7164681,0,0,0,0,0,0,0,0,0,0,0,0,0,0,0,0,0,0,0,0,0,0,0,0,0,0.65282,0.9519985,1,0.8964245,0.8106866,0.7524118,0.6182008,0,0,0,0,0,0,0,0,0,0,0,0,0,0,0,0,0,0,0,0,0,0,0,0,0,0,0,0.8335309,1,0.9890989,0.884702,0.8534539,0.760952,0,0,0,0,0,0,0,0,0,0,0,0,0,0,0,0,0,0,0,0,0,0,0,0,0,0,0.6697118,0.7996903,0.9809649,1,0.8589696,0.8715949,0.8584672,0.7989159,0.6717086,0,0,0,0,0,0,0,0,0,0
0,0,0,0,0,0,0,0,0,0,0,0,0,0,0,0.9117637,1,0.9251568,0.7858739,0.8606839,0.8183572,0.7342709,0,0,0,0,0,0,0,0,0,0,0,0,0,0,0,0,0,0,0,0,0,0,0,0,0,0,0.859529,0.9833869,0,1,0.9735581,0.9535388,0.7971304,0,0,0,0,0,0,0,0,0,0,0,0,0,0,0,0,0,0,0,0,0,0,0,0,0,0.6627467,0.9461758,1,0.9170654,0.8426505,0.8472559,0.761054,0.6607328,0.6819962,0.6604567,0.6649092,0.6464666,0,0,0,0,0,0,0,0,0,0,0,0,0,0,0,0,0,0,0,0,0,0,0.8205744,1,0.9848024,0.8423007,0.8987064,0.870248,0.8180276,0.7635379,0,0,0.7215037,0.7058417,0,0,0,0,0,0,0,0,0,0,0,0,0,0,0,0,0,0,0,0,0,0.850041,0.9866934,1,0.8273565,0.9252785,0.9214102,0.883043,0.8462633,0,0,0.7532461,0.7393193,0,0,0,0,0,0
0,0,0,0,0,0,0,0,0,0,0,0,0,0,0,0.9062163,1,0.8990547,0,0.7636771,0.8148291,0.7401429,0.7054926,0.6836971,0.8361159,0.8405937,0.7968957,0.7539673,0,0,0,0,0,0,0,0,0,0,0,0,0,0,0,0,0,0,0,0,0.8452942,1,0.9658961,0.8194522,0.9584799,0.9924842,0.9617687,0.9600551,0.7746782,0.793282,0.7855072,0,0,0,0,0,0,0,0,0,0,0,0,0,0,0,0,0,0,0,0,0,0.6463791,0.9242724,1,0.8855769,0.7224557,0.7061794,0.8133804,0.809627,0.738601,0.7213541,0.7811605,0.7480654,0,0,0,0,0,0,0,0,0,0,0,0,0,0,0,0,0,0,0,0,0,0,0.8613496,1,0.972977,0.6937751,0.8059053,0.7626185,0.706041,0.6906863,0.7571136,0.7657928,0.7616401,0,0.6917148,0.6795583,0,0,0,0,0,0,0,0,0,0,0,0,0,0,0,0,0,0,0,0.8281854,0.7912019,0.9407452,0,0.8644937,1,0.9356744,0.9157085,0.9733039,0.8970897,0.8721638,0.8317496,0,0,0,0,0,0
0,0,0,0,0,0,0,0,0,0,0,0,0,0,0.7092301,0.8782905,1,0.9201113,0.6794991,0.7395629,0.7141365,0.8247448,0.7968329,0.7611367,0.7924781,0.8165014,0.8286356,0.7971421,0.7435319,0.6608111,0,0,0,0,0,0,0,0,0,0,0,0,0,0,0,0,0,0,0.8231134,0.9917217,0.971664,0.8966457,0.9397564,0.9587715,1,0.9360548,0.7793489,0.7594638,0,0,0,0,0,0,0,0,0,0,0,0,0,0,0,0,0,0,0,0.6388446,0.6279107,0.6550514,0.6366825,0.9163987,1,0.9181033,0.7410508,0.816102,0.7951705,0.8231047,0.7541917,0.6202092,0.7455346,0.7177715,0.7458743,0,0.6952813,0.6649292,0,0,0,0,0,0,0,0,0,0,0.5972689,0.5929809,0,0.6355529,0.635858,0.6481819,0.6149389,0,0.8561485,1,0.9731663,0.8232147,0.7571497,0.7254631,0.7171075,0.75962,0.7220004,0.6413444,0.6659769,0.7028356,0.7320565,0.7060761,0.6483687,0,0,0,0,0,0,0,0,0,0,0,0,0,0,0,0,0,0.7992358,0.8428982,0.883063,0.8607829,0.9628905,1,0.9314358,0.9238229,0.9339742,0.9148385,0.8420464,0.7188359,0.8077224,0.7325352,0.8047265,0.7061957,0,0,0
0,0,0,0,0,0,0,0,0,0,0,0,0,0,0.7776523,0.9107966,1,0.904565,0.787119,0.7645891,0.8274989,0.8829831,0.8234445,0.7379815,0.8493143,0.805134,0.7893342,0.7667087,0,0,0,0,0,0,0,0,0,0,0,0,0,0,0,0,0,0,0.8953434,0.9431028,0.950176,1,0.9943786,0.9097727,0.910103,0.8014992,0.8665092,0,0,0,0,0,0,0,0,0,0,0,0,0,0,0,0,0,0,0,0,0,0,0,0.7701541,0.7819619,0.7876557,0.9216658,1,0.9421284,0.8550038,0.8086185,0.7686827,0.7486231,0,0.7466452,0.7945156,0.707425,0.7626333,0,0.7304254,0,0,0,0,0,0,0,0,0,0,0,0,0,0,0.6948923,0.7066615,0.7409098,0.715061,0.7995595,0.8254519,1,0.9710919,0.7029524,0,0,0,0.746884,0.7764428,0.7442315,0.7826278,0.7433767,0,0.7532755,0.7397633,0,0,0,0,0,0,0,0,0,0,0,0,0,0,0,0,0.8330804,0.9946998,0.9983106,0.8762989,1,0,0.9025577,0.916222,0.8454196,0.8783085,0,0.9109558,0.9436834,0.9530826,0.8622198,0.8636997,0.8834059,0,0,0
0,0,0,0,0,0,0,0,0,0,0,0,0,0,0.6536698,0.9140062,1,0.9039081,0.7868322,0.797357,0.8457102,0.8210487,0.759878,0.6750609,0.74862,0.6515743,0.7000368,0.6462841,0,0,0,0,0,0,0,0,0,0,0,0,0,0,0,0.8332862,0.7798223,0.8484274,0.9564744,0.8923124,0.9076367,0.9612741,1,0.8610289,0.8091087,0,0.8199118,0.7839459,0,0,0,0,0,0,0,0,0,0,0,0,0,0,0,0,0,0,0,0.65469,0.6169218,0.6933376,0.7760274,0.8097335,0.8115769,0.9399395,1,0.864212,0.8339658,0.8433946,0.8166522,0.7764781,0.768922,0.7865673,0.7689391,0.7044605,0.6337652,0,0,0,0,0,0,0,0,0,0,0,0,0,0,0,0,0,0.6175926,0.699723,0.7252683,0.6659119,0.8385874,1,0.9767343,0.8440701,0.8460963,0.8045061,0.730539,0.7873823,0.7778309,0.7460817,0.6996657,0,0.6459668,0.6025324,0,0,0,0,0,0,0,0,0,0,0,0.7406659,0.7605464,0,0.8035708,0.7752885,0.8157221,0.8787559,0.9120107,0.8187634,0.8786781,1,0.9264845,0.8768146,0.9406513,0.95203,0.92335,0.812691,0.7921763,0.8147864,0.8115551,0.7554432,0,0,0,0,0
0,0,0,0,0,0,0,0,0,0,0,0,0.6617488,0.7498713,0.840924,0.9343135,1,0.9191641,0.763159,0.7461017,0.6385825,0.601905,0,0,0,0,0,0,0,0,0,0,0,0,0,0,0,0,0,0,0,0,0,0,0.9097641,0.9411371,0.8915752,0.8403921,0.8888987,1,0.973798,0.7516345,0,0,0,0,0,0,0,0,0,0,0,0,0,0,0,0,0,0,0,0,0,0,0.5942023,0.6527162,0.6814954,0.706922,0.7439632,0.8026018,0.8718669,0.9573774,1,0.8741156,0.8406999,0.7683593,0.7247379,0.7187312,0.6061177,0,0,0,0,0,0,0,0,0,0,0,0,0,0,0,0,0,0.6028516,0.6133317,0.5919625,0.6437152,0,0.5567122,0.7237444,0.8428947,0.7991865,1,0.9983668,0.8448532,0.7409869,0.7274192,0.7080811,0.5789499,0,0.6092267,0.5671832,0,0,0,0,0,0,0,0,0,0,0,0,0,0,0.6229031,0.6547467,0.6682361,0.7443374,0.6824773,0.7338993,0.7178555,0.8391735,0.8407283,0.9729725,1,0.8643713,0.6871781,0.7289905,0.7020001,0.6105034,0.6133143,0,0,0,0,0,0,0,0,0
0,0,0,0,0,0,0,0,0,0,0,0,0,0.8719251,0.9562013,0.8966705,1,0.9664949,0,0,0,0,0,0,0,0,0,0,0,0,0,0,0,0,0,0,0,0,0,0,0,0,0,0,0.8118777,0.8346121,0.831365,0.7755786,0.8319702,0.9343975,1,0.8722539,0,0,0,0,0,0,0,0,0,0,0,0,0,0,0,0,0,0,0,0,0,0,0,0,0.711566,0.7400758,0.7635053,0.7982755,0.8890384,0.9711283,1,0.8905115,0,0,0,0,0,0,0,0,0,0,0,0,0,0,0,0,0,0,0,0,0,0,0,0,0,0.67947,0.6641738,0.661985,0.7945527,0.8896534,0.8362751,1,0.992853,0.7899001,0,0,0,0,0,0,0,0,0,0,0,0,0,0,0,0,0,0,0,0,0,0,0,0,0,0,0.7195396,0.8115242,0.828931,0.8532466,0.9038298,1,0.9257258,0,0,0,0,0,0,0,0,0,0,0,0,0,0
0,0,0,0,0,0,0,0,0,0,0,0,0,0.6660781,0.6887603,0.9465067,1,0.9201331,0,0,0.6551209,0.6960244,0.6731002,0.6579152,0,0,0,0,0,0,0,0,0,0,0,0,0,0,0,0,0,0,0,0,0,0,0,0,0.832078,1,0.9976229,0.8338712,0,0,0,0,0,0,0,0,0,0,0,0,0,0,0,0,0,0,0,0,0,0,0,0,0.6318873,0,0.6549797,0.6633467,0.8024614,0.9075109,1,0.9277847,0.6894675,0,0.6479078,0.6738175,0.6642776,0.6376821,0.6491837,0,0,0,0,0,0,0,0,0,0,0,0,0,0,0,0.612118,0.6279861,0.6143453,0.6517784,0.6431548,0.6790778,0,0.6573784,0.8997996,1,0.9578565,0.7368248,0,0,0.6761627,0.6368705,0.6475133,0.6259601,0.6409768,0,0,0,0,0,0,0,0,0,0,0,0,0,0,0,0,0,0,0,0.6735193,0.6767734,0.7233344,0.8173081,0.8768077,1,0.9247943,0,0,0.6543268,0.6580373,0.6428573,0,0,0,0,0,0,0,0,0
0,0,0,0,0,0,0,0,0,0,0,0,0,0.5986776,0.6368927,0.9033223,1,0.9392868,0.7628525,0.7082647,0.66088,0,0,0,0,0,0,0,0,0,0,0,0,0,0,0,0,0,0,0,0,0,0,0,0,0,0,0,0.8271714,1,0.8426309,0.7849719,0,0,0,0,0,0,0,0,0,0,0,0,0,0,0,0,0,0,0,0,0,0,0,0,0,0,0,0,0,0.9359855,1,0.8533539,0.6906794,0.5885211,0.5935898,0,0,0,0,0,0,0,0,0,0,0,0,0,0,0,0,0,0,0,0,0,0,0,0.5991769,0.5613786,0.5486536,0.626182,0.7582681,0.9999502,1,0.8706586,0.7591942,0.5789046,0,0.5702434,0,0,0,0,0,0,0,0,0,0,0,0,0,0,0,0,0,0,0,0,0,0,0,0,0,0.6326175,0.9636694,1,0.7551427,0.7917203,0.6740331,0.6145222,0.6047726,0,0,0,0,0,0,0,0,0,0
0,0,0,0,0,0,0,0,0,0,0,0,0,0,0,0.9263696,1,0.9571807,0.9577212,0.9440513,0.8848479,0.8024716,0.6887629,0,0,0,0,0,0,0,0,0,0,0,0,0,0,0,0,0,0,0,0,0,0,0,0,0,0.8384328,0.9965253,1,0.8834976,0.8110338,0,0.7951147,0.8267646,0,0,0,0,0,0,0,0,0,0,0,0,0,0,0,0,0,0,0,0,0,0,0,0,0.6516255,0.9425697,1,0.8986753,0.7801305,0.8552086,0.8437505,0.7618849,0,0,0,0,0,0,0,0,0,0,0,0,0,0,0,0,0,0,0,0,0,0,0,0,0,0.6116779,0.8753093,1,0.9550638,0.8408419,0.8706701,0.8315456,0.8121032,0.761286,0.6298226,0,0,0,0,0,0,0,0,0,0,0,0,0,0,0,0,0,0,0,0,0,0,0,0,0.8217536,1,0.9864373,0.8453388,0.8387805,0.8747542,0.8070781,0.7935843,0.7903471,0.7182547,0,0,0,0,0,0,0,0
0,0,0,0,0,0,0,0,0,0,0,0,0,0,0,0.9361753,1,0.9117018,0.7861734,0.8746417,0.8942904,0.9344537,0.8598953,0,0,0,0,0,0,0,0,0,0,0,0,0,0,0,0,0,0,0,0,0,0,0,0,0,0,0.9310244,0.9352057,0.8753607,0,0.9529977,1,0.9276352,0,0.9148286,0.8734502,0,0,0,0,0,0,0,0,0,0,0,0,0,0,0,0,0,0,0,0,0,0,0.9521574,1,0.8878665,0.7879881,0.7966501,0.7518117,0.8784711,0.8785122,0.8260716,0.7542328,0.7380173,0.7466135,0,0,0,0,0,0,0,0,0,0,0,0,0,0,0,0,0,0,0,0,0,0.9058984,1,0.9636806,0.7819614,0.7825413,0.7614903,0.7973209,0.8894817,0.8320764,0,0.7131754,0.6937931,0,0,0,0,0,0,0,0,0,0,0,0,0,0,0,0,0,0,0,0,0,0.8127537,1,0.987623,0.826072,0.9050277,0.8412777,0.8727636,0.8912598,0.9061934,0,0,0,0,0,0,0,0,0
0,0,0,0,0,0,0,0,0,0,0,0,0,0,0.7442011,0.9286751,1,0.9108141,0.9240451,0.8470978,0.8317103,0.811765,0.775588,0.653354,0.6551809,0.7216556,0.666527,0.5973017,0,0,0,0,0,0,0,0,0,0,0,0,0,0,0,0,0,0,0,0,0.8287256,1,0.992128,0.8906144,0.8284943,0.8496597,0.8293242,0.7340642,0.7454332,0.8116089,0.8398478,0.74567,0.7242634,0.8711606,0.8259622,0.7250817,0,0,0,0,0,0,0,0,0,0,0,0,0,0.606507,0.6145192,0.6049821,0.7387002,0.9512322,1,0.9280748,0.8767843,0.8207505,0.7456639,0.7809288,0.7187625,0.6954921,0.6988733,0.5985428,0.648506,0,0.7125294,0.6285744,0,0,0,0,0,0,0,0,0,0,0,0,0,0,0.5788321,0.5948314,0.6584667,0.6791595,0.8815572,1,0.9587005,0.9078853,0.9153686,0.8449603,0.7947019,0.8006538,0.7085292,0.6962603,0.6836838,0.6020944,0.6541141,0.57898,0.6539429,0.5957682,0,0,0,0,0,0,0,0,0,0,0,0,0,0,0,0.6660818,0.7001231,0.6960318,0.9534546,1,0.869563,0.9236359,0.9101276,0.8480403,0.8607276,0.8124922,0.6371453,0.8528319,0.8542951,0.8218859,0.7684638,0.7404447,0.7306839,0,0
0,0,0,0,0,0,0,0,0,0,0.6349011,0.6533952,0,0.7814083,0.8859152,0.9556459,1,0.9270475,0.8366976,0.7532865,0.7367988,0.7234042,0.6613199,0,0.6858346,0.6993411,0,0,0,0,0,0,0,0,0,0,0,0,0,0,0,0,0,0,0,0,0,0,0.8571245,1,0.982647,0.8802038,0.8386887,0.7616614,0.7688907,0.9193816,0.905843,0.8379027,0.867594,0.7799077,0.8026976,0.7474539,0,0,0,0,0,0,0,0,0,0,0,0,0,0,0.6764489,0.6803029,0.7066875,0,0.7879675,0.9610659,1,0.870599,0.6960528,0.7677311,0.753691,0.7019743,0.7401015,0,0.7074879,0,0,0.6893048,0.6603651,0,0,0,0,0,0,0,0,0,0,0,0,0,0,0,0,0,0.7427065,0.8169207,0.7664664,1,0.9589597,0.7810106,0.8272274,0.7625808,0.701497,0.705804,0.6358886,0,0.6827934,0.6510009,0.6379926,0.6667655,0,0,0,0,0,0,0,0,0,0,0,0,0,0,0,0.6564891,0.6799116,0.6686336,0.6777819,0.7614555,0.9267004,1,0.9178713,0.8683038,0.659898,0,0.7697318,0.8301472,0.8376632,0.7340176,0.825574,0.7083151,0.7348285,0.7643893,0.7133051,0.6706181,0
0,0,0,0,0,0,0,0,0,0,0,0.6844094,0.769941,0.8560996,0.80923,0.9555103,1,0.870185,0.7369986,0.6761391,0,0,0,0,0,0,0,0,0,0,0,0,0,0,0,0,0,0,0,0,0,0,0,0,0,0,0.6693559,0.6647642,0.7219672,0.907418,0.7952944,0.9242511,1,0.992867,0.9383563,0.7832252,0.8471056,0.7918272,0.6661685,0,0,0,0,0,0,0,0,0,0,0,0,0,0,0,0,0,0,0.6514337,0.6925049,0.6653925,0.6971676,0.961374,1,0.894635,0.8302992,0.8459595,0.8333145,0.7383927,0.6695986,0.693009,0.6593696,0,0,0,0,0,0,0,0,0,0,0,0,0,0,0,0,0,0,0,0,0.6445451,0.6825536,0.7899686,0.8792763,1,0.9500183,0.7401404,0.7812127,0.8103575,0.7729961,0.7512609,0.7295931,0.7015474,0.6217246,0,0,0,0,0,0,0,0,0,0,0,0,0,0,0,0,0,0,0,0.7391005,0.8060671,0.770996,0.8081226,0.9806253,1,0.8382786,0.7618435,0.6905096,0.8495448,0.8530595,0.8462062,0.8377592,0.7865027,0.7014416,0,0,0,0,0,0
0,0,0,0,0,0,0,0,0,0,0,0,0,0.8162291,0.7962491,0.8986446,1,0.9092913,0,0,0,0,0,0,0,0,0,0,0,0,0,0,0,0,0,0,0,0,0,0,0,0,0,0,0,0,0,0.7331782,0.783489,0.8331185,0.9869215,1,0.889352,0.7933474,0.8005468,0.7283563,0,0,0,0,0,0,0,0,0,0,0,0,0,0,0,0,0,0,0,0,0,0,0.827592,0.8659346,0.8462614,0.933044,1,0.938281,0.8450483,0.7775118,0.7530385,0,0,0,0,0,0,0,0,0,0,0,0,0,0,0,0,0,0,0,0,0,0,0,0,0.7713385,0.8377439,0.8222139,0.8933929,1,0.9533063,0.6989821,0.700893,0.7358626,0.6688198,0,0,0,0,0,0,0,0,0,0,0,0,0,0,0,0,0,0,0,0,0,0,0.733006,0.7791429,0,0.8274188,0.7491025,0.9246712,1,0.8980702,0.844745,0.8300239,0,0.7627934,0,0,0,0,0,0,0,0,0,0
0,0,0,0,0,0,0,0,0,0,0,0,0.6588241,0.77572,0.8455091,0.8757976,1,0.8745383,0,0,0,0,0,0,0,0,0,0,0,0,0,0,0,0,0,0,0,0,0,0,0,0,0,0,0,0,0,0,0.76048,1,0.9857018,0.8593569,0.7564247,0,0,0,0,0,0,0,0,0,0,0,0,0,0,0,0,0,0,0,0,0,0,0,0,0,0,0.6931046,0.7709318,0.9762441,1,0.8816462,0.7251811,0,0,0,0,0,0,0,0,0,0,0,0,0,0,0,0,0,0,0,0,0,0,0,0,0,0,0.6489162,0.7410018,0.7998573,0.7972049,1,0.94515,0.5771104,0.5750924,0,0,0,0,0,0,0,0,0,0,0,0,0,0,0,0,0,0,0,0,0,0,0,0,0,0.6664428,0.7581376,0,0.8644187,0.9928099,1,0.8415858,0.7215912,0,0,0,0,0,0,0,0,0,0,0,0,0
