GestureName: triangle
Duration(ms): 1410
Handedness: right

SpeakerAngles: 5
55
-55
0
0
110

SpeakerElevations: 5
-10
-10
-10
0
30

InterpretedPoints: 30
-8.91632250865424,16.2357055889052,-4.38918542133544
-2.42721224957257,3.42592317565327,-0.847296355333861
0,0,0
0,0,0
0,0,0
6.41111588946614,1.88353452527069,-1.78446275633149
0,0,0
0,0,0
-1.6134145682232,-4.09934054895166,0.694592710667721
-2.44139304404812,-16.6536850875436,1.45201902033782
-5.68949337220784,-21.5742110496959,0.993908086339398
-9.74430098447916,-24.6552321575422,-0.158795558326741
-10.543917871353,-23.821705247341,-0.00609191366060191
-8.12379601901819,-20.287227219853,-0.527036446661393
-0.00709039723777505,-7.36800493768926,0.368240888334652
3.21264834197084,-13.3012580056334,0.215537243668512
5.68240297497007,10.8474154772005,0.763518223330696
4.87569569085847,18.6261513435552,-0.625667198004746
9.73721058724139,19.3024194668408,0.700684624328323
11.3648059499401,13.3360403195948,2.91622186799684
8.10961522454264,12.5512173444744,1.2635182233307
8.09543443006709,0.655097932193073,2
1.62050496546097,-5.83067616021406,1.02094453300079
0,0,0
5.66113178325674,15.1407628599393,-0.910129954336234
4.07607880398464,12.1160798659381,1.08987004566377
4.90405727980957,20.5558916085906,0.853388268994462
5.72494535839672,18.4138250686627,2.20068462432832
4.09734999569797,19.9910290871269,1.02703644666139
4.88987648533402,17.0489473250909,0.547980979662184

StrokePoints: 31
0,0,0
-8.91632250865424,16.2357055889052,-4.38918542133544
-11.3435347582268,19.6616287645585,-5.2364817766693
-11.3435347582268,19.6616287645585,-5.2364817766693
-11.3435347582268,19.6616287645585,-5.2364817766693
-11.3435347582268,19.6616287645585,-5.2364817766693
-4.93241886876067,21.5451632898292,-7.02094453300079
-4.93241886876067,21.5451632898292,-7.02094453300079
-4.93241886876067,21.5451632898292,-7.02094453300079
-6.54583343698386,17.4458227408775,-6.32635182233307
-8.98722648103199,0.792137653333896,-4.87433280199525
-14.6767198532398,-20.782073396362,-3.88042471565586
-24.421020837719,-45.4373055539042,-4.0392202739826
-34.964938709072,-69.2590108012452,-4.0453121876432
-43.0887347280902,-89.5462380210981,-4.57234863430459
-43.0958251253279,-96.9142429587874,-4.20410774596994
-39.8831767833571,-110.215500964421,-3.98857050230143
-34.200773808387,-99.3680854872204,-3.22505227897073
-29.3250781175286,-80.7419341436652,-3.85071947697548
-19.5878675302872,-61.4395146768244,-3.15003485264715
-8.22306158034704,-48.1034743572297,-0.233812984650319
-0.113446355804399,-35.5522570127552,1.02970523868038
7.98198807426269,-34.8971590805622,3.02970523868038
9.60249303972366,-40.7278352407762,4.05064977168117
9.60249303972366,-40.7278352407762,4.05064977168117
15.2636248229804,-25.5870723808369,3.14051981734493
19.339703626965,-13.4709925148989,4.2303898630087
24.2437609067746,7.0848990936917,5.08377813200316
29.9687062651713,25.4987241623544,7.28446275633149
34.0660562608693,45.4897532494813,8.31149920299288
38.9559327462033,62.5387005745723,8.85948018265506

Velocities: 30
-2,3,7
0,2,0
0,0,0
0,0,0
0,0,0
7,-7,-7
0,0,0
0,0,0
-2,0,-2
-5,-5,-7
-8,-7,-8
-9,-6,-10
-9,-4,-10
-7,-5,-8
-1,-2,-2
3,-3,-7
4,2,4
6,5,7
8,4,7
5,1,6
5,1,4
2,-4,2
0,-1,-2
0,0,0
5,0,6
3,4,4
5,8,8
4,8,7
4,8,8
5,6,6

InverseVelocities: 30
0,0,-7
0,0,0
0,0,0
0,0,0
0,0,0
-2,0,2
0,0,0
0,0,0
0,0,0
0,0,0
3,2,3
0,0,0
0,0,0
0,0,0
0,0,0
0,2,7
0,0,0
0,0,0
0,-2,0
0,-2,-1
0,-3,-4
0,0,-3
0,0,0
0,0,0
-5,0,-6
0,0,0
0,0,0
0,0,0
0,0,0
-3,0,-4

RawData: 30
0,0,0,0,0,0,0,0,0,0,0,0.6872831,0.6681042,0,0,0.9350283,1,0.9175074,0.7189581,0,0,0,0,0,0,0,0,0,0,0,0,0,0,0,0,0,0,0,0,0,0,0,0,0,0,0,0,0,0.8655034,1,0.9482682,0.7033488,0,0.6644939,0.6933539,0.6617256,0,0,0,0,0,0,0,0,0,0,0,0,0,0,0,0,0.6544901,0.655459,0,0,0.6363114,0.668582,0.6248833,0,0.7468948,0.9683552,1,0.8565944,0,0,0.6385658,0.6454679,0,0,0,0.6646879,0.6419268,0,0,0,0,0,0,0,0,0,0,0,0,0,0,0,0,0,0.6287957,0.6339852,0,0,0.8801922,1,0.9435681,0.6207383,0.61848,0.6606298,0.6569369,0.6520029,0,0.6004522,0.5990604,0.6070035,0,0,0,0,0,0,0,0,0,0,0,0,0,0.6419615,0.6191075,0,0,0.6782176,0.6899277,0.6721923,0,0.7199473,0.9690151,1,0.8474205,0,0,0.6157673,0.637257,0,0,0,0,0,0,0,0,0,0
0,0,0,0,0,0,0,0,0,0,0,0,0,0,0,0.9045783,1,0.9434123,0.6768957,0,0,0,0,0,0,0,0,0,0,0,0,0,0,0,0,0,0,0,0,0,0,0,0,0,0,0,0,0,0.8437902,1,0.9737749,0.7066541,0,0,0.6871096,0,0,0,0,0,0,0,0,0,0,0,0,0,0,0,0,0,0,0,0,0,0,0,0,0,0,0.9553283,1,0.8818034,0,0,0,0,0,0,0,0,0,0,0,0,0,0,0,0,0,0,0,0,0,0,0,0,0,0,0,0,0,0.6275215,0.8683695,1,0.9597659,0.6853114,0,0,0.6470619,0,0,0,0,0,0,0,0,0,0,0,0,0,0,0,0,0,0,0,0,0,0,0,0.6448426,0.6514698,0,0,0.9560065,1,0.8667834,0,0,0,0,0,0,0,0,0,0,0,0,0,0
0,0,0,0,0,0,0,0,0,0,0,0,0,0,0,0.9223403,1,0.9088234,0.665835,0,0,0,0,0,0,0,0,0,0,0,0,0,0,0,0,0,0,0,0,0,0,0,0,0,0,0,0,0,0.795428,1,0.9912067,0.760062,0,0,0,0,0,0,0,0,0,0,0,0,0,0,0,0,0,0,0,0,0,0,0,0,0,0,0,0,0.6317743,0.9591087,1,0.8345811,0.6192057,0,0,0,0,0,0,0,0,0,0,0,0,0,0,0,0,0,0,0,0,0,0,0,0,0,0,0,0,0,0.8664064,1,0.9500149,0.6782361,0,0,0,0,0,0,0,0,0,0,0,0,0,0,0,0,0,0,0,0,0,0,0,0,0,0,0,0,0,0.6776448,0.9611758,1,0.857061,0,0,0,0,0,0,0,0,0,0,0,0,0,0
0,0,0,0,0,0,0,0,0,0,0,0,0,0,0,0.9505395,1,0.851916,0.712897,0,0,0,0,0,0,0,0,0,0,0,0,0,0,0,0,0,0,0,0,0,0,0,0,0,0,0,0,0,0.7974234,0.9900534,1,0.8145428,0,0,0,0,0,0,0,0,0,0,0,0,0,0,0,0,0,0,0,0,0,0,0,0,0,0,0,0,0.66937,0.952544,1,0.889679,0,0,0,0,0,0,0,0,0,0,0,0,0,0,0,0,0,0,0,0,0,0,0,0,0,0,0,0,0,0,0.8835929,1,0.9385192,0,0,0,0,0,0,0,0,0,0,0,0,0,0,0,0,0,0,0,0,0,0,0,0,0,0,0,0,0,0,0.7404424,0.98082,1,0.8326334,0,0,0,0,0,0,0,0,0,0,0,0,0,0
0,0,0,0,0,0,0,0,0,0,0,0,0,0,0,0.9112639,1,0.9261337,0.629,0,0,0,0,0,0,0,0,0,0,0,0,0,0,0,0,0,0,0,0,0,0,0,0,0,0,0,0,0,0.7796696,0.8524584,1,0.8678646,0,0,0,0,0,0,0,0,0,0,0,0,0,0,0,0,0,0,0,0,0,0,0,0,0,0,0,0,0.6435776,0.953044,1,0.8717727,0,0,0,0,0,0,0,0,0,0,0,0,0,0,0,0,0,0,0,0,0,0,0,0,0,0,0,0,0,0,0.8646871,1,0.9523045,0.6448665,0,0,0,0,0,0,0,0,0,0,0,0,0,0,0,0,0,0,0,0,0,0,0,0,0,0,0,0,0,0.7260129,0.9878679,1,0.7501002,0,0,0,0,0,0,0,0,0,0,0,0,0,0
0,0,0,0,0,0,0,0,0,0,0,0.6464359,0.6486406,0.6306505,0.609284,0.9184333,1,0.9347309,0.7053353,0.5942497,0.6786968,0.7000781,0.6316228,0,0.5985472,0.616366,0.6012849,0,0,0,0,0,0,0,0,0,0,0,0,0.6631933,0.707701,0.6481535,0,0,0,0,0,0,0.7853908,0.9732607,1,0.8568358,0,0,0,0,0,0,0,0,0,0,0,0,0,0,0,0,0,0,0,0,0.5982,0.5785949,0,0,0.650939,0.6802322,0.6764143,0,0.6835428,0.9617722,1,0.8412051,0.5824219,0.5790667,0.584694,0.590888,0,0,0,0,0,0,0,0,0,0,0,0,0,0,0,0,0,0,0.6193115,0.5909379,0,0,0.6550348,0.6410015,0.6078149,0,0.8661932,1,0.9604264,0.7276435,0,0.6737747,0.6868367,0.6482473,0,0.6041594,0.6401652,0.6378943,0,0,0,0,0,0,0,0,0,0,0,0,0,0.6157852,0.6322638,0.6059418,0,0.6606258,0.7003635,0.6767841,0,0.7300157,0.9637134,1,0.876921,0,0.6244846,0.6785935,0.6674586,0.619849,0,0,0,0,0,0,0,0,0
0,0,0,0,0,0,0,0,0,0,0,0,0,0,0,0.9615822,1,0.865307,0.8163266,0,0,0,0,0,0,0,0,0,0,0,0,0,0,0,0,0,0,0,0,0,0,0,0,0,0,0,0,0,0.8102666,1,0.9905068,0.7892163,0.6654077,0,0,0,0,0,0,0,0,0,0,0,0,0,0,0,0,0,0,0,0,0,0,0,0,0,0,0,0.6176006,0.9445008,1,0.8895836,0,0,0,0,0,0,0,0,0,0,0,0,0,0,0,0,0,0,0,0,0,0,0,0,0,0,0,0,0,0,0.8632236,1,0.9308279,0.6505579,0,0,0,0,0,0,0,0,0,0,0,0,0,0,0,0,0,0,0,0,0,0,0,0,0,0,0,0,0,0.6449291,0.9693687,1,0.8152047,0.603653,0,0,0,0,0,0,0,0,0,0,0,0,0
0,0,0,0,0,0,0,0,0,0,0,0,0,0,0.6632367,0.9353653,1,0.9225252,0.667841,0,0,0,0,0,0,0,0,0,0,0,0,0,0,0,0,0,0,0,0,0,0,0,0,0,0,0,0,0,0.8762765,1,0.8810064,0.846505,0,0,0,0,0,0,0,0,0,0,0,0,0,0,0,0,0,0,0,0,0,0,0,0,0,0,0,0,0.6838372,0.9556316,1,0.8746874,0.6227207,0,0,0,0,0,0,0,0,0,0,0,0,0,0,0,0,0,0,0,0,0,0,0,0,0,0,0,0,0,0.8819903,1,0.95056,0.6546003,0,0,0,0,0,0,0,0,0,0,0,0,0,0,0,0,0,0,0,0,0,0,0,0,0,0,0,0,0,0.7211664,0.9792106,1,0.8200564,0,0,0,0,0,0,0,0,0,0,0,0,0,0
0,0,0,0,0,0,0,0,0,0,0,0.669242,0.7802206,0.8390654,0.8535615,0.8736594,1,0.8940868,0,0,0,0,0,0,0,0,0,0,0,0,0,0,0,0,0,0,0,0,0,0,0,0,0,0,0,0,0.7475619,0.8802175,0.8383833,1,0.9897968,0.7790889,0,0,0,0,0,0,0,0,0,0,0,0,0,0,0,0,0,0,0,0,0,0,0,0,0,0.6069314,0.5876169,0.5873781,0.6496146,0.951342,1,0.8571553,0,0,0,0,0,0,0,0,0,0,0,0,0,0,0,0,0,0,0,0,0,0,0,0,0,0,0,0.5976109,0.6990695,0.756845,0.829825,1,0.9568636,0.6747046,0,0,0,0,0,0,0,0,0,0,0,0,0,0,0,0,0,0,0,0,0,0,0,0,0,0,0,0.7226492,0.8051635,0.7532459,0.9568269,1,0.8505979,0,0,0,0,0,0,0,0,0,0,0,0,0,0
0,0,0,0,0,0,0,0,0.6706217,0.7631266,0.7752336,0.7982317,0.8315243,0.7751169,0.6308904,0.9176988,1,0.8850382,0,0,0,0,0,0,0,0,0,0,0,0,0,0,0,0,0,0,0,0,0,0,0,0.7087454,0.7038699,0.7567104,0.7825407,0.9280912,0.9836431,0.9505352,0.7224185,1,0.9795336,0.7237741,0,0,0,0,0,0,0,0,0,0,0,0,0,0,0,0,0,0,0,0,0.5338924,0.5883193,0,0.6307896,0.6861995,0.7367429,0.7204497,0.6725726,0.6340306,0.9366553,1,0.8775579,0.5820413,0,0,0,0,0,0,0,0,0,0,0,0,0,0,0,0,0,0,0,0,0,0,0.6965064,0.6574407,0.6369305,0.7836396,0.8101419,0.7903911,0.8059024,0.8953095,1,0.9240652,0.6710402,0,0,0,0,0,0,0,0,0,0,0,0,0,0,0,0,0,0,0,0,0,0,0,0,0.7202794,0.8386881,0.9021888,0.9195288,0.8640583,0.7514645,0.96549,1,0.8302525,0.7080342,0.6106491,0,0,0,0,0,0,0,0,0,0,0,0
0,0,0,0,0,0.6602514,0.7597726,0.8205037,0.859687,0.842953,0.7454681,0.6437119,0,0.7031401,0.6888096,0.9031451,1,0.9268845,0.6961258,0.6515825,0.6397585,0.6400532,0.6281773,0,0,0,0,0,0,0,0,0,0,0,0,0,0,0,0,0.7335681,0.7516102,0.7674631,0.8287661,0.8540095,0.9603961,0.983394,0.882253,0.698571,0.8095429,0.9986475,1,0.7761139,0.7324755,0.7670246,0.722526,0,0,0,0,0,0,0,0,0,0,0,0,0,0,0,0,0.6307469,0.6443636,0,0.7727441,0.780865,0.735642,0.7609689,0.6235122,0.6067359,0.6736395,0.9248233,1,0.9193121,0.6874503,0.6764436,0.6661402,0.6287436,0.6065974,0,0,0,0,0,0,0,0,0,0,0,0,0,0,0,0,0.6506411,0.7488513,0.8155203,0.7862011,0.8634934,0.8999937,0.8502368,0.7695327,0.734587,0.8711826,1,0.9595442,0.7327886,0,0,0,0,0,0,0,0,0,0,0,0,0,0,0,0,0,0,0,0,0,0.8471451,0.891363,0.9385411,1,0.9948061,0.9232404,0.8668174,0,0.84507,0.8395265,0.9249844,0.7942175,0,0.70671,0,0,0,0,0,0,0,0,0,0,0,0
0,0,0,0,0.7283493,0.7770489,0.741339,0.7584977,0,0.6913413,0.6619974,0.6949461,0,0.6960633,0.6386709,0.9004639,1,0.9183926,0,0,0,0,0,0,0,0,0,0,0,0,0,0,0,0,0,0,0,0,0,0,0.8481169,0.87577,0.8805953,0,0.7647398,0.8335043,0.7258655,0.7681389,0.7339661,1,0.9944849,0.7011648,0,0,0,0,0,0,0,0,0,0,0,0,0,0,0,0,0,0.6514174,0.7225059,0,0.6121567,0.7749018,0.8765687,0.8500028,0.7650661,0.7242655,0.673552,0.6033801,0,0.9193205,1,0.9099904,0,0,0,0,0,0,0,0,0,0,0,0,0,0,0,0,0,0,0,0.6630489,0.7054827,0.7593469,0.7864983,0.8012121,0.8405721,0.859162,0.7902585,0.6601049,0.6726333,0.679614,0.8425879,1,0.9802421,0.7063771,0,0,0,0,0,0,0,0,0,0,0,0,0,0,0,0,0,0,0.7033913,0.777593,0.8453948,0.9620523,0.9788079,0.9440026,0.8912058,0.8736562,0.7019676,0.7327644,0,0.7996138,0.9471396,1,0.9309112,0.7324278,0.715824,0,0,0,0,0,0,0,0,0,0,0,0
0,0,0,0,0.74977,0.7849022,0.8384467,0.8882349,0.870367,0.84774,0.8363779,0.7469116,0,0,0.7795235,0.9091808,1,0.9298998,0,0,0,0,0,0,0,0,0,0,0,0,0,0,0,0,0,0,0,0,0,0,0,0,0.8969771,0.9566866,0.9561284,0.8593016,0,0,0.8481436,1,0.9925747,0,0,0,0,0,0,0,0,0,0,0,0,0,0,0,0,0,0,0.7272446,0.7885807,0.7643789,0.7702447,0.7622148,0.7984795,0.8395384,0.8143822,0.7739628,0,0,0,0.9379842,1,0.8995906,0,0,0,0,0,0,0,0,0,0,0,0,0,0,0,0,0,0,0,0.762696,0.791844,0.7468957,0.8032283,0.8529937,0.8457935,0.7976763,0,0,0.7588747,0.739211,0.8421144,1,0.9889048,0.8170946,0,0,0,0,0,0,0,0,0,0,0,0,0,0,0,0,0,0,0,0.8038197,0.9011762,0.9477633,0.9267898,0.8755287,0.888772,0.8209122,0.7806158,0,0,0,0.9342809,1,0.9169748,0,0,0,0,0,0,0,0,0,0,0,0,0,0
0,0,0,0,0,0,0.7204315,0.7051553,0.6883173,0,0.7307868,0.7480174,0,0.71968,0.7327926,0.915536,1,0.913922,0,0,0,0,0,0,0,0,0,0,0,0,0,0,0,0,0,0,0,0,0,0,0,0.810031,0.9105241,0.937404,0.9814503,0.9990066,0.9584476,0.8653145,0.8521153,1,0.9874808,0.7562612,0,0,0,0,0,0,0,0,0,0,0,0,0,0,0,0,0,0,0,0.7012384,0.7670839,0.7625554,0.7235207,0.7744243,0.8106417,0.8480612,0.8011947,0,0.7036234,0.9329398,1,0.892992,0,0,0,0,0,0,0,0,0,0,0,0,0,0,0,0,0,0,0,0,0.6849018,0.774529,0.7904587,0.7903169,0.8559497,0.8078145,0.7789772,0.7747848,0.7481088,0.7107815,0.8522991,1,0.9797403,0.7643318,0,0,0,0,0,0,0,0,0,0,0,0,0,0,0,0,0,0,0,0.7209647,0.815268,0.8417217,0.8485697,0.9153754,0.9401166,0.9289154,0.864269,0.8620067,0.8181078,0.759356,0.9699882,1,0.8312218,0,0,0,0,0,0,0,0,0,0,0,0,0,0
0,0,0,0,0,0,0,0,0,0,0,0,0.8053755,0.8569073,0.8624101,0.9046721,1,0.9344406,0,0,0,0,0,0,0,0,0,0,0,0,0,0,0,0,0,0,0,0,0,0,0,0,0,0,0.8304723,0.8045791,0,0.9324994,0.9597588,1,0.9422121,0,0,0,0,0,0,0,0,0,0,0,0,0,0,0,0,0,0,0,0,0,0,0,0,0,0,0.8169122,0.8420206,0.8362701,0.8632275,0.9409075,1,0.9070918,0,0,0,0,0,0,0,0,0,0,0,0,0,0,0,0,0,0,0,0,0,0,0,0,0.7669967,0,0.7775935,0.8129541,0.7510324,0.8423219,0.8105339,1,0.9795005,0,0,0,0,0,0,0,0,0,0,0,0,0,0,0,0,0,0,0,0,0,0,0,0,0,0,0,0.788063,0.8676128,0.852583,0.7845206,0.9713784,1,0.8621185,0,0,0,0,0,0,0,0,0,0,0,0,0,0
0,0,0,0,0,0,0,0,0,0,0,0,0,0.6032407,0.6943544,0.9226166,1,0.9174523,0.753368,0,0.7057778,0.6610643,0.6376607,0,0,0,0,0,0,0,0,0,0,0,0,0,0,0,0,0,0,0,0,0.6776884,0.6900737,0.6919819,0,0.8044481,0.8907411,1,0.9688309,0.8985918,0.69611,0.7370468,0.6885716,0,0,0,0,0,0,0,0,0,0,0,0,0,0,0,0,0,0.5838709,0.5813504,0,0,0.5798817,0.6474909,0.6530292,0.6628633,0.79401,0.8891343,1,0.8821619,0.751937,0.686115,0.6053883,0.6282898,0,0,0,0.6137081,0.5864336,0,0,0,0,0,0,0,0,0,0,0,0,0.6180133,0.6100954,0.581724,0.5794638,0.6422859,0.6937166,0.6707147,0,0.6999534,0.8657565,1,0.9877561,0.7982207,0.7224885,0.7184628,0,0,0,0,0,0,0,0,0,0,0,0,0,0,0,0,0,0,0,0,0,0,0,0.6531674,0.6767563,0.6938033,0.6642917,0.7851531,0.9775451,1,0.8966941,0.7440543,0.7172973,0.6711431,0.6404176,0,0,0,0,0,0,0,0,0,0
0,0,0,0,0,0,0,0,0,0,0,0,0,0,0,0.9094192,1,0.9478194,0.8728554,0.8833392,0.8338147,0.8057911,0.8101388,0.7638694,0,0,0,0,0,0,0,0,0,0,0,0,0,0,0,0,0,0,0,0,0,0,0,0,0.8121452,0.8533737,0.9703428,1,0.9479841,0,0.8033247,0,0,0,0,0,0,0,0,0,0,0,0,0,0,0,0,0,0,0,0,0,0,0,0,0,0,0.9379502,1,0.9190194,0.7988777,0.7302534,0,0.7747676,0.7680107,0.7341022,0,0,0,0,0,0,0,0,0,0,0,0,0,0,0,0,0,0,0,0,0,0,0,0,0.7735417,1,0.9793263,0.8808128,0.8708053,0,0.8122837,0.8353954,0.8266904,0.7685629,0,0,0,0,0,0,0,0,0,0,0,0,0,0,0,0,0,0,0,0,0,0,0,0.8423919,0.9793848,1,0.942083,0.9471161,0.8207648,0.850773,0.8346404,0.8219487,0.7921138,0,0,0,0,0,0,0,0
0,0,0,0,0,0,0,0,0,0,0,0,0,0,0,0.8895047,1,0.8986486,0.6866844,0.7291531,0.635405,0.712504,0.7981216,0.7416461,0.7613685,0.7220795,0,0,0,0,0,0,0,0,0,0,0,0,0,0,0,0,0,0,0,0,0,0,0,0.9488355,0.9783999,0.9765878,1,0.8738785,0.819761,0.6751882,0.6648052,0.6778021,0,0,0,0,0,0,0,0,0,0,0,0,0,0,0,0,0,0,0,0,0,0,0.6439773,0.9286693,1,0.8875436,0.8023947,0.8484685,0.7933531,0.6754341,0.7045009,0.6487399,0.6565205,0.604058,0.5836841,0,0,0,0,0,0,0,0,0,0,0,0,0,0,0,0,0,0,0,0,0.5587569,0.8834317,1,0.9532074,0.6936826,0.7048031,0.5660521,0.6783469,0.724762,0.7416322,0.5933756,0.6540685,0.6278551,0,0,0,0,0,0,0,0,0,0,0,0,0,0,0,0,0,0,0,0,0.6849472,0.7932855,0.8832361,1,0.8469989,0,0.9280279,0.903259,0.7821289,0.8774932,0.7914303,0,0,0,0,0,0,0,0
0,0,0,0,0,0,0,0,0,0,0,0,0,0,0,0.9045322,1,0.9156582,0.6228306,0.6849093,0.8131714,0.8803609,0.8721398,0.8029801,0.764455,0.6291586,0.6300724,0.6451119,0,0,0,0,0,0,0,0,0,0,0,0,0,0,0,0,0.6942089,0.6841305,0.7076023,0,0.7528531,1,0.979892,0,0.9182675,0.9590282,0.8569741,0.7057279,0.7669832,0,0,0,0,0,0,0,0,0,0,0,0,0,0,0,0,0,0,0,0,0,0,0.6345047,0.6386352,0.935626,1,0.8955756,0.5921174,0.7642205,0.6632691,0.7638561,0.7391996,0.7018914,0.6856952,0.7634786,0.7164804,0,0,0,0,0,0,0,0,0,0,0,0,0,0,0,0,0,0,0,0,0,0.8536127,1,0.9726946,0.7286421,0.673577,0.687666,0.6674274,0.742762,0.6894431,0.6589473,0.7654563,0.7536038,0.6782844,0,0,0,0,0,0,0,0,0,0,0,0,0,0,0,0,0,0.6761149,0.688877,0.7126281,0.8490003,1,0.9895537,0.856685,0.9546724,0.9034605,0.9081666,0.8784747,0.7328845,0.6672165,0.7755502,0.7802758,0.6752939,0,0,0,0,0
0,0,0,0,0,0,0,0,0,0,0,0,0,0,0.6862879,0.9355981,1,0.9027558,0,0,0.7818084,0.8164788,0.8284366,0.8317776,0.7930741,0,0,0,0,0,0,0,0,0,0,0,0,0,0,0,0,0,0,0,0.7637547,0,0.8077591,0.8935759,0.9479094,1,0.9373062,0.8254352,0.8669277,0.8606374,0,0,0,0,0,0,0,0,0,0,0,0,0,0,0,0,0,0,0,0,0,0,0,0,0.6963947,0.7138539,0.7383304,0.9313875,1,0.8979304,0.7190703,0.7822033,0.685177,0.787533,0.7965943,0.7200206,0.7437625,0.7813119,0,0,0,0,0,0,0,0,0,0,0,0,0,0,0,0,0,0,0,0,0,0.7768355,0.8922669,1,0.9527976,0.756378,0.7678096,0.7233165,0.7547091,0.8401427,0.8448192,0.7575027,0.7544386,0.7488263,0,0,0,0,0,0,0,0,0,0,0,0,0,0,0,0,0,0,0,0.8314232,0.8603479,0.9421203,0.8809668,1,0.8110433,0.9473891,0.8974789,0.8717013,0.8812679,0.8657481,0.8243554,0.838654,0.7958137,0.7533307,0.7767429,0.7498562,0,0,0
0,0,0,0,0,0,0,0,0,0,0,0,0,0,0,0.9368021,1,0.9067643,0.7511151,0.7437264,0.8583863,0.8534275,0.7960476,0,0.7167992,0,0,0,0,0,0,0,0,0,0,0,0,0,0,0,0,0,0,0.8297741,0.8761266,0,0.8944205,0.8467396,0.7711886,0.9808698,1,0.8573161,0,0.7832397,0,0,0,0,0,0,0,0,0,0,0,0,0,0,0,0,0,0,0,0,0,0.712284,0.7349423,0.6762237,0.7632133,0.7603278,0.7427279,0.9512052,1,0.9151115,0.6719981,0,0.7665085,0.8110861,0,0.6978729,0,0,0,0,0,0,0,0,0,0,0,0,0,0,0,0,0,0,0,0.7040758,0.701413,0.6713656,0.7499478,0.7894509,0.8680016,1,0.9476467,0,0,0.7923982,0.86143,0.870903,0.8230542,0.7368428,0.7179738,0.6825575,0,0,0,0,0,0,0,0,0,0,0,0,0,0,0,0,0,0,0.8282456,0.8369679,0.8316606,0.8818527,1,0.9997194,0.8175915,0.7898121,0,0.8981838,0.888418,0.8853928,0.886254,0.8134019,0,0,0,0,0,0,0
0,0,0,0,0,0,0,0,0,0,0,0,0,0,0.6990917,0.9281198,1,0.9416986,0.8827114,0.8347021,0.7689196,0.6709146,0,0,0,0,0,0,0,0,0,0,0,0,0,0,0,0,0,0,0,0,0.7457273,0.7225886,0.8586484,0.8501174,0.765852,0.7463264,0.8797064,1,0.9860111,0.8439932,0.7328711,0,0,0,0,0,0,0,0,0,0,0,0,0,0,0,0,0,0,0,0,0,0,0,0.8005436,0.7839457,0.7984309,0.8157507,0.8062541,1,0.9734761,0.896942,0.8786721,0.8356063,0.8140111,0.7239586,0,0,0,0,0,0,0,0,0,0,0,0,0,0,0,0,0,0,0,0.6303958,0.6430521,0.683304,0.6708924,0.6921701,0.7150384,0.6593965,0.830974,1,0.9901822,0.889403,0.8509595,0.7996518,0,0,0,0,0,0,0,0,0,0,0,0,0,0,0,0,0,0,0,0,0,0,0.7164227,0.7193562,0.7913232,0.8373256,0.7912117,0.8060055,0.9872347,1,0.8974645,0.8557439,0.7656572,0,0,0.6677364,0,0,0,0,0,0,0,0,0
0,0,0,0,0,0,0,0,0,0,0,0,0,0.6488546,0.8517403,0.929236,1,0.8685775,0.7571973,0,0,0,0,0,0,0,0,0,0,0,0,0,0,0,0,0,0,0,0,0,0,0,0,0,0,0.663384,0.7421913,0.8169976,0.8841831,1,0.8808606,0.8232999,0,0,0,0,0,0,0,0,0,0,0,0,0,0,0,0,0,0,0,0,0,0,0,0,0,0.6117472,0.7185285,0.6763234,0.838584,0.9171093,1,0.8801199,0.6852182,0.6415886,0,0,0,0,0,0,0,0,0,0,0,0,0,0,0,0,0,0,0,0,0,0,0,0.6116042,0.6021736,0,0,0.7299501,0.9176959,1,0.9455121,0.7225839,0.5675787,0,0,0,0,0,0,0,0,0,0,0,0,0,0,0,0,0,0,0,0,0,0,0,0.6652936,0.7262387,0.7055375,0.720356,0,0.8402935,0.9202854,1,0.9010978,0.6774195,0.5888161,0,0,0,0,0,0,0,0,0,0,0,0
0,0,0,0,0,0,0,0,0,0,0,0,0,0,0.7750996,0.9604464,1,0.8874437,0,0,0,0,0,0,0,0,0,0,0,0,0,0,0,0,0,0,0,0,0,0,0,0,0,0,0,0,0,0.7108492,0.8402572,1,0.9920291,0.8216726,0,0,0,0,0,0,0,0,0,0,0,0,0,0,0,0,0,0,0,0,0,0,0,0,0,0,0,0.6714398,0,0.950488,1,0.8737,0,0,0,0,0,0,0,0,0,0,0,0,0,0,0,0,0,0,0,0,0,0,0,0,0,0,0,0,0.6836535,0.8430613,0.8539828,1,0.9887214,0.7471568,0,0,0,0,0,0,0,0,0,0,0,0,0,0,0,0,0,0,0,0,0,0,0,0,0,0,0,0.7080133,0.7834468,0.8832977,1,0.9990982,0.8331667,0,0,0,0,0,0,0,0,0,0,0,0,0,0
0,0,0,0,0,0,0,0,0.6171952,0.658921,0.6417803,0.637992,0,0,0.6767002,0.9192241,1,0.9123667,0.7887548,0.629744,0,0.6302672,0.6751156,0.6588438,0.6220647,0,0,0,0,0,0,0,0,0,0,0,0,0,0,0,0,0,0,0,0,0,0,0,0.844381,1,0.9656602,0.6998656,0.6823879,0,0,0,0,0,0,0,0,0,0,0,0,0,0,0,0,0,0,0,0,0.6162028,0.652405,0.6715095,0.650329,0.6144592,0,0,0.6907613,0.9450684,1,0.8911107,0.7778716,0.6333969,0.5920715,0.5903762,0.6464181,0.6332736,0.6241918,0.5831476,0,0,0,0,0,0,0,0,0,0,0,0,0,0,0,0.6688689,0.6664922,0.6554576,0,0,0,0.6699347,0.9172527,1,0.9345667,0.9048697,0.8461303,0.6981651,0.6773736,0.6950067,0.729714,0.7353871,0.706974,0.6631874,0,0,0,0,0,0,0,0,0,0,0,0,0,0,0,0,0,0,0,0,0,0.6735356,0.9623312,1,0.8582152,0.7880903,0.6377553,0.6346968,0,0,0,0,0,0,0,0,0,0,0
0,0,0,0,0,0,0,0,0,0,0,0,0,0,0.6360009,0.9352369,1,0.8689837,0.8513764,0.8524684,0.7708991,0.7177579,0.6420398,0,0,0,0,0,0,0,0,0,0,0,0,0,0,0,0,0,0,0,0,0,0,0,0,0,0.8061533,1,0.9879365,0.8635369,0.8581359,0.8266362,0.7924944,0.7468202,0.6420932,0,0,0,0,0,0,0,0,0,0,0,0,0,0,0,0,0,0,0,0,0,0,0,0,0.9374917,1,0.837864,0.8178232,0.6352469,0.7667289,0.7169777,0,0.6074929,0,0,0,0,0,0,0,0,0,0,0,0,0,0,0,0,0,0,0,0,0,0,0,0,0.8712572,1,0.9724163,0.7427671,0.891801,0.9408401,0.908786,0.820253,0.6842963,0.6521659,0.6279968,0,0,0,0,0,0,0,0,0,0,0,0,0,0,0,0,0,0,0,0,0,0,0,0.9598271,1,0.8389109,0.889811,0.9112858,0.9345434,0.9011457,0.8219708,0.7646086,0.7051468,0,0,0,0,0,0,0
0,0,0,0,0,0,0,0,0,0,0,0,0,0,0.6572934,0.9070603,1,0.9394174,0.892128,0.8250163,0.7442,0.812451,0.7574254,0.6416726,0.6262007,0,0,0,0,0,0,0,0,0,0,0,0,0,0,0,0,0,0,0,0,0,0,0,0.8124511,1,0.9583952,0.7056814,0.7593029,0.8288544,0.8390882,0.8453963,0,0,0,0.7534224,0.7085198,0,0,0,0,0,0,0,0,0,0,0,0,0,0,0,0,0,0,0,0.697726,0.9540448,1,0.8816733,0.6886612,0.7267938,0.7704824,0.8124797,0.8100358,0.7092922,0.6411644,0.6384511,0.6150077,0.6204807,0,0,0,0,0,0,0,0,0,0,0,0,0,0,0,0,0,0,0,0,0.8662805,1,0.9463413,0.8570422,0.8167467,0.7899586,0.8124067,0.9236593,0.8531029,0.7714667,0.7445253,0.69179,0.6215339,0,0,0,0,0,0,0,0,0,0,0,0,0,0,0,0,0,0,0,0,0.6923571,0.9658877,1,0.904699,0.921469,0.8459781,0.895889,0.7970716,0.9086161,0.7741012,0.8198307,0.8109491,0.7497573,0.6923223,0,0,0,0
0,0,0,0,0,0,0,0,0,0,0,0,0,0,0.6752571,0.9409267,1,0.9103262,0.8523027,0.7728096,0.8539382,0.8251513,0.6571835,0.6904296,0,0,0,0,0,0,0,0,0,0,0,0,0,0,0,0,0,0,0,0,0,0,0,0,0.82149,1,0.9849957,0.8022137,0.8346537,0.8146551,0.8081083,0.6894956,0.7120016,0.7521094,0.7900648,0.7791851,0.7925926,0,0,0,0,0,0,0,0,0,0,0,0,0,0,0,0,0,0,0,0.6962401,0.9627612,1,0.9051914,0.8150246,0.8178214,0.8638396,0.8474521,0.7886266,0.71534,0.7034768,0.6962322,0.6319224,0,0,0,0,0,0,0,0,0,0,0,0,0,0,0,0,0,0,0,0.6562827,0.6502223,0.8721105,1,0.9603232,0.8792809,0.8707532,0.8595932,0.9017815,0.868508,0.8198313,0.7356187,0.6996536,0.6743022,0.6640176,0,0,0,0,0,0,0,0,0,0,0,0,0,0,0,0,0,0,0,0,0.7751015,1,0.9989161,0.8889884,0.9313875,0.824761,0.9423991,0.9579993,0.9097296,0.7884478,0.7473624,0.7513487,0.7704048,0,0.7710486,0.7662137,0,0
0,0,0,0,0,0,0,0,0,0,0,0,0,0,0.7114674,0.9210512,1,0.8970832,0.8322563,0.8756564,0.8166347,0,0.696346,0.6970887,0,0,0,0,0,0,0,0,0,0,0,0,0,0,0,0,0,0,0,0,0,0,0,0,0.8065853,0.9952374,1,0.853855,0.7730308,0.8432212,0.7290046,0.8407058,0.8546664,0.8357403,0.8213147,0.8544199,0.8155088,0,0,0,0,0,0,0,0,0,0,0,0,0,0,0,0,0,0,0,0,0.9505479,1,0.9291788,0.8395761,0.7813142,0.7596907,0.7400676,0.7841508,0.6909221,0,0.7335261,0.749703,0.6949625,0,0,0,0,0,0,0,0,0,0,0,0,0,0,0,0,0,0,0,0,0.8767537,1,0.9342622,0.897223,0.8974442,0.8328277,0.6765761,0.6998556,0.7792765,0.765918,0.6834766,0.6731522,0.701989,0,0,0,0,0,0,0,0,0,0,0,0,0,0,0,0,0,0,0,0,0.7410915,0.9833758,1,0.7546153,0.8785455,0.820662,0.847652,0.7538905,0,0.7988922,0.7964795,0.7165408,0.7425867,0.7491997,0,0,0,0
0,0,0,0,0,0,0,0,0,0,0.6570376,0.6705059,0.6342322,0.6584445,0,0.9197034,1,0.8482575,0.8275599,0.7248877,0.7028675,0.6873035,0.6259423,0.6063191,0.6295525,0,0,0,0,0,0,0,0,0,0,0,0,0,0,0,0,0,0,0,0,0,0,0.6335787,0.7903068,1,0.9815931,0.8197973,0,0.8553579,0.881409,0.8994724,0.9522882,0.9183657,0.7915007,0,0,0,0,0,0,0,0,0,0,0,0,0,0,0,0,0.6086882,0.5856,0.6306507,0.5916235,0.6679987,0.7276993,0.9484903,1,0.8608748,0.6876317,0.7362347,0.8019879,0.7690197,0.7257985,0.7308683,0.6732622,0.6412756,0,0,0,0,0,0,0,0,0,0,0,0,0,0.5825727,0.6254619,0.5828643,0,0.599354,0.6578101,0.6546155,0,0.6335006,0.836836,1,0.9420072,0.6717396,0.7026994,0.7203003,0.6425427,0.6991847,0.7545397,0.6746247,0.6746713,0.6547394,0,0,0,0,0,0,0,0,0,0,0,0,0,0.6136236,0.6228108,0.6006991,0,0.6040441,0.6713825,0.6479862,0,0.7749689,0.9653207,1,0.8884009,0.6668815,0.7552767,0.6484291,0.7910512,0.8187124,0.7854872,0.7087563,0.6574579,0,0,0,0,0,0
