GestureName: zigzag
Duration(ms): 1410
Handedness: right

SpeakerAngles: 5
55
-55
0
0
110

SpeakerElevations: 5
-10
-10
-10
0
30

InterpretedPoints: 30
0,0,0
8.12379601901819,-9.06455823499032,3.82635182233307
6.50329105355721,9.81988173321203,1.58987004566377
4.91114767704734,20.9694732872432,1.0060919136606
6.53874303974609,26.461225323755,1.13785102532595
8.15215760796929,26.3315002808278,1.48514738065981
3.29773310882414,29.8935120523042,0.13785102532595
0.813797681349374,4.80314241622564,-0.194592710667721
-2.46975463299922,-16.4688925566395,-0.547980979662184
-4.09025959846019,-20.8520897413166,-0.353388268994463
-4.89696688257179,-22.4017600157924,-0.00609191366060191
-4.08316920122242,-19.5986175995668,-0.200684624328323
-0.0212711917133248,-6.87494922118888,0.0628335990023732
1.63468575993652,2.64588362930997,0.979055466999209
4.06898840674687,13.0916733160672,-0.104722665003956
10.5580986658285,24.374226271804,0.832443735993672
7.32417913214436,24.1055618830664,0.506091913660601
8.93759370036756,24.1055618830664,0.506091913660601
8.09543443006709,14.1436136099265,0.263518223330696
-5.67531257773229,-18.6477071434389,0.604722665003955
-16.2121400518475,-26.078028139078,-1.33244373599367
-11.3435347582268,-22.2780129169699,0.493908086339399
-6.48911025908166,-19.6109590965674,0.799315375671676
-4.06189800950909,-12.6932838844023,0.0837781320031643
0,0,0
6.48911025908166,12.4122779986641,0.589870045663766
8.92341290589201,18.4688925566395,0.547980979662184
7.32417913214436,25.0903696360786,0.332443735993671
8.93759370036756,24.1207541300542,0.679740091327532
13.7991085967505,26.4768031795341,2.0060919136606

StrokePoints: 31
0,0,0
0,0,0
8.12379601901819,-9.06455823499032,3.82635182233307
14.6270870725754,0.75532349822171,5.41622186799684
19.5382347496227,21.7247967854649,6.42231378165744
26.0769777893688,48.1860221092199,7.56016480698339
34.2291353973381,74.5175223900477,9.0453121876432
37.5268685061623,104.411034442352,9.18316321296915
38.3406661875116,109.214176858578,8.98857050230142
35.8709115545124,92.745284301938,8.44058952263924
31.7806519560522,71.8931945606215,8.08720125364478
26.8836850734804,49.4914345448291,8.08110933998417
22.800515872258,29.8928169452623,7.88042471565585
22.7792446805447,23.0178677240734,7.94325831465822
24.4139304404812,25.6637513533834,8.92231378165743
28.4829188472281,38.7554246694505,8.81759111665348
39.0410175130566,63.1296509412545,9.65003485264715
46.365196645201,87.2352128243209,10.1561267663078
55.3027903455686,111.340774707387,10.6622186799684
63.3982247756356,125.484388317314,10.925736903299
57.7229121979033,106.836681173875,11.530459568303
41.5107721460558,80.7586530347969,10.1980158323093
30.167237387829,58.480640117827,10.6919239186487
23.6781271287474,38.8696810212596,11.4912392943204
19.6162291192383,26.1763971368573,11.5750174263236
19.6162291192383,26.1763971368573,11.5750174263236
26.1053393783199,38.5886751355214,12.1648874719873
35.028752284212,57.0575676921609,12.7128684516495
42.3529314163563,82.1479373282395,13.0453121876432
51.2905251167239,106.268691458294,13.7250522789707
65.0896337134744,132.745494637828,15.7311441926313

Velocities: 30
0,0,0
3,1,-3
4,3,4
6,10,7
7,11,10
7,9,10
5,11,12
1,1,2
-3,-7,-7
-5,-8,-8
-6,-8,-9
-5,-7,-7
-1,-4,-4
0,1,2
5,5,5
9,6,9
7,7,9
8,6,9
6,0,4
-5,-2,-8
-12,-3,-9
-11,-4,-8
-7,-4,-8
-4,-3,-5
0,0,0
5,2,4
7,3,7
7,7,10
8,6,8
8,3,12

InverseVelocities: 30
0,0,0
-2,0,1
0,0,0
0,0,0
0,0,0
0,0,0
-3,-2,-3
-1,-8,-4
0,0,0
0,0,0
0,0,0
4,0,0
0,0,0
0,0,0
0,0,0
0,0,-1
0,0,0
0,0,0
0,0,0
0,0,0
3,0,3
0,1,0
0,0,0
0,0,0
0,0,0
-3,-2,-3
0,0,0
0,0,0
0,0,0
0,0,0

RawData: 30
0,0,0,0,0,0,0,0,0,0,0,0,0,0,0.7482231,0.9377159,1,0.892914,0.7162328,0,0,0,0,0,0,0,0,0,0,0,0,0,0,0,0,0,0,0,0,0,0,0,0,0,0,0,0,0.7636968,0.8100882,0.9702638,1,0.7640399,0,0,0,0,0,0,0,0,0,0,0,0,0,0,0,0,0,0,0,0,0,0,0,0,0,0,0,0.6719045,0.7735781,0.9575191,1,0.8872607,0.6934081,0,0,0,0,0,0,0,0,0,0,0,0,0,0,0,0,0,0,0,0,0,0,0,0,0,0,0,0.6953167,0.7139049,0.7921343,1,0.9800388,0.7447908,0.6752778,0,0,0,0,0,0,0,0,0,0,0,0,0,0,0,0,0,0,0,0,0,0,0,0,0,0,0.6785049,0.772204,0.7925481,0.9723611,1,0.8496414,0,0,0,0,0,0,0,0,0,0,0,0,0,0
0,0,0,0,0,0,0,0,0,0,0,0.6576748,0.6665722,0.6850214,0.7634934,0.9448681,1,0.8248237,0.8138654,0.7680522,0.6781158,0.7062714,0.6532633,0,0,0,0,0,0,0,0,0,0,0,0,0,0,0,0,0,0,0,0,0,0,0,0,0,0.8685626,1,0.9507115,0.6889058,0.7060462,0.7103217,0,0,0,0,0,0,0,0,0,0,0,0,0,0,0,0,0,0,0,0,0,0,0.6388122,0.686506,0,0,0.6703166,0.9578087,1,0.6976968,0.8252495,0.7547097,0.6536425,0,0,0,0,0,0,0,0,0,0,0,0,0,0,0,0,0,0,0,0.6557254,0.6556385,0,0,0,0,0.6669121,0.6917434,0.8705434,1,0.9156317,0.8318935,0.7889905,0.7116334,0,0.6427804,0.6563066,0,0,0,0,0,0,0,0,0,0,0,0,0,0,0,0,0,0,0,0,0,0,0,0,0.7210257,0.9812658,1,0.8340697,0.7679846,0.6571998,0,0,0,0,0,0.6341738,0.6535509,0,0,0,0,0
0,0,0,0,0,0,0,0,0,0,0,0,0,0,0,0.9208862,1,0.8796045,0.6966732,0.6764492,0.761822,0.7868083,0.7925185,0.6992385,0,0,0,0,0,0,0,0,0,0,0,0,0,0,0,0,0,0,0,0,0,0,0,0,0.8015549,1,0.9919282,0.8873239,0.8679033,0.8320112,0.8244519,0.7090244,0,0,0,0,0,0,0,0,0,0,0,0,0,0,0,0,0,0,0,0,0,0,0,0,0.6255264,0.9445789,1,0.869617,0.6785204,0.6865889,0,0.8004153,0.8290025,0.6772631,0,0,0,0,0,0,0,0,0,0,0,0,0,0,0,0,0,0,0,0,0,0,0,0,0.8873633,1,0.930079,0.6280605,0.7630938,0.7665302,0.6692865,0.7960768,0.7890402,0,0,0,0,0,0,0,0,0,0,0,0,0,0,0,0,0,0,0,0,0,0,0,0,0.7689661,1,0.9908825,0.6945518,0.7617567,0,0.7363725,0.7071869,0,0,0.6521997,0.6494059,0,0,0,0,0,0
0,0,0,0,0,0,0,0,0,0,0,0,0,0,0,0.9307721,1,0.8942556,0.6833518,0.6626904,0.7346463,0.7790838,0.7826657,0.737747,0.7766603,0.7014085,0,0,0,0,0,0,0,0,0,0,0,0,0,0,0,0,0,0,0,0,0,0,0.7741143,1,0.9789488,0.7968984,0,0,0.8637565,0.9014095,0.9292295,0.8846552,0.848107,0.9148969,0.7493669,0.8031715,0.8000219,0,0,0,0,0,0,0,0,0,0,0,0,0,0,0,0,0,0,0.9370099,1,0.846453,0.6858693,0,0.6976632,0.8431728,0.8937067,0.8957459,0.7878828,0.8050526,0.7423165,0,0,0,0,0,0,0,0,0,0,0,0,0,0,0,0,0,0,0,0,0,0.9075276,1,0.9377849,0.6786764,0.6562848,0,0.7263523,0.8077308,0.8376342,0.7999831,0.7532929,0.6997911,0.6351844,0,0,0,0,0,0,0,0,0,0,0,0,0,0,0,0,0,0,0,0,0.7423965,0.9855034,1,0.8204328,0.7240172,0.7026253,0.6898197,0.8416289,0.8209209,0.8579565,0.8496542,0.8959889,0.8640918,0.6999838,0.7182379,0,0,0
0,0,0,0,0,0,0,0,0,0,0,0,0,0,0,0.9286799,1,0.8977219,0.7444443,0.7736825,0.7389312,0.7372816,0.7786826,0.8501649,0.8686414,0.8219458,0.716525,0,0,0,0,0,0,0,0,0,0,0,0,0,0,0,0,0,0,0,0,0.7224596,0.8327947,0.9183435,0.8439282,0,0,0.7371341,0.8132314,0.8219367,0.8843582,0.8733402,0.7361947,0.9076712,1,0.9765446,0.8677713,0.745205,0,0,0,0,0,0,0,0,0,0,0,0,0,0,0,0,0.7110654,0.9466708,1,0.8879237,0,0,0.7220232,0.7249997,0.8277974,0.885037,0.8717161,0.8283148,0.8708914,0.9206245,0.8924348,0.7794544,0,0,0,0,0,0,0,0,0,0,0,0,0,0,0,0,0,0.6597994,0.90039,1,0.9345493,0,0.6790204,0.6925795,0.7298226,0.6583163,0.7943649,0.8229349,0.8299233,0.8112641,0.8415281,0.8353812,0.7556123,0,0,0,0,0,0,0,0,0,0,0,0,0,0,0,0,0,0.7347798,0.7943416,1,0.9996855,0,0.8230395,0.7868425,0.8149856,0.7533768,0.8171512,0.894415,0.8904185,0.7682009,0.9006228,0.9524199,0.7916031,0.8731026,0.8164864,0.7521996
0,0,0,0,0,0,0,0,0,0,0,0,0,0,0,0.937669,1,0.8501733,0.7977949,0,0.7846395,0.7943472,0.7853174,0.8610955,0.8481254,0.7955987,0.7485484,0,0,0,0,0,0,0,0,0,0,0,0,0,0,0,0,0,0,0,0.7943783,0.8186446,0.8752095,0.8899671,0.8002865,0,0,0.8132921,0,0.8052546,0.8351853,0.900727,0.9118196,0.9977867,1,0.9158683,0,0,0,0,0,0,0,0,0,0,0,0,0,0,0,0,0,0,0.7252929,0.9657583,1,0.8604707,0.7199976,0,0.8077741,0.8463121,0.7816004,0.7640198,0.8215842,0.7888487,0.7975932,0.8739632,0.8138458,0.7279423,0,0,0,0,0,0,0,0,0,0,0,0,0,0,0,0,0,0,0.8842919,1,0.9627274,0.7845854,0,0.774165,0.8044535,0.8260424,0.8138782,0.7753995,0.7387887,0.8391023,0.8821234,0.8379945,0.7683285,0.7192701,0,0,0,0,0,0,0,0,0,0,0,0,0,0,0,0,0,0.9206379,0.9956185,0.9504606,0,0,0.8635119,0.8457378,0.899353,0.9072881,0.9528164,0.9086459,0,0.949481,0.9739529,1,0.9733913,0.8251086,0
0,0,0,0,0,0,0,0,0,0,0.6226199,0.648029,0.6040475,0,0.6664042,0.9265457,1,0.9066794,0.7020431,0.741241,0.7151575,0.6484669,0,0,0.6166139,0,0,0,0,0,0,0,0,0,0,0,0,0,0,0,0,0,0,0,0.7386581,0.7148044,0.7151524,0.7829414,0.8516541,0.8567039,0.8672032,0.9020921,0.9748072,1,0.989598,0.9574724,0.8698341,0,0.826263,0.839694,0.7648516,0.726001,0.7491527,0.6997422,0,0.7293175,0,0,0,0,0,0,0,0,0,0,0.6228784,0.5968239,0.630926,0.6482627,0.5939004,0.9660153,1,0.8330557,0.748795,0.7384304,0.7811812,0.7715757,0.7169121,0.6973724,0,0.6427915,0,0.6595906,0.609139,0,0.5927981,0.6166243,0,0,0,0,0,0,0,0,0,0,0,0.664666,0.6904348,0.691835,0,0,0.8848211,1,0.9310371,0.7085174,0.7963298,0.8318953,0.8126217,0.806051,0.7049622,0.7239857,0.782524,0.7605172,0.6746732,0.6074827,0.5996513,0.6115342,0.6066746,0,0,0,0,0,0,0,0,0,0,0,0,0,0,0,0.7982394,0.9219685,0.9959105,1,0.9863464,0.9830899,0.9676986,0.9610822,0.9069023,0.8623791,0.9432792,0.9258167,0.8092031,0.7703633,0.7819092,0.7293888,0,0,0
0,0,0,0,0,0,0,0,0,0,0,0,0.6617529,0.6729291,0,0.9213567,1,0.8984385,0.7619633,0.7077208,0.6377053,0,0,0,0,0,0,0,0,0,0,0,0,0,0,0,0,0,0.6656785,0.7473293,0.7350299,0.7395523,0.7378876,0.7796214,0.9410073,1,0.9965195,0.9767296,0.9491289,0.9018904,0.819578,0.8202817,0.7077917,0.6554978,0,0,0,0,0,0,0,0,0,0,0,0,0,0,0,0,0,0,0,0,0,0.687463,0.7109781,0.757798,0.8404494,0.8598437,0.8335029,0.9324534,1,0.9138213,0.7246374,0.7031395,0.612955,0.5925761,0,0,0,0,0,0,0,0,0,0,0,0,0,0,0,0,0,0,0,0.6061211,0.6084715,0.7089009,0.7577263,0.7715676,0.8064622,0.8102142,0.7434947,1,0.9728368,0.8417441,0.7664071,0.6222259,0.590669,0,0,0,0,0,0,0,0,0,0,0,0,0,0,0,0,0,0,0,0,0.8220867,0.8757381,0.9773377,1,0.9594839,0.891495,0.8560998,0.9229977,0.8143187,0.9299442,0.9308282,0.8421497,0,0,0,0,0,0,0,0,0,0,0,0
0,0,0,0,0,0,0,0,0,0,0.740782,0.7443917,0,0.7780737,0.8152283,0.9418534,1,0.9220932,0,0,0,0,0,0,0,0,0,0,0,0,0,0,0,0,0,0,0,0,0,0.7973291,0,0.8922151,0.974489,1,0.9752011,0.8852241,0.8254724,0,0.8159131,0.9078608,0.9185076,0.8287449,0,0,0,0,0,0,0,0,0,0,0,0,0,0,0,0,0,0,0,0,0.7795902,0.8639393,0.9242164,0.9453974,0.9109941,0.8449057,0.8143384,0.7916353,0,0.9713823,1,0.7995996,0.7897431,0,0,0,0,0,0,0,0,0,0,0,0,0,0,0,0,0,0,0,0,0,0.7661378,0.8542553,0.8808936,0.8615643,0.732128,0.7631013,0.7434109,0,0.841364,0.9982936,1,0.8723226,0,0,0,0,0,0,0,0,0,0,0,0,0,0,0,0,0,0,0,0,0.7794005,0.880823,0.9614256,0.9778494,0.9443487,0.8945388,0.9110653,0.8020232,0.7953722,0.866062,0.9550408,1,0.9468319,0.8278238,0,0,0,0,0,0,0,0,0,0,0,0,0
0,0,0,0,0,0,0,0,0.6656791,0.7322582,0.6663507,0.6713992,0.7136497,0.7195331,0.7265083,0.9378254,1,0.8692029,0.685497,0,0,0,0,0,0,0,0,0,0,0,0,0,0,0,0,0,0,0,0.7475953,0.9261177,0.9688259,0.9650194,1,0.8625931,0.8769916,0.8468729,0.7434103,0,0.7460431,0.9753043,0.9531937,0.7385525,0,0,0,0,0,0,0,0,0,0,0,0,0,0,0,0,0,0,0,0.7744353,0.8483424,0.7416924,0.8069239,0.8128202,0.8635991,0.821709,0.7376657,0,0.7213061,0.949486,1,0.8994526,0,0,0,0,0,0,0,0,0,0,0,0,0,0,0,0,0,0,0,0,0.7610856,0.8696206,0.8938444,0.7561074,0.8108587,0.8472742,0.846289,0.7891992,0.6668509,0,0.892224,1,0.7675557,0.8691925,0,0,0,0,0,0,0,0,0,0,0,0,0,0,0,0,0,0,0,0.7806652,0.8958841,0.9671362,0.9176775,0.769179,0.7140168,0.7985936,0.7285152,0.7446939,0.7850486,0.798664,0.9263309,1,0.9632515,0.8119962,0,0,0,0,0,0,0,0,0,0,0,0,0
0,0,0,0,0,0,0,0.6880013,0.7071652,0.6481937,0,0,0.7093211,0,0.7237118,0.9165943,1,0.9206589,0.6733607,0,0,0,0,0,0,0,0,0,0,0,0,0,0,0,0,0,0,0,0.7903868,0.8752945,0.8785136,1,0.740208,0.9309257,0.8192806,0,0,0,0.8200306,0.9603597,0.9713511,0.819381,0,0,0,0,0,0,0,0,0,0,0,0,0,0,0,0,0,0,0.6618181,0.721938,0.8012765,0.8969213,0.8047854,0.8211486,0.8337593,0.7789244,0.7678612,0,0.6765655,0.9391949,1,0.8776455,0.7387308,0,0,0,0,0,0,0,0,0,0,0,0,0,0,0,0,0,0,0,0.6718621,0.7382382,0.8409572,0.802373,0.7813354,0.8469101,0.7655952,0.7573383,0.6718901,0.658556,0.8310862,1,0.9921143,0.8421032,0,0,0,0,0,0,0,0,0,0,0,0,0,0,0,0,0,0,0,0.8133106,0.8696888,0.9477684,0.8546998,0.8380979,0.8618672,0.822261,0.8284571,0.7650484,0,0.7993593,0.9708933,1,0.9692031,0.840852,0.7166177,0,0,0,0,0,0,0,0,0,0,0,0
0,0,0,0,0,0,0,0,0.633297,0.6785742,0.7086866,0.7419617,0.7100176,0.7300155,0.6805375,0.9181192,1,0.8968625,0.6694777,0.682125,0.6672044,0.6605418,0.6301237,0.6262335,0,0,0,0,0,0,0,0,0,0,0,0,0,0,0,0.7058157,0.90229,1,0.9939827,0.9320886,0.923068,0.7749009,0.8231423,0.7964581,0,0.8981349,0.9857097,0.9006336,0,0,0,0,0,0,0,0,0,0,0,0,0,0,0,0,0,0,0,0,0.749084,0.8155662,0.8018618,0.6333624,0.6734617,0.701619,0.7483985,0.7176171,0.7102257,0.9283892,1,0.9072919,0.7118945,0.6436774,0,0,0,0,0,0,0,0,0,0,0,0,0,0,0,0,0,0,0.6218067,0.6820087,0.6703051,0,0.6773487,0.7523752,0.7703363,0.75773,0.7746261,0.6965616,0.8327829,1,0.9688348,0,0.6434561,0.6121899,0,0.6545943,0.6228358,0.6484399,0,0,0,0,0,0,0,0,0,0,0,0,0,0,0.6869803,0.7947158,0.809916,0.6815042,0.7965907,0.841014,0.68197,0.706034,0.7306887,0,0.9288092,1,0.9566554,0.8122835,0.6965286,0.6718291,0.6586942,0,0,0,0,0,0,0,0,0,0
0,0,0,0,0,0,0,0,0,0,0,0,0.7451414,0.7451392,0.6970659,0.9103301,1,0.9167702,0.7149333,0,0,0,0,0,0,0,0,0,0,0,0,0,0,0,0,0,0,0,0,0,0,0,0.8669412,0.9227398,0.9561685,0.9195528,0.851835,0.9019409,1,0.9965986,0.9303276,0.91847,0,0,0,0,0,0,0,0,0,0,0,0,0,0,0,0,0,0,0,0,0,0,0,0.6429355,0.6958401,0.7374471,0.7039604,0.7355874,0.8118265,0.9484771,1,0.9064387,0.6240851,0,0,0,0,0,0,0,0,0,0,0,0,0,0,0,0,0,0,0,0,0,0,0,0,0,0,0.7224781,0.744028,0.6563675,0.8322845,1,0.967627,0.7475686,0,0,0,0,0,0,0,0,0,0,0,0,0,0,0,0,0,0,0,0,0,0,0,0,0.7411244,0.7716725,0.831338,0.8652675,0.834946,0.840937,1,0.9811103,0.8844435,0,0,0,0,0,0,0,0,0,0,0,0,0,0
0,0,0,0,0,0,0,0,0,0,0,0,0,0,0.613423,0.9048076,1,0.9163318,0.6897069,0.6150993,0,0,0,0,0,0,0,0,0,0,0,0,0,0,0,0,0,0,0,0,0,0,0,0,0,0,0,0.7632567,0.8077349,1,0.9884336,0,0.7724869,0.7418625,0,0,0,0,0,0,0,0,0,0,0,0,0,0,0,0,0,0,0,0,0,0,0,0,0,0.6565421,0.6748028,0.9088654,1,0.8847669,0.7651703,0.7226044,0.6947546,0.6276492,0,0,0,0,0,0,0,0,0,0,0,0,0,0,0,0,0,0,0,0,0,0,0,0,0.5799893,0.6216514,0.8542057,1,0.9651712,0.7672428,0.6930459,0.6114142,0,0,0,0,0,0,0,0,0,0,0,0,0,0,0,0,0,0,0,0,0,0,0,0,0,0,0.7621115,0.8197764,0.9586464,1,0.847897,0.794596,0.7937822,0.7431207,0.6794013,0,0,0,0,0,0,0,0,0,0
0,0,0,0,0,0,0,0,0,0,0,0,0,0,0,0.9048673,1,0.9358535,0,0,0.7496743,0.7893329,0.7726485,0.7985829,0.7582346,0,0,0,0,0,0,0,0,0,0,0,0,0,0,0,0,0,0,0,0,0,0,0,0.8949555,1,0.9899348,0.9000802,0.9424644,0.8241601,0.8861104,0.8829015,0.8675667,0.8286244,0,0,0,0,0,0,0,0,0,0,0,0,0,0,0,0,0,0,0,0,0,0,0,0.9294682,1,0.8885669,0,0.7906327,0,0.7416967,0.8461875,0.8154384,0.7264206,0,0,0,0,0,0,0,0,0,0,0,0,0,0,0,0,0,0,0,0,0,0,0,0.8761657,1,0.9830859,0.8476539,0.8026639,0,0,0.7443414,0.7143297,0,0,0,0,0,0,0,0,0,0,0,0,0,0,0,0,0,0,0,0,0,0,0,0,0.9110317,0.9894356,0.904269,0.9230072,0.9965151,1,0.9108848,0.987083,0.9868132,0.8948425,0,0,0,0,0,0,0,0
0,0,0,0,0,0,0,0,0,0,0,0,0,0,0.602605,0.9072695,1,0.8990836,0.70926,0.6653591,0.6666761,0.7559649,0.7276078,0.7518925,0.7812958,0.8764743,0.8647721,0.7925589,0.6751732,0,0,0,0,0,0,0,0,0,0,0,0,0,0,0,0,0,0,0,0,0.8906868,0.9695715,0.799543,0.7142192,0.8914187,0.7897761,0.899641,0.9086474,1,0.9045021,0,0,0,0,0,0,0,0,0,0,0,0,0,0,0,0,0,0,0,0.6253573,0.6118953,0.6571233,0.8958443,1,0.9124637,0.6886324,0.647319,0.7918548,0.7956058,0.6514804,0.831534,0.8052374,0.8101247,0.8033209,0.7763275,0.6837681,0,0,0,0,0,0,0,0,0,0,0,0,0,0,0.6166043,0.6168576,0,0,0.6282631,0.8055947,1,0.9908786,0.7730778,0.6645305,0.7489228,0.6693306,0.6560025,0.7426015,0.7786761,0.7905236,0.860936,0.809652,0.6542278,0.6138937,0,0,0,0,0,0,0,0,0,0,0,0,0,0,0.7095516,0.719212,0.7248437,0.7046844,0.8710079,1,0.955994,0.7269945,0.7412509,0.7526428,0.7818804,0.9108617,0.853527,0.8441803,0.8863022,0.9676962,0.9878991,0.9114293,0.715614,0,0,0
0,0,0,0,0,0,0,0,0,0,0,0,0,0,0,0.9146355,1,0.912671,0,0,0,0,0,0.8207752,0.8501697,0.8286655,0.8393234,0,0,0,0,0,0,0,0,0,0,0,0,0,0,0,0,0,0,0,0,0,0,1,0.9894291,0,0.8881994,0.972508,0.8943171,0,0,0,0.947172,0.9464521,0,0,0,0,0,0,0,0,0,0,0,0,0,0,0,0,0,0,0,0,0,0.9424083,1,0.8941311,0,0,0.7411961,0,0.7809588,0.7872959,0.7591592,0.8062838,0.8790658,0.7825031,0.7421625,0,0,0,0,0,0,0,0,0,0,0,0,0,0,0,0,0,0,0,0.8853853,1,0.968219,0,0,0.7387313,0.7401246,0,0.7471614,0,0.734484,0.8840193,0.8926138,0.7704396,0.7508278,0,0,0,0,0,0,0,0,0,0,0,0,0,0,0,0,0,0,0.8327574,0.9931192,1,0.8327102,0,0,0.8544038,0.8225436,0,0,0,0,0.8954728,0.8914508,0,0,0,0
0,0,0,0,0,0,0,0,0,0,0,0,0,0,0,0.913121,1,0.9117286,0.6188476,0.6400597,0.7458094,0.7883723,0.7538407,0,0.8074997,0.8143864,0.7916065,0.7317654,0,0,0,0,0,0,0,0,0,0,0,0,0,0,0,0,0,0,0,0,0,0.9966804,1,0.8409129,0.714797,0.8394196,0.8528091,0.8412973,0.7411137,0,0.7250836,0,0,0,0,0,0,0,0,0,0,0,0,0,0,0,0,0,0,0,0,0,0.6360393,0.9410945,1,0.8676597,0.7114834,0.6479062,0.7406485,0.7666898,0.8067847,0.6876719,0.7074394,0.7452986,0.7804692,0.7534022,0.6485884,0,0,0,0.6234952,0,0,0,0,0,0,0,0,0,0,0,0,0,0,0.6266581,0.8065912,1,0.968601,0.7028354,0.6194558,0.8014063,0.7529337,0.7827594,0.8254042,0.7821674,0.769358,0.8667871,0.8582458,0.8068933,0.7009082,0,0,0,0,0,0,0,0,0,0,0,0,0,0,0,0,0,0.6300007,0.641304,0.9353598,1,0.8896649,0,0.7871929,0.8785069,0.8277367,0.6410963,0.665765,0.6553791,0.7848457,0.8269673,0.7769082,0,0,0,0
0,0,0,0,0,0,0,0,0,0,0,0,0,0.7736016,0.8379019,0.962588,1,0.8266867,0.8874461,0.8244457,0.7619214,0.8167297,0.805848,0.7678161,0.7359062,0.7174066,0,0,0,0,0,0,0,0,0,0,0,0,0,0,0,0,0,0,0,0,0.8569074,0.9183576,1,0.9735995,0.9191839,0,0,0,0,0,0,0,0,0,0,0,0,0,0,0,0,0,0,0,0,0,0,0,0,0,0,0,0,0.7112147,0.7408403,0.9368225,1,0.8917124,0.8093359,0.7848874,0.7920779,0.8208131,0.8186774,0.7621182,0,0,0,0,0,0,0,0,0,0,0,0,0,0,0,0,0,0,0,0,0,0,0,0,0.8013344,1,0.9956017,0.8753772,0.9038725,0.9018007,0.8702627,0.8684114,0.8139085,0,0,0.7581861,0.7410569,0,0,0,0,0,0,0,0,0,0,0,0,0,0,0,0,0,0,0.7851812,0.8567391,0.8903955,0.9791665,1,0.7817647,0.8339754,0.8559395,0.82472,0.8004177,0.7836354,0,0,0,0,0,0,0,0,0
0,0,0,0,0,0,0,0,0.6258894,0.730332,0.7001036,0.7053327,0.8850735,0.9602702,0.9493306,0.9326175,1,0.9400788,0.6362126,0.6499464,0,0,0,0,0,0,0,0,0,0,0,0,0,0,0,0,0,0,0,0,0,0,0,0,0.7431862,0.9223278,1,0.9774898,0.905983,0.9501939,0.9341156,0.8067052,0,0,0,0,0,0,0,0,0,0,0,0,0,0,0,0,0,0,0,0.6356874,0.6731963,0.6932505,0.6991333,0.6882548,0.7934979,0.82807,0.8385702,0.8057396,0.7508109,0.9304706,1,0.916102,0,0,0,0,0,0,0,0,0,0,0,0,0,0,0,0,0,0,0,0,0.6711048,0.710254,0.7094206,0.6965763,0.7640297,0.7814533,0.8217388,0.9247865,0.9337553,0.8801888,0.8989794,1,0.9679896,0.7902013,0.652266,0,0,0,0,0,0,0,0,0,0,0,0,0,0,0,0,0,0,0,0,0,0,0.6679881,0.709008,0.7924932,0.872489,0.9069743,0.8441176,0.8125508,0.9224381,1,0.9129424,0.6822416,0,0,0,0,0,0,0,0,0,0,0,0,0
0,0.6717025,0.6821641,0.6773172,0,0,0,0.7178437,0.8342887,0.8812091,0.8618903,0.8188392,0.8146527,0.7723756,0.7649242,0.941395,1,0.8675389,0.6305472,0,0.6592435,0.6751733,0.6641788,0,0,0,0,0,0,0,0,0,0,0,0,0,0,0,0,0,0,0,0,0.7433503,0.9120691,0.9930224,0.9205317,0.7238544,0.8868343,1,0.9093382,0.8758417,0,0,0,0,0,0,0,0,0,0,0,0,0,0,0,0,0,0,0.621666,0.6851591,0.6707082,0.7649355,0.8228648,0.7782385,0.7580165,0.7731203,0.7717127,0.7428247,0.7057855,0.9573693,1,0.8128226,0.6405854,0,0.6150265,0.6287321,0.6556768,0,0,0,0,0,0,0,0,0,0,0.655502,0.6867082,0.700047,0.7132652,0.747812,0.7281981,0.6980936,0.7913826,0.8334358,0.6236759,0.8650414,0.8835601,0.8750478,0.7413263,0.721154,0.8609845,1,0.9420137,0.8366031,0.6509461,0.625078,0.6439722,0,0,0,0,0,0,0,0,0,0,0,0,0,0.7131009,0.7084414,0,0,0.7188004,0.8486111,0.9164293,0.9163579,0.8730057,0.9105642,0.9124919,0.8984763,0,0.7934363,1,0.9617084,0.9642324,0.8660798,0,0,0,0,0,0,0,0,0,0,0,0,0
0.6796853,0,0.6268793,0,0,0,0.7906636,0.8720211,0.8005418,0.7954283,0.7331302,0,0.6325982,0.6266088,0,0.9112053,1,0.9134262,0.6423674,0,0,0,0,0,0,0,0,0,0,0,0,0,0,0,0,0,0,0,0,0,0,0,0.7685431,0.8384762,0.8118871,0.7183235,0.7739664,0.7011181,0.7102071,0.9553348,1,0.8623024,0.7346432,0.7178427,0,0,0,0,0,0,0,0,0,0,0,0,0,0,0,0,0,0.6782965,0.7977123,0.8140482,0,0.6791458,0.7996612,0.8108446,0.6912712,0.6858171,0.6877255,0.9392889,1,0.8992165,0.6706074,0,0,0,0,0,0,0,0,0,0,0,0,0,0,0.6343661,0,0,0,0,0.6667705,0.8288369,0.8888632,0.8904657,0.8712351,0.643962,0.8184426,0.7634794,0.6726399,0,0.8537014,1,0.9701377,0.8992513,0.6543422,0,0,0,0,0,0,0,0,0,0,0,0,0,0,0,0,0,0,0,0.7217895,0.8462449,0.8755764,0.8156198,0.8529081,0.7988452,0,0.6402908,0.6793661,0.6781371,0.9201801,1,0.9564088,0.821745,0,0,0,0,0,0,0,0,0,0,0,0,0
0,0,0,0,0,0,0.7202016,0.7985671,0.7702558,0.7410616,0.8060867,0.8152761,0.7856838,0.6954287,0,0.9238341,1,0.8936588,0,0,0,0,0,0,0,0,0,0,0,0,0,0,0,0,0,0,0,0,0,0,0,0,0.8103376,0.8093739,0,0.8407307,0.8803863,0.8103144,0.8751453,1,0.9500067,0.8427328,0,0,0,0,0,0,0,0,0,0,0,0,0,0,0,0,0,0,0,0.6304976,0.6636322,0.6326339,0.7112741,0.8040789,0.7977418,0.7932957,0.7926159,0.7424272,0.7061757,0.9443845,1,0.9067122,0.6887169,0,0,0,0,0,0,0,0,0,0,0,0,0,0,0,0,0,0,0,0,0.6912159,0.6761236,0.6842074,0.8061332,0.795029,0.8439732,0.8121219,0.7856207,0.6637604,0.8866639,1,0.9797347,0.8657091,0,0,0,0,0,0,0,0,0,0,0,0,0,0,0,0,0,0,0,0,0,0,0.7608187,0,0.9060999,0.9681985,0.9663069,0.9526024,0.9081452,0.8340821,0.9962374,1,0.8354748,0.785615,0,0,0,0,0,0,0,0,0,0,0,0,0
0,0,0,0,0,0,0,0,0,0.6193876,0.6567473,0.7497721,0.7691016,0.7508252,0.7773356,0.9194179,1,0.8998756,0,0,0,0,0,0,0,0,0,0,0,0,0,0,0,0,0,0,0,0,0,0,0,0,0,0.6745875,0.7673252,0.8224664,0.8989297,0.8716285,0.8917631,1,0.8871287,0,0,0,0,0,0,0,0,0,0,0,0,0,0,0,0,0,0,0,0,0,0,0,0.6202838,0,0,0,0.7207716,0.7906518,0.7332613,0.9689857,1,0.794744,0.6211661,0,0,0,0,0,0,0,0,0,0,0,0,0,0,0,0,0,0,0,0,0,0,0.652634,0.7026605,0.7723984,0.8287513,0.7993657,0.6445813,0.7594765,0.8651868,1,0.9792465,0.8283576,0,0,0,0,0,0,0,0,0,0,0,0,0,0,0,0,0,0,0,0,0,0,0,0.7163024,0.7748966,0.8944311,0.9913604,1,0.8495629,0.8461324,0.8836631,0.9900346,0.8861963,0,0,0,0,0,0,0,0,0,0,0,0,0,0
0,0,0,0,0,0,0,0,0,0,0,0,0,0.6316705,0.7516391,0.9466537,1,0.8822216,0.6971496,0.683406,0,0,0,0,0,0,0,0,0,0,0,0,0,0,0,0,0,0,0,0,0,0,0,0,0,0,0.7668598,0.8418382,0.9493868,1,0.9327064,0.7591867,0.6337172,0,0,0,0,0,0,0,0,0,0,0,0,0,0,0,0,0,0,0,0,0,0,0,0,0,0,0.6184376,0.7752894,0.9596338,1,0.8733869,0.6625194,0.6370282,0,0,0,0,0,0,0,0,0,0,0,0,0,0,0,0,0,0,0,0,0,0,0,0,0,0,0,0.7729777,0.9015363,1,0.9305893,0.6531003,0.6467826,0,0,0,0,0,0,0,0,0,0,0,0,0,0,0,0,0,0,0,0,0,0,0,0,0,0,0,0.7631759,0.7268896,1,0.9641502,0,0,0,0,0,0,0,0,0,0,0,0,0,0,0
0,0,0,0,0,0,0,0,0,0,0.6318812,0.6376583,0.6347202,0,0.7207535,0.949491,1,0.8765658,0.7284262,0.7955627,0.7739347,0.7397725,0.7403369,0.6812083,0.624707,0,0,0,0,0,0,0,0,0,0,0,0,0,0,0,0,0,0,0,0.6983707,0.6715909,0,0.7491351,0.7591641,0.9959226,1,0.8914979,0.916403,0.8385828,0.6763165,0,0,0,0,0,0,0,0,0,0,0,0,0,0,0,0,0,0,0,0,0,0.6428231,0.6097748,0.6267797,0,0.733,0.9594548,1,0.8231546,0.8315598,0.8295081,0.7857117,0.7863029,0.7395104,0.6878282,0,0,0,0,0,0,0,0,0,0,0,0,0,0,0,0,0,0,0.6354066,0.6641737,0.7010159,0.6868142,0,0,0.8684863,1,0.9500976,0.8366479,0.8744134,0.8368942,0.7947326,0.8052819,0.770372,0.726301,0.6938654,0,0,0,0,0,0,0,0,0,0,0,0,0,0,0,0,0,0,0.6995298,0.7243705,0.7175101,0,0.7182568,0.9290979,1,0.946097,0.8429587,0.6468504,0.8016049,0.8343754,0.8054078,0.7126539,0,0,0,0,0,0,0,0
0,0,0,0,0,0,0,0,0,0,0,0,0,0,0,0.9130743,1,0.8778645,0.6850899,0.6440628,0.6895621,0.7110941,0.7804943,0.785973,0.703226,0.7657179,0.6891468,0,0,0,0,0,0,0,0,0,0,0,0,0,0,0,0,0,0,0,0.6874535,0.6928221,0.7758834,0.9315509,1,0.7934452,0.7677425,0.8186726,0.7408148,0.7314358,0,0,0,0,0,0,0,0,0,0,0,0,0,0,0,0,0,0,0,0,0,0,0,0.5651591,0.6046144,0.9211068,1,0.8574778,0.8007328,0.7573,0.6946033,0.7612544,0.8379269,0.8544742,0.8112336,0.7550954,0.6542146,0,0,0,0,0,0,0,0,0,0,0,0,0,0,0,0,0,0,0.5794957,0,0.6100547,0.8346439,1,0.9470309,0.7186418,0.7120968,0.7737396,0.6758818,0.8067773,0.827392,0.8824935,0.8305387,0.7378787,0.6349658,0,0,0,0,0,0,0,0,0,0,0,0,0,0,0,0,0,0,0.6267506,0,0.7952911,0.9646957,1,0.7797327,0.7362733,0.6787624,0.7780154,0.7831082,0.8288025,0.810405,0.6698368,0.6242491,0,0,0,0,0,0
0,0,0,0,0,0,0,0,0,0,0,0,0,0,0.6456081,0.9212973,1,0.8882042,0.6735219,0.5976838,0.6240685,0.7429633,0.7978108,0.614389,0.8963671,0.9080019,0.8035148,0,0,0,0,0,0,0,0,0,0,0,0,0,0,0,0,0,0,0,0,0.7269971,0.8732969,1,0.9213683,0.7685429,0.732534,0.6765341,0.6978425,0,0.7403177,0.7223074,0.6817827,0.6959551,0,0,0,0,0,0,0,0,0,0,0,0,0,0,0,0,0,0,0,0,0.6881103,0.9415377,1,0.8785093,0.7260199,0.6627854,0.7201722,0.6052055,0.8187284,0.8423747,0.7744367,0.8256475,0.8125452,0.6919323,0.6280107,0.5605909,0,0,0,0,0,0,0,0,0,0,0,0,0,0,0,0,0,0,0.8946925,1,0.9355108,0.7125763,0.6724315,0.6841871,0.7139089,0.6218054,0.7934915,0.7769501,0.8709983,0.813929,0.7541967,0.6195195,0.5584605,0,0,0,0,0,0,0,0,0,0,0,0,0,0,0,0,0,0,0.8173141,1,0.9977043,0.8255669,0.8130302,0.7774956,0.7389103,0.7521141,0.6705953,0.8321273,0.8911131,0.8627762,0.7781928,0.6447926,0,0,0,0
0,0,0,0,0,0,0,0,0,0,0,0,0,0,0,0.9284403,1,0.8858557,0.5964463,0.6811343,0.6109375,0.8098735,0.8877811,0.9261827,0.83806,0.7859104,0.770602,0.6297424,0,0,0,0,0,0,0,0,0,0,0,0,0,0,0,0,0,0,0,0,0.8914582,1,0.9136834,0.6478533,0.7942081,0.8130832,0.8191625,0.7651932,0.7863248,0.7656124,0.6616664,0,0,0,0,0,0,0,0,0,0,0,0,0,0,0,0,0,0,0,0,0,0.6285334,0.9538324,1,0.8633733,0.6212817,0.7539993,0.6925804,0.7148191,0.7944247,0.8265301,0.7867961,0.7362964,0.7772564,0.6906078,0,0,0,0,0.5672042,0,0,0,0,0,0,0,0,0,0,0,0,0,0,0,0.8489187,1,0.9516019,0.7554137,0.6780866,0.6909798,0.7943782,0.8626797,0.8899266,0.9343078,0.8419976,0.8743148,0.8512005,0.807023,0.7002833,0.6223946,0,0,0,0,0,0,0,0,0,0,0,0,0,0,0,0.6718799,0.7248481,0.7903233,1,0.999429,0.6921311,0.7863001,0.7435813,0.8155812,0.7007285,0.8850766,0.9316832,0.9419723,0.8730776,0.8683406,0.7796003,0,0,0,0
0,0,0,0,0,0,0,0,0,0,0,0,0,0,0,0.9370478,1,0.825228,0.8350455,0.864107,0.8207129,0.8067728,0.8116922,0.7624404,0.7228109,0.6403471,0.6010217,0.5936671,0,0,0,0,0,0,0,0,0,0,0,0,0,0,0,0,0,0,0.6363383,0.6436859,0.8971256,1,0.855671,0.7953773,0.8407901,0.8115339,0.7627193,0.6622427,0,0,0,0,0,0,0,0,0,0,0,0,0,0,0,0,0,0,0,0,0,0,0,0,0.5863026,0.9518436,1,0.8582717,0.8180944,0.8897429,0.8563191,0.7535362,0.6482909,0.5958895,0.6722947,0.607062,0.657038,0.6008835,0.5805354,0.6072733,0.6421368,0.5544848,0,0,0,0,0,0,0,0,0,0,0,0,0,0,0,0.6782861,0.8016754,1,0.9687485,0.8567396,0.8844151,0.8813253,0.8526869,0.7797953,0.7331687,0.7690486,0.6886314,0.7834002,0.7645033,0.7131604,0,0.6585652,0.5766371,0,0,0,0,0,0,0,0,0,0,0,0,0,0,0,0.7620241,0.7889836,0.9389557,1,0.8580872,0.976546,0.9979325,0.9575345,0.8587081,0.8415067,0.8804356,0.8700625,0.8352203,0.6648618,0,0.7433547,0.7777372,0.7358274,0.7162409
