GestureName: c
Duration(ms): 1410
Handedness: right

SpeakerAngles: 2
55
-55

InterpretedPoints: 30
0,0
0,0
0,0
0,0
0,0
0,0
0,0
0,0
-0.806707284111599,3.95403765024536
-0.806707284111599,6.21348773609986
-2.4201218523348,2.82431260731812
-1.6134145682232,3.38917512878174
0.806707284111599,2.82431260731812
1.6134145682232,1.12972504292725
2.4201218523348,1.69458756439087
4.84024370466959,0
5.64695098878119,-2.82431260731812
5.64695098878119,-1.69458756439087
1.6134145682232,-6.77835025756348
0.806707284111599,-5.08376269317261
0,-2.25945008585449
0,-1.12972504292725
-4.84024370466959,1.12972504292725
-3.2268291364464,1.12972504292725
0,0
0,0
0,0
0,0
0,0
0,0

StrokePoints: 31
177.666666666667,130.277777777778
177.666666666667,130.277777777778
177.666666666667,130.277777777778
177.666666666667,130.277777777778
177.666666666667,130.277777777778
177.666666666667,130.277777777778
177.666666666667,130.277777777778
177.666666666667,130.277777777778
177.666666666667,130.277777777778
178.473373950778,126.323740127532
179.28008123489,120.110252391433
181.700203087225,117.285939784114
183.313617655448,113.896764655333
182.506910371336,111.072452048015
180.893495803113,109.942727005087
178.473373950778,108.248139440696
173.633130246109,108.248139440696
167.986179257328,111.072452048015
162.339228268546,112.767039612405
160.725813700323,119.545389869969
159.919106416212,124.629152563142
159.919106416212,126.888602648996
159.919106416212,128.018327691923
164.759350120881,126.888602648996
167.986179257328,125.758877606069
167.986179257328,125.758877606069
167.986179257328,125.758877606069
167.986179257328,125.758877606069
167.986179257328,125.758877606069
167.986179257328,125.758877606069
167.986179257328,125.758877606069

Velocities: 30
0,0
0,0
0,0
0,0
0,0
0,0
0,0
0,0
3,4
5,6
1,4
2,4
3,2
2,0
3,0
3,-3
1,-6
2,-5
-5,-7
-4,-5
-2,-2
-1,-1
-2,4
-1,3
0,0
0,0
0,0
0,0
0,0
0,0

InverseVelocities: 30
0,0
0,0
0,0
0,0
0,0
0,0
0,0
0,0
0,0
0,0
0,0
0,0
0,0
0,0
0,0
0,0
-1,0
-4,0
0,0
2,2
0,1
3,4
1,0
0,0
0,0
0,0
0,0
0,0
0,0
0,0

RawData: 30
0,0,0,0,0,0,0,0,0,0,0,0,0,0,0,0.8459893,1,0.9873156,0.7893902,0,0,0,0,0,0,0,0,0,0,0,0,0,0,0,0,0,0,0,0,0,0,0,0,0,0,0,0,0,0.9478351,1,0.9016247,0,0,0,0,0,0,0,0,0,0,0,0,0,0,0
0,0,0,0,0,0,0,0,0,0,0,0,0,0,0,0.8300287,1,0.9840399,0.7590668,0,0,0,0,0,0,0,0,0,0,0,0,0,0,0,0,0,0,0,0,0,0,0,0,0,0,0,0,0.6073545,0.937691,1,0.8933987,0,0,0,0,0,0,0,0,0,0,0,0,0,0,0
0,0,0,0,0,0,0,0,0,0,0,0,0,0,0,0.8521131,1,0.9833068,0.7798131,0,0,0,0,0,0,0,0,0,0,0,0,0,0,0,0,0,0,0,0,0,0,0,0,0,0,0,0,0,0.9468413,1,0.9046068,0,0,0,0,0,0,0,0,0,0,0,0,0,0,0
0,0,0,0,0,0,0,0,0,0,0,0,0,0,0,0.8489133,1,0.9791077,0.7672364,0,0,0,0,0,0,0,0,0,0,0,0,0,0,0,0,0,0,0,0,0,0,0,0,0,0,0,0,0.6521944,0.951149,1,0.889028,0,0,0,0,0,0,0,0,0,0,0,0,0,0,0
0,0,0,0,0,0,0,0,0,0,0,0,0,0,0,0.8401436,1,0.9777415,0.7201962,0,0,0,0,0,0,0,0,0,0,0,0,0,0,0,0,0,0,0,0,0,0,0,0,0,0,0,0,0.6916016,0.9563777,1,0.8839285,0,0,0,0,0,0,0,0,0,0,0,0,0,0,0
0,0,0,0,0,0,0,0,0,0,0,0,0,0,0,0.8184674,1,0.9762925,0,0,0,0,0,0,0,0,0,0,0,0,0,0,0,0,0,0,0,0,0,0,0,0,0,0,0,0,0,0.6795483,0.9423156,1,0.8961785,0,0,0,0,0,0,0,0,0,0,0,0,0,0,0
0,0,0,0,0,0,0,0,0,0,0,0,0,0,0,0.8199995,1,0.9817069,0.7474419,0,0,0,0,0,0,0,0,0,0,0,0,0,0,0,0,0,0,0,0,0,0,0,0,0,0,0,0,0,0.9336172,1,0.9166301,0,0,0,0,0,0,0,0,0,0,0,0,0,0,0
0,0,0,0,0,0,0,0,0,0,0,0,0,0,0,0.8233432,0.994478,1,0.8673493,0.6249301,0,0,0,0,0,0,0,0,0,0,0,0,0,0,0,0,0,0,0,0,0,0,0,0,0,0,0.6175117,0.7083793,0.9484832,1,0.8476356,0.7809592,0.6543307,0,0,0,0,0,0,0,0,0,0,0,0,0
0,0,0,0,0,0,0,0,0,0,0,0,0,0.5902137,0.6822639,0.8798614,1,0.9540076,0.7821419,0.8093219,0.8123946,0.7064897,0.6052728,0,0,0,0,0,0,0,0,0,0,0,0,0,0,0,0,0,0,0,0,0,0,0,0,0.6215953,0.9360065,1,0.8491929,0.8344531,0.593915,0.7222963,0.6863891,0.6782879,0.6463824,0,0,0,0,0,0,0,0,0
0,0,0,0,0,0,0,0,0,0,0,0,0,0,0,0.7640668,0.9713054,1,0.8936407,0,0.822515,0.811352,0.7782446,0.7093396,0.6534925,0,0,0,0,0,0,0,0,0,0,0,0,0,0,0,0,0,0,0,0,0,0,0,0.9391894,1,0.8992517,0.7698773,0.7832645,0.7521186,0.6985773,0.7182975,0.7568985,0.739027,0.6821436,0,0,0,0,0,0,0
0,0,0,0,0,0,0,0,0,0,0,0,0,0,0.6871365,0.8682134,1,0.9779822,0.8882746,0.83584,0.6699334,0,0,0,0,0,0,0,0,0,0,0,0,0,0,0,0,0,0,0,0,0,0,0,0,0,0,0.7458058,0.9472564,1,0.9080989,0.6908534,0.7671891,0.7705085,0.7575147,0.7385017,0.6949168,0,0,0,0,0,0,0,0,0
0,0,0,0,0,0,0,0,0,0,0,0,0,0,0.6138783,0.8388323,1,0.9916199,0.8099494,0.7473938,0.7456586,0.6327408,0,0,0,0,0,0,0,0,0,0,0,0,0,0,0,0,0,0,0,0,0,0,0,0,0,0.6585133,0.9290241,1,0.8553442,0.7895985,0.7462515,0.8056113,0.7486216,0,0.6602764,0,0,0,0,0,0,0,0,0
0,0,0,0,0,0,0,0,0,0,0,0,0,0,0.6123548,0.8362144,1,0.9783891,0.7994882,0.7799086,0.7772707,0.6715444,0.5879499,0,0,0,0,0,0,0,0,0,0,0,0,0,0,0,0,0,0,0,0,0,0,0,0,0.6728562,0.9520179,1,0.8542804,0.8416684,0.8298271,0.7847964,0.6789153,0,0,0,0,0,0,0,0,0,0,0
0,0,0,0,0,0,0,0,0,0,0,0,0,0,0,0.8472822,1,0.9826954,0.789867,0.8224005,0.8333727,0.7627221,0,0,0,0,0,0,0,0,0,0,0,0,0,0,0,0,0,0,0,0,0,0,0,0,0,0,0.9405136,1,0.9210227,0.8256454,0.8223836,0,0,0,0,0,0,0,0,0,0,0,0,0
0,0,0,0,0,0,0,0,0,0,0,0,0,0,0,0.8530043,1,0.9901422,0.7890506,0.7619386,0.7826115,0.7974695,0.7003431,0,0,0,0,0,0,0,0,0,0,0,0,0,0,0,0,0,0,0,0,0,0,0,0.7425298,0.7786734,0.9362689,1,0.8969245,0,0,0,0,0,0,0,0,0,0,0,0,0,0,0
0,0,0,0,0,0,0,0,0,0,0,0,0,0.6240835,0.6584697,0.8724098,1,0.9770008,0.8496478,0.8288536,0,0.7246297,0.6707488,0,0,0,0,0,0,0,0,0,0,0,0,0,0,0,0,0,0,0,0,0.686666,0.7723572,0.8128548,0.7466835,0.7377732,0.9593842,1,0.8811436,0,0,0,0,0,0,0,0,0,0,0,0,0,0,0
0,0,0,0,0,0,0,0,0,0,0,0,0.7342815,0.7638169,0.7626972,0.8209845,1,0.9932669,0.8316014,0.8180338,0.7496159,0,0,0,0,0,0,0,0,0,0,0,0,0,0,0,0,0,0,0,0.6473607,0.6716076,0,0.7722881,0.7723182,0.7759008,0.7487072,0.750915,0.9297484,1,0.8985555,0,0,0,0,0,0,0,0,0,0,0,0,0,0,0
0,0,0,0,0,0,0,0,0,0.708444,0.7796751,0.7624484,0.578716,0.7331192,0.8245143,0.896522,1,0.9898604,0.7900941,0.6791879,0.6695182,0.6263231,0,0,0,0,0,0,0,0,0,0,0,0,0,0,0,0,0,0,0,0.6453625,0.6891524,0.6136045,0.7945681,0.7951487,0.7967762,0.820369,0.9163035,1,0.8768305,0.658408,0.5986697,0,0,0,0,0,0,0,0,0,0,0,0,0
0,0,0,0,0,0,0,0,0.6551941,0.7380215,0.782101,0.7175506,0.7752503,0.8178953,0.8114575,0.8987241,1,0.9793251,0,0.6713285,0,0,0,0,0,0,0,0,0,0,0,0,0,0,0,0,0,0,0,0.6743586,0.7439249,0.7153632,0.6628526,0.7320555,0.7283079,0.8090327,0.8436109,0.8534632,0.9240188,1,0.8952286,0.7020423,0.6584878,0,0,0,0,0,0,0,0,0,0,0,0,0
0,0,0,0,0,0,0,0,0,0.6978146,0.7191209,0.6763677,0.5996534,0.6444034,0.780212,0.842569,1,0.9883592,0.8023336,0,0.6304113,0.6390959,0,0,0,0,0,0,0,0,0,0,0,0,0,0,0,0,0,0,0,0.6666548,0.7398596,0.7694924,0.7551672,0.7357076,0.7030528,0.7015002,0.939759,1,0.8840972,0.65321,0.6968167,0.6195923,0.5923914,0,0,0,0,0,0,0,0,0,0,0
0,0,0,0,0,0,0,0,0,0,0,0.6895463,0.7955813,0.7964212,0.8261966,0.8516461,0.9997129,1,0.8500111,0.7298685,0,0,0,0,0,0,0,0,0,0,0,0,0,0,0,0,0,0,0,0,0,0,0,0,0.7078986,0.7262516,0.7592505,0.7293871,0.9499049,1,0.8993151,0.7626862,0.7071756,0.7126482,0,0,0,0,0,0,0,0,0,0,0,0
0,0,0,0,0,0,0,0,0,0,0,0,0.6124285,0.6827734,0.6770862,0.8676878,1,0.9548153,0,0.6367897,0.6269807,0.6325004,0.5675138,0,0,0,0,0,0,0,0,0,0,0,0,0,0,0,0,0,0,0,0,0,0,0.6562986,0.7180485,0.7343175,0.9462677,1,0.9011765,0.734018,0.7138165,0.7369638,0.7053359,0.6875275,0.6281843,0,0,0,0,0,0,0,0,0
0,0,0,0,0,0,0,0,0,0,0,0.6615404,0.6746837,0.7474355,0.8271368,0.7770572,1,0.9861079,0.7741465,0.7055248,0.657339,0,0,0,0,0,0,0,0,0,0,0,0,0,0,0,0,0,0,0,0,0,0,0,0,0,0,0.696134,0.93932,1,0.8964296,0.7613133,0.6864773,0.6961616,0,0.7688422,0.7035571,0,0,0,0,0,0,0,0,0
0,0,0,0,0,0,0,0,0,0,0,0,0.6287269,0,0.7331557,0.8637464,1,0.981056,0.7474497,0,0,0,0,0,0,0,0,0,0,0,0,0,0,0,0,0,0,0,0,0,0,0,0,0,0,0,0,0,0.9366562,1,0.8885224,0.6525205,0.6353756,0.6891538,0.6916716,0.6490893,0,0,0,0,0,0,0,0,0,0
0,0,0,0,0,0,0,0,0,0,0,0,0,0,0,0.8792413,1,0.9877373,0.8204647,0,0,0,0,0,0,0,0,0,0,0,0,0,0,0,0,0,0,0,0,0,0,0,0,0,0,0,0,0,0.9545617,1,0.9069572,0,0,0,0,0,0,0,0,0,0,0,0,0,0,0
0,0,0,0,0,0,0,0,0,0,0,0,0,0,0,0.8484104,1,0.9869862,0.7932369,0,0,0,0,0,0,0,0,0,0,0,0,0,0,0,0,0,0,0,0,0,0,0,0,0,0,0,0,0,0.9436775,1,0.9027599,0.6609865,0,0,0,0,0,0,0,0,0,0,0,0,0,0
0,0,0,0,0,0,0,0,0,0,0,0,0,0,0,0.8440259,1,0.9941437,0.8206912,0,0,0,0,0,0,0,0,0,0,0,0,0,0,0,0,0,0,0,0,0,0,0,0,0,0,0,0,0,0.9548014,1,0.876527,0,0,0,0,0,0,0,0,0,0,0,0,0,0,0
0,0,0,0,0,0,0,0,0,0,0,0,0,0,0,0.842528,1,0.9896716,0.7985389,0,0,0,0,0,0,0,0,0,0,0,0,0,0,0,0,0,0,0,0,0,0,0,0,0,0,0,0,0,0.9459383,1,0.8822485,0,0,0,0,0,0,0,0,0,0,0,0,0,0,0
0,0,0,0,0,0,0,0,0,0,0,0,0,0,0,0.8240566,1,0.9791341,0.7335159,0,0,0,0,0,0,0,0,0,0,0,0,0,0,0,0,0,0,0,0,0,0,0,0,0,0,0,0,0,0.9269204,1,0.8951803,0,0,0,0,0,0,0,0,0,0,0,0,0,0,0
0,0,0,0,0,0,0,0,0,0,0,0,0,0,0,0.8357973,1,0.9778954,0.7221514,0,0,0,0,0,0,0,0,0,0,0,0,0,0,0,0,0,0,0,0,0,0,0,0,0,0,0,0,0,0.925622,1,0.9101025,0,0,0,0,0,0,0,0,0,0,0,0,0,0,0
