GestureName: mu
Duration(ms): 799
Handedness: right

SpeakerAngles: 2
55
-55

InterpretedPoints: 17
0.806707284111599,2.82431260731812
2.4201218523348,0.564862521463624
5.64695098878119,0.564862521463624
1.6134145682232,0
4.84024370466959,-1.12972504292725
4.84024370466959,-1.12972504292725
4.03353642055799,-1.69458756439087
-3.2268291364464,-2.25945008585449
-1.6134145682232,-2.25945008585449
-0.806707284111599,-0.564862521463624
0.806707284111599,0.564862521463624
3.2268291364464,2.25945008585449
4.03353642055799,2.82431260731812
0.806707284111599,3.95403765024536
1.6134145682232,-1.12972504292725
0,0
0,0

StrokePoints: 18
177.666666666667,130.277777777778
176.859959382555,127.45346517046
174.43983753022,126.888602648996
168.792886541439,126.323740127532
167.179471973216,126.323740127532
162.339228268546,127.45346517046
157.498984563877,128.583190213387
153.465448143319,130.277777777778
156.692277279765,132.537227863632
158.305691847988,134.796677949487
159.1123991321,135.36154047095
158.305691847988,134.796677949487
155.078862711542,132.537227863632
151.045326290984,129.712915256314
150.238619006872,125.758877606069
148.625204438649,126.888602648996
148.625204438649,126.888602648996
148.625204438649,126.888602648996

Velocities: 17
3,2
2,-1
4,-3
1,-1
2,-4
2,-4
1,-4
-4,0
-3,-1
-1,0
1,0
4,0
5,0
4,3
0,-2
0,0
0,0

InverseVelocities: 17
0,-1
0,0
0,0
0,0
0,0
-3,0
-5,0
0,0
0,0
0,0
0,0
0,0
0,0
-1,-2
0,0
0,0
0,0

RawData: 17
0,0,0,0,0,0,0,0,0,0,0,0,0,0.6115032,0.6303397,0.8059521,1,0.996577,0.8474983,0.7510316,0.7503737,0.7734171,0.7309116,0,0,0,0,0,0,0,0,0,0,0,0,0,0,0,0,0,0,0,0,0,0,0.6376151,0.7293137,0.7250751,0.9574853,1,0.8686274,0.6231014,0.7431004,0.7297026,0.6052603,0,0,0,0,0,0,0,0,0,0,0
0,0,0,0,0,0,0,0,0,0,0,0,0,0,0,0.8533258,1,0.974462,0,0.8286994,0.85601,0.7844373,0,0,0,0,0,0,0,0,0,0,0,0,0,0,0,0,0,0,0,0,0,0,0,0.7665049,0,0.7465348,0.9332143,1,0.9118296,0.726936,0.7691359,0,0,0,0,0,0,0,0,0,0,0,0,0
0,0,0,0,0,0,0,0,0,0,0,0,0,0,0.7015309,0.7593532,1,0.9927661,0.8508004,0.8690832,0.8289033,0.7680352,0.707588,0.6633829,0,0,0,0,0,0,0,0,0,0,0,0,0,0,0,0,0,0,0,0.5991262,0.6755642,0.7185302,0.7455845,0.7670264,0.9582396,1,0.8761493,0.6113388,0,0,0,0,0,0,0,0,0,0,0,0,0,0
0,0,0,0,0,0,0,0,0,0,0,0,0,0,0,0.8136899,1,0.9839835,0.8028975,0.8221214,0.7660406,0,0,0,0,0,0,0,0,0,0,0,0,0,0,0,0,0,0,0,0,0,0,0,0,0.7105033,0.7285909,0.7320993,0.9393463,1,0.9068841,0.7263555,0,0,0,0,0,0,0,0,0,0,0,0,0,0
0,0,0,0,0,0,0,0,0,0,0,0,0,0.7380274,0.7986822,0.860325,1,0.99048,0.7812883,0.7995973,0.71354,0.6862258,0,0,0,0,0,0,0,0,0,0,0,0,0,0,0,0,0,0,0,0,0.6355085,0.6275302,0.677097,0.7595804,0.7598634,0.8054886,0.9392151,1,0.870935,0.67169,0,0,0,0,0,0,0,0,0,0,0,0,0,0
0,0,0,0,0,0,0,0,0,0,0.6659714,0.6786585,0.7063117,0.7770712,0.795407,0.8683168,1,0.9932525,0.8471654,0.8032622,0,0.6360928,0,0,0,0,0,0,0,0,0,0,0,0,0,0,0,0,0,0,0,0,0.6431375,0.7606785,0.8260943,0.8140503,0.6478906,0.8169705,0.9634209,1,0.8798415,0,0,0,0,0,0,0,0,0,0,0,0,0,0,0
0,0,0,0,0,0,0,0,0.64044,0.6998543,0,0.6988984,0.7138916,0.8438932,0.9055362,0.8977762,1,0.9731917,0.780287,0.585281,0.616373,0,0,0,0,0,0,0,0,0,0,0,0,0,0,0,0,0,0,0,0,0,0.6793714,0.6482722,0.6825662,0.7013907,0.7482461,0.8521562,0.9303067,1,0.8668863,0,0,0,0,0,0,0,0,0,0,0,0,0,0,0
0,0,0,0,0,0,0,0,0,0.7760209,0.7879296,0,0,0.9141638,0.9644129,0.8754706,1,0.9938824,0.805791,0,0,0,0,0,0,0,0,0,0,0,0,0,0,0,0,0,0,0,0,0,0,0,0,0,0,0,0.7505158,0.8911592,0.8764467,1,0.8954046,0,0,0,0,0,0,0,0,0,0,0,0,0,0,0
0,0,0,0,0,0,0,0,0,0,0.6781208,0.74005,0.7374643,0.8044045,0.8681097,0.8334926,1,0.9734681,0.7694407,0,0,0,0,0,0,0,0,0,0,0,0,0,0,0,0,0,0,0,0,0,0,0,0,0,0,0.6389397,0.7113084,0.8574772,0.9818617,1,0.8811847,0,0,0,0,0,0,0,0,0,0,0,0,0,0,0
0,0,0,0,0,0,0,0,0,0,0,0,0.6638165,0.7064302,0.7866695,0.8562568,1,0.9960951,0.7326778,0,0,0,0,0,0,0,0,0,0,0,0,0,0,0,0,0,0,0,0,0,0,0,0,0,0,0,0.6680804,0.784803,0.8516185,1,0.9193937,0,0,0,0,0,0,0,0,0,0,0,0,0,0,0
0,0,0,0,0,0,0,0,0,0,0,0,0,0,0,0.8200995,1,0.9971604,0.8807563,0.7993366,0.6984283,0,0,0,0,0,0,0,0,0,0,0,0,0,0,0,0,0,0,0,0,0,0,0,0,0,0,0.7101005,0.9566155,1,0.8860987,0.7046398,0,0,0,0,0,0,0,0,0,0,0,0,0,0
0,0,0,0,0,0,0,0,0,0,0,0,0,0.6640889,0.6863922,0.8379662,1,0.9851093,0.8826101,0.8343212,0.8026441,0.6664186,0.6409577,0.6333469,0,0,0,0,0,0,0,0,0,0,0,0,0,0,0,0,0,0,0,0,0,0,0,0,0.9522337,1,0.878097,0.7057352,0.6323236,0,0,0,0,0,0,0,0,0,0,0,0,0
0,0,0,0,0,0,0,0,0,0,0,0,0,0.705419,0.7644107,0.7967225,1,0.9944633,0.7598996,0.7976406,0.7916816,0.8015106,0.7938273,0.7562506,0.718985,0,0,0,0,0,0,0,0,0,0,0,0,0,0,0,0,0,0,0,0,0,0.7189394,0.711426,0.9473886,1,0.8954604,0.7681316,0.7204606,0,0,0,0,0,0,0,0,0,0,0,0,0
0,0,0,0,0,0,0,0,0,0,0,0,0.6381413,0.720374,0.6805443,0.7265107,0.9798796,1,0.8673857,0.7652918,0.7159103,0.6935301,0.6690701,0.6118575,0,0,0,0,0,0,0,0,0,0,0,0,0,0,0,0,0,0,0,0,0.5832362,0.729475,0.7479548,0.6957612,0.9301868,1,0.866995,0.7432571,0.7267835,0,0.6046996,0.599417,0,0,0,0,0,0,0,0,0,0
0,0,0,0,0,0,0,0,0,0,0,0,0,0,0.771242,0.8499424,1,0.9641895,0.7008359,0.6710866,0,0,0,0,0,0,0,0,0,0,0,0,0,0,0,0,0,0,0,0,0,0,0,0,0.6727481,0.7285969,0.6633973,0.8077009,0.9684715,1,0.8549165,0.6427733,0.6671217,0,0,0,0,0,0,0,0,0,0,0,0,0
0,0,0,0,0,0,0,0,0,0,0,0,0,0,0.7138899,0.8902568,1,0.9661571,0.7507491,0,0,0,0,0,0,0,0,0,0,0,0,0,0,0,0,0,0,0,0,0,0,0,0,0,0,0,0.7300861,0.8047127,0.9339125,1,0.8998322,0,0,0,0,0,0,0,0,0,0,0,0,0,0,0
0,0,0,0,0,0,0,0,0,0,0,0,0,0,0,0.8087314,1,0.9792431,0.7592377,0,0,0,0,0,0,0,0,0,0,0,0,0,0,0,0,0,0,0,0,0,0,0,0,0,0,0,0,0.6933878,0.9376015,1,0.8861013,0,0,0,0,0,0,0,0,0,0,0,0,0,0,0
