GestureName: q
Duration(ms): 1222
Handedness: right

SpeakerAngles: 2
55
-55

InterpretedPoints: 26
0,0
0,0
0,0
-0.806707284111599,-0.564862521463624
0.806707284111599,-0.564862521463624
0.806707284111599,-0.564862521463624
-0.806707284111599,0.564862521463624
-1.6134145682232,1.12972504292725
4.03353642055799,5.08376269317261
-0.806707284111599,2.82431260731812
1.6134145682232,3.38917512878174
2.4201218523348,2.82431260731812
0.806707284111599,-0.564862521463624
2.4201218523348,-6.21348773609986
1.6134145682232,-5.64862521463624
-0.806707284111599,-2.82431260731812
-0.806707284111599,-3.95403765024536
-0.806707284111599,-3.95403765024536
0,0
0.806707284111599,0.564862521463624
1.6134145682232,1.12972504292725
-0.806707284111599,1.69458756439087
0,3.38917512878174
0,0
-0.806707284111599,-0.564862521463624
0,0

StrokePoints: 27
177.666666666667,130.277777777778
177.666666666667,130.277777777778
177.666666666667,130.277777777778
177.666666666667,130.277777777778
178.473373950778,130.842640299241
177.666666666667,131.407502820705
176.859959382555,131.972365342169
177.666666666667,131.407502820705
179.28008123489,130.277777777778
175.246544814332,125.194015084605
176.053252098443,122.369702477287
174.43983753022,118.980527348505
172.019715677886,116.156214741187
171.213008393774,116.721077262651
168.792886541439,122.934564998751
167.179471973216,128.583190213387
167.986179257328,131.407502820705
168.792886541439,135.36154047095
169.599593825551,139.315578121196
169.599593825551,139.315578121196
168.792886541439,138.750715599732
167.179471973216,137.620990556805
167.986179257328,135.926402992414
167.986179257328,132.537227863632
167.986179257328,132.537227863632
168.792886541439,133.102090385096
168.792886541439,133.102090385096

Velocities: 26
0,0
0,0
0,0
-1,0
0,-1
0,-1
0,1
0,2
7,2
2,3
4,2
4,1
0,-1
-4,-7
-4,-6
-3,-2
-4,-3
-4,-3
0,0
1,0
2,0
1,2
3,3
0,0
-1,0
0,0

InverseVelocities: 26
0,0
0,0
0,0
0,0
0,0
0,0
0,0
0,0
0,0
0,0
0,0
0,-1
0,0
0,0
0,1
0,0
0,0
0,0
0,0
0,0
0,0
0,0
0,0
0,0
0,0
0,0

RawData: 26
0,0,0,0,0,0,0,0,0,0,0,0,0,0,0,0.8397254,1,0.9782202,0.7526435,0,0,0,0,0,0,0,0,0,0,0,0,0,0,0,0,0,0,0,0,0,0,0,0,0,0,0,0,0.6329991,0.9297403,1,0.8815849,0,0,0,0,0,0,0,0,0,0,0,0,0,0,0
0,0,0,0,0,0,0,0,0,0,0,0,0,0,0,0.8370015,1,0.9842468,0.7570633,0,0,0,0,0,0,0,0,0,0,0,0,0,0,0,0,0,0,0,0,0,0,0,0,0,0,0,0,0.6634314,0.9442036,1,0.8901604,0,0,0,0,0,0,0,0,0,0,0,0,0,0,0
0,0,0,0,0,0,0,0,0,0,0,0,0,0,0,0.7980326,1,0.990559,0.7729633,0,0,0,0,0,0,0,0,0,0,0,0,0,0,0,0,0,0,0,0,0,0,0,0,0,0,0,0,0.7433262,0.9497401,1,0.8803266,0,0,0,0,0,0,0,0,0,0,0,0,0,0,0
0,0,0,0,0,0,0,0,0,0,0,0,0.5261081,0.5648509,0.6712816,0.7527885,0.9986161,1,0.8268447,0.6451367,0,0,0,0,0,0,0,0,0,0,0,0,0,0,0,0,0,0,0,0,0,0,0,0,0,0,0.599092,0.7806392,0.9355555,1,0.86105,0.5793296,0,0,0,0,0,0,0,0,0,0,0,0,0,0
0,0,0,0,0,0,0,0,0,0,0,0,0,0.6424105,0.6955501,0.8382283,1,0.9654474,0.7455151,0.6857988,0,0,0,0,0,0,0,0,0,0,0,0,0,0,0,0,0,0,0,0,0,0,0,0,0,0.6072249,0.6124396,0.6974314,0.9325029,1,0.9145972,0.647328,0,0,0,0,0,0,0,0,0,0,0,0,0,0
0,0,0,0,0,0,0,0,0,0,0,0,0,0,0.6006355,0.8390654,1,0.9827192,0.8101541,0.66111,0,0,0,0,0,0,0,0,0,0,0,0,0,0,0,0,0,0,0,0,0,0,0,0,0,0.6169329,0.6412292,0.6522477,0.9406268,1,0.816443,0.7607252,0,0,0,0,0,0,0,0,0,0,0,0,0,0
0,0,0,0,0,0,0,0,0,0,0,0,0,0,0,0.8248947,1,0.9934433,0.8531026,0.7236121,0,0,0,0,0,0,0,0,0,0,0,0,0,0,0,0,0,0,0,0,0,0,0,0,0,0,0,0,0.9302319,1,0.9090877,0.7309827,0.7450568,0.6160897,0,0,0,0,0,0,0,0,0,0,0,0
0,0,0,0,0,0,0,0,0,0,0,0,0,0,0,0.841696,1,0.9850038,0.7783821,0.6518756,0,0,0,0,0,0,0,0,0,0,0,0,0,0,0,0,0,0,0,0,0,0,0,0,0,0,0,0,0.9468946,1,0.8428012,0.8387357,0.8014079,0.7061036,0.6928652,0,0,0,0,0,0,0,0,0,0,0
0,0,0,0,0,0,0,0,0,0,0,0,0,0,0,0.8141967,1,0.9720496,0.8023229,0.8414698,0.7869317,0.710276,0.6956136,0.6074854,0.6696813,0.6071716,0.5628632,0,0,0,0,0,0,0,0,0,0,0,0,0,0,0,0,0,0,0,0,0.6077961,0.9473201,1,0.6848776,0.8998911,0.8782316,0.8277269,0.7137294,0,0,0,0,0,0,0,0,0,0,0
0,0,0,0,0,0,0,0,0,0,0,0,0,0,0,0.8401833,1,0.990839,0.7530671,0.7950505,0.7529189,0.7795201,0,0,0,0,0,0,0,0,0,0,0,0,0,0,0,0,0,0,0,0,0,0,0,0,0,0,0.9512924,1,0.8203154,0.9244375,0.7807938,0,0.7794141,0.7296118,0,0,0,0,0,0,0,0,0,0
0,0,0,0,0,0,0,0,0,0,0,0,0,0,0,0.8335592,1,0.989634,0.8065103,0.7987748,0.8562763,0.8277413,0.8221079,0.7767673,0,0,0,0,0,0,0,0,0,0,0,0,0,0,0,0,0,0,0,0,0,0,0,0,0.933682,1,0.8913044,0.8226927,0.7572923,0.7334785,0.6810315,0,0,0,0,0,0,0,0,0,0,0
0,0,0,0,0,0,0,0,0,0,0,0,0,0,0,0.8155889,1,0.9876089,0.8114047,0.8511736,0.8190994,0.7518967,0.6979414,0.6270641,0,0,0,0,0,0,0,0,0,0,0,0,0,0,0,0,0,0,0,0,0,0.645351,0.6263352,0.7631891,0.9483713,1,0.9084719,0.7220784,0.619549,0.6177794,0,0,0,0,0,0,0,0,0,0,0,0
0,0,0,0,0,0,0,0,0,0,0,0,0,0,0,0.8256158,1,0.9950057,0.8678467,0.7725312,0,0,0,0,0,0,0,0,0,0,0,0,0,0,0,0,0,0,0,0,0,0,0,0,0,0.6769232,0,0.8055348,0.9577205,1,0.8756121,0.6338915,0,0,0,0,0,0,0,0,0,0,0,0,0,0
0,0,0,0,0,0,0,0,0,0.5395639,0.5349671,0.5679529,0.6466112,0.5979254,0.6941178,0.8495664,1,0.9715111,0.7104751,0.5630025,0,0,0,0,0,0,0,0,0,0,0,0,0,0,0,0,0,0,0,0.5525499,0.560442,0.5889288,0,0.5983034,0.6569235,0.7454211,0.7832968,0.8723668,0.8365936,1,0.8948365,0,0,0,0,0,0,0,0,0,0,0,0,0,0,0
0,0,0,0,0,0,0,0,0,0.6563467,0.6993607,0.7431824,0.7423082,0.8748259,0.8767827,0.5676349,1,0.9862826,0.7332668,0.5928245,0,0,0,0,0,0,0,0,0,0,0,0,0,0,0,0,0,0,0,0,0.5458919,0,0.6090844,0.5684144,0.6755896,0.6995667,0.7358294,0.8180457,0.964723,1,0.8743724,0.6388831,0.5390566,0.5369427,0,0,0,0,0,0,0,0,0,0,0,0
0,0,0,0,0,0,0,0,0,0,0.7166603,0.7698748,0.7775788,0.8441231,0.9303213,0.9500493,1,0.9656502,0.7284816,0,0,0,0,0,0,0,0,0,0,0,0,0,0,0,0,0,0,0,0,0,0,0,0,0,0.7266527,0.7439502,0.7116981,0.7497416,0.9481596,1,0.8911864,0,0,0,0,0,0,0,0,0,0,0,0,0,0,0
0,0,0,0,0,0,0,0,0,0.7079777,0.735148,0.7821581,0.7641972,0.625322,0.8577742,0.9051493,1,0.9871116,0.7361251,0,0,0,0,0,0,0,0,0,0,0,0,0,0,0,0,0,0,0,0,0,0,0,0,0.626214,0.672772,0.6097413,0.6942717,0.7565978,0.9355835,1,0.8697298,0,0,0,0,0,0,0,0,0,0,0,0,0,0,0
0,0,0,0,0,0,0,0,0,0.6698938,0.6989169,0,0.7203784,0,0.8215703,0.9257199,1,0.9721125,0.7512994,0,0,0,0,0,0,0,0,0,0,0,0,0,0,0,0,0,0,0,0,0,0,0,0,0.6697195,0.683728,0.7610884,0.7762024,0.7739444,0.9342882,1,0.9058312,0,0,0,0,0,0,0,0,0,0,0,0,0,0,0
0,0,0,0,0,0,0,0,0,0,0,0,0,0.7163475,0.8292825,0.8603371,1,0.9904967,0.7925453,0,0,0,0,0,0,0,0,0,0,0,0,0,0,0,0,0,0,0,0,0,0,0,0,0,0,0,0,0.7806712,0.9552313,1,0.9029436,0,0,0,0,0,0,0,0,0,0,0,0,0,0,0
0,0,0,0,0,0,0,0,0,0,0,0,0,0.5809487,0.7357219,0.7209927,0.9942359,1,0.7803512,0.6052482,0.6015519,0,0,0,0,0,0,0,0,0,0,0,0,0,0,0,0,0,0,0,0,0,0,0,0,0,0.6186496,0.7311085,0.9384827,1,0.871089,0.7169597,0.659458,0,0,0,0,0,0,0,0,0,0,0,0,0
0,0,0,0,0,0,0,0,0,0,0,0,0,0.626375,0.7129031,0.8626465,1,0.9897972,0.8413213,0.7526897,0.620702,0.6213955,0,0,0,0,0,0,0,0,0,0,0,0,0,0,0,0,0,0,0,0,0,0,0,0,0,0.6697218,0.9486128,1,0.882234,0.7034283,0,0,0,0,0,0,0,0,0,0,0,0,0,0
0,0,0,0,0,0,0,0,0,0,0,0,0,0,0.6400443,0.8333233,1,0.9768687,0.7998213,0.7946153,0.7034166,0,0,0,0,0,0,0,0,0,0,0,0,0,0,0,0,0,0,0,0,0,0,0,0,0,0.6620904,0.7733589,0.9052461,1,0.9039856,0.76096,0.7518891,0.6964552,0.6960706,0,0,0,0,0,0,0,0,0,0,0
0,0,0,0,0,0,0,0,0,0,0,0,0,0.7399343,0.8129264,0.8319971,1,0.9855363,0.7924585,0.7725151,0.7351583,0.7212446,0.7154664,0,0,0,0,0,0,0,0,0,0,0,0,0,0,0,0,0,0,0,0,0,0,0,0,0,0.9547282,1,0.8948152,0.7451342,0.7833829,0.7786682,0.7572824,0.7182996,0,0,0,0,0,0,0,0,0,0
0,0,0,0,0,0,0,0,0,0,0,0,0,0.7241499,0.7271435,0.7153904,1,0.9957644,0.7411996,0,0,0,0,0,0,0,0,0,0,0,0,0,0,0,0,0,0,0,0,0,0,0,0,0,0,0,0,0,0.9272984,1,0.8535795,0,0,0,0,0,0,0,0,0,0,0,0,0,0,0
0,0,0,0,0,0,0,0,0,0,0,0,0.7199333,0.6581302,0,0.8125545,1,0.9802768,0.7392752,0.6486803,0,0,0,0,0,0,0,0,0,0,0,0,0,0,0,0,0,0,0,0,0,0,0,0,0,0,0.6545786,0.6531974,0.9134117,1,0.9007804,0.6847737,0,0,0,0,0,0,0,0,0,0,0,0,0,0
0,0,0,0,0,0,0,0,0,0,0,0,0,0.6732944,0,0.7706374,1,0.9952001,0.7841284,0,0,0,0,0,0,0,0,0,0,0,0,0,0,0,0,0,0,0,0,0,0,0,0,0,0,0,0,0,0.9376369,1,0.8797922,0,0,0,0,0,0,0,0,0,0,0,0,0,0,0
