GestureName: rectangle
Duration(ms): 1410
Handedness: right

SpeakerAngles: 2
55
-55

InterpretedPoints: 30
0,0
0,0
0,0
0,0
0,0
0,0
0,0
0.806707284111599,-1.69458756439087
0.806707284111599,-2.82431260731812
0.806707284111599,-1.69458756439087
0,-2.25945008585449
0,0
0,0
0,0
-1.6134145682232,1.12972504292725
0,0
-0.806707284111599,-0.564862521463624
0,0
0,1.12972504292725
0,2.25945008585449
-0.806707284111599,3.95403765024536
-0.806707284111599,3.95403765024536
0,2.25945008585449
0,2.25945008585449
1.6134145682232,1.12972504292725
2.4201218523348,0.564862521463624
4.84024370466959,0
4.03353642055799,-0.564862521463623
2.4201218523348,-0.564862521463624
0,0

StrokePoints: 31
177.666666666667,130.277777777778
177.666666666667,130.277777777778
177.666666666667,130.277777777778
177.666666666667,130.277777777778
177.666666666667,130.277777777778
177.666666666667,130.277777777778
177.666666666667,130.277777777778
177.666666666667,130.277777777778
176.859959382555,131.972365342169
176.053252098443,134.796677949487
175.246544814332,136.491265513878
175.246544814332,138.750715599732
175.246544814332,138.750715599732
175.246544814332,138.750715599732
175.246544814332,138.750715599732
176.859959382555,137.620990556805
176.859959382555,137.620990556805
177.666666666667,138.185853078269
177.666666666667,138.185853078269
177.666666666667,137.056128035341
177.666666666667,134.796677949487
178.473373950778,130.842640299241
179.28008123489,126.888602648996
179.28008123489,124.629152563142
179.28008123489,122.369702477287
177.666666666667,121.23997743436
175.246544814332,120.675114912896
170.406301109662,120.675114912896
166.372764689104,121.23997743436
163.952642836769,121.804839955823
163.952642836769,121.804839955823

Velocities: 30
0,0
0,0
0,0
0,0
0,0
0,0
0,0
-1,-2
-2,-3
-1,-2
-2,-2
0,0
0,0
0,0
0,2
0,0
-1,0
0,0
1,1
2,2
3,4
3,4
2,2
2,2
2,0
2,-1
3,-3
2,-3
1,-2
0,0

InverseVelocities: 30
0,0
0,0
0,0
0,0
0,0
0,0
0,0
0,0
0,0
0,0
0,0
0,0
0,0
0,0
0,0
0,0
0,0
0,0
0,0
0,0
0,0
0,0
0,0
0,0
0,0
0,0
0,0
0,0
0,0
0,0

RawData: 30
0,0,0,0,0,0,0,0,0,0,0,0,0,0,0,0.8124352,1,0.9872941,0.7613276,0,0,0,0,0,0,0,0,0,0,0,0,0,0,0,0,0,0,0,0,0,0,0,0,0,0,0,0,0,0.9310057,1,0.8821932,0,0,0,0,0,0,0,0,0,0,0,0,0,0,0
0,0,0,0,0,0,0,0,0,0,0,0,0,0,0,0.8259891,1,0.9824275,0.7495342,0,0,0,0,0,0,0,0,0,0,0,0,0,0,0,0,0,0,0,0,0,0,0,0,0,0,0,0,0,0.9210539,1,0.8891652,0,0,0,0,0,0,0,0,0,0,0,0,0,0,0
0,0,0,0,0,0,0,0,0,0,0,0,0,0,0,0.827758,1,0.9778872,0.7261957,0,0,0,0,0,0,0,0,0,0,0,0,0,0,0,0,0,0,0,0,0,0,0,0,0,0,0,0,0,0.9209726,1,0.8766718,0,0,0,0,0,0,0,0,0,0,0,0,0,0,0
0,0,0,0,0,0,0,0,0,0,0,0,0,0,0,0.8340605,1,0.9795313,0.7319934,0,0,0,0,0,0,0,0,0,0,0,0,0,0,0,0,0,0,0,0,0,0,0,0,0,0,0,0,0.6565775,0.9327412,1,0.8851207,0,0,0,0,0,0,0,0,0,0,0,0,0,0,0
0,0,0,0,0,0,0,0,0,0,0,0,0,0,0,0.8476905,1,0.9942005,0.8021427,0,0,0,0,0,0,0,0,0,0,0,0,0,0,0,0,0,0,0,0,0,0,0,0,0,0,0,0,0.7277081,0.9189671,1,0.9025561,0,0,0,0,0,0,0,0,0,0,0,0,0,0,0
0,0,0,0,0,0,0,0,0,0,0,0,0,0.6460606,0.7625514,0.8386297,1,0.9941538,0.7465873,0,0,0,0,0,0,0,0,0,0,0,0,0,0,0,0,0,0,0,0,0,0,0,0,0,0,0,0,0.7973714,0.9705312,1,0.8676871,0.5839402,0,0,0,0,0,0,0,0,0,0,0,0,0,0
0,0,0,0,0,0,0,0,0,0,0,0,0,0,0.8350469,0.9068965,1,0.9835539,0.8039731,0,0,0,0,0,0,0,0,0,0,0,0,0,0,0,0,0,0,0,0,0,0,0,0,0,0,0,0.7239075,0.7734833,0.9499949,1,0.8991226,0,0,0,0,0,0,0,0,0,0,0,0,0,0,0
0,0,0,0,0,0,0,0,0,0,0,0,0.701337,0.7961557,0.7864475,0.7634358,1,0.9939768,0.7993746,0,0,0,0,0,0,0,0,0,0,0,0,0,0,0,0,0,0,0,0,0,0,0,0,0,0.6837692,0.8077844,0.8534814,0.8120045,0.9290269,1,0.887152,0.6640558,0,0,0,0,0,0,0,0,0,0,0,0,0,0
0,0,0,0,0,0,0,0,0,0,0,0.6718624,0.7035275,0.8115346,0.8481048,0.6818906,1,0.9962289,0.7771181,0,0,0,0,0,0,0,0,0,0,0,0,0,0,0,0,0,0,0,0,0,0,0,0,0.5983929,0.7158644,0.7548934,0.8491994,0.8043095,0.9411947,1,0.8905408,0,0,0,0,0,0,0,0,0,0,0,0,0,0,0
0,0,0,0,0,0,0,0,0,0,0,0,0.8000652,0.8278438,0.8604116,0.8873761,1,0.9865566,0.8025101,0,0,0,0,0,0,0,0,0,0,0,0,0,0,0,0,0,0,0,0,0,0,0,0,0,0.7367252,0.8012476,0.85329,0,0.9598972,1,0.8986182,0,0,0,0,0,0,0,0,0,0,0,0,0,0,0
0,0,0,0,0,0,0,0,0,0,0,0.6810274,0.7713857,0.703696,0.7462047,0.8345637,1,0.9840258,0.7317279,0,0,0,0,0,0,0,0,0,0,0,0,0,0,0,0,0,0,0,0,0,0,0,0,0,0.6384138,0.7681207,0.8393383,0.7958634,0.9471047,1,0.87772,0,0,0,0,0,0,0,0,0,0,0,0,0,0,0
0,0,0,0,0,0,0,0,0,0,0,0,0,0.8294963,0.9312426,0.9628785,1,0.9772274,0,0,0,0,0,0,0,0,0,0,0,0,0,0,0,0,0,0,0,0,0,0,0,0,0,0,0,0,0.7846084,0.8509699,0.9530205,1,0.9074504,0,0,0,0,0,0,0,0,0,0,0,0,0,0,0
0,0,0,0,0,0,0,0,0,0,0,0,0,0,0.7798455,0.938228,1,0.9733052,0,0,0,0,0,0,0,0,0,0,0,0,0,0,0,0,0,0,0,0,0,0,0,0,0,0,0,0,0,0.7507184,0.955633,1,0.8841076,0.6938525,0,0,0,0,0,0,0,0,0,0,0,0,0,0
0,0,0,0,0,0,0,0,0,0,0,0,0,0.6167234,0.7521308,0.7668101,1,0.9730726,0.6161174,0,0,0,0,0,0,0,0,0,0,0,0,0,0,0,0,0,0,0,0,0,0,0,0,0,0,0,0,0.6339049,0.9409485,1,0.8797098,0.6564283,0.6213533,0,0,0,0,0,0,0,0,0,0,0,0,0
0,0,0,0,0,0,0,0,0,0,0,0,0,0.7141139,0.8206671,0.9146709,1,0.9727522,0.7953432,0,0,0,0,0,0,0,0,0,0,0,0,0,0,0,0,0,0,0,0,0,0,0,0,0,0,0,0,0.6822373,0.9497666,1,0.8955664,0,0,0.7009783,0.6935382,0,0,0,0,0,0,0,0,0,0,0
0,0,0,0,0,0,0,0,0,0,0,0,0,0.7392188,0,0.8940121,1,0.9978966,0.800101,0,0,0,0,0,0,0,0,0,0,0,0,0,0,0,0,0,0,0,0,0,0,0,0,0,0,0,0,0.6638525,0.9485146,1,0.8889203,0.7347015,0.6997471,0,0,0,0,0,0,0,0,0,0,0,0,0
0,0,0,0,0,0,0,0,0,0,0,0,0.5708333,0.6684746,0.7233194,0.8831406,1,0.9752196,0.7301375,0,0,0,0,0,0,0,0,0,0,0,0,0,0,0,0,0,0,0,0,0,0,0,0,0,0,0,0.5258815,0.6430661,0.9333171,1,0.8632741,0.6121811,0.4920819,0,0,0,0,0,0,0,0,0,0,0,0,0
0,0,0,0,0,0,0,0,0,0,0,0,0,0,0,0.8520953,1,0.9846054,0.7833914,0,0,0,0,0,0,0,0,0,0,0,0,0,0,0,0,0,0,0,0,0,0,0,0,0,0,0,0,0,0.932762,1,0.9302559,0.7003195,0,0,0,0,0,0,0,0,0,0,0,0,0,0
0,0,0,0,0,0,0,0,0,0,0,0,0,0,0,0.7077589,1,0.9534068,0.8791045,0.8440668,0.7617217,0,0,0,0,0,0,0,0,0,0,0,0,0,0,0,0,0,0,0,0,0,0,0,0,0,0,0,0.9388613,1,0.877979,0.7046043,0.6547216,0.6369542,0,0,0,0,0,0,0,0,0,0,0,0
0,0,0,0,0,0,0,0,0,0,0,0,0,0,0,0.8370186,1,0.9977779,0.8338597,0.8153874,0.7877793,0.7264792,0,0,0,0,0,0,0,0,0,0,0,0,0,0,0,0,0,0,0,0,0,0,0,0,0,0.674415,0.9503309,1,0.884264,0.8145153,0.8339974,0.7684495,0.7127051,0,0,0,0,0,0,0,0,0,0,0
0,0,0,0,0,0,0,0,0,0,0,0,0,0,0.7288426,0.8616013,1,0.9665245,0.8550983,0.7733371,0.8105687,0.7912718,0.7447485,0,0,0,0,0,0,0,0,0,0,0,0,0,0,0,0,0,0,0,0,0,0,0,0,0.6578606,0.9447488,1,0.8846831,0.712483,0.8070387,0.8199167,0.7483875,0.7491289,0.7049084,0,0,0,0,0,0,0,0,0
0,0,0,0,0,0,0,0,0,0,0,0,0,0,0.7154312,0.8013292,1,0.9694966,0.7654819,0.8467191,0.9292483,0.8888757,0.8035628,0,0,0,0,0,0,0,0,0,0,0,0,0,0,0,0,0,0,0,0,0,0,0,0,0.6219351,0.9420877,1,0.8853871,0.7438883,0.7426772,0.7677485,0.8009307,0.7917377,0.744126,0,0,0,0,0,0,0,0,0
0,0,0,0,0,0,0,0,0,0,0,0,0,0,0,0.864485,1,0.9661591,0.9231775,0.9390146,0.8466284,0.8683411,0,0,0,0,0,0,0,0,0,0,0,0,0,0,0,0,0,0,0,0,0,0,0,0,0,0,0.9494868,1,0.9196074,0.8228577,0.8218548,0.8406483,0.7676067,0,0,0,0,0,0,0,0,0,0,0
0,0,0,0,0,0,0,0,0,0,0,0,0,0,0,0.8149934,0.9923936,1,0.8229893,0.8612383,0.7805734,0.6663303,0,0,0,0,0,0,0,0,0,0,0,0,0,0,0,0,0,0,0,0,0,0,0,0,0,0,0.9412821,1,0.8915615,0.8825814,0.8213924,0.7006264,0.6202202,0,0,0,0,0,0,0,0,0,0,0
0,0,0,0,0,0,0,0,0,0,0,0,0,0,0,0.8112796,1,0.9365428,0.9285377,0.887729,0.7860341,0.6527432,0,0,0,0,0,0,0,0,0,0,0,0,0,0,0,0,0,0,0,0,0,0,0,0,0,0.7551896,0.9571692,1,0.8625473,0.7242738,0.5918409,0,0,0,0,0,0,0,0,0,0,0,0,0
0,0,0,0,0,0,0,0,0,0,0,0,0,0,0,0.8271308,0.9895434,1,0.8707218,0.8251467,0.8556055,0.7263126,0,0,0,0,0,0,0,0,0,0,0,0,0,0,0,0,0,0,0,0,0,0,0,0.6763712,0.6789532,0.7973731,0.9132007,1,0.9043421,0,0,0,0,0,0,0,0,0,0,0,0,0,0,0
0,0,0,0,0,0,0,0,0,0,0,0,0,0,0.7118787,0.8193282,1,0.9825138,0.787006,0.7165267,0.7489451,0.8044424,0.7098067,0,0,0,0,0,0,0,0,0,0,0,0,0,0,0,0,0,0,0,0,0.630029,0.6898417,0.719132,0.719028,0.8224875,0.9568952,1,0.8954793,0.6319346,0.6316164,0,0,0,0,0,0,0,0,0,0,0,0,0
0,0,0,0,0,0,0,0,0,0,0,0,0,0,0.8451207,0.89258,0.9723925,1,0.895784,0.7935282,0.7166089,0.7603139,0,0,0,0,0,0,0,0,0,0,0,0,0,0,0,0,0,0,0,0,0,0.6888713,0.6751698,0.7519174,0.7735533,0.7777989,0.9313038,1,0.8952261,0.6647844,0,0,0,0,0,0,0,0,0,0,0,0,0,0
0,0,0,0,0,0,0,0,0,0,0,0,0,0,0.6797874,0.891555,1,0.9587038,0.7582982,0.685329,0.6470432,0,0,0,0,0,0,0,0,0,0,0,0,0,0,0,0,0,0,0,0,0,0,0,0.6242325,0.5874714,0.6255902,0.6712886,0.9387274,1,0.8911496,0.5878599,0,0,0,0,0,0,0,0,0,0,0,0,0,0
0,0,0,0,0,0,0,0,0,0,0,0,0,0,0,0.8586643,1,0.9815279,0.7969692,0,0,0,0,0,0,0,0,0,0,0,0,0,0,0,0,0,0,0,0,0,0,0,0,0,0,0,0,0.7855452,0.9437583,1,0.8950953,0,0,0,0,0,0,0,0,0,0,0,0,0,0,0
