GestureName: x
Duration(ms): 1034
Handedness: right

SpeakerAngles: 2
55
-55

InterpretedPoints: 22
0,0
0,0
-0.806707284111599,1.69458756439087
-2.4201218523348,-0.564862521463624
-6.45365827289279,-1.12972504292725
-5.64695098878119,-2.82431260731812
-0.806707284111599,-5.08376269317261
0,-1.12972504292725
0,0
0.806707284111599,0.564862521463624
1.6134145682232,2.25945008585449
4.84024370466959,-1.12972504292725
3.2268291364464,-1.12972504292725
2.4201218523348,-0.564862521463624
1.6134145682232,-1.12972504292725
-2.4201218523348,2.82431260731812
-1.6134145682232,3.38917512878174
0.806707284111599,7.34321277902711
-0.806707284111599,7.34321277902711
-3.22682913644639,4.51890017170899
-1.6134145682232,0
0,0

StrokePoints: 23
177.666666666667,130.277777777778
177.666666666667,130.277777777778
177.666666666667,130.277777777778
178.473373950778,128.583190213387
180.893495803113,129.148052734851
187.347154076006,130.277777777778
192.994105064787,133.102090385096
193.800812348899,138.185853078269
193.800812348899,139.315578121196
193.800812348899,139.315578121196
192.994105064787,138.750715599732
191.380690496564,136.491265513878
186.540446791894,137.620990556805
183.313617655448,138.750715599732
180.893495803113,139.315578121196
179.28008123489,140.445303164123
181.700203087225,137.620990556805
183.313617655448,134.231815428023
182.506910371336,126.888602648996
183.313617655448,119.545389869969
186.540446791894,115.02648969826
188.153861360117,115.02648969826
188.153861360117,115.02648969826

Velocities: 22
0,0
0,0
1,2
-2,1
-5,3
-6,1
-5,-4
-1,-1
0,0
1,0
3,1
2,-4
1,-3
1,-2
0,-2
1,4
2,4
7,6
6,7
2,6
-1,1
0,0

InverseVelocities: 22
0,0
0,0
0,0
0,-1
0,-4
0,-3
0,0
0,0
0,0
0,0
0,-1
0,0
0,0
0,0
0,0
0,0
0,0
0,0
0,0
-4,0
0,0
0,0

RawData: 22
0,0,0,0,0,0,0,0,0,0,0,0,0,0,0,0.7899922,1,0.9950066,0.7974371,0.7870075,0,0,0,0,0,0,0,0,0,0,0,0,0,0,0,0,0,0,0,0,0,0,0,0,0,0,0,0,0.9375299,1,0.859163,0,0,0,0,0,0,0,0,0,0,0,0,0,0,0
0,0,0,0,0,0,0,0,0,0,0,0,0,0,0,0.8076175,1,0.9653241,0,0,0,0,0,0,0,0,0,0,0,0,0,0,0,0,0,0,0,0,0,0,0,0,0,0,0,0,0,0,0.9143891,1,0.8979493,0.7599886,0.6072704,0,0,0,0,0,0,0,0,0,0,0,0,0
0,0,0,0,0,0,0,0,0,0,0,0,0,0,0.846202,0.9246846,1,0.9738137,0.7957076,0.7839234,0.6975291,0,0,0,0,0,0,0,0,0,0,0,0,0,0,0,0,0,0,0,0,0,0,0,0,0,0,0.6979679,0.9519601,1,0.8819377,0.7957876,0.7121357,0.6524172,0.6714337,0,0,0,0,0,0,0,0,0,0,0
0,0,0,0,0,0,0,0,0,0,0,0.7768235,0.7823042,0,0.8404305,0.9239627,1,0.9830679,0.8512849,0.8083727,0,0,0,0,0,0,0,0,0,0,0,0,0,0,0,0,0,0,0,0,0,0,0,0,0,0.7318449,0.7567934,0.7290403,0.9539233,1,0.92621,0.714456,0.7461913,0.7350418,0,0,0,0,0,0,0,0,0,0,0,0
0,0,0,0,0,0,0,0,0.6674368,0.7435058,0.796172,0.8014232,0.8450836,0.8374234,0.8349227,0.8447895,0.9993832,1,0.8150495,0.6563079,0,0,0,0,0,0,0,0,0,0,0,0,0,0,0,0,0,0,0,0,0,0,0.6395685,0.6511136,0.7440727,0.8151063,0.7433425,0.8414635,0.9227897,1,0.8773196,0.6346076,0.6950525,0.6813737,0.6678198,0.661459,0,0,0,0,0,0,0,0,0,0
0,0,0,0,0,0,0,0.5817466,0.6954556,0.7095164,0.776721,0.7792912,0.8532089,0.8378181,0.8252475,0.8153568,1,0.9829323,0.7485153,0,0,0,0,0,0,0,0,0,0,0,0,0,0,0,0,0,0,0,0,0,0,0,0,0.6476318,0.7367372,0.7125593,0.7320666,0.7625819,0.9451807,1,0.8733764,0.6266404,0.67312,0.6040187,0,0,0,0,0,0,0,0,0,0,0,0
0,0,0,0,0,0,0,0,0.6622946,0.7321312,0.7299333,0.7448109,0.8624513,0.7841482,0.8013884,0.8146033,1,0.9786055,0.7670675,0,0,0,0,0,0,0,0,0,0,0,0,0,0,0,0,0,0,0,0,0,0,0,0.6893182,0.7609813,0.7785311,0.7742062,0.8011687,0.6990896,0.9430543,1,0.8912391,0.6311478,0,0,0,0,0,0,0,0,0,0,0,0,0,0
0,0,0,0,0,0,0,0,0,0,0,0,0.7429541,0.8216213,0.7732877,0.8444697,1,0.9775534,0.7366802,0,0,0,0,0,0,0,0,0,0,0,0,0,0,0,0,0,0,0,0,0,0,0,0,0,0,0.7206768,0,0.7852846,0.945346,1,0.888541,0.6416586,0,0,0,0,0,0,0,0,0,0,0,0,0,0
0,0,0,0,0,0,0,0,0,0,0,0,0,0.6494772,0.7020245,0.8653446,1,0.9800005,0.7500681,0,0,0,0,0,0,0,0,0,0,0,0,0,0,0,0,0,0,0,0,0,0,0,0,0,0,0,0,0.7442865,0.9346363,1,0.8932183,0,0,0,0,0,0,0,0,0,0,0,0,0,0,0
0,0,0,0,0,0,0,0,0,0,0,0,0,0,0,0.8310756,1,0.9808293,0,0.738513,0.7203398,0,0,0,0,0,0,0,0,0,0,0,0,0,0,0,0,0,0,0,0,0,0,0,0,0,0,0.7538991,0.9555041,1,0.8774964,0.7184801,0,0,0,0,0,0,0,0,0,0,0,0,0,0
0,0,0,0,0,0,0,0,0,0,0,0,0,0,0.6233896,0.8163319,1,0.9912415,0.7857335,0.760818,0.7971528,0.7431458,0.5920441,0,0,0,0,0,0,0,0,0,0,0,0,0,0,0,0,0,0,0,0,0,0,0.6054398,0.5908387,0.6140487,0.9315592,1,0.9012242,0.7397926,0.6228431,0.625782,0,0,0,0,0,0,0,0,0,0,0,0
0,0,0,0,0,0,0,0,0,0,0,0,0,0,0.6508548,0.8436509,1,0.9814678,0.7977097,0.6935554,0.7613676,0.7302659,0,0,0,0,0,0,0,0,0,0,0,0,0,0,0,0,0,0,0,0,0.6275735,0.6232738,0.6892337,0.6267255,0.690809,0.770128,0.9506058,1,0.8791833,0,0.6728671,0,0,0,0,0,0,0,0,0,0,0,0,0
0,0,0,0,0,0,0,0,0,0,0,0,0,0.7385288,0.7521061,0.8015937,1,0.9704967,0.8550098,0.842181,0.7529798,0,0,0,0,0,0,0,0,0,0,0,0,0,0,0,0,0,0,0,0,0,0,0.7215245,0.7906781,0.799782,0.7605463,0.7196519,0.9441862,1,0.9005086,0.7894555,0.7529337,0,0,0,0,0,0,0,0,0,0,0,0,0
0,0,0,0,0,0,0,0,0,0,0,0,0,0.6639985,0.6873796,0.8637087,1,0.9841561,0.8074623,0.7151383,0.654462,0,0,0,0,0,0,0,0,0,0,0,0,0,0,0,0,0,0,0,0,0,0,0,0.7325479,0.67461,0.8001167,0.8164852,0.9440488,1,0.883614,0.7539297,0.6770775,0,0,0,0,0,0,0,0,0,0,0,0,0
0,0,0,0,0,0,0,0,0,0,0,0,0,0,0.6168462,0.7826713,1,0.9947251,0.7626857,0.7057267,0,0,0,0,0,0,0,0,0,0,0,0,0,0,0,0,0,0,0,0,0,0,0,0,0.5270059,0.6684657,0.7602851,0.8278798,0.9645379,1,0.8406784,0.74066,0.5422463,0,0,0,0,0,0,0,0,0,0,0,0,0
0,0,0,0,0,0,0,0,0,0,0,0,0,0,0,0.855662,1,0.9731309,0.8218444,0.8727935,0.7944531,0,0,0,0,0,0,0,0,0,0,0,0,0,0,0,0,0,0,0,0,0,0,0,0,0,0,0,0.938929,1,0.906626,0.7067775,0.7313058,0.7469922,0.7478576,0.7214946,0.6673275,0,0,0,0,0,0,0,0,0
0,0,0,0,0,0,0,0,0,0,0,0,0,0,0.7536604,0.7566479,1,0.9910873,0.8036946,0.8176838,0.7924623,0.7624142,0,0,0,0,0,0,0,0,0,0,0,0,0,0,0,0,0,0,0,0,0,0,0,0,0,0,0.9365752,1,0.9014638,0.7782424,0.7746654,0.7687757,0.736146,0.7787074,0.7754093,0,0,0,0,0,0,0,0,0
0,0,0,0,0,0,0,0,0,0,0,0,0,0,0.7137724,0.7984983,0.9982381,1,0.8790088,0.8071291,0.7701533,0.7373849,0.7053203,0.7395105,0.7793911,0.7512053,0.6833023,0,0,0,0,0,0,0,0,0,0,0,0,0,0,0,0,0,0,0,0,0,0.9377862,1,0.896174,0.7389714,0.7681466,0.8232773,0.7507694,0.7313183,0.7502503,0.6705483,0.7503744,0,0,0,0,0,0,0
0,0,0,0,0,0,0,0,0,0,0,0,0,0,0.6768784,0.8438755,1,0.9883702,0.8214633,0.7831708,0.7670951,0.7570423,0.6863227,0,0.6543804,0.6496202,0,0,0,0,0,0,0,0,0,0,0,0,0,0,0,0,0,0,0,0,0,0.7138475,0.9476751,1,0.8847139,0.7185922,0.716969,0.6786256,0.7320831,0.8008013,0.7385676,0.762358,0.7786095,0.7496838,0,0,0,0,0,0
0,0,0,0,0,0,0,0,0,0.6669855,0.6950784,0.6728554,0.7965319,0.7905672,0.7787443,0.8355786,1,0.9921991,0.8019215,0.635433,0.6904776,0.6416571,0,0,0,0,0,0,0,0,0,0,0,0,0,0,0,0,0,0,0,0,0,0,0,0,0.6782311,0.6993316,0.9300616,1,0.9144253,0.7685786,0.7291573,0.7450154,0.7222136,0.7101375,0.6989665,0.6762394,0.647287,0,0,0,0,0,0,0
0,0,0,0,0,0,0,0,0,0,0,0,0.7379196,0.7811921,0.8358483,0.8739817,1,0.9903387,0.7778252,0,0,0,0,0,0,0,0,0,0,0,0,0,0,0,0,0,0,0,0,0,0,0,0,0,0,0,0.6938889,0.7405984,0.9496982,1,0.84464,0.796818,0.7360947,0.6816293,0,0,0,0,0,0,0,0,0,0,0,0
0,0,0,0,0,0,0,0,0,0,0,0,0,0,0.7970766,0.8698404,0.9979551,1,0.7909497,0,0,0,0,0,0,0,0,0,0,0,0,0,0,0,0,0,0,0,0,0,0,0,0,0,0,0,0,0.724064,0.9468461,1,0.8970358,0.6669609,0,0,0,0,0,0,0,0,0,0,0,0,0,0
