GestureName: z
Duration(ms): 1316
Handedness: right

SpeakerAngles: 2
55
-55

InterpretedPoints: 28
0,0
0,0
0,0
0,0
0,0
0,0
0,0
0,0
-1.6134145682232,1.12972504292725
-2.4201218523348,0.564862521463624
0,0
0,0
0,0
0,0
1.6134145682232,1.12972504292725
2.4201218523348,1.69458756439087
3.2268291364464,2.25945008585449
7.26036555700439,0.564862521463623
7.26036555700439,-1.69458756439087
1.6134145682232,0
0.806707284111599,-0.564862521463624
0.806707284111599,0.564862521463624
0.806707284111599,0.564862521463624
-0.806707284111599,3.95403765024536
1.6134145682232,3.38917512878174
-0.806707284111599,0.564862521463624
0,0
0,0

StrokePoints: 29
177.666666666667,130.277777777778
177.666666666667,130.277777777778
177.666666666667,130.277777777778
177.666666666667,130.277777777778
177.666666666667,130.277777777778
177.666666666667,130.277777777778
177.666666666667,130.277777777778
177.666666666667,130.277777777778
177.666666666667,130.277777777778
179.28008123489,129.148052734851
181.700203087225,128.583190213387
181.700203087225,128.583190213387
181.700203087225,128.583190213387
181.700203087225,128.583190213387
181.700203087225,128.583190213387
180.086788519001,127.45346517046
177.666666666667,125.758877606069
174.43983753022,123.499427520214
167.179471973216,122.934564998751
159.919106416212,124.629152563142
158.305691847988,124.629152563142
157.498984563877,125.194015084605
156.692277279765,124.629152563142
155.885569995654,124.064290041678
156.692277279765,120.110252391433
155.078862711542,116.721077262651
155.885569995654,116.156214741187
155.885569995654,116.156214741187
155.885569995654,116.156214741187

Velocities: 28
0,0
0,0
0,0
0,0
0,0
0,0
0,0
0,0
0,2
-1,2
0,0
0,0
0,0
0,0
2,0
3,0
4,0
5,-4
3,-6
1,-1
0,-1
1,0
1,0
3,4
4,2
0,1
0,0
0,0

InverseVelocities: 28
0,0
0,0
0,0
0,0
0,0
0,0
0,0
0,0
0,0
0,0
0,0
0,0
0,0
0,0
0,0
0,0
0,0
-2,0
-1,0
-4,0
0,0
0,0
0,0
0,-1
-1,0
0,0
0,0
0,0

RawData: 28
0,0,0,0,0,0,0,0,0,0,0,0,0,0,0,0.8538167,0.9994252,1,0.839183,0,0,0,0,0,0,0,0,0,0,0,0,0,0,0,0,0,0,0,0,0,0,0,0,0,0,0,0,0,0.9628308,1,0.8808771,0,0,0,0,0,0,0,0,0,0,0,0,0,0,0
0,0,0,0,0,0,0,0,0,0,0,0,0,0,0.6547717,0.7172608,0.9397799,1,0.8017972,0,0,0,0,0,0,0,0,0,0,0,0,0,0,0,0,0,0,0,0,0,0,0,0,0,0,0,0,0.6904662,0.9376546,1,0.8826275,0,0,0,0,0,0,0,0,0,0,0,0,0,0,0
0,0,0,0,0,0,0,0,0,0,0,0,0,0,0.6454427,0.8761231,1,0.9795719,0.7392381,0,0,0,0,0,0,0,0,0,0,0,0,0,0,0,0,0,0,0,0,0,0,0,0,0,0,0,0,0.6822969,0.9364404,1,0.8743846,0,0,0,0,0,0,0,0,0,0,0,0,0,0,0
0,0,0,0,0,0,0,0,0,0,0,0,0,0,0,0.8423246,1,0.984894,0.7910566,0,0,0,0,0,0,0,0,0,0,0,0,0,0,0,0,0,0,0,0,0,0,0,0,0,0,0,0,0,0.9407627,1,0.8934038,0,0,0,0,0,0,0,0,0,0,0,0,0,0,0
0,0,0,0,0,0,0,0,0,0,0,0,0,0,0,0.8655856,1,0.9731446,0.7323888,0,0,0,0,0,0,0,0,0,0,0,0,0,0,0,0,0,0,0,0,0,0,0,0,0,0,0,0,0,0.9450429,1,0.9017257,0,0,0,0,0,0,0,0,0,0,0,0,0,0,0
0,0,0,0,0,0,0,0,0,0,0,0,0,0,0,0.851989,1,0.9758995,0.7451737,0,0,0,0,0,0,0,0,0,0,0,0,0,0,0,0,0,0,0,0,0,0,0,0,0,0,0,0,0.6931955,0.9414479,1,0.8666443,0.6599097,0,0,0,0,0,0,0,0,0,0,0,0,0,0
0,0,0,0,0,0,0,0,0,0,0,0,0,0,0,0.8247839,1,0.9900376,0.780072,0,0,0,0,0,0,0,0,0,0,0,0,0,0,0,0,0,0,0,0,0,0,0,0,0,0,0,0,0.6978006,0.9526632,1,0.8907681,0.6584374,0,0,0,0,0,0,0,0,0,0,0,0,0,0
0,0,0,0,0,0,0,0,0,0,0,0,0,0,0.6008068,0.7180944,1,0.9894806,0.6978809,0,0,0,0,0,0,0,0,0,0,0,0,0,0,0,0,0,0,0,0,0,0,0,0,0,0,0,0,0.5776397,0.9377397,1,0.8802875,0.7238092,0.6490088,0,0,0,0,0,0,0,0,0,0,0,0,0
0,0,0,0,0,0,0,0,0,0,0,0,0,0,0.6562536,0.8336894,1,0.9751099,0.7032672,0,0,0,0,0,0,0,0,0,0,0,0,0,0,0,0,0,0,0,0,0,0,0,0,0,0,0,0,0.5726103,0.937766,1,0.8868535,0.6043251,0.733474,0.6777902,0.5127056,0,0,0,0,0,0,0,0,0,0,0
0,0,0,0,0,0,0,0,0,0,0,0,0.6157687,0.6300594,0.7085899,0.7960706,1,0.9828559,0.740034,0,0,0,0,0,0,0,0,0,0,0,0,0,0,0,0,0,0,0,0,0,0,0,0,0,0,0,0.5521398,0.7053115,0.9090205,1,0.8721316,0.6329629,0.595574,0.6806726,0.6073345,0,0,0,0,0,0,0,0,0,0,0
0,0,0,0,0,0,0,0,0,0,0,0,0,0.7990804,0.9160577,0.8663436,1,0.9957371,0.788929,0,0,0,0,0,0,0,0,0,0,0,0,0,0,0,0,0,0,0,0,0,0,0,0,0,0,0,0.6850327,0.770358,0.940596,1,0.9271792,0.8231742,0.7424512,0,0,0,0,0,0,0,0,0,0,0,0,0
0,0,0,0,0,0,0,0,0,0,0,0,0,0.7822263,0.8478553,0.9078614,1,0.9830741,0.7833378,0,0,0,0,0,0,0,0,0,0,0,0,0,0,0,0,0,0,0,0,0,0,0,0,0,0,0,0,0.7854067,0.952778,1,0.8875364,0,0,0,0,0,0,0,0,0,0,0,0,0,0,0
0,0,0,0,0,0,0,0,0,0,0,0,0,0,0.8091702,0.8919585,1,0.9950557,0.8196268,0,0,0,0,0,0,0,0,0,0,0,0,0,0,0,0,0,0,0,0,0,0,0,0,0,0,0,0,0.7634014,0.9550353,1,0.8921388,0,0,0,0,0,0,0,0,0,0,0,0,0,0,0
0,0,0,0,0,0,0,0,0,0,0,0,0,0,0,0.8234385,1,0.9927096,0.7593119,0,0,0,0,0,0,0,0,0,0,0,0,0,0,0,0,0,0,0,0,0,0,0,0,0,0,0,0,0,0.9366789,1,0.9127402,0,0,0,0,0,0,0,0,0,0,0,0,0,0,0
0,0,0,0,0,0,0,0,0,0,0,0,0,0,0,0.8232233,1,0.9957402,0.8319209,0.7702166,0.6861517,0.5713401,0,0,0,0,0,0,0,0,0,0,0,0,0,0,0,0,0,0,0,0,0,0,0,0,0,0.6698901,0.9307057,1,0.8453696,0.6647937,0,0,0,0,0,0,0,0,0,0,0,0,0,0
0,0,0,0,0,0,0,0,0,0,0,0,0,0,0,0.8651083,1,0.9563763,0.870911,0.8469023,0.816601,0.7722681,0.7432306,0,0,0,0,0,0,0,0,0,0,0,0,0,0,0,0,0,0,0,0,0,0,0,0,0,0.9414891,1,0.9397907,0.8438625,0.776053,0,0,0,0,0,0,0,0,0,0,0,0,0
0,0,0,0,0,0,0,0,0,0,0,0,0,0,0,0.8341616,1,0.9842463,0.88412,0.8437433,0.7668991,0.7213173,0.7747749,0.6649467,0,0,0,0,0,0,0,0,0,0,0,0,0,0,0,0,0,0,0,0,0,0,0.6803884,0.7858959,0.9744651,1,0.7852479,0.7886519,0.6848676,0,0,0,0,0,0,0,0,0,0,0,0,0
0,0,0,0,0,0,0,0,0,0,0,0.6111619,0.6219477,0.6556509,0.673071,0.8192768,1,0.993833,0.8579443,0.7536035,0,0.7005792,0.6828601,0.6750146,0.6208811,0,0,0,0,0,0,0,0,0,0,0,0,0,0,0,0,0,0.6350966,0.6657022,0.7056484,0.6284385,0.5992425,0.6428902,0.9410668,1,0.8909357,0.6765197,0.6139579,0,0,0,0,0,0,0,0,0,0,0,0,0
0,0,0,0,0,0,0,0,0,0,0,0,0.6984444,0.6878803,0.720357,0.8915421,1,0.9674308,0.7666283,0.6251597,0.6997219,0.6600426,0.6643149,0,0,0,0,0,0,0,0,0,0,0,0,0,0,0,0,0,0.6120477,0.6075205,0,0,0.7066017,0.7618483,0.6872297,0.7823281,0.9466565,1,0.8663331,0.610908,0,0,0,0,0,0,0,0,0,0,0,0,0,0
0,0,0,0,0,0,0,0,0,0.6115283,0.6437144,0.6965922,0.6809615,0.5985323,0.7539448,0.8295735,1,0.9876519,0.7732675,0,0.6607069,0,0,0,0,0,0,0,0,0,0,0,0,0,0,0,0,0,0,0,0,0,0,0,0,0.7781286,0.8157535,0.7335354,0.91714,1,0.8863778,0.6472102,0,0,0,0,0,0,0,0,0,0,0,0,0,0
0,0,0,0,0,0,0,0,0,0,0,0,0,0,0.7559337,0.8836215,1,0.9784456,0.7563087,0,0,0,0,0,0,0,0,0,0,0,0,0,0,0,0,0,0,0,0,0,0,0,0,0,0,0.7228762,0.7943903,0.7935277,0.9599063,1,0.8922327,0,0,0,0,0,0,0,0,0,0,0,0,0,0,0
0,0,0,0,0,0,0,0,0,0,0,0,0,0,0,0.6495326,0.9862098,1,0.8479897,0.7378101,0.6634288,0,0,0,0,0,0,0,0,0,0,0,0,0,0,0,0,0,0,0,0,0,0,0,0,0,0,0.6690817,0.9310517,1,0.7991081,0.8748704,0.7752569,0,0,0,0,0,0,0,0,0,0,0,0,0
0,0,0,0,0,0,0,0,0,0,0,0,0,0,0,0.894837,1,0.9845746,0.8948159,0.8814126,0.8315324,0,0,0,0,0,0,0,0,0,0,0,0,0,0,0,0,0,0,0,0,0,0,0,0,0,0,0,0.9477252,1,0.8917343,0.9019039,0.8747305,0,0,0,0,0,0,0,0,0,0,0,0,0
0,0,0,0,0,0,0,0,0,0,0,0,0,0.6324988,0.658547,0.8191261,1,0.9963697,0.9136435,0.8603261,0,0.6871144,0.6382934,0,0,0,0,0,0,0,0,0,0,0,0,0,0,0,0,0,0,0,0,0,0,0.6119687,0.6099043,0.6149322,0.9454611,1,0.8623317,0.6959137,0.7307565,0.7538007,0.740126,0.7253693,0.641515,0,0,0,0,0,0,0,0,0
0,0,0,0,0,0,0,0,0,0,0,0,0.6199449,0.7305857,0.8189856,0.8886685,1,0.9781455,0.835631,0.7789592,0.6215942,0.6831023,0.6230021,0.6416804,0,0,0,0,0,0,0,0,0,0,0,0,0,0,0,0,0,0,0,0,0,0,0.6263913,0.7072518,0.9259594,1,0.9088433,0.8204845,0.8800095,0.8559778,0.7367818,0,0,0,0,0,0,0,0,0,0,0
0,0,0,0,0,0,0,0,0,0,0,0,0,0.7676155,0.7461749,0.8364975,1,0.9906282,0.8004858,0,0,0,0,0,0,0,0,0,0,0,0,0,0,0,0,0,0,0,0,0,0,0,0,0,0,0,0,0,0.9427104,1,0.9167069,0,0.783581,0.7295312,0,0,0,0,0,0,0,0,0,0,0,0
0,0,0,0,0,0,0,0,0,0,0,0,0,0.7030944,0.7396703,0.7681669,0.9975808,1,0.7927818,0,0,0,0,0,0,0,0,0,0,0,0,0,0,0,0,0,0,0,0,0,0,0,0,0,0,0,0,0.6763893,0.9470124,1,0.8859689,0.7429148,0,0,0,0,0,0,0,0,0,0,0,0,0,0
0,0,0,0,0,0,0,0,0,0,0,0,0,0,0.6777771,0.8629391,1,0.9783659,0.7345591,0,0,0,0,0,0,0,0,0,0,0,0,0,0,0,0,0,0,0,0,0,0,0,0,0,0,0,0,0,0.9387116,1,0.8651458,0.5699421,0,0,0,0,0,0,0,0,0,0,0,0,0,0
