GestureName: arrow
Duration(ms): 1222
Handedness: right

SpeakerAngles: 2
55
-55

InterpretedPoints: 26
0,0
0,0
0,0
0,0
0,4.51890017170899
-1.6134145682232,9.03780034341798
-4.84024370466959,10.1675253863452
-5.64695098878119,9.6026628648816
-12.9073165457856,1.12972504292725
-7.26036555700439,-1.69458756439087
-4.03353642055799,1.69458756439087
4.03353642055799,9.6026628648816
4.03353642055799,9.6026628648816
5.64695098878119,5.08376269317261
0.806707284111599,0.564862521463624
-5.64695098878119,-6.21348773609986
-2.4201218523348,-11.8621129507361
-0.806707284111598,-12.9918379936633
0,-11.2972504292725
2.4201218523348,-5.08376269317261
5.64695098878119,-8.47293782195435
5.64695098878119,-8.47293782195435
4.84024370466959,-6.77835025756348
0.806707284111599,0.564862521463624
0,0
0,0

StrokePoints: 27
177.666666666667,130.277777777778
177.666666666667,130.277777777778
177.666666666667,130.277777777778
177.666666666667,130.277777777778
177.666666666667,130.277777777778
177.666666666667,125.758877606069
179.28008123489,116.721077262651
184.120324939559,106.553551876306
189.767275928341,96.950889011424
202.674592474126,95.8211639684968
209.934958031131,97.5157515328876
213.968494451689,95.8211639684968
209.934958031131,86.2185011036152
205.901421610573,76.6158382387336
200.254470621791,71.532075545561
199.44776333768,70.9672130240973
205.094714326461,77.1807007601972
207.514836178796,89.0428137109333
208.321543462907,102.034651704597
208.321543462907,113.331902133869
205.901421610573,118.415664827042
200.254470621791,126.888602648996
194.60751963301,135.36154047095
189.767275928341,142.139890728514
188.960568644229,141.57502820705
188.960568644229,141.57502820705
188.960568644229,141.57502820705

Velocities: 26
0,0
0,0
0,0
0,0
4,4
7,9
6,12
5,12
-7,9
-6,3
-1,4
11,6
11,6
8,1
1,0
-9,-2
-12,-9
-12,-11
-10,-10
-3,-6
-4,-11
-4,-11
-3,-9
1,0
0,0
0,0

InverseVelocities: 26
0,0
0,0
0,0
0,0
0,0
-1,0
-2,0
-2,-1
0,-1
0,-1
6,0
0,0
0,0
0,0
-2,0
0,1
0,0
0,1
0,0
3,3
6,5
0,0
1,0
0,0
0,0
0,0

RawData: 26
0,0,0,0,0,0,0,0,0,0,0,0,0,0,0,0.8039372,1,0.9784493,0.6783984,0,0,0,0,0,0,0,0,0,0,0,0,0,0,0,0,0,0,0,0,0,0,0,0,0,0,0,0,0.6275977,0.9448602,1,0.8751649,0,0,0,0,0,0,0,0,0,0,0,0,0,0,0
0,0,0,0,0,0,0,0,0,0,0,0,0,0,0,0.7864701,1,0.9966032,0.7794128,0,0,0,0,0,0,0,0,0,0,0,0,0,0,0,0,0,0,0,0,0,0,0,0,0,0,0,0,0.6406031,0.9457513,1,0.8890589,0,0,0,0,0,0,0,0,0,0,0,0,0,0,0
0,0,0,0,0,0,0,0,0,0,0,0,0,0,0,0,0.9982004,1,0,0,0,0,0,0,0,0,0,0,0,0,0,0,0,0,0,0,0,0,0,0,0,0,0,0,0,0,0,0,0.9597668,1,0.927592,0,0,0,0,0,0,0,0,0,0,0,0,0,0,0
0,0,0,0,0,0,0,0,0,0,0,0,0,0,0,0,1,0.9551765,0.9370568,0.8764123,0,0,0,0,0,0,0,0,0,0,0,0,0,0,0,0,0,0,0,0,0,0,0,0,0,0,0,0.6961457,0.9554148,1,0.909373,0,0,0,0,0,0,0,0,0,0,0,0,0,0,0
0,0,0,0,0,0,0,0,0,0,0,0,0,0,0.7398617,0.7210261,0.9377327,0.9453932,0.9738999,0.9832678,1,0.9739951,0.874382,0.7208704,0,0,0,0,0,0,0,0,0,0,0,0,0,0,0,0,0,0,0,0,0,0,0,0,0.9432033,1,0.9423507,0.9536214,0.9340687,0.8892075,0.8425916,0.7849783,0.6978437,0,0,0,0,0,0,0,0,0
0,0,0,0,0,0,0,0,0,0,0,0,0.727152,0.7360061,0,0.8677858,1,0.9840235,0.8202032,0.8567209,0.9551878,0.9002333,0.9610739,0.8912266,0.8188325,0.7263421,0.7383412,0,0,0,0,0,0,0,0,0,0,0,0,0,0,0,0,0,0,0,0,0,0.9445104,1,0.8711271,0.8349495,0.8568689,0.7770154,0.8206959,0.8476201,0.8261005,0.7669071,0.7273759,0.6939447,0.6828601,0.6354617,0,0,0,0
0,0,0,0,0,0,0,0,0,0,0,0.6736571,0.6893193,0.7485154,0.7295458,0.8076445,0.9940528,1,0.8705315,0.91401,0.9574231,0.7981216,0.9790752,0.9725057,0.9128919,0.823612,0,0,0,0,0,0,0,0,0,0,0,0,0,0,0,0,0,0,0,0,0.6580769,0.6605715,0.9405223,1,0.880255,0.7451956,0.7133529,0.7381052,0.7268608,0.6585585,0.7039932,0,0.7168036,0.7761366,0.8100545,0.758951,0.6565024,0.6410283,0.6020464,0
0,0,0,0,0,0,0,0,0,0,0,0.8119474,0.8367522,0.8303053,0.8235341,0.8557966,0.9794088,1,0.7692893,0.8924937,0.9092224,0.8706029,0.7520579,0.6855755,0.677029,0,0,0,0,0,0,0,0,0,0,0,0,0,0,0,0,0,0,0,0,0.6274122,0.7136898,0,0.9454023,1,0.8879591,0,0,0.7121729,0.6938393,0.7376737,0.7709925,0.8097759,0.8283348,0.8310095,0.8174824,0.6449491,0.6531491,0.6314081,0.6261792,0
0,0,0,0,0,0,0.674582,0.7109329,0.8306987,0.8308483,0.7977989,0.8577367,0.8280748,0.8808298,0.7804627,0.8457348,1,0.997406,0.855651,0.7045968,0,0,0,0,0,0,0,0,0,0,0,0,0,0,0,0,0,0,0,0,0,0,0,0,0,0.7110104,0.644232,0.6969885,0.9254947,1,0.9160451,0.8609922,0.8840487,0.880168,0.8378201,0.7721595,0.7348747,0,0.7393728,0.6999941,0.6648669,0.6510631,0,0,0,0
0,0,0,0,0,0,0,0.7391499,0.8538767,0.9283208,0.9770217,0.9921346,0.9855152,0.9607413,0.7451609,0.8873313,1,0.9520121,0.8038399,0.6974612,0,0,0,0,0,0,0,0,0,0,0,0,0,0,0,0,0,0,0,0,0,0,0,0,0,0.7289681,0.7489729,0.6956345,0.9378917,1,0.9164994,0.6813565,0.7665642,0.6767957,0.6837497,0.6772877,0,0,0,0,0,0,0,0,0,0
0,0,0,0,0,0,0,0,0,0,0,0,0.8244966,0.8939701,0.9232664,0.8049592,0.970834,1,0.960758,0.975303,0.9621204,0.9478434,0.9158266,0.8846587,0.845034,0.7981759,0,0,0,0,0,0,0,0,0,0,0,0,0,0,0,0,0,0,0,0,0.6295865,0,0.9466593,1,0.925213,0.8761521,0.8940074,0.8816631,0.8436098,0.7832321,0.7202793,0,0,0,0,0,0,0,0,0
0,0,0,0,0,0,0,0,0,0,0,0,0,0,0,0.8162914,0.94332,0.9459007,0.7618697,0.8156322,0.7804022,0.8540894,0.7806597,0,0.8233511,0.8930015,0.9562763,1,0.9808061,0.9083706,0.7829607,0,0,0,0,0,0,0,0,0,0,0,0,0,0,0,0,0.6741971,0.9435081,1,0.8502386,0.8120377,0.7646233,0.8586881,0.7388886,0.8796594,0.9046159,0.8227043,0.6363344,0,0,0,0,0,0,0
0,0,0,0,0,0,0,0,0,0,0,0,0,0,0.7557698,0.9175706,1,0.9258698,0.8357961,0.8126535,0.7389094,0.8130774,0.8456059,0.84894,0,0.904041,0.9072548,0.8440811,0.9643149,0.9361464,0.8354143,0,0,0,0,0,0,0,0,0,0,0,0,0,0,0,0,0.7697339,0.9588245,1,0.757343,0.9294063,0.9257531,0.8909311,0.8752484,0.8719177,0.7987339,0.7549365,0.716661,0,0,0,0,0,0,0
0,0,0,0,0,0,0,0,0,0,0,0,0,0,0,0.8260288,1,0.9488342,0.8921856,0.9240124,0.8649169,0.6820185,0.7853691,0.8493171,0.8549757,0.8084108,0.7472839,0.7229632,0,0,0,0,0,0,0,0,0,0,0,0,0,0,0,0,0,0,0.7475692,0.8077093,0.9277992,1,0.877526,0.67551,0.7170541,0.6388,0,0,0,0,0,0,0,0,0,0,0,0
0,0,0,0,0,0,0,0,0,0,0,0.7385815,0.760052,0.7511743,0,0.9034824,1,0.9867222,0.8594307,0.7884477,0.7430677,0,0,0,0,0,0,0,0,0,0,0,0,0,0,0,0,0,0,0,0,0,0,0,0,0,0,0,0.9472179,1,0.9185643,0.7962179,0.7347245,0,0,0,0,0,0,0,0,0,0,0,0,0
0,0,0,0,0.7340493,0.7843414,0.8093803,0.7826587,0.7757764,0.8877249,0.9343984,0.9326171,0.9084136,0.8728257,0.8191119,0.8372076,1,0.9929653,0.7743325,0,0,0,0,0,0,0,0,0,0,0,0,0,0,0,0,0,0,0,0,0,0,0,0,0,0.6582792,0.7530633,0.7814066,0.6722594,0.9298823,1,0.9364302,0.7814214,0.7705703,0.7175475,0,0,0,0,0,0,0,0,0,0,0,0
0.7765014,0.8408464,0.8675341,0.8554358,0.6978094,0.8327113,0.7996351,0.8043543,0.8041334,0.8228629,0,0.7457826,0.6961352,0.7228962,0.7461212,0.8330465,1,0.9906577,0.8442265,0,0,0,0,0,0,0,0,0,0,0,0,0,0,0,0,0,0,0.7166104,0.7859558,0.8157406,0.8311383,0.8498794,0.8601172,0.8442001,0.6987807,0.8940229,0.9545581,0.9539129,0.9895311,1,0.8024392,0.7468894,0,0,0,0,0,0,0,0,0,0,0,0,0,0
0.7855823,0.8513911,0.8396139,0.856076,0.8558511,0.7281869,0.7632378,0.8159261,0.7353659,0.6312996,0.6693348,0.7493273,0.7701913,0,0.7698721,0.9157515,1,0.9899358,0.818751,0.6113023,0,0,0,0,0,0,0,0,0,0,0,0,0,0,0,0.632117,0.7292517,0.810859,0.8309839,0.8895068,0.8623354,0.7789916,0.8375874,0.7939835,0.7696423,0.8003206,0.7267491,0.7427167,0.9395289,1,0.8991514,0.5902516,0.5877216,0.5871704,0,0,0,0,0,0,0,0,0,0,0,0
0,0,0,0.7602258,0.7988038,0.7988994,0.839933,0.8832734,0.8719702,0.8781909,0.9047214,0.8924158,0.8494536,0.8725923,0.7912187,0.8885183,1,0.988726,0.8268172,0,0,0,0,0,0,0,0,0,0,0,0,0,0,0,0,0,0.6546042,0.7105697,0.784096,0.8343492,0.8409867,0.8439148,0.8304121,0.8761641,0.8500093,0.7141798,0.7473866,0,0.9392657,1,0.8910268,0,0,0,0,0,0,0,0,0,0,0,0,0,0,0
0,0,0,0,0,0,0,0,0,0,0.6681769,0.7148859,0.7848662,0.7799923,0.7856764,0.7718788,0.9879845,1,0.9308705,0.9189159,0.8811507,0.7882043,0.6753281,0,0,0,0,0,0,0,0,0,0,0,0,0,0,0,0,0,0.5859874,0.712068,0.6980942,0.8122241,0.7660952,0.83276,0.7905501,0.7553551,0.9554961,1,0.8927332,0.66212,0,0.6182438,0.6173381,0.606971,0,0,0,0,0,0,0,0,0,0
0,0,0,0,0,0,0,0,0,0.5853205,0.6323706,0.6005549,0.6909249,0.7558346,0.6790997,0.8699909,1,0.9801506,0.8657433,0.7981997,0.8089166,0.7560469,0.7020121,0.6879299,0.6856293,0.6395548,0,0,0,0,0,0,0,0,0,0.671134,0.7633944,0.7841308,0.7563697,0.6670476,0.7446787,0.72077,0.6657965,0.7430294,0.7486836,0.6183004,0.6648291,0.6459508,0.9240817,1,0.8949175,0.6666674,0,0.6031975,0.662827,0.6279774,0.5916194,0.5970663,0,0,0,0,0,0,0,0
0,0,0,0,0,0,0,0,0,0.7794297,0.8446134,0.8524047,0.764547,0.752619,0.7526428,0.8547491,1,0.9937471,0.8579986,0.7706336,0,0,0,0,0,0,0,0,0,0,0,0,0,0,0,0.7481723,0,0.8605735,0.8891522,0.8530208,0.8126583,0.8037345,0.7553338,0.7483013,0,0,0,0,0.9510752,1,0.8769872,0.8012332,0,0,0,0,0,0,0,0,0,0,0,0,0,0
0,0,0,0,0,0,0,0,0,0,0.6552551,0.7019643,0.7587004,0.7932556,0.8518927,0.8264342,1,0.9631305,0.8096213,0.7636814,0.6708108,0,0,0,0,0,0,0,0,0,0,0,0,0,0,0,0,0.6235786,0.6409115,0.6666423,0.68708,0.7221329,0.7361118,0.6848453,0,0,0,0.5947485,0.9349813,1,0.8809676,0.691808,0.6253711,0,0,0,0,0,0,0,0,0,0,0,0,0
0,0,0,0,0,0,0,0,0,0,0,0,0,0,0.6674125,0.8717257,1,0.9685391,0.7735959,0.816717,0.6883141,0,0,0,0,0,0,0,0,0,0,0,0,0,0,0,0,0,0,0,0,0,0,0,0,0,0,0.6992449,0.9497597,1,0.897286,0,0,0,0,0,0,0,0,0,0,0,0,0,0,0
0,0,0,0,0,0,0,0,0,0,0,0,0,0,0,0.7911822,1,0.985716,0.8485741,0.8002145,0,0,0,0,0,0,0,0,0,0,0,0,0,0,0,0,0,0,0,0,0,0,0,0,0,0,0,0,0.9401305,1,0.9051501,0.7455304,0,0,0,0,0,0,0,0,0,0,0,0,0,0
0,0,0,0,0,0,0,0,0,0,0,0,0,0,0,0.8370042,0.9991989,1,0.853386,0,0,0,0,0,0,0,0,0,0,0,0,0,0,0,0,0,0,0,0,0,0,0,0,0,0,0,0,0.6379158,0.9474822,1,0.867779,0.6757903,0,0,0,0,0,0,0,0,0,0,0,0,0,0
