GestureName: caret
Duration(ms): 940
Handedness: right

SpeakerAngles: 2
55
-55

InterpretedPoints: 20
0,0
0,0
0,0
0,0
0,2.25945008585449
0,5.64862521463624
0,6.77835025756348
-1.6134145682232,10.1675253863452
0.806707284111599,8.47293782195435
1.6134145682232,6.77835025756348
1.6134145682232,2.25945008585449
0,-9.03780034341798
0,-13.556700515127
0,-13.556700515127
0,-13.556700515127
-4.03353642055799,-8.47293782195435
1.6134145682232,-2.25945008585449
0,0
0,0
0,0

StrokePoints: 21
177.666666666667,130.277777777778
177.666666666667,130.277777777778
177.666666666667,130.277777777778
177.666666666667,130.277777777778
177.666666666667,130.277777777778
177.666666666667,128.018327691923
177.666666666667,122.369702477287
177.666666666667,115.591352219724
179.28008123489,105.423826833378
178.473373950778,96.950889011424
176.859959382555,90.1725387538605
175.246544814332,87.913088668006
175.246544814332,96.950889011424
175.246544814332,110.507589526551
175.246544814332,124.064290041678
175.246544814332,137.620990556805
179.28008123489,146.093928378759
177.666666666667,148.353378464614
177.666666666667,148.353378464614
177.666666666667,148.353378464614
177.666666666667,148.353378464614

Velocities: 20
0,0
0,0
0,0
0,0
2,2
5,5
6,6
8,10
8,7
7,5
3,1
-8,-8
-12,-12
-12,-12
-12,-12
-10,-5
-1,-3
0,0
0,0
0,0

InverseVelocities: 20
0,0
0,0
0,0
0,0
0,0
0,0
0,0
0,0
0,0
0,0
0,0
0,0
3,0
1,0
0,0
0,0
0,0
0,0
0,0
0,0

RawData: 20
0,0,0,0,0,0,0,0,0,0,0,0,0,0,0,0.7963356,1,0.9748625,0.6805136,0,0,0,0,0,0,0,0,0,0,0,0,0,0,0,0,0,0,0,0,0,0,0,0,0,0,0,0,0,0.9329838,1,0.8762335,0,0,0,0,0,0,0,0,0,0,0,0,0,0,0
0,0,0,0,0,0,0,0,0,0,0,0,0,0,0,0.8317366,1,0.9828243,0.7647872,0,0,0,0,0,0,0,0,0,0,0,0,0,0,0,0,0,0,0,0,0,0,0,0,0,0,0,0,0,0.9440385,1,0.8995007,0,0,0,0,0,0,0,0,0,0,0,0,0,0,0
0,0,0,0,0,0,0,0,0,0,0,0,0,0,0,0.8224709,1,0.9780957,0.7143849,0,0,0,0,0,0,0,0,0,0,0,0,0,0,0,0,0,0,0,0,0,0,0,0,0,0,0,0,0.5932966,0.9434901,1,0.8867698,0,0,0,0,0,0,0,0,0,0,0,0,0,0,0
0,0,0,0,0,0,0,0,0,0,0,0,0,0,0,0.8004242,1,0.9829823,0,0,0,0,0,0,0,0,0,0,0,0,0,0,0,0,0,0,0,0,0,0,0,0,0,0,0,0,0,0.6625763,0.945448,1,0.9021336,0.6199364,0,0,0,0,0,0,0,0,0,0,0,0,0,0
0,0,0,0,0,0,0,0,0,0,0,0,0,0,0,0.8133758,0.993036,1,0.8906237,0.8088356,0.7164443,0.6595039,0,0,0,0,0,0,0,0,0,0,0,0,0,0,0,0,0,0,0,0,0,0,0,0,0,0.6571635,0.9514066,1,0.8467112,0.8338034,0.8120959,0.7615978,0.6694971,0,0,0,0,0,0,0,0,0,0,0
0,0,0,0,0,0,0,0,0,0,0,0,0,0,0,0.8605685,1,0.9683375,0.8223167,0.8060822,0.7428526,0.7561352,0.7537761,0.8195261,0.7742196,0,0,0,0,0,0,0,0,0,0,0,0,0,0,0,0,0,0,0,0,0,0,0,0.9520321,1,0.8909519,0.7509218,0.8393028,0.8727956,0.8472689,0.7274514,0.7575885,0.7461602,0,0,0,0,0,0,0,0
0,0,0,0,0,0,0,0,0,0,0,0,0,0,0,0.8627702,1,0.9839919,0,0.8124748,0,0.8186892,0.8527119,0,0.9011871,0.8934433,0,0,0,0,0,0,0,0,0,0,0,0,0,0,0,0,0,0,0,0,0,0,0.952321,1,0.9264401,0.8379624,0.8217788,0,0.861053,0.9417847,0.9613573,0.9266789,0.8269006,0,0,0,0,0,0,0
0,0,0,0,0,0,0,0,0,0,0,0,0,0,0,0.833557,1,0.9934757,0.8337982,0.7493007,0.7265128,0.834234,0.7245021,0.8147718,0.8080706,0.8809812,0.8876206,0.7820562,0,0,0,0,0,0,0,0,0,0,0,0,0,0,0,0,0,0,0,0.652733,0.9477755,1,0.8693904,0.7520044,0.6698055,0.7927769,0.8777617,0.9500717,0.8710458,0.8165785,0.7618368,0.6666008,0.6882164,0.6861554,0.6520894,0,0,0
0,0,0,0,0,0,0,0,0,0,0,0,0,0,0,0.8039588,1,0.9836756,0.7997957,0.7234835,0.7952871,0.8644189,0.9813101,0.9859194,0.934961,0.8545055,0.7910745,0.7684924,0,0,0,0,0,0,0,0,0,0,0,0,0,0,0,0,0,0,0,0,0.9398321,1,0.9329455,0.8325013,0.7030003,0.8154959,0.8291923,0.7852648,0.6852294,0.6859033,0.7128244,0.6867738,0,0,0,0,0,0
0,0,0,0,0,0,0,0,0,0,0,0,0,0,0,0.8156239,1,0.9966637,0.8172511,0.8142884,0.8765649,0.7416168,0.9100735,0.8632748,0.7698395,0.7682995,0.6725442,0,0,0,0,0,0,0,0,0,0,0,0,0,0,0,0,0,0,0,0,0,0.9204468,1,0.955458,0.9156249,0.6021342,0.7779265,0.72473,0.6301796,0.6321197,0.593048,0,0,0,0,0,0,0,0
0,0,0,0,0,0,0,0,0,0,0,0,0,0,0.7210596,0.7047048,1,0.9539046,0.8622663,0.8815264,0.8619379,0.8023264,0.7143351,0,0,0,0,0,0,0,0,0,0,0,0,0,0,0,0,0,0,0,0,0,0,0,0.7300246,0.8056499,0.9677084,1,0.8538043,0.9045936,0.8128019,0.7094063,0,0,0,0,0,0,0,0,0,0,0,0
0,0,0,0,0,0.7495391,0.7804251,0.7404965,0.731484,0.8019674,0.7851409,0.7729893,0.7109265,0.9215176,0.9783598,0.9455702,0.9780046,1,0.8795592,0.691568,0,0,0,0,0,0,0,0,0,0,0,0,0,0,0,0,0,0,0.6828906,0.6844207,0.7093235,0.7154828,0.6671867,0.6964495,0,0.762109,0.7827741,0.7584381,0.9461398,1,0.8973042,0,0,0,0,0,0,0,0,0,0,0,0,0,0,0
0.7424161,0.68554,0.8272368,0.8618982,0.8432636,0.8967625,0.9619347,0.949985,0.9347265,0.9497171,0.9184739,0.8848608,0.8682869,0.8546613,0.9209145,0.8413888,1,0.9547431,0.7493312,0,0.6995483,0.6664618,0.684373,0,0,0,0,0,0,0,0,0,0,0.7779161,0.7711566,0.747556,0.7302396,0.6298159,0.645841,0.6243395,0.6633849,0.7509896,0.7504691,0.6821709,0.6614521,0,0,0.6510141,0.9503979,1,0.8662841,0.6639348,0,0,0,0,0,0,0,0,0,0,0,0,0,0
0.7571026,0.7420706,0.8107998,0.7984098,0.8036739,0.7448819,0.8041087,0.825007,0.7962801,0.751821,0.7573626,0.7156397,0.660308,0.6817863,0.8011404,0.8400751,1,0.9841415,0.7699,0.6594515,0.6940362,0,0,0,0,0,0,0,0,0,0,0,0,0,0.6805337,0,0.682826,0.7458282,0.7045648,0.7463074,0.7260864,0,0.6891482,0.689141,0.6343587,0.6019282,0.6564965,0.6202932,0.9312975,1,0.8889028,0,0,0,0,0,0,0,0,0,0,0,0,0,0,0
0.7974686,0.8508562,0.8668114,0.83999,0.7991123,0.8124788,0.7701067,0.7555724,0.7135031,0.7143341,0.749182,0.7032355,0,0.669798,0.6669267,0.8190168,1,0.9928982,0.8012701,0.6686674,0,0,0,0,0,0,0,0,0,0,0,0,0,0.7292317,0.7389706,0.7931862,0.7971994,0.7097304,0.6528153,0.7353138,0.7599336,0.7098852,0.7348601,0.6814217,0,0,0,0.6834003,0.9441916,1,0.884638,0,0,0,0,0,0,0,0,0,0,0,0,0,0,0
0,0,0,0.8368194,0.851315,0.8371191,0.8265962,0,0,0,0,0,0,0,0,0.8394778,1,0.9924423,0,0,0,0,0,0,0,0,0,0,0,0,0,0,0,0,0,0,0,0,0,0,0,0.8348663,0.8773265,0.877264,0.8341044,0.7909521,0,0,0.9580824,1,0.9051881,0,0,0,0,0,0,0,0,0,0,0,0,0,0,0
0,0,0,0,0,0,0,0,0,0,0,0,0.7471984,0.7651986,0.7814239,0.8620705,1,0.9861819,0.7755583,0,0,0,0,0,0,0,0,0,0,0,0,0,0,0,0,0,0,0,0,0,0,0,0,0.7728466,0.825157,0.8631243,0.8763048,0.852323,0.9576008,1,0.9053084,0,0,0,0,0,0,0,0,0,0,0,0,0,0,0
0,0,0,0,0,0,0,0,0,0,0,0,0,0,0.5636827,0.8129279,1,0.9966698,0.8410581,0.6185735,0,0,0,0,0,0,0,0,0,0,0,0,0,0,0,0,0,0,0,0,0,0,0,0,0,0,0,0.6535544,0.9208427,1,0.8283114,0.7873796,0.6162749,0,0,0,0,0,0,0,0,0,0,0,0,0
0,0,0,0,0,0,0,0,0,0,0,0,0,0,0,0.7907005,1,0.9575493,0.7227036,0,0,0,0,0,0,0,0,0,0,0,0,0,0,0,0,0,0,0,0,0,0,0,0,0,0,0,0,0,0.9223727,1,0.9385567,0.8030991,0.6084607,0,0,0,0,0,0,0,0,0,0,0,0,0
0,0,0,0,0,0,0,0,0,0,0,0,0,0,0,0.8395107,1,0.9929585,0.8199998,0,0,0,0,0,0,0,0,0,0,0,0,0,0,0,0,0,0,0,0,0,0,0,0,0,0,0,0,0.6926031,0.970416,1,0.8427346,0,0,0,0,0,0,0,0,0,0,0,0,0,0,0
