GestureName: circle
Duration(ms): 1222
Handedness: right

SpeakerAngles: 2
55
-55

InterpretedPoints: 26
0,0
0,0
0,0
0,0
0,0
0,0
0,0
0.806707284111599,-0.564862521463624
-4.03353642055799,-7.34321277902711
0,-10.1675253863452
2.4201218523348,-10.7323879078088
7.26036555700439,-8.47293782195435
5.64695098878119,-9.6026628648816
5.64695098878119,-8.47293782195435
5.64695098878119,0.564862521463624
1.6134145682232,7.90807530049073
1.6134145682232,10.1675253863452
1.6134145682232,10.1675253863452
-0.806707284111599,11.8621129507361
-0.806707284111599,11.8621129507361
-4.03353642055799,9.6026628648816
-1.6134145682232,1.12972504292725
0,0
0,0
0,0
0,0

StrokePoints: 27
177.666666666667,130.277777777778
177.666666666667,130.277777777778
177.666666666667,130.277777777778
177.666666666667,130.277777777778
177.666666666667,130.277777777778
177.666666666667,130.277777777778
177.666666666667,130.277777777778
177.666666666667,130.277777777778
176.859959382555,130.842640299241
180.893495803113,138.185853078269
180.893495803113,148.353378464614
178.473373950778,159.085766372423
171.213008393774,167.558704194377
165.566057404993,177.161367059259
159.919106416212,185.634304881213
154.27215542743,185.069442359749
152.658740859207,177.161367059259
151.045326290984,166.993841672913
149.431911722761,156.826316286568
150.238619006872,144.964203335832
151.045326290984,133.102090385096
155.078862711542,123.499427520214
156.692277279765,122.369702477287
156.692277279765,122.369702477287
156.692277279765,122.369702477287
156.692277279765,122.369702477287
156.692277279765,122.369702477287

Velocities: 26
0,0
0,0
0,0
0,0
0,0
0,0
0,0
0,-1
-9,-4
-9,-9
-8,-11
-3,-12
-5,-12
-4,-11
4,-3
8,6
10,8
10,8
10,11
10,11
6,11
0,2
0,0
0,0
0,0
0,0

InverseVelocities: 26
0,0
0,0
0,0
0,0
0,0
0,0
0,0
0,0
0,0
0,0
0,0
5,0
0,0
3,0
0,2
0,0
0,0
0,0
0,0
-2,-2
-2,-1
0,0
0,0
0,0
0,0
0,0

RawData: 26
0,0,0,0,0,0,0,0,0,0,0,0,0,0,0,0.8052037,1,0.9855329,0.7383075,0,0,0,0,0,0,0,0,0,0,0,0,0,0,0,0,0,0,0,0,0,0,0,0,0,0,0,0,0.5911158,0.9402128,1,0.8704743,0,0,0,0,0,0,0,0,0,0,0,0,0,0,0
0,0,0,0,0,0,0,0,0,0,0,0,0,0,0,0.8449832,1,0.9902087,0.807115,0,0,0,0,0,0,0,0,0,0,0,0,0,0,0,0,0,0,0,0,0,0,0,0,0,0,0,0,0,0.9526793,1,0.9026607,0,0,0,0,0,0,0,0,0,0,0,0,0,0,0
0,0,0,0,0,0,0,0,0,0,0,0,0,0,0,0.8465438,1,0.9896411,0.8015477,0,0,0,0,0,0,0,0,0,0,0,0,0,0,0,0,0,0,0,0,0,0,0,0,0,0,0,0,0,0.9481339,1,0.9023901,0,0,0,0,0,0,0,0,0,0,0,0,0,0,0
0,0,0,0,0,0,0,0,0,0,0,0,0,0,0,0.8267278,1,0.9866218,0,0,0,0,0,0,0,0,0,0,0,0,0,0,0,0,0,0,0,0,0,0,0,0,0,0,0,0,0,0,0.9443915,1,0.8944017,0,0,0,0,0,0,0,0,0,0,0,0,0,0,0
0,0,0,0,0,0,0,0,0,0,0,0,0,0,0,0.8275216,1,0.9753368,0.7038962,0,0,0,0,0,0,0,0,0,0,0,0,0,0,0,0,0,0,0,0,0,0,0,0,0,0,0,0,0.5535014,0.9315863,1,0.9024141,0.6035451,0,0,0,0,0,0,0,0,0,0,0,0,0,0
0,0,0,0,0,0,0,0,0,0,0,0,0,0,0,0.7830014,1,0.9853546,0.7701168,0.706687,0,0,0,0,0,0,0,0,0,0,0,0,0,0,0,0,0,0,0,0,0,0,0,0,0,0,0,0.6193472,0.9437214,1,0.8579141,0.7895401,0.6441985,0,0,0,0,0,0,0,0,0,0,0,0,0
0,0,0,0,0,0,0,0,0,0,0,0,0,0.609827,0.6903143,0.8726159,1,0.970033,0.6827327,0,0,0,0,0,0,0,0,0,0,0,0,0,0,0,0,0,0,0,0,0,0,0,0,0,0,0,0.5708621,0.65397,0.9440919,1,0.8666903,0.7472448,0.6356528,0,0,0,0,0,0,0,0,0,0,0,0,0
0,0,0,0,0,0,0,0,0,0,0,0,0,0.7973422,0.7952189,0.8355373,1,0.9829174,0.7537171,0,0,0,0,0,0,0,0,0,0,0,0,0,0,0,0,0,0,0,0,0,0,0,0,0,0,0.6692694,0.7958753,0.85337,0.9242262,1,0.8986659,0.6995091,0,0,0,0,0,0,0,0,0,0,0,0,0,0
0,0,0,0,0.7594666,0.8164509,0.8292469,0.8120947,0,0,0.7404819,0.7650468,0.7929008,0.7253461,0.8345129,0.7706863,0.9973938,1,0.7918673,0,0,0,0,0,0,0,0,0,0,0,0,0,0,0,0,0,0,0,0,0,0,0,0.7406694,0.7424812,0,0.7316206,0.715953,0.7493473,0.9489231,1,0.8822104,0.6612587,0,0,0,0,0,0,0,0,0,0,0,0,0,0
0,0,0,0,0.7302831,0.8040501,0.7468355,0.8381955,0.775158,0.735707,0.7516145,0,0,0.7562714,0.7559614,0.8084847,1,0.991787,0.7924831,0,0,0,0,0,0,0,0,0,0,0,0,0,0,0,0,0,0,0.7099437,0.7136114,0.7845051,0.8418198,0.8390225,0.8162972,0.7835935,0.6891819,0.7313046,0.6869348,0.7114368,0.9313648,1,0.9008949,0,0,0,0,0,0,0,0,0,0,0,0,0,0,0
0,0,0,0,0,0.661252,0.7151076,0.7263023,0.7842063,0.8114369,0.7980704,0.7346511,0.7033261,0.7067685,0,0.8839211,1,0.9604751,0.7608231,0,0,0,0,0,0,0,0,0,0,0,0,0,0,0,0,0.6402491,0.760532,0.8551367,0.8227754,0.7634264,0.7681848,0.6202401,0.7089629,0.7443168,0.7568741,0.7495787,0.6513574,0.6860988,0.9345185,1,0.8920479,0,0,0,0,0,0,0,0,0,0,0,0,0,0,0
0,0,0,0,0,0,0,0,0,0,0.7627215,0.8148209,0.7644399,0.8295037,0.8691785,0.8545061,1,0.9839572,0.7662392,0,0,0,0,0.7084938,0.7061435,0,0,0,0,0,0,0,0,0,0.733032,0.7882239,0.8292685,0.8292379,0.8089769,0.7889662,0.7295396,0.6667781,0.7411116,0.725773,0.6940248,0,0.6567484,0.7616327,0.9523156,1,0.8804491,0.7179148,0.6390638,0,0,0,0,0,0,0,0,0,0,0,0,0
0,0,0,0,0,0,0,0,0.7304458,0.7661748,0.7925645,0.7894278,0.7335369,0.7203071,0.8300914,0.9148778,1,0.9839797,0.8260546,0,0,0,0,0,0,0,0,0,0,0,0,0,0,0.7052962,0.7858701,0.804106,0.7567345,0.720482,0.7471787,0.7390748,0.7011237,0.7210325,0,0.7205065,0.7592152,0.6925136,0,0.736406,0.9458523,1,0.90694,0,0.7186076,0,0,0,0,0,0,0,0,0,0,0,0,0
0,0,0,0,0,0,0,0,0,0.6613269,0,0,0.6693535,0,0.6668741,0.8052219,1,0.9876792,0.7441412,0.6649486,0,0.6949536,0.6713172,0,0,0,0,0,0,0,0,0,0,0,0,0.6262809,0.6640706,0.6901355,0,0,0.6692022,0.7125612,0.6702978,0.6458699,0.754063,0.672572,0.7063055,0.7248781,0.9423241,1,0.8920574,0.6685871,0.6425134,0,0,0,0,0,0,0,0,0,0,0,0,0
0,0,0,0,0,0,0,0,0,0,0,0,0,0,0.6916821,0.8388693,1,0.9929209,0.7698739,0.7626814,0.7983248,0.7926502,0.7144625,0.7216392,0,0,0,0,0,0,0,0,0,0,0,0,0,0,0,0,0,0,0,0.7034941,0.7703043,0.8156421,0.8414088,0.8572952,0.9610038,1,0.8998467,0.7729351,0.8449747,0.8176158,0.7321489,0,0,0,0,0,0,0,0,0,0,0
0,0,0,0,0,0,0,0,0,0,0,0,0,0,0,0.8046081,1,0.9819643,0.6887155,0.8140623,0.7958658,0.8009868,0.7529171,0.8162553,0.8199015,0.8091151,0.7544711,0.628123,0,0,0,0,0,0,0,0,0,0,0,0,0,0,0,0,0,0,0,0.6857812,0.9447933,1,0.8716275,0.7882582,0.7340499,0.7971497,0.8431467,0.7862366,0.6877102,0.6714423,0.6223789,0,0,0,0,0,0,0
0,0,0,0,0,0,0,0,0,0,0,0,0,0,0,0.8189135,1,0.995809,0.8259326,0.7594349,0.7795937,0.726306,0.8063787,0.8165531,0.7793686,0.8165076,0.8582269,0.9168779,0.8774908,0.747955,0,0,0,0,0,0,0,0,0,0,0,0,0,0,0,0,0,0,0.9451758,1,0.8798882,0.6071791,0.7496498,0.6952741,0.7870492,0.7048078,0.6938722,0.7285964,0,0.6286275,0.5853199,0,0,0,0,0
0,0,0,0,0,0,0,0,0,0,0,0,0,0,0,0.8134608,1,0.9890164,0.8119715,0.7566782,0.792908,0.810129,0.7302932,0.7813602,0.8425936,0.6882741,0.7557989,0.8845354,0.8871562,0.7220364,0,0,0,0,0,0,0,0,0,0,0,0,0,0,0,0,0,0.6241864,0.9455422,1,0.8876419,0.7206891,0.740482,0.7860223,0.8159708,0.7341423,0.6949493,0.7278686,0.7629016,0.7344182,0.6498979,0,0,0,0,0
0,0,0,0,0,0,0,0,0,0,0,0,0,0.6800074,0.6750144,0.8337208,1,0.9838722,0.7822488,0.8378509,0.8794917,0.8582673,0.7900746,0.8346218,0.8996737,0.8602983,0.783088,0.7473646,0.7539599,0.6900527,0,0,0,0,0,0,0,0,0,0,0,0,0,0,0,0,0,0,0.9465139,1,0.8737932,0.7772264,0.7774132,0.7144925,0.6611683,0.7070342,0.7560196,0.739692,0.7914129,0.8235943,0.8114498,0.7542412,0.6496322,0.6215824,0,0
0,0,0,0,0,0,0,0,0,0,0,0.6808853,0.7308581,0.7251424,0.6589352,0.8544545,1,0.9839047,0.8116737,0.7625319,0.7503489,0.7010071,0.740135,0.7611857,0.7775486,0.743187,0.6329934,0,0,0.5735421,0,0,0,0,0,0,0,0,0,0,0,0,0,0,0.5582489,0.5569574,0,0.642696,0.9359998,1,0.9002916,0.6923278,0.6930702,0.5387189,0.6214271,0.6611482,0.701153,0.7291284,0.6993041,0.6426044,0.6080754,0.7213457,0.7405157,0.6293592,0,0
0,0,0,0,0,0,0,0,0,0,0,0.610395,0.7342476,0.7344875,0.7452708,0.8583081,1,0.9754847,0.8062972,0.7825864,0.6916041,0.6265801,0.6223001,0.6479124,0.5892316,0.5511903,0,0,0,0,0,0,0,0,0,0,0,0,0,0,0,0,0,0,0,0.5631,0.6552024,0.654891,0.9350674,1,0.8784735,0.6742268,0.5849572,0.6337469,0.6946648,0.6786272,0.7068577,0.7492814,0.6670259,0.6511551,0.6607006,0.6731184,0.6344364,0.564665,0,0
0,0,0,0,0,0,0,0,0,0,0,0,0,0,0,0.8991851,1,0.9794379,0.8398376,0.7349927,0,0,0,0,0,0,0,0,0,0,0,0,0,0,0,0,0,0,0,0,0,0,0,0,0,0,0,0.7429905,0.9581805,1,0.910811,0.7352647,0.7472008,0.7408426,0.7089503,0,0,0,0,0,0,0,0,0,0,0
0,0,0,0,0,0,0,0,0,0,0,0,0,0,0.7446193,0.8230233,0.9548637,1,0.8027811,0,0,0,0,0,0,0,0,0,0,0,0,0,0,0,0,0,0,0,0,0,0,0,0,0,0,0,0,0.7243311,0.9456452,1,0.8752676,0.6477229,0,0,0,0,0,0,0,0,0,0,0,0,0,0
0,0,0,0,0,0,0,0,0,0,0,0,0,0,0,0.8479801,1,0.9752188,0.7654058,0,0,0,0,0,0,0,0,0,0,0,0,0,0,0,0,0,0,0,0,0,0,0,0,0,0,0,0,0.704697,0.9341008,1,0.9033757,0,0,0,0,0,0,0,0,0,0,0,0,0,0,0
0,0,0,0,0,0,0,0,0,0,0,0,0,0,0,0.8704094,1,0.9680879,0.7742576,0,0,0,0,0,0,0,0,0,0,0,0,0,0,0,0,0,0,0,0,0,0,0,0,0,0,0,0,0,0.9525672,1,0.9089885,0,0,0,0,0,0,0,0,0,0,0,0,0,0,0
0,0,0,0,0,0,0,0,0,0,0,0,0,0,0,0.8456191,1,0.9796879,0.7649632,0,0,0,0,0,0,0,0,0,0,0,0,0,0,0,0,0,0,0,0,0,0,0,0,0,0,0,0,0.6065266,0.9436944,1,0.8831233,0,0,0,0,0,0,0,0,0,0,0,0,0,0,0
