GestureName: q
Duration(ms): 893
Handedness: right

SpeakerAngles: 2
55
-55

InterpretedPoints: 19
0,0
0,0
0,0
0,0
1.6134145682232,1.12972504292725
1.6134145682232,2.25945008585449
6.45365827289279,-2.25945008585449
0,-4.51890017170899
-0.806707284111599,-7.34321277902711
-5.64695098878119,-5.08376269317261
0,-4.51890017170899
-0.806707284111599,-3.95403765024536
-4.84024370466959,2.25945008585449
-5.64695098878119,2.82431260731812
-12.100609261674,3.95403765024536
-16.134145682232,2.25945008585449
-8.06707284111599,-3.38917512878174
-8.06707284111599,-1.12972504292725
-0.806707284111599,-3.95403765024536

StrokePoints: 20
177.666666666667,130.277777777778
177.666666666667,130.277777777778
177.666666666667,130.277777777778
177.666666666667,130.277777777778
177.666666666667,130.277777777778
176.053252098443,129.148052734851
174.43983753022,126.888602648996
167.986179257328,129.148052734851
167.986179257328,133.66695290656
168.792886541439,141.010165685587
174.43983753022,146.093928378759
174.43983753022,150.612828550468
175.246544814332,154.566866200714
180.086788519002,152.307416114859
185.733739507783,149.483103507541
197.834348769457,145.529065857296
213.968494451689,143.269615771441
222.035567292805,146.658790900223
230.102640133921,147.78851594315
230.909347418032,151.742553593396

Velocities: 19
0,0
0,0
0,0
0,0
2,0
3,1
2,-6
-4,-4
-7,-6
-8,-1
-4,-4
-4,-3
-1,5
-1,6
-4,11
-8,12
-8,2
-6,4
-4,-3

InverseVelocities: 19
0,0
0,0
0,0
0,0
0,0
-2,0
-3,0
0,0
0,0
0,0
1,0
0,2
1,0
1,0
9,-2
12,-3
0,-9
2,-10
0,0

RawData: 19
0,0,0,0,0,0,0,0,0,0,0,0,0,0,0,0.8280173,1,0.9884877,0.770595,0,0,0,0,0,0,0,0,0,0,0,0,0,0,0,0,0,0,0,0,0,0,0,0,0,0,0,0,0,0.9377134,1,0.9144804,0,0,0,0,0,0,0,0,0,0,0,0,0,0,0
0,0,0,0,0,0,0,0,0,0,0,0,0,0,0,0.7735713,0.9873139,1,0.8318095,0,0,0,0,0,0,0,0,0,0,0,0,0,0,0,0,0,0,0,0,0,0,0,0,0,0,0,0,0,0.9486405,1,0.8630321,0.6980595,0,0,0,0,0,0,0,0,0,0,0,0,0,0
0,0,0,0,0,0,0,0,0,0,0,0,0,0,0,0.7601337,0.9758722,1,0.8449337,0.5799588,0,0,0,0,0,0,0,0,0,0,0,0,0,0,0,0,0,0,0,0,0,0,0,0,0,0,0,0,0.9320225,1,0.9035986,0.6323781,0,0,0,0,0,0,0,0,0,0,0,0,0,0
0,0,0,0,0,0,0,0,0,0,0,0,0,0,0,0.7485446,0.9575347,1,0.8583757,0.8301747,0,0,0,0,0,0,0,0,0,0,0,0,0,0,0,0,0,0,0,0,0,0,0,0,0,0,0,0.6676869,0.9456653,1,0.9102697,0.8017516,0,0,0,0,0,0,0,0,0,0,0,0,0,0
0,0,0,0,0,0,0,0,0,0,0,0,0,0,0,0.8130183,0.8433579,0.9815585,1,0.9338359,0.8373258,0.7258981,0,0,0,0,0,0,0,0,0,0,0,0,0,0,0,0,0,0,0,0,0,0,0,0,0.7430214,0.7999349,0.9535539,1,0.915522,0.7139817,0,0,0,0,0,0,0,0,0,0,0,0,0,0
0,0,0,0,0,0,0,0,0,0,0,0.5986612,0.6894101,0.7362396,0.9158098,0.9407896,0.9564337,1,0.8379778,0.7554654,0.8068279,0.7192795,0.6251297,0,0,0,0,0,0,0,0,0,0,0,0,0,0,0,0,0,0,0,0,0,0,0,0.679776,0.6844409,0.9227899,1,0.8951895,0.616291,0.65303,0.5805643,0,0,0,0,0,0,0,0,0,0,0,0
0,0,0,0,0,0,0,0,0,0,0.7579061,0.7733536,0.8646531,0.9584181,0.9529327,0.8796951,1,0.9852296,0.844598,0.7385328,0.7437248,0.7033581,0,0,0,0,0,0,0,0,0,0,0,0,0,0,0,0,0,0,0.6884225,0.7095802,0.7318395,0.6896102,0.7521155,0.7650929,0.7998461,0.7795784,0.958571,1,0.9087353,0.7381502,0.7039269,0,0,0,0,0,0,0,0,0,0,0,0,0
0,0,0,0,0,0,0,0,0,0.7883381,0.8339669,0.773496,0.8859698,0.8754774,0.8656285,0.8346922,1,0.9796091,0.7738558,0.7520332,0,0,0,0,0,0,0,0,0,0,0,0,0,0,0,0,0,0,0,0,0,0,0.7390937,0,0.7280502,0,0,0.8186041,0.9409481,1,0.9031075,0,0,0,0,0,0,0,0,0,0,0,0,0,0,0
0,0,0,0,0,0,0.7256947,0.7580881,0.7615868,0.6894415,0.7455321,0.7574818,0.8474213,0.8035765,0.8426417,0.8225511,1,0.9930441,0.8045507,0,0,0,0,0,0,0,0,0,0,0,0,0,0,0,0,0,0,0,0,0,0.6480271,0.728472,0,0.6823521,0.7644602,0.8071136,0.8347375,0.8322057,0.9531357,1,0.8889806,0,0,0,0,0,0,0,0,0,0,0,0,0,0,0
0,0,0,0,0,0.7050317,0.6956971,0,0,0.7181501,0,0.7512823,0.8273444,0.8453773,0.8368158,0.8354398,1,0.9722058,0.7927666,0,0,0,0,0,0,0,0,0,0,0,0,0,0,0,0,0,0,0,0,0,0,0,0,0,0,0.7378647,0.7241504,0.7599642,0.9185855,1,0.9105442,0.6728862,0,0,0,0,0,0,0,0,0,0,0,0,0,0
0,0,0,0,0,0,0,0,0,0.6631981,0.7469253,0.7217294,0.6349815,0.7713419,0.8335032,0.8256462,1,0.9963393,0.8412637,0.6492214,0.6289191,0,0,0,0,0,0,0,0,0,0,0,0,0,0,0,0,0,0,0,0,0,0.5940275,0.5896754,0.6577351,0.7171581,0.790121,0.8356257,0.9650714,1,0.8569734,0.7631942,0.6667791,0,0,0,0,0,0,0,0,0,0,0,0,0
0,0,0,0,0,0,0,0,0,0.6522373,0.7185419,0.7552423,0.7581883,0.7658532,0.7234239,0.838325,1,0.9720889,0.7558559,0,0,0,0,0,0,0,0,0,0,0,0,0,0,0,0,0,0,0,0,0,0,0,0,0.6062648,0,0,0.6957966,0.7670132,0.9433379,1,0.9022314,0.6957583,0.7257324,0.7259369,0.6544634,0,0,0,0,0,0,0,0,0,0,0
0,0,0,0,0,0,0,0,0,0,0,0,0.6851662,0.7537593,0.8433002,0.7715741,0.998016,1,0.8570693,0.7784649,0.65842,0,0,0,0,0,0,0,0,0,0,0,0,0,0,0,0,0,0,0,0,0,0,0,0,0,0.6078257,0.704927,0.9403307,1,0.8789118,0.6876059,0.7656789,0.7021796,0.7437086,0.7261442,0.7109254,0.6408002,0,0,0,0,0,0,0,0
0,0,0,0,0,0,0,0,0,0,0,0,0.7771859,0,0.8750311,0.910933,1,0.9615602,0.7576428,0.8575852,0.8362245,0,0,0,0,0,0,0,0,0,0,0,0,0,0,0,0,0,0,0,0,0,0,0,0,0,0,0.7310693,0.9501678,1,0.9055447,0,0.7109658,0.7268857,0.7863929,0.7515113,0.7887448,0.8033454,0.7424605,0,0,0,0,0,0,0
0,0,0,0,0,0,0,0,0,0.5887458,0.7251838,0.6245623,0.7121745,0.5777836,0.7581114,0.8115638,1,0.9586728,0.7020471,0.7720749,0.7772603,0.7987593,0.7541093,0.7251535,0.6633536,0.6692672,0,0.5754126,0.6163478,0,0,0,0,0,0,0,0,0,0,0,0,0,0,0,0.6322932,0.7025997,0.7139897,0.6825379,0.9377578,1,0.8891192,0.7358136,0.6551345,0,0.6179968,0.7815406,0.7847768,0.7304894,0.550415,0.6128992,0.6874071,0.6999375,0.6342396,0.5786058,0,0
0,0,0,0,0,0.6792089,0.753641,0.8182178,0.8089743,0,0.8003297,0.7826182,0.7951244,0.874514,0.8998029,0.9591708,0.9670506,1,0.8256264,0.6669763,0.7838185,0.8112186,0.7753214,0.759437,0.728987,0.7190267,0.7578202,0.6760676,0,0.788784,0.792267,0.7637185,0.760613,0,0,0,0,0,0,0,0,0,0,0.6346759,0.6184811,0.8109255,0.8672366,0.8244683,0.9208316,1,0.9253276,0.8071399,0.6590636,0.6547752,0.605848,0.732089,0.6258554,0.7048428,0.6353752,0,0.6264096,0,0.6008304,0.6614795,0.6445403,0.6060467
0,0,0,0,0,0.8005738,0,0,0.8284076,0.7926998,0.9042069,0.9479246,0.9484627,0.9087349,0,0.9091794,1,0.967939,0.8226444,0.7970757,0,0,0,0,0,0,0,0,0,0,0,0,0,0,0,0,0,0.7268342,0.8107482,0.8058218,0.7457254,0.7125008,0.7476754,0,0.7567892,0.8587503,0.8481309,0,0.9404721,1,0.8839721,0,0.8082088,0.8141923,0.7900717,0,0,0,0,0,0,0,0,0,0,0
0,0,0,0,0,0,0,0.7826425,0.9326249,0.9378178,0.831485,0.7579405,0.761202,0.755549,0.9334859,1,0.8763431,0.990418,0.8078271,0,0.737785,0.7492049,0,0,0,0,0,0,0,0,0,0,0,0,0,0,0.6249074,0.7001011,0.745718,0.7129659,0.6773803,0.728062,0.6875619,0.6909188,0,0.6954645,0.6425309,0.7158231,0.9242812,1,0.8979728,0,0,0.6101222,0,0.6027839,0.5747399,0,0,0,0,0,0,0,0,0
0,0,0,0,0,0,0,0,0,0.7690484,0.8244652,0.8595769,0.8683522,0.7773516,0.8228122,0.9103979,1,0.9350068,0.7755963,0,0,0,0,0,0,0,0,0,0,0,0,0,0,0,0,0,0,0,0,0,0,0,0,0.7134014,0,0.7604648,0.8141878,0.7572317,0.948687,1,0.889062,0,0,0,0,0,0,0,0,0,0,0,0,0,0,0
