GestureName: triangle
Duration(ms): 1410
Handedness: right

SpeakerAngles: 2
55
-55

InterpretedPoints: 30
0,0
0,0
0,0
0,0
0,0
1.6134145682232,-2.25945008585449
4.03353642055799,-5.08376269317261
3.2268291364464,-10.1675253863452
0.806707284111598,-12.9918379936633
0,-12.4269754721997
-0.806707284111599,-8.47293782195435
0.806707284111599,-2.82431260731812
0.806707284111599,-0.564862521463624
4.03353642055799,1.69458756439087
4.84024370466959,1.12972504292725
2.4201218523348,-0.564862521463624
-5.64695098878119,-0.564862521463624
-4.03353642055799,-2.82431260731812
-1.6134145682232,-2.25945008585449
0.806707284111599,6.21348773609986
3.2268291364464,9.03780034341798
2.4201218523348,11.8621129507361
3.22682913644639,11.2972504292725
1.6134145682232,7.90807530049073
2.4201218523348,2.82431260731812
0.806707284111599,-0.564862521463624
0,0
0,0
0,0
-2.4201218523348,1.69458756439087

StrokePoints: 31
177.666666666667,130.277777777778
177.666666666667,130.277777777778
177.666666666667,130.277777777778
177.666666666667,130.277777777778
177.666666666667,130.277777777778
177.666666666667,130.277777777778
176.053252098443,132.537227863632
172.019715677886,137.620990556805
168.792886541439,147.78851594315
167.986179257328,160.780353936813
167.986179257328,173.207329409013
168.792886541439,181.680267230968
167.986179257328,184.504579838286
167.179471973216,185.069442359749
163.145935552658,183.374854795358
158.305691847988,182.245129752431
155.885569995653,182.809992273895
161.532520984435,183.374854795358
165.566057404993,186.199167402677
167.179471973216,188.458617488531
166.372764689104,182.245129752431
163.145935552658,173.207329409013
160.725813700323,161.345216458277
157.498984563877,150.047966029005
155.885569995653,142.139890728514
153.465448143319,139.315578121196
152.658740859207,139.880440642659
152.658740859207,139.880440642659
152.658740859207,139.880440642659
152.658740859207,139.880440642659
155.078862711542,138.185853078269

Velocities: 30
0,0
0,0
0,0
0,0
0,0
-1,-3
-2,-7
-7,-11
-11,-12
-11,-11
-8,-7
-2,-3
0,-1
4,-1
4,-2
1,-2
-4,3
-5,0
-3,-1
6,5
10,6
12,9
12,8
8,6
4,1
0,-1
0,0
0,0
0,0
0,3

InverseVelocities: 30
0,0
0,0
0,0
0,0
0,0
0,0
1,0
0,0
1,0
2,0
1,0
0,0
0,0
0,2
-5,3
-4,5
0,0
0,0
0,0
0,0
0,0
0,0
0,0
0,0
0,-1
0,0
0,0
0,0
0,0
0,0

RawData: 30
0,0,0,0,0,0,0,0,0,0,0,0,0,0,0,0.8444965,1,0.9814572,0.7712825,0,0,0,0,0,0,0,0,0,0,0,0,0,0,0,0,0,0,0,0,0,0,0,0,0,0,0,0,0.670511,0.9509969,1,0.8901749,0,0,0,0,0,0,0,0,0,0,0,0,0,0,0
0,0,0,0,0,0,0,0,0,0,0,0,0,0,0,0.8133807,1,0.9807066,0.7233808,0,0,0,0,0,0,0,0,0,0,0,0,0,0,0,0,0,0,0,0,0,0,0,0,0,0,0,0,0.5854509,0.9450522,1,0.8709762,0,0,0,0,0,0,0,0,0,0,0,0,0,0,0
0,0,0,0,0,0,0,0,0,0,0,0,0,0,0,0.8221724,1,0.9872485,0.7593204,0,0,0,0,0,0,0,0,0,0,0,0,0,0,0,0,0,0,0,0,0,0,0,0,0,0,0,0,0,0.9433829,1,0.8907229,0,0,0,0,0,0,0,0,0,0,0,0,0,0,0
0,0,0,0,0,0,0,0,0,0,0,0,0,0,0,0.8221795,1,0.9969974,0.8174477,0,0,0,0,0,0,0,0,0,0,0,0,0,0,0,0,0,0,0,0,0,0,0,0,0,0,0,0,0,0.930058,1,0.9192558,0.6328484,0,0,0,0,0,0,0,0,0,0,0,0,0,0
0,0,0,0,0,0,0,0,0,0,0,0,0,0,0,0.8327514,1,0.994198,0.8066468,0,0,0,0,0,0,0,0,0,0,0,0,0,0,0,0,0,0,0,0,0,0,0,0,0,0,0,0,0,0.9333971,1,0.9111561,0.6265401,0,0,0,0,0,0,0,0,0,0,0,0,0,0
0,0,0,0,0,0,0,0,0,0,0,0,0.6174062,0.7245715,0.8253257,0.7881873,0.9854705,1,0.7847932,0.6858248,0,0,0,0,0,0,0,0,0,0,0,0,0,0,0,0,0,0,0,0,0,0,0,0.5982717,0.6823187,0.756167,0.8081991,0.8535734,0.9700131,1,0.8607904,0.6038263,0,0,0,0,0,0,0,0,0,0,0,0,0,0
0,0,0,0,0,0,0,0,0,0,0,0.7773749,0.8333609,0.7515702,0.890381,0.7854289,1,0.9976514,0.8876027,0.7703331,0.7483191,0,0,0,0,0,0,0,0,0,0,0,0,0,0,0,0,0,0,0.7697576,0.8146018,0.8319752,0.8520978,0.8487813,0.8033534,0,0.8217594,0.7740955,0.9451143,1,0.909768,0,0,0,0,0,0,0,0,0,0,0,0,0,0,0
0,0,0,0,0,0,0.7258484,0.7655344,0.7209248,0.7820767,0.8635342,0.8958719,0.8586518,0.8452394,0.8657725,0,1,0.9977061,0.8010737,0.7541346,0,0,0,0,0,0,0,0,0,0,0,0,0,0,0,0.7186288,0.7712601,0.7615708,0.6541974,0.7266482,0.6637839,0.7285118,0.7113985,0.743013,0.7715062,0.7084528,0.6574561,0.7160835,0.9478005,1,0.8797364,0.6808558,0,0,0,0,0,0,0,0,0,0,0,0,0,0
0,0,0.6974803,0.7893792,0.8128767,0.8072489,0.7478533,0.7434957,0.7289572,0.7601461,0.8114113,0.8017587,0.7156122,0.6752791,0.7725158,0.8209881,1,0.9921139,0.8093427,0.7881342,0.6479392,0,0,0,0,0,0,0,0,0,0,0,0,0,0.6881669,0.7366908,0.6153234,0,0.6770259,0.7249047,0.7642418,0.7236147,0.7665448,0.8362867,0.8492718,0.7841828,0.7124574,0.6609368,0.9388443,1,0.8912994,0,0,0,0,0,0,0,0,0,0,0,0,0,0,0
0,0,0.6267836,0.7330388,0.7779935,0.7363508,0.6895323,0.674254,0,0.6093689,0,0.7502958,0.6706738,0.7484002,0,0.8453578,1,0.975399,0.7418941,0.6271214,0.6249909,0.5977446,0,0,0,0,0,0,0,0,0,0,0,0,0,0.5792526,0,0,0.6375506,0.7671487,0.8355039,0.6994656,0.8473915,0.8851306,0.8266402,0.7651449,0.7390804,0.7218102,0.9292614,1,0.8796644,0,0,0,0,0,0,0,0,0,0,0,0,0,0,0
0,0,0,0,0,0.6039939,0.6421216,0.656688,0.6833568,0.7262521,0.7575708,0.6925278,0.8022289,0.8402935,0.7702954,0.8821241,1,0.9682149,0.7188913,0,0.5898025,0,0,0,0,0,0,0,0,0,0,0,0,0,0,0,0,0,0,0.6208842,0.7067715,0.7705389,0.8184853,0.8613392,0.8487538,0.8134842,0.8413741,0.8084093,0.941731,1,0.8896637,0,0,0,0,0,0,0,0,0,0,0,0,0,0,0
0,0,0,0,0,0,0,0,0,0,0,0.7059712,0.7846766,0.8514612,0.8786472,0.9037873,1,0.98506,0.7541636,0.61214,0,0,0,0,0,0,0,0,0,0,0,0,0,0,0,0,0,0,0,0,0,0,0,0.6620046,0.711547,0.7526652,0.8595399,0.8591874,0.9241191,1,0.8829416,0,0,0,0,0,0,0,0,0,0,0,0,0,0,0
0,0,0,0,0,0,0,0,0,0,0,0,0,0.6232452,0.6927108,0.8992617,1,0.9771931,0.7132847,0,0,0,0,0,0,0,0,0,0,0,0,0,0,0,0,0,0,0,0,0,0,0,0,0,0,0.6382295,0.7185483,0.7295042,0.9447395,1,0.864835,0.7001756,0,0,0,0,0,0,0,0,0,0,0,0,0,0
0,0,0,0,0,0,0,0,0,0,0,0,0,0.6481832,0.7891079,0.8076559,0.9879812,1,0.856312,0.6520696,0.6999584,0.6218581,0.5839061,0.6099223,0,0,0,0,0,0,0,0,0,0,0,0,0,0,0,0,0,0,0,0,0,0.5774808,0.6230606,0.683551,0.9253255,1,0.9117647,0.7312257,0.5653237,0.6618084,0.61225,0,0,0,0,0,0,0,0,0,0,0
0,0,0,0,0,0,0,0,0.6120103,0.5758035,0,0.6712983,0.7484031,0.8118488,0.8182038,0.8121232,1,0.9810855,0.8307061,0.7892246,0.7222949,0.5940309,0,0.5654539,0,0,0,0,0,0,0,0,0,0,0,0,0,0,0,0,0,0,0,0,0.5710599,0.6717927,0.6794747,0.7350845,0.9455736,1,0.8799653,0.5854767,0.629602,0.7517173,0.7461638,0.6500388,0,0,0,0,0,0,0,0,0,0
0,0,0,0,0,0,0,0,0,0.6947894,0.7438064,0.7865494,0,0.7904693,0.8074912,0.8531554,1,0.9853116,0.7377316,0.7392336,0.7360913,0,0,0,0,0,0,0,0,0,0,0,0,0,0,0,0,0,0,0,0,0,0,0,0.6361812,0,0.7594272,0.8015964,0.9478851,1,0.8707142,0.766115,0.7693809,0.7006453,0.7585946,0.6699239,0.6689439,0.6363349,0,0,0,0,0,0,0,0
0,0,0,0,0,0,0,0,0,0.7023755,0.7452054,0.7902755,0.7086566,0,0.7095539,0.879187,1,0.9685163,0.6953062,0.661809,0,0,0,0,0,0,0,0,0,0,0,0,0,0,0,0,0,0,0,0,0,0,0,0,0,0,0.7587986,0.8036761,0.9431022,1,0.9117408,0.7543731,0.6707876,0,0.7458108,0.7214851,0,0,0,0,0,0,0,0,0,0
0,0,0,0,0,0,0,0,0.6674773,0.7351359,0.7356087,0,0.7371979,0.7283245,0.6499917,0.8948489,1,0.963275,0.7545964,0,0,0,0,0,0,0,0,0,0,0,0,0,0,0,0,0,0,0,0,0,0,0,0,0,0,0,0.7671442,0.7717984,0.9430178,1,0.8974295,0.7162058,0.7037089,0,0,0,0,0,0,0,0,0,0,0,0,0
0,0,0,0,0,0,0,0,0,0,0.632107,0.6232598,0.6179278,0.7092577,0.7597638,0.8179453,1,0.9747542,0.6215619,0.6182979,0,0,0,0,0,0,0,0,0,0,0,0,0,0,0,0,0,0,0,0,0,0,0,0,0,0.637096,0.7204428,0.8221028,0.9701863,1,0.8693171,0.742368,0.6554517,0,0,0,0,0,0,0,0,0,0,0,0,0
0,0,0,0,0,0,0,0,0,0,0,0,0,0,0.6171383,0.8500037,1,0.9775133,0.7853927,0.7545419,0.8013138,0.8076236,0.7976359,0.7518208,0.6843242,0.6394071,0,0,0,0,0,0,0,0,0,0,0,0,0,0,0,0,0,0,0,0,0,0,0.9391389,1,0.8742171,0.7273508,0.7266092,0.7898809,0.7174444,0.6590685,0.616413,0.6293155,0,0,0,0,0,0,0,0
0,0,0,0,0,0,0,0,0,0,0,0,0,0,0,0.8740149,1,0.9758003,0.6431319,0.7043185,0.7262476,0.7974021,0,0.7561508,0.7985775,0.7768246,0.6899497,0.6386277,0.6384404,0.6474878,0,0,0,0,0,0,0,0,0,0,0,0,0,0,0,0,0,0.5927247,0.9358447,1,0.8854499,0.7159261,0.6951486,0.7407936,0.6882154,0.6082221,0.5929112,0.6722307,0.7157639,0,0,0,0,0,0,0
0,0,0,0,0,0,0,0,0,0,0,0,0,0,0,0.8710489,0.9950314,1,0.819515,0.7118601,0.7705262,0.7116752,0.7077791,0.7559231,0.7254604,0,0.7886066,0,0.8207785,0.8574609,0.8578702,0.7952307,0,0,0,0,0,0,0,0,0,0,0,0,0,0,0,0,0.9428757,1,0.8965008,0.7277877,0.7365516,0.6970262,0.745368,0.6973915,0,0.7726843,0.7898749,0.7377087,0.6764292,0.6675173,0,0,0,0
0,0,0,0,0,0,0,0,0,0,0,0,0,0,0,0.8569481,1,0.9840698,0.7707556,0.7489171,0,0.7314304,0.7713035,0.7912168,0,0.788429,0.796765,0.8308022,0.7701408,0.7615684,0,0.7494388,0,0,0,0,0,0,0,0,0,0,0,0,0,0,0,0,0.9485411,1,0.9160371,0,0.7879343,0.73289,0.7733172,0.7367947,0,0.758893,0.7703108,0.7793593,0.713623,0,0,0,0,0
0,0,0,0,0,0,0,0,0,0,0,0,0,0,0,0.8251423,1,0.993682,0.8166921,0.7362872,0.8107468,0.8129264,0.8125188,0.8360582,0.8262028,0.7986464,0.7672818,0.693554,0,0,0,0,0,0,0,0,0,0,0,0,0,0,0,0,0,0,0,0.7330005,0.9299371,1,0.8628589,0.7067847,0.7488438,0.640425,0.7456128,0.7004502,0.6264193,0.7174061,0.688642,0,0,0,0,0,0,0
0,0,0,0,0,0,0,0,0,0,0,0,0,0.6809092,0.7866527,0.8156074,0.9972354,1,0.8813893,0.8167674,0.7776222,0.6309341,0.627427,0.5964558,0,0,0,0,0,0,0,0,0,0,0,0,0,0,0,0,0,0,0,0,0,0.6504823,0.6947181,0.7248921,0.9537994,1,0.9059947,0.7379041,0.5594487,0.5783274,0,0,0,0,0,0,0,0,0,0,0,0
0,0,0,0,0,0,0,0,0,0,0,0,0,0,0.8403189,0.9336255,0.9597395,1,0.7456596,0,0,0,0,0,0,0,0,0,0,0,0,0,0,0,0,0,0,0,0,0,0,0,0,0,0,0.7172846,0.854808,0.9265972,0.8694709,1,0.8912631,0,0,0,0,0,0,0,0,0,0,0,0,0,0,0
0,0,0,0,0,0,0,0,0,0,0,0,0,0.5715147,0.6753994,0.8704282,1,0.9873285,0.8374359,0,0,0,0,0,0,0,0,0,0,0,0,0,0,0,0,0,0,0,0,0,0,0,0,0,0,0,0.6291885,0.7783308,0.9575018,1,0.8933844,0.675957,0,0,0,0,0,0,0,0,0,0,0,0,0,0
0,0,0,0,0,0,0,0,0,0,0,0,0,0,0,0.8737676,1,0.9575587,0.8449084,0,0,0,0,0,0,0,0,0,0,0,0,0,0,0,0,0,0,0,0,0,0,0,0,0,0,0,0,0.6469444,0.9422637,1,0.9329516,0.7960851,0,0,0,0,0,0,0,0,0,0,0,0,0,0
0,0,0,0,0,0,0,0,0,0,0,0,0,0,0,0.8520981,1,0.9722607,0.8139764,0,0,0,0,0,0,0,0,0,0,0,0,0,0,0,0,0,0,0,0,0,0,0,0,0,0,0,0,0,0.9537275,1,0.8998395,0.7409812,0,0,0,0,0,0,0,0,0,0,0,0,0,0
0,0,0,0,0,0,0,0,0,0,0,0,0,0,0,0.7990519,1,0.9986598,0.820282,0.5546268,0,0,0,0,0,0,0,0,0,0,0,0,0,0,0,0,0,0,0,0,0,0,0,0,0,0,0,0.5466363,0.9266987,1,0.9014201,0,0,0.5090334,0.553774,0.5466849,0,0,0,0,0,0,0,0,0,0
