GestureName: zigzag
Duration(ms): 1410
Handedness: right

SpeakerAngles: 2
55
-55

InterpretedPoints: 30
0,0
0,0
0,0
0,0
0,0
2.4201218523348,3.95403765024536
2.4201218523348,7.34321277902711
2.4201218523348,10.7323879078088
2.4201218523348,9.6026628648816
2.4201218523348,3.95403765024536
-0.806707284111599,-2.82431260731812
-2.4201218523348,-7.34321277902711
-2.4201218523348,-8.47293782195435
-2.4201218523348,-8.47293782195435
-2.4201218523348,-3.95403765024536
8.87378012522759,5.08376269317261
0.806707284111598,12.9918379936633
0,13.556700515127
-2.4201218523348,7.34321277902711
0.806707284111599,-3.95403765024536
0,-9.03780034341798
0,-11.2972504292725
0,-10.1675253863452
-0.806707284111599,-5.08376269317261
-0.806707284111599,6.21348773609986
-2.4201218523348,7.34321277902711
-4.03353642055799,6.21348773609986
0,1.12972504292725
0,0
0,0

StrokePoints: 31
177.666666666667,130.277777777778
177.666666666667,130.277777777778
177.666666666667,130.277777777778
177.666666666667,130.277777777778
177.666666666667,130.277777777778
177.666666666667,130.277777777778
175.246544814332,126.323740127532
172.826422961997,118.980527348505
170.406301109662,108.248139440696
167.986179257327,98.6454765758149
165.566057404993,94.6914389255695
166.372764689104,97.5157515328876
168.792886541439,104.858964311915
171.213008393774,113.331902133869
173.633130246109,121.804839955823
176.053252098443,125.758877606069
167.179471973216,120.675114912896
166.372764689104,107.683276919233
166.372764689104,94.1265764041059
168.792886541439,86.7833636250788
167.986179257327,90.7374012753242
167.986179257327,99.7752016187422
167.986179257327,111.072452048015
167.986179257327,121.23997743436
168.792886541439,126.323740127532
169.599593825551,120.110252391433
172.019715677886,112.767039612405
176.053252098443,106.553551876306
176.053252098443,105.423826833378
176.053252098443,105.423826833378
176.053252098443,105.423826833378

Velocities: 30
0,0
0,0
0,0
0,0
0,0
5,2
8,5
11,8
10,7
5,2
-3,-2
-8,-5
-9,-6
-9,-6
-5,-2
10,-1
12,11
12,12
5,8
-3,-4
-8,-8
-10,-10
-9,-9
-5,-4
5,6
5,8
3,8
1,1
0,0
0,0

InverseVelocities: 30
0,0
0,0
0,0
0,0
0,0
0,0
0,0
0,0
0,0
0,0
0,0
0,1
0,0
0,0
5,2
0,12
0,0
0,0
0,0
0,0
1,0
0,0
0,0
2,5
0,0
-1,0
-3,-3
-2,-2
0,0
0,0

RawData: 30
0,0,0,0,0,0,0,0,0,0,0,0,0,0,0,0.8271841,1,0.9831243,0.7530229,0,0,0,0,0,0,0,0,0,0,0,0,0,0,0,0,0,0,0,0,0,0,0,0,0,0,0,0,0,0.9343054,1,0.8846818,0,0,0,0,0,0,0,0,0,0,0,0,0,0,0
0,0,0,0,0,0,0,0,0,0,0,0,0,0,0,0.8268429,1,0.9828309,0.7461204,0,0,0,0,0,0,0,0,0,0,0,0,0,0,0,0,0,0,0,0,0,0,0,0,0,0,0,0,0.5986296,0.9402872,1,0.8834466,0,0,0,0,0,0,0,0,0,0,0,0,0,0,0
0,0,0,0,0,0,0,0,0,0,0,0,0,0,0,0.8408847,1,0.9857273,0.7763195,0,0,0,0,0,0,0,0,0,0,0,0,0,0,0,0,0,0,0,0,0,0,0,0,0,0,0,0,0,0.9499604,1,0.8891455,0,0,0,0,0,0,0,0,0,0,0,0,0,0,0
0,0,0,0,0,0,0,0,0,0,0,0,0,0,0,0.8292465,1,0.9868923,0.7707102,0,0,0,0,0,0,0,0,0,0,0,0,0,0,0,0,0,0,0,0,0,0,0,0,0,0,0,0,0,0.946201,1,0.8875722,0,0,0,0,0,0,0,0,0,0,0,0,0,0,0
0,0,0,0,0,0,0,0,0,0,0,0,0,0,0,0.8394549,1,0.9799452,0.7222527,0,0,0,0,0,0,0,0,0,0,0,0,0,0,0,0,0,0,0,0,0,0,0,0,0,0,0,0,0.6325458,0.9488228,1,0.8663594,0.6931019,0,0,0,0,0,0,0,0,0,0,0,0,0,0
0,0,0,0,0,0,0,0,0,0,0,0,0,0,0.5757788,0.8253139,1,0.9788421,0.7044587,0.7817171,0.8041795,0.7503514,0.6395269,0.6389808,0.5588228,0,0,0,0,0,0,0,0,0,0,0,0,0,0,0,0,0,0,0,0,0,0,0.6016974,0.9405346,1,0.877014,0.8196493,0.8094251,0.7419659,0.6253931,0,0,0,0,0,0,0,0,0,0,0
0,0,0,0,0,0,0,0,0,0,0,0,0,0,0,0.8592165,1,0.9766073,0.7487929,0.7574866,0.7661281,0.798033,0.8534572,0.8130674,0.7893882,0.8114772,0.7823241,0.7472406,0,0,0,0,0,0,0,0,0,0,0,0,0,0,0,0,0,0,0,0,0.9470751,1,0.8926218,0.6768357,0.8463634,0.8391375,0.7438687,0.7385123,0.7637163,0.7271112,0,0,0,0,0,0,0,0
0,0,0,0,0,0,0,0,0,0,0,0,0,0,0.6467702,0.8002213,1,0.9958276,0.831691,0.7087924,0.7289288,0.7572584,0.7002181,0.8306218,0.8554797,0.829841,0.8056807,0.8456721,0.8004541,0.7304677,0.6590654,0,0,0,0,0,0,0,0,0,0,0,0,0,0,0,0,0.6519223,0.9465197,1,0.8893508,0.7192475,0.6641563,0.7827291,0.7567121,0.7666749,0.8493709,0.8290576,0,0.7166948,0.636707,0,0,0,0,0
0,0,0,0,0,0,0,0,0,0,0,0,0,0,0,0.8280004,1,0.9786248,0.7485433,0.6981627,0.6411387,0.6709792,0.8188844,0.8026448,0.6446477,0.6708546,0.746024,0.7841769,0.7780564,0.6883684,0,0,0,0,0,0,0,0,0,0,0,0,0,0,0,0,0,0.6617778,0.9472577,1,0.8899916,0.7258271,0.7029032,0.7751061,0.8002065,0.8178259,0.8505465,0.8334575,0.7570034,0.6177532,0,0,0,0,0,0
0,0,0,0,0,0,0,0,0,0,0,0,0,0,0,0.8312769,1,0.9903316,0.8018694,0.8722222,0.8400559,0.7953163,0.7287675,0,0.662702,0,0,0,0,0,0,0,0,0,0,0,0,0,0,0,0,0,0,0,0,0,0,0,0.9417322,1,0.918577,0.8305232,0.774534,0.6786332,0.6320671,0,0,0,0,0,0,0,0,0,0,0
0,0,0,0,0,0,0,0,0,0,0.6105132,0.6333496,0.7040483,0.7657529,0.7739537,0.8542282,1,0.9830943,0.7670299,0.7036419,0,0,0,0,0,0,0,0,0,0,0,0,0,0,0,0,0,0,0,0,0,0,0,0,0.5850464,0.5801591,0.6646249,0.7453489,0.9381335,1,0.8950896,0.6634552,0,0,0,0,0,0,0,0,0,0,0,0,0,0
0,0,0,0,0,0.6019804,0.6804218,0.7409317,0.7700171,0.7935938,0.8277132,0.7480332,0.7836173,0.8062336,0.7211185,0.8287886,1,0.9793866,0.7712129,0.6798077,0,0,0,0,0,0,0,0,0,0,0,0,0,0,0,0,0,0,0,0,0,0.5969678,0.6740022,0.7169157,0.6920496,0.7444072,0.8024362,0.775026,0.9481756,1,0.8722298,0.7003388,0.6404632,0.5799284,0,0,0,0,0,0,0,0,0,0,0,0
0,0,0,0,0.7813548,0.8264808,0.7955645,0.8052743,0,0.8393461,0,0,0.8590744,0.8606325,0.844027,0.8535289,1,0.9933842,0.8367302,0,0,0,0,0,0,0,0,0,0,0,0,0,0,0,0,0,0,0,0,0,0.7930729,0.846362,0.853584,0.8185426,0.7999119,0.7968853,0.7972941,0.7527434,0.9524254,1,0.9007696,0,0,0,0,0,0,0,0,0,0,0,0,0,0,0
0,0,0,0,0.6954652,0.8010648,0.8207511,0.8022594,0.7357018,0.7037388,0.8219748,0.7807847,0.7932947,0.6501528,0,0.8393171,1,0.9793958,0.7220467,0.683497,0,0,0,0,0,0,0,0,0,0,0,0,0,0,0,0,0,0,0,0,0.6902821,0.7395024,0.6860871,0.6834672,0.6845492,0.6386802,0.6832925,0.6879884,0.9486778,1,0.8824548,0.6692468,0.6351643,0,0,0,0,0,0,0,0,0,0,0,0,0
0,0,0,0,0,0,0,0,0.6597422,0.6946021,0.7311792,0.7467911,0.7962865,0.8077722,0.8255131,0.8713198,0.9915782,1,0.8661957,0.777486,0.6935049,0.671799,0.7139021,0.713909,0.6813403,0,0,0,0,0,0,0,0,0,0,0,0,0,0,0,0,0,0,0,0.6235028,0.705543,0.7482828,0.7944854,0.9301739,1,0.8999346,0.6433046,0.6152294,0.6269128,0.6248107,0,0,0,0,0,0,0,0,0,0,0
0,0,0,0,0,0,0,0,0,0,0,0,0,0,0.6636642,0.8418872,1,0.9573501,0.7647251,0.6121478,0.6892349,0.6803605,0.7753443,0.8133594,0.8405502,0.7552951,0.791937,0.8088966,0.8080543,0.7255967,0,0,0,0,0,0,0,0,0,0,0,0,0,0,0,0.5771371,0,0.6605555,0.9435612,1,0.8779748,0,0.6240059,0.6401809,0.6629406,0.7053162,0.7583289,0.7180887,0.5829508,0.7164364,0.7273686,0.7122711,0.6699634,0.6258059,0.6417177,0.5842403
0,0,0,0,0,0,0,0,0,0,0,0,0,0,0.7727689,0.8930264,1,0.9774452,0,0.780708,0.7641152,0,0,0.768819,0.8227934,0.8126104,0.8512093,0.833127,0.8394068,0.8379828,0.7973045,0.7721829,0.8156846,0,0,0,0,0,0,0,0,0,0,0,0,0,0,0,0.9493285,1,0.8993595,0,0.7353144,0.7416923,0.7831479,0.8172446,0.7933934,0.7566113,0.7713745,0.7616259,0,0,0,0.7391509,0,0.7507954
0,0,0,0,0,0,0,0,0,0,0,0,0,0,0,0.8379274,1,0.9892408,0.8349078,0.7464017,0.6977168,0.7664627,0.720171,0.7748966,0.791984,0.8049942,0.7988866,0.7737476,0.7705638,0.7693884,0.7833446,0.7561767,0.6943033,0,0,0,0,0,0,0,0,0,0,0,0,0,0,0,0.9458162,1,0.899046,0.7031442,0,0,0,0.7134969,0,0.7323943,0.7331409,0.7183533,0.774406,0.7614624,0.7524149,0.7344654,0.689302,0
0,0,0,0,0,0,0,0,0,0,0,0,0,0,0,0.802432,0.9990382,1,0.8783993,0.8456649,0.8177041,0.7639988,0.6936796,0.6042911,0.5540404,0,0,0,0,0,0,0,0,0,0,0,0,0,0,0,0,0,0,0,0,0,0,0,0.935825,1,0.8872086,0.7335623,0.7262776,0.7197703,0.6854791,0.6854657,0.6843131,0.6600209,0.6216649,0.584996,0.534366,0,0,0,0,0
0,0,0,0,0,0,0,0,0,0,0.7046728,0.7879208,0.8502074,0.8666056,0.8654567,0.8510481,1,0.9815555,0.7673519,0,0,0,0,0,0,0,0,0,0,0,0,0,0,0,0,0,0,0,0,0,0,0,0.6062833,0.6915843,0.7138007,0.7292982,0.7290942,0.729225,0.9456889,1,0.8817865,0,0,0,0,0,0,0,0,0,0,0,0,0,0,0
0,0,0,0,0,0.6188872,0.7472817,0.8351287,0.8487969,0.809096,0.7195721,0.7238627,0.7711031,0.7359253,0.7026311,0.8466462,1,0.9716026,0.5771551,0.6527616,0.584312,0,0,0,0,0,0,0,0,0,0,0,0,0,0,0,0,0,0.5908573,0.612828,0.625757,0.673103,0.7257947,0.6950101,0.6079639,0.7457789,0.7419294,0.6897402,0.9399348,1,0.8826544,0,0,0,0,0,0,0,0,0,0,0,0,0,0,0
0,0,0,0.684951,0.7702717,0.8323696,0.8339245,0.8519393,0.8010402,0.8014058,0.704551,0,0,0.7545441,0.741227,0.7839078,0.9999778,1,0.7927538,0,0,0,0,0,0,0,0,0,0,0,0,0,0,0,0,0,0.6559329,0.7202969,0.6748821,0,0.7202988,0.7808043,0.7791468,0.7209691,0.6860948,0.7258554,0.7011611,0.7159885,0.9442261,1,0.891043,0,0,0,0,0,0,0,0,0,0,0,0,0,0,0
0,0,0,0,0.7299865,0.7877394,0.804644,0.8061869,0.7195644,0.7444962,0.7853974,0.7206018,0.661362,0.7387385,0.7708707,0.866025,1,0.980306,0.7588817,0,0,0,0,0,0,0,0,0,0,0,0,0,0,0,0,0,0,0.663123,0.6890616,0.6541631,0.7336408,0.8025864,0.7928444,0.8002232,0.6750616,0.7012254,0.6513457,0.7039979,0.9472795,1,0.8901457,0,0,0,0,0,0,0,0,0,0,0,0,0,0,0
0,0,0,0,0,0,0,0,0.6231204,0.658356,0.675459,0.6328063,0.6893071,0.6977441,0.7569565,0.7834508,1,0.9863763,0.7858062,0.6745881,0.6774191,0.612321,0,0,0,0,0,0,0,0,0,0,0,0,0,0,0,0,0,0,0,0,0.6458014,0.6746442,0.674063,0.6453831,0.6092718,0.6250618,0.9289041,1,0.8727993,0.6729864,0.6123157,0,0,0,0.6177111,0.600926,0,0,0,0,0,0,0,0
0,0,0,0,0,0,0,0,0,0,0,0,0,0,0.8651314,0,1,0.994141,0.8629614,0,0,0,0,0.8420216,0.8020066,0,0,0,0,0,0,0,0,0,0,0,0,0,0,0,0,0,0,0,0,0,0,0,0.9521259,1,0.90926,0,0,0,0,0,0,0.7941175,0.8126514,0,0,0,0,0,0,0
0,0,0,0,0,0,0,0,0,0,0,0,0.7343963,0.7603427,0.7774056,0.8782247,1,0.9635136,0,0.7475227,0.7761829,0.7937583,0.7615826,0.7465312,0.783969,0,0,0,0,0,0,0,0,0,0,0,0,0,0,0,0,0,0,0,0,0,0.6974427,0.7044663,0.9545358,1,0.8972,0.7725893,0.8114923,0.8215638,0.8323269,0.8564039,0.8527148,0.8194023,0.7784429,0.7742649,0.7052748,0,0,0,0,0
0,0,0,0,0,0,0,0,0,0,0.6168933,0.7200389,0.7281473,0.7382896,0.6331717,0.7913351,0.9970416,1,0.8583569,0.6945657,0.6892352,0.7577127,0.7219296,0,0,0,0,0,0,0,0,0,0,0,0,0,0,0,0,0,0,0,0,0.585603,0.7005876,0.7772158,0.790438,0.7030161,0.9158421,1,0.9171736,0.7513059,0.7514026,0.7278566,0.5953187,0.5751774,0.6972385,0.6924505,0.6721377,0.6256322,0.6160968,0,0,0,0,0
0,0,0,0,0,0,0,0,0,0,0,0.6519166,0.7500158,0.8209678,0.8495977,0.8071592,1,0.9833318,0.7726426,0,0.6570759,0,0,0,0,0,0,0,0,0,0,0,0,0,0,0,0,0,0,0,0,0,0,0,0.633294,0.728426,0.7722302,0.7892618,0.9509678,1,0.8803769,0.7662554,0.6969888,0.6424444,0,0,0,0,0,0,0,0,0,0,0,0
0,0,0,0,0,0,0,0,0,0,0,0,0,0,0.7024233,0.7867366,1,0.9890469,0.7583812,0,0,0,0,0,0,0,0,0,0,0,0,0,0,0,0,0,0,0,0,0,0,0,0,0,0,0,0,0.7383751,0.9563323,1,0.8873937,0,0,0,0,0,0,0,0,0,0,0,0,0,0,0
0,0,0,0,0,0,0,0,0,0,0,0,0,0,0,0.818788,1,0.9897952,0.7688333,0,0,0,0,0,0,0,0,0,0,0,0,0,0,0,0,0,0,0,0,0,0,0,0,0,0,0,0,0.6104269,0.9427518,1,0.8816773,0,0,0,0,0,0,0,0,0,0,0,0,0,0,0
