GestureName: zigzag
Duration(ms): 1410
Handedness: right

SpeakerAngles: 2
55
-55

InterpretedPoints: 30
0,0
0,0
0,0
0,0
0,0
1.6134145682232,2.25945008585449
4.03353642055799,9.6026628648816
0,13.556700515127
-0.806707284111598,12.9918379936633
0.806707284111599,7.34321277902711
-3.2268291364464,-2.25945008585449
0.806707284111599,-9.6026628648816
0,-10.1675253863452
0,-3.38917512878174
-1.6134145682232,10.1675253863452
0,13.556700515127
-2.4201218523348,9.6026628648816
-3.2268291364464,1.12972504292725
1.6134145682232,-5.64862521463624
4.03353642055799,-8.47293782195435
-0.806707284111599,-8.47293782195435
0,-3.38917512878174
-7.26036555700439,3.95403765024537
-6.45365827289279,3.38917512878174
-8.06707284111599,0
0,-4.51890017170899
-0.806707284111599,-0.564862521463624
0,0
0,0
0,0

StrokePoints: 31
177.666666666667,130.277777777778
177.666666666667,130.277777777778
177.666666666667,130.277777777778
177.666666666667,130.277777777778
177.666666666667,130.277777777778
177.666666666667,130.277777777778
176.053252098443,128.018327691923
172.019715677886,118.415664827042
172.019715677886,104.858964311915
172.826422961997,91.8671263182514
172.019715677886,84.5239135392243
175.246544814332,86.7833636250788
174.43983753022,96.3860264899604
174.43983753022,106.553551876306
174.43983753022,109.942727005087
176.053252098443,99.7752016187422
176.053252098443,86.2185011036152
178.473373950778,76.6158382387336
181.700203087225,75.4861131958064
180.086788519001,81.1347384104426
176.053252098443,89.607676232397
176.859959382555,98.0806140543513
176.859959382555,101.469789183133
184.120324939559,97.5157515328877
190.573983212452,94.1265764041059
198.641056053568,94.1265764041059
198.641056053568,98.6454765758149
199.44776333768,99.2103390972786
199.44776333768,99.2103390972786
199.44776333768,99.2103390972786
199.44776333768,99.2103390972786

Velocities: 30
0,0
0,0
0,0
0,0
0,0
3,1
11,6
12,12
11,12
7,6
-4,0
-8,-9
-9,-9
-3,-3
8,10
12,12
7,10
-1,3
-4,-6
-5,-10
-8,-7
-3,-3
-1,8
-1,7
-5,5
-4,-4
-1,0
0,0
0,0
0,0

InverseVelocities: 30
0,0
0,0
0,0
0,0
0,0
0,0
0,0
0,0
0,0
0,0
0,0
3,0
0,0
0,0
0,0
0,0
0,0
0,-3
0,0
0,0
0,0
0,0
4,0
5,-2
3,-3
2,0
0,0
0,0
0,0
0,0

RawData: 30
0,0,0,0,0,0,0,0,0,0,0,0,0,0.7263665,0.7577143,0.8067116,1,0.9730245,0,0,0,0,0,0,0,0,0,0,0,0,0,0,0,0,0,0,0,0,0,0,0,0,0,0,0,0,0.7220722,0.7273794,0.8815606,1,0.8776154,0,0,0,0,0,0,0,0,0,0,0,0,0,0,0
0,0,0,0,0,0,0,0,0,0,0,0,0,0,0.8236341,0.9504448,0.9972781,1,0.7999287,0,0,0,0,0,0,0,0,0,0,0,0,0,0,0,0,0,0,0,0,0,0,0,0,0,0,0,0,0.7748311,0.9733773,1,0.8739345,0,0,0,0,0,0,0,0,0,0,0,0,0,0,0
0,0,0,0,0,0,0,0,0,0,0,0,0,0,0.6189304,0.8965737,1,0.9802745,0.7703812,0,0,0,0,0,0,0,0,0,0,0,0,0,0,0,0,0,0,0,0,0,0,0,0,0,0,0,0,0.7641124,0.9775934,1,0.8550362,0,0,0,0,0,0,0,0,0,0,0,0,0,0,0
0,0,0,0,0,0,0,0,0,0,0,0,0,0,0,0.8910643,1,0.9675643,0.7540394,0,0,0,0,0,0,0,0,0,0,0,0,0,0,0,0,0,0,0,0,0,0,0,0,0,0,0,0,0.7694316,0.9739606,1,0.8741881,0,0,0,0,0,0,0,0,0,0,0,0,0,0,0
0,0,0,0,0,0,0,0,0,0,0,0,0,0,0,0.8517678,1,0.9729562,0,0,0,0,0,0,0,0,0,0,0,0,0,0,0,0,0,0,0,0,0,0,0,0,0,0,0,0,0,0.6640942,0.9334309,1,0.8899897,0.6788857,0,0,0,0,0,0,0,0,0,0,0,0,0,0
0,0,0,0,0,0,0,0,0,0,0,0,0,0,0,0.7611496,0.9745296,1,0.9678122,0.9227717,0.860633,0.8010778,0.7579775,0,0,0,0,0,0,0,0,0,0,0,0,0,0,0,0,0,0,0,0,0,0,0,0,0,0.9089171,1,0.9787222,0.899186,0.8181745,0.7126614,0,0,0,0,0,0,0,0,0,0,0,0
0,0,0,0,0,0,0,0,0,0,0,0,0,0,0.6789885,0.8678554,1,0.9604996,0.8564935,0.8488379,0.8227945,0.7564589,0.8418464,0.8279324,0.8487482,0.8367721,0.8346301,0.8170195,0.7830766,0.7504302,0.6833605,0,0,0,0,0,0,0,0,0,0,0,0,0,0,0,0,0.6384936,0.9368359,1,0.8717708,0.7876431,0.8224224,0.8418179,0.7235326,0.7014248,0.6960351,0.6841938,0.6637885,0,0,0,0,0,0,0
0,0,0,0,0,0,0,0,0,0,0,0,0,0.6817508,0.7424735,0.841163,1,0.960898,0.7566535,0.8535524,0.8154498,0.7630423,0.8022464,0.6761259,0,0.7042563,0.8125934,0.853146,0.8177221,0.8613763,0.712327,0.750887,0.7451622,0,0,0,0,0,0,0,0,0,0,0,0,0,0,0,0.9324359,1,0.9024457,0.7479864,0.7666912,0.7941124,0.8472232,0.7823809,0.7115892,0.7885925,0.7849481,0.7386992,0.7136458,0.6030409,0.6348456,0.6626522,0.6458613,0
0,0,0,0,0,0,0,0,0,0,0,0,0,0.6763237,0.7394621,0.789441,1,0.9956269,0.7831897,0,0.7952532,0.7246749,0.7699322,0.7820596,0.8202133,0.8830733,0.8826746,0.8640801,0.8931265,0.8657521,0.791361,0,0.621182,0,0,0,0,0,0,0,0,0,0,0,0,0,0,0.6730413,0.9461347,1,0.8617144,0.7746131,0.7088462,0.7370734,0.6160864,0.7673733,0.7017707,0.6714112,0.7370335,0,0.6962635,0.7247295,0.6884242,0.6754445,0.6068047,0
0,0,0,0,0,0,0,0,0,0,0,0,0,0.749626,0.806073,0.892837,1,0.972814,0.8651577,0.8574788,0.8020005,0,0,0,0.7616791,0.7648048,0.7402281,0,0,0,0,0,0,0,0,0,0,0,0,0,0,0,0,0,0,0,0,0.7219495,0.9526496,1,0.8828322,0.8422005,0.837871,0.7901925,0.7890797,0.7609907,0.7200331,0.7195114,0.7265859,0,0,0,0,0,0,0
0,0,0,0,0,0,0,0,0,0.9065205,0.9177712,0.900503,0.8970879,0.9177095,0,0,0.9901064,1,0,0,0,0,0,0,0,0,0,0,0,0,0,0,0,0,0,0,0,0,0,0,0,0,0,0,0,0,0,0,0.9533625,1,0.9095216,0,0,0,0,0,0,0,0,0,0,0,0,0,0,0
0,0,0,0,0,0.7795531,0.8891914,0.9176518,0.8931066,0.8591861,0.8364806,0.6653164,0,0.8239442,0.8152479,0.7551286,1,0.9877648,0.7494726,0,0,0.6432356,0.6058132,0,0,0,0,0,0,0,0,0,0,0,0,0,0,0.6207897,0.6403055,0.6801177,0.7336876,0.7482554,0.6916152,0.6392724,0.7858024,0.7586039,0.7121454,0.7833914,0.9407803,1,0.8926,0,0,0,0,0,0,0,0,0,0,0,0,0,0,0
0,0,0,0,0.7483988,0.8314257,0.825797,0,0.7901787,0.8178852,0.8694016,0.8534887,0.8309647,0.7557067,0,0.7795474,1,0.9845799,0,0,0,0,0,0,0,0,0,0,0,0,0,0,0,0,0,0,0,0.6682261,0.7353905,0.7491958,0.7087449,0.6479208,0.7159792,0.7458814,0.7821182,0.7810975,0,0,0.9399682,1,0.8878351,0.6630855,0,0,0,0,0,0,0,0,0,0,0,0,0,0
0,0,0,0,0,0,0,0,0,0,0.7677736,0.7753459,0.7851537,0.808194,0.7935749,0.8594194,1,0.9853472,0.815107,0,0,0,0,0,0,0,0,0,0,0,0,0,0,0,0,0,0,0,0,0,0,0,0,0.7340986,0.7443733,0.7393018,0.7485979,0.787882,0.9392371,1,0.9171233,0,0,0,0,0,0,0,0,0,0,0,0,0,0,0
0,0,0,0,0,0,0,0,0,0,0,0,0,0,0.6569754,0.8508583,1,0.9736575,0.7047498,0.7586887,0.7859176,0.7355881,0.7622802,0.742074,0,0.7379399,0.7478871,0.6745345,0,0,0,0,0,0,0,0,0,0,0,0,0,0,0,0,0,0,0,0.7142591,0.9541929,1,0.8816981,0.6550837,0.6760612,0.6757517,0.7186321,0.7605031,0.7540917,0.6712037,0.7683468,0.7568699,0.7975456,0.7751933,0.705106,0,0,0
0,0,0,0,0,0,0,0,0,0,0,0,0,0,0,0.8169011,1,0.9801769,0.7726178,0.8059556,0.8328755,0.7845575,0.8288117,0.8739351,0.8603957,0.7706475,0.7630509,0,0.7012755,0.7189003,0.6845744,0.6026769,0,0,0,0,0,0,0,0,0,0,0,0,0,0,0,0.6238408,0.9454052,1,0.8832318,0.709983,0.7231943,0,0.6184478,0.6483902,0.7523671,0.6150901,0.7116706,0.7650471,0.7913992,0.8015362,0.7773893,0.7911247,0.7774315,0.7305385
0,0,0,0,0,0,0,0,0,0,0,0,0,0.7402387,0.8150225,0.8732198,1,0.9861191,0.8671358,0.8082141,0.7429049,0,0,0,0.7609584,0.7792193,0.7114388,0,0,0,0,0,0,0,0,0,0,0,0,0,0,0,0,0,0,0,0,0.6866571,0.9539987,1,0.8333603,0.8700106,0.8897821,0.8732532,0.8667464,0.8279361,0.8348105,0.8280495,0.8076223,0.7633065,0.6989912,0,0.6844912,0,0,0
0,0,0,0,0,0,0,0,0,0,0,0,0.7379612,0.6989608,0.8630468,0.7971467,0.9883339,1,0.8172024,0,0,0,0,0,0,0,0,0,0,0,0,0,0,0,0,0,0,0,0,0,0,0,0,0.6371281,0.7375024,0.8148857,0.8649681,0.8890853,0.9579076,1,0.9356318,0.8250092,0.8217002,0.7917079,0.7430186,0.6772597,0,0,0,0,0,0,0,0,0,0
0,0,0,0,0,0,0,0,0,0.7223435,0.7681727,0.7903129,0.825132,0.8137439,0.7449805,0.8383476,1,0.9666191,0.7061589,0,0,0,0,0,0,0,0,0,0,0,0,0,0,0,0,0,0,0,0,0,0.8252819,0.8936372,0.9175032,0.92684,0.9227186,0.9181116,0.8625901,0.797235,0.9487793,1,0.8916296,0.6684802,0,0,0,0,0,0,0,0,0,0,0,0,0,0
0,0,0,0,0,0,0,0,0.8883634,0.8983515,0.884252,0.8862222,0.8835757,0,0.831326,0,0.998009,1,0.8570745,0.7824854,0,0,0,0,0,0,0,0,0,0,0,0,0,0,0,0,0.7465709,0.8020525,0.8475162,0.8552509,0.870491,0.8661887,0,0.7924239,0,0,0,0,0.9443276,1,0.9115818,0,0,0,0,0,0,0,0,0,0,0,0,0,0,0
0,0,0,0,0,0.6384437,0.7025873,0.795033,0.8435437,0.8156286,0.7730506,0.7548599,0,0.6953475,0.7097659,0.8494077,1,0.9792989,0.7568705,0,0,0,0,0,0,0,0,0,0,0,0,0,0,0,0,0,0,0,0,0.6867957,0.7610644,0.784609,0.7863029,0.7899323,0.7592201,0.7483624,0.6669402,0,0.9445624,1,0.8723344,0.6356608,0,0,0,0,0,0,0,0,0,0,0,0,0,0
0,0,0,0,0,0,0,0,0,0,0.7190838,0.7789148,0.8115941,0.8582081,0.857511,0.7669307,1,0.981853,0.7686435,0,0,0,0,0,0,0,0,0,0,0,0,0,0,0,0,0,0,0,0,0,0,0,0,0.679611,0.7152438,0.711128,0.6158092,0.7202775,0.9415399,1,0.8908906,0.6881998,0.6230446,0,0,0,0,0,0,0,0,0,0,0,0,0
0,0,0,0,0,0,0,0,0,0,0,0,0.6687929,0,0.716048,0.8055142,1,0.9809726,0.8168097,0.7491461,0.7714992,0.7552156,0.6419467,0.5996853,0,0,0,0,0,0,0,0,0,0,0,0,0,0,0,0,0,0,0,0,0,0,0.6193205,0.6557946,0.947438,1,0.8783032,0.684445,0.7440521,0.7973801,0.8317783,0.8155271,0.7315974,0.6585239,0.679051,0.6837953,0.6462967,0,0,0,0,0
0,0,0,0,0,0,0,0,0,0,0,0,0.6510438,0.6169025,0.750006,0.8613438,1,0.992286,0.8020904,0.6030725,0.7167901,0.7125335,0.6729558,0.5920914,0.59755,0,0,0,0,0,0,0,0,0,0,0,0,0,0,0,0,0,0,0,0.5860362,0.589573,0.702615,0.6787268,0.944137,1,0.8709214,0.8152616,0.8500504,0.7497977,0.8423223,0.8474481,0.7853488,0.7099007,0.6621821,0.7169235,0,0,0,0,0,0
0,0,0,0,0,0,0,0,0.6884234,0.6926776,0.7222238,0.7864062,0.7987747,0.6995437,0.7698852,0.8408474,1,0.9959804,0.7899435,0,0.7615075,0.7859578,0.6812534,0,0,0,0,0,0,0,0,0,0,0,0,0,0,0,0,0,0,0,0,0.7415938,0.7520464,0.7912276,0.8198351,0.8783355,0.9031247,1,0.9154716,0.8572711,0.8196432,0.8161866,0.7450953,0.7452725,0.742226,0.7042693,0,0,0,0,0,0,0,0
0,0,0,0,0,0,0,0,0,0.6927552,0.7076321,0,0.7516003,0,0.7434993,0.8238807,1,0.9988462,0.8719274,0.7798699,0.7335328,0.6760353,0,0,0,0,0,0,0,0,0,0,0,0,0,0,0,0,0,0,0,0,0.6580799,0.6863308,0.6593276,0.8037761,0.8633496,0.7740338,0.9597306,1,0.8903173,0.7837569,0.7665558,0,0,0,0,0,0,0,0,0,0,0,0,0
0,0,0,0,0,0,0,0,0,0,0,0,0.6924858,0.7470829,0.7822182,0.8221091,1,0.9799245,0.7833949,0.6515557,0,0,0,0,0,0,0,0,0,0,0,0,0,0,0,0,0,0,0,0,0,0,0,0,0,0,0,0.804409,0.9241975,1,0.9104517,0.6776744,0,0,0,0,0,0,0,0,0,0,0,0,0,0
0,0,0,0,0,0,0,0,0,0,0,0,0,0,0.6143554,0.812524,1,0.9817152,0.7399122,0,0,0,0,0,0,0,0,0,0,0,0,0,0,0,0,0,0,0,0,0,0,0,0,0,0,0,0,0.6858262,0.9388353,1,0.896212,0,0,0,0,0,0,0,0,0,0,0,0,0,0,0
0,0,0,0,0,0,0,0,0,0,0,0,0,0,0,0.7973001,1,0.999211,0.7934476,0,0,0,0,0,0,0,0,0,0,0,0,0,0,0,0,0,0,0,0,0,0,0,0,0,0,0,0,0.7035357,0.9425995,1,0.8715929,0,0,0,0,0,0,0,0,0,0,0,0,0,0,0
0,0,0,0,0,0,0,0,0,0,0,0,0,0,0,0.8120398,1,0.9969781,0.7874632,0,0,0,0,0,0,0,0,0,0,0,0,0,0,0,0,0,0,0,0,0,0,0,0,0,0,0,0,0.7091605,0.9098552,1,0.8976377,0,0,0,0,0,0,0,0,0,0,0,0,0,0,0
