GestureName: arrow
Duration(ms): 1410
Handedness: right

SpeakerAngles: 2
55
-55

InterpretedPoints: 30
0,0
0,0
0,0
0,0
0,0
0,0
0,4.51890017170899
-2.4201218523348,8.47293782195435
-4.84024370466959,7.90807530049073
-3.2268291364464,6.77835025756348
-3.2268291364464,-6.77835025756348
0.806707284111599,-0.564862521463624
0,0
0,3.38917512878174
3.2268291364464,9.03780034341798
5.64695098878119,7.34321277902711
4.03353642055799,3.95403765024536
3.2268291364464,2.25945008585449
0,0
-5.64695098878119,-2.82431260731812
-1.6134145682232,-9.03780034341798
-1.6134145682232,-9.03780034341798
0.806707284111599,-5.08376269317261
1.6134145682232,-3.38917512878174
2.4201218523348,-5.08376269317261
2.4201218523348,-5.08376269317261
4.84024370466959,-4.51890017170899
3.2268291364464,-3.38917512878174
0,0
0,0

StrokePoints: 31
177.666666666667,130.277777777778
177.666666666667,130.277777777778
177.666666666667,130.277777777778
177.666666666667,130.277777777778
177.666666666667,130.277777777778
177.666666666667,130.277777777778
177.666666666667,130.277777777778
177.666666666667,125.758877606069
180.086788519001,117.285939784114
184.927032223671,109.377864483624
188.153861360117,102.59951422606
191.380690496564,109.377864483624
190.573983212452,109.942727005087
190.573983212452,109.942727005087
190.573983212452,106.553551876306
187.347154076006,97.5157515328876
181.700203087225,90.1725387538605
177.666666666667,86.2185011036152
174.43983753022,83.9590510177607
174.43983753022,83.9590510177607
180.086788519001,86.7833636250788
181.700203087225,95.8211639684967
183.313617655448,104.858964311915
182.506910371336,109.942727005087
180.893495803113,113.331902133869
178.473373950778,118.415664827042
176.053252098443,123.499427520214
171.213008393774,128.018327691923
167.986179257327,131.407502820705
167.986179257327,131.407502820705
167.986179257327,131.407502820705

Velocities: 30
0,0
0,0
0,0
0,0
0,0
0,0
4,4
6,9
4,10
4,8
-8,-4
0,-1
0,0
3,3
10,6
10,3
6,1
4,0
0,0
-6,1
-9,-7
-9,-7
-4,-5
-2,-4
-3,-6
-3,-6
-1,-7
-1,-5
0,0
0,0

InverseVelocities: 30
0,0
0,0
0,0
0,0
0,0
0,0
0,0
-2,0
-6,0
-9,-3
0,0
0,0
0,0
0,0
0,0
0,0
0,-3
0,0
0,0
1,-1
0,0
0,0
0,0
1,0
4,1
2,0
3,0
1,0
0,0
0,0

RawData: 30
0,0,0,0,0,0,0,0,0,0,0,0,0,0,0,0.8382989,1,0.9885722,0.7867614,0,0,0,0,0,0,0,0,0,0,0,0,0,0,0,0,0,0,0,0,0,0,0,0,0,0,0,0,0,0.9389789,1,0.8935065,0,0,0,0,0,0,0,0,0,0,0,0,0,0,0
0,0,0,0,0,0,0,0,0,0,0,0,0,0,0,0.8466288,1,0.9875559,0.7891698,0,0,0,0,0,0,0,0,0,0,0,0,0,0,0,0,0,0,0,0,0,0,0,0,0,0,0,0,0,0.9426796,1,0.8993562,0,0,0,0,0,0,0,0,0,0,0,0,0,0,0
0,0,0,0,0,0,0,0,0,0,0,0,0,0,0,0.8451756,1,0.9866196,0.7841936,0,0,0,0,0,0,0,0,0,0,0,0,0,0,0,0,0,0,0,0,0,0,0,0,0,0,0,0,0,0.9457325,1,0.8966911,0,0,0,0,0,0,0,0,0,0,0,0,0,0,0
0,0,0,0,0,0,0,0,0,0,0,0,0,0,0,0.8383605,1,0.9855438,0.772946,0,0,0,0,0,0,0,0,0,0,0,0,0,0,0,0,0,0,0,0,0,0,0,0,0,0,0,0,0,0.9425343,1,0.8863388,0,0,0,0,0,0,0,0,0,0,0,0,0,0,0
0,0,0,0,0,0,0,0,0,0,0,0,0,0,0,0.8198919,1,0.987835,0.7619578,0,0,0,0,0,0,0,0,0,0,0,0,0,0,0,0,0,0,0,0,0,0,0,0,0,0,0,0,0.6319337,0.9488102,1,0.8687772,0,0,0,0,0,0,0,0,0,0,0,0,0,0,0
0,0,0,0,0,0,0,0,0,0,0,0,0,0,0,0.8208014,1,0.9997092,0.8223283,0.5972651,0,0,0,0,0,0,0,0,0,0,0,0,0,0,0,0,0,0,0,0,0,0,0,0,0,0,0,0.604776,0.9458793,1,0.8548371,0.7372069,0.6367019,0,0,0,0,0,0,0,0,0,0,0,0,0
0,0,0,0,0,0,0,0,0,0,0,0,0,0.6107106,0.5843687,0.8264923,1,0.9791005,0.8585114,0.7625816,0.7042361,0.6708269,0.6278303,0.5893876,0,0,0,0,0,0,0,0,0,0,0,0,0,0,0,0,0,0,0,0,0,0,0.5816385,0.6791462,0.9352019,1,0.8760247,0.7533959,0.7555539,0.6480232,0,0.6078721,0.6094594,0,0,0,0,0,0,0,0,0
0,0,0,0,0,0,0,0,0,0,0,0.6274719,0.7196365,0.6667753,0.6446411,0.8021431,1,0.9990101,0.7598953,0.8070754,0.8028299,0.8173616,0.7893814,0,0.6555424,0.657025,0,0,0,0,0,0,0,0,0,0,0,0,0,0,0,0,0,0,0,0,0.5775838,0.6222163,0.9276518,1,0.8983906,0.6370199,0.6439793,0.6357663,0.6668417,0.6793391,0.7310677,0.6496434,0.6419407,0.6258562,0.6037047,0.6226568,0,0,0,0
0,0,0,0,0,0,0,0.6311432,0.6370811,0.7495393,0.824181,0.8367993,0.738746,0.7964532,0.878633,0.9222654,1,0.9794216,0.7611315,0.6924024,0,0.6664082,0.6445547,0.6928205,0,0,0,0,0,0,0,0,0,0,0,0,0,0,0,0,0,0,0,0,0,0,0.6391528,0.6755365,0.9438074,1,0.8892313,0.7591814,0.7637988,0.7418417,0.6858705,0.6359425,0.6995247,0.7380668,0.7526811,0,0.6333038,0.6365007,0.6258102,0,0,0
0,0,0,0,0.7199702,0.8117091,0.8446998,0.8463883,0.881771,0.8662615,0.7566494,0.8798679,0.8327895,0.8488537,0.8446572,0.8911102,1,0.9925871,0.7911772,0,0,0,0,0.6797274,0,0,0,0,0,0,0,0,0,0,0,0,0,0,0,0,0,0,0,0.6360432,0.6539934,0.7415003,0.7828437,0.8350412,0.9450162,1,0.9067037,0.7275187,0.6931092,0.722437,0.7185538,0.6981361,0.6658838,0.6686059,0.6252245,0.6268415,0.6226878,0,0,0,0,0
0,0,0,0,0,0.6630222,0.6383193,0.681511,0.6543308,0.6367848,0.7471626,0.8323145,0.8260013,0.7853496,0.814789,0.9125623,1,0.9645845,0,0,0,0,0,0,0,0,0,0,0,0,0,0,0,0,0,0,0,0,0,0,0,0,0.6440358,0.6954309,0.6847659,0.7577759,0.8434726,0.8655695,0.9307374,1,0.9081914,0,0,0,0,0,0,0,0,0,0,0,0,0,0,0
0,0,0,0,0,0,0,0,0,0,0,0,0,0.6780608,0.7966449,0.9020916,1,0.9757856,0.7368868,0,0,0,0,0,0,0,0,0,0,0,0,0,0,0,0,0,0,0,0,0,0,0,0,0,0,0.6055751,0.7171058,0.7820291,0.9583157,1,0.8800468,0,0,0,0,0,0,0,0,0,0,0,0,0,0,0
0,0,0,0,0,0,0,0,0,0,0,0,0,0,0.5908487,0.8088785,1,0.99336,0.8203781,0.6826347,0,0,0,0,0,0,0,0,0,0,0,0,0,0,0,0,0,0,0,0,0,0,0,0,0,0,0,0,0.92975,1,0.9021897,0.7186593,0.5970473,0,0,0,0,0,0,0,0,0,0,0,0,0
0,0,0,0,0,0,0,0,0,0,0,0,0,0,0,0.8482779,1,0.9573203,0.8526756,0.8724045,0.8270176,0.80414,0.7890741,0,0,0,0,0,0,0,0,0,0,0,0,0,0,0,0,0,0,0,0,0,0,0,0,0,0.9471737,1,0.8819456,0.8937023,0.8660715,0.7961649,0.766268,0.7579468,0,0,0,0,0,0,0,0,0,0
0,0,0,0,0,0,0,0,0,0,0,0,0,0,0,0.8538126,1,0.9870551,0.8084288,0.796438,0.8612946,0.8558732,0.755852,0,0,0,0.7810914,0.784959,0.7505057,0.689945,0,0,0,0,0,0,0,0,0,0,0,0,0,0,0,0,0,0.685459,0.9520357,1,0.8886392,0.7709481,0.815429,0.8433532,0.8320256,0.7673008,0.7574947,0.7181172,0.7223115,0,0,0,0,0,0,0
0,0,0,0,0,0,0,0,0,0,0,0,0,0,0,0.835499,1,0.9951863,0.8365195,0.7867511,0.7198441,0.7670662,0.7627651,0,0.7792416,0.8187139,0.8009152,0.7471059,0.6812183,0.7147566,0,0,0,0,0,0,0,0,0,0,0,0,0,0,0,0,0.7511729,0.7521855,0.9480422,1,0.9105278,0.7642671,0.7591074,0.7973011,0.8368742,0.7334228,0,0,0,0,0,0,0,0,0,0
0,0,0,0,0,0,0,0,0,0,0,0,0,0,0,0.8370535,1,0.9907697,0.8355522,0.822301,0.8543564,0.8565832,0.816081,0.7326644,0.7845098,0.7675851,0,0,0,0,0,0,0,0,0,0,0,0,0,0,0,0,0,0.7148192,0.7876117,0.7649435,0.7978298,0.8075916,0.9445412,1,0.9379746,0.7753487,0.8589173,0.8242334,0,0,0,0,0,0,0,0,0,0,0,0
0,0,0,0,0,0,0,0,0,0,0,0,0,0,0,0.8001991,1,0.991105,0.8800466,0.80935,0.7461147,0.678762,0.6414954,0.6210286,0,0,0,0,0,0,0,0,0,0,0,0,0,0,0,0,0,0,0,0,0,0,0.673527,0.7333611,0.9392502,1,0.9632977,0.882229,0,0,0,0,0,0,0,0,0,0,0,0,0,0
0,0,0,0,0,0,0,0,0,0,0,0,0,0.6779233,0.7955582,0.8984455,1,0.983875,0.7979831,0.6808369,0,0,0,0,0,0,0,0,0,0,0,0,0,0,0,0,0,0,0,0,0,0,0,0,0,0,0,0,0.9292601,1,0.8880988,0.8920516,0.8318882,0,0,0,0,0,0,0,0,0,0,0,0,0
0,0,0,0,0,0,0,0.7038265,0.710885,0.6755859,0.7987219,0.8168801,0.7163754,0.7174848,0.7351217,0.8433158,1,0.9889716,0.8004513,0.701142,0.6831149,0,0,0,0,0,0,0,0,0,0,0,0,0,0,0,0,0,0,0,0,0,0,0,0,0.7259871,0.8259037,0.866393,0.9648097,1,0.9381003,0.8424993,0.7530035,0.7310557,0,0,0,0,0,0,0,0,0,0,0,0
0,0,0,0,0.6449313,0.7324339,0.7440026,0.720395,0.7491359,0.6961725,0.7699993,0.7292314,0.7958018,0.8159603,0.7979402,0.823998,1,0.9830101,0.7780756,0,0,0,0,0,0,0,0,0,0,0,0,0,0,0,0,0,0,0,0,0.633693,0.6403192,0.6394556,0.6789781,0.660344,0.7906398,0.8796346,0.872044,0.8231996,0.9233487,1,0.7959256,0.8542793,0.7286242,0,0,0,0,0,0,0,0,0,0,0,0,0
0,0,0,0,0.5899197,0.6510782,0.7132769,0.7563472,0.7701963,0.8135836,0.709355,0.7699538,0.7100054,0.6960427,0.7003118,0.8357815,1,0.9801367,0.7408611,0,0,0,0,0,0,0,0,0,0,0,0,0,0,0,0,0,0,0,0,0.6585449,0.7495334,0.7509763,0.7729766,0.8323089,0.8552456,0.7607929,0.7569073,0.666002,0.9309233,1,0.8884246,0.602864,0,0,0,0,0,0,0,0,0,0,0,0,0,0
0,0,0,0,0,0,0,0,0,0.733568,0.7910562,0.8154951,0.7470921,0.830848,0.8497512,0.903951,1,0.9830477,0.7640136,0,0,0,0,0,0,0,0,0,0,0,0,0,0,0,0,0,0,0,0,0,0,0.7047761,0.7317047,0,0,0.8057164,0.8352389,0.8039141,0.9469036,1,0.8938714,0,0,0,0,0,0,0,0,0,0,0,0,0,0,0
0,0,0,0,0,0,0,0,0,0,0,0.6842296,0.7514008,0.8631245,0.8532305,0.8692126,1,0.9771059,0.7784656,0.7243885,0.6695724,0,0,0,0,0,0,0,0,0,0,0,0,0,0,0,0,0,0,0,0,0,0.669064,0.7136934,0.8066273,0.8493587,0.8209585,0.7075946,0.9320043,1,0.8951649,0,0,0,0,0,0,0,0,0,0,0,0,0,0,0
0,0,0,0,0,0,0,0,0,0,0.6454294,0.8225346,0.8724111,0.814138,0.7472047,0.8329527,0.9906054,1,0.8326271,0.7975827,0.7280486,0.7000346,0.7185959,0.6840723,0,0,0,0,0,0,0,0,0,0,0,0,0,0,0,0,0.6829365,0.7428722,0.820523,0.8546375,0.7161726,0.8179238,0.6448819,0.7913352,0.9466511,1,0.8903744,0.6794165,0.7079509,0.6782833,0,0,0,0,0,0,0,0,0,0,0,0
0,0,0,0,0,0,0,0,0,0,0.7573014,0.8308663,0.8615283,0,0,0.8253616,1,0.9831477,0.7990409,0,0,0.7504758,0,0,0,0,0,0,0,0,0,0,0,0,0,0,0,0,0,0,0.8364383,0.843755,0.8262659,0.7992761,0,0.8022789,0.8073875,0.7908219,0.9517755,1,0.9009337,0,0,0,0,0,0,0,0,0,0,0,0,0,0,0
0,0,0,0,0,0,0,0,0,0,0,0,0.7751155,0.7064872,0.6559199,0.8200647,1,0.9797864,0.8296211,0.7908255,0.6974828,0.7150128,0.7073803,0,0,0,0,0,0,0,0,0,0,0,0,0,0,0,0,0.7429451,0.8018466,0.7546937,0.6326358,0.638975,0.6417179,0.6547888,0.6410074,0.6717093,0.9445085,1,0.8874647,0,0,0,0,0,0,0,0,0,0,0,0,0,0,0
0,0,0,0,0,0,0,0,0,0,0,0,0.6735149,0.6413492,0.688708,0.860704,1,0.9760731,0.7705471,0.7275929,0.7012181,0,0,0,0,0,0,0,0,0,0,0,0,0,0,0,0,0,0,0,0,0.6084366,0,0.6667206,0.7211425,0.7547442,0.7518542,0.6569568,0.9509743,1,0.8714889,0,0,0,0,0,0,0,0,0,0,0,0,0,0,0
0,0,0,0,0,0,0,0,0,0,0,0,0,0,0,0.8216027,1,0.9677485,0.6310474,0,0,0,0,0,0,0,0,0,0,0,0,0,0,0,0,0,0,0,0,0,0,0,0,0,0,0,0.6246938,0.6369141,0.9441544,1,0.8674587,0.590012,0,0,0,0,0,0,0,0,0,0,0,0,0,0
0,0,0,0,0,0,0,0,0,0,0,0,0,0,0,0.872635,1,0.9660777,0.7123607,0,0,0,0,0,0,0,0,0,0,0,0,0,0,0,0,0,0,0,0,0,0,0,0,0,0,0,0,0.5912785,0.934321,1,0.8966408,0.6372672,0.6369886,0,0,0,0,0,0,0,0,0,0,0,0,0
