GestureName: arrow
Duration(ms): 1410
Handedness: right

SpeakerAngles: 2
55
-55

InterpretedPoints: 30
0,0
0,0
0,0
0,0
0,0
-1.6134145682232,5.64862521463624
-4.84024370466959,6.77835025756348
-5.64695098878119,8.47293782195435
-8.87378012522759,-3.95403765024536
-2.4201218523348,-2.82431260731812
0,0
0.806707284111599,3.95403765024536
2.4201218523348,7.34321277902711
2.4201218523348,9.6026628648816
3.2268291364464,6.77835025756348
2.4201218523348,3.95403765024536
0.806707284111599,0.564862521463624
-1.6134145682232,-2.25945008585449
-2.4201218523348,-7.34321277902711
-2.4201218523348,-8.47293782195435
-0.806707284111599,-6.21348773609986
2.4201218523348,-3.95403765024536
3.2268291364464,-7.90807530049073
5.64695098878119,-6.21348773609986
2.4201218523348,-2.82431260731812
0,0
0,0
0,0
0,0
0,0

StrokePoints: 31
177.666666666667,130.277777777778
177.666666666667,130.277777777778
177.666666666667,130.277777777778
177.666666666667,130.277777777778
177.666666666667,130.277777777778
177.666666666667,130.277777777778
179.28008123489,124.629152563142
184.120324939559,117.850802305578
189.767275928341,109.377864483624
198.641056053568,113.331902133869
201.061177905903,116.156214741187
201.061177905903,116.156214741187
200.254470621791,112.202177090942
197.834348769457,104.858964311915
195.414226917122,95.2563014470331
192.187397780675,88.4779511894696
189.767275928341,84.5239135392243
188.960568644229,83.9590510177606
190.573983212452,86.2185011036151
192.994105064787,93.5617138826423
195.414226917122,102.034651704597
196.220934201233,108.248139440696
193.800812348899,112.202177090942
190.573983212452,120.110252391433
184.927032223671,126.323740127532
182.506910371336,129.148052734851
182.506910371336,129.148052734851
182.506910371336,129.148052734851
182.506910371336,129.148052734851
182.506910371336,129.148052734851
182.506910371336,129.148052734851

Velocities: 30
0,0
0,0
0,0
0,0
0,0
4,6
3,9
4,11
-9,2
-4,-1
0,0
4,3
8,5
10,7
8,4
5,2
1,0
-3,-1
-8,-5
-9,-6
-6,-5
-2,-5
-5,-9
-2,-9
-1,-4
0,0
0,0
0,0
0,0
0,0

InverseVelocities: 30
0,0
0,0
0,0
0,0
0,0
0,0
0,0
-6,0
0,-3
0,0
0,0
0,0
0,0
0,-1
0,-1
0,0
-3,0
0,0
0,0
0,1
0,0
3,0
5,0
5,0
1,0
0,0
0,0
0,0
0,0
0,0

RawData: 30
0,0,0,0,0,0,0,0,0,0,0,0,0,0,0,0.8446049,1,0.9806708,0.7600788,0,0,0,0,0,0,0,0,0,0,0,0,0,0,0,0,0,0,0,0,0,0,0,0,0,0,0,0,0,0.9375921,1,0.8871059,0,0,0,0,0,0,0,0,0,0,0,0,0,0,0
0,0,0,0,0,0,0,0,0,0,0,0,0,0,0,0.8584681,1,0.9786739,0.7556311,0,0,0,0,0,0,0,0,0,0,0,0,0,0,0,0,0,0,0,0,0,0,0,0,0,0,0,0,0,0.9447497,1,0.8926648,0,0,0,0,0,0,0,0,0,0,0,0,0,0,0
0,0,0,0,0,0,0,0,0,0,0,0,0,0,0,0.8399754,1,0.984104,0.7653329,0,0,0,0,0,0,0,0,0,0,0,0,0,0,0,0,0,0,0,0,0,0,0,0,0,0,0,0,0.6747703,0.9523869,1,0.8770218,0,0,0,0,0,0,0,0,0,0,0,0,0,0,0
0,0,0,0,0,0,0,0,0,0,0,0,0,0,0,0.8277342,1,0.9930676,0.7912785,0,0,0,0,0,0,0,0,0,0,0,0,0,0,0,0,0,0,0,0,0,0,0,0,0,0,0,0,0,0.9445834,1,0.8768844,0,0,0,0,0,0,0,0,0,0,0,0,0,0,0
0,0,0,0,0,0,0,0,0,0,0,0,0,0,0,0.7943189,0.9926633,1,0.859497,0.6944748,0,0,0,0,0,0,0,0,0,0,0,0,0,0,0,0,0,0,0,0,0,0,0,0,0,0,0,0,0.918365,1,0.9090268,0,0,0,0,0,0,0,0,0,0,0,0,0,0,0
0,0,0,0,0,0,0,0,0,0,0,0,0,0.6544826,0.6959493,0.8283504,1,0.9689186,0.8182768,0.8693394,0.8094718,0.6220942,0.7016981,0.6772146,0,0,0,0,0,0,0,0,0,0,0,0,0,0,0,0,0,0,0,0,0,0,0,0,0.9250838,1,0.8642322,0.6613118,0.6886829,0,0,0,0,0.7086547,0.6851565,0,0,0,0,0,0,0
0,0,0,0,0,0,0,0,0,0,0,0,0,0,0.7306663,0.8640528,1,0.9815519,0.7984408,0.7597062,0.8321364,0.827167,0.7273967,0,0,0,0,0,0,0,0,0,0,0,0,0,0,0,0,0,0,0,0,0,0,0,0,0,0.9304832,1,0.9069625,0.7448359,0,0,0.7939349,0.7964169,0.7565879,0.8086309,0.7707434,0,0.7170427,0.7143915,0,0,0,0
0,0,0,0,0,0,0,0.705134,0.7439095,0.7634615,0.7486973,0.6301505,0.7218986,0.6537862,0.7123665,0.851203,1,0.9804861,0.783884,0.7179338,0.699372,0.651664,0.6555616,0.6217684,0,0,0,0,0,0,0,0,0,0,0,0,0,0,0,0,0,0,0,0,0,0,0,0,0.9320204,1,0.9032462,0.6318623,0.6737553,0.7458863,0.7687021,0.7768031,0.6794913,0.6569961,0.7070562,0.7771904,0.7251607,0.6703941,0.6461219,0.623509,0,0
0,0,0,0,0.6978459,0.7530416,0.7827148,0.7980973,0.7976059,0.8266237,0.8106156,0.7593832,0.7857071,0.7997285,0.8114635,0.8662461,1,0.9901401,0.8157021,0.7340509,0,0,0,0,0,0,0,0,0,0,0,0,0,0,0,0,0,0,0,0,0,0,0,0.7136601,0.7702208,0.7417732,0.8522493,0.8699287,0.948005,1,0.8570634,0.8403308,0.8538221,0.8001063,0.7032405,0,0,0,0,0,0,0,0,0,0,0
0,0,0,0,0,0,0,0,0,0.7427786,0.7821938,0.838098,0.8689611,0.8486308,0.8123327,0.8764301,1,0.9811883,0.7111359,0,0,0,0,0,0,0,0,0,0,0,0,0,0,0,0,0,0,0,0,0,0,0,0,0,0,0.7403955,0.8755341,0.9294189,0.8512176,1,0.9055248,0,0.7224826,0,0,0,0,0,0,0,0,0,0,0,0,0
0,0,0,0,0,0,0,0,0,0,0,0,0,0,0.6410912,0.8300294,1,0.9885778,0.7708924,0,0,0,0,0,0,0,0,0,0,0,0,0,0,0,0,0,0,0,0,0,0,0,0,0,0,0,0.6669792,0.7344543,0.9366785,1,0.8842205,0,0,0,0,0,0,0,0,0,0,0,0,0,0,0
0,0,0,0,0,0,0,0,0,0,0,0,0,0,0.5558003,0.8096834,1,0.991521,0.8221878,0.6950109,0.6071869,0.6291577,0.6201361,0.5705218,0,0,0,0,0,0,0,0,0,0,0,0,0,0,0,0,0,0,0,0,0,0,0,0,0.9404929,1,0.8468766,0.8604246,0.8238925,0.7523492,0.6641682,0.6039118,0,0,0,0,0,0,0,0,0,0
0,0,0,0,0,0,0,0,0,0,0,0,0,0,0,0.8702732,1,0.9670678,0.6512334,0.787075,0.8254438,0.8354616,0.7372996,0.7596065,0.8122168,0.7570847,0.6322364,0.6497249,0,0,0,0,0,0,0,0,0,0,0,0,0,0,0,0,0,0,0,0.6538382,0.9465563,1,0.860021,0.8182585,0.8675464,0.8031271,0.8380617,0.8626518,0.8325683,0.7486803,0,0,0,0,0,0,0,0
0,0,0,0,0,0,0,0,0,0,0,0,0,0,0.6992437,0.8408576,1,0.9824811,0.710156,0.787468,0.7860225,0.8486357,0.7948348,0.8617826,0.8578148,0.816576,0.8121074,0.8381118,0.8203326,0.7130169,0,0,0,0,0,0,0,0,0,0,0,0,0,0,0,0.7282236,0.717031,0,0.9517551,1,0.8845288,0.7478009,0.7181951,0.7788652,0.7866415,0.8397524,0,0.8132505,0.7975476,0.7233253,0,0,0,0,0,0
0,0,0,0,0,0,0,0,0,0,0,0,0,0,0.7360499,0,0.973551,1,0.8821404,0,0.7994379,0.8466101,0.7770231,0.724303,0,0.6979095,0.7533221,0.7264141,0,0,0,0,0,0,0,0,0,0,0,0,0,0,0,0,0,0.7098101,0.7376127,0.7440744,0.9463703,1,0.8808597,0.7230325,0.8543271,0.8966405,0.8843282,0.8280575,0.7133163,0,0,0,0,0,0,0,0,0
0,0,0,0,0,0,0,0,0,0,0,0,0,0,0.5485319,0.8358572,1,0.9752158,0.8807403,0.8899627,0.8377261,0.8004314,0.7376327,0.6144572,0.5574328,0,0,0,0,0,0,0,0,0,0,0,0,0,0,0,0,0,0,0,0,0,0,0.7102633,0.9436023,1,0.9062919,0.5677354,0.7485508,0.6924258,0.6283395,0,0,0,0,0,0,0,0,0,0,0
0,0,0,0,0,0,0,0,0,0,0.5308893,0.5883542,0.6538298,0.7095397,0.7594688,0.783103,1,0.9799139,0.5778576,0.6077653,0.5330343,0,0,0,0,0,0,0,0,0,0,0,0,0,0,0,0,0,0,0,0,0,0,0,0,0,0.6115494,0.6574267,0.9355879,1,0.6497422,0.7242493,0.601033,0,0,0,0,0,0,0,0,0,0,0,0,0
0,0,0,0,0,0,0,0,0,0,0.8113362,0.851207,0.8313256,0.9049581,0.885215,0.8590298,1,0.9874966,0,0,0,0,0,0,0,0,0,0,0,0,0,0,0,0,0,0,0,0,0,0,0,0,0,0,0,0.807135,0.8767917,0.818018,0.9628553,1,0.9372072,0.8440556,0,0,0,0,0,0,0,0,0,0,0,0,0,0
0,0,0,0,0,0.7514442,0.8246521,0.8842711,0.8684669,0.7525893,0.8301389,0.8239313,0.7846408,0.8703623,0.7928878,0.8861246,1,0.9845685,0.7265801,0.7280446,0,0,0,0,0,0,0,0,0,0,0,0,0,0,0,0,0,0,0,0,0,0.7313798,0.7604464,0.7348397,0.8243034,0.9067441,0.8990458,0.9081634,0.9341782,1,0.9144967,0.7372041,0,0,0,0,0,0,0,0,0,0,0,0,0,0
0,0,0,0,0.6413328,0.6341776,0.6546543,0,0.820858,0.7984611,0.7946013,0.766888,0.8621178,0.8831549,0,0.8943647,1,0.9733667,0.7291461,0,0,0,0,0,0,0,0,0,0,0,0,0,0,0,0,0,0,0,0,0,0.651054,0.7994228,0.8335912,0.7811788,0.8324025,0.8502332,0.7542148,0,0.9250013,1,0.8981053,0.658953,0.6600693,0.6461286,0,0,0,0,0,0,0,0,0,0,0,0
0,0,0,0,0,0,0,0.6224157,0.7351431,0.7686708,0.705053,0.6119338,0.7528117,0.8235459,0.8237932,0.8144401,1,0.9792196,0.7411206,0,0,0,0,0,0,0,0,0,0,0,0,0,0,0,0,0,0,0,0,0,0,0.6664208,0.7613199,0.8045468,0.7532594,0.7358073,0,0.7207054,0.9597767,1,0.872886,0,0,0,0,0,0,0,0,0,0,0,0,0,0,0
0,0,0,0,0,0,0,0,0,0,0,0.7189282,0.768262,0.826311,0.837664,0.8801072,1,0.9779455,0.726271,0.7419024,0.696577,0.6815676,0.6430435,0,0,0,0,0,0,0,0,0,0,0,0,0,0,0,0,0,0,0.6113026,0,0.7828165,0.7608871,0.7589129,0.7529707,0.7799037,0.9176737,1,0.8819528,0.6969574,0.6213989,0,0,0,0,0,0,0,0,0,0,0,0,0
0,0,0,0,0,0,0,0,0.5810205,0.5588957,0,0.6854113,0.7918969,0,0.8138447,0.8829652,1,0.9829834,0.8132111,0,0.709185,0.6750855,0.6295717,0.6466726,0.6092685,0,0,0,0,0,0,0,0,0,0,0,0,0.6553003,0.7157039,0.7800045,0.7986637,0.7479936,0.7133238,0.7507972,0.746588,0,0.6915885,0.7283642,0.9490458,1,0.8743018,0.6221195,0.5701572,0,0,0,0,0,0,0,0,0,0,0,0,0
0,0,0,0,0,0,0,0,0,0,0,0.616818,0.7882505,0.8376859,0.8050047,0.8738573,1,0.9753624,0.7989033,0.7289436,0.6930053,0.6753572,0,0.6317737,0.6165183,0,0,0,0,0,0,0,0,0,0,0,0,0.6484929,0.7248788,0.7820922,0.7717059,0.7537713,0.7583403,0.71439,0.6536704,0,0.6991835,0.6880254,0.948599,1,0.8821918,0.6466575,0,0,0,0,0,0,0,0,0,0,0,0,0,0
0,0,0,0,0,0,0,0,0,0,0,0,0.5844007,0.7117929,0.7677245,0.8825424,1,0.9734412,0.7230701,0,0.5561834,0,0,0,0,0,0,0,0,0,0,0,0,0,0,0,0,0,0,0,0,0,0.6476217,0.7213815,0.7618601,0.8169311,0.8551128,0.8681752,0.8894932,1,0.8907024,0,0,0,0,0,0,0,0,0,0,0,0,0,0,0
0,0,0,0,0,0,0,0,0,0,0,0,0,0,0.6721538,0.7180918,0.9906882,1,0.8017598,0,0,0,0,0,0,0,0,0,0,0,0,0,0,0,0,0,0,0,0,0,0,0,0,0,0,0,0.6475559,0.6697066,0.9283721,1,0.9037485,0.64684,0,0,0,0,0,0,0,0,0,0,0,0,0,0
0,0,0,0,0,0,0,0,0,0,0,0,0,0,0,0.7772587,0.9948191,1,0.8158168,0,0,0,0,0,0,0,0,0,0,0,0,0,0,0,0,0,0,0,0,0,0,0,0,0,0,0,0,0.6546188,0.9436284,1,0.9038046,0.6617968,0,0,0,0,0,0,0,0,0,0,0,0,0,0
0,0,0,0,0,0,0,0,0,0,0,0,0,0,0,0.8467078,1,0.975498,0.744277,0,0,0,0,0,0,0,0,0,0,0,0,0,0,0,0,0,0,0,0,0,0,0,0,0,0,0,0,0.6871564,0.960259,1,0.8650637,0,0,0,0,0,0,0,0,0,0,0,0,0,0,0
0,0,0,0,0,0,0,0,0,0,0,0,0,0,0,0.8193193,1,0.9679773,0.6747728,0,0,0,0,0,0,0,0,0,0,0,0,0,0,0,0,0,0,0,0,0,0,0,0,0,0,0,0,0.6133621,0.9457072,1,0.8685492,0,0,0,0,0,0,0,0,0,0,0,0,0,0,0
0,0,0,0,0,0,0,0,0,0,0,0,0,0,0,0.8337501,1,0.9789203,0.7541199,0,0,0,0,0,0,0,0,0,0,0,0,0,0,0,0,0,0,0,0,0,0,0,0,0,0,0,0,0,0.9443741,1,0.8759948,0,0,0,0,0,0,0,0,0,0,0,0,0,0,0
