GestureName: check
Duration(ms): 1410
Handedness: right

SpeakerAngles: 2
55
-55

InterpretedPoints: 30
0,0
0,0
0,0
0,0
0,0
0,0
0,0
0,0
0,0
0,0
0,0
0,0
0,0
-0.806707284111599,-0.564862521463624
-2.4201218523348,-1.69458756439087
-2.4201218523348,-5.08376269317261
-1.6134145682232,-6.77835025756348
-1.6134145682232,-3.38917512878174
0,-1.12972504292725
0,0
0,1.12972504292725
0,2.25945008585449
-2.4201218523348,7.34321277902711
-4.03353642055799,7.34321277902711
0,4.51890017170899
-0.806707284111599,-0.564862521463624
0,0
0,0
0,0
0,0

StrokePoints: 31
177.666666666667,130.277777777778
177.666666666667,130.277777777778
177.666666666667,130.277777777778
177.666666666667,130.277777777778
177.666666666667,130.277777777778
177.666666666667,130.277777777778
177.666666666667,130.277777777778
177.666666666667,130.277777777778
177.666666666667,130.277777777778
177.666666666667,130.277777777778
177.666666666667,130.277777777778
177.666666666667,130.277777777778
177.666666666667,130.277777777778
177.666666666667,130.277777777778
178.473373950778,130.842640299241
180.893495803113,132.537227863632
183.313617655448,137.620990556805
184.927032223671,144.399340814368
186.540446791894,147.78851594315
186.540446791894,148.918240986077
186.540446791894,148.918240986077
186.540446791894,147.78851594315
186.540446791894,145.529065857296
188.960568644229,138.185853078269
192.994105064787,130.842640299241
192.994105064787,126.323740127532
193.800812348899,126.888602648996
193.800812348899,126.888602648996
193.800812348899,126.888602648996
193.800812348899,126.888602648996
193.800812348899,126.888602648996

Velocities: 30
0,0
0,0
0,0
0,0
0,0
0,0
0,0
0,0
0,0
0,0
0,0
0,0
0,0
-1,0
-3,0
-6,-3
-7,-5
-4,-2
-1,-1
0,0
1,1
2,2
5,8
4,9
4,4
-1,0
0,0
0,0
0,0
0,0

InverseVelocities: 30
0,0
0,0
0,0
0,0
0,0
0,0
0,0
0,0
0,0
0,0
0,0
0,0
0,0
0,0
0,0
1,1
0,1
0,1
0,0
0,0
0,0
0,0
0,0
-2,-1
-1,-1
0,0
0,0
0,0
0,0
0,0

RawData: 30
0,0,0,0,0,0,0,0,0,0,0,0,0,0,0,0.8191304,1,0.987082,0.7564294,0,0,0,0,0,0,0,0,0,0,0,0,0,0,0,0,0,0,0,0,0,0,0,0,0,0,0,0,0.5992664,0.9431185,1,0.8792424,0,0,0,0,0,0,0,0,0,0,0,0,0,0,0
0,0,0,0,0,0,0,0,0,0,0,0,0,0,0,0.8315775,1,0.991161,0.7909207,0,0,0,0,0,0,0,0,0,0,0,0,0,0,0,0,0,0,0,0,0,0,0,0,0,0,0,0,0.632266,0.9480703,1,0.8900005,0,0,0,0,0,0,0,0,0,0,0,0,0,0,0
0,0,0,0,0,0,0,0,0,0,0,0,0,0,0,0.823924,1,0.9897652,0.7787232,0,0,0,0,0,0,0,0,0,0,0,0,0,0,0,0,0,0,0,0,0,0,0,0,0,0,0,0,0.621096,0.9441539,1,0.8844253,0,0,0,0,0,0,0,0,0,0,0,0,0,0,0
0,0,0,0,0,0,0,0,0,0,0,0,0,0,0,0.8216839,1,0.9858286,0.7582812,0,0,0,0,0,0,0,0,0,0,0,0,0,0,0,0,0,0,0,0,0,0,0,0,0,0,0,0,0.5523409,0.9387901,1,0.8821549,0,0,0,0,0,0,0,0,0,0,0,0,0,0,0
0,0,0,0,0,0,0,0,0,0,0,0,0,0,0,0.8430318,1,0.984087,0.7725595,0,0,0,0,0,0,0,0,0,0,0,0,0,0,0,0,0,0,0,0,0,0,0,0,0,0,0,0,0.6399313,0.9464273,1,0.8916528,0,0,0,0,0,0,0,0,0,0,0,0,0,0,0
0,0,0,0,0,0,0,0,0,0,0,0,0,0,0,0.8451951,1,0.9820527,0.7554845,0,0,0,0,0,0,0,0,0,0,0,0,0,0,0,0,0,0,0,0,0,0,0,0,0,0,0,0,0,0.9418598,1,0.8929999,0,0,0,0,0,0,0,0,0,0,0,0,0,0,0
0,0,0,0,0,0,0,0,0,0,0,0,0,0,0,0.8314621,1,0.9865977,0.7695886,0,0,0,0,0,0,0,0,0,0,0,0,0,0,0,0,0,0,0,0,0,0,0,0,0,0,0,0,0,0.9413608,1,0.8889973,0,0,0,0,0,0,0,0,0,0,0,0,0,0,0
0,0,0,0,0,0,0,0,0,0,0,0,0,0,0,0.8346096,1,0.9904703,0.7929491,0,0,0,0,0,0,0,0,0,0,0,0,0,0,0,0,0,0,0,0,0,0,0,0,0,0,0,0,0.6319673,0.9439589,1,0.8950815,0,0,0,0,0,0,0,0,0,0,0,0,0,0,0
0,0,0,0,0,0,0,0,0,0,0,0,0,0,0,0.8270088,1,0.9912688,0.7877016,0,0,0,0,0,0,0,0,0,0,0,0,0,0,0,0,0,0,0,0,0,0,0,0,0,0,0,0,0.6092107,0.9436405,1,0.8931814,0,0,0,0,0,0,0,0,0,0,0,0,0,0,0
0,0,0,0,0,0,0,0,0,0,0,0,0,0,0,0.8251095,1,0.9923752,0.7910219,0,0,0,0,0,0,0,0,0,0,0,0,0,0,0,0,0,0,0,0,0,0,0,0,0,0,0,0,0.5899736,0.9440948,1,0.8909364,0,0,0,0,0,0,0,0,0,0,0,0,0,0,0
0,0,0,0,0,0,0,0,0,0,0,0,0,0,0,0.8189257,1,0.9939533,0.7961423,0,0,0,0,0,0,0,0,0,0,0,0,0,0,0,0,0,0,0,0,0,0,0,0,0,0,0,0,0.633461,0.9456577,1,0.8847908,0,0,0,0,0,0,0,0,0,0,0,0,0,0,0
0,0,0,0,0,0,0,0,0,0,0,0,0,0,0,0.8541654,1,0.9907541,0.8176701,0,0,0,0,0,0,0,0,0,0,0,0,0,0,0,0,0,0,0,0,0,0,0,0,0,0,0,0,0,0.9529201,1,0.9070959,0,0,0,0,0,0,0,0,0,0,0,0,0,0,0
0,0,0,0,0,0,0,0,0,0,0,0,0,0,0,0.7753149,1,0.9775305,0.6517972,0,0,0,0,0,0,0,0,0,0,0,0,0,0,0,0,0,0,0,0,0,0,0,0,0,0,0,0,0,0.9379649,1,0.8873747,0,0,0,0,0,0,0,0,0,0,0,0,0,0,0
0,0,0,0,0,0,0,0,0,0,0,0,0.6264729,0.7467517,0.8296036,0.922492,1,0.960366,0.7459572,0.5343755,0,0,0,0,0,0,0,0,0,0,0,0,0,0,0,0,0,0,0,0,0,0,0,0,0,0,0,0.5661762,0.9325773,1,0.9010012,0.6595386,0,0,0,0,0,0,0,0,0,0,0,0,0,0
0,0,0,0,0,0,0,0,0,0,0.822367,0.8734398,0.8885447,0.8501566,0.8246092,0.8662995,1,0.9903415,0.7473263,0,0,0,0,0,0,0,0,0,0,0,0,0,0,0,0,0,0,0,0,0,0,0,0,0,0,0,0.72438,0.815771,0.9383146,1,0.903682,0.7620487,0.7000339,0,0,0,0,0,0,0,0,0,0,0,0,0
0,0,0,0,0,0,0,0.7235959,0.7803547,0.8528119,0.8912404,0.8329012,0.7790185,0.7876783,0.7184221,0.8708022,1,0.9811208,0.7551381,0.7241278,0.6014569,0,0,0,0,0,0,0,0,0,0,0,0,0,0,0,0,0,0,0,0,0,0,0.6526797,0.6938317,0.667127,0.770194,0.8216583,0.9499457,1,0.8751659,0.6850392,0.6853449,0.6646136,0,0,0,0,0,0,0,0,0,0,0,0
0,0,0,0,0,0,0.656998,0.7987609,0.8446182,0.7551522,0.8222276,0.7066061,0,0,0.784788,0.8619589,1,0.9876091,0.7631401,0.6962032,0,0,0,0,0,0,0,0,0,0,0,0,0,0,0,0,0,0,0,0,0,0.6304274,0.7017882,0.715148,0.7721198,0.6465969,0.7823901,0.7649884,0.9413368,1,0.9076173,0.7244775,0.6469509,0.6340777,0,0,0,0,0,0,0,0,0,0,0,0
0,0,0,0,0,0,0,0,0,0.7483402,0.7705224,0.6608906,0.7869435,0.7687397,0.820425,0,0.9860424,1,0.8237737,0,0,0,0,0,0,0,0,0,0,0,0,0,0,0,0,0,0,0,0,0,0,0,0,0,0.7008556,0.743529,0,0.7969319,0.9224625,1,0.8926818,0.7005592,0.7002775,0.6414787,0,0,0,0,0,0,0,0,0,0,0,0
0,0,0,0,0,0,0,0,0,0,0,0,0.7111479,0.7961187,0.8315431,0.9274534,1,0.9657089,0.6771482,0,0,0,0,0,0,0,0,0,0,0,0,0,0,0,0,0,0,0,0,0,0,0,0,0,0,0.6916845,0.7330244,0.8168226,0.9640617,1,0.8886293,0,0,0,0,0,0,0,0,0,0,0,0,0,0,0
0,0,0,0,0,0,0,0,0,0,0,0,0,0,0.8110333,0.918793,1,0.9732752,0.7697486,0,0,0,0,0,0,0,0,0,0,0,0,0,0,0,0,0,0,0,0,0,0,0,0,0,0,0,0,0.7380943,0.9468348,1,0.8710037,0.7000496,0,0,0,0,0,0,0,0,0,0,0,0,0,0
0,0,0,0,0,0,0,0,0,0,0,0,0,0,0.7250758,0.8309189,1,0.9637598,0.7729136,0.7300482,0.6498912,0,0,0,0,0,0,0,0,0,0,0,0,0,0,0,0,0,0,0,0,0,0,0,0,0,0,0.6802943,0.9248559,1,0.9065529,0.7326666,0.7742904,0.6715174,0,0,0,0,0,0,0,0,0,0,0,0
0,0,0,0,0,0,0,0,0,0,0,0,0,0,0,0.8254234,1,0.9944826,0.8758614,0.8555402,0.8254237,0.7934346,0,0,0,0,0,0,0,0,0,0,0,0,0,0,0,0,0,0,0,0,0,0,0,0,0,0.700593,0.9458413,1,0.9058542,0.8008954,0.8136793,0.7902677,0.7372073,0,0,0,0,0,0,0,0,0,0,0
0,0,0,0,0,0,0,0,0,0,0,0,0,0.649026,0.69678,0.8579972,1,0.9970547,0.8685709,0.8323292,0.8492705,0.8320521,0.688706,0.6853801,0.6609325,0,0,0,0,0,0,0,0,0,0,0,0,0,0,0,0,0,0,0,0,0,0.6578696,0.698985,0.9379528,1,0.8682,0.7640139,0.6912572,0.7329722,0.7789114,0.8088588,0.7705483,0.7055607,0.6627371,0.7199808,0.6590624,0,0,0,0,0
0,0,0,0,0,0,0,0,0,0,0,0.7091528,0.7266247,0.6733456,0.7397971,0.7417998,0.9988866,1,0.859419,0.8402925,0.8794432,0.9008108,0.770016,0.641626,0,0,0,0,0,0,0,0,0,0,0,0,0,0,0,0,0,0,0,0,0,0.6787505,0.6563078,0,0.9438606,1,0.8804545,0.6838567,0.739468,0.791832,0.7249675,0.7461095,0.7534469,0.7096464,0.6244463,0.6627921,0.6833239,0.5913911,0,0,0,0
0,0,0,0,0,0,0,0,0,0,0,0,0.7580349,0.7857801,0.7505875,0.8671986,1,0.9748507,0.7895463,0.7853022,0.8079004,0.7701058,0.6803487,0.5472422,0,0,0,0,0,0,0,0,0,0,0,0,0,0,0,0,0,0,0,0,0,0.569371,0.6085129,0.7369326,0.9548957,1,0.8702685,0.7783473,0.7916151,0.7944089,0.7540519,0.6800224,0.6546124,0,0,0,0,0,0,0,0,0
0,0,0,0,0,0,0,0,0,0,0,0,0.6751023,0.7829631,0.8427548,0.8865638,1,0.9839205,0.7265557,0.7016334,0,0,0,0,0,0,0,0,0,0,0,0,0,0,0,0,0,0,0,0,0,0,0,0,0,0,0.6651993,0.7646878,0.9381696,1,0.9086441,0.7880476,0.6871665,0,0,0,0,0,0,0,0,0,0,0,0,0
0,0,0,0,0,0,0,0,0,0,0,0,0,0,0,0.7803034,0.9981627,1,0.8003975,0,0,0,0,0,0,0,0,0,0,0,0,0,0,0,0,0,0,0,0,0,0,0,0,0,0,0,0.5690874,0.626668,0.9289734,1,0.883927,0.6785256,0,0,0,0,0,0,0,0,0,0,0,0,0,0
0,0,0,0,0,0,0,0,0,0,0,0,0,0,0,0.8298253,1,0.9815995,0.7476999,0,0,0,0,0,0,0,0,0,0,0,0,0,0,0,0,0,0,0,0,0,0,0,0,0,0,0,0,0.6297402,0.9382234,1,0.8901558,0.5902458,0,0,0,0,0,0,0,0,0,0,0,0,0,0
0,0,0,0,0,0,0,0,0,0,0,0,0,0,0,0.8558745,1,0.9825497,0.776511,0,0,0,0,0,0,0,0,0,0,0,0,0,0,0,0,0,0,0,0,0,0,0,0,0,0,0,0,0.7262814,0.9586051,1,0.8852119,0,0,0,0,0,0,0,0,0,0,0,0,0,0,0
0,0,0,0,0,0,0,0,0,0,0,0,0,0,0,0.8337898,1,0.9825624,0.749712,0,0,0,0,0,0,0,0,0,0,0,0,0,0,0,0,0,0,0,0,0,0,0,0,0,0,0,0,0,0.9321032,1,0.8961501,0,0,0,0,0,0,0,0,0,0,0,0,0,0,0
