GestureName: double_arch
Duration(ms): 893
Handedness: right

SpeakerAngles: 2
55
-55

InterpretedPoints: 19
8.06707284111599,-2.25945008585449
5.64695098878119,-2.82431260731812
4.03353642055799,-1.69458756439087
7.26036555700439,1.69458756439087
8.87378012522759,2.82431260731812
7.26036555700439,3.95403765024537
2.4201218523348,1.69458756439087
-0.806707284111599,-3.95403765024536
-0.806707284111599,-5.08376269317261
-0.806707284111599,-11.8621129507361
0.806707284111599,-9.6026628648816
-0.806707284111599,-5.08376269317261
-0.806707284111599,-6.21348773609986
-2.4201218523348,-0.564862521463624
-3.2268291364464,1.12972504292725
-4.03353642055799,1.69458756439087
-7.26036555700439,1.69458756439087
-3.2268291364464,9.03780034341798
-1.6134145682232,9.03780034341798

StrokePoints: 20
177.666666666667,130.277777777778
169.599593825551,132.537227863632
163.95264283677,135.36154047095
159.919106416212,137.056128035341
152.658740859207,135.36154047095
143.78496073398,132.537227863632
136.524595176975,128.583190213387
134.10447332464,126.888602648996
134.911180608752,130.842640299241
135.717887892864,135.926402992414
136.524595176975,147.78851594315
135.717887892864,157.391178808032
136.524595176975,162.474941501204
137.331302461087,168.688429237304
139.751424313422,169.253291758768
142.978253449868,168.123566715841
147.011789870426,166.42897915145
154.27215542743,164.734391587059
157.498984563877,155.696591243641
159.1123991321,146.658790900223

Velocities: 19
3,-7
1,-6
1,-4
6,-3
8,-3
8,-1
3,0
-4,-3
-5,-4
-11,-10
-8,-9
-5,-4
-6,-5
-2,1
-1,3
-1,4
-3,6
6,10
7,9

InverseVelocities: 19
-2,0
-1,0
0,0
-5,0
-4,7
-3,1
0,0
0,0
4,2
9,4
7,1
1,0
0,0
0,0
1,0
4,0
6,0
0,0
-1,-2

RawData: 19
0,0,0,0,0,0,0,0,0,0,0,0.7162988,0.7649333,0.7670991,0.7526978,0.7969064,1,0.9936863,0.8255564,0.8761036,0.8315279,0.757902,0.6883773,0,0,0,0,0,0,0,0,0,0,0,0,0,0,0,0,0.6160394,0,0,0.62704,0.7229062,0.7045597,0.7287833,0.7498722,0.7127528,0.9387493,1,0.8788967,0.7080975,0.6372687,0,0,0,0,0,0,0,0,0,0,0,0,0
0,0,0,0,0,0,0,0,0,0,0,0,0.6604376,0.7298048,0.6489471,0.8740929,1,0.9698293,0.7198858,0.7617517,0.6950105,0,0,0,0,0,0,0,0,0,0,0,0,0,0,0,0,0,0,0,0.6770595,0.754972,0.7912629,0.7643725,0.6924233,0.6895598,0.7231762,0.62502,0.9348422,1,0.8903061,0.643312,0,0,0,0,0,0,0,0,0,0,0,0,0,0
0,0,0,0,0,0,0,0,0,0,0,0,0,0.8612094,0.8999038,0.8906816,1,0.9863384,0,0.8113095,0.8053778,0,0,0,0,0,0,0,0,0,0,0,0,0,0,0,0,0,0,0,0,0,0.7747499,0,0,0,0,0,0.9495161,1,0.9253521,0,0,0,0,0,0,0,0,0,0,0,0,0,0,0
0,0,0,0,0,0,0,0,0.7245172,0.8341771,0.8894703,0.8832279,0.8134809,0.6811334,0.8388756,0.9079975,1,0.9785227,0.8721684,0.8067585,0.7349693,0.7594607,0,0.6965408,0.721176,0.7079448,0,0,0,0,0,0,0,0,0,0,0,0,0,0,0,0,0,0.7087485,0.6725712,0,0.7077893,0.7781034,0.95231,1,0.8880938,0,0,0,0,0,0,0,0,0,0,0,0,0,0,0
0,0,0,0,0,0,0,0,0,0.7961189,0,0.8995231,0.9041896,0.8435565,0.8640576,0.8312225,0.9908955,1,0.8123547,0.8252313,0.8095664,0.827053,0.765022,0.7118639,0,0,0.6918067,0.6821867,0,0,0,0,0,0,0,0,0,0,0,0,0,0,0,0.6998156,0.7705705,0.7755464,0.6925787,0.6842846,0.9396396,1,0.8881052,0,0,0,0.6819058,0.676402,0,0,0.691861,0.7088146,0,0,0,0,0,0
0,0,0,0,0,0,0,0,0,0,0.6980828,0.7421938,0.7286633,0.7534768,0.8255972,0.9236014,1,0.9649338,0.8118622,0.719737,0.8370798,0.8258188,0.714478,0.6760334,0.7137721,0.6582823,0,0.6548035,0,0,0,0,0,0,0,0,0,0,0,0,0,0,0,0,0,0.6676587,0.7113983,0.6893895,0.9505298,1,0.8894163,0,0.7344952,0.7267455,0,0,0,0,0,0,0,0,0,0,0,0
0,0,0,0,0,0,0,0,0,0,0,0,0,0,0.6790663,0.8553578,1,0.9788098,0.8537358,0.8127849,0.7575964,0.7374258,0.6792861,0,0,0,0,0,0,0,0,0,0,0,0,0,0,0,0,0,0,0,0,0,0,0,0,0.7480438,0.9126601,1,0.9181054,0.7076529,0,0,0,0,0,0,0,0,0,0,0,0,0,0
0,0,0,0,0,0,0,0,0,0.5650925,0.5559425,0,0.6553835,0.7201918,0.7994547,0.8779063,1,0.9796369,0.8265827,0.5686998,0,0,0,0,0,0,0,0,0,0,0,0,0,0,0,0,0,0,0,0,0,0,0,0.5584694,0.6114663,0.6071352,0.6530849,0.6832405,0.9391171,1,0.877919,0.6751793,0.5763888,0,0,0,0,0,0,0,0,0,0,0,0,0
0,0,0,0,0,0,0,0,0.7660361,0.7470627,0.834646,0.7783013,0.7548755,0.8528977,0.8470997,0.904268,0.9809414,1,0.9451117,0.9530932,0.9125051,0.8572617,0.7862906,0.7478856,0,0,0,0,0,0,0,0,0,0,0,0,0,0,0,0,0,0,0.6754525,0.6905916,0.7534326,0.7349513,0.716471,0.6920636,0.9565161,1,0.8776926,0.7814749,0.8129162,0.7934697,0.7233955,0,0,0,0,0,0,0,0,0,0,0
0,0,0.6022348,0.5905558,0,0,0.6648496,0.7600899,0.7684301,0.6933191,0.7511789,0.7636983,0.8315706,0.833422,0.7884079,0.8386971,1,0.9964478,0.7634776,0.8382468,0.8380043,0.7338485,0.7242081,0.7333421,0.7669098,0.6918053,0.6328331,0.575804,0.5695483,0,0,0,0,0.5723976,0,0,0.572747,0.6469863,0.629551,0.5960787,0.6235493,0.6192685,0.6155794,0.6584911,0.6897063,0.7193959,0.6025251,0.6629781,0.935084,1,0.8764091,0.752611,0.6522079,0.7150821,0.7266077,0.6315936,0.5354444,0,0,0,0,0,0,0,0,0
0,0,0,0,0,0.6567499,0.6764521,0.6605079,0.7612751,0.7820974,0.7774367,0.7545583,0,0.796685,0.7968867,0.8474736,1,0.97772,0.7356741,0.8856171,0.8462889,0.711808,0.7405357,0.683324,0.6934625,0.6803272,0.6637778,0,0,0,0,0,0,0.6714823,0,0,0,0.7103128,0,0,0,0.7097166,0.7671708,0.7942082,0.7626748,0,0.6940308,0.7319548,0.9437319,1,0.8786729,0.7196853,0.6975139,0.6596921,0,0,0,0,0,0,0,0,0,0,0,0
0,0,0,0,0,0,0,0,0.7793456,0.8358392,0.8010185,0.77156,0.8280616,0.8091589,0.8006424,0.8681981,1,0.9686341,0.8529329,0.8370904,0.7546431,0,0,0,0,0,0,0,0,0,0,0,0,0,0,0,0,0,0,0,0,0,0.7184039,0.7791556,0.7543806,0,0,0.7763587,0.9548831,1,0.9044508,0,0,0,0,0,0,0,0,0,0,0,0,0,0,0
0,0,0,0,0,0,0,0.6194087,0.6989606,0.7549264,0.6519095,0.8238713,0.8010566,0.641696,0.6758929,0.8300303,1,0.9880644,0.7934412,0,0,0,0,0,0,0,0,0,0,0,0,0,0,0,0,0,0,0,0,0,0,0.5950274,0.6055208,0,0,0.6962446,0.7827135,0.777853,0.9349312,1,0.9044784,0.6241207,0.6350071,0,0,0,0,0,0,0,0,0,0,0,0,0
0,0,0,0,0,0,0,0,0,0,0,0.7620605,0.8199241,0.8345922,0.8967059,0.9415751,1,0.9552249,0,0,0,0,0,0,0,0,0,0,0,0,0,0,0,0,0,0,0,0,0,0,0,0,0,0,0,0,0.7731357,0,0.9432596,1,0.9076239,0.8206117,0.7453799,0.7675282,0,0,0,0,0,0,0,0,0,0,0,0
0,0,0,0,0,0,0,0,0,0,0,0,0.8018101,0.8575982,0.8317341,0.8446687,0.9821072,1,0.903083,0.7694458,0.7590429,0,0,0,0,0,0,0,0,0,0,0,0,0,0,0,0,0,0,0,0,0,0,0,0,0,0,0.7117121,0.9571034,1,0.8525441,0.8156411,0.6972696,0.7240618,0.7378891,0.7556134,0,0,0,0,0,0,0,0,0,0
0,0,0,0,0,0,0,0,0,0,0,0,0.7477466,0.8330447,0.8319602,0.8850123,1,0.996367,0.9472095,0.9685634,0.7656378,0.8382118,0.8381575,0.7410626,0,0,0,0,0,0,0,0,0,0,0,0,0,0,0,0,0,0,0,0,0,0,0.6188988,0.716732,0.9415131,1,0.8890458,0.7224064,0.7722319,0.7110385,0.7263175,0.6690111,0.5857252,0,0,0,0,0,0,0,0,0
0,0,0,0,0,0,0,0,0,0,0.6880945,0.7061375,0.8196546,0.8586761,0.8301401,0.8903298,1,0.9777659,0.8145883,0.8652754,0.8213888,0.6706037,0.6825349,0.7612894,0.7110777,0.6967643,0,0,0,0,0,0,0,0,0,0,0,0,0,0,0,0,0,0,0,0,0,0.7264804,0.9472204,1,0.8881199,0.6678978,0.758821,0.6743215,0.5999669,0.6763475,0.7479885,0.7566458,0.6700177,0,0,0,0,0,0,0
0,0,0,0,0,0,0,0,0,0,0,0,0,0.8053298,0.8970144,0.8454823,0.9686765,1,0.8186393,0.7656831,0.7226817,0.7584637,0.8608915,0.8299062,0.80364,0.7573364,0,0,0,0,0,0,0,0,0,0,0,0,0,0,0,0,0,0,0,0,0,0,0.95969,1,0.8533723,0.7041345,0.7372577,0.741999,0.7129091,0.7049477,0.7194326,0.7101291,0.672978,0,0,0.6424339,0.6648078,0,0,0
0,0,0,0,0,0,0,0,0,0,0,0,0.6997117,0.81753,0.8377737,0.7930508,0.968139,1,0.9221179,0.8919507,0.8508908,0.7579064,0.8464243,0.7801039,0,0.6518114,0.6591912,0,0,0,0,0,0,0,0,0,0,0,0,0,0,0,0,0,0.6330782,0.689135,0.6702076,0.6947979,0.9411196,1,0.8763492,0.7618905,0.6283244,0.5986067,0.6385329,0.6071364,0.5998217,0.6726096,0.6401615,0.5647914,0.6324308,0.6113751,0,0,0,0
