GestureName: triangle
Duration(ms): 1410
Handedness: right

SpeakerAngles: 2
55
-55

InterpretedPoints: 30
0,0
0,0
1.6134145682232,-3.38917512878174
2.4201218523348,-8.47293782195435
0.806707284111599,-11.8621129507361
1.6134145682232,-12.4269754721997
0,-9.03780034341798
1.6134145682232,-2.25945008585449
0,0
0,0
0,0
-0.806707284111599,0.564862521463624
-2.4201218523348,0.564862521463624
-4.84024370466959,0
-5.64695098878119,-1.69458756439087
-3.2268291364464,-2.25945008585449
0,0
0,0
0,0
0,0
0,0
1.6134145682232,2.25945008585449
0,4.51890017170899
0.806707284111599,8.47293782195435
0.806707284111599,9.6026628648816
2.4201218523348,7.34321277902711
2.4201218523348,3.95403765024536
2.4201218523348,1.69458756439087
0,0
0,0

StrokePoints: 31
177.666666666667,130.277777777778
177.666666666667,130.277777777778
177.666666666667,130.277777777778
176.053252098443,133.66695290656
173.633130246109,142.139890728514
172.826422961997,154.00200367925
171.213008393774,166.42897915145
171.213008393774,175.466779494868
169.599593825551,177.726229580722
169.599593825551,177.726229580722
169.599593825551,177.726229580722
169.599593825551,177.726229580722
170.406301109662,177.161367059259
172.826422961997,176.596504537795
177.666666666667,176.596504537795
183.313617655448,178.291092102186
186.540446791894,180.55054218804
186.540446791894,180.55054218804
186.540446791894,180.55054218804
186.540446791894,180.55054218804
186.540446791894,180.55054218804
186.540446791894,180.55054218804
184.927032223671,178.291092102186
184.927032223671,173.772191930477
184.120324939559,165.299254108522
183.313617655448,155.696591243641
180.893495803113,148.353378464614
178.473373950778,144.399340814368
176.053252098443,142.704753249978
176.053252098443,142.704753249978
176.053252098443,142.704753249978

Velocities: 30
0,0
0,0
-2,-4
-6,-9
-10,-11
-10,-12
-8,-8
-1,-3
0,0
0,0
0,0
0,1
-1,2
-3,3
-5,2
-4,0
0,0
0,0
0,0
0,0
0,0
3,1
4,4
8,7
9,8
8,5
5,2
3,0
0,0
0,0

InverseVelocities: 30
0,0
0,0
0,0
0,0
0,0
0,0
0,0
0,0
0,0
0,0
0,0
0,0
0,0
0,-1
0,0
0,0
0,0
0,0
0,0
0,0
0,0
0,0
0,0
0,0
0,0
0,0
0,0
0,0
0,0
0,0

RawData: 30
0,0,0,0,0,0,0,0,0,0,0,0,0,0,0,0.7595645,0.9749555,1,0.8559132,0,0,0,0,0,0,0,0,0,0,0,0,0,0,0,0,0,0,0,0,0,0,0,0,0,0,0,0,0.7057768,0.9408715,1,0.9154286,0.6361262,0,0,0,0,0,0,0,0,0,0,0,0,0,0
0,0,0,0,0,0,0,0,0,0,0,0,0,0,0,0.9030285,0.9936732,1,0,0,0,0,0,0,0,0,0,0,0,0,0,0,0,0,0,0,0,0,0,0,0,0,0,0,0,0,0,0.9014178,0.9380161,1,0.9210341,0,0,0,0,0,0,0,0,0,0,0,0,0,0,0
0,0,0,0,0,0,0,0,0,0,0,0.6456622,0.6318747,0.6809749,0.8585872,0.9448889,1,0.9589806,0.7481882,0,0,0,0,0,0,0,0,0,0,0,0,0,0,0,0,0,0,0,0,0,0,0,0.6564854,0.7103531,0.7541134,0.8347058,0.8927312,0.8916999,0.9231688,1,0.888755,0,0,0,0,0,0,0,0,0,0,0,0,0,0,0
0,0,0,0,0,0,0,0.7267316,0.7697448,0.7886295,0.820215,0.8440334,0.8411838,0.8611625,0.8585902,0.8744181,1,0.9890642,0.767765,0.6938667,0,0,0,0,0,0,0,0,0,0,0,0,0,0,0,0,0,0.6892499,0.773695,0.7830817,0.7999318,0.8016371,0.7763848,0,0,0.7489091,0.7008097,0,0.9450584,1,0.9063463,0,0,0,0,0,0,0,0,0,0,0,0,0,0,0
0,0,0,0.7040433,0.7268192,0.729476,0.7641631,0.8541978,0.8573871,0,0.8046676,0.7661478,0,0.7509697,0.7892088,0.8208667,1,0.9855868,0.7611179,0.7136463,0,0,0,0,0,0,0,0,0,0,0,0,0,0,0,0.7202641,0.7628347,0.7659741,0.8200249,0.8914584,0.8507106,0.7547436,0.7298439,0,0,0.7204209,0.7117661,0,0.9547798,1,0.8749374,0.7122544,0,0,0,0,0,0,0,0,0,0,0,0,0,0
0,0,0,0.7044874,0.7742048,0.7650937,0.7991927,0.7311094,0.7087055,0.7675272,0.8060799,0.7672704,0,0.6445327,0.6224346,0.8530334,1,0.9733616,0.7348022,0,0,0,0,0,0,0,0,0,0,0,0,0,0,0,0.6286507,0.7046414,0.6938761,0.6480848,0.6793914,0.7901946,0.7627152,0,0.7289231,0.7541597,0.7180201,0.6809847,0.6423208,0.701368,0.9483964,1,0.8802673,0.6102535,0,0,0,0,0,0,0,0,0,0,0,0,0,0
0,0,0,0,0,0.5656378,0.6371675,0.5853171,0,0.6422532,0.7285977,0.7037154,0.7708158,0.793173,0.6471323,0.8284243,1,0.9720802,0.7692323,0.5993076,0,0,0,0,0,0,0,0,0,0,0,0,0,0,0,0,0,0,0.5920497,0.6405635,0.6358004,0.6593735,0.7322307,0.7614724,0.7592669,0.7389889,0.6919561,0.7316371,0.9418836,1,0.8840863,0,0,0,0,0,0,0,0,0,0,0,0,0,0,0
0,0,0,0,0,0,0,0,0,0,0,0,0.6681916,0.7247303,0.7912281,0.9278357,1,0.9555663,0.7339267,0,0,0,0,0,0,0,0,0,0,0,0,0,0,0,0,0,0,0,0,0,0,0,0,0.5880721,0.6182129,0.6306587,0.639432,0.6304566,0.931246,1,0.8914482,0,0,0,0,0,0,0,0,0,0,0,0,0,0,0
0,0,0,0,0,0,0,0,0,0,0,0,0,0,0,0.9144167,0.9242702,1,0,0,0,0,0,0,0,0,0,0,0,0,0,0,0,0,0,0,0,0,0,0,0,0,0,0,0,0,0,0.7109615,0.9608752,1,0.8679484,0.6621465,0,0,0,0,0,0,0,0,0,0,0,0,0,0
0,0,0,0,0,0,0,0,0,0,0,0,0,0,0,0.8608055,1,0.9876126,0.8245262,0,0,0,0,0,0,0,0,0,0,0,0,0,0,0,0,0,0,0,0,0,0,0,0,0,0,0,0,0.6466808,0.9438649,1,0.9035485,0.6407822,0,0,0,0,0,0,0,0,0,0,0,0,0,0
0,0,0,0,0,0,0,0,0,0,0,0,0,0,0,0.8610153,1,0.9752758,0.7573146,0.6042005,0,0,0,0,0,0,0,0,0,0,0,0,0,0,0,0,0,0,0,0,0,0,0,0,0,0,0,0.5652537,0.9284889,1,0.881957,0.6769103,0,0,0,0,0,0,0,0,0,0,0,0,0,0
0,0,0,0,0,0,0,0,0,0,0,0,0,0.6268045,0.6908911,0.8059488,1,0.975613,0.7861336,0.7490014,0,0,0,0,0,0,0,0,0,0,0,0,0,0,0,0,0,0,0,0,0,0,0,0,0,0,0,0.6650178,0.9398406,1,0.9043559,0.7696625,0.7344791,0.626829,0,0,0,0,0,0,0,0,0,0,0,0
0,0,0,0,0,0,0,0,0,0,0,0,0.6816114,0.6725095,0.7681382,0.7998756,1,0.9916742,0.7125711,0.6993498,0,0,0,0,0,0,0,0,0,0,0,0,0,0,0,0,0,0,0,0,0,0,0,0,0,0,0,0.6609623,0.9333217,1,0.8841504,0.7552245,0.7875876,0.7347137,0.6119722,0,0,0,0,0,0,0,0,0,0,0
0,0,0,0,0,0,0,0,0,0,0.6437973,0.6835589,0.6738437,0.7307186,0.7310782,0.8195205,1,0.9780353,0.6696687,0.656931,0,0,0,0,0,0,0,0,0,0,0,0,0,0,0,0,0,0,0,0,0,0,0,0,0,0.5961279,0.661855,0.7496608,0.9244865,1,0.8990601,0.8057539,0.7669241,0.7321088,0.6854223,0.6523476,0,0,0,0,0,0,0,0,0,0
0,0,0,0,0,0,0,0,0.6682621,0.6886247,0.7851281,0.7206829,0.7350862,0.8566758,0.7939852,0.8474674,0.9826623,1,0.8181064,0.6700811,0,0,0,0,0,0,0,0,0,0,0,0,0,0,0,0,0,0,0,0,0,0,0,0,0,0,0.6039938,0,0.9386434,1,0.9144011,0.7528791,0.6617573,0.6436789,0.6321545,0,0,0,0,0,0,0,0,0,0,0
0,0,0,0,0,0,0,0,0,0.6607548,0.6862453,0.7312266,0.7886347,0.7528442,0.7518636,0.8800794,1,0.9736673,0.8512055,0.7055137,0,0,0,0,0,0,0,0,0,0,0,0,0,0,0,0,0,0,0,0,0,0,0,0,0,0,0,0.753436,0.9594659,1,0.8646223,0,0,0,0,0,0,0,0,0,0,0,0,0,0,0
0,0,0,0,0,0,0,0,0,0,0,0,0,0.6162974,0.6764216,0.8600728,1,0.9931361,0.8522927,0.6061441,0,0,0,0,0,0,0,0,0,0,0,0,0,0,0,0,0,0,0,0,0,0,0,0,0,0,0.6063788,0.6169394,0.9369931,1,0.865676,0.632829,0,0,0,0,0,0,0,0,0,0,0,0,0,0
0,0,0,0,0,0,0,0,0,0,0,0,0,0,0.7151729,0.8758886,1,0.9625969,0.7506769,0,0,0,0,0,0,0,0,0,0,0,0,0,0,0,0,0,0,0,0,0,0,0,0,0,0,0,0,0.7066506,0.9413952,1,0.9148902,0,0,0,0,0,0,0,0,0,0,0,0,0,0,0
0,0,0,0,0,0,0,0,0,0,0,0,0,0,0.7107064,0.8567541,1,0.9852824,0.7793804,0,0,0,0,0,0,0,0,0,0,0,0,0,0,0,0,0,0,0,0,0,0,0,0,0,0,0,0,0.6728906,0.9482094,1,0.8722553,0,0,0,0,0,0,0,0,0,0,0,0,0,0,0
0,0,0,0,0,0,0,0,0,0,0,0,0,0,0.604003,0.8078543,1,0.9848893,0.7477473,0,0,0,0,0,0,0,0,0,0,0,0,0,0,0,0,0,0,0,0,0,0,0,0,0,0,0,0,0,0.9427676,1,0.8686479,0,0,0,0,0,0,0,0,0,0,0,0,0,0,0
0,0,0,0,0,0,0,0,0,0,0,0,0,0,0,0.7961541,1,0.9970907,0.7871361,0.6372867,0,0,0,0,0,0,0,0,0,0,0,0,0,0,0,0,0,0,0,0,0,0,0,0,0,0,0,0.6020964,0.9366995,1,0.8987356,0.6749983,0.5651332,0,0,0,0,0,0,0,0,0,0,0,0,0
0,0,0,0,0,0,0,0,0,0,0,0,0,0,0,0.8066864,1,0.9907104,0.7752156,0.6867243,0.7930297,0.7554911,0.6964597,0,0,0,0,0,0,0,0,0,0,0,0,0,0,0,0,0,0,0,0,0,0,0,0,0,0.9357933,1,0.9005466,0.7028817,0.7069272,0.6530452,0,0,0,0,0,0,0,0,0,0,0,0
0,0,0,0,0,0,0,0,0,0,0,0,0,0,0,0.8216116,1,0.9918644,0.7799023,0.7264535,0.7254667,0.8010531,0.7868255,0.7842632,0,0,0,0,0,0,0,0,0,0,0,0,0,0,0,0,0,0,0,0,0,0,0,0,0.9349174,1,0.9003941,0.6058247,0.6489601,0.7122116,0.7428135,0.7423306,0.6733026,0,0,0,0,0,0,0,0,0
0,0,0,0,0,0,0,0,0,0,0,0,0,0,0,0.8071808,1,0.9812583,0.7706606,0.6700088,0.6513565,0.6417947,0.740428,0.7421796,0.8043857,0.8224363,0.7714503,0.665442,0,0,0,0,0,0,0,0,0,0,0,0,0,0,0,0,0,0,0.5603101,0.6125543,0.9291582,1,0.9011368,0.6783881,0.734222,0.6551622,0.6482427,0.7199817,0.7715878,0.7150995,0.6985845,0.6791189,0,0,0,0,0,0
0,0,0,0,0,0,0,0,0,0,0,0,0,0,0,0.8317877,1,0.952149,0.7302981,0.7957374,0.721418,0.6351215,0.6335723,0.7103129,0,0.8214452,0.6722816,0.7348777,0.6249746,0,0,0,0,0,0,0,0,0,0,0,0,0,0,0,0,0,0.5835079,0.6598681,0.9333763,1,0.8790442,0.7590993,0.6985381,0.7964723,0.7805455,0.7934139,0.61862,0.7603675,0.7141047,0.6492941,0.576795,0,0,0,0,0
0,0,0,0,0,0,0,0,0,0,0,0,0,0,0.7081648,0.7457846,0.9889323,1,0.8445073,0.7795554,0.8047575,0.8687516,0.867053,0.8532538,0.7693231,0.8228541,0.7689915,0.6879146,0,0,0,0,0,0,0,0,0,0,0,0,0,0,0,0,0,0,0,0.6634675,0.9511827,1,0.8430498,0.8376238,0.8637952,0.8905011,0.7549378,0.8353035,0.814743,0.7370974,0,0,0,0,0,0,0,0
0,0,0,0,0,0,0,0,0,0,0,0,0,0,0,0.874069,1,0.9750053,0.8355417,0.900667,0.9397363,0.9162856,0.9001945,0.8428099,0.768013,0,0,0,0,0,0,0,0,0,0,0,0,0,0,0,0,0,0,0,0,0,0,0.780162,0.9316224,1,0.9430955,0.846432,0.7780209,0.8300029,0.7640463,0,0,0,0,0,0,0,0,0,0,0
0,0,0,0,0,0,0,0,0,0,0,0,0,0,0,0.8600727,1,0.9719243,0.8485392,0.9039518,0.8946155,0.8344159,0.7286556,0,0,0,0,0,0,0,0,0,0,0,0,0,0,0,0,0,0,0,0,0,0,0,0,0.7338117,0.9573832,1,0.8382239,0.675737,0,0,0,0,0,0,0,0,0,0,0,0,0,0
0,0,0,0,0,0,0,0,0,0,0,0,0,0,0,0.8031041,1,0.9844084,0.8598961,0,0,0,0,0,0,0,0,0,0,0,0,0,0,0,0,0,0,0,0,0,0,0,0,0,0,0,0,0,0.9507421,1,0.887432,0.6405827,0,0,0,0,0,0,0,0,0,0,0,0,0,0
0,0,0,0,0,0,0,0,0,0,0,0,0,0,0,0.8247969,1,0.9935733,0.7854328,0,0,0,0,0,0,0,0,0,0,0,0,0,0,0,0,0,0,0,0,0,0,0,0,0,0,0,0,0.5490339,0.9362272,1,0.8808204,0.5917032,0,0,0,0,0,0,0,0,0,0,0,0,0,0
