GestureName: x
Duration(ms): 987
Handedness: right

SpeakerAngles: 2
55
-55

InterpretedPoints: 21
-4.84024370466959,-10.1675253863452
-3.2268291364464,-10.1675253863452
0,-7.90807530049073
-0.806707284111599,-6.21348773609986
0.806707284111599,-1.69458756439087
0,0
0,0
3.2268291364464,3.38917512878174
5.64695098878119,7.34321277902711
1.6134145682232,5.64862521463624
0,4.51890017170899
0.806707284111599,0.564862521463624
0,0
2.4201218523348,1.69458756439087
2.4201218523348,8.47293782195435
0,13.556700515127
0,13.556700515127
0,13.556700515127
-7.26036555700439,-1.69458756439087
0.806707284111599,-0.564862521463624
0,0

StrokePoints: 22
177.666666666667,130.277777777778
182.506910371336,140.445303164123
185.733739507783,150.612828550468
185.733739507783,158.520903850959
186.540446791894,164.734391587059
185.733739507783,166.42897915145
185.733739507783,166.42897915145
185.733739507783,166.42897915145
182.506910371336,163.039804022668
176.859959382555,155.696591243641
175.246544814332,150.047966029005
175.246544814332,145.529065857296
174.43983753022,144.964203335832
174.43983753022,144.964203335832
172.019715677886,143.269615771441
169.599593825551,134.796677949487
169.599593825551,121.23997743436
169.599593825551,107.683276919233
169.599593825551,94.1265764041059
176.859959382555,95.8211639684968
176.053252098443,96.3860264899604
176.053252098443,96.3860264899604

Velocities: 21
-12,-6
-11,-7
-7,-7
-6,-5
-1,-2
0,0
0,0
5,1
10,3
6,4
4,4
1,0
0,0
3,0
9,6
12,12
12,12
12,12
-6,3
0,-1
0,0

InverseVelocities: 21
1,2
1,0
0,1
0,0
0,0
0,0
0,0
0,0
0,-6
-6,-9
-5,-7
0,0
0,0
0,0
0,0
-1,0
-5,-2
-8,-6
0,-6
0,0
0,0

RawData: 21
0,0.607529,0.6669428,0.6427438,0.7396802,0.8160426,0.8334774,0.7802085,0.7224768,0.719398,0.7898248,0.6842859,0.7734126,0.6547785,0.6251968,0.8262489,1,0.9960811,0.8203799,0.5984396,0.6020557,0,0,0,0,0,0,0,0,0,0,0,0,0,0,0,0,0,0,0,0.5770938,0.6437307,0.6486464,0.6535394,0.6487137,0.684077,0.7135535,0.6839768,0.9306555,1,0.8675987,0.6944523,0.6469807,0.5812153,0.5408308,0,0,0,0,0,0,0,0,0,0,0
0,0,0.6840402,0.6965206,0.7201471,0.7153187,0.7692905,0.8037167,0.8656247,0.8222235,0.6729168,0.720546,0.7975703,0,0.7070282,0.8794857,1,0.9631209,0.9167581,0.7949166,0.6294455,0,0,0,0,0,0,0,0,0,0,0,0,0,0,0,0,0,0,0.6057441,0.6514,0.6008911,0,0.6979216,0.7156175,0.6352266,0.7459943,0.7016872,0.9396788,1,0.9041767,0.6037573,0,0,0,0,0,0,0,0,0,0,0,0,0,0
0,0,0,0,0,0,0.6477209,0.7864487,0.7960925,0.7356904,0.7409327,0.7877128,0.756636,0.7771841,0.7124034,0.8148163,0.9883473,1,0.9117056,0.6919746,0,0,0,0,0,0,0,0,0,0,0,0,0,0,0,0,0,0,0,0.6290371,0.620382,0.6724839,0.6568183,0.7428188,0.8076849,0.8348922,0.7514306,0.7722417,0.9437455,1,0.8764265,0.6800027,0.612051,0.644343,0,0,0,0,0,0,0,0,0,0,0,0
0,0,0,0,0,0,0,0.6478258,0.7086374,0.7346596,0.7596016,0.733503,0.7947866,0.7996377,0.7759873,0.8299614,0.9391267,1,0.8715826,0,0,0,0,0,0,0,0,0,0,0,0,0,0,0,0,0,0,0,0,0,0,0.5579135,0.6121303,0.6979641,0.6771332,0.7728786,0.8016457,0.7990558,0.9516217,1,0.8923391,0.6234093,0,0,0,0,0,0,0,0,0,0,0,0,0,0
0,0,0,0,0,0,0,0,0,0,0,0,0.6623624,0.7232391,0.7572521,0.8734117,1,0.9590097,0.7258056,0,0,0,0,0,0,0,0,0,0,0,0,0,0,0,0,0,0,0,0,0,0,0,0,0,0.5878699,0.712555,0.8017499,0.8236917,0.9493541,1,0.8968732,0,0,0,0,0,0,0,0,0,0,0,0,0,0,0
0,0,0,0,0,0,0,0,0,0,0,0,0,0,0,0.8422607,1,0.9752287,0.7248095,0,0,0,0,0,0,0,0,0,0,0,0,0,0,0,0,0,0,0,0,0,0,0,0,0,0,0,0,0.6587873,0.9361311,1,0.8938047,0,0,0,0,0,0,0,0,0,0,0,0,0,0,0
0,0,0,0,0,0,0,0,0,0,0,0,0,0,0,0.7965308,1,0.9911458,0.7473496,0.5953746,0,0,0,0,0,0,0,0,0,0,0,0,0,0,0,0,0,0,0,0,0,0,0,0,0,0,0,0,0.939241,1,0.8985491,0.643474,0,0,0,0,0,0,0,0,0,0,0,0,0,0
0,0,0,0,0,0,0,0,0,0,0,0,0,0,0,0.8455297,1,0.9946074,0.8469324,0.7884491,0.7990058,0.8205336,0.7745258,0.7320483,0.6999856,0,0,0,0,0,0,0,0,0,0,0,0,0,0,0,0,0,0,0,0,0,0.6593345,0.7476915,0.9612038,1,0.9025554,0.7854393,0.7385548,0.7069077,0,0,0,0,0,0,0,0,0,0,0,0
0,0,0,0,0,0,0,0,0,0,0,0,0,0,0,0.8567801,1,0.9647446,0.7112893,0.8032081,0.7896452,0.7272003,0.7852017,0.7565272,0.7809355,0.7270265,0.7158269,0.7375613,0.675457,0.6423932,0,0,0,0,0,0,0,0,0,0,0.6111311,0.6363338,0.6684837,0.7344915,0.7158373,0.7057488,0.753233,0.7389927,0.9417483,1,0.8974057,0.6629089,0.6386025,0.6436629,0.6172569,0.5953735,0,0,0,0,0,0,0,0,0,0
0,0,0,0,0,0,0,0.7234094,0.7919713,0.7894127,0.7307706,0.7870288,0.8358659,0.8262348,0.8149762,0.8363636,1,0.9929748,0.823238,0.8103712,0.875703,0.7105366,0.7951175,0.7631723,0.6849468,0.6956115,0,0,0,0,0,0,0,0,0,0,0,0.6426355,0.7200155,0.7215388,0.6500062,0.6470133,0.6961563,0.7156615,0.6475713,0.6755928,0,0.652134,0.9485134,1,0.8955075,0.6426036,0.6680009,0.6427415,0.6840542,0.7299511,0.6889911,0,0,0,0,0,0,0,0,0
0,0,0,0,0,0,0,0,0.6631342,0.6653144,0.6324832,0.6565168,0,0.8103891,0.8106811,0.6393501,1,0.985307,0.8079525,0.7807393,0.7540901,0.8500857,0.8282895,0.7431179,0,0,0,0,0,0,0,0,0,0,0,0,0,0,0,0.6231903,0.630928,0.673778,0.6837769,0,0,0.6527987,0.7027942,0.6725847,0.9311386,1,0.9003329,0.674086,0.6109455,0,0.5756208,0.6060834,0.5619501,0,0,0,0,0,0,0,0,0
0,0,0,0,0,0,0,0,0,0,0,0,0,0.6353173,0.771661,0.8670174,1,0.9692693,0.8133788,0.7697225,0.637305,0,0,0,0,0,0,0,0,0,0,0,0,0,0,0,0,0,0,0,0,0,0,0,0,0,0,0.6463364,0.9313675,1,0.8912662,0.6414367,0,0,0,0,0,0,0,0,0,0,0,0,0,0
0,0,0,0,0,0,0,0,0,0,0,0,0,0,0.6226811,0.8436541,1,0.9846395,0.821035,0,0,0,0,0,0,0,0,0,0,0,0,0,0,0,0,0,0,0,0,0,0,0,0,0,0,0,0,0.6373577,0.9468735,1,0.8850717,0.6400225,0,0,0,0,0,0,0,0,0,0,0,0,0,0
0,0,0,0,0,0,0,0,0,0,0,0,0,0,0.568683,0.8091676,1,0.9936262,0.7922348,0.6777247,0.6573339,0.5410953,0.5212849,0,0,0,0,0,0,0,0,0,0,0,0,0,0,0,0,0,0,0,0,0,0,0,0,0.6052137,0.940596,1,0.8929238,0.6564073,0.5422595,0,0,0,0,0,0,0,0,0,0,0,0,0
0,0,0,0,0,0,0,0,0,0,0,0,0,0,0,0.7946959,1,0.9970432,0.7582389,0.8400533,0.8378266,0.7907436,0,0.7692537,0.7774962,0.7677497,0.7376869,0.7139344,0.684525,0,0,0,0,0,0,0,0,0,0,0,0,0,0,0,0,0,0,0.6523219,0.942409,1,0.9016868,0.6988959,0,0.6587911,0.679444,0.6611307,0.6934414,0.7021046,0.6605822,0,0,0,0,0,0,0
0,0,0,0,0,0,0,0,0,0,0,0,0.7089859,0.7400824,0.7434567,0.8350664,1,0.9946454,0.8615307,0.7129217,0.7612793,0.7445173,0.7758321,0.7953522,0.7117711,0,0.7301835,0.7074717,0.7728807,0,0.809707,0.8430431,0.7834809,0,0,0,0,0,0,0,0,0,0,0,0,0,0.6583902,0.7088726,0.9502476,1,0.8879283,0.6460822,0,0.6995119,0.6781915,0.6599836,0.7452496,0.6668035,0.6610428,0.6890262,0.6815341,0,0,0.6497135,0.7025322,0.6506681
0,0,0,0,0,0,0,0,0.688907,0.7364054,0.7694597,0.7496287,0.6827829,0,0.8096212,0.8050486,1,0.975051,0.8405151,0.8690504,0.7877293,0,0,0.781356,0.7030581,0.6816627,0,0.7381313,0.7583779,0.720222,0.764905,0.8242935,0.753355,0,0,0,0,0,0,0,0,0,0,0,0.7131852,0.7095549,0.6871943,0,0.9436149,1,0.8964809,0,0.682831,0.7275729,0.7261685,0.7241724,0.7272862,0.7453549,0.7405032,0.7161672,0,0,0,0.6665189,0.7716753,0.7945444
0,0,0,0,0,0.6694671,0.7567489,0.7794605,0.7785667,0.8216776,0.8156413,0.7979726,0,0.7635733,0.7124566,0.7611997,1,0.9995797,0.8017521,0.731378,0.6940601,0.6547049,0.6464574,0.6740797,0.6794429,0.6376225,0,0.6079382,0,0,0,0.6221444,0,0,0,0,0,0,0,0,0.5900022,0.6181753,0.6924698,0.6597554,0.6398188,0.7048479,0.6945031,0.7382388,0.9389858,1,0.9060223,0.7607288,0.676829,0.7181694,0.800028,0.8030281,0.7242006,0.604897,0.6292543,0.6406522,0.7022479,0.6429765,0.6252658,0.6487535,0.6700106,0.648237
0,0,0,0,0,0,0,0.6438212,0.7269295,0.7791141,0.7962766,0.7782803,0.7793106,0.8375525,0.7868178,0.8231902,1,0.9976811,0.8551422,0,0,0,0,0,0,0,0,0,0,0,0,0,0,0,0,0,0,0,0,0,0.568521,0.5560732,0.6830557,0.7575153,0.8291522,0.8876667,0.9204752,0.9160662,0.9383988,1,0.8612413,0.6826171,0.7339771,0.7350346,0.7095203,0.6549268,0,0,0,0,0,0,0,0,0,0
0,0,0,0,0,0,0,0,0,0,0,0,0,0.6986339,0.7010814,0.8223957,1,0.9384272,0.8123593,0,0,0,0,0,0,0,0,0,0,0,0,0,0,0,0,0,0,0,0,0,0,0,0,0,0,0.6865838,0.7979136,0.8979454,0.9808849,1,0.9085273,0.6685665,0,0,0,0,0,0,0,0,0,0,0,0,0,0
0,0,0,0,0,0,0,0,0,0,0,0,0,0,0,0.8560413,1,0.9920993,0.8311135,0,0,0,0,0,0,0,0,0,0,0,0,0,0,0,0,0,0,0,0,0,0,0,0,0,0,0,0,0.7166555,0.9354348,1,0.8863468,0.7010472,0,0,0,0,0,0,0,0,0,0,0,0,0,0
