GestureName: z
Duration(ms): 1410
Handedness: right

SpeakerAngles: 2
55
-55

InterpretedPoints: 30
0,0
0,0
0,0
0,0
0,0
0,0
0,0
0,0
-1.6134145682232,1.12972504292725
-3.2268291364464,3.38917512878174
-5.64695098878119,0.564862521463624
-6.45365827289279,0
0,-1.12972504292725
0,0
0.806707284111599,0.564862521463624
0.806707284111599,2.82431260731812
4.84024370466959,7.90807530049073
4.03353642055799,10.7323879078088
4.84024370466959,7.90807530049073
3.2268291364464,3.38917512878174
0.806707284111599,2.82431260731812
0.806707284111599,0.564862521463624
0,0
-1.6134145682232,5.64862521463624
-2.4201218523348,6.21348773609986
-8.87378012522759,-0.564862521463624
-2.4201218523348,-0.564862521463624
0,-1.12972504292725
0,0
0,0

StrokePoints: 31
177.666666666667,130.277777777778
177.666666666667,130.277777777778
177.666666666667,130.277777777778
177.666666666667,130.277777777778
177.666666666667,130.277777777778
177.666666666667,130.277777777778
177.666666666667,130.277777777778
177.666666666667,130.277777777778
177.666666666667,130.277777777778
179.28008123489,129.148052734851
182.506910371336,125.758877606069
188.153861360117,125.194015084605
194.60751963301,125.194015084605
194.60751963301,126.323740127532
194.60751963301,126.323740127532
193.800812348899,125.758877606069
192.994105064787,122.934564998751
188.153861360117,115.02648969826
184.120324939559,104.294101790451
179.28008123489,96.3860264899604
176.053252098443,92.9968513611786
175.246544814332,90.1725387538605
174.43983753022,89.6076762323969
174.43983753022,89.6076762323969
176.053252098443,83.9590510177607
178.473373950778,77.7455632816608
187.347154076006,78.3104258031244
189.767275928341,78.875288324588
189.767275928341,80.0050133675153
189.767275928341,80.0050133675153
189.767275928341,80.0050133675153

Velocities: 30
0,0
0,0
0,0
0,0
0,0
0,0
0,0
0,0
0,2
1,5
-3,4
-4,4
-1,-1
0,0
1,0
3,2
10,4
12,7
10,4
5,1
3,2
1,0
0,0
4,6
4,7
-6,5
-2,1
-1,-1
0,0
0,0

InverseVelocities: 30
0,0
0,0
0,0
0,0
0,0
0,0
0,0
0,0
0,0
-1,0
0,0
0,0
0,0
0,0
0,0
0,0
0,-3
-3,-9
-7,-12
-6,-8
-2,-1
0,0
0,0
0,0
-4,-4
0,0
0,-1
0,0
0,0
0,0

RawData: 30
0,0,0,0,0,0,0,0,0,0,0,0,0,0,0,0.8619465,1,0.9836591,0.8129101,0,0,0,0,0,0,0,0,0,0,0,0,0,0,0,0,0,0,0,0,0,0,0,0,0,0,0,0,0,0.9503744,1,0.8992813,0,0,0,0,0,0,0,0,0,0,0,0,0,0,0
0,0,0,0,0,0,0,0,0,0,0,0,0,0,0,0.8590581,1,0.9352381,0.7259526,0,0,0,0,0,0,0,0,0,0,0,0,0,0,0,0,0,0,0,0,0,0,0,0,0,0,0,0,0,0.9470144,1,0.8849314,0,0,0,0,0,0,0,0,0,0,0,0,0,0,0
0,0,0,0,0,0,0,0,0,0,0,0,0,0,0,0.8461342,1,0.957454,0.7244382,0,0,0,0,0,0,0,0,0,0,0,0,0,0,0,0,0,0,0,0,0,0,0,0,0,0,0,0,0,0.9437032,1,0.8784047,0,0,0,0,0,0,0,0,0,0,0,0,0,0,0
0,0,0,0,0,0,0,0,0,0,0,0,0,0,0,0.8090263,1,0.9849135,0.744899,0,0,0,0,0,0,0,0,0,0,0,0,0,0,0,0,0,0,0,0,0,0,0,0,0,0,0,0,0.6155044,0.9489233,1,0.8518052,0,0,0,0,0,0,0,0,0,0,0,0,0,0,0
0,0,0,0,0,0,0,0,0,0,0,0,0,0,0,0.8324524,1,0.9859945,0.7698823,0,0,0,0,0,0,0,0,0,0,0,0,0,0,0,0,0,0,0,0,0,0,0,0,0,0,0,0,0,0.9565679,1,0.868449,0,0,0,0,0,0,0,0,0,0,0,0,0,0,0
0,0,0,0,0,0,0,0,0,0,0,0,0,0,0,0.8342835,1,0.9826531,0.7588101,0,0,0,0,0,0,0,0,0,0,0,0,0,0,0,0,0,0,0,0,0,0,0,0,0,0,0,0,0.6840308,0.9546257,1,0.8701698,0,0,0,0,0,0,0,0,0,0,0,0,0,0,0
0,0,0,0,0,0,0,0,0,0,0,0,0,0,0,0.8066742,1,0.9876146,0.7392412,0,0,0,0,0,0,0,0,0,0,0,0,0,0,0,0,0,0,0,0,0,0,0,0,0,0,0,0,0,0.9393183,1,0.8808519,0,0,0,0,0,0,0,0,0,0,0,0,0,0,0
0,0,0,0,0,0,0,0,0,0,0,0,0,0,0,0.7886577,0.9832904,1,0.8591498,0.6477968,0,0,0,0,0,0,0,0,0,0,0,0,0,0,0,0,0,0,0,0,0,0,0,0,0,0,0,0,0.9267129,1,0.9157408,0.7110749,0,0,0,0,0,0,0,0,0,0,0,0,0,0
0,0,0,0,0,0,0,0,0,0,0,0,0,0,0,0.8848474,1,0.9829774,0.982266,0.9026524,0,0,0,0,0,0,0,0,0,0,0,0,0,0,0,0,0,0,0,0,0,0,0,0,0,0,0,0,0.9295961,1,0.9118148,0,0.7861777,0.8075641,0.7727846,0,0,0,0,0,0,0,0,0,0,0
0,0,0,0,0,0,0,0,0,0,0,0,0.8205577,0.8264529,0.8861572,0.9420574,0.9953115,1,0.9369777,0.7953098,0.8374478,0,0,0,0,0,0,0,0,0,0,0,0,0,0,0,0,0,0,0,0,0,0,0,0,0,0,0,0.9415188,1,0.9241681,0.8248337,0.7983205,0.8755533,0.86966,0,0.8028893,0.7803701,0,0,0,0,0,0,0,0
0,0,0,0,0,0,0,0,0,0,0.8564016,0.9436192,1,0.9466361,0.8948496,0.9619684,0.9736135,0.9742574,0.8708398,0.8477823,0,0,0,0,0,0,0,0,0,0,0,0,0,0,0,0,0,0,0,0,0,0,0,0,0,0,0,0.7904952,0.9474206,1,0.9088693,0.8429493,0.8968663,0.819181,0.9161862,0.8912305,0.7667359,0,0,0,0,0,0,0,0,0
0,0,0,0,0,0,0,0,0,0.7484943,0.8442383,0.9281921,0.9845854,0.9643909,0.8693078,0.7906099,1,0.9954567,0.75418,0,0,0,0,0,0,0,0,0,0,0,0,0,0,0,0,0,0,0,0,0,0,0,0,0,0,0,0,0.7916617,0.9656487,1,0.8395674,0.8773735,0.843971,0.7922466,0.7740928,0.7313597,0.635487,0,0,0,0,0,0,0,0,0
0,0,0,0,0,0,0,0,0,0,0,0,0.7246649,0.7411551,0.8854659,0.8775501,1,0.9855851,0,0,0,0,0,0,0,0,0,0,0,0,0,0,0,0,0,0,0,0,0,0,0,0,0,0,0,0.7260337,0.8029858,0.8997468,0.9437222,1,0.8842036,0.7683471,0,0,0,0,0,0,0,0,0,0,0,0,0,0
0,0,0,0,0,0,0,0,0,0,0,0,0,0.6020679,0.7242691,0.8789962,1,0.9739961,0.7840989,0,0,0,0,0,0,0,0,0,0,0,0,0,0,0,0,0,0,0,0,0,0,0,0,0,0,0,0.5863137,0.7365916,0.9530423,1,0.8904915,0.63227,0,0,0,0,0,0,0,0,0,0,0,0,0,0
0,0,0,0,0,0,0,0,0,0,0,0,0,0,0,0.8440306,1,0.9978252,0.9476423,0.8586771,0.7822808,0,0,0,0,0,0,0,0,0,0,0,0,0,0,0,0,0,0,0,0,0,0,0,0,0,0,0.6998785,0.9568604,1,0.8925985,0.7969148,0.650346,0,0,0,0,0,0,0,0,0,0,0,0,0
0,0,0,0,0,0,0,0,0,0,0,0,0,0,0,0.7570731,0.9869592,0.991262,0.9308925,0.9254349,1,0.9491435,0.8007321,0,0,0,0,0,0,0,0,0,0,0,0,0,0,0,0,0,0,0,0,0,0,0,0,0,0.9503043,1,0.9130945,0.7479178,0.7799975,0.6573967,0.7105321,0,0,0,0,0,0,0,0,0,0,0
0,0,0,0,0,0,0,0,0,0,0,0,0,0,0.7019992,0.7757218,1,0.9986464,0.8361682,0.9029615,0.9291641,0.8621857,0.9216574,0.8795367,0.7992297,0.7572799,0.6664048,0.6421157,0.7159601,0.674372,0,0,0,0,0,0,0,0,0,0,0,0,0,0.5736638,0.6073112,0.6755761,0.6545895,0,0.9287232,1,0.932519,0.8454451,0.8302791,0.8369106,0.7949159,0.7090498,0.6010295,0,0,0,0,0,0,0,0,0
0,0,0,0,0,0,0,0,0,0,0.7168738,0.7054317,0.7689912,0.8028009,0.7811216,0.8695377,1,0.9783921,0.7292193,0.8604244,0.9278649,0.8138331,0.8648639,0.9025322,0.8754854,0.8309848,0.7903362,0.7932868,0,0,0.7394047,0.7012732,0.6965144,0,0,0,0,0.6517843,0.7017556,0.7667101,0.782285,0.7727686,0.7645735,0.7296523,0.7235324,0.7450191,0.8057754,0.8146714,0.9362729,1,0.8736707,0.7642072,0.7791749,0.6789747,0,0,0,0.6766415,0.6671801,0.6696486,0,0,0,0,0,0
0,0,0,0,0,0,0.7399859,0.8108687,0.8154683,0.8021433,0.7945139,0.8329875,0.7200807,0.8841908,0.7997669,0.8935639,1,0.9663138,0.8112115,0.7791781,0.7065673,0.8237662,0.8868063,0.8090415,0.7266199,0.7274552,0.7121869,0,0.7002627,0.7123245,0,0,0,0.629097,0.6743226,0.6815484,0.7029176,0.7385238,0.6295533,0.7003241,0.7907156,0.7762533,0.8270899,0.8393118,0.7692717,0.7452041,0.7763027,0.7401989,0.9427171,1,0.8907993,0.6740824,0.6364039,0,0.6324359,0.6586446,0.6473366,0,0,0,0,0,0,0,0,0
0,0,0,0,0,0,0,0.7203576,0,0.7498988,0.7682039,0.7951561,0.8579292,0.9356605,0.8397384,0.884749,1,0.9601102,0.852262,0.7477638,0.8022753,0.724349,0.7321178,0.7909723,0.7534779,0,0,0,0,0,0,0,0,0,0,0,0,0,0.6797968,0.7142254,0.7443194,0.7583503,0.7582096,0.7036502,0,0.6748061,0.7178433,0.7224524,0.9375857,1,0.9128737,0.752663,0.7248925,0.6905664,0,0,0,0,0,0,0,0,0,0,0,0
0,0,0,0,0,0,0,0,0,0,0,0.7354172,0.8206636,0.8647686,0.8842803,0.9334037,1,0.9666427,0.9462577,0.9038724,0.8124053,0.7567588,0.7230476,0,0,0,0,0,0,0,0,0,0,0,0,0,0,0,0,0,0,0,0,0,0,0.6545823,0.6794609,0.7117417,0.9423555,1,0.8666416,0.6709578,0.57129,0.5893242,0.5590743,0,0,0,0,0,0,0,0,0,0,0
0,0,0,0,0,0,0,0,0,0,0,0,0,0,0,0.8262521,0.979284,1,0.9137655,0.8413917,0.6991823,0,0,0,0,0,0,0,0,0,0,0,0,0,0,0,0,0,0,0,0,0,0,0,0,0,0,0.6104105,0.9313867,1,0.8725969,0.7714891,0.6956573,0,0,0,0,0,0,0,0,0,0,0,0,0
0,0,0,0,0,0,0,0,0,0,0,0,0,0,0,0.8128244,1,0.9975555,0.8500815,0.7069061,0,0,0,0,0,0,0,0,0,0,0,0,0,0,0,0,0,0,0,0,0,0,0,0,0,0,0,0.6677618,0.9509547,1,0.8910946,0.8707274,0.7548639,0,0,0,0,0,0,0,0,0,0,0,0,0
0,0,0,0,0,0,0,0,0,0,0,0,0,0.6202968,0.6128039,0.8422533,1,0.9799829,0.7792479,0,0.7509503,0.7660114,0.7021706,0.6385751,0,0,0,0,0,0,0,0,0,0,0,0,0,0,0,0,0,0,0,0,0,0,0.6089311,0.6974471,0.9379348,1,0.9031944,0.8168179,0.8439739,0.8724938,0.8295413,0.7369025,0.714521,0.6861021,0.6111968,0,0,0,0,0,0,0
0,0,0,0,0,0,0,0,0,0.6526496,0.6858559,0.6411585,0.7181786,0.8125282,0.8507536,0.8556145,1,0.9981287,0.8596551,0.7796856,0,0.7606643,0.7810054,0.7227812,0,0,0,0,0,0,0,0,0,0,0,0,0,0,0,0,0,0,0.6180099,0.6337584,0.6256733,0.6290321,0.668539,0.7166529,0.9266456,1,0.8678644,0.7240553,0.7394436,0.7686315,0.803593,0.8046749,0.7292569,0.734632,0.7604252,0.6544482,0,0,0,0,0,0
0,0,0,0,0,0,0,0.6482465,0.6750759,0.7107528,0,0.7446609,0.7499976,0.6480982,0.8327032,0.8924577,1,0.9788865,0.7588435,0.643828,0,0,0,0,0,0,0,0,0,0,0,0,0,0,0,0,0,0,0,0,0,0,0,0,0,0,0.6380227,0.7978085,0.9435502,1,0.8811069,0.8343003,0.8137884,0.8073125,0.7760372,0.682704,0.7595138,0.6797179,0,0,0,0,0,0,0,0
0,0,0,0,0,0,0,0,0,0,0,0.7839411,0.8737711,0.8718901,0.8708323,0.8061599,0.9912019,1,0.8357414,0,0,0,0,0,0,0,0,0,0,0,0,0,0,0,0,0,0,0,0,0,0,0,0,0,0,0.7487173,0.8238432,0.9053538,0.9722448,1,0.8982753,0.7042457,0.7317747,0.7089658,0,0,0,0,0,0,0,0,0,0,0,0
0,0,0,0,0,0,0,0,0,0,0,0,0.7156805,0.7895061,0.8228081,0.7451406,1,0.9907873,0.7511441,0,0,0,0,0,0,0,0,0,0,0,0,0,0,0,0,0,0,0,0,0,0,0,0,0,0,0.5939818,0.6855625,0.7619701,0.9603658,1,0.868044,0,0,0,0,0,0,0,0,0,0,0,0,0,0,0
0,0,0,0,0,0,0,0,0,0,0,0,0,0,0,0.8466593,1,0.9912655,0.8207853,0,0,0,0,0,0,0,0,0,0,0,0,0,0,0,0,0,0,0,0,0,0,0,0,0,0,0,0,0,0.9286432,1,0.9137248,0,0,0,0,0,0,0,0,0,0,0,0,0,0,0
0,0,0,0,0,0,0,0,0,0,0,0,0,0,0,0.8283045,1,0.9854819,0.8041874,0,0,0,0,0,0,0,0,0,0,0,0,0,0,0,0,0,0,0,0,0,0,0,0,0,0,0,0,0.5556515,0.9341958,1,0.8733966,0.6202487,0,0,0,0,0,0,0,0,0,0,0,0,0,0
