GestureName: z
Duration(ms): 1410
Handedness: right

SpeakerAngles: 2
55
-55

InterpretedPoints: 30
0,0
0,0
0,0
0,0
0,0
0,0
0,0
0,0
0,0
0,0
0,1.12972504292725
-8.06707284111599,1.12972504292725
-12.100609261674,0.564862521463624
-3.2268291364464,-1.12972504292725
-1.6134145682232,-2.25945008585449
0,0
0,2.25945008585449
2.4201218523348,3.95403765024536
4.03353642055799,8.47293782195435
8.06707284111599,7.90807530049073
12.9073165457856,0
12.9073165457856,4.51890017170899
4.03353642055799,1.69458756439087
0.806707284111599,0.564862521463624
0,0
0,3.38917512878174
-3.22682913644639,4.51890017170899
-8.87378012522759,1.69458756439087
-8.87378012522759,-5.08376269317261
-1.6134145682232,-2.25945008585449

StrokePoints: 31
177.666666666667,130.277777777778
177.666666666667,130.277777777778
177.666666666667,130.277777777778
177.666666666667,130.277777777778
177.666666666667,130.277777777778
177.666666666667,130.277777777778
177.666666666667,130.277777777778
177.666666666667,130.277777777778
177.666666666667,130.277777777778
177.666666666667,130.277777777778
177.666666666667,130.277777777778
177.666666666667,129.148052734851
185.733739507783,128.018327691923
197.834348769457,127.45346517046
201.061177905903,128.583190213387
202.674592474126,130.842640299241
202.674592474126,130.842640299241
202.674592474126,128.583190213387
200.254470621791,124.629152563142
196.220934201233,116.156214741187
188.153861360117,108.248139440696
175.246544814332,108.248139440696
162.339228268546,103.729239268987
158.305691847988,102.034651704597
157.498984563877,101.469789183133
157.498984563877,101.469789183133
157.498984563877,98.0806140543512
160.725813700323,93.5617138826422
169.599593825551,91.8671263182514
178.473373950778,96.950889011424
180.086788519001,99.2103390972785

Velocities: 30
0,0
0,0
0,0
0,0
0,0
0,0
0,0
0,0
0,0
0,0
1,1
-4,6
-7,8
-3,1
-3,-1
0,0
2,2
5,2
10,5
12,2
8,-8
12,-4
4,-1
1,0
0,0
3,3
2,6
-4,7
-10,1
-3,-1

InverseVelocities: 30
0,0
0,0
0,0
0,0
0,0
0,0
0,0
0,0
0,0
0,0
0,0
0,0
0,-1
0,-2
0,0
0,0
0,0
0,0
0,-1
-1,-8
-5,0
-3,1
-1,0
0,0
0,0
0,0
-1,0
0,0
0,0
0,0

RawData: 30
0,0,0,0,0,0,0,0,0,0,0,0,0,0,0,0.8209123,1,0.9837152,0.719025,0,0,0,0,0,0,0,0,0,0,0,0,0,0,0,0,0,0,0,0,0,0,0,0,0,0,0,0,0,0.9430286,1,0.8894708,0,0,0,0,0,0,0,0,0,0,0,0,0,0,0
0,0,0,0,0,0,0,0,0,0,0,0,0,0,0,0.8278157,1,0.9946576,0.8117764,0,0,0,0,0,0,0,0,0,0,0,0,0,0,0,0,0,0,0,0,0,0,0,0,0,0,0,0,0,0.9419592,1,0.9075301,0,0,0,0,0,0,0,0,0,0,0,0,0,0,0
0,0,0,0,0,0,0,0,0,0,0,0,0,0,0,0.8275979,1,0.969204,0.7019698,0,0,0,0,0,0,0,0,0,0,0,0,0,0,0,0,0,0,0,0,0,0,0,0,0,0,0,0,0,0.9381264,1,0.9038115,0,0,0,0,0,0,0,0,0,0,0,0,0,0,0
0,0,0,0,0,0,0,0,0,0,0,0,0,0,0,0.8478667,1,0.9799106,0.7896023,0,0,0,0,0,0,0,0,0,0,0,0,0,0,0,0,0,0,0,0,0,0,0,0,0,0,0,0,0.6729252,0.9534184,1,0.8906239,0,0,0,0,0,0,0,0,0,0,0,0,0,0,0
0,0,0,0,0,0,0,0,0,0,0,0,0,0,0,0.8001373,1,0.9951285,0.7843292,0,0,0,0,0,0,0,0,0,0,0,0,0,0,0,0,0,0,0,0,0,0,0,0,0,0,0,0,0.6108824,0.9469447,1,0.8739167,0,0,0,0,0,0,0,0,0,0,0,0,0,0,0
0,0,0,0,0,0,0,0,0,0,0,0,0,0,0,0.8066188,0.9945892,1,0.8334628,0,0,0,0,0,0,0,0,0,0,0,0,0,0,0,0,0,0,0,0,0,0,0,0,0,0,0,0,0,0.9414878,1,0.8972425,0,0,0,0,0,0,0,0,0,0,0,0,0,0,0
0,0,0,0,0,0,0,0,0,0,0,0,0,0,0,0.8040209,1,0.9932546,0.7796354,0,0,0,0,0,0,0,0,0,0,0,0,0,0,0,0,0,0,0,0,0,0,0,0,0,0,0,0,0,0.9331107,1,0.9068943,0,0,0,0,0,0,0,0,0,0,0,0,0,0,0
0,0,0,0,0,0,0,0,0,0,0,0,0,0,0,0.8183988,1,0.9744921,0.664404,0,0,0,0,0,0,0,0,0,0,0,0,0,0,0,0,0,0,0,0,0,0,0,0,0,0,0,0,0,0.9330745,1,0.9024845,0,0,0,0,0,0,0,0,0,0,0,0,0,0,0
0,0,0,0,0,0,0,0,0,0,0,0,0,0,0.6100667,0.8418066,1,0.9766959,0.7562838,0,0,0,0,0,0,0,0,0,0,0,0,0,0,0,0,0,0,0,0,0,0,0,0,0,0,0,0,0.5736136,0.9383499,1,0.8923899,0.5492072,0,0,0,0,0,0,0,0,0,0,0,0,0,0
0,0,0,0,0,0,0,0,0,0,0,0,0,0,0.8231861,0.9109575,0.9546948,1,0.812977,0,0,0,0,0,0,0,0,0,0,0,0,0,0,0,0,0,0,0,0,0,0,0,0,0,0,0,0,0.6815554,0.9480368,1,0.9027268,0,0,0,0,0,0,0,0,0,0,0,0,0,0,0
0,0,0,0,0,0,0,0,0,0,0,0,0,0.7232047,0.7822663,0.9179507,1,0.9631897,0.8419224,0.7951445,0.7006763,0,0,0,0,0,0,0,0,0,0,0,0,0,0,0,0,0,0,0,0,0,0,0,0,0,0.6218762,0.7300563,0.9583447,1,0.873127,0.7338632,0.7369782,0.6983448,0,0,0,0,0,0,0,0,0,0,0,0
0,0,0,0,0,0,0,0,0,0.6634418,0.7831048,0.8795059,0.923489,0.8675744,0.8137124,0.8492744,1,0.9746172,0.8404966,0.8371262,0,0,0,0,0,0,0,0,0,0,0,0,0,0,0,0,0,0,0,0,0,0,0,0,0,0,0,0.734286,0.9590203,1,0.9018911,0.7040923,0.7544085,0.7828462,0.8130475,0.8165272,0.7656654,0.618019,0.6231141,0,0,0,0,0,0,0
0,0,0,0,0,0,0.7120298,0.7571417,0.790619,0.7583599,0.863886,0.9832596,1,0.957713,0.9273891,0.8983964,0.9932271,0.9677451,0.8260427,0,0,0,0,0,0,0,0,0,0,0,0,0,0,0,0,0,0,0,0,0,0,0,0,0,0,0.6992822,0.7114672,0.7933481,0.9329525,1,0.8284073,0.9021246,0.9214581,0.887386,0.8713558,0.8073667,0.7299148,0.7864396,0.74898,0.7122881,0.6533462,0,0,0,0,0
0,0,0,0,0,0,0,0,0,0,0.8292492,0.8806695,0.8687144,0.8259922,0.8317588,0.7764922,1,0.9870281,0.7655913,0,0,0,0,0,0,0,0,0,0,0,0,0,0,0,0,0,0,0,0,0,0,0,0,0,0.6961163,0.8006206,0.8517806,0.8991838,0.9704838,1,0.9125785,0.7852224,0.7918648,0.7343972,0,0,0,0,0,0,0,0,0,0,0,0
0,0,0,0,0,0,0,0,0,0,0.7097225,0.79414,0.8715035,0.8946953,0.9112686,0.9127652,0.9710811,1,0.7888951,0,0,0,0,0,0,0,0,0,0,0,0,0,0,0,0,0,0,0,0,0,0,0,0,0,0,0.675977,0.7381753,0.8247862,0.932632,1,0.8884904,0,0,0,0,0,0,0,0,0,0,0,0,0,0,0
0,0,0,0,0,0,0,0,0,0,0,0,0,0,0,0.9340168,1,0.9375437,0.8931022,0.7686475,0,0,0,0,0,0,0,0,0,0,0,0,0,0,0,0,0,0,0,0,0,0,0,0,0,0,0,0,0.954547,1,0.8857462,0.6966316,0,0,0,0,0,0,0,0,0,0,0,0,0,0
0,0,0,0,0,0,0,0,0,0,0,0,0,0,0,0.8717965,0.9993111,1,0.9433872,0.8276023,0.8261539,0.7252105,0,0,0,0,0,0,0,0,0,0,0,0,0,0,0,0,0,0,0,0,0,0,0,0,0,0,0.9437675,1,0.8965528,0.7541572,0.7543326,0.6548964,0.6293149,0,0,0,0,0,0,0,0,0,0,0
0,0,0,0,0,0,0,0,0,0,0,0,0,0,0,0.7818184,1,0.9398757,0.9101067,0.9015321,0.912729,0.8158327,0.855401,0.8460835,0.7648708,0,0,0,0,0,0,0,0,0,0,0,0,0,0,0,0,0,0,0,0,0,0,0.5836561,0.9371014,1,0.9096881,0.826395,0.8253245,0.7610594,0.7102653,0,0,0,0,0,0,0,0,0,0,0
0,0,0,0,0,0,0,0,0,0,0,0,0,0,0,0,0.9199894,0.9533767,0.8399105,0.6936492,0.9063259,1,0.9675847,0.9150299,0.8265955,0.760897,0.7414599,0.6991432,0.6644185,0.6955622,0,0,0,0,0,0,0,0,0,0,0,0,0,0,0,0.5998406,0.6524622,0.6232902,0.9397991,1,0.8550316,0.7786096,0.6195516,0.794553,0.7916659,0.679514,0.6236886,0.5430709,0,0,0,0,0,0,0,0
0,0,0,0,0,0,0,0,0,0,0,0,0.8173772,0.8378288,0.8708939,0.8360213,0.9769574,1,0.900359,0.8493662,0.9977477,0.9867944,0.9305981,0.8458194,0.8863384,0.8812832,0.9148189,0.8471548,0.8312858,0.8533884,0.858523,0.8672753,0.8477038,0,0,0,0,0,0.6876852,0.7239808,0.7251555,0.7744852,0.7430796,0.7315573,0.8091621,0.741881,0.7420124,0.7657422,0.9495054,1,0.9169214,0.833798,0.7982918,0.7225903,0.690445,0,0,0,0,0,0,0,0,0,0,0
0,0,0,0,0,0,0,0,0.8193387,0.8518994,0.8642473,0.8172957,0.8221533,0.8940589,0.860736,0.8415033,0.9735543,1,0.8993957,0.8361872,0.8181102,0,0.8335593,0.8722767,0.8361222,0.7778257,0.7856579,0.7899703,0,0,0,0,0,0,0,0,0,0,0.7636397,0.7120408,0,0.717224,0.7579643,0.8742577,0.8525316,0.7851776,0,0.7961698,0.9540733,1,0.8945857,0.7736349,0,0,0,0,0,0,0,0,0,0,0,0,0,0
0,0,0,0,0,0,0,0,0,0,0.6906423,0.7654859,0.7755393,0.7578389,0.81103,0.9342768,1,0.9112812,0.8817924,0.7695011,0.7716673,0.7348111,0.7910963,0.7178293,0.7488083,0.7415696,0.7480163,0.7334774,0.7012422,0.6902838,0.683482,0.7069404,0,0,0,0,0,0,0,0,0,0,0.737825,0.7870043,0.7868474,0.777595,0.7330409,0.7429789,0.9447513,1,0.9048079,0.6581722,0.7100316,0.6905633,0,0,0,0,0,0,0,0,0,0,0,0
0,0,0,0,0,0,0,0,0,0,0,0,0.596339,0.6717315,0.7609677,0,0.9638275,1,0.9229383,0.6671087,0.7676075,0.59456,0.6870935,0.6556741,0,0,0,0,0,0,0,0,0,0,0,0,0,0,0,0,0,0,0,0,0,0.6248028,0.7016795,0.7219995,0.9417871,1,0.8675297,0.6908327,0.6220987,0,0,0,0,0,0,0,0,0,0,0,0,0
0,0,0,0,0,0,0,0,0,0,0,0,0,0,0,0.8324587,1,0.9402465,0.859845,0.8097753,0.7282203,0,0,0,0,0,0,0,0,0,0,0,0,0,0,0,0,0,0,0,0,0,0,0,0,0,0,0.6752076,0.9388179,1,0.9027104,0.6909846,0,0,0,0,0,0,0,0,0,0,0,0,0,0
0,0,0,0,0,0,0,0,0,0,0,0,0,0,0,0.8319073,1,0.9942479,0.8385171,0,0,0,0,0,0,0,0,0,0,0,0,0,0,0,0,0,0,0,0,0,0,0,0,0,0,0,0,0.6387116,0.9446269,1,0.8815804,0,0,0,0,0,0,0,0,0,0,0,0,0,0,0
0,0,0,0,0,0,0,0,0,0,0,0,0,0,0.7438502,0.7724538,1,0.9993526,0.9515194,0.8830108,0.7434035,0.6690276,0.6465533,0,0,0,0,0,0,0,0,0,0,0,0,0,0,0,0,0,0,0,0,0,0,0,0,0.5994711,0.9328206,1,0.8924741,0.7600521,0.7719893,0.7576916,0.7120179,0.6012872,0,0,0,0,0,0,0,0,0,0
0,0,0,0,0,0,0,0,0,0,0,0,0.7090258,0.7474911,0.8276858,0.8170951,0.9941785,1,0.9006079,0.933952,0.8332025,0.759298,0,0,0,0,0,0,0,0,0,0,0,0,0,0,0,0,0,0,0,0,0,0,0,0,0,0.7305347,0.953299,1,0.8839135,0.7376768,0.6882043,0.7938157,0.8617021,0.8034835,0.7817957,0.7164388,0.6861966,0,0,0,0,0,0,0
0,0,0,0,0,0,0,0,0,0.622628,0.7117739,0.6825821,0,0.7509087,0.8337759,0.9259593,1,0.9446731,0.6824653,0,0,0,0,0,0,0,0,0,0,0,0,0,0,0,0,0,0,0,0,0,0,0,0,0,0,0,0,0,0.9372543,1,0.8817214,0.7227915,0.7169247,0.7583846,0.8572056,0.8365984,0.6888755,0.6323766,0.6575801,0.6389838,0,0,0,0,0,0
0,0,0,0.8224297,0.8176336,0,0,0,0,0,0,0,0,0,0,0.8128129,1,0.9888127,0,0,0,0,0,0,0,0,0,0,0,0,0,0,0,0,0,0,0,0,0,0,0,0,0,0,0,0,0,0,0.9433048,1,0.8821779,0.7502864,0.7835026,0.7766926,0,0,0,0,0,0,0,0,0,0,0,0
0,0,0,0,0,0,0,0,0,0,0.6195315,0.6516706,0,0.6990244,0.7754101,0.8640622,1,0.9834177,0.7556971,0,0,0,0,0,0,0,0,0,0,0,0,0,0,0,0,0,0,0,0,0,0,0,0,0,0,0.7437972,0.7999346,0.7871876,0.9148504,1,0.881725,0.6275827,0,0,0,0,0,0,0,0,0,0,0,0,0,0
