GestureName: z
Duration(ms): 1410
Handedness: right

SpeakerAngles: 2
55
-55

InterpretedPoints: 30
0,0
0,0
0,0
0,0
0,0
0,0
-0.806707284111599,3.95403765024536
-2.4201218523348,5.08376269317261
-1.6134145682232,3.38917512878174
-0.806707284111599,-3.95403765024536
0,0
0,0
0.806707284111599,1.69458756439087
2.4201218523348,3.95403765024536
4.03353642055799,10.7323879078088
3.22682913644639,11.2972504292725
13.7140238298972,-1.69458756439087
12.9073165457856,1.12972504292725
6.45365827289279,1.12972504292725
0,0
0,0
1.6134145682232,1.12972504292725
-0.806707284111599,5.08376269317261
-5.64695098878119,5.08376269317261
-5.64695098878119,-0.564862521463624
0,-1.12972504292725
0,0
0,0
0,0
0,0

StrokePoints: 31
177.666666666667,130.277777777778
177.666666666667,130.277777777778
177.666666666667,130.277777777778
177.666666666667,130.277777777778
177.666666666667,130.277777777778
177.666666666667,130.277777777778
177.666666666667,130.277777777778
178.473373950778,126.323740127532
180.893495803113,121.23997743436
182.506910371336,117.850802305578
183.313617655448,121.804839955823
183.313617655448,121.804839955823
183.313617655448,121.804839955823
182.506910371336,120.110252391433
180.086788519001,116.156214741187
176.053252098443,105.423826833378
172.826422961997,94.1265764041059
159.1123991321,95.8211639684968
146.205082586314,94.6914389255695
139.751424313422,93.5617138826423
139.751424313422,93.5617138826423
139.751424313422,93.5617138826423
138.138009745198,92.431988839715
138.94471702931,87.3482261465424
144.591668018091,82.2644634533698
150.238619006872,82.8293259748334
150.238619006872,83.9590510177607
150.238619006872,83.9590510177607
150.238619006872,83.9590510177607
150.238619006872,83.9590510177607
150.238619006872,83.9590510177607

Velocities: 30
0,0
0,0
0,0
0,0
0,0
0,0
3,4
3,6
2,4
-4,-3
0,0
0,0
2,1
5,2
12,7
12,8
7,-10
9,-7
5,-3
0,0
0,0
2,0
4,5
1,8
-4,3
-1,-1
0,0
0,0
0,0
0,0

InverseVelocities: 30
0,0
0,0
0,0
0,0
0,0
0,0
-2,0
-10,-3
-12,-5
0,0
0,0
0,0
0,0
0,0
0,-3
-5,-11
-7,0
-4,3
-1,0
0,0
0,0
0,0
-4,0
-4,0
0,0
0,0
0,0
0,0
0,0
0,0

RawData: 30
0,0,0,0,0,0,0,0,0,0,0,0,0,0,0,0.8028001,0.9931682,1,0.8383703,0,0,0,0,0,0,0,0,0,0,0,0,0,0,0,0,0,0,0,0,0,0,0,0,0,0,0,0,0,0.9398848,1,0.9028419,0,0,0,0,0,0,0,0,0,0,0,0,0,0,0
0,0,0,0,0,0,0,0,0,0,0,0,0,0,0,0.8100192,1,0.9997743,0.8056366,0,0,0,0,0,0,0,0,0,0,0,0,0,0,0,0,0,0,0,0,0,0,0,0,0,0,0,0,0.5525643,0.9327175,1,0.8934556,0,0,0,0,0,0,0,0,0,0,0,0,0,0,0
0,0,0,0,0,0,0,0,0,0,0,0,0,0,0,0.8159667,1,0.9814906,0.7705714,0,0,0,0,0,0,0,0,0,0,0,0,0,0,0,0,0,0,0,0,0,0,0,0,0,0,0,0,0,0.9289309,1,0.8823116,0,0,0,0,0,0,0,0,0,0,0,0,0,0,0
0,0,0,0,0,0,0,0,0,0,0,0,0,0,0,0.8202766,1,0.9363483,0.6739202,0,0,0,0,0,0,0,0,0,0,0,0,0,0,0,0,0,0,0,0,0,0,0,0,0,0,0,0,0,0.931425,1,0.8739356,0,0,0,0,0,0,0,0,0,0,0,0,0,0,0
0,0,0,0,0,0,0,0,0,0,0,0,0,0,0,0.8506171,1,0.9577633,0.7663481,0,0,0,0,0,0,0,0,0,0,0,0,0,0,0,0,0,0,0,0,0,0,0,0,0,0,0,0,0.5934379,0.9376976,1,0.9042737,0.5889734,0,0,0,0,0,0,0,0,0,0,0,0,0,0
0,0,0,0,0,0,0,0,0,0,0,0,0,0.6910924,0.7694503,0.8776453,1,0.9799728,0.7761962,0.5944496,0,0,0,0,0,0,0,0,0,0,0,0,0,0,0,0,0,0,0,0,0,0,0,0,0,0,0,0.6108564,0.955037,1,0.8184124,0.7924376,0.66695,0,0,0,0,0,0,0,0,0,0,0,0,0
0,0,0,0,0,0,0,0,0,0,0,0.7441641,0.7822185,0.7654496,0.8868514,0.9602798,0.996676,1,0.7218837,0.692553,0.6773261,0.6324598,0.6536942,0,0,0,0,0,0,0,0,0,0,0,0,0,0,0,0,0,0,0,0,0,0,0,0,0.6937916,0.95311,1,0.8778063,0.7587442,0.7861848,0.796559,0.8152387,0.7648245,0.6050625,0,0,0,0,0,0,0,0,0
0,0,0,0.7157286,0.75318,0,0.7492785,0.8622307,0.8957697,0.9173586,0.903661,0.8884279,0.7580969,0.840078,0.9108033,0.9393374,0.9936743,1,0.8148172,0.7167301,0.7156987,0.7316074,0.7539175,0,0,0,0,0,0,0,0,0,0,0,0,0,0,0,0,0,0,0,0,0.6934267,0.74247,0.760489,0.72183,0,0.9359635,1,0.9346964,0.8501637,0.7570314,0.8520166,0.8931404,0.8689265,0.8279921,0.7689502,0.7019092,0,0,0,0,0,0,0
0,0.6087816,0.7083977,0.7867987,0.7963133,0.7396961,0.7720422,0.7811053,0.6305776,0.7330706,0.7724099,0.7899523,0.8391723,0.7575192,0.8037167,0.6983602,0.9918998,1,0.7885893,0,0.6483499,0.6062623,0,0,0,0,0,0,0,0,0,0,0,0,0,0,0,0,0,0,0,0.6631109,0.7295837,0.8312898,0.904656,0.8887451,0.8857664,0.9138478,0.9484618,1,0.8454453,0.7697633,0.782894,0.7559386,0.657369,0,0.5880318,0,0,0,0,0,0,0,0,0
0,0,0,0,0,0,0,0,0,0.6921729,0.740059,0.7573792,0.8182799,0.846827,0.851561,0.9387389,1,0.9818252,0.8063882,0,0,0,0,0,0,0,0,0,0,0,0,0,0,0,0,0,0,0,0,0,0,0,0,0.6414866,0.7961869,0.8525184,0.9033231,0.9225005,0.9656419,1,0.8833724,0.6588359,0,0,0,0,0,0,0,0,0,0,0,0,0,0
0,0,0,0,0,0,0,0,0,0,0,0,0,0,0.8238522,0.9486598,1,0.9772394,0,0,0,0,0,0,0,0,0,0,0,0,0,0,0,0,0,0,0,0,0,0,0,0,0,0,0,0,0.6872295,0.775289,0.9035749,1,0.918879,0.7083897,0,0,0,0,0,0,0,0,0,0,0,0,0,0
0,0,0,0,0,0,0,0,0,0,0,0,0,0,0.6594844,0.8963119,1,0.9474275,0.7325515,0.7154534,0,0,0,0,0,0,0,0,0,0,0,0,0,0,0,0,0,0,0,0,0,0,0,0,0,0,0,0.6923803,0.9617978,1,0.8764343,0.833414,0.6993803,0,0,0,0,0,0,0,0,0,0,0,0,0
0,0,0,0,0,0,0,0,0,0,0,0,0,0,0,0.8502007,1,0.9752544,0.7872711,0.8145054,0.7962465,0.7379921,0,0,0,0,0,0,0,0,0,0,0,0,0,0,0,0,0,0,0,0,0,0,0,0,0,0.7046072,0.955002,1,0.8266859,0.7842487,0.7379165,0.7211966,0,0,0,0,0,0,0,0,0,0,0,0
0,0,0,0,0,0,0,0,0,0,0,0,0,0,0,0.8139349,1,0.9680999,0.8152295,0.7063271,0.8315948,0.8734097,0.8600155,0.8662255,0.7316152,0,0,0,0,0,0,0,0,0,0,0,0,0,0,0,0,0,0,0,0,0,0,0.6229892,0.9362088,1,0.902917,0.7612419,0.7786898,0.6304257,0.6857849,0,0,0,0,0,0,0,0,0,0,0
0,0,0,0,0,0,0,0,0,0,0,0,0,0.6158813,0.7107543,0.7328933,1,0.9975232,0.8383388,0.7104084,0.7426153,0.7974327,0.8924221,0.9070142,0.7843533,0.8327453,0.7839755,0.6830458,0.6128973,0.6475138,0.6225083,0.6143302,0,0,0,0,0,0,0,0,0,0,0,0.6164699,0.6946987,0.6852531,0.6550564,0.5763147,0.9339085,1,0.9069448,0.8653145,0.810102,0.7201366,0.7074489,0.6711474,0.7194332,0.6720214,0.6095471,0.5854735,0,0,0,0,0,0
0,0,0,0,0,0,0,0,0.6474978,0.6755415,0,0.652729,0.7205215,0.7127699,0.6953344,0.792612,0.9739586,1,0.909999,0.8860617,0.8586966,0.8003094,0.7235939,0.8808994,0.9142303,0.8694952,0.8032526,0.6496979,0.6420061,0.6833942,0.7146068,0.7173192,0.6343408,0,0,0.6164834,0.6319853,0.6186036,0.670319,0.6791896,0.683259,0.7865163,0.7556226,0.8374171,0.7995449,0.6651322,0.7157468,0.7728178,0.9167123,1,0.9237427,0.8288806,0.8185866,0.7504496,0.6804783,0.6733772,0.6115441,0.6834328,0.6476058,0.6335601,0.6210151,0,0,0,0,0
0,0,0,0,0,0,0.7479982,0.7794741,0.7480394,0.7507535,0,0.8064613,0.8413161,0.9203767,0.897158,0.9008653,1,0.9915482,0.9323477,0.9182407,0.8720288,0.8873501,0.733524,0.8639991,0.8546362,0.763538,0.8002509,0,0,0,0,0,0,0,0,0,0.6760078,0.6895242,0.684966,0,0.78004,0.8753503,0.8930496,0.8511044,0.7896534,0.7653483,0.8290282,0.8121153,0.9597598,1,0.8745817,0,0.6764017,0,0,0,0,0,0,0,0,0,0,0,0,0
0,0,0,0,0,0,0,0,0,0.7062982,0.7211822,0.6810809,0.8276334,0.8614797,0.8268299,0.8789506,1,0.9966166,0.9303613,0.9369119,0.8787603,0.8656556,0.8685346,0.7945228,0.7035751,0,0.6976915,0.6756348,0.6940002,0,0,0,0,0,0,0,0,0,0,0.6435745,0.6792292,0.637693,0.6823941,0.6950288,0.7320353,0.8150744,0.7968827,0.7697957,0.9486449,1,0.8958755,0.6301868,0.6788436,0,0.6576321,0.6475933,0,0,0,0,0,0,0,0,0,0
0,0,0,0,0,0,0,0,0,0,0,0,0.6539703,0.7849604,0.9037516,0.884609,1,0.9812676,0.802619,0.7886333,0.7735446,0.7973757,0.7573986,0.6640054,0.6298806,0,0,0,0,0,0,0,0,0,0,0,0,0,0,0,0,0,0,0.5778614,0.6417775,0.6563739,0.6475044,0.7031077,0.9241194,1,0.8831196,0.6839524,0.5600097,0,0,0,0,0,0,0,0,0,0,0,0,0
0,0,0,0,0,0,0,0,0,0,0,0,0,0,0.7907561,0.7771577,1,0.9975503,0.8430094,0,0,0,0,0,0,0,0,0,0,0,0,0,0,0,0,0,0,0,0,0,0,0,0,0,0,0,0,0,0.9353824,1,0.9043414,0,0,0,0,0,0,0,0,0,0,0,0,0,0,0
0,0,0,0,0,0,0,0,0,0,0,0,0,0,0,0.8783946,1,0.9590397,0.8354481,0,0,0,0,0,0,0,0,0,0,0,0,0,0,0,0,0,0,0,0,0,0,0,0,0,0,0,0,0,0.9436528,1,0.9088433,0.7504584,0,0,0,0,0,0,0,0,0,0,0,0,0,0
0,0,0,0,0,0,0,0,0,0,0,0,0,0,0,0,1,0.9859827,0.8148989,0.8673912,0.8125654,0.7495953,0,0,0,0,0,0,0,0,0,0,0,0,0,0,0,0,0,0,0,0,0,0,0,0,0.6602778,0.7322908,0.9438652,1,0.8995274,0.7278144,0.6560756,0,0,0,0,0,0,0,0,0,0,0,0,0
0,0,0,0,0,0,0,0,0,0.6551844,0.6619212,0.7319288,0.677362,0.7567062,0.7832928,0.8571552,0.9844036,1,0.8317637,0.8631949,0.7717577,0.8303331,0.7852095,0.7265736,0,0,0,0,0,0,0,0,0,0,0,0,0,0,0,0,0,0,0,0,0,0,0,0.7489068,0.9545662,1,0.888707,0.7432147,0.7623132,0.7512694,0.8330556,0.8480537,0.8123974,0.6947776,0,0,0,0,0,0,0,0
0,0,0,0,0,0,0,0,0,0.7414266,0.7522955,0.8305411,0.8882442,0.9167732,0.9026006,0.900914,1,0.9776836,0.8028741,0,0.6756669,0,0,0,0,0,0,0,0,0,0,0,0,0,0,0,0,0,0,0,0,0,0,0,0,0,0,0,0.947131,1,0.8732039,0.8126005,0.8003661,0.8354918,0.8291805,0.7001403,0.7426729,0.7553551,0.6738821,0.6826339,0.6577006,0,0,0,0,0
0,0,0,0,0,0,0,0,0,0.6673827,0.743129,0.7284224,0.7073961,0.8737944,0.8454694,0.8424852,1,0.9825495,0.7833587,0,0,0,0,0,0,0,0,0,0,0,0,0,0,0,0,0,0,0,0,0,0,0,0,0,0,0,0,0.7275349,0.95617,1,0.8697345,0.7780893,0.7418578,0.7642667,0.7588184,0.7049896,0,0,0,0,0,0,0,0,0,0
0,0,0,0,0,0,0,0,0,0,0,0,0.6835508,0.8386682,0.9138041,0.9177473,0.9978434,1,0.8088101,0,0,0,0,0,0,0,0,0,0,0,0,0,0,0,0,0,0,0,0,0,0,0,0,0,0,0.6331196,0.6961207,0.7658398,0.9355642,1,0.9045988,0,0,0,0,0,0,0,0,0,0,0,0,0,0,0
0,0,0,0,0,0,0,0,0,0,0,0,0,0,0.6929825,0.8914902,1,0.9689592,0.7276096,0,0,0,0,0,0,0,0,0,0,0,0,0,0,0,0,0,0,0,0,0,0,0,0,0,0,0,0.6177162,0.759895,0.9563532,1,0.8799495,0,0,0,0,0,0,0,0,0,0,0,0,0,0,0
0,0,0,0,0,0,0,0,0,0,0,0,0,0,0,0.8691575,1,0.9721312,0.7562323,0,0,0,0,0,0,0,0,0,0,0,0,0,0,0,0,0,0,0,0,0,0,0,0,0,0,0,0,0,0.9433681,1,0.8867126,0,0,0,0,0,0,0,0,0,0,0,0,0,0,0
0,0,0,0,0,0,0,0,0,0,0,0,0,0,0,0.816506,1,0.9922349,0.7329777,0,0,0,0,0,0,0,0,0,0,0,0,0,0,0,0,0,0,0,0,0,0,0,0,0,0,0,0,0.6273061,0.9396546,1,0.8912663,0,0,0,0,0,0,0,0,0,0,0,0,0,0,0
0,0,0,0,0,0,0,0,0,0,0,0,0,0,0,0.6995487,0.9787686,1,0.8053156,0,0,0,0,0,0,0,0,0,0,0,0,0,0,0,0,0,0,0,0,0,0,0,0,0,0,0,0,0.6524345,0.9263832,1,0.8979166,0,0,0,0,0,0,0,0,0,0,0,0,0,0,0
