GestureName: zigzag
Duration(ms): 1410
Handedness: right

SpeakerAngles: 2
55
-55

InterpretedPoints: 30
0,0
0,0
0,0
0.806707284111599,0.564862521463624
3.2268291364464,6.77835025756348
2.4201218523348,9.6026628648816
2.4201218523348,9.6026628648816
0,5.64862521463624
-2.4201218523348,-1.69458756439087
-2.4201218523348,-5.08376269317261
-1.6134145682232,-6.77835025756348
-0.806707284111599,-7.34321277902711
0,-6.77835025756348
-0.806707284111599,0.564862521463624
-0.806707284111599,7.34321277902711
0,7.90807530049073
-1.6134145682232,6.77835025756348
0,1.12972504292725
1.6134145682232,-3.38917512878174
0.806707284111599,-2.82431260731812
0,-3.38917512878174
2.4201218523348,-3.95403765024536
-0.806707284111599,-1.69458756439087
0,0
0,0
0,0
0,0
0,0
0,0
0,0

StrokePoints: 31
177.666666666667,130.277777777778
177.666666666667,130.277777777778
177.666666666667,130.277777777778
177.666666666667,130.277777777778
176.859959382555,129.712915256314
173.633130246109,122.934564998751
171.213008393774,113.331902133869
168.792886541439,103.729239268987
168.792886541439,98.0806140543513
171.213008393774,99.7752016187421
173.633130246109,104.858964311915
175.246544814332,111.637314569478
176.053252098443,118.980527348505
176.053252098443,125.758877606069
176.859959382555,125.194015084605
177.666666666667,117.850802305578
177.666666666667,109.942727005087
179.28008123489,103.164376747524
179.28008123489,102.034651704597
177.666666666667,105.423826833378
176.859959382555,108.248139440697
176.859959382555,111.637314569478
174.43983753022,115.591352219724
175.246544814332,117.285939784115
175.246544814332,117.285939784115
175.246544814332,117.285939784115
175.246544814332,117.285939784115
175.246544814332,117.285939784115
175.246544814332,117.285939784115
175.246544814332,117.285939784115
175.246544814332,117.285939784115

Velocities: 30
0,0
0,0
0,0
1,0
8,4
10,7
10,7
5,5
-3,0
-6,-3
-7,-5
-7,-6
-6,-6
0,1
6,7
7,7
5,7
1,1
-2,-4
-2,-3
-3,-3
-2,-5
-2,-1
0,0
0,0
0,0
0,0
0,0
0,0
0,0

InverseVelocities: 30
0,0
0,0
0,0
0,0
0,0
0,0
0,0
0,0
0,0
0,0
1,0
0,0
0,0
0,0
0,0
0,0
-1,0
-1,-1
0,0
0,0
1,4
3,4
3,2
0,0
0,0
0,0
0,0
0,0
0,0
0,0

RawData: 30
0,0,0,0,0,0,0,0,0,0,0,0,0,0,0,0.8552009,1,0.9805301,0.7587948,0,0,0,0,0,0,0,0,0,0,0,0,0,0,0,0,0,0,0,0,0,0,0,0,0,0,0,0,0,0.9400809,1,0.8905771,0,0,0,0,0,0,0,0,0,0,0,0,0,0,0
0,0,0,0,0,0,0,0,0,0,0,0,0,0,0,0.7462516,0.9986036,1,0.7829519,0,0,0,0,0,0,0,0,0,0,0,0,0,0,0,0,0,0,0,0,0,0,0,0,0,0,0,0,0.6717599,0.9339428,1,0.882284,0,0,0,0,0,0,0,0,0,0,0,0,0,0,0
0,0,0,0,0,0,0,0,0,0,0,0,0,0,0.6542528,0.8324943,1,0.9829102,0.7634338,0,0,0,0,0,0,0,0,0,0,0,0,0,0,0,0,0,0,0,0,0,0,0,0,0,0,0,0,0.7370619,0.9506104,1,0.8876943,0,0,0,0,0,0,0,0,0,0,0,0,0,0,0
0,0,0,0,0,0,0,0,0,0,0,0,0,0,0,0.8491216,1,0.9849162,0.8820812,0.8304761,0.7538003,0,0,0,0,0,0,0,0,0,0,0,0,0,0,0,0,0,0,0,0,0,0,0,0,0,0,0,0.938804,1,0.8996158,0.677817,0,0,0,0,0,0,0,0,0,0,0,0,0,0
0,0,0,0,0,0,0,0,0,0,0,0,0,0.6077985,0.6140615,0.8426553,1,0.9726212,0.7556887,0.7836903,0.8146827,0.7996328,0.7689837,0,0.7156706,0.7257019,0.6938108,0.6424094,0,0,0,0,0,0,0,0,0,0,0,0,0,0,0,0,0,0,0,0,0.9406998,1,0.8787689,0.7137557,0.6769248,0.6449687,0.7167169,0.7082279,0.6737564,0,0,0,0,0,0,0,0,0
0,0,0,0,0,0,0,0,0,0,0,0,0,0.6708015,0.6853895,0.82991,1,0.988233,0.788062,0.7010629,0.776992,0.7694159,0.6887245,0.6769679,0.8199897,0.8236567,0.8195388,0.8794706,0.8339078,0.7279901,0,0,0,0,0,0,0,0,0,0,0,0,0,0,0,0,0,0,0.9458652,1,0.8905667,0.6816715,0,0.715808,0.7585701,0.7412432,0.7565051,0.7488253,0.7459877,0.7299501,0,0,0,0,0,0
0,0,0,0,0,0,0,0,0,0,0,0,0,0,0,0.8411103,1,0.9835429,0.7813896,0.7899058,0.795257,0,0.6976182,0.7662535,0.7440535,0.8299946,0.8483766,0.817165,0.7730117,0.6829676,0,0,0,0,0,0,0,0,0,0,0,0,0,0,0,0,0,0.6997033,0.9368924,1,0.9027295,0.7952864,0.7607594,0.7064267,0,0.795401,0.8352326,0.8221604,0.7887133,0.7387601,0,0,0,0,0,0
0,0,0,0,0,0,0,0,0,0,0,0,0,0.6717504,0.6265616,0.7750031,1,0.9982713,0.8263381,0.81335,0.8075982,0.7539531,0.7326451,0.7164053,0.6238919,0,0,0,0,0,0,0,0,0,0,0,0,0,0,0,0,0,0,0,0,0,0,0.7028266,0.9507381,1,0.9116694,0.8233583,0.7869467,0.8102348,0.827795,0.7679307,0.6702635,0.6553954,0,0,0,0,0,0,0,0
0,0,0,0,0,0,0,0,0,0,0.6797991,0.7679807,0.8340753,0.8722971,0.8841563,0.8756325,1,0.9929377,0.7684388,0.6413349,0,0,0,0,0,0,0,0,0,0,0,0,0,0,0,0,0,0,0,0,0,0,0,0,0,0,0.711292,0.7989198,0.9122609,1,0.892878,0.6445539,0,0,0,0,0,0,0,0,0,0,0,0,0,0
0,0,0,0,0,0,0,0.6532458,0.7387623,0.7867461,0.7413811,0.8019782,0.8236138,0.7639887,0.7831861,0.8016841,1,0.9817317,0.7195477,0,0,0,0,0,0,0,0,0,0,0,0,0,0,0,0,0,0,0,0,0,0,0,0,0.6020596,0.5732145,0.7275761,0.7864702,0.8486164,0.9052457,1,0.9001932,0.5955434,0.614567,0,0,0,0,0,0,0,0,0,0,0,0,0
0,0,0,0,0,0,0.7368563,0.7967421,0.6387544,0.7807393,0.7450238,0.8152367,0.8290828,0.7121881,0.6231079,0.8419762,1,0.9924434,0.8249524,0.6506119,0.6264962,0,0,0,0,0,0,0,0,0,0,0,0,0,0,0,0,0,0,0,0,0.7088425,0.7992205,0.8085189,0.7689394,0.7041043,0.7570609,0.7894335,0.9387658,1,0.8937282,0.7762002,0.7483749,0,0,0,0,0,0,0,0,0,0,0,0,0
0,0,0,0,0,0,0.748754,0.8057937,0.7282515,0.7336395,0.7291347,0.7262917,0,0.7422817,0.7594512,0.8574739,1,0.9805195,0.7499812,0,0,0,0,0,0,0,0,0,0,0,0,0,0,0,0,0,0,0,0,0,0.7129197,0.8086583,0.7749906,0.7536477,0.6457576,0.811875,0.7803776,0.7841436,0.9557601,1,0.8814633,0,0.6592017,0,0,0,0,0,0,0,0,0,0,0,0,0
0,0,0,0,0,0,0,0.6219133,0.6967984,0.7488177,0.777824,0.7566095,0.7644617,0.7660093,0.7484505,0.837176,1,0.9790835,0.7348823,0,0,0,0,0,0,0,0,0,0,0,0,0,0,0,0,0,0,0,0,0,0.5637769,0.6387185,0.6611544,0.7064095,0.8200079,0.8231896,0.7091845,0,0.9428787,1,0.8710713,0.5818031,0.5413055,0,0,0,0,0,0,0,0,0,0,0,0,0
0,0,0,0,0,0,0,0,0,0,0,0,0,0.7638672,0.8028603,0,1,0.9825768,0.7855865,0.7441255,0,0,0,0,0,0,0,0,0,0,0,0,0,0,0,0,0,0,0,0,0,0,0,0,0,0,0.703287,0,0.9519795,1,0.885747,0.7736009,0.7672022,0.7176898,0,0,0,0,0,0,0,0,0,0,0,0
0,0,0,0,0,0,0,0,0,0,0,0,0,0,0,0.8307012,1,0.9924632,0.7934198,0.6993895,0.6730048,0.6985711,0.6977364,0.7537816,0.7039217,0.631485,0,0,0,0,0,0,0,0,0,0,0,0,0,0,0,0,0,0,0,0,0.6247188,0.7772822,0.8988817,1,0.9020832,0.6540317,0.640514,0.7270472,0.7690436,0.7487946,0.7422681,0.7339793,0.7086132,0.6408386,0,0,0,0,0,0
0,0,0,0,0,0,0,0,0,0,0,0,0,0,0.7075995,0.8694704,1,0.9769519,0.7590669,0,0.733145,0.7726406,0.8225255,0.8104771,0.7288975,0.7507678,0.6693548,0,0,0,0,0,0,0,0,0,0,0,0,0,0,0,0,0,0,0,0.6856748,0.775821,0.9592753,1,0.8870789,0.7008322,0.7356762,0.6881906,0.6852847,0.7586505,0,0.7847021,0.8496998,0.7982979,0,0,0,0,0,0
0,0,0,0,0,0,0,0,0,0,0,0,0.6351508,0.6283693,0.7437862,0.8147628,1,0.9838251,0.7533033,0.6848661,0.8237765,0.8471845,0.7864842,0.7187529,0.6719045,0,0,0,0,0,0,0,0,0,0,0,0,0,0,0,0,0,0,0,0,0,0,0.6299601,0.9486902,1,0.887438,0.7544328,0.6824589,0.7874848,0.7958336,0.7439636,0.8086527,0.8277981,0.7758704,0.6684459,0,0,0,0,0,0
0,0,0,0,0,0,0,0,0,0,0,0,0.697012,0.6700822,0.833859,0.7554852,1,0.9917107,0.8095078,0.8031834,0.7016037,0,0,0,0,0,0,0,0,0,0,0,0,0,0,0,0,0,0,0,0,0,0,0,0,0.7522294,0.8049048,0.8305892,0.9573624,1,0.9152384,0.8492603,0.7409482,0.6777253,0,0,0,0,0,0,0,0,0,0,0,0
0,0,0,0,0,0,0,0,0,0,0,0.721839,0.790212,0.8247515,0.8534613,0.7995974,1,0.9842701,0.7593641,0.6394633,0,0,0,0,0,0,0,0,0,0,0,0,0,0,0,0,0,0,0,0,0,0,0.6565208,0.7733417,0.8451138,0.8464077,0.8473567,0.8166074,0.937113,1,0.9016497,0.7419965,0.6145031,0,0,0,0,0,0,0,0,0,0,0,0,0
0,0,0,0,0,0,0,0,0,0,0,0.7303259,0.7972162,0.824582,0.7452887,0.858643,1,0.9816945,0.7841167,0.6842815,0,0,0,0,0,0,0,0,0,0,0,0,0,0,0,0,0,0,0,0,0,0,0,0.7381225,0.8028673,0.8061684,0.8042896,0.8087944,0.9246947,1,0.9150333,0,0,0,0,0,0,0,0,0,0,0,0,0,0,0
0,0,0,0,0,0,0,0,0,0,0.6843828,0.6536766,0.7001254,0.6560026,0.7610011,0.8530871,1,0.9788597,0.7208312,0.7751063,0.7298946,0,0,0,0,0,0,0,0,0,0,0,0,0,0,0,0,0,0,0,0,0,0,0.6758978,0.671064,0.7077292,0.7486498,0.749949,0.9304025,1,0.898268,0.8080809,0.8248642,0.7976106,0.8070031,0.7678308,0.685158,0,0,0,0,0,0,0,0,0
0,0,0,0,0,0,0,0,0,0,0,0.7420084,0.7727906,0.7360069,0.675378,0.8513608,1,0.9854173,0.7873742,0.6558979,0.8085444,0.8199311,0.7034132,0,0,0,0,0,0,0,0,0,0,0,0,0,0,0,0,0,0,0.6255172,0.6803795,0.6925149,0.6966378,0.7584522,0.7572347,0.7627642,0.9366836,1,0.9328299,0.8396157,0.769455,0.7402457,0.727811,0.7333322,0.6591842,0,0,0,0,0,0,0,0,0
0,0,0,0,0,0,0,0,0,0,0,0.6390068,0.7280176,0.7838227,0.727149,0.7892902,1,0.983054,0.7049689,0.8101145,0.8396404,0.7877807,0.7034289,0,0,0,0,0,0,0,0,0,0,0,0,0,0,0,0,0,0,0,0,0,0,0.7125718,0.7789462,0.7402731,0.9262559,1,0.9112638,0.7951773,0.6406078,0.5711865,0.6040329,0,0,0,0,0,0,0,0,0,0,0
0,0,0,0,0,0,0,0,0,0,0,0,0,0.7700011,0.8614287,0.947323,0.999116,1,0.9079936,0.7934942,0,0,0,0,0,0,0,0,0,0,0,0,0,0,0,0,0,0,0,0,0,0,0,0,0,0,0.7754343,0.8490858,0.9696214,1,0.8762572,0.7433205,0,0,0,0,0,0,0,0,0,0,0,0,0,0
0,0,0,0,0,0,0,0,0,0,0,0,0,0,0,0.886416,1,0.9905938,0,0,0,0,0,0,0,0,0,0,0,0,0,0,0,0,0,0,0,0,0,0,0,0,0,0,0,0,0,0.7405056,0.9509916,1,0.8702257,0,0,0,0,0,0,0,0,0,0,0,0,0,0,0
0,0,0,0,0,0,0,0,0,0,0,0,0,0,0,0.8639843,1,0.9779499,0.7852459,0,0,0,0,0,0,0,0,0,0,0,0,0,0,0,0,0,0,0,0,0,0,0,0,0,0,0,0,0,0.9303089,1,0.9019672,0,0,0,0,0,0,0,0,0,0,0,0,0,0,0
0,0,0,0,0,0,0,0,0,0,0,0,0,0,0,0.8315398,1,0.9789466,0.7469625,0,0,0,0,0,0,0,0,0,0,0,0,0,0,0,0,0,0,0,0,0,0,0,0,0,0,0,0,0.5840403,0.9385851,1,0.8759629,0,0,0,0,0,0,0,0,0,0,0,0,0,0,0
0,0,0,0,0,0,0,0,0,0,0,0,0,0,0,0.8618071,1,0.9715215,0.738064,0,0,0,0,0,0,0,0,0,0,0,0,0,0,0,0,0,0,0,0,0,0,0,0,0,0,0,0,0.6578126,0.9464586,1,0.8849003,0,0,0,0,0,0,0,0,0,0,0,0,0,0,0
0,0,0,0,0,0,0,0,0,0,0,0,0,0,0,0.8567958,1,0.9690419,0.7083323,0,0,0,0,0,0,0,0,0,0,0,0,0,0,0,0,0,0,0,0,0,0,0,0,0,0,0,0,0.674885,0.9544546,1,0.8712676,0,0,0,0,0,0,0,0,0,0,0,0,0,0,0
0,0,0,0,0,0,0,0,0,0,0,0,0,0,0,0.857326,1,0.9786949,0.7595513,0,0,0,0,0,0,0,0,0,0,0,0,0,0,0,0,0,0,0,0,0,0,0,0,0,0,0,0,0.6788405,0.9502629,1,0.894613,0,0,0,0,0,0,0,0,0,0,0,0,0,0,0
