GestureName: double_arch
Duration(ms): 1410
Handedness: right

SpeakerAngles: 5
55
-55
0
0
110

SpeakerElevations: 5
-10
-10
-10
0
30

InterpretedPoints: 30
5.68949337220784,8.16165660690143,1.61081457866456
1.64886655441207,10.1528279128096,1.28446275633149
6.48911025908166,12.3970857516763,0.416221867996835
-0.0212711917133253,1.17881458679941,-1.15270364466614
-8.12379601901819,-8.19489185086417,-3.13175911166535
-10.543917871353,-8.59964483542496,-2.95811093399842
-8.92341290589201,-17.3391675137123,-0.895277334996045
-2.44139304404812,-10.0506366138708,-0.805407289332278
-1.62759536269875,-4.37721924057237,-0.652703644666139
-8.07416323835376,-5.90286857396856,0.194592710667721
-4.84733410190737,1.13570298703193,-1.19459271066772
-4.86860529362069,-4.62471343821749,-1.65270364466614
1.6134145682232,-3.09934054895166,0.694592710667721
0.813797681349374,0.73418636124956,0.847296355333861
1.62759536269875,0.437988228523536,1.34729635533386
1.62050496546097,-8.94520895615352,1.54188906600158
3.21973873920862,-8.48253773362872,0.889185421335443
3.2268291364464,-2.25945008585449,0.694592710667721
0,0,0
-0.813797681349374,9.23542914477486,-1.19459271066772
0,0,0
2.43430264681035,1.97246625601158,0.82635182233307
0.806707284111599,5.53447802748804,-0.520944533000791
7.29581754319326,9.71769043427321,1.11081457866456
7.29581754319326,8.71769043427321,1.11081457866456
8.11670562178041,13.5148549063942,1.7635182233307
8.91632250865424,12.9559703290352,1.08987004566377
2.42721224957257,2.81833466321343,-0.0209445330007911
0,0,0
0,0,0

StrokePoints: 31
0,0,0
5.68949337220784,8.16165660690143,1.61081457866456
7.33835992661991,18.314484519711,2.89527733499604
13.8274701857016,30.7115702713873,3.31149920299288
13.8061989939883,31.8903848581867,2.15879555832674
5.68240297497007,23.6954930073225,-0.972963553338607
-4.86151489638292,15.0958481718976,-3.93107448733702
-13.7849278022749,-2.2433193418147,-4.82635182233307
-16.2263208463231,-12.2939559556855,-5.63175911166535
-17.8539162090218,-16.6711751962578,-6.28446275633149
-25.9280794473756,-22.5740437702264,-6.08987004566377
-30.7754135492829,-21.4383407831945,-7.28446275633149
-35.6440188429036,-26.063054221412,-8.93716640099763
-34.0306042746804,-29.1623947703636,-8.24257369032991
-33.2168065933311,-28.4282084091141,-7.39527733499605
-31.5892112306323,-27.9902201805905,-6.04798097966219
-29.9687062651713,-36.935429136744,-4.5060919136606
-26.7489675259627,-45.4179668703728,-3.61690649232516
-23.5221383895163,-47.6774169562273,-2.92231378165744
-23.5221383895163,-47.6774169562273,-2.92231378165744
-24.3359360708657,-38.4419878114524,-4.11690649232516
-24.3359360708657,-38.4419878114524,-4.11690649232516
-21.9016334240553,-36.4695215554408,-3.29055466999209
-21.0949261399437,-30.9350435279528,-3.81149920299288
-13.7991085967505,-21.2173530936796,-2.70068462432832
-6.50329105355722,-12.4996626594064,-1.58987004566377
1.6134145682232,1.01519224698779,0.173648177666928
10.5297370768774,13.971162576023,1.26351822333069
12.95694932645,16.7894972392365,1.2425736903299
12.95694932645,16.7894972392365,1.2425736903299
12.95694932645,16.7894972392365,1.2425736903299

Velocities: 30
4,3,1
0,3,4
5,2,5
0,-3,1
-5,-3,3
-6,-1,1
-6,-2,-7
0,0,-4
0,0,-2
-3,6,-7
0,5,-1
0,2,-4
0,-2,-2
0,0,-2
0,0,-2
-1,-2,-3
0,-5,-3
0,-4,0
0,0,0
0,0,4
0,0,0
1,0,0
1,0,2
4,0,4
4,0,4
3,0,7
5,0,6
2,0,1
0,0,0
0,0,0

InverseVelocities: 30
-2,0,-2
0,0,0
-1,0,-3
0,0,-2
1,0,-5
0,0,-8
0,0,0
0,0,0
0,0,0
2,0,3
0,0,4
0,-3,2
0,0,0
0,0,0
0,0,2
0,0,2
0,0,0
0,0,0
0,0,0
0,0,-1
0,0,0
0,0,0
0,0,0
0,0,-2
0,0,0
0,0,0
0,0,-2
0,0,-1
0,0,0
0,0,0

RawData: 30
0,0,0,0,0,0,0,0,0,0,0,0.6607321,0.6082335,0,0.6617951,0.9198447,1,0.8888092,0.7374884,0.6383834,0,0.6793259,0.7105312,0.6672359,0,0,0,0,0,0,0,0,0,0,0,0,0,0,0,0,0,0,0,0,0,0,0,0,0.7808236,1,0.9723836,0,0.7531693,0.7909049,0.6582596,0.7434223,0,0,0,0,0,0,0,0,0,0,0,0,0,0,0,0,0,0,0,0,0,0.6158928,0.6052713,0.6279369,0,0.9422464,1,0.8792117,0.5963112,0.6773514,0.6292033,0,0,0,0,0,0,0,0,0,0,0,0,0,0,0,0,0,0,0,0,0,0,0,0,0.5833822,0.6186306,0.6149592,0.8614513,1,0.9485852,0.6488567,0,0,0,0.6071252,0.5888138,0.5864847,0,0,0,0,0,0,0,0,0,0,0,0,0,0,0,0,0,0,0,0,0,0,0,0.6755095,0.9785084,1,0.8093491,0,0.7275248,0.7339051,0.7209397,0.7244078,0.674827,0.7286845,0,0,0,0,0,0,0
0,0,0,0,0,0,0,0,0,0,0,0,0,0,0,0.9434124,1,0.8782887,0,0,0,0,0,0,0,0,0,0,0,0,0,0,0,0,0,0,0,0,0,0,0,0,0,0,0,0,0,0.7237543,0.7940066,1,0.9812262,0.8058035,0.7907836,0.748291,0.7409874,0.758763,0,0,0,0,0,0,0,0,0,0,0,0,0,0,0,0,0,0,0,0,0,0,0,0,0.6352438,0.9612392,1,0.8437542,0.7250018,0,0.6350191,0.6235975,0.6525937,0.6684869,0,0,0,0,0,0,0,0,0,0,0,0,0,0,0,0,0,0,0,0,0,0,0,0,0.8775229,1,0.9568803,0.7844347,0,0,0.6828595,0.6722932,0.7088767,0.6675299,0.6257861,0,0,0,0,0,0,0,0,0,0,0,0,0,0,0,0,0,0,0,0,0,0,0.7834461,0.9775116,1,0.8645375,0,0.7992182,0.7628508,0.6927958,0.7498524,0.733768,0,0,0,0,0,0,0,0
0,0,0,0,0,0,0,0,0,0,0,0,0.6438417,0.6598081,0.6846916,0.912594,1,0.8946307,0,0,0.6688661,0.6660476,0.6353426,0.6718931,0.677968,0,0,0,0,0,0,0,0,0,0,0,0,0,0,0,0,0,0,0,0,0,0.7370346,0.7852415,0.8096073,1,0.9796314,0.8024536,0.783329,0.7630172,0.7179183,0,0,0,0,0,0,0,0,0,0,0,0,0,0,0,0,0,0,0,0,0,0.5908003,0.608787,0.63503,0.6903795,0.712259,0.9506734,1,0.860453,0.7056901,0.6505115,0.6342542,0.6607216,0,0.6267161,0.5878493,0,0,0,0,0,0,0,0,0,0,0,0,0,0,0,0,0,0,0,0,0,0.6562843,0.7320618,0.8776717,1,0.9473538,0.7327844,0.6349056,0.6712885,0.6750079,0.6060784,0,0.6056164,0,0,0,0,0,0,0,0,0,0,0,0,0,0,0,0,0,0,0,0,0,0.6581305,0.7764388,0.8418622,0.9782357,1,0.7769808,0.6498861,0.7551062,0.7534053,0.6822504,0.7111177,0.6564246,0,0,0,0,0,0,0,0
0,0,0,0,0,0,0,0,0,0,0,0,0,0,0.7643971,0.9408104,1,0.9070425,0,0,0,0,0,0,0,0,0,0,0,0,0,0,0,0,0,0,0,0,0,0,0,0,0,0.7972268,0.8143898,0,0,0,0.8104123,1,0.9873375,0.8485625,0,0,0,0,0,0,0,0,0,0,0,0,0,0,0,0,0,0,0,0,0,0,0,0,0,0.7442556,0,0.7288951,0.6997533,0.9479887,1,0.8896704,0,0,0.7035518,0,0,0,0,0,0,0,0,0,0,0,0,0,0,0,0,0,0,0,0,0,0,0,0.7849295,0.7608932,0.761612,0.8293643,0.8614066,1,0.9564862,0.7630731,0.7537432,0.7579322,0,0,0,0,0,0,0,0,0,0,0,0,0,0,0,0,0,0,0,0,0,0,0.7996471,0.8105859,0.8434951,0.8124052,0.7651277,0.8406779,0.9943634,1,0.8338532,0,0,0,0,0,0,0,0,0,0,0,0,0,0
0,0,0,0,0,0,0,0,0.7402008,0.7358057,0.7932351,0.90464,0.8902045,0.7982656,0.8467442,0.9393542,1,0.8743006,0.7206467,0.7022208,0.6972126,0,0,0,0,0,0,0,0,0,0,0,0,0,0,0,0,0,0,0,0,0,0,0.7677348,0.788215,0.8225884,0.7903528,0.8486729,0.7936649,1,0.951094,0.7547669,0,0,0,0,0,0,0,0,0,0,0,0,0,0,0,0,0,0,0,0,0,0,0.6857823,0.765637,0.7406831,0.7510974,0.8022577,0.7917191,0.835584,0.9649298,1,0.8650224,0.6734097,0,0.7253934,0.7052572,0.6551037,0,0,0,0,0,0,0,0,0,0,0,0,0,0,0.6455687,0.7445633,0.7619323,0.7078196,0.6326372,0,0,0,0.8217231,0.8380187,0.8168178,0.8627768,1,0.9552213,0.7487599,0.6624983,0,0,0,0,0,0,0,0,0,0,0,0,0,0,0,0,0,0,0.7507312,0.8515195,0.8411263,0.7399915,0.8274686,0.8719203,0.7769633,0.8885176,0.8515475,0.86297,0.909125,0.9396928,1,0.7970043,0.7492976,0,0,0,0,0,0,0,0,0,0,0,0,0
0,0,0,0,0,0,0,0.7837436,0.7930582,0.7790334,0.7594734,0.8871582,0.895303,0.7891862,0,0.9126741,1,0.9086965,0,0,0,0,0,0,0,0,0,0,0,0,0,0,0,0,0,0,0,0,0,0,0,0,0,0,0,0.8791032,0.955442,0.9694491,0.9008216,1,0.9454599,0,0,0,0,0,0,0,0,0,0,0,0,0,0,0,0,0,0,0,0,0.6916184,0.7343931,0.7180355,0.7142428,0.7766507,0.8283151,0.7727159,0.6257638,0.6383806,0.6636209,0.9364458,1,0.8836508,0.6710792,0.6809376,0.6080739,0,0,0,0,0,0,0,0,0,0,0,0,0,0,0,0,0,0.7284933,0.8552395,0.8537787,0.8008344,0.8213472,0.8763953,0.7986462,0,0.7750209,0.8192372,0.8344436,1,0.9687927,0.7380558,0,0,0,0,0,0,0,0,0,0,0,0,0,0,0,0,0,0,0,0.731317,0.8191608,0.9125954,0.8790578,0.8833509,0.9293609,0.9476712,0.8746334,0.8204936,0.7752776,0.8215136,0.9485272,1,0.7695457,0.7333423,0,0,0,0,0,0,0,0,0,0,0,0,0
0,0,0,0,0,0,0,0.7907386,0.7681032,0,0.7062386,0.7364355,0.7087232,0.7894498,0.8388402,0.912014,1,0.9070316,0,0,0,0,0,0,0,0,0,0,0,0,0,0,0,0,0,0,0,0,0,0,0,0,0,0,0.7111948,0.8087106,0.8929206,0.8853574,1,0.9835484,0.8856192,0.8155667,0.7196962,0,0,0,0,0,0,0,0,0,0,0,0,0,0,0,0,0,0,0,0.6981049,0.7302951,0.6265442,0.6198469,0.7208079,0.71369,0.6977314,0.7839704,0.8245526,0.9514282,1,0.8977295,0,0,0,0,0,0,0,0,0,0,0,0,0,0,0,0,0,0,0,0,0.6525078,0.7953875,0.8458548,0.7290747,0.807769,0,0.816538,0.7663664,0.7771352,0.8739177,0.8627092,1,0.9754732,0.7542801,0.6399808,0,0,0,0,0,0,0,0,0,0,0,0,0,0,0,0,0,0,0,0.813572,0.8856755,0.7727566,0.8793881,0.8655334,0.8089008,0.7547805,0.8974053,0.872584,0.9503469,0.8931166,1,0.908467,0.7628888,0,0,0,0,0,0,0,0,0,0,0,0,0
0,0,0,0,0,0,0,0,0,0,0,0,0,0.8071731,0.9192722,0.9534884,1,0.9266534,0,0,0,0,0,0,0,0,0,0,0,0,0,0,0,0,0,0,0,0,0,0,0,0,0,0,0,0,0,0.8962322,0.9622128,1,0.9415586,0.7658422,0,0,0,0,0,0,0,0,0,0,0,0,0,0,0,0,0,0,0,0,0,0,0,0.712525,0.7547071,0.6466606,0.6803147,0.7125133,0.7422611,0.9219653,1,0.9159857,0,0,0,0,0,0,0,0,0,0,0,0,0,0,0,0,0,0,0,0,0,0.6868145,0.6989737,0,0.7653703,0.8585548,0.8256543,0.7852239,0.7861359,0.8288456,0.8308787,1,0.9776174,0.7755314,0,0,0,0,0,0,0,0,0,0,0,0,0,0,0,0,0,0,0,0,0,0,0,0,0.8421578,0.8535637,0.8272412,0.7822716,0.8900953,0.8169037,0.9959338,1,0.8497542,0,0,0,0,0,0,0,0,0,0,0,0,0,0
0,0,0,0,0,0,0,0,0,0,0,0,0,0.7403677,0.8357855,0.9264569,1,0.907229,0,0,0,0,0,0,0,0,0,0,0,0,0,0,0,0,0,0,0,0,0,0,0,0,0,0,0,0,0,0,0.8067979,0.9786435,1,0.8996215,0.7517377,0,0,0,0,0,0,0,0,0,0,0,0,0,0,0,0,0,0,0,0,0,0,0,0,0.7289397,0.7577029,0,0.7881327,0.9203939,1,0.891453,0.6359808,0.6727583,0,0,0,0,0,0,0,0,0,0,0,0,0,0,0,0,0,0,0,0,0,0,0,0.7403806,0.8259797,0.8590786,0,0.8830726,0.8790441,0.9984317,1,0.8428969,0.7617104,0.7002953,0,0,0,0,0,0,0,0,0,0,0,0,0,0,0,0,0,0,0,0,0,0,0,0.7555233,0.8402662,0.7897415,0.791302,0.7091107,0.9385999,1,0.9829081,0.9069361,0.7950827,0,0,0,0,0,0,0,0,0,0,0,0
0,0,0,0,0,0,0,0,0,0,0.7116886,0.7393768,0.7431664,0,0.7197302,0.9363235,1,0.8982741,0,0,0.6936772,0.6844058,0,0,0,0,0,0,0,0,0,0,0,0,0,0,0,0,0,0,0,0,0,0,0,0,0,0,0.8265914,1,0.9742922,0.9884722,0.9654853,0.8767722,0.8312172,0,0,0.7627261,0.7475656,0,0,0,0,0,0,0,0,0,0,0,0,0,0.6237432,0.6471635,0.63525,0,0.6480985,0.6440247,0.751664,0.7453252,0.6224408,0.9446625,1,0.90773,0.7623847,0.6759979,0.6943004,0.7356693,0.6947628,0,0,0,0,0,0,0,0,0,0,0,0,0,0,0,0,0,0,0,0,0,0,0.7850951,0.8208063,0.7519183,0.916428,1,0.9652743,0.7440192,0,0.6994781,0,0,0,0,0,0,0,0,0,0,0,0,0,0,0,0,0,0,0,0,0,0,0,0,0.7797916,0.7226965,0.7416632,0.8983012,0.927377,0.9853788,1,0.9426064,0.7996582,0.8159556,0.7538059,0.76709,0.7267971,0,0,0,0,0,0,0,0
0,0,0,0,0,0,0,0,0,0,0,0,0,0.8082372,0.8465489,0.8302092,1,0.9132785,0,0,0,0,0,0,0,0,0,0,0,0,0,0,0,0,0,0,0,0,0,0,0,0,0,0,0,0,0.792962,0.8684076,0.773378,0.9723762,0.9280497,1,0.9695013,0.8386896,0,0.781024,0.83228,0.7592623,0,0,0,0,0,0,0,0,0,0,0,0,0,0,0,0,0,0,0,0,0.6568714,0.6802905,0.7261992,0.9384422,1,0.9012331,0.7204349,0,0,0,0.6712291,0.6216264,0,0,0,0,0,0,0,0,0,0,0,0,0,0,0,0,0,0,0,0,0,0.6704386,0,0.7283019,0.8466888,1,0.9874845,0.7861568,0.7031313,0,0,0,0,0,0,0,0,0,0,0,0,0,0,0,0,0,0,0,0,0,0,0,0,0,0.7490716,0.7856808,0.8705809,0.7457352,0.9409025,1,0.8967029,0.8987975,0.8690841,0,0,0.7733459,0.7658241,0,0,0,0,0,0,0,0
0,0,0,0,0,0,0,0,0,0,0,0,0,0.6781473,0,0.9082976,1,0.9454811,0.7874625,0,0,0,0,0,0,0,0,0,0,0,0,0,0,0,0,0,0,0,0,0,0,0,0,0.8498261,0.8949806,0.8602274,0.8476076,0.7224375,0.8955617,1,0.9766414,0.865222,0.8214843,0.8803744,0.78065,0,0,0,0,0,0,0,0,0,0,0,0,0,0,0,0,0,0,0,0,0.654132,0.7375085,0.7470311,0.7170149,0.6566625,0.6860102,0.9119613,1,0.9246339,0.6799125,0.724311,0.6907248,0.6309508,0,0,0,0,0,0,0,0,0,0,0,0,0,0,0,0,0,0,0,0,0,0.7265505,0.7625485,0.759782,0.7000476,0.6946891,0.8323252,1,0.9698312,0.7194413,0.6644787,0.6867131,0,0,0,0,0,0,0,0,0,0,0,0,0,0,0,0,0,0,0,0,0,0.8712755,0.8992503,0.9674299,0.9806339,0.9015588,0.8269289,0.9082921,0.9976381,1,0.8839207,0.9304441,0.9168904,0,0.8588969,0.9192929,0.9091553,0.8586639,0.7946445,0,0,0,0,0,0
0,0,0,0,0,0,0,0,0,0,0,0,0,0,0,0.930166,1,0.8295932,0,0,0,0,0,0,0,0,0,0,0,0,0,0,0,0,0,0,0,0,0,0,0,0,0,0,0.8889969,0.928961,0.9211787,0,0.944993,0.9580082,1,0,0,0,0,0,0,0,0,0,0,0,0,0,0,0,0,0,0,0,0,0,0,0,0,0,0,0.7686459,0.7791652,0,0.8042648,0.9423833,1,0.8815222,0.8032174,0,0,0,0,0,0,0,0,0,0,0,0,0,0,0,0,0,0,0,0,0,0,0,0,0,0,0,0,0,0.8884789,1,0.9842808,0.8315756,0,0,0,0,0,0,0,0,0,0,0,0,0,0,0,0,0,0,0,0,0,0,0,0,0,0,0,0,0.8991291,0.9543791,1,0.9936639,0.9442847,0.8867647,0,0,0,0,0,0,0,0,0,0,0,0,0
0,0,0,0,0,0,0,0,0,0,0,0,0,0,0.6964018,0.8627165,1,0.9441118,0.6780383,0,0,0,0,0,0,0,0,0,0,0,0,0,0,0,0,0,0,0,0,0,0,0,0,0,0,0,0.7673485,0.8158634,0.8240237,0.9809148,1,0.8720021,0.7174014,0,0,0,0,0,0,0,0,0,0,0,0,0,0,0,0,0,0,0,0,0,0,0,0,0.6085625,0,0,0.7201103,0.9417861,1,0.8976337,0.6825842,0,0,0,0,0,0,0,0,0,0,0,0,0,0,0,0,0,0,0,0,0,0,0,0,0,0,0,0,0.6571211,0.858581,1,0.9555902,0.6709941,0.5833865,0,0.5992941,0.6117733,0,0,0,0,0,0,0,0,0,0,0,0,0,0,0,0,0,0,0,0,0,0,0,0,0.7805673,0.8945035,0.8579817,1,0.9125977,0.7564051,0.6994553,0,0,0,0,0,0,0,0,0,0,0,0
0,0,0,0,0,0,0,0,0,0,0,0,0,0,0.7129699,0.891806,1,0.9147844,0.6860588,0,0,0,0,0,0,0,0,0,0,0,0,0,0,0,0,0,0,0,0,0,0,0,0,0,0,0,0.7952992,0.7984934,0.8544924,1,0.8936433,0.9959904,0.8822651,0,0,0,0,0,0,0,0,0,0,0,0,0,0,0,0,0,0,0,0,0,0,0,0,0.7125137,0.7274958,0.7155805,0.7361623,0.9409482,1,0.9081516,0.7765715,0.6274222,0.6816577,0.6550695,0,0,0,0,0,0,0,0,0,0,0,0,0,0,0,0,0,0,0,0,0,0,0.6289254,0.6873817,0.6822267,0.667886,0.8219398,1,0.9831756,0.8293853,0.6915251,0.6261379,0.6705962,0.6618178,0,0,0,0,0,0,0,0,0,0,0,0,0,0,0,0,0,0.6976638,0.7159948,0,0,0.7039579,0.7565954,0.8162357,0.7943432,0.8516324,0.9496229,1,0.9313799,0.9043003,0.7704969,0.7289635,0,0,0,0,0,0,0,0,0,0,0
0,0,0,0,0,0,0,0,0,0,0,0,0.6838821,0.6532496,0,0.9161119,1,0.8851939,0,0,0,0,0,0,0,0,0,0,0,0,0,0,0,0,0,0,0,0,0,0,0,0,0,0,0.7860823,0.8088539,0.7056648,0.7746024,0.8844994,0.9946714,1,0.9512382,0.7684372,0,0,0,0,0,0,0,0,0,0,0,0,0,0,0,0,0,0,0,0,0,0,0,0.680659,0.6336827,0,0.6368504,0.7284107,0.9350541,1,0.8298436,0.7216514,0,0.6184155,0.6055623,0,0,0,0,0,0,0,0,0,0,0,0,0,0,0,0,0,0,0,0,0.5984055,0.6017982,0.581046,0.6048262,0.6882241,0.731323,0.8892213,1,0.9400571,0.7347723,0.6255763,0,0,0,0,0,0,0,0,0,0,0,0,0,0,0,0,0,0,0,0,0,0,0,0,0.6758344,0.7154325,0.746078,0.8596149,0.7229833,0.9518999,1,0.9584713,0.8558201,0.7056114,0,0,0,0,0,0,0,0,0,0,0,0
0,0,0,0,0,0,0,0,0,0,0,0,0,0,0.7217613,0.9393376,1,0.8834037,0,0,0,0,0,0,0,0,0,0,0,0,0,0,0,0,0,0,0,0,0,0,0,0.7638023,0.7509839,0.7855893,0.8127711,0.7529854,0.7938827,0.8521116,0.8705312,1,0.9862485,0.8722569,0,0,0,0,0,0,0,0,0,0,0,0,0,0,0,0,0,0,0,0,0,0,0,0,0.6727052,0.6401651,0,0,0.6729702,0.9408551,1,0.9042273,0.6621774,0,0,0,0,0,0,0,0,0,0,0,0,0,0,0,0,0,0,0,0,0,0,0,0,0.6476015,0,0.6633458,0.7018092,0.7256404,0.8387681,1,0.9489312,0.6858038,0.6691861,0,0,0,0,0,0,0,0,0,0,0,0,0,0,0,0,0,0,0,0,0,0,0,0,0,0.8253302,0.9244565,0.9389866,1,0.8181832,0.9729301,0.8642268,0.800748,0,0,0,0,0,0,0,0,0,0,0,0,0
0,0,0,0,0,0,0,0,0,0,0,0,0,0,0.8145642,0.9131026,1,0.8981425,0,0,0,0,0,0,0,0,0,0,0,0,0,0,0,0,0,0,0,0,0,0,0,0,0.7674305,0,0,0,0.7916871,0.8771644,0.8352169,1,0.9842286,0.7800757,0,0,0,0,0,0,0,0,0,0,0,0,0,0,0,0,0,0,0,0,0,0,0,0,0,0,0,0.7523549,0.7899094,0.9463611,1,0.8848293,0,0,0,0,0,0,0,0,0,0,0,0,0,0,0,0,0,0,0,0,0,0,0,0,0,0,0,0,0,0.8084995,0.8973536,1,0.9599384,0,0,0,0,0,0,0,0,0,0,0,0,0,0,0,0,0,0,0,0,0,0,0,0,0,0,0,0,0,0,0.9208294,1,0.9815967,0.8473232,0,0,0,0,0,0,0,0,0,0,0,0,0,0
0,0,0,0,0,0,0,0,0,0,0,0,0,0,0,0.9322899,1,0.8851116,0,0,0,0,0,0,0,0,0,0,0,0,0,0,0,0,0,0,0,0,0,0,0,0,0,0,0,0,0,0.7991007,0.9314595,1,0.9758654,0,0,0,0,0,0,0,0,0,0,0,0,0,0,0,0,0,0,0,0,0,0,0,0,0,0,0,0,0.7064589,0.7884966,0.967741,1,0.8619274,0,0,0,0,0,0,0,0,0,0,0,0,0,0,0,0,0,0,0,0,0,0,0,0,0,0,0,0,0,0.7616659,0.9067587,1,0.9465292,0,0,0,0,0,0,0,0,0,0,0,0,0,0,0,0,0,0,0,0,0,0,0,0,0,0,0,0,0.8365073,0.8694404,0.825506,0.9433126,1,0.8261655,0,0,0,0,0,0,0,0,0,0,0,0,0,0
0,0,0,0,0,0,0,0,0,0,0,0,0,0,0,0.921154,1,0.8857989,0,0,0,0,0,0,0,0,0,0,0,0,0,0,0,0,0,0,0,0,0,0,0,0,0,0,0,0,0.7293346,0.8215151,0.934532,1,0.9579272,0.6823201,0,0,0,0,0,0,0,0,0,0,0,0,0,0,0,0,0,0,0,0,0,0,0,0,0,0,0.6152075,0.7020231,0.7221733,0.9441172,1,0.8675021,0.6016735,0.6153782,0,0.6121594,0.6366241,0.6055121,0,0,0,0,0,0,0,0,0,0,0,0,0,0,0,0,0,0,0,0,0,0,0.7129414,0.7490689,0.8612795,1,0.9575506,0.6637678,0.6106582,0,0.6149076,0.6099433,0.6234275,0.6282995,0,0,0,0,0,0,0,0,0,0,0,0,0,0,0,0,0,0,0,0,0.6980104,0.7462625,0.8780674,0.93079,1,0.9881873,0.8188598,0,0,0,0,0,0,0,0,0,0,0,0,0,0
0,0,0,0,0,0,0,0,0,0,0,0,0,0,0,0.9242391,1,0.8925766,0,0,0,0,0,0,0,0,0,0,0,0,0,0,0,0,0,0,0,0,0,0,0,0,0,0,0,0,0,0,0.8166426,1,0.9701832,0,0,0,0,0,0,0,0,0,0,0,0,0,0,0,0,0,0,0,0,0,0,0,0,0,0,0,0,0,0.7515723,0.9642631,1,0.8843235,0,0,0,0,0,0,0,0,0,0,0,0,0,0,0,0,0,0,0,0,0,0,0,0,0,0,0,0,0,0,0.8970952,1,0.9529245,0.7083693,0.6988234,0,0,0,0,0,0,0,0,0,0,0,0,0,0,0,0,0,0,0,0,0,0,0,0,0,0,0,0.8522694,0.9412041,0.8713309,1,0,0,0,0,0,0,0,0,0,0,0,0,0,0,0
0,0,0,0,0,0,0,0,0,0,0,0,0,0,0,0.9337901,1,0.8946398,0,0.6857551,0.689429,0,0,0,0,0,0,0,0,0,0,0,0,0,0,0,0,0,0,0,0,0,0,0,0,0,0,0.7471591,0.8960435,1,0.9623331,0.7312905,0,0,0,0,0,0,0,0,0,0,0,0,0,0,0,0,0,0,0,0,0,0,0,0,0,0,0,0,0.7271661,0.9606702,1,0.8432804,0.7519485,0,0,0,0,0,0,0,0,0,0,0,0,0,0,0,0,0,0,0,0,0,0,0,0,0,0,0,0,0.6938133,0.8489562,1,0.9655831,0.7689579,0.6791712,0.6901096,0.7009494,0,0,0,0,0,0,0,0,0,0,0,0,0,0,0,0,0,0,0,0,0,0,0,0,0,0,0.8141072,0.9288855,1,0.9060708,0.7945345,0.7426988,0.7535009,0,0,0,0,0,0,0,0,0,0,0
0,0,0,0,0,0,0,0,0,0,0,0,0,0,0,0.9293166,1,0.8959638,0.7261667,0,0.6872581,0,0,0,0,0,0,0,0,0,0,0,0,0,0,0,0,0,0,0,0,0,0,0,0,0,0,0.8000175,0.8298564,1,0.9754205,0.75066,0,0,0,0,0,0,0,0,0,0,0,0,0,0,0,0,0,0,0,0,0,0,0,0,0,0,0,0.6975695,0.7986338,0.9630153,1,0.8558592,0.7481666,0.6644579,0.6775113,0.6667944,0,0,0,0,0,0,0,0,0,0,0,0,0,0,0,0,0,0,0,0,0,0,0,0,0.6522257,0.7271686,0.9038457,1,0.9240735,0.7981417,0.7715204,0.6500398,0.7158704,0.6682442,0,0,0,0,0,0,0,0,0,0,0,0,0,0,0,0,0,0,0,0,0,0,0,0.6910084,0.7393848,0.8825751,1,0.9834466,0.837537,0.7869756,0,0,0,0,0,0,0,0,0,0,0,0,0
0,0,0,0,0,0,0,0,0,0,0,0,0,0,0,0.9256364,1,0.924529,0.7766405,0,0,0.7645883,0.7824557,0.7114202,0,0,0,0,0,0,0,0,0,0,0,0,0,0,0,0,0,0,0,0,0,0,0.8365048,0.8531421,0.9444219,1,0.9529862,0,0,0,0,0,0,0,0,0,0,0,0,0,0,0,0,0,0,0,0,0,0,0,0,0,0,0.702959,0.6992923,0.6650877,0.8225354,0.9502786,1,0.8792679,0.761444,0,0.6972282,0.7583947,0.746902,0.6804335,0,0,0,0,0,0,0,0,0,0,0,0,0,0,0,0,0,0,0,0,0,0,0,0.7563727,0.8204778,1,0.9913597,0.8833054,0.7760421,0,0.7639278,0.8183938,0.7802101,0.6592008,0,0,0,0,0,0,0,0,0,0,0,0,0,0,0,0,0,0,0,0,0.7459803,0.7295254,0.7554942,0.8266547,0.9553089,1,0.9482304,0.8488283,0,0,0,0.8026742,0.7525677,0,0,0,0,0,0,0,0
0,0,0,0,0,0,0,0,0,0,0,0,0,0,0,0.9371813,1,0.8915213,0.804944,0,0,0.778415,0.841197,0.7875705,0,0,0,0,0,0,0,0,0,0,0,0,0,0,0,0,0,0,0,0,0,0,0,0.9526992,0.9799179,1,0.9784914,0.859296,0,0,0,0,0,0,0,0,0,0,0,0,0,0,0,0,0,0,0,0,0,0,0,0,0,0,0,0.7897536,0.8512403,0.9530351,1,0.9213905,0.7805462,0,0,0.7651956,0.8223612,0.7618251,0,0,0,0,0,0,0,0,0,0,0,0,0,0,0,0,0,0,0,0,0,0,0,0.8254786,0.8423944,1,0.9017523,0.8680933,0,0,0,0.864886,0.8545087,0,0,0,0,0,0,0,0,0,0,0,0,0,0,0,0,0,0,0,0,0,0,0,0.9114828,0.9656975,0.9769672,1,0.9694863,0.8911634,0,0,0.8441038,0.9343972,0.8709405,0,0,0,0,0,0,0,0
0,0,0,0,0,0,0,0,0,0,0,0,0,0.6729859,0.7396847,0.9384207,1,0.8288245,0.773294,0.7617868,0.8061072,0.7051626,0.6941574,0,0,0,0,0,0,0,0,0,0,0,0,0,0,0,0,0,0,0,0,0,0,0,0,0,0.837306,1,0.958712,0,0,0,0,0,0,0,0,0,0,0,0,0,0,0,0,0,0,0,0,0,0,0,0,0,0,0,0,0.6504665,0.6652614,0.9484546,1,0.9029059,0.8315216,0.6277412,0.7422712,0.7526594,0.6555185,0.6711193,0.708041,0.6378611,0.6104724,0,0,0,0,0,0,0,0,0,0,0,0,0,0,0,0,0,0,0,0,0.6346998,0.8687545,1,0.9645832,0.8331162,0.7273242,0.7415655,0.8185247,0.7860996,0.6963497,0.7793939,0.774033,0.7208831,0,0,0,0,0,0,0,0,0,0,0,0,0,0,0,0,0,0.6887521,0.7409496,0.7181134,0.7058863,0.7463875,0.983172,1,0.8096165,0.8116903,0.7981166,0.8055661,0.8375371,0.7980112,0.7741073,0.7552781,0.7821792,0,0,0,0,0,0
0,0,0,0,0,0,0,0,0,0,0,0,0,0,0.6893215,0.9183292,1,0.8293723,0.9310982,0.7913773,0.7886584,0.693611,0.790189,0.7619383,0.7063136,0,0,0,0,0,0,0,0,0,0,0,0,0,0,0,0,0,0,0,0,0,0,0,0.8285252,1,0.9725716,0.7743964,0,0,0,0,0,0,0,0,0,0,0,0,0,0,0,0,0,0,0,0,0,0,0,0,0,0.6316755,0.6052361,0.6088715,0,0.9471359,1,0.918405,0.8737353,0.8071413,0.6231135,0,0,0,0.6421462,0.6248842,0,0,0,0,0,0,0,0,0,0,0,0,0,0,0,0,0,0,0,0,0.7210436,0.7124098,0.8812367,1,0.9282647,0.8847348,0.8802704,0.7969369,0.6966377,0.7066689,0,0.6996658,0.6365762,0,0,0,0,0,0,0,0,0,0,0,0,0,0,0,0,0,0,0,0,0.6927894,0.7180442,0,0.9344102,1,0.9590115,0.8930142,0.6492518,0.7312119,0.7086114,0.7462884,0.6751654,0.6558299,0,0,0,0,0,0,0
0,0,0,0,0,0,0,0,0,0,0,0,0,0.8272396,0.8532167,0.9295858,1,0.9030838,0.9050512,0.8600329,0,0.770539,0,0,0,0,0,0,0,0,0,0,0,0,0,0,0,0,0,0,0,0,0,0,0,0,0,0.8159897,0.8478189,1,0.9698356,0,0,0,0,0,0,0,0,0,0,0,0,0,0,0,0,0,0,0,0,0,0,0,0,0,0,0,0.7341539,0.7666143,0.8051433,0.961198,1,0.91596,0.7923902,0.7138386,0.7158487,0,0,0,0,0,0,0,0,0,0,0,0,0,0,0,0,0,0,0,0,0,0,0,0,0.755235,0.7996373,0.8396499,0.8933386,1,0.9813429,0.82661,0.8178323,0.7938796,0,0,0,0,0,0,0,0,0,0,0,0,0,0,0,0,0,0,0,0,0,0,0,0,0,0,0.9106737,0.9060124,0.9664827,0.9679132,1,0.967952,0.8988274,0,0,0,0,0,0,0,0,0,0,0,0
0,0,0,0,0,0,0,0,0,0,0,0,0,0,0.8164153,0.9459044,1,0.9016438,0,0,0,0,0,0,0,0,0,0,0,0,0,0,0,0,0,0,0,0,0,0,0,0,0,0,0,0,0,0,0,1,0.9944514,0,0,0,0,0,0,0,0,0,0,0,0,0,0,0,0,0,0,0,0,0,0,0,0,0,0,0,0,0,0,0.9351667,1,0.8965213,0.7757173,0,0,0,0,0,0,0,0,0,0,0,0,0,0,0,0,0,0,0,0,0,0,0,0,0,0,0,0.7642254,0.8296136,0.8962396,1,0.9738452,0.8506642,0.7952762,0,0,0,0,0,0,0,0,0,0,0,0,0,0,0,0,0,0,0,0,0,0,0,0,0,0,0,0.9008696,0.9701976,1,0.9883973,0.9061126,0,0,0,0,0,0,0,0,0,0,0,0,0,0
0,0,0,0,0,0,0,0,0,0,0,0,0,0,0,0.8872113,1,0.9381588,0,0,0,0,0,0,0,0,0,0,0,0,0,0,0,0,0,0,0,0,0,0,0,0,0,0,0,0,0,0.8051952,0.8610724,1,0.9953265,0,0,0,0,0,0,0,0,0,0,0,0,0,0,0,0,0,0,0,0,0,0,0,0,0,0,0,0,0.7589238,0.781007,0.9305201,1,0.8938321,0.7137364,0,0,0,0,0,0,0,0,0,0,0,0,0,0,0,0,0,0,0,0,0,0,0,0,0,0,0,0,0.7696057,0.8712211,1,0.9686748,0,0,0,0,0,0,0,0,0,0,0,0,0,0,0,0,0,0,0,0,0,0,0,0,0,0,0,0,0,0.8444304,0.8718908,0.9710422,1,0.8768047,0,0,0,0,0,0,0,0,0,0,0,0,0,0
