GestureName: triangle
Duration(ms): 1316
Handedness: right

SpeakerAngles: 5
55
-55
0
0
110

SpeakerElevations: 5
-10
-10
-10
0
30

InterpretedPoints: 28
0,0,0
2.43430264681035,2.95727400902378,0.652703644666139
3.24100993092194,5.50694428349962,0.305407289332279
4.05480761227132,5.21074615077359,0.805407289332278
-6.47492946460611,-11.8597569742011,0.236481776669304
-14.5845446891488,-21.4261665656633,-1.20068462432832
-16.2192304490853,-27.0416657009977,-1.83244373599367
-6.48911025908166,-28.5501901086162,1.4939080863394
-9.76557217619249,-33.8200159585612,0.251334396009493
-4.91823807428512,-26.1925609350174,-0.81149920299288
-0.0212711917133248,-11.8445647272133,0.410129954336234
-0.820888078587149,-3.94208176203599,-0.479055466999209
0,-0.969615506024416,0.347296355333861
0.856340064776024,12.2246347177728,1.41622186799684
4.08316920122242,19.5986175995668,0.200684624328323
0.849249667538249,11.047123810962,2.13175911166535
2.38466986614592,21.8783528594368,-5.27837084267088
1.5850529792721,5.97910625303789,-2.52094453300079
-1.62759536269875,-2.37721924057237,-0.652703644666139
0,0,0
0,0,0
0.00709039723777505,-2.68575887029902,0.847296355333861
2.46975463299922,4.20125540376012,2.97905546699921
5.67531257773229,4.4642182925234,0.958110933998418
1.64886655441207,11.5571952885791,0.416221867996835
0,0,0
0,-1.96961550602442,0.347296355333861
0,0,0

StrokePoints: 29
0,0,0
0,0,0
2.43430264681035,2.95727400902378,0.652703644666139
5.67531257773229,8.4642182925234,0.958110933998418
9.73012019000361,13.674964443297,1.7635182233307
3.2551907253975,1.81520746909591,2
-11.3293539637513,-19.6109590965674,0.799315375671677
-27.5485844128365,-46.6526247975651,-1.03312836032199
-34.0376946719182,-75.2028149061813,0.460779726017404
-43.8032668481107,-109.022830864743,0.712114122026897
-48.7215049223958,-135.21539179976,-0.0993850809659829
-48.7427761141091,-147.059956526973,0.310744873370251
-49.5636641926963,-151.002038289009,-0.168310593628958
-49.5636641926963,-151.971653795034,0.178985761704903
-48.7073241279202,-139.747019077261,1.59520762970174
-44.6241549266978,-120.148401477694,1.79589225403006
-43.7749052591596,-109.101277666732,3.92765136569541
-41.3902353930137,-87.2229248072953,-1.35071947697548
-39.8051824137416,-81.2438185542574,-3.87166400997627
-41.4327777764403,-83.6210377948298,-4.52436765464241
-41.4327777764403,-83.6210377948298,-4.52436765464241
-41.4327777764403,-83.6210377948298,-4.52436765464241
-41.4256873792025,-86.3067966651288,-3.67707129930855
-38.9559327462033,-82.1055412613687,-0.698015832309337
-33.280620168471,-77.6413229688453,0.260095101689081
-31.631753614059,-66.0841276802662,0.676316969685916
-31.631753614059,-66.0841276802662,0.676316969685916
-31.631753614059,-68.0537431862906,1.02361332501978
-31.631753614059,-68.0537431862906,1.02361332501978

Velocities: 28
0,0,0
1,0,1
2,0,2
2,0,2
-5,0,-5
-10,-1,-8
-10,-2,-12
-7,-4,-12
-12,-12,-12
-6,-11,-10
-1,-4,-6
0,-1,-2
0,0,-2
0,6,6
5,7,7
0,5,0
8,0,8
2,-4,5
0,0,-2
0,0,0
0,0,0
0,1,-3
0,4,-1
3,0,3
3,6,3
0,0,0
0,0,-2
0,0,0

InverseVelocities: 28
0,0,0
0,0,0
0,0,-2
0,0,0
0,0,0
0,0,0
0,0,0
0,0,2
0,0,0
0,0,0
0,0,0
0,0,0
0,0,2
0,0,0
0,0,0
0,0,0
0,0,-6
-2,0,-6
0,0,0
0,0,0
0,0,0
0,0,0
0,0,4
0,0,0
0,0,0
0,0,0
0,0,0
0,0,0

RawData: 28
0,0,0,0,0,0,0,0,0,0,0,0,0,0,0,0.8828101,1,0.947476,0.7703027,0,0,0,0,0,0,0,0,0,0,0,0,0,0,0,0,0,0,0,0,0,0,0,0,0,0,0,0,0,0.7505725,1,0.9874781,0.7239279,0,0,0,0,0,0,0,0,0,0,0,0,0,0,0,0,0,0,0,0,0,0,0,0,0,0,0,0,0.6058665,0.9513711,1,0.7736777,0.6917201,0,0,0,0,0,0,0,0,0,0,0,0,0,0,0,0,0,0,0,0,0,0,0,0,0,0,0,0,0,0.8383738,1,0.9158759,0.7363448,0.6683263,0,0,0,0,0,0,0,0,0,0,0,0,0,0,0,0,0,0,0,0,0,0,0,0,0,0,0,0,0,0.968734,1,0.7592456,0,0,0,0,0,0,0,0,0,0,0,0,0,0
0,0,0,0,0,0,0,0,0,0,0,0,0,0,0,0.9468799,1,0.8831127,0.8745221,0.8216237,0.7319226,0,0,0,0,0,0,0,0,0,0,0,0,0,0,0,0,0,0,0,0,0,0,0,0,0,0,0,0.7889836,1,0.9596677,0.7938003,0,0,0,0,0,0,0,0,0,0,0,0,0,0,0,0,0,0,0,0,0,0,0,0,0,0,0,0,0.6933861,0.9577947,1,0.860144,0.76679,0.7630703,0.6447002,0,0,0,0,0,0,0,0,0,0,0,0,0,0,0,0,0,0,0,0,0,0,0,0,0,0,0,0.8718405,1,0.9582892,0,0.857034,0.8622357,0.770686,0,0,0,0,0,0,0,0,0,0,0,0,0,0,0,0,0,0,0,0,0,0,0,0,0,0,0.7378657,0.9744379,1,0.869408,0.8191448,0.8841175,0.8382851,0,0,0,0,0,0,0,0,0,0,0
0,0,0,0,0,0,0,0,0,0,0,0,0,0,0,0.943853,1,0.909776,0.7991375,0.9022654,0.9449138,0.8653377,0,0,0,0,0,0,0,0,0,0,0,0,0,0,0,0,0,0,0,0,0,0,0,0,0,0,0.8694198,1,0.9936827,0,0,0,0,0,0,0,0,0,0,0,0,0,0,0,0,0,0,0,0,0,0,0,0,0,0,0.7259599,0.7578554,0.718023,0.7760352,0.9682696,1,0.8779049,0.7116306,0.8142858,0.8241106,0.7699742,0,0,0,0,0,0,0,0,0,0,0,0,0,0,0,0,0,0,0,0,0,0,0,0,0,0,0.8475567,1,0.9776453,0.8036171,0.8486013,0.9037225,0.8294765,0.7837523,0,0,0,0,0,0,0,0,0,0,0,0,0,0,0,0,0,0,0,0,0,0,0,0,0,0.7935208,0.9844335,1,0.838762,0.8183942,0.9329074,0.8774348,0,0,0,0,0,0,0,0,0,0,0
0,0,0,0,0,0,0,0,0,0,0,0,0,0,0.7612084,0.9667057,1,0.9448376,0.9787371,0.9682997,0.8982353,0.7809808,0,0,0,0,0,0,0,0,0,0,0,0,0,0,0,0,0,0,0,0,0,0,0,0,0,0,0,1,0.9936559,0.9183843,0,0,0,0,0,0,0,0,0,0,0,0,0,0,0,0,0,0,0,0,0,0,0,0,0,0,0,0.6361657,0.6669179,0.9524587,1,0.8981608,0.7864193,0.8134484,0.7841498,0.6914499,0,0,0,0,0,0,0,0,0,0,0,0,0,0,0,0,0,0,0,0,0,0,0,0,0,0,0.8557457,1,0.9841474,0.9050454,0.9202009,0.890322,0.8139209,0.6783684,0,0,0,0,0,0,0,0,0,0,0,0,0,0,0,0,0,0,0,0,0,0,0,0,0,0.7980604,0.9812152,1,0.8093361,0.8901073,0.9130849,0.8605962,0.7288758,0,0,0,0,0,0,0,0,0,0
0,0,0,0,0,0,0,0,0.7921323,0.8445212,0.8725767,0.8729653,0.878094,0.9300526,0.9449389,0.9423587,1,0.9516439,0,0,0,0,0,0,0,0,0,0,0,0,0,0,0,0,0,0,0,0,0,0,0,0,0,0,0,0,0,0,0,0.9847236,1,0.8807507,0,0,0,0,0,0,0,0,0,0,0,0,0,0,0,0,0,0,0,0,0,0,0.6869221,0.7252962,0.7496341,0.7990075,0.8365651,0.8167468,0.7535135,0.9386649,1,0.8884418,0,0,0,0,0,0,0,0,0,0,0,0,0,0,0,0,0,0,0,0,0,0,0,0.7249211,0.751176,0.7631628,0.8030508,0.7721476,0,0,0.8878264,1,0.9315835,0.7390531,0.6914404,0,0,0,0,0,0,0,0,0,0,0,0,0,0,0,0,0,0,0,0,0,0,0,0.7661332,0.7913803,0.7644872,0,0,0.8357931,0.9849114,1,0.8786424,0.7963254,0,0,0,0,0,0,0,0,0,0,0,0,0
0,0,0,0.7060012,0.7552957,0.7922768,0.8205205,0.8070916,0.7757808,0.8165563,0.7634456,0,0.7732602,0,0,0.9085245,1,0.9026078,0,0,0,0,0,0,0,0,0,0,0,0,0,0,0,0,0,0,0,0,0,0,0,0,0,0,0,0.7827896,0.762482,0,0.8073451,1,0.9751952,0,0,0,0,0,0,0,0,0,0,0,0,0,0,0,0,0,0,0,0,0.6598551,0.7220644,0.7376481,0.7185724,0.6889312,0,0.6677456,0.7064114,0.7399439,0.6826525,0.9182993,1,0.9122508,0,0,0,0,0,0,0,0,0,0,0,0,0,0,0,0,0,0,0.6830418,0.6924531,0.6939331,0.7454238,0.7630415,0.766209,0.7171744,0.7087801,0.6950116,0.7092513,0.7388132,0.7514215,0.8496248,1,0.9595469,0,0,0,0,0,0,0,0,0,0,0,0,0,0,0,0,0,0,0,0.7785259,0.7922935,0.8252539,0.8291065,0.7716329,0,0,0.7858876,0.7953104,0.8410978,0.8497748,0.7862035,0.9981427,1,0.844958,0,0,0,0,0,0,0,0,0,0,0,0,0,0
0,0,0,0.7409397,0,0.753057,0,0,0,0,0,0,0,0,0,0.9170146,1,0.9167023,0,0,0,0,0,0,0,0,0,0,0,0,0,0,0,0,0,0,0,0,0,0,0,0,0,0,0.7725521,0.8013108,0,0.7875346,0.7624982,1,0.9765444,0,0,0,0,0,0,0,0,0,0,0,0,0,0,0,0.7382135,0.7279275,0.7319505,0.7064978,0,0,0,0,0,0.6800951,0.7300263,0,0,0,0,0.9307051,1,0.8968247,0,0,0,0,0,0,0,0,0,0,0,0,0,0,0,0.8146099,0.7969309,0.7176667,0.7008405,0.7397449,0,0,0.7047709,0.7467474,0.7539047,0.6963042,0,0,0,0,0.8511761,1,0.973014,0.7579939,0,0,0,0,0,0,0,0,0,0,0,0,0,0,0.894366,0.8815281,0,0,0,0.8204917,0,0.8358465,0,0,0,0.8247107,0,0,0.8222725,0.8873349,1,0.867443,0,0,0,0,0,0,0,0,0,0,0,0,0,0,0
0,0,0,0,0,0,0.7832121,0.7999434,0,0,0,0.7647902,0.7569566,0,0,0.9164415,1,0.9199733,0,0,0,0,0,0,0,0,0,0,0,0,0,0,0,0,0,0,0,0,0,0,0,0,0.8404874,0.8277771,0,0,0,0,0.8924342,1,0.9638871,0,0,0,0,0,0,0,0,0,0,0,0,0,0,0,0,0.7206391,0.697596,0,0,0,0,0,0.7064007,0.7100726,0.7001606,0.7184434,0,0,0.7427992,0.9406957,1,0.9168517,0.7251649,0,0.6821349,0.6954516,0,0,0,0,0,0,0,0,0,0,0,0,0.7346492,0,0,0,0,0,0.8063071,0.8045336,0,0.7369317,0,0,0,0,0.8588696,1,0.9766287,0.7739075,0,0,0,0,0,0,0,0,0,0,0,0,0,0,0,0,0,0,0,0,0,0,0.8025618,0.7973524,0,0,0,0,0,0,0.9764836,1,0.8289034,0,0,0,0,0,0,0,0,0,0,0,0,0,0
0,0.739548,0.7998425,0.7524362,0,0.7806709,0.8577287,0.9064812,0.8739733,0.896102,0.9045627,0.8393648,0.7767529,0.7770365,0,0.873382,1,0.9308537,0,0,0,0,0,0,0,0,0,0,0,0,0,0,0,0.7752554,0.8724675,0.8143162,0,0.8524271,0.8528677,0,0,0,0,0,0.8301494,0.7887219,0,0,0.7692702,0.9735249,1,0.846765,0,0,0,0,0,0,0,0,0,0,0,0,0,0,0.7116985,0.6774718,0,0.6826121,0.7260523,0.7160823,0.6975459,0.6821223,0.6642702,0.6890582,0.7533602,0.7164242,0,0,0,0.9298199,1,0.8941664,0,0,0,0,0,0,0,0,0,0,0,0,0,0,0,0.8113025,0.8094461,0.7392332,0,0,0,0,0.7409612,0.7645608,0.7468383,0.8231736,0.8001808,0,0,0,0.8048822,1,0.9865612,0.7708162,0,0,0,0,0,0,0,0,0,0,0,0,0,0,0.7542486,0.7709811,0.8136219,0.8000068,0.7257058,0,0,0,0,0,0,0.720841,0.7466291,0.7272471,0,0.7398415,0.9748232,1,0.8496118,0,0,0,0,0,0,0,0,0,0,0,0,0,0
0,0,0,0,0,0,0,0.8224232,0,0,0.8538692,0.8687367,0.8763524,0,0,0.9228123,1,0.9293086,0,0,0,0,0,0,0,0,0,0,0,0,0,0,0,0,0,0.88399,0.9110116,0.9498523,0.9258659,0,0,0,0,0.8893961,0.9103379,0,0,0,0,0.9863385,1,0,0,0,0,0,0,0,0,0,0,0,0,0,0,0,0,0,0,0.7515076,0.7505594,0,0,0.7343241,0,0,0.7690848,0.7856743,0.7852391,0.7357786,0,0.9356629,1,0.9075833,0,0,0,0,0,0,0,0,0,0,0,0,0,0,0,0,0,0,0.8406578,0.8461501,0.8122193,0,0.7965472,0,0,0.8422335,0.8766989,0.8625972,0.8093739,0,0.8431048,1,0.9813814,0,0,0,0,0,0,0,0,0,0,0,0,0,0,0,0,0,0.8063632,0.8322114,0.849821,0.8526534,0.8139825,0,0,0.7942429,0.8445085,0.8430378,0.8111438,0,0,0,0.9758145,1,0.825822,0,0,0,0,0,0,0,0,0,0,0,0,0,0
0,0,0,0,0,0,0,0,0,0,0,0,0.7458038,0.7680833,0.8356227,0.9381967,1,0.9095987,0,0,0,0,0,0,0,0,0,0,0,0,0,0,0,0,0,0,0,0,0,0,0,0,0.8524265,0.9023083,0.9575211,1,0.9965222,0.9949688,0.9061042,0.9946327,0.9588859,0,0,0,0,0,0,0,0,0,0,0,0,0,0,0,0,0,0,0,0,0,0,0.6225773,0,0,0.6761192,0.6401298,0.7286894,0.76985,0.6849893,0.9360789,1,0.889765,0,0,0,0,0,0,0,0,0,0,0,0,0,0,0,0,0,0,0,0,0,0,0,0,0.6811661,0.7787397,0.7523947,0.7275942,0.8283591,0.7048205,0.8191194,1,0.9816558,0.7212824,0,0,0,0,0,0,0,0,0,0,0,0,0,0,0,0,0,0,0,0,0,0,0,0,0.7927756,0.8331215,0.7497646,0.7949954,0.7915198,0.7816831,0.9682428,1,0.8389404,0,0,0,0,0,0,0,0,0,0,0,0,0,0
0,0,0,0,0,0,0,0,0,0,0,0,0,0,0.7543248,0.8512704,1,0.9112777,0,0,0,0,0,0,0,0,0,0,0,0,0,0,0,0,0,0,0,0,0,0,0,0,0,0,0,0.7624671,0.8098094,0.9329175,1,0.9123553,0.9165815,0,0,0,0,0,0,0,0,0,0,0,0,0,0,0,0,0,0,0,0,0,0,0,0,0,0,0.7094288,0.6414938,0.7331741,0.809796,0.886507,1,0.896696,0.6584684,0,0,0,0,0,0,0,0,0,0,0,0,0,0,0,0,0,0,0,0,0,0,0,0,0,0.6936098,0.7125183,0.7989938,0.8224173,0.7923067,1,0.9840037,0.7061597,0,0,0,0,0,0,0,0,0,0,0,0,0,0,0,0,0,0,0,0,0,0,0,0,0,0.7416286,0.7621362,0.8324131,0.8666867,0.8366946,0.9558655,1,0.8924077,0,0,0,0,0,0,0,0,0,0,0,0,0,0
0,0,0,0,0,0,0,0,0,0,0,0,0,0,0,0.8870043,1,0.9420846,0.7737821,0,0,0,0,0,0,0,0,0,0,0,0,0,0,0,0,0,0,0,0,0,0,0,0,0,0,0,0,0.753001,0.9114763,1,0.997565,0.9142373,0.753664,0,0,0,0,0,0,0,0,0,0,0,0,0,0,0,0,0,0,0,0,0,0,0,0,0.6863955,0.691485,0,0.7431148,0.9446883,1,0.9074017,0.7529765,0.676766,0.6918684,0.7128414,0,0,0,0,0,0,0,0,0,0,0,0,0,0,0,0,0,0,0,0,0,0,0,0,0,0,0.8414849,1,0.9754428,0.7809708,0.7422816,0.7328988,0,0,0,0,0,0,0,0,0,0,0,0,0,0,0,0,0,0,0,0,0,0,0,0,0,0,0,0.8884664,0.9336655,1,0.9857126,0.9600925,0,0,0,0,0,0,0,0,0,0,0,0,0
0,0,0,0,0,0,0,0,0,0,0,0,0,0,0,0.9154351,1,0.8892199,0.7774416,0.7355283,0,0,0,0,0,0,0,0,0,0,0,0,0,0,0,0,0,0,0,0,0,0,0,0,0,0,0,0,0.8230992,1,0.9152976,0.8598893,0.8750992,0.7822299,0.831272,0.8696213,0.8610406,0.8535622,0.8119692,0,0,0,0,0,0,0,0,0,0,0,0,0,0,0,0,0,0,0,0,0,0,0.9303374,1,0.905485,0.7168604,0,0,0.6402272,0.6921511,0.7387894,0.7286767,0.6703517,0,0,0,0,0,0,0,0,0,0,0,0,0,0,0,0,0,0,0,0,0,0.722439,0.8622206,1,0.9621745,0.7344268,0.7166563,0.6785838,0,0,0.6677707,0.6952868,0,0,0,0,0,0,0,0,0,0,0,0,0,0,0,0,0,0,0,0,0,0,0.795557,0.7931328,0.9288028,1,0.8173676,0.7900172,0.7628749,0.8175415,0.8832601,0.906376,0.8977697,0.8586651,0.7737553,0,0,0,0,0,0
0,0,0,0,0,0,0,0,0,0,0,0,0,0,0,0.9186342,1,0.9420052,0.8995352,0.8430443,0.6570439,0.6795958,0.7667579,0.7646478,0.679264,0,0,0,0,0,0,0,0,0,0,0,0,0,0,0,0,0,0,0,0,0,0.6732633,0.6894884,0.779924,1,0.9749295,0.7247401,0,0.743354,0.6677278,0.7195072,0.8488003,0.8660439,0.7900245,0.712674,0,0,0,0,0,0,0,0,0,0,0,0,0,0,0,0,0,0,0,0.6031559,0.5977992,0.9417757,1,0.8885437,0.705606,0,0.6508219,0.6453652,0,0.6456057,0.6026758,0.6802518,0.6241081,0,0,0,0,0,0,0,0,0,0,0,0,0,0,0,0,0,0,0,0,0.639246,0.8607022,1,0.9544843,0.7030469,0,0.6878513,0.6731932,0.6641658,0.6732633,0.6461292,0.7056864,0.6867775,0.6285165,0,0,0,0,0,0,0,0,0,0,0,0,0,0,0,0,0,0,0,0.8199964,0.863641,0.982139,1,0.838304,0.8756419,0.8453772,0.8957537,0.8869257,0.7619864,0.8609225,0.8027034,0.8382218,0,0,0,0,0,0
0,0,0,0,0,0,0,0,0,0,0,0,0,0,0,0.9362284,1,0.9041889,0.8130401,0.7878538,0,0,0,0,0,0,0,0,0,0,0,0,0,0,0,0,0,0,0,0,0,0,0,0,0,0,0,0.8009006,0.807404,1,0.983362,0,0,0.79266,0,0.8071128,0.8399333,0.8161907,0,0,0,0,0,0,0,0,0,0,0,0,0,0,0,0,0,0,0,0,0,0,0,0.9558806,1,0.8760673,0,0,0,0,0,0,0,0,0,0,0,0,0,0,0,0,0,0,0,0,0,0,0,0,0,0,0,0,0,0,0.8656189,1,0.9626127,0.7707375,0,0,0,0,0,0,0,0,0.7273638,0.7581594,0.7348766,0,0,0,0,0,0,0,0,0,0,0,0,0,0,0,0,0,0,0,0.9799048,1,0.8339676,0,0,0.8257135,0,0,0,0.8483784,0,0,0,0,0,0,0
0,0,0,0,0,0,0,0,0,0,0,0,0,0,0.7035589,0.9274354,1,0.9011169,0.6763952,0,0,0,0,0.6553052,0.6543413,0.6961988,0.7202979,0.6945643,0,0,0,0,0,0,0,0,0,0,0,0,0,0,0,0,0,0,0.7078425,0.7905338,0.8236319,1,0.9764013,0,0,0,0,0,0,0,0,0,0,0,0,0,0,0,0,0,0,0,0,0,0,0.6217944,0.6374152,0,0,0,0,0,0.7198363,0.9595413,1,0.8590849,0,0,0.6738063,0.6734233,0.6687514,0.6442611,0.6751001,0.7260996,0.6917491,0.6241207,0,0,0,0,0,0,0,0,0,0,0,0,0,0,0,0,0,0.6540219,0.6386184,0,0.8760476,1,0.9455673,0.628468,0,0.6427751,0.6253927,0.636378,0,0.6922376,0.6754446,0.6618553,0.6685914,0,0,0,0,0,0,0,0,0,0,0,0,0,0.6796563,0.6867174,0.7063429,0.7610464,0.7632776,0.7514747,0.7235537,0,0.9343357,1,0.8953467,0.6873232,0,0,0,0,0,0,0,0,0,0,0,0,0
0,0,0,0,0,0,0,0,0,0,0,0.6075051,0.5939119,0,0.6649918,0.8968092,1,0.8860993,0,0,0.6521928,0.6274725,0,0,0,0,0,0,0,0,0,0,0,0,0,0,0,0,0,0,0,0,0.6311371,0.7028956,0.7784873,0.7563916,0.6275943,0,0.8198541,1,0.9512771,0,0,0,0,0,0,0,0,0,0,0,0,0,0,0,0,0,0,0,0,0,0,0.5739569,0.6111405,0.6045078,0.594954,0.6385143,0.639345,0.6718662,0.6454291,0.9473644,1,0.8511356,0,0,0.6758921,0.6162322,0,0.5853328,0.5867279,0,0,0,0,0,0,0,0,0,0,0,0,0,0,0,0,0.6198509,0.5800865,0.6241405,0.6814113,0.6561227,0.6979918,0.7001026,0.8376746,1,0.947423,0.6138587,0.6697459,0.67404,0,0,0,0,0,0,0,0,0,0,0,0,0,0,0,0,0,0,0,0,0,0.689697,0.7250434,0,0.7698635,0.8035984,0.7292395,0.7070786,0.9265147,1,0.8203931,0.6593272,0.6410876,0,0,0,0,0,0,0,0,0,0,0,0
0,0,0,0,0,0,0,0,0,0,0,0,0,0,0,0.9379485,1,0.8839788,0,0,0,0,0,0,0,0,0,0,0,0,0,0,0,0,0,0,0,0,0,0,0,0,0,0,0,0,0.7589428,0,0.8870689,1,0.9484276,0,0,0,0,0,0,0,0,0,0,0,0,0,0,0,0,0,0,0,0,0,0,0,0,0,0,0.7086227,0,0,0,0.9568897,1,0.8756498,0,0,0,0,0,0,0,0,0,0,0,0,0,0,0,0,0,0,0,0,0,0,0,0,0,0,0,0.7149484,0,0,0.863528,1,0.9591407,0,0,0,0,0,0,0,0,0,0,0,0,0,0,0,0,0,0,0,0,0,0,0,0,0,0,0.7754745,0.8017676,0.8266855,0.7829798,0.7922667,0.979289,1,0.8027521,0,0,0,0,0,0,0,0,0,0,0,0,0,0
0,0,0,0,0,0,0,0,0,0,0,0,0,0.640625,0.6499416,0.9204081,1,0.8639728,0,0,0,0,0,0,0,0,0,0,0,0,0,0,0,0,0,0,0,0,0,0,0,0,0,0,0,0,0.7321611,0.7488394,0.8060006,1,0.9767631,0.7184337,0,0,0,0,0,0,0,0,0,0,0,0,0,0,0,0,0,0,0,0,0,0,0,0,0,0,0,0.6271118,0.6206414,0.9475027,1,0.855762,0,0,0,0,0,0,0,0,0,0,0,0,0,0,0,0,0,0,0,0,0,0,0,0,0,0,0,0,0.613134,0.7147396,0.8911008,1,0.9395861,0,0,0,0,0,0,0,0,0,0,0,0,0,0,0,0,0,0,0,0,0,0,0,0,0,0,0,0,0,0.704637,0,0.9298418,1,0.8532062,0,0,0,0,0,0,0,0,0,0,0,0,0,0
0,0,0,0,0,0,0,0,0,0,0,0,0,0,0,0.9382595,1,0.8919626,0,0,0,0,0,0,0,0,0,0,0,0,0,0,0,0,0,0,0,0,0,0,0,0,0,0,0,0,0,0,0.8432855,1,0.9789268,0,0,0,0,0,0,0,0,0,0,0,0,0,0,0,0,0,0,0,0,0,0,0,0,0,0,0,0,0,0.7015453,0.9563891,1,0.8791073,0,0,0,0,0,0,0,0,0,0,0,0,0,0,0,0,0,0,0,0,0,0,0,0,0,0,0,0,0,0,0.8715085,1,0.9363062,0,0,0,0,0,0,0,0,0,0,0,0,0,0,0,0,0,0,0,0,0,0,0,0,0,0,0,0,0,0,0,0.961179,1,0.8893771,0,0,0,0,0,0,0,0,0,0,0,0,0,0
0,0,0,0,0,0,0,0,0,0,0,0,0,0,0,0.9441863,1,0.9113608,0,0,0,0,0,0,0,0,0,0,0,0,0,0,0,0,0,0,0,0,0,0,0,0,0,0,0,0,0,0,0.8474581,1,0.9694582,0.7791911,0.8421773,0.7824637,0,0,0,0,0,0,0,0,0,0,0,0,0,0,0,0,0,0,0,0,0,0,0.7092946,0.7175633,0.6902394,0,0.7693099,0.9595682,1,0.897879,0.7162178,0,0,0,0,0,0,0,0,0,0,0,0,0,0,0,0,0,0,0,0,0,0,0,0,0,0,0,0,0,0.8911313,1,0.9554781,0.7974846,0,0,0,0,0,0,0,0,0,0,0,0,0,0,0,0,0,0,0,0,0,0,0,0,0,0,0,0,0,0,0.993409,1,0.8713121,0.9005894,0.8900206,0,0,0,0,0,0,0,0,0,0,0,0
0,0,0,0,0,0,0,0,0,0,0,0,0,0,0,0.9100797,1,0.8666937,0,0,0,0,0,0,0,0,0,0,0,0,0,0,0,0,0,0,0,0,0,0,0,0,0,0,0,0,0,0,0.8166049,1,0.9604685,0,0.6163856,0.7767043,0.7915015,0.738651,0.6152954,0,0,0,0,0,0,0,0,0,0,0,0,0,0,0,0,0,0,0,0,0,0.548456,0.5570682,0.6077895,0.9428428,1,0.8525593,0.6393281,0.6755584,0.6599695,0.6590843,0.6065353,0.5593256,0,0,0,0,0,0,0,0,0,0,0,0,0,0,0,0,0,0,0,0,0,0,0,0,0.8424854,1,0.9482089,0.7424859,0.7038193,0.653375,0.6361798,0.6073782,0.6554601,0.6225511,0,0,0,0,0,0,0,0,0,0,0,0,0,0,0,0,0,0,0,0,0,0,0,0,1,0.9773058,0,0.8447019,0.7704343,0.7675681,0.8820377,0.882109,0.762233,0.7776614,0.7416507,0,0,0,0,0,0
0,0,0,0,0,0,0,0,0,0,0,0,0,0,0,0.9443049,1,0.8751905,0.7806077,0,0,0.7709457,0.7679377,0,0,0,0,0,0,0,0,0,0,0,0,0,0,0,0,0,0,0,0,0,0,0,0,0,0.8622715,1,0.9854565,0,0.8494973,0,0,0,0,0,0,0,0,0,0,0,0,0,0,0,0,0,0,0,0,0,0,0,0,0,0,0,0,0.952444,1,0.8841352,0,0.7764112,0.7433009,0,0.7248681,0,0,0,0,0,0,0,0,0,0,0,0,0,0,0,0,0,0,0,0,0,0,0,0,0,0.86859,1,0.9594355,0,0,0.7825127,0,0,0,0,0,0,0,0,0,0,0,0,0,0,0,0,0,0,0,0,0,0,0,0,0,0,0,0,0.9653793,1,0.9064772,0,0,0,0,0.8764404,0,0,0,0,0,0,0,0,0
0,0,0,0,0,0,0,0,0,0,0,0,0,0,0,0.9083388,1,0.9068825,0.636061,0,0,0.7017264,0.6678878,0,0,0,0,0,0,0,0,0,0,0,0,0,0,0,0,0,0,0,0,0,0,0,0,0,0.7868248,1,0.9793106,0.7501223,0.78966,0,0.7440812,0.7879265,0.7148887,0.7389691,0.7294216,0,0,0,0,0,0,0,0,0,0,0,0,0,0,0,0,0,0,0,0,0,0.6805958,0.9526953,1,0.8683617,0.6644247,0.6304705,0.6266835,0.6327044,0.602676,0,0,0,0,0,0,0,0,0,0,0,0,0,0,0,0,0,0,0,0,0,0,0,0.5975934,0.6365232,0.8711812,1,0.947144,0.6387761,0.6013688,0.7022487,0,0.6234068,0.6475738,0.654806,0,0,0,0,0,0,0,0,0,0,0,0,0,0,0,0,0,0,0,0,0,0,0,0,0.9643025,1,0.8233889,0,0.8212774,0.7958739,0.823209,0.8671103,0.7858697,0,0,0,0,0,0,0,0
0,0,0,0,0,0,0,0,0,0,0,0,0,0,0,0.9515339,1,0.8664711,0.7842242,0,0,0,0,0,0,0,0,0,0,0,0,0,0,0,0,0,0,0,0,0,0,0,0,0,0,0,0,0,0.8690404,1,0.9670602,0,0,0,0,0,0,0,0,0,0,0,0,0,0,0,0,0,0,0,0,0,0,0,0,0,0,0,0,0,0,0.9524715,1,0.8735757,0,0,0,0,0,0,0,0,0,0,0,0,0,0,0,0,0,0,0,0,0,0,0,0,0,0,0,0,0,0,0.8844109,1,0.9570972,0,0.7670187,0,0,0,0,0,0,0,0,0,0,0,0,0,0,0,0,0,0,0,0,0,0,0,0,0,0,0,0,0,0.948045,1,0,0,0,0,0,0,0,0,0,0,0,0,0,0,0
0,0,0,0,0,0,0,0,0,0,0,0,0,0,0,0.9239732,1,0.9040753,0.7685921,0,0,0,0,0,0,0,0,0,0,0,0,0,0,0,0,0,0,0,0,0,0,0,0,0,0,0,0,0,0.8867154,1,0.9386977,0,0,0,0,0,0,0,0,0,0,0,0,0,0,0,0,0,0,0,0,0,0,0,0,0,0,0.7601468,0.7529736,0,0,0.9479682,1,0.8781212,0,0,0,0,0,0,0,0,0,0,0,0,0,0,0,0,0,0,0,0,0,0,0,0,0,0,0,0,0,0,0.8858239,1,0.9306882,0.7979121,0.7784848,0,0,0,0,0,0,0,0,0,0,0,0,0,0,0,0,0,0,0,0,0,0,0,0,0,0,0,0,0,0.9786159,1,0,0,0,0,0,0,0,0,0,0,0,0,0,0,0
0,0,0,0,0,0,0,0,0,0,0,0,0,0,0,0.9354861,1,0.8886563,0,0,0,0,0,0,0,0,0,0,0,0,0,0,0,0,0,0,0,0,0,0,0,0,0,0,0,0,0,0,0,1,0.9909412,0,0,0,0,0,0,0,0,0,0,0,0,0,0,0,0,0,0,0,0,0,0,0,0,0,0,0,0,0,0,0.9188992,1,0.9119849,0,0,0,0,0,0,0,0,0,0,0,0,0,0,0,0,0,0,0,0,0,0,0,0,0,0,0,0,0,0,0.8117311,1,0.9839715,0.767141,0,0,0,0,0,0,0,0,0,0,0,0,0,0,0,0,0,0,0,0,0,0,0,0,0,0,0,0,0,0,0.962261,1,0.9163992,0,0,0,0,0,0,0,0,0,0,0,0,0,0
