GestureName: x
Duration(ms): 1316
Handedness: right

SpeakerAngles: 5
55
-55
0
0
110

SpeakerElevations: 5
-10
-10
-10
0
30

InterpretedPoints: 28
0.0141807944755501,-3.54681952448867,1.52094453300079
0.813797681349374,-0.296198132726024,0.5
0.813797681349374,0.703801867273976,0.5
1.62759536269875,0.407603734547952,1
-2.40594105785925,5.63705493521812,0.652703644666139
4.06189800950909,9.30410875562057,0.958110933998418
3.2551907253975,7.02908081398702,0.784462756331487
-1.6134145682232,6.11453279593946,-0.520944533000791
0,5,0
-4.91823807428512,15.3275211237536,-5.84729635533386
-2.46266423576145,-3.27618940284089,-1.08987004566377
-2.4484834412859,-9.7084761313901,-0.0898700456637662
-0.820888078587149,-3.94208176203599,-0.479055466999209
0,0,0
0,0,0
0,0,0
0,0,0
0,0,0
-2.45557383852367,-20.1454371240554,1.32025990867247
-6.50329105355721,-19.2628206699821,0.667556264006328
-4.86151489638292,-4.90533371516446,-0.284462756331487
1.62759536269875,1.39241148756016,0.82635182233307
1.63468575993652,7.89014146817667,0.110814578664557
9.76557217619249,33.8200159585612,-0.251334396009493
15.4125231649737,29.8659783083158,0.96420284765902
-9.76557217619249,14.5543775927123,-6
5.59022781087899,24.4926905335638,-5.56283359900237
-1.65595695164985,-7.52083285049885,-0.916221867996835

StrokePoints: 29
0,0,0
0.0141807944755501,-3.54681952448867,1.52094453300079
0.827978475824924,-3.8430176572147,2.02094453300079
1.6417761571743,-3.13921578994072,2.52094453300079
3.26937151987305,-2.73161205539277,3.52094453300079
0.8634304620138,2.90544287982535,4.17364817766693
4.92532847152289,12.2095516354459,5.13175911166535
8.18051919692039,19.2386324494329,5.91622186799684
6.56710462869719,25.3531652453724,5.39527733499604
6.56710462869719,30.3531652453724,5.39527733499604
1.64886655441208,45.680686369126,-0.452019020337816
-0.813797681349371,42.4044969662851,-1.54188906600158
-3.26228112263527,32.696020834895,-1.63175911166535
-4.08316920122242,28.753939072859,-2.11081457866456
-4.08316920122242,28.753939072859,-2.11081457866456
-4.08316920122242,28.753939072859,-2.11081457866456
-4.08316920122242,28.753939072859,-2.11081457866456
-4.08316920122242,28.753939072859,-2.11081457866456
-4.08316920122242,28.753939072859,-2.11081457866456
-6.53874303974609,8.60850194880359,-0.790554669992089
-13.0420340933033,-10.6543187211785,-0.122998405985761
-17.9035489896862,-15.5596524363429,-0.407461162317248
-16.2759536269875,-14.1672409487828,0.418890660015821
-14.6412678670509,-6.2770994806061,0.529705238680378
-4.87569569085846,27.5429164779551,0.278370842670885
10.5368274741152,57.4088947862709,1.2425736903299
0.77125529792273,71.9632723789832,-4.75742630967009
6.36148310880172,96.455962912547,-10.3202599086725
4.70552615715187,88.9351300620481,-11.2364817766693

Velocities: 28
-1,1,-3
0,0,0
0,0,0
0,0,0
-4,1,5
1,0,5
2,2,3
0,2,1
0,0,0
0,-5,7
-3,-6,-2
-3,-4,-4
0,-1,-2
0,0,0
0,0,0
0,0,0
0,0,0
0,0,0
-5,-7,-10
-8,-7,-9
-4,-1,-2
0,0,1
2,3,3
12,12,12
12,5,12
0,0,0
6,-9,12
-1,-5,-6

InverseVelocities: 28
0,0,0
0,0,0
0,0,0
0,0,0
1,0,-4
0,0,-3
0,0,0
0,-4,0
0,0,0
0,0,-7
0,0,0
0,0,0
0,0,0
0,0,0
0,0,0
0,0,0
0,0,0
0,0,0
0,0,0
0,0,3
0,0,0
0,0,0
0,0,0
0,0,-2
0,0,-2
0,0,0
0,0,-5
0,0,0

RawData: 28
0,0,0,0,0,0,0,0,0,0,0,0,0.7251422,0.8856323,0.8807445,0.8776308,1,0.8594499,0,0,0,0,0,0,0,0,0,0,0,0,0,0,0,0,0,0,0,0,0,0,0,0,0,0,0,0,0,0.7019272,0.8863969,1,0.9400103,0,0.6574734,0.6467198,0,0,0,0,0,0,0,0,0,0,0,0,0,0,0,0,0,0,0,0,0,0,0.5781011,0,0.5638657,0.7691401,0.8357617,0.9475154,1,0.8765305,0.6771518,0.5945379,0,0,0,0,0,0,0,0,0,0,0,0,0,0,0,0,0,0,0,0,0,0,0,0,0,0,0.7936032,0.8693882,0.8319153,1,0.9076142,0.5905392,0.6194195,0,0,0,0,0,0,0,0,0,0,0,0,0,0,0,0,0,0,0,0,0,0,0,0,0,0,0.6306355,0.8090093,0.928477,1,0.9445234,0.82663,0.703705,0.7359654,0.6523231,0,0,0,0,0,0,0,0,0,0,0
0,0,0,0,0,0,0,0,0,0,0,0,0,0,0.7519158,0.9343241,1,0.8932735,0,0,0,0,0,0,0,0,0,0,0,0,0,0,0,0,0,0,0,0,0,0,0,0,0,0,0,0,0,0,0.8335851,0.9901217,1,0.9246059,0.846549,0,0,0,0,0,0,0,0,0,0,0,0,0,0,0,0,0,0,0,0,0,0,0,0,0,0,0,0.8211551,0.9725012,1,0.8644624,0.7034121,0.7193627,0,0,0,0,0,0,0,0,0,0,0,0,0,0,0,0,0,0,0,0,0,0,0,0,0,0,0.7265844,0.8119096,0,1,0.980476,0.7311067,0,0,0,0,0,0,0,0,0,0,0,0,0,0,0,0,0,0,0,0,0,0,0,0,0,0,0,0,0,0.9409537,0.9492139,0.954999,0.9932833,1,0.8738777,0,0,0,0,0,0,0,0,0,0,0,0
0,0,0,0,0,0,0,0,0,0,0,0,0,0,0,0.9239491,1,0.8971345,0,0,0,0,0,0,0,0,0,0,0,0,0,0,0,0,0,0,0,0,0,0,0,0,0,0,0,0,0,0,0.8124009,1,0.9904233,0.9679546,0.7500978,0,0,0,0,0,0,0,0,0,0,0,0,0,0,0,0,0,0,0,0,0,0,0,0,0,0,0,0,0.9563146,1,0.7698614,0.8309791,0.6925442,0,0,0,0,0,0,0,0,0,0,0,0,0,0,0,0,0,0,0,0,0,0,0,0,0,0,0,0,0.8728771,1,0.9604703,0.7855019,0.72486,0.6195439,0,0,0,0,0,0,0,0,0,0,0,0,0,0,0,0,0,0,0,0,0,0,0,0,0,0,0,0.7869393,0.925827,0.9990113,1,0.7944463,0.7855799,0,0,0,0,0,0,0,0,0,0,0,0
0,0,0,0,0,0,0,0,0,0,0,0,0,0,0,0.925508,1,0.8855225,0.7337713,0.675477,0,0,0,0,0,0,0,0,0,0,0,0,0,0,0,0,0,0,0,0,0,0,0,0,0,0,0,0,0.809171,1,0.9846127,0.8470164,0.866951,0,0,0,0,0,0,0,0,0,0,0,0,0,0,0,0,0,0,0,0,0,0,0,0,0,0,0,0.6271605,0.9454519,1,0.8610191,0.7874857,0.6441039,0,0,0,0,0,0,0,0,0,0,0,0,0,0,0,0,0,0,0,0,0,0,0,0,0,0,0,0,0.8731987,1,0.8969352,0.8905681,0.8734264,0.7292621,0,0,0,0,0,0,0,0,0,0,0,0,0,0,0,0,0,0,0,0,0,0,0,0,0,0,0,0.6731364,0.9150703,0.965173,1,0.9859331,0.8737982,0.7358243,0,0,0,0,0,0,0,0,0,0,0
0,0,0,0,0,0,0,0,0,0.6371052,0.6499594,0,0,0,0,0.9302905,1,0.8847634,0.7977569,0.8342754,0.7494822,0,0,0,0,0,0,0,0,0,0,0,0,0,0,0,0,0,0,0,0,0,0,0,0,0,0,0,0.8004496,0.9869328,0.9044866,1,0.9570209,0.7526154,0,0,0,0,0,0,0,0,0,0,0,0,0,0,0,0,0,0,0,0,0,0.6311277,0.6455601,0.6026796,0,0,0.6441925,0.947443,1,0.8042839,0.8562658,0.7964187,0.689288,0.6446013,0.6759518,0.6597471,0.6318875,0,0,0,0,0,0,0,0,0,0,0,0,0,0,0,0,0,0.6408248,0.6345078,0.6229864,0,0,0,0.8792201,1,0.9378474,0.8569947,0.8071042,0.7708747,0.6605503,0.6218291,0,0,0,0,0,0,0,0,0,0,0,0,0,0,0,0,0,0,0,0,0,0,0,0,0,0,0.8490436,0.8439945,0.8978807,1,0.9479413,0.7889699,0,0,0,0,0,0,0,0,0,0,0
0,0,0,0,0,0,0,0,0,0,0,0,0,0,0,0.9173293,1,0.8583203,0.6830289,0.8362092,0.8082902,0,0,0,0,0,0,0,0,0,0,0,0,0,0,0,0,0,0,0,0,0,0,0,0,0,0,0,0.821007,1,0.974188,0.9725277,0.8399903,0,0,0,0,0,0,0,0,0,0,0,0,0,0,0,0,0,0,0,0,0,0,0,0.6128392,0.5623479,0.6058826,0.6320463,0.6580733,0.9490809,1,0.8642758,0.8517434,0.7852204,0.7670094,0.5592567,0.6651842,0.6286609,0.6205748,0,0,0,0,0,0,0,0,0,0,0,0,0,0,0,0,0,0,0,0.5889223,0.5889665,0,0.6001189,0.867107,1,0.9475582,0.8288265,0.7768078,0.7935334,0.7437018,0.6463811,0.567885,0.5672812,0,0,0,0,0,0,0,0,0,0,0,0,0,0,0,0,0,0,0,0,0,0,0,0,0.7113373,0.8965915,1,0.9623746,0.8291095,0.8109462,0.7570412,0.6575078,0,0,0,0,0,0,0,0,0
0,0,0,0,0,0,0,0,0,0,0,0,0,0,0,0.9025294,1,0.9305674,0.7966627,0.7229357,0.7273336,0.7216709,0,0,0,0,0,0,0,0,0,0,0,0,0,0,0,0,0,0,0,0,0,0,0,0,0,0.734172,0.8047736,0.981585,1,0.9094291,0,0.751027,0.7305865,0,0,0,0,0,0,0,0,0,0,0,0,0,0,0,0,0,0,0,0,0,0,0,0,0,0.695014,0.9462028,1,0.9106829,0.6661109,0.7019844,0.7314248,0.6852432,0.710869,0,0,0,0,0,0,0,0,0,0,0,0,0,0,0,0,0,0,0,0,0,0,0,0,0.722017,0.8243462,1,0.9915247,0.8497847,0.7456977,0.8346982,0,0.7687656,0,0,0,0,0,0,0,0,0,0,0,0,0,0,0,0,0,0,0,0,0,0,0,0,0,0,0.8938237,0.9970852,1,0.8814499,0.733175,0,0.781212,0.7896413,0,0,0,0,0,0,0,0,0
0,0,0,0,0,0,0,0,0,0,0,0,0,0,0.7119743,0.901593,1,0.9262708,0,0,0,0,0,0,0,0,0,0,0,0,0,0,0,0,0,0,0,0,0,0,0,0,0.7281088,0.7515736,0,0,0,0.7797986,0.7481735,1,0.9881346,0.7977797,0.84224,0,0.7242228,0,0,0,0,0,0,0,0,0,0,0,0,0,0,0,0,0,0,0,0,0,0,0,0,0,0.6676219,0.9283425,1,0.8941171,0.7440277,0.7297199,0.6877844,0,0,0,0,0,0,0,0,0,0,0,0,0,0,0,0,0,0,0,0,0,0,0,0,0,0.721503,0.7890473,0.7599407,1,0.9817467,0.7396181,0.7636674,0.8063701,0.8009257,0.695973,0.787684,0,0,0,0,0,0,0,0,0,0,0,0,0,0,0,0,0,0,0,0,0,0,0,0,0.7489561,0.9077006,1,0.9525805,0.7909636,0,0,0,0,0,0,0,0,0,0,0,0,0
0,0,0,0,0,0,0,0,0,0,0,0,0,0,0,0.903783,1,0.9105271,0,0,0,0,0,0,0,0,0,0,0,0,0,0,0,0,0,0,0,0,0,0,0,0,0,0,0,0,0,0,0,1,0.9698495,0,0,0,0,0,0,0,0,0,0,0,0,0,0,0,0,0,0,0,0,0,0,0,0,0,0,0,0,0,0,0.9318371,1,0.9225221,0.7173092,0,0,0,0,0,0,0,0,0,0,0,0,0,0,0,0,0,0,0,0,0,0,0,0,0,0,0.7933256,0.7712048,0,0.8588095,1,0.9686066,0,0,0,0.780037,0,0.7909774,0.781814,0,0,0,0,0,0,0,0,0,0,0,0,0,0,0,0,0,0,0,0,0,0,0,0,0.9687436,1,0.8885104,0,0,0,0,0,0,0,0,0,0,0,0,0,0
0,0,0,0,0,0,0,0,0,0,0,0,0,0,0,0.8769023,1,0.9381289,0.8019056,0.7820365,0,0,0,0,0,0,0,0,0,0,0,0,0,0,0,0,0,0,0,0,0,0.6785359,0.7218053,0,0,0.6783847,0.6895193,0,0.8067041,0.9834632,1,0.8710515,0,0,0,0,0,0,0,0,0,0,0,0,0,0,0,0,0,0,0,0,0.6480959,0.6620176,0,0,0,0,0,0,0.7380627,0.9496355,1,0.8884552,0.6430591,0.6874495,0.7043262,0.6779703,0.6569265,0.6232415,0.6262295,0.6393837,0.6286641,0,0,0,0,0,0,0,0,0,0,0,0,0,0,0,0,0,0.6919189,0.7782117,0.777388,0.7154208,0.8107623,1,0.9853744,0.7856883,0.6761797,0.7559088,0.7765309,0.7256733,0,0,0,0.6516341,0.6489941,0,0,0,0,0,0,0,0.7412609,0.7707282,0,0,0.8277273,0.8420377,0.7960426,0,0,0,0,0,0,0,0.8838734,1,0.9533052,0.8999549,0.7968037,0.8067642,0.7922802,0.7579055,0,0,0,0,0,0,0,0,0
0,0,0,0,0,0,0,0,0,0,0.6999936,0.7271418,0.7344229,0.7005601,0.7752455,0.9304252,1,0.8877326,0.7112105,0,0,0,0,0,0,0,0,0,0,0,0,0,0,0,0,0,0,0,0,0,0.7577802,0.7532779,0,0,0,0.7621001,0.7920849,0.7463706,0.847192,1,0.9337961,0.8251522,0,0,0,0,0,0,0,0,0,0,0,0,0,0,0,0,0,0,0,0,0,0,0,0,0,0.7127168,0.7337561,0.7257209,0.7538748,0.9092892,1,0.9051028,0.6561788,0.6451533,0,0,0,0,0,0,0,0,0,0,0,0,0,0,0,0,0,0,0,0,0,0,0,0,0,0.7253857,0.6864558,0.6950936,0.797677,1,0.9893403,0.7979816,0,0.6931264,0.6769524,0,0,0,0,0,0,0,0,0,0,0,0,0,0,0,0,0,0,0.840785,0.7670037,0.7579116,0,0,0,0,0.8140737,0.8736407,1,0.9819385,0.8856627,0.8178781,0,0,0,0,0,0,0,0,0,0,0,0,0
0,0,0,0,0,0,0,0,0,0,0.676665,0.6676908,0,0.6847388,0.6602986,0.8895066,1,0.8902388,0.6626798,0,0,0,0,0,0,0,0,0,0,0,0,0,0,0,0,0,0,0,0,0,0,0,0.7472641,0.7756858,0.8088344,0.6964815,0.7179639,0.6607414,0.7974532,0.9885536,1,0.8261144,0,0,0,0,0,0,0,0,0,0,0,0,0,0,0,0,0,0,0,0,0,0,0,0.6399633,0.7122174,0.7255325,0,0,0,0.9338928,1,0.8783705,0.6546969,0,0,0,0,0,0,0,0,0,0,0,0,0,0,0,0,0,0,0,0,0,0,0,0,0.6416544,0.7081448,0.6429712,0.6533618,0.6995945,0.7680874,1,0.9933106,0.7810515,0,0,0,0,0,0,0,0,0,0,0,0,0,0,0,0,0,0,0,0,0,0,0,0.7276625,0.7134532,0.6594778,0.7582145,0.7963225,0.7823761,0.7375732,0.912538,1,0.9142109,0,0,0,0,0,0,0,0,0,0,0,0,0,0
0,0,0,0,0,0,0,0,0,0,0,0,0,0.6917437,0.7521099,0.9093735,1,0.9178935,0.6576049,0,0,0,0,0,0,0,0,0,0,0,0,0,0,0,0,0,0,0,0,0,0,0,0,0,0,0.781046,0.7601218,0,0.7098399,0.982778,1,0.7997218,0,0,0,0,0,0,0,0,0,0,0,0,0,0,0,0,0,0,0,0,0,0,0,0,0,0.6429812,0.6259212,0.6649041,0.6806991,0.926891,1,0.9017351,0,0,0,0,0,0,0,0,0,0,0,0,0,0,0,0,0,0,0,0,0,0,0,0,0,0,0.7100651,0.6994535,0.7018937,0.6870873,0.8104965,1,0.9644283,0,0,0,0,0,0,0,0,0,0,0,0,0,0,0,0,0,0,0,0,0,0,0,0,0,0,0.7281036,0.7794719,0.7589217,0.7735565,0.7092485,0.925346,1,0.8929479,0,0,0,0,0,0,0,0,0,0,0,0,0,0
0,0,0,0,0,0,0,0,0,0,0,0,0,0,0.7209516,0.8830734,1,0.903351,0,0,0,0,0,0,0,0,0,0,0,0,0,0,0,0,0,0,0,0,0,0,0,0,0,0,0,0,0,0,0.8267618,1,0.9785562,0.6816438,0,0,0,0,0,0,0,0,0,0,0,0,0,0,0,0,0,0,0,0,0,0,0,0,0,0,0,0,0,0.9275655,1,0.8924836,0.5955788,0,0,0,0,0,0,0,0,0,0,0,0,0,0,0,0,0,0,0,0,0,0,0,0,0,0,0,0,0,0.8576437,1,0.9579669,0.7039568,0,0,0,0,0,0,0,0,0,0,0,0,0,0,0,0,0,0,0,0,0,0,0,0,0,0,0,0.6672094,0,0.6830984,0.9268916,1,0.8320115,0,0,0,0,0,0,0,0,0,0,0,0,0,0
0,0,0,0,0,0,0,0,0,0,0,0,0,0,0,0.930355,1,0.9210145,0,0,0,0,0,0,0,0,0,0,0,0,0,0,0,0,0,0,0,0,0,0,0,0,0,0,0,0,0,0,0.8563597,1,0.9807025,0.8186777,0,0,0,0,0,0,0,0,0,0,0,0,0,0,0,0,0,0,0,0,0,0,0,0,0,0,0,0,0.7616571,0.9519054,1,0.9047166,0,0,0,0,0,0,0,0,0,0,0,0,0,0,0,0,0,0,0,0,0,0,0,0,0,0,0,0,0,0,0.859534,1,0.9824168,0.8300819,0,0,0,0,0,0,0,0,0,0,0,0,0,0,0,0,0,0,0,0,0,0,0,0,0,0,0,0,0,0,0.9517637,1,0.9133601,0,0,0,0,0,0,0,0,0,0,0,0,0,0
0,0,0,0,0,0,0,0,0,0,0,0,0,0,0,0.9298172,1,0.8787365,0,0,0,0,0,0,0,0,0,0,0,0,0,0,0,0,0,0,0,0,0,0,0,0,0,0,0,0,0,0,0.8329847,1,0.9674411,0.7359406,0,0,0,0,0,0,0,0,0,0,0,0,0,0,0,0,0,0,0,0,0,0,0,0,0,0,0,0,0.6388282,0.9411467,1,0.872156,0.6656997,0,0,0,0,0,0,0,0,0,0,0,0,0,0,0,0,0,0,0,0,0,0,0,0,0,0,0,0,0,0.8582036,1,0.9559827,0.6819225,0.6552417,0,0,0,0,0,0,0,0,0,0,0,0,0,0,0,0,0,0,0,0,0,0,0,0,0,0,0,0,0.7986937,0.997951,1,0.8094625,0.7238029,0,0,0,0,0,0,0,0,0,0,0,0,0
0,0,0,0,0,0,0,0,0,0,0,0,0,0,0,0.9294351,1,0.9099646,0,0,0,0,0,0,0,0,0,0,0,0,0,0,0,0,0,0,0,0,0,0,0,0,0,0,0,0,0,0,0.832553,1,0.9673667,0,0,0,0,0,0,0,0,0,0,0,0,0,0,0,0,0,0,0,0,0,0,0,0,0,0,0,0,0,0,0.9535975,1,0.8796073,0,0,0,0,0,0,0,0,0,0,0,0,0,0,0,0,0,0,0,0,0,0,0,0,0,0,0,0,0,0,0.8695115,1,0.9520708,0,0,0,0,0,0,0,0,0,0,0,0,0,0,0,0,0,0,0,0,0,0,0,0,0,0,0,0,0,0,0,0.9997455,1,0,0,0,0,0,0,0,0,0,0,0,0,0,0,0
0,0,0,0,0,0,0,0,0,0,0,0,0,0,0,0.9129127,1,0.8967221,0,0,0,0,0,0,0,0,0,0,0,0,0,0,0,0,0,0,0,0,0,0,0,0,0,0,0,0,0,0,0.849526,1,0.9585557,0,0,0,0,0,0,0,0,0,0,0,0,0,0,0,0,0,0,0,0,0,0,0,0,0,0,0,0,0,0.6813295,0.9214984,1,0.8704349,0.6476051,0,0,0,0,0,0,0,0,0,0,0,0,0,0,0,0,0,0,0,0,0,0,0,0,0,0,0,0,0,0.8793037,1,0.9534807,0.7174363,0,0,0,0,0,0,0,0,0,0,0,0,0,0,0,0,0,0,0,0,0,0,0,0,0,0,0,0,0,0.8676202,1,0.9463085,0,0,0,0,0,0,0,0,0,0,0,0,0,0,0
0,0,0,0,0,0,0,0,0.7315226,0.7744441,0.7303058,0.690801,0.7371517,0.6885048,0,0.9066113,1,0.9121804,0,0,0,0,0,0,0,0,0,0,0,0,0,0,0,0,0,0,0,0,0,0.9147088,0.8777958,0,0,0,0,0,0.8566491,0.8787478,0.895722,1,0.9649597,0.913152,0,0,0,0,0,0,0,0,0,0,0,0,0,0,0.6653531,0,0,0.6649141,0.6763837,0,0,0,0,0,0,0,0.7071224,0.6499143,0.7176378,0.9609097,1,0.875573,0,0,0,0,0,0,0,0,0,0,0,0,0,0,0,0.6648291,0,0,0,0,0,0,0,0.6917292,0.7345506,0.6582081,0,0,0,0.6665608,0.8419474,1,0.9663718,0.6799553,0.6934639,0,0,0,0,0,0,0,0,0,0,0,0,0,0,0,0,0,0,0,0,0,0.7201486,0.7504818,0,0,0,0,0,0.8164945,0.8807533,1,0.9203613,0.7123345,0,0,0,0,0,0,0,0,0,0,0,0,0
0,0,0,0,0,0.690394,0.7252603,0.7007362,0.6891263,0.7166529,0.7810947,0.74809,0.7724547,0.7803528,0.762382,0.9215338,1,0.8985882,0,0,0,0,0,0,0,0,0,0,0,0,0,0,0,0,0,0,0,0,0,0.7245928,0,0,0.7432873,0.7822217,0.7890124,0,0.7302411,0.7932025,0.8841455,1,0.9804794,0.7868828,0,0,0,0,0,0,0,0,0,0,0,0,0,0,0,0,0,0,0.6550901,0.6558827,0.6508423,0,0.6483075,0.735139,0.7546039,0.730598,0.7183272,0.6431469,0.7750127,0.9666069,1,0.8357099,0,0,0.6499827,0.6891529,0.6588644,0,0,0,0,0,0,0,0,0,0,0,0,0,0,0,0,0,0,0,0.7297879,0.7175818,0.6719556,0.6695485,0.7172854,0.7004123,0.8744969,1,0.9589065,0.7654235,0,0,0.6494752,0.6988553,0.677718,0,0,0,0,0,0,0,0,0,0,0,0,0,0,0,0.6567088,0.7106562,0.6817896,0.7371371,0.7895882,0.6920184,0.6849027,0.6955615,0,0.7311009,0.9511999,1,0.8843434,0.6506251,0,0,0,0,0,0,0,0,0,0,0,0,0
0,0,0,0,0,0,0,0,0,0.6924183,0.7468588,0.7289935,0,0,0.7457774,0.9356006,1,0.816963,0.696946,0,0,0,0,0,0,0,0,0,0,0,0,0,0,0,0,0,0,0,0,0,0,0,0,0,0,0.7398348,0.8454571,0.8506082,0.8176857,1,0.9814852,0.7421588,0.6729063,0,0,0,0,0,0,0,0,0,0,0,0,0,0,0,0,0,0,0,0,0,0,0,0,0.6259592,0.6943614,0.767782,0.7676668,0.9470387,1,0.8709618,0.6387641,0,0,0,0,0,0,0,0,0,0,0,0,0,0,0,0,0,0,0,0,0,0,0,0,0,0,0.6907504,0.7521036,0.7466882,0.8663318,1,0.9243892,0.6865636,0,0,0,0,0,0,0,0,0,0,0,0,0,0,0,0,0,0,0,0,0,0,0,0,0.666081,0.7177245,0.7508985,0.7432748,0.7365945,0.6973013,0.943055,1,0.879302,0,0,0,0,0,0,0,0,0,0,0,0,0,0
0,0,0,0,0,0,0,0,0,0,0,0,0,0,0,0.9220155,1,0.8974282,0.8046814,0.7726491,0,0,0,0,0,0,0,0,0,0,0,0,0,0,0,0,0,0,0,0,0,0,0,0,0,0,0,0.7108093,0.8884796,1,0.9949082,0.8527606,0,0,0,0,0,0,0,0,0,0,0,0,0,0,0,0,0,0,0,0,0,0,0,0,0,0,0,0.5912838,0.6723774,0.9454736,1,0.8787947,0.7615483,0.6965738,0.611448,0,0,0,0,0,0,0,0,0,0,0,0,0,0,0,0,0,0,0,0,0,0,0,0,0,0,0,0.8628928,1,0.9600272,0.7919602,0.7458968,0.668524,0,0,0,0,0,0,0,0,0,0,0,0,0,0,0,0,0,0,0,0,0,0,0,0,0,0.641156,0,0.7447477,0.9764734,1,0.8688114,0.7656218,0.7529634,0.6876534,0,0,0,0,0,0,0,0,0,0,0
0,0,0,0,0,0,0,0,0,0,0,0,0,0,0,0.956059,1,0.8815689,0,0.8313183,0.846019,0.7519832,0,0,0,0,0,0,0,0,0,0,0,0,0,0,0,0,0,0,0,0,0,0,0,0,0,0,0,0.9924379,1,0.9165654,0.8549564,0,0.8953531,0.8526056,0,0,0,0,0,0,0,0,0,0,0,0,0,0,0,0,0,0,0,0,0,0,0,0,0,0.949446,1,0.8891552,0,0,0.7169458,0.7262865,0.7373425,0,0,0,0,0,0,0,0,0,0,0,0,0,0,0,0,0,0,0,0,0,0,0,0,0,0.9307187,1,0.9226625,0,0,0.7687793,0.7565364,0.7240103,0,0,0,0,0,0,0,0,0,0,0,0,0,0,0,0,0,0,0,0,0,0,0,0,0,0.8741246,0.8969237,1,0.8344727,0.8511767,0.8623121,0.8803843,0.8328533,0,0,0,0,0,0,0,0,0,0
0,0,0,0,0,0,0,0,0,0,0,0,0,0,0,0.9269133,1,0.8436567,0.8224993,0.8412296,0.7675961,0,0.8075811,0.8716339,0.8863535,0.830486,0,0.8196197,0.7368835,0,0,0.7656279,0.7664743,0,0,0,0,0,0,0,0,0,0,0,0,0,0,0,0.8962581,1,0.9439089,0,0.812658,0,0.8385419,0,0.8729756,0.8507073,0.84545,0,0,0,0,0,0.8332478,0.8961937,0,0,0,0,0,0,0,0,0,0,0,0.6601689,0.6819749,0.6656737,0.7483777,0.9622746,1,0.8621015,0.7106659,0.7257614,0.7298857,0.7350597,0.774857,0.7664989,0.6617436,0,0,0,0,0,0,0.7286386,0.7176319,0,0,0,0,0,0,0,0,0,0,0,0,0,0,0.7310138,0.9165393,1,0.9509425,0,0.7853901,0.7750557,0.7293065,0.7671366,0.812682,0.7654601,0,0.7428471,0.764857,0.7937703,0,0,0.7923232,0.7398098,0,0,0,0,0,0,0,0,0,0,0,0,0,0,0,0.8707849,1,0.9942625,0.853989,0.7561058,0,0.745462,0.7537919,0.781452,0.7397486,0.762747,0.797236,0.7929057,0,0,0.7819675,0.8214508,0.8222203
0,0,0,0,0,0,0,0,0,0,0,0,0,0,0,0.9350323,1,0.8953837,0,0,0.7809582,0.7845499,0.8498992,0.863119,0,0,0.8621067,0.8183711,0,0.7775078,0.8096805,0.8490468,0.8153619,0,0,0,0,0,0,0,0,0,0,0,0,0,0,0,0.875378,1,0.954826,0,0,0,0,0,0.8299192,0.8321666,0,0,0,0,0,0,0,0.8820063,0,0,0,0,0,0,0,0,0,0,0,0.6912656,0,0,0.7442514,0.9517463,1,0.8846109,0,0.6846015,0,0,0,0.7081204,0,0,0.7225358,0.7725707,0.7483602,0.7860113,0.8018114,0.7485765,0.775045,0,0,0,0,0,0,0,0,0,0,0,0,0,0,0,0.8983421,1,0.9659121,0,0,0,0,0,0.7636504,0,0.7513754,0.7527276,0.8315988,0.8049315,0.8459324,0.8891411,0.8378648,0,0,0,0,0,0,0,0,0,0,0,0,0,0,0,0,0.8048058,1,0.9969093,0.8398595,0,0,0,0.7595535,0,0,0.7571464,0,0.7652711,0,0.7750244,0.8252911,0.8416365,0.8087556
0,0,0,0,0,0,0,0,0,0,0,0,0,0,0,0.91966,1,0.887269,0,0,0,0,0,0,0,0,0,0,0,0,0,0,0,0,0,0,0,0,0,0,0,0,0,0,0,0,0,0,0.9083989,1,0.9542271,0,0,0,0,0,0,0,0,0,0,0,0,0,0,0,0,0,0,0,0,0,0,0,0,0,0,0,0,0,0,0.9546545,1,0.8885208,0,0,0,0,0,0,0,0,0,0,0,0,0,0,0,0.7913325,0,0,0,0,0,0,0,0,0,0,0,0,0,0,0.9174957,1,0.9296293,0,0,0,0,0,0,0,0,0.7857951,0,0,0.8154871,0.7917421,0,0,0.9451083,0.9207397,0,0,0,0,0,0,0,0,0,0,0,0,0,0.8798894,1,0.9712651,0.9081935,0,0,0,0,0,0,0,0,0,0,0,0,0,0
0,0,0,0,0,0,0,0,0,0,0,0,0,0.7000864,0.665438,0.9229962,1,0.8563997,0.7980942,0.7891005,0,0.6849046,0.7508649,0.7496774,0.747602,0.6892636,0,0,0,0,0,0,0,0,0,0,0,0.7297146,0.7448795,0,0,0,0.8279994,0.8864602,0.8419542,0.7546322,0,0,0.7536271,1,0.9755991,0,0,0,0,0,0,0,0,0,0,0,0,0,0,0,0,0,0,0,0,0,0,0,0.6509084,0.6553662,0.5895633,0.5787153,0,0.6562123,0.686379,0.95913,1,0.855116,0.6921028,0.669407,0.6629149,0.7120166,0.6773252,0.7015703,0.6756524,0.6235514,0.6599743,0.686522,0.6230621,0,0,0.6000361,0.5698318,0,0,0,0.6254821,0.6290659,0.6495964,0,0,0,0,0,0,0,0.6610032,0.7030348,0.8706648,1,0.9584528,0.6937348,0.7787281,0.7745522,0.7595136,0.752194,0.6989399,0.6456118,0.6388173,0.7134371,0.7670867,0.7859846,0.7619472,0.7202885,0.6707596,0.6493813,0,0,0,0,0,0.8351952,0.8634773,0,0,0,0,0.8020727,0.8021467,0,0.8049839,0.8834116,0.948503,1,0.9075671,0.8488895,0,0.7419049,0.7668531,0.8287071,0,0.7763589,0.8829187,0.9119345,0.8966355,0.8537142,0.8304364,0.7703907,0
0,0,0,0,0,0,0,0,0,0,0,0,0.7462013,0.7229561,0.7857665,0.9573515,1,0.8622749,0.759582,0.7263921,0,0,0,0,0,0,0,0,0,0,0,0,0,0,0,0,0,0,0,0,0,0.8047392,0.8251637,0,0.8644013,0.8630118,0.8081778,0.7943202,0.8046792,1,0.9984173,0.827949,0,0,0,0,0,0,0,0,0,0,0,0,0,0,0,0,0,0,0,0,0,0.6403056,0.6648389,0.637856,0.6759716,0.713177,0.6661676,0.7221987,0.7596238,0.9537449,1,0.8729995,0,0,0,0,0,0,0,0,0,0,0,0,0,0,0,0,0,0,0,0,0,0,0,0,0,0,0,0,0.7106701,0.7329177,0.8826208,1,0.9580339,0.712799,0.7170454,0,0,0,0,0,0,0,0,0,0,0,0,0,0,0,0,0,0,0,0,0.7701549,0.8004394,0.805333,0,0,0,0.768106,0.8364727,0.7913122,0.9396514,1,0.9112221,0,0,0,0,0,0,0,0,0,0,0,0,0,0
