GestureName: caret
Duration(ms): 799
Handedness: right

SpeakerAngles: 5
55
-55
0
0
110

SpeakerElevations: 5
-10
-10
-10
0
30

InterpretedPoints: 17
0,0,0
-1.6134145682232,3.09934054895166,-0.694592710667721
-2.4201218523348,5.66420307041529,-0.868240888334652
2.45557383852367,9.99233276711549,0.589870045663766
3.27646191711082,9.83507398019982,1.7635182233307
3.27646191711082,11.6597721963092,1.58987004566377
1.6417761571743,11.1132291159509,-0.0837781320031643
-0.799616886873824,0.833526910201223,0.152703644666139
-1.62050496546097,-4.23827989476202,0.0209445330007911
-5.68949337220784,-13.1008876189503,-0.916221867996835
-6.50329105355721,-19.0337550781032,-0.374332801995254
-5.71076456392117,-23.1055618830664,-0.506091913660601
2.41303145509702,-9.88729071818951,1.06283359900237
1.6134145682232,-7.19868109790333,1.38918542133544
0,0,0
-1.6134145682232,-1.17530178389062,-0.17364817766693
-1.6134145682232,-1.16010953690283,0

StrokePoints: 18
0,0,0
0,0,0
-1.6134145682232,3.09934054895166,-0.694592710667721
-4.03353642055799,8.76354361936695,-1.56283359900237
-1.57796258203432,18.7558763864824,-0.972963553338607
1.6984993350765,28.5909503666823,0.790554669992089
4.97496125218732,40.2507225629915,2.38042471565585
6.61673740936161,51.3639516789424,2.29664658365269
5.81712052248779,52.1974785891436,2.44935022831883
4.19661555702682,47.9591986943816,2.47029476131962
-1.49287781518102,34.8583110754313,1.55407289332279
-7.99616886873824,15.8245559973282,1.17974009132753
-13.7069334326594,-7.28100588573824,0.673648177666931
-11.2939019775624,-17.1682966039277,1.7364817766693
-9.68048740933919,-24.3669777018311,3.12566719800475
-9.68048740933919,-24.3669777018311,3.12566719800475
-11.2939019775624,-25.5422794857217,2.95201902033782
-12.9073165457856,-26.7023890226245,2.95201902033782

Velocities: 17
0,0,0
0,2,2
0,3,2
3,5,3
2,5,3
1,4,6
2,4,6
0,2,0
-1,0,-2
-4,-3,-5
-6,-5,-7
-6,-8,-9
0,-4,-5
-1,-3,-4
0,0,0
-2,0,3
-2,0,2

InverseVelocities: 17
0,0,0
0,0,0
0,0,0
0,0,0
0,0,0
0,0,0
0,0,-2
0,0,0
0,0,0
0,0,0
0,0,0
2,0,6
0,0,0
0,0,0
0,0,0
0,0,-2
0,0,-1

RawData: 17
0,0,0,0,0,0,0,0,0,0,0,0,0,0,0,0.9106835,1,0.8591657,0.7386569,0.7496929,0,0,0,0,0,0,0,0,0,0,0,0,0,0,0,0,0,0,0,0,0,0,0,0,0,0,0,0,0,0.9899837,1,0,0,0,0,0,0,0,0,0,0,0,0,0,0,0,0,0,0,0,0,0,0,0,0,0,0,0,0,0,0,0.9398872,1,0.7988604,0.7231005,0,0,0,0,0,0,0,0,0,0,0,0,0,0,0,0,0,0,0,0,0,0,0,0,0,0,0,0,0,0.8417854,1,0.9244608,0,0,0,0,0,0,0,0,0,0,0,0,0,0,0,0,0,0,0,0,0,0,0,0,0,0,0,0,0,0,0,0.9686319,1,0.8748209,0,0,0,0,0,0,0,0,0,0,0,0,0,0
0,0,0,0,0,0,0,0,0,0,0,0,0,0,0,0.9284734,1,0.9181203,0.7869444,0.8147234,0,0,0,0,0,0,0,0,0,0,0,0,0,0,0,0,0,0,0,0,0,0,0,0,0,0,0,0,0,1,0.992523,0.857385,0,0.8493252,0.8480216,0,0,0,0,0,0,0,0,0,0,0,0,0,0,0,0,0,0,0,0,0,0,0,0,0.7349579,0.7563057,0.9511096,1,0.9059852,0.740989,0.7533826,0.7571407,0.7326743,0,0,0,0,0,0,0,0,0,0,0,0,0,0,0,0,0,0,0,0,0,0,0,0,0,0,0.8706397,1,0.9693365,0.771863,0,0,0,0,0,0,0,0,0,0,0,0,0,0,0,0,0,0,0,0,0,0,0,0,0,0,0,0,0,0.8515076,0.9794047,1,0.8664372,0,0,0,0,0,0,0,0,0,0,0,0,0,0
0,0,0,0,0,0,0,0,0,0,0,0,0,0,0,0.9160408,1,0.915334,0,0,0,0,0,0,0,0,0,0,0,0,0,0,0,0,0,0,0,0,0,0,0,0,0,0,0,0,0,0,0.8386908,1,0.9790263,0,0,0,0.8162421,0.820106,0,0,0,0,0,0,0,0,0,0,0,0,0,0,0,0,0,0,0,0,0,0,0,0,0,0.9321913,1,0.8882664,0.7231358,0,0.8132998,0.8019599,0,0,0,0,0,0,0,0,0,0,0,0,0,0,0,0,0,0,0,0,0,0,0,0,0,0,0.8650916,1,0.9722062,0.8039308,0.7462565,0.7873079,0.8093564,0,0,0,0,0,0,0,0,0,0,0,0,0,0,0,0,0,0,0,0,0,0,0,0,0,0,0,0.9029241,1,0.9224941,0,0,0,0,0,0,0,0,0,0,0,0,0,0
0,0,0,0,0,0,0,0,0,0,0,0,0,0,0,0.9032843,1,0.912846,0.7339453,0,0.797502,0.7757031,0.6712955,0,0,0,0,0,0,0,0,0,0,0,0,0,0,0,0,0,0,0,0,0,0,0,0,0,0.8242999,1,0.9797254,0,0,0,0.7605374,0.8217264,0.8301234,0.7268953,0,0,0,0,0,0,0,0,0,0,0,0,0,0,0,0,0,0,0,0,0,0,0,0.9242334,1,0.9093059,0.6734775,0.7122838,0.7157058,0.7901271,0.721388,0,0,0,0,0,0,0,0,0,0,0,0,0,0,0,0,0,0,0,0,0,0,0,0,0,0.8614892,1,0.9600049,0.7547106,0.7572271,0.7255213,0.7645347,0.7868502,0.7431173,0,0,0,0,0,0,0,0,0,0,0,0,0,0,0,0,0,0,0,0,0,0,0,0,0,0.9559289,1,0.8940086,0.7921462,0.7758736,0,0.7763179,0.8054288,0.791325,0,0,0,0,0,0,0,0
0,0,0,0,0,0,0,0,0,0,0,0,0,0,0,0.9063887,1,0.9093596,0.7512888,0.7275156,0.6897052,0.6760299,0,0,0,0,0,0,0,0,0,0,0,0,0,0,0,0,0,0,0,0,0,0,0,0,0,0,0.7524974,1,0.9977103,0,0.7873198,0.7696192,0,0,0.7830949,0.8086765,0,0,0,0,0,0,0,0,0,0,0,0,0,0,0,0,0,0,0,0,0,0,0,0.9232258,1,0.9050908,0.6961971,0,0.6643645,0,0.6877078,0,0,0,0,0,0,0,0,0,0,0,0,0,0,0,0,0,0,0,0,0,0,0,0,0,0.8496642,1,0.9579723,0,0,0.7358863,0.7427091,0.7185445,0.7303233,0.6847683,0,0,0,0,0,0,0,0,0,0,0,0,0,0,0,0,0,0,0,0,0,0,0,0,0.9537154,1,0.8833569,0.7304337,0.7097483,0.7340065,0,0.7691462,0,0.7447692,0.7229727,0,0,0,0,0,0
0,0,0,0,0,0,0,0,0,0,0,0,0,0,0,0.9113859,1,0.9138826,0.7117868,0.7042438,0.720437,0,0,0,0,0,0,0,0,0,0,0,0,0,0,0,0,0,0,0,0,0,0,0,0,0,0,0,0,0.9845343,1,0.8248913,0.7571178,0,0,0,0.8296082,0,0,0,0,0,0,0,0,0,0,0,0,0,0,0,0,0,0,0,0,0,0,0,0,0.9232349,1,0.8936844,0.7326828,0.7270801,0,0,0,0.6873309,0.7006972,0.6537579,0,0,0,0,0,0,0,0,0,0,0,0,0,0,0,0,0,0,0,0,0,0,0.8298191,1,0.9810383,0.7189129,0,0,0,0,0.7004635,0.7097446,0,0,0,0,0,0,0,0,0,0,0,0,0,0,0,0,0,0,0,0,0,0,0,0,0.9447592,1,0.860145,0.7436926,0,0.7611321,0.8108374,0.7975016,0.8409035,0.8429214,0.7625456,0,0,0,0,0,0
0,0,0,0,0,0,0,0,0,0,0,0,0,0,0.6653667,0.9080477,1,0.9334182,0.7542359,0.7130263,0.7062496,0.7014815,0,0,0,0,0,0,0,0,0,0,0,0,0,0,0,0,0,0,0,0,0,0,0,0,0,0,0.761976,0.9912932,1,0.8493643,0.8046048,0.8528283,0.8531494,0.7940959,0.7647773,0,0,0,0,0,0,0,0,0,0,0,0,0,0,0,0,0,0,0,0,0.6834158,0.6569352,0,0.7180712,0.9471322,1,0.8697962,0.7015163,0.7434946,0.7295554,0.7147492,0.657758,0,0,0.6776768,0,0,0,0,0,0,0,0,0,0,0,0,0,0,0,0,0,0,0.6936069,0.712429,0.6889389,0.6963257,0.7611437,1,0.9740753,0.8246899,0.7156071,0.7136871,0.7567431,0.7782503,0,0,0,0,0,0,0,0,0,0,0,0,0,0,0,0,0,0,0,0,0,0,0,0,0,0.7375952,0.9023246,1,0.9491922,0.7967126,0.7913682,0.7648305,0.7784348,0.8083591,0,0,0,0,0,0,0,0,0
0,0,0,0,0,0,0,0,0,0,0,0,0,0.6988456,0.7684852,0.8872414,1,0.910026,0.6681513,0,0,0,0,0,0,0,0,0,0,0,0,0,0,0,0,0,0,0,0,0,0,0,0,0,0,0,0,0,0.8117029,1,0.967751,0.9404615,0.7925147,0.7093753,0.7086307,0,0,0,0,0,0,0,0,0,0,0,0,0,0,0,0,0,0,0,0,0,0,0,0,0.6900263,0.7308286,0.9257082,1,0.898183,0.732741,0.6680031,0,0,0,0,0,0,0,0,0,0,0,0,0,0,0,0,0,0,0,0,0,0,0,0,0,0,0.6649143,0.8050168,0.8210009,0.9886423,1,0.8651595,0.6506271,0,0,0,0,0,0,0,0,0,0,0,0,0,0,0,0,0,0,0,0,0,0,0,0,0,0,0,0.8431351,0.8345869,0.885107,1,0.8740964,0,0.8392724,0,0,0,0,0,0,0,0,0,0,0,0
0,0,0,0,0,0,0,0,0,0,0,0,0.7225503,0.811796,0.765139,0.9263372,1,0.9257698,0,0,0,0,0,0,0,0,0,0,0,0,0,0,0,0,0,0,0,0,0,0,0,0,0,0,0,0,0,0.7752537,0.8758758,0.9560141,1,0.8963175,0,0,0,0,0,0,0,0,0,0,0,0,0,0,0,0,0,0,0,0,0,0,0,0,0,0.7263098,0.8064989,0.8586826,0.86187,0.9533368,1,0.9005984,0,0,0,0,0,0,0,0,0,0,0,0,0,0,0,0,0,0,0,0,0,0,0,0,0,0,0.7181209,0.8250902,0.8860782,0.8898515,0.863103,1,0.9798065,0.7651983,0,0,0,0,0,0,0,0,0,0,0,0,0,0,0,0,0,0,0,0,0,0,0,0,0,0,0.8885856,0.9561315,0.9776385,0.9714164,0,0.9843119,1,0.869272,0,0,0,0,0,0,0,0,0,0,0,0,0
0,0,0,0,0,0,0,0,0,0.6445581,0.651591,0,0.6831981,0.7316906,0.6893507,0.8908869,1,0.9034881,0,0,0,0,0,0,0,0,0,0,0,0,0,0,0,0,0,0,0,0,0,0,0,0,0,0.6785095,0.6953369,0,0.6915833,0.7312189,0.8453029,1,0.9875003,0.6800368,0.6751139,0,0,0,0,0,0,0,0,0,0,0,0,0,0,0,0,0,0,0,0,0,0.6600578,0.7248325,0.7165809,0.7026477,0.7349817,0.6205518,0.6466584,0.9092232,1,0.8859416,0.5519622,0,0,0,0,0,0,0,0,0,0,0,0,0,0,0,0,0,0,0,0,0,0.5741746,0.6766369,0.7766674,0.8206851,0.8194041,0.7597082,0.7064968,0.6074951,0.8310564,1,0.9614617,0.6803338,0,0,0,0,0,0,0,0,0,0,0,0,0,0,0,0,0,0,0,0,0,0.5983525,0.6646564,0.7967657,0.8657739,0.8851302,0.7721525,0.7494431,0.824376,0.8163075,0.9260651,1,0.8789167,0.6002919,0.65198,0,0,0,0,0,0,0,0,0,0,0,0
0,0,0,0,0,0,0,0.7847592,0.7702809,0,0,0,0,0,0,0.9190422,1,0.9094456,0,0,0,0,0,0,0,0,0,0,0,0,0,0,0,0,0,0,0,0,0,0,0,0.9635224,0.974638,0,0,0.9748762,0.959663,0.9063349,0,1,0.9136176,0.9151389,0,0,0,0,0,0,0,0,0,0,0,0,0,0,0,0,0,0,0,0,0.7405139,0.7837782,0.7397026,0.7718213,0.7925213,0.7570913,0,0,0,0.9305335,1,0.8929709,0,0,0,0,0,0,0,0,0,0,0,0,0,0,0,0,0,0,0,0,0.7584867,0.8150916,0.8047825,0.7599298,0.7566729,0.7946516,0,0.7660655,0.7364355,0.7378321,0.8696913,1,0.9595423,0,0,0,0,0,0,0,0,0,0,0,0,0,0,0,0,0,0,0,0,0,0.8382316,0.8125733,0.7996875,0,0.9038031,0.8392091,0.8246413,0.8205403,0,0.8386235,0.8724392,1,0.9101557,0,0,0,0,0,0,0,0,0,0,0,0,0,0
0,0,0,0,0,0,0,0.719206,0.6575588,0,0,0.6585859,0.689655,0.6339217,0.7379694,0.9305998,1,0.8957202,0,0,0.6330617,0.631971,0,0,0,0,0,0,0,0,0,0,0,0,0,0,0,0,0.7523664,0.8002206,0.8692854,0.9378867,0.8690928,0.9783881,0.9599538,0.8707598,0.8863664,0.9284585,0.887424,1,0.9628429,0,0,0,0,0,0,0,0,0,0,0,0,0,0,0,0,0,0,0,0.6936176,0.712912,0,0.7049185,0.6649697,0.6643326,0.6943393,0,0,0,0.7694988,0.9600265,1,0.8804979,0.6375976,0.6163909,0.6479867,0.6408766,0.6418911,0,0.6359147,0.6462087,0,0,0,0,0,0,0,0,0,0,0,0.6877427,0.7585252,0.7229018,0.7493088,0.7385195,0.6865404,0.6895118,0,0,0.6680603,0.7174724,0.8619189,1,0.9619753,0.7354782,0,0,0,0,0,0,0,0,0,0,0,0,0,0,0,0,0,0,0.6994566,0.8054991,0.8691124,0.8616822,0.7363829,0.7831041,0.7776684,0.8521599,0.7379642,0.718717,0.6926178,0.7052261,0.9409969,1,0.9001474,0.7214876,0,0,0,0,0,0,0,0,0,0,0,0,0
0,0,0,0,0,0,0,0,0,0,0,0,0,0,0,0.9490433,1,0.910741,0,0,0,0,0,0,0,0,0,0,0,0,0,0,0,0,0,0,0,0,0,0,0,0,0.9113343,0,0.9112068,0,0,0,0.9413165,1,0.9442285,0,0,0,0,0,0,0,0,0,0,0,0,0,0,0,0,0,0,0,0,0,0,0,0.8404785,0.8190418,0,0,0,0,0,0.954706,1,0.8942872,0,0,0,0,0,0,0,0,0,0,0,0,0,0,0,0,0,0,0,0,0,0,0,0,0,0.8245903,0,0,0,0,0.9081393,1,0.9570456,0,0,0,0,0,0,0,0,0,0,0,0,0,0,0,0,0,0,0,0,0,0,0,0,0,0,0,0.8690919,0,0,0,0.9762046,1,0,0,0,0,0,0,0,0,0,0,0,0,0,0,0
0,0,0,0,0,0,0,0,0,0,0,0,0.7314358,0.731624,0.7708697,0.9451953,1,0.9013172,0,0,0,0,0,0,0,0,0,0,0,0,0,0,0,0,0,0,0,0,0,0,0,0,0,0.807008,0.8642516,0.8916578,0.8466916,0,0.8204704,0.9923749,1,0.8620786,0,0,0,0,0,0,0,0,0,0,0,0,0,0,0,0,0,0,0,0,0,0,0,0.7084035,0.7226799,0.7900915,0.8160121,0.7354711,0,0.9521749,1,0.8732693,0,0,0,0,0,0,0,0,0,0,0,0,0,0,0,0,0,0,0,0,0,0,0,0,0,0,0,0.7809473,0.8586405,0.7713794,0.877492,1,0.9545312,0,0,0,0,0,0,0,0,0,0,0,0,0,0,0,0,0,0,0,0,0,0,0,0,0,0,0,0,0,0.8263542,0.848131,0.9613796,1,0.8898726,0,0,0,0,0,0,0,0,0,0,0,0,0,0
0,0,0,0,0,0,0,0,0,0,0,0,0,0,0.7443113,0.9367704,1,0.9023576,0,0,0,0,0,0,0,0,0,0,0,0,0,0,0,0,0,0,0,0,0,0,0,0,0,0,0,0,0,0.7972042,0.9180756,1,0.9480882,0,0,0,0,0,0,0,0,0,0,0,0,0,0,0,0,0,0,0,0,0,0,0,0,0,0,0,0,0,0.7925457,0.9730855,1,0.8687243,0,0,0,0,0,0,0,0,0,0,0,0,0,0,0,0,0,0,0,0,0,0,0,0,0,0,0,0,0.7479529,0.8354306,0.9305272,1,0.9419289,0,0,0,0,0,0,0,0,0,0,0,0,0,0,0,0,0,0,0,0,0,0,0,0,0,0,0,0,0,0.8404129,0,0.9949312,1,0,0,0,0,0,0,0,0,0,0,0,0,0,0,0
0,0,0,0,0,0,0,0,0,0,0,0.6337907,0.6410484,0,0,0.933661,1,0.8949103,0.6283374,0,0,0,0,0,0,0,0,0,0,0,0,0,0,0,0,0,0,0,0,0,0,0,0,0,0,0,0,0,0.8041983,1,0.9624511,0,0,0,0,0,0,0,0,0,0,0,0,0,0,0,0,0,0,0,0,0,0,0,0,0,0,0.6383872,0.6419731,0.6179743,0,0.954421,1,0.8634856,0.6449478,0.6414708,0.6609301,0.6306832,0.6188899,0,0,0,0,0,0,0,0,0,0,0,0,0,0,0,0,0,0,0,0,0.6419325,0.659165,0.6632504,0,0.6645843,0.8520635,1,0.942481,0.6408277,0,0,0,0,0,0,0,0,0,0,0,0,0,0,0,0,0,0,0,0,0,0,0,0,0,0,0,0,0,0,0.9855385,1,0,0,0,0,0,0,0,0,0,0,0,0,0,0,0
0,0,0,0,0,0,0,0,0,0,0,0.7128599,0.7116732,0,0,0.9335375,1,0.9141814,0,0,0,0,0,0,0,0,0,0,0,0,0,0,0,0,0,0,0,0,0,0,0,0,0,0,0,0,0,0,0.8337142,1,0.9786876,0,0,0,0,0,0,0,0,0,0,0,0,0,0,0,0,0,0,0,0,0,0,0,0,0,0,0,0.6863931,0,0.7067195,0.9530901,1,0.891784,0,0,0.717606,0.7348526,0,0,0,0,0,0,0,0,0,0,0,0,0,0,0,0,0,0,0,0,0,0,0.7272122,0.7006633,0,0,0.8739854,1,0.9713005,0.7633466,0,0,0,0,0,0,0,0,0,0,0,0,0,0,0,0,0,0,0,0,0,0,0,0,0,0,0,0,0,0,0.9609343,1,0.8884821,0,0,0,0,0,0,0,0,0,0,0,0,0,0
