GestureName: p
Duration(ms): 1316
Handedness: right

SpeakerAngles: 5
55
-55
0
0
110

SpeakerElevations: 5
-10
-10
-10
0
30

InterpretedPoints: 28
0.813797681349374,-2.26581363875044,0.847296355333861
0,-1.98480775301221,0.17364817766693
0.813797681349374,-0.296198132726024,0.5
-5.61149900259232,-0.40502942869116,3.36824088833465
3.24810032815972,3.66107587629776,1.15270364466614
8.10961522454264,9.43668454853498,1.78446275633149
8.10961522454264,10.1316577217171,1.95811093399842
8.90214171417869,2.09023541072945,2.17364817766693
4.04062681779577,-0.975207841337843,1.88918542133544
-7.30999833766881,-19.5986175995668,-0.200684624328323
-8.10961522454264,-17.6201733994505,-0.221629157329114
-7.28872714595549,-9.43383379854782,-0.610814578664557
-4.85442449914514,-10.6062848324513,0.389185421335443
-4.85442449914514,-3.37721924057237,-0.652703644666139
0.0141807944755501,1.5373287774752,0.652703644666139
0.0354519861888747,9.28255295573683,0.937166400997627
-0.778345695160498,11.5483665944873,0.089870045663766
4.90405727980957,7.9376508879299,2.93716640099763
-1.54251059584545,17.320848072607,2.7425736903299
0.0425423834266505,12.5360250974866,1.08987004566377
1.65595695164985,13.7954751833411,0.395277334996044
-1.62050496546097,-2.25347214174981,-0.152703644666139
-0.806707284111599,-1.54967027447583,0.347296355333861
0,0,0
0,0,0
0,0,0
0,0,0
-4.04771721503354,-2.1477680399022,-1

StrokePoints: 29
0,0,0
0.813797681349374,-2.26581363875044,0.847296355333861
0.813797681349374,-4.25062139176265,1.02094453300079
1.62759536269875,-4.54681952448867,1.52094453300079
-3.98390363989357,-4.95184895317983,4.88918542133544
-0.735803311733848,-1.29077307688207,6.04188906600158
7.37381191280879,8.14591147165291,7.82635182233307
15.4834271373514,18.27756919337,9.78446275633149
24.3855688515301,20.3678046040995,11.9581109339984
28.4261956693259,19.3925967627616,13.8472963553339
21.1161973316571,-0.206020836805152,13.6466117310055
13.0065821071144,-17.8261942362557,13.4249825736764
5.71785496115894,-27.2600280348035,12.8141679950119
0.863430462013794,-37.8663128672548,13.2033534163473
-3.99099403713135,-41.2435321078271,12.5506497716812
-3.9768132426558,-39.7062033303519,13.2033534163473
-3.94136125646692,-30.4236503746151,14.1405198173449
-4.71970695162742,-18.8752837801278,14.2303898630087
0.184350328182145,-10.9376328921979,17.1675562640063
-1.3581602676633,6.38321518040904,19.9101299543362
-1.31561788423665,18.9192402778957,21
0.340339067413195,32.7147154612368,21.395277334996
-1.28016589804778,30.461243319487,21.2425736903299
-2.08687318215938,28.9115730450112,21.5898700456638
-2.08687318215938,28.9115730450112,21.5898700456638
-2.08687318215938,28.9115730450112,21.5898700456638
-2.08687318215938,28.9115730450112,21.5898700456638
-2.08687318215938,28.9115730450112,21.5898700456638
-6.13459039719292,26.763805005109,20.5898700456638

Velocities: 28
0,0,-2
0,0,-1
0,0,0
-6,6,-5
1,0,1
4,0,3
2,-2,6
2,-5,2
-3,-7,2
-7,-5,-7
-6,-2,-8
-4,1,-5
-4,0,-4
-2,2,-2
0,2,0
0,5,4
0,5,6
0,3,6
-3,9,7
0,6,5
3,7,5
-1,0,-1
-1,0,-1
0,0,0
0,0,0
0,0,0
0,0,0
-3,0,3

InverseVelocities: 28
0,0,0
0,0,0
0,0,0
1,0,2
0,0,0
0,0,0
0,0,-2
0,0,-3
0,0,-6
0,0,0
0,1,0
0,0,0
0,0,0
0,-1,3
0,0,0
0,0,0
0,0,0
0,0,0
2,-3,-7
0,-5,-5
-1,-5,-3
0,0,0
0,0,2
0,0,0
0,0,0
0,0,0
0,0,0
0,0,-3

RawData: 28
0,0,0,0,0,0,0,0,0,0,0,0,0,0.7716879,0.82219,0.9356411,1,0.9067357,0,0,0,0,0,0,0,0,0,0,0,0,0,0,0,0,0,0,0,0,0,0,0,0,0,0,0,0,0,0,0.845053,1,0.983254,0.9450639,0.8765877,0,0,0,0,0,0,0,0,0,0,0,0,0,0,0,0,0,0,0,0,0,0,0,0,0.7406352,0.7858566,0.7780043,0.7640377,0.9381363,1,0.8709108,0.7543245,0,0,0,0,0,0,0,0,0,0,0,0,0,0,0,0,0,0,0,0,0,0,0,0,0,0,0,0.7863491,0.8485281,0.8524927,1,0.9471465,0,0,0,0,0,0,0,0,0,0,0,0,0,0,0,0,0,0,0,0,0,0,0,0,0,0,0,0.7663903,0.7813717,0,0.8084471,0.9357219,1,0.9721944,0.9197895,0.7766708,0,0,0,0,0,0,0,0,0,0,0,0
0,0,0,0,0,0,0,0,0,0,0,0,0,0.7703428,0.8541412,0.9607712,1,0.8972214,0,0,0,0,0,0,0,0,0,0,0,0,0,0,0,0,0,0,0,0,0,0,0,0,0,0,0,0,0,0,0,0.9415904,1,0.9465851,0,0,0,0,0,0,0,0,0,0,0,0,0,0,0,0,0,0,0,0,0,0,0,0,0,0,0.7963117,0.8350459,0.8889461,0.9538072,1,0.9497576,0.8326886,0,0,0,0,0,0,0,0,0,0,0,0,0,0,0,0,0,0,0,0,0,0,0,0,0,0,0.7649936,0.8592268,0.9223409,0.8183921,1,0.9361116,0.8530995,0,0,0,0,0,0,0,0,0,0,0,0,0,0,0,0,0,0,0,0,0,0,0,0,0,0,0,0,0,0.9008226,1,0.9938343,0.9473985,0.9063771,0,0,0,0,0,0,0,0,0,0,0,0,0
0,0,0,0,0,0,0,0,0,0,0,0,0,0,0,0.9222953,1,0.8685867,0,0,0,0,0,0,0,0,0,0,0,0,0,0,0,0,0,0,0,0,0,0,0,0,0,0,0,0,0,0,0,0.7203375,0.9816642,1,0.8232045,0,0,0,0,0,0,0,0,0,0,0,0,0,0,0,0,0,0,0,0,0,0,0,0,0,0,0.6983255,0,0.954254,1,0.9544822,0.8655685,0,0,0,0,0,0,0,0,0,0,0,0,0,0,0,0,0,0,0,0,0,0,0,0,0,0,0,0,0,0.8998652,1,0.9600862,0.8154015,0,0,0,0,0,0,0,0,0,0,0,0,0,0,0,0,0,0,0,0,0,0,0,0,0,0,0,0,0,0.7739812,0.9971491,1,0.9507604,0.9240335,0.7339739,0,0,0,0,0,0,0,0,0,0,0,0
0,0,0,0,0,0,0,0.5723852,0.5856407,0.5852209,0.6211536,0.6076123,0,0,0.5863202,0.8997515,1,0.9176498,0.6732739,0.6246718,0.6060985,0,0,0,0,0,0,0,0,0,0,0,0,0,0,0,0,0,0,0,0,0,0,0,0,0,0,0,0,0.7969638,0.9979849,1,0.7467822,0.5793687,0,0.6492369,0.6510468,0.5904734,0.5985848,0,0,0,0,0,0,0,0,0,0,0,0,0,0,0,0.5651379,0.5848386,0.635368,0.5991303,0,0,0.6657429,0.9530045,1,0.7187637,0.8262095,0.6540172,0.6716441,0.613216,0,0,0,0,0,0,0,0,0,0,0,0,0,0,0,0,0,0,0,0,0.5994559,0.5935282,0.6380609,0.621958,0,0.5933596,0.8131019,1,0.9813753,0.8594657,0.7106652,0.5421892,0.6168955,0.633962,0,0.5530456,0.5639331,0,0,0,0,0,0,0,0,0,0,0,0,0,0,0,0,0,0.5753639,0.6016127,0.5869386,0,0.5823162,0.626043,0.9282034,1,0.9880062,0.8594712,0.6917714,0,0,0.585606,0.5856158,0,0,0,0,0,0,0,0
0,0,0,0,0,0,0,0,0,0,0,0,0,0,0,0.9313121,1,0.8567367,0.8648808,0.8696927,0.7956986,0,0,0,0,0,0,0,0,0,0,0,0,0,0,0,0,0,0,0,0,0,0,0,0,0,0,0,0,0.79559,1,0.9876128,0.8505266,0,0,0,0,0,0,0,0,0,0,0,0,0,0,0,0,0,0,0,0,0,0,0,0,0,0,0,0,0.9439535,1,0.9128433,0,0.8120891,0.7601721,0,0,0,0,0,0,0,0,0,0,0,0,0,0,0,0,0,0,0,0,0,0,0,0,0,0,0,0.8736001,1,0.943858,0,0.8652608,0.7854788,0,0.7656118,0,0,0,0,0,0,0,0,0,0,0,0,0,0,0,0,0,0,0,0,0,0,0,0,0,0,0.967982,1,0.9592262,0.9206572,0.8658861,0.7850159,0.8052044,0,0,0,0,0,0,0,0,0,0
0,0,0,0,0,0,0,0,0,0,0,0,0,0,0,0.9202507,1,0.870833,0.7918741,0.7724648,0,0.8396173,0.8446865,0.75906,0,0,0,0,0,0,0,0,0,0,0,0,0,0,0,0,0,0,0,0,0,0,0,0.8446834,0.9151113,1,0.9697734,0.8597782,0,0,0,0,0,0,0,0,0,0,0,0,0,0,0,0,0,0,0,0,0,0,0,0,0,0,0,0,0.7141192,0.9654968,1,0.8148281,0.7269107,0.7637654,0.8482403,0.8421336,0.7723726,0,0,0,0,0,0,0,0,0,0,0,0,0,0,0,0,0,0,0,0,0,0,0,0,0,0.8454604,1,0.9719609,0.8328537,0.8855341,0.9210803,0.9355468,0.8790073,0.7198164,0.7798019,0.729704,0,0,0,0,0,0,0,0,0,0,0,0,0,0,0,0,0,0,0,0,0,0.6936977,0.82257,0.9690706,1,0.8811803,0.8123412,0.8483056,0.8475791,0.8505186,0.7513692,0.7480851,0.7141594,0,0,0,0,0,0,0
0,0,0,0,0,0,0,0,0,0,0,0,0,0,0,0.9234316,1,0.8763939,0,0,0.7794961,0.7664758,0,0,0,0,0,0,0,0,0,0,0,0,0,0,0,0,0,0,0,0,0,0,0.7490401,0.8662841,0.8720244,0.9390299,0.9436254,0.9880298,1,0.8366373,0,0,0,0,0,0,0,0,0,0,0,0,0,0,0,0,0,0,0,0,0,0,0,0,0,0.6587293,0.7022759,0.779346,0.8563933,0.9239689,1,0.897329,0,0.7534293,0.6690503,0,0.6832307,0,0.7049887,0.6782015,0,0,0,0,0,0,0,0,0,0,0,0,0,0,0,0,0,0,0,0,0.7484588,0.8674941,0.9394932,1,0.9518709,0.7882324,0.7774752,0.8487708,0.7022945,0.8196465,0.732482,0.7334337,0.7550272,0,0,0,0,0,0,0,0,0,0,0,0,0,0,0,0,0,0,0,0,0.7960376,0.8832497,0.8900406,0.9774864,1,0.8021904,0.7466553,0.8395005,0.7601753,0.8376211,0.73767,0,0.7191337,0,0,0,0,0,0,0
0,0,0,0,0,0,0,0,0,0,0,0,0,0,0,0.93923,1,0.8730921,0.8403517,0.8306418,0.821191,0.7646635,0,0,0,0,0,0,0,0,0,0,0,0,0,0,0,0,0,0,0,0.8050931,0.7738342,0.8391279,0.8890241,0.9687872,0.8969425,0.8734702,0.8305315,1,0.9643561,0,0,0,0,0,0,0,0,0,0,0,0,0,0,0,0,0,0,0,0,0,0,0,0,0,0.7335066,0.7905358,0.7609594,0.7776031,0.831652,0.9521698,1,0.8807706,0.7226926,0.6930329,0.7162315,0.705012,0,0,0,0,0,0,0,0,0,0,0,0,0,0,0,0,0,0,0,0,0,0,0.8019496,0.8528575,0.88019,0.9057403,0.8941572,1,0.9651825,0.7671623,0,0.7587416,0.8473632,0.7781814,0,0,0,0,0,0,0,0,0,0,0,0,0,0,0,0,0,0,0,0,0,0.8203902,0.8510922,0.8267701,0.8763987,0.746503,0.9834401,1,0.8714544,0.8018072,0.7870963,0.848159,0.8499562,0.7807581,0,0,0,0,0,0,0,0,0
0,0,0,0,0,0,0,0,0,0,0.7266113,0.8007082,0.8061001,0.8789586,0.9176187,0.8841164,1,0.9000123,0.7187948,0,0,0,0,0,0,0,0,0,0,0,0,0,0,0,0,0,0,0,0,0.7584388,0.8186452,0,0.8107872,0.8757368,0.8983047,0.8032915,0.801705,0.7326613,0.8255013,1,0.9635913,0,0,0,0,0,0,0,0,0,0,0,0,0,0,0,0,0,0,0,0,0,0,0.6907945,0.8022009,0.8244573,0.7155975,0.7274228,0.7549292,0.8298227,0.7584383,0.9594775,1,0.8607578,0.7707945,0,0.6875588,0.7075106,0,0,0,0,0,0,0,0,0,0,0,0,0,0,0,0,0,0.7170299,0.7242047,0,0.7432994,0.7758252,0.834754,0.8578852,0.9118975,0.9163973,0.9245089,1,0.9259627,0.7868479,0.7781845,0.7664526,0.700314,0.65898,0,0,0,0,0,0,0,0,0,0,0,0,0,0,0,0,0,0.7069834,0.794593,0.8181841,0,0.8684527,0.701036,0.8988269,0.9408194,0.8680393,0.94922,1,0.8474653,0.7291085,0.7388605,0,0,0,0,0,0,0,0,0,0,0,0
0,0,0,0,0,0,0.7484957,0.796999,0.876539,0.8683772,0.8935753,0.8738603,0.8454117,0.7700934,0.8973339,0.8766769,1,0.8887641,0,0,0,0,0,0,0,0,0,0,0,0,0,0,0,0,0,0,0,0,0,0,0,0.8095779,0.8068206,0.8794749,0.923009,0.9453691,0.9316952,0.8307456,0,1,0.9683828,0,0,0,0,0,0,0,0,0,0,0,0,0,0,0,0,0,0,0,0,0,0.7697018,0.7647955,0.8360761,0.9316763,0.8841041,0.8344088,0.8161361,0.8770138,0.8864953,0.9213172,1,0.8416469,0,0,0,0,0,0,0,0,0,0,0,0,0,0,0,0,0,0,0,0,0.6765391,0.8213481,0.8671996,0.8001457,0.8941621,0.9153864,0.8322394,0.8360124,0.8706467,0.9242445,0.8877498,1,0.9479044,0,0,0,0,0,0,0,0,0,0,0,0,0,0,0,0,0,0,0,0,0,0.7220932,0.8093244,0.8414322,0.9046261,0.8402614,0.8494306,0.7954935,0.8020123,0.9012068,0.7823973,0.9532579,1,0.8167464,0,0,0,0,0,0,0,0,0,0,0,0,0,0
0,0,0,0,0,0,0,0.7321272,0.8413008,0.8336777,0.7114914,0.8069959,0.8830646,0.8829355,0.7078148,0.8854076,1,0.9009271,0,0,0,0,0,0,0,0,0,0,0,0,0,0,0,0,0,0,0,0,0,0,0,0,0,0,0.7145846,0.8268101,0.9246015,0.9486939,0.9596859,1,0.9547322,0,0.697046,0.7280322,0,0,0,0,0,0,0,0,0,0,0,0,0,0,0,0,0,0.6503458,0.6404093,0.7717069,0.7508316,0.7459508,0.858246,0.8884549,0.8902525,0.8387355,0.7193667,0.930437,1,0.8911629,0.7203551,0.7164744,0,0,0,0,0,0,0,0,0,0,0,0,0,0,0,0,0,0,0,0.7131283,0.7280234,0.7589632,0.7955003,0.8606468,0.8887191,0.8558717,0.8152503,0.8290312,0.8435926,1,0.964461,0.7306253,0.6695681,0.6654134,0,0,0,0,0,0,0,0,0,0,0,0,0,0,0,0,0,0,0,0.6367452,0.7251711,0.8273351,0.8297568,0.7679948,0.8307503,0.8780277,0.8317395,0.7765653,0.9226444,1,0.8990953,0.6804543,0,0,0,0,0,0,0,0,0,0,0,0,0
0,0,0,0,0,0,0,0,0,0.7112108,0.7776939,0.7767081,0,0.867857,0.8438566,0.8823508,1,0.9007266,0,0,0,0,0,0,0,0,0,0,0,0,0,0,0,0,0,0,0,0,0,0,0,0,0,0,0,0,0.8133922,0.938255,0.9249118,1,0.9736207,0.8112589,0.7885445,0.7405931,0,0,0,0,0,0,0,0,0,0,0,0,0,0,0,0,0,0,0,0,0.6846004,0.6864791,0.7497284,0.7803317,0.8534108,0.8435069,0.8203351,0.9173226,1,0.9019664,0.6859158,0.669536,0,0,0,0,0,0,0,0,0,0,0,0,0,0,0,0,0,0,0,0,0,0,0.7514248,0.6733192,0.7264206,0.854852,0.8459338,0.838522,0.8187398,1,0.9829909,0.7838731,0,0,0,0,0,0,0,0,0,0,0,0,0,0,0,0,0,0,0,0,0,0,0,0.6941179,0,0,0.7425646,0.8671776,0.8683543,0.7293632,0.9432129,1,0.8545089,0,0,0,0,0,0,0,0,0,0,0,0,0,0
0,0,0,0,0,0,0,0,0,0.7369567,0.8027128,0.7870989,0.7805616,0.7837567,0.7268216,0.846081,1,0.9448421,0,0,0,0,0,0,0,0,0,0,0,0,0,0,0,0,0,0,0,0,0,0,0,0,0,0,0,0,0,0,0.9134321,0.9419833,1,0,0.8329269,0,0,0,0,0,0,0,0,0,0,0,0,0,0,0,0,0,0,0,0,0,0,0.7006251,0.7641312,0.8190932,0.8329859,0.8640156,0.8668023,0.9544918,1,0.843468,0.6637013,0,0,0,0,0,0,0,0,0,0,0,0,0,0,0,0,0,0,0,0,0,0,0.7037722,0.735342,0.769233,0.7977965,0.8711694,0.8736337,0.8865803,0.6726008,1,0.9706567,0.6844761,0.6899375,0,0,0,0,0,0,0,0,0,0,0,0,0,0,0,0,0,0,0,0,0,0,0,0,0.7246402,0.8455763,0.8375854,0.8714386,0.8194023,0.9365162,1,0.8964449,0,0,0,0,0,0,0,0,0,0,0,0,0,0
0,0,0,0,0,0,0,0,0,0,0,0.7708356,0.7347394,0,0.8045289,0.9532328,1,0.8899668,0,0,0,0,0,0,0,0,0,0,0,0,0,0,0,0,0,0,0,0,0,0,0,0,0,0,0,0.7168332,0.7139146,0,0,0.9400473,1,0.9618199,0.865572,0.764994,0.7163904,0,0,0,0,0,0,0,0,0,0,0,0,0,0,0,0,0,0,0,0,0,0,0.734876,0.8130552,0.8743924,0.9290959,0.8769788,1,0.9328693,0.870577,0.7991628,0.7442603,0.7062079,0.6935366,0,0,0,0,0,0,0,0,0,0,0,0,0,0,0,0,0,0,0,0,0,0.7375666,0.8162017,0.8592013,0.9071624,0.8533561,0.998417,1,0.8698403,0.7831794,0.7411625,0.7507021,0.7250719,0,0,0,0,0,0,0,0,0,0,0,0,0,0,0,0,0,0,0,0,0,0.7495936,0,0,0.8236443,0.895933,0.9797574,1,0.8129038,0.9154304,0.7668849,0.7539057,0,0,0,0,0,0,0,0,0,0,0
0,0,0,0,0,0,0,0,0,0,0,0,0,0,0,0.9100939,1,0.916972,0,0,0,0,0,0,0,0,0,0,0,0,0,0,0,0,0,0,0,0,0,0,0,0,0,0,0,0,0,0,0,0.980681,1,0.9146042,0.9775292,0.9438481,0.8825131,0,0,0,0,0,0,0,0,0,0,0,0,0,0,0,0,0,0,0,0,0,0,0,0,0,0.837677,0.9669577,1,0.9219842,0.8283558,0.775495,0,0,0,0,0,0,0,0,0,0,0,0,0,0,0,0,0,0,0,0,0,0,0,0,0,0,0,0.7405752,0.9154651,1,0.9335629,0.7847605,0.8347443,0.7990012,0,0,0,0,0,0,0,0,0,0,0,0,0,0,0,0,0,0,0,0,0,0,0,0,0,0,0,0.8684795,0.9236181,0.9935277,0.9280327,0.9992517,1,0.9037334,0,0,0,0,0,0,0,0,0,0,0
0,0,0,0,0,0,0,0,0,0,0,0,0,0,0,0.8902085,1,0.9456758,0.7573636,0.6971988,0,0,0,0,0,0,0,0,0,0,0,0,0,0,0,0,0,0,0,0,0,0,0,0,0,0,0,0,0,1,0.9719434,0.8215557,0.8942528,0.9548705,0,0.8813515,0.9406679,0.8409297,0,0,0,0,0,0,0,0,0,0,0,0,0,0,0,0,0,0,0,0,0,0,0.7086388,0.8806729,1,0.9322225,0.7694759,0,0.7814296,0.7499267,0.7523105,0.7482355,0,0,0,0,0,0,0,0,0,0,0,0,0,0,0,0,0,0,0,0,0,0,0,0,0.8394539,0.9966531,1,0.8427263,0.7356472,0.8620241,0.8190122,0.7237582,0.7264503,0,0,0,0,0,0,0,0,0,0,0,0,0,0,0,0,0,0,0,0,0,0,0,0,0.7340761,0.9768142,1,0.8549619,0.8455591,0.8986051,0.9080442,0,0.8128193,0.7864944,0,0,0,0,0,0,0,0
0,0,0,0,0,0,0,0,0,0,0,0,0,0,0.771274,0.9313765,1,0.9266856,0,0,0,0,0,0,0,0,0,0,0,0,0,0,0,0,0,0,0,0,0,0,0,0,0,0,0,0,0,0,0.8782834,1,0.994823,0.885295,0,0.9176546,0.9299355,0.9439477,0.9203291,0.7759383,0,0,0,0,0,0,0,0,0,0,0,0,0,0,0,0,0,0,0,0,0,0,0.7412788,0.9255694,1,0.9331594,0.8165981,0.8051089,0,0.8031793,0.8213727,0,0.692483,0.70057,0,0,0,0,0,0,0,0,0,0,0,0,0,0,0,0,0,0,0,0,0,0,0.8369626,1,0.9808575,0.8069193,0,0.8575985,0.7868905,0.8446664,0.7422926,0,0,0,0,0,0,0,0,0,0,0,0,0,0,0,0,0,0,0,0,0,0,0,0,0.7645215,0.9617198,1,0.883635,0.7476162,0.8872138,0.9182881,0.9172856,0.8175224,0,0,0,0,0,0,0,0,0
0,0,0,0,0,0,0,0,0,0,0,0,0,0.8096214,0.9148927,0.9373279,1,0.7920038,0.8528539,0,0,0,0,0,0,0,0,0,0,0,0,0,0,0,0,0,0,0,0,0,0,0,0,0,0,0,0,0,0.7822884,0.9805138,1,0.9138961,0.9387687,0.9302194,0.9071485,0.826245,0,0,0,0,0,0,0,0,0,0,0,0,0,0,0,0,0,0,0,0,0,0,0,0.7348585,0.8732051,0.855162,1,0.8296661,0.8655446,0.857868,0.8658184,0.7894599,0.8035136,0.7862682,0.7126859,0.6954546,0,0,0,0,0,0,0,0,0,0,0,0,0,0,0,0,0,0,0,0.7265048,0.7920567,0.8692575,0.9293577,1,0.9371952,0.8774536,0.8920957,0.9058937,0.8333578,0.7945362,0,0,0,0,0,0,0,0,0,0,0,0,0,0,0,0,0,0,0,0,0,0,0.698574,0.7833707,0.8172308,0.8560679,0.9585959,1,0.9264617,0.8975739,0.9482561,0.9428845,0.8721129,0.8948621,0.8634315,0.819636,0.8214257,0.7950183,0.7260218,0,0,0,0
0,0,0,0,0,0,0,0,0,0,0.6112187,0.6716154,0.7173974,0.7110549,0.7720698,0.8515663,1,0.940435,0.8010154,0.6339366,0.6313344,0.6021789,0,0,0,0,0,0,0,0,0,0,0,0,0,0,0,0,0,0,0,0,0,0.7445611,0.7736555,0.802779,0.8204986,0.9021617,0.9506316,1,0.8686702,0.6947907,0.8169618,0.83592,0.8716489,0.8067341,0.7120019,0.7934102,0.7190207,0.6242837,0.630289,0.6297792,0,0,0,0,0,0,0,0,0,0,0.5399134,0.5650683,0.6264333,0.5456905,0.6684327,0.7243412,0.7919526,0.8111929,0.7825398,0.9193127,1,0.9205123,0.8273626,0.8257489,0.8232546,0.7640181,0.6600167,0.7076049,0.6617996,0.6049941,0.5293068,0,0,0,0,0,0,0,0,0,0,0,0,0,0,0,0.6642859,0.6149603,0.7299109,0.8451928,0.8086365,0.7690946,0.8507447,1,0.9713066,0.7602306,0.8541862,0.8212991,0.8256817,0.592188,0,0.6056907,0.6765398,0,0.6210002,0.6149939,0.5705485,0,0,0,0,0,0,0,0,0,0.6204439,0.6547367,0,0,0.6930412,0.8404714,0.9079815,0.9391223,0.907386,0.7578012,0.853476,1,0.9326833,0.8749904,0.8893006,0.9803495,0.8773468,0.9330606,0.7910047,0.7874382,0,0,0.648458,0.7045462,0,0,0
0,0,0,0,0,0,0,0,0,0,0,0,0,0.7990005,0.841479,0.8509881,1,0.9295728,0.816487,0.7304478,0,0,0,0,0,0,0,0,0,0,0,0,0,0,0,0,0,0,0,0,0,0.71874,0.8675413,0.9086239,0.8409128,0.7849893,0.8654007,0.8994362,0.8239024,0.9388392,1,0.8472785,0.8134359,0.8633062,0.8930529,0.8518522,0.8916724,0.8022181,0.7099844,0,0,0,0,0,0,0,0,0,0,0,0,0,0,0,0.7260181,0.7965808,0.7842013,0.7403783,0.7326406,0.7009355,0.7517297,0.9291493,1,0.86805,0.7597228,0.765101,0.7827292,0.7140963,0.7697866,0.6843378,0.6448693,0,0,0,0,0,0,0,0,0,0,0,0,0,0,0,0,0,0.7261255,0.7635506,0.7860095,0.8062286,0,0.6629208,0.8290026,1,0.9573674,0.7844815,0.8268794,0.7874727,0,0.7781132,0.749016,0.7442268,0.6835414,0,0,0,0,0,0,0,0,0,0,0,0,0,0,0,0.8389122,0.8736398,0.8611233,0.7800515,0.9297498,0.9357709,0.9532511,0.9327536,0.9867116,1,0.9039664,0.9385878,0.9523987,0.935361,0.8555568,0.8478045,0.9374819,0.8893694,0,0,0,0,0,0,0
0,0,0,0,0,0,0,0,0,0,0,0,0.7605032,0.7536379,0,0.9109159,1,0.8591949,0,0.701391,0,0.7294809,0.6983196,0,0,0,0,0,0,0,0,0,0,0,0,0,0,0,0,0,0,0.6995938,0.746723,0,0.7039903,0.8211994,0.8389614,0.7148216,0.6972415,0.9735795,1,0.8450759,0,0,0,0.82052,0.8625603,0.7897125,0.7098867,0.7014308,0,0,0,0,0,0,0,0,0,0,0,0,0,0,0,0,0.6435483,0,0.6870415,0,0.7199124,0.9406611,1,0.8856198,0.6842481,0.6884466,0.7054853,0.7044609,0.7050387,0.7237174,0.632585,0,0,0,0,0,0,0,0,0,0,0,0,0,0,0,0,0,0,0,0,0.7371439,0.727363,0.6862488,0.8758977,1,0.9583752,0.6880708,0,0.6391463,0.7035977,0,0.709271,0.703803,0,0,0,0,0,0,0,0,0,0,0,0,0,0,0,0,0,0.7522158,0.7299159,0.705914,0.8231171,0.8253033,0.7219982,0.8040195,0.9592337,1,0.8566863,0.7631318,0.7788244,0.7706489,0.7348099,0.8453435,0.8595668,0.7735085,0,0,0,0,0,0,0
0,0,0,0,0,0,0,0,0,0,0,0,0.7492296,0.7417758,0.7335402,0.9528208,1,0.8734199,0,0,0,0,0,0,0,0,0,0,0,0,0,0,0,0,0,0,0,0,0,0,0,0,0,0,0,0,0.7298316,0.8408057,0.8897246,1,0.9581099,0.7717276,0.6968928,0,0,0,0,0,0,0,0,0,0,0,0,0,0,0,0,0,0,0,0,0,0,0,0,0,0.6347176,0.6711373,0,0.9381635,1,0.8750979,0,0,0,0,0,0,0,0,0,0,0,0,0,0,0,0,0,0,0,0,0,0,0,0,0,0,0,0.6763822,0.7096165,0,0.8867315,1,0.9103252,0.6924667,0,0,0,0,0,0,0,0,0,0,0,0,0,0,0,0,0,0,0,0,0,0,0,0,0,0,0.710706,0,0,0.8030466,0.9093791,1,0.8808905,0,0,0,0,0,0,0,0,0,0,0,0,0,0
0,0,0,0,0,0,0,0,0,0,0,0,0.7179025,0.7624379,0.7734864,0.9277738,1,0.893302,0,0,0,0,0,0,0,0,0,0,0,0,0,0,0,0,0,0,0,0,0,0,0,0,0,0,0,0,0,0,0.8935567,1,0.9471366,0,0,0,0,0,0,0,0,0,0,0,0,0,0,0,0,0,0,0,0,0,0,0,0,0,0,0,0.7167807,0,0.747394,0.968885,1,0.8366023,0,0,0.7298473,0.7297852,0,0,0,0,0,0,0,0,0,0,0,0,0,0,0,0,0,0,0,0,0,0,0,0,0,0,0.878808,1,0.9404682,0,0,0,0,0,0,0,0,0,0,0,0,0,0,0,0,0,0,0,0,0,0,0,0,0,0,0,0,0,0,0.8503082,1,0.9870319,0,0,0,0,0,0,0,0,0,0,0,0,0,0,0
0,0,0,0,0,0,0,0,0,0,0,0,0,0,0,0.936381,1,0.9016406,0,0,0,0,0,0,0,0,0,0,0,0,0,0,0,0,0,0,0,0,0,0,0,0,0,0,0,0,0,0,0,1,0.9496652,0,0,0,0,0,0,0,0,0,0,0,0,0,0,0,0,0,0,0,0,0,0,0,0,0,0,0,0,0,0,0.9901278,1,0,0,0,0,0,0,0,0,0,0,0,0,0,0,0,0,0,0,0,0,0,0,0,0,0,0,0,0,0,0,0,0.8654767,1,0.9640597,0,0,0,0,0,0,0,0,0,0,0,0,0,0,0,0,0,0,0,0,0,0,0,0,0,0,0,0,0,0,0,0.9844545,1,0,0,0,0,0,0,0,0,0,0,0,0,0,0,0
0,0,0,0,0,0,0,0,0,0,0,0,0,0,0,0.9394724,1,0.8897019,0,0,0,0,0,0,0,0,0,0,0,0,0,0,0,0,0,0,0,0,0,0,0,0,0,0,0,0,0,0,0.8665146,1,0.9583794,0,0,0,0,0,0,0,0,0,0,0,0,0,0,0,0,0,0,0,0,0,0,0,0,0,0,0,0,0,0,0.9609386,1,0.8412645,0,0,0,0,0,0,0,0,0,0,0,0,0,0,0,0,0,0,0,0,0,0,0,0,0,0,0,0,0,0,0.8704453,1,0.9542158,0,0,0,0,0,0,0,0,0,0,0,0,0,0,0,0,0,0,0,0,0,0,0,0,0,0,0,0,0,0,0.7381239,0.9726241,1,0.8570163,0,0,0,0,0,0,0,0,0,0,0,0,0,0
0,0,0,0,0,0,0,0,0,0,0,0,0,0,0,0.9311864,1,0.8998843,0,0,0,0,0,0,0,0,0,0,0,0,0,0,0,0,0,0,0,0,0,0,0,0,0,0,0,0,0,0,0.8366734,1,0.9622539,0,0,0,0,0,0,0,0,0,0,0,0,0,0,0,0,0,0,0,0,0,0,0,0,0,0,0,0,0,0,0.9109903,1,0.8963357,0,0,0,0,0,0,0,0,0,0,0,0,0,0,0,0,0,0,0,0,0,0,0,0,0,0,0,0,0,0,0.8755943,1,0.9474038,0,0,0,0,0,0,0,0,0,0,0,0,0,0,0,0,0,0,0,0,0,0,0,0,0,0,0,0,0,0,0,0.9695573,1,0.8451152,0,0,0,0,0,0,0,0,0,0,0,0,0,0
0,0,0,0,0,0,0,0,0,0,0,0,0,0,0,0.9228074,1,0.886601,0,0,0,0,0,0,0,0,0,0,0,0,0,0,0,0,0,0,0,0,0,0,0,0,0,0,0,0,0,0,0.7840269,1,0.9826985,0.7057618,0,0,0,0,0,0,0,0,0,0,0,0,0,0,0,0,0,0,0,0,0,0,0,0,0,0,0,0,0.6409857,0.9293268,1,0.8767494,0,0,0,0,0,0,0,0,0,0,0,0,0,0,0,0,0,0,0,0,0,0,0,0,0,0,0,0,0,0,0.8670568,1,0.9281394,0,0,0,0,0,0,0,0,0,0,0,0,0,0,0,0,0,0,0,0,0,0,0,0,0,0,0,0,0,0,0.7246711,0.9851144,1,0.8072265,0,0,0,0,0,0,0,0,0,0,0,0,0,0
0,0,0,0,0,0,0,0,0,0,0.6782802,0.7048343,0,0,0.6951451,0.9356287,1,0.8964334,0,0,0,0,0,0,0,0,0,0,0,0,0,0,0,0,0,0,0,0,0,0,0,0,0,0,0,0,0,0,0.790805,1,0.9945931,0.7789158,0,0,0,0,0,0,0,0,0,0,0,0,0,0,0,0,0,0,0,0,0,0,0,0,0.6610851,0.6665969,0,0,0.7521213,0.953469,1,0.889119,0,0,0.7066892,0.7265334,0.6870662,0,0,0,0,0,0,0,0,0,0,0,0,0,0,0,0,0,0,0,0.7069948,0.7242687,0.7453301,0.71038,0,0,0.8848156,1,0.9434671,0.7021902,0,0,0,0,0,0,0,0,0,0,0,0,0,0,0,0,0,0,0,0,0,0,0,0,0,0.6876118,0.6837876,0,0,0.8068988,0.9945827,1,0.8248743,0,0,0,0,0,0,0,0,0,0,0,0,0,0
