GestureName: triangle
Duration(ms): 1410
Handedness: right

SpeakerAngles: 5
55
-55
0
0
110

SpeakerElevations: 5
-10
-10
-10
0
30

InterpretedPoints: 30
2.49811622195032,24.4979733706266,1.33244373599367
2.46266423576145,7.98635482301081,1.43716640099763
1.63468575993652,3.79080091922501,0.805407289332278
0,4.96961550602442,-0.347296355333861
-1.63468575993652,-5.92052596215225,-0.458110933998418
-6.49620065631944,-14.7802829363533,-0.221629157329114
-4.06898840674687,-16.1910138650188,0.799315375671677
-2.45557383852367,-10.9923327671155,-0.589870045663766
-1.6134145682232,-4.09934054895166,0.694592710667721
0,0,0
4.04062681779577,9.93286745915289,-0.541889066001582
6.47492946460611,0.706652617261136,1.67364817766693
9.70884899829029,0.990509252986527,2.17364817766693
0.778345695160498,-2.59394333545065,-0.610814578664557
-1.63468575993652,-1.79080091922501,-0.805407289332278
0,0,0
0,0,0
0,-0.786126655108881,-1.21553724366851
1.63468575993652,8.01986651110392,-0.236481776669304
5.69658376944562,7.2702114587362,1.93716640099763
3.26937151987304,16.9100079792806,-0.125667198004746
4.09734999569797,7.76196349524802,2.06892551266297
4.89696688257179,0.9284365850468,1.91622186799684
0.0283615889511002,-0.0702597349646406,1.47905546699921
0,-0.015192246987792,-0.17364817766693
0,0,0
1.6134145682232,7.08414830196387,-0.868240888334652
0,0.030384493975584,0.347296355333861
0,0,0
0,0,0

StrokePoints: 31
0,0,0
2.49811622195032,24.4979733706266,1.33244373599367
4.96078045771177,32.4843281936374,2.7696101369913
6.59546621764829,36.2751291128624,3.57501742632358
6.59546621764829,41.2447446188868,3.22772107098972
4.96078045771177,35.3242186567345,2.7696101369913
-1.53542019860767,20.5439357203812,2.54798097966218
-5.60440860535454,4.35292185536236,3.34729635533386
-8.05998244387821,-6.63941091175313,2.7574263096701
-9.67339701210141,-10.7387514607048,3.45201902033782
-9.67339701210141,-10.7387514607048,3.45201902033782
-5.63277019430564,-0.805884001551904,2.91012995433623
0.842159270300474,-0.0992313842907684,4.58377813200316
10.5510082685908,0.891277868695759,6.75742630967009
11.3293539637513,-1.70266546675489,6.14661173100554
9.69466820381474,-3.49346638597989,5.34120444167326
9.69466820381474,-3.49346638597989,5.34120444167326
9.69466820381474,-3.49346638597989,5.34120444167326
9.69466820381474,-4.27959304108878,4.12566719800475
11.3293539637513,3.74027347001514,3.88918542133544
17.0259377331969,11.0104849287513,5.82635182233307
20.2953092530699,27.9204929080319,5.70068462432832
24.3926592487679,35.68245640328,7.7696101369913
29.2896261313397,36.6108929883268,9.68583200498813
29.3179877202908,36.5406332533621,11.1648874719873
29.3179877202908,36.5254410063743,10.9912392943204
29.3179877202908,36.5254410063743,10.9912392943204
30.931402288514,43.6095893083382,10.1229984059858
30.931402288514,43.6399738023138,10.4702947613196
30.931402288514,43.6399738023138,10.4702947613196
30.931402288514,43.6399738023138,10.4702947613196

Velocities: 30
3,11,10
1,4,4
1,2,1
0,0,2
-2,-3,-1
-6,-4,-6
-6,-6,-7
-3,-5,-3
-2,0,-2
0,0,0
4,0,2
3,-2,-2
5,-3,-3
0,-5,-3
-1,-2,-1
0,0,0
0,0,0
2,2,3
3,4,3
3,3,3
5,7,6
2,6,6
2,4,6
-1,3,1
0,0,1
0,0,0
2,0,3
0,0,-2
0,0,0
0,0,0

InverseVelocities: 30
0,0,0
0,0,0
-1,0,0
0,0,-1
0,0,0
0,0,0
0,0,0
0,0,0
0,0,0
0,0,0
0,0,0
0,0,0
-5,0,7
0,0,0
0,0,0
0,0,0
0,0,0
-2,0,0
0,0,0
0,0,0
0,0,0
0,0,0
0,0,-3
0,0,-2
0,0,0
0,0,0
0,0,-3
0,0,0
0,0,0
0,0,0

RawData: 30
0,0,0,0,0,0,0,0,0,0,0,0,0,0,0,0.9215874,1,0.8912276,0,0,0.6956235,0.7479822,0.6680232,0,0,0,0,0,0,0,0,0,0,0,0,0,0,0,0,0,0,0,0,0,0,0,0,0,0.812202,1,0.9801715,0.7546435,0,0,0.7629947,0.8086795,0.7226625,0.6928784,0.7336446,0.730275,0.8001199,0.7967363,0.7534682,0.6937878,0,0,0,0,0,0,0,0,0,0,0,0,0,0,0,0,0,0.9407108,1,0.8531401,0.7678284,0.7158002,0.7174314,0.6922976,0.7400683,0.6756557,0.6525874,0,0,0.7400508,0.7372707,0.6940953,0,0,0,0,0,0,0,0,0,0,0,0,0,0,0,0,0,0,0.8289019,1,0.9553671,0,0,0,0,0.7517827,0.7237405,0,0,0,0,0.7208174,0.6699229,0,0,0,0,0,0,0,0,0,0,0,0,0,0,0,0,0,0,0.7266517,0.9738013,1,0.8351157,0.7210567,0.7931385,0,0.7379093,0.7457004,0.7994413,0.7712467,0.7268268,0,0.7607435,0.7799922,0.7121124,0,0
0,0,0,0,0,0,0,0,0,0,0,0,0,0,0,0.9274232,1,0.8647005,0.6439324,0.6212423,0.6338079,0,0,0,0,0,0,0,0,0,0,0,0,0,0,0,0,0,0,0,0,0,0,0,0,0,0,0,0.7804486,1,0.9980524,0.7934841,0.6767224,0.8024451,0.7606962,0.64363,0.7099363,0,0,0,0,0,0,0,0,0,0,0,0,0,0,0,0,0,0,0,0,0,0,0,0.6326679,0.9459826,1,0.8316927,0.7456611,0.8048261,0.8286637,0.7363095,0.6231866,0.6649782,0,0,0,0,0,0,0,0,0,0,0,0,0,0,0,0,0,0,0,0,0,0,0,0,0.8466927,1,0.953452,0.7344978,0,0.7884619,0.7855676,0.7111302,0,0,0,0,0,0,0,0,0,0,0,0,0,0,0,0,0,0,0,0,0,0,0,0,0,0.6979169,0.9739862,1,0.8035756,0.8657784,0.8170092,0.7486655,0.7950573,0.7350204,0.6886228,0.6689257,0,0,0,0,0,0,0
0,0,0,0,0,0,0,0,0,0,0,0,0.594074,0.5892388,0,0.9280401,1,0.8738057,0.6669129,0,0.6110985,0,0,0,0,0,0,0,0,0,0,0,0,0,0,0,0,0,0,0,0,0,0,0,0,0,0,0,0.7817031,1,0.9373797,0.8181929,0.8329071,0.8600816,0.7806121,0,0,0,0,0,0,0,0,0,0,0,0,0,0,0,0,0,0,0,0,0,0,0,0,0,0.6126971,0.9487711,1,0.8285657,0.823875,0.7866435,0.7774341,0,0,0,0,0,0,0,0,0,0,0,0,0,0,0,0,0,0,0,0,0,0,0,0,0,0,0.6148711,0.8167179,1,0.9514413,0.7502437,0.7834244,0.7466583,0.6968954,0,0,0,0,0,0,0,0,0,0,0,0,0,0,0,0,0,0,0,0,0,0,0,0,0,0,0,1,0.9991062,0.8159608,0.8139223,0.8002235,0.7524768,0.726796,0,0,0,0,0,0,0,0,0,0
0,0,0,0,0,0,0,0,0,0,0,0,0,0,0.7076849,0.920198,1,0.9028617,0,0,0,0,0,0,0,0,0,0,0,0,0,0,0,0,0,0,0,0,0,0,0,0,0,0,0,0,0,0.7265598,0.8595609,1,0.9826634,0.826364,0,0,0,0,0,0,0,0,0,0,0,0,0,0,0,0,0,0,0,0,0,0,0,0,0,0,0.7184541,0.7629827,0.807901,0.9411413,1,0.8617157,0,0,0.7335683,0.7140052,0,0,0,0,0,0,0,0,0,0,0,0,0,0,0,0,0,0,0,0,0,0,0,0.6886966,0.7480052,0.767378,0.9170586,1,0.9456481,0.7531316,0,0.6910094,0.7019441,0.6890174,0,0,0,0,0,0,0,0,0,0,0,0,0,0,0,0,0,0,0,0,0,0,0,0,0,0.776721,0.9498509,1,0.8759453,0,0,0,0,0,0,0,0,0,0,0,0,0,0
0,0,0,0,0,0,0,0,0,0,0,0.7408477,0.7732319,0.7457103,0.7530474,0.9325062,1,0.8846832,0,0,0,0,0,0,0,0,0,0,0,0,0,0,0,0,0,0,0,0,0,0,0,0,0,0.8323146,0.8959991,0.9451189,0.9284524,0.9092281,0.8614461,1,0.930499,0.8330194,0,0,0,0,0,0,0,0,0,0,0,0,0,0,0,0,0,0,0,0,0,0,0,0,0,0,0.7920225,0.8427566,0.7929558,0.9527159,1,0.8687512,0,0,0,0,0,0,0,0,0,0,0,0,0,0,0,0,0,0,0,0,0,0,0,0,0,0.7219384,0.7173759,0.7009647,0.7422985,0.7496609,0.8163072,1,0.950231,0,0,0,0,0,0,0,0,0,0,0,0,0,0,0,0,0,0,0,0,0,0,0,0,0,0.7695239,0.8400224,0.8852835,0.8619422,0.8391239,0.9076589,0.9883671,1,0.8449101,0,0,0,0,0,0,0,0,0,0,0,0,0,0
0,0,0,0,0,0,0,0.6770291,0.6851741,0,0,0.6917197,0,0,0.7056557,0.9362118,1,0.893629,0,0,0,0,0,0,0,0,0,0,0,0,0,0,0,0,0,0,0,0,0,0,0,0,0.8884368,0.920378,0.8308007,0.8498876,0.8873166,0.8044661,0.8542493,1,0.9766577,0.8061095,0,0,0,0,0,0,0,0,0,0,0,0,0,0,0,0,0,0,0,0,0,0.6667393,0.6931594,0.8039496,0.7733599,0.7439392,0.7146204,0.7448547,0.7449939,0.9617362,1,0.8456718,0,0,0,0,0,0,0,0,0,0,0,0,0,0,0,0,0,0,0,0,0,0,0,0.6921769,0.7177315,0.7264044,0.7177796,0.7454867,0.6803367,0.7157615,0.8869794,1,0.9456754,0.6568695,0,0,0,0,0,0,0,0,0,0,0,0,0,0,0,0,0,0,0,0,0,0.7732315,0.8244517,0.7898086,0.7446369,0.8343351,0.7253376,0.7828,0.7696584,0.7955732,0.965675,1,0.8340573,0.7007915,0,0,0,0,0,0,0,0,0,0,0,0,0
0,0,0,0,0,0,0,0.6631597,0,0,0.749157,0.7175531,0,0.6599531,0.717533,0.9361475,1,0.89247,0,0,0,0,0,0,0,0,0,0,0,0,0,0,0,0,0,0,0,0,0,0,0.9012512,0.9695248,0.9768783,0.9042951,0.9424918,0.8935197,0,0,0.8501308,1,0.9266872,0,0,0,0,0,0,0,0,0,0,0,0,0,0,0,0,0,0,0,0,0,0.7653779,0.7969517,0.8113842,0.6964092,0.7192358,0.7075208,0.6972765,0.7005718,0.7153974,0.9441075,1,0.8604531,0,0,0,0,0,0,0,0,0,0,0,0,0,0,0,0,0,0,0,0,0,0,0,0,0.6826485,0.6981449,0,0,0.7113022,0,0.8584554,1,0.955705,0,0,0,0,0,0,0,0,0,0,0,0,0,0,0,0,0,0,0,0,0,0,0,0.8176165,0.8436033,0.7938651,0,0.7363771,0.7308385,0.6918364,0.7622842,0.9839086,1,0.8082544,0,0,0,0,0,0,0,0,0,0,0,0,0,0
0,0,0,0,0,0,0,0,0,0,0.7000677,0.7757458,0.7357876,0.6960022,0.7283283,0.9385059,1,0.8982749,0,0,0,0,0,0,0,0,0,0,0,0,0,0,0,0,0,0,0,0,0,0,0,0.8768169,0.8782085,0.9131011,0.9236644,0.9810529,0.9750271,0.932694,0,1,0.9977281,0,0,0,0,0,0,0,0,0,0,0,0,0,0,0,0,0,0,0,0,0,0,0,0,0,0.7690701,0.8444862,0.7949262,0,0,0.9397383,1,0.8687735,0,0,0,0,0,0,0,0,0,0,0,0,0,0,0,0,0,0,0,0,0,0,0,0.6995409,0.7301981,0.7713442,0.8109698,0.8102498,0.7737721,0.7647826,0.895885,1,0.9487146,0,0,0,0,0,0,0,0,0,0,0,0,0,0,0,0,0,0,0,0,0,0,0,0.8066282,0.8249593,0.77426,0.8466477,0.8801615,0.8788404,0.7927955,0.7734044,0.9743339,1,0.830459,0,0,0,0,0,0,0,0,0,0,0,0,0,0
0,0,0,0,0,0,0,0,0,0,0,0.6478141,0,0.7246579,0.7482895,0.9293396,1,0.8821678,0.6541684,0.6536338,0,0,0,0,0,0,0,0,0,0,0,0,0,0,0,0,0,0,0,0,0,0,0,0,0,0,0.9419399,1,0.8362624,0.9197726,0.9184682,0,0,0,0,0,0,0,0,0,0,0,0,0,0,0,0,0,0,0,0,0,0,0,0,0,0,0.7195401,0.7738342,0.7004632,0.6698138,0.9472234,1,0.856971,0.6991671,0.6681124,0,0,0,0,0,0,0,0,0,0,0,0,0,0,0,0,0,0,0,0,0,0,0,0,0,0.6800628,0.7135414,0.7890921,0.8067097,1,0.946502,0,0,0,0,0,0,0,0,0,0,0,0,0,0,0,0,0,0,0,0,0,0,0,0,0,0,0,0,0.8537685,0.817031,0.8291734,0.9398638,1,0.8363317,0,0,0,0,0,0,0,0,0,0,0,0,0,0
0,0,0,0,0,0,0,0,0,0,0,0,0,0,0,0.9414074,1,0.9023298,0,0,0,0,0,0,0,0,0,0,0,0,0,0,0,0,0,0,0,0,0,0,0,0,0,0,0,0,0,0,1,0.9730749,0.9628043,0,0,0,0,0,0,0,0,0,0,0,0,0,0,0,0,0,0,0,0,0,0,0,0,0,0,0,0,0,0.788749,0.9678442,1,0.8814526,0,0,0,0,0,0,0,0,0,0,0,0,0,0,0,0,0,0,0,0,0,0,0,0,0,0,0,0,0,0.7372056,0.8791549,1,0.951897,0,0,0,0,0,0,0,0,0,0,0,0,0,0,0,0,0,0,0,0,0,0,0,0,0,0,0,0,0,0.79981,0,0.9879293,1,0.8146134,0,0,0,0,0,0,0,0,0,0,0,0,0,0
0,0,0,0,0,0,0,0,0,0,0,0,0,0,0.6495351,0.9308543,1,0.8912027,0.6989633,0.6662302,0,0,0.6672546,0.6631044,0,0,0,0,0,0,0,0,0,0,0,0,0,0,0,0,0,0,0,0,0,0,0,0,0.8449205,0.9706177,1,0.955202,0,0,0,0,0,0,0,0,0,0,0,0,0,0,0,0,0,0,0,0,0,0,0,0,0,0,0,0,0,0.945796,1,0.8409626,0.7653651,0,0.7108943,0.7026945,0,0,0,0,0,0,0,0,0,0,0,0,0,0,0,0,0,0,0,0,0,0,0,0,0,0,0.8628684,1,0.9474735,0.7076259,0.7414392,0.6981137,0.7262205,0,0.6496478,0.6706154,0.6515086,0,0,0,0,0,0,0,0,0,0,0,0,0,0,0,0,0,0,0,0,0,0,0.770146,0.9628968,1,0.8679683,0.7599974,0.7421198,0,0,0,0,0,0,0,0,0,0,0,0
0,0,0,0,0,0,0,0,0,0,0,0,0,0,0.6749443,0.9302778,1,0.8864646,0,0,0,0.7250773,0.7172562,0,0,0,0,0,0,0,0,0,0,0,0,0,0,0,0,0,0,0,0,0,0.956978,0.963902,0.8902565,0.8428406,0.8576411,0.9675361,0.9766314,1,0,0,0,0,0,0,0,0,0,0,0,0,0,0,0,0,0,0,0,0,0,0,0,0,0,0.7091839,0.7155048,0.7188791,0.7428561,0.9609117,1,0.8464006,0.7296456,0,0,0,0,0,0,0,0,0,0,0,0,0,0,0,0,0,0,0,0,0,0,0,0,0,0,0,0.7092113,0.6937328,0.8467177,1,0.9560377,0.6361669,0,0.6359842,0.696715,0.6814922,0,0,0,0,0,0,0,0,0,0,0,0,0,0,0,0,0,0,0,0,0,0,0,0,0,0.7634167,0.9630998,1,0.863559,0.7057036,0.6824838,0.6969631,0.702641,0,0,0,0,0,0,0,0,0,0
0,0,0,0,0,0,0,0,0.5834302,0.5832316,0.6073936,0.6317035,0.6019741,0,0.7136267,0.9059768,1,0.9323292,0.6937816,0,0,0,0.6281177,0.6305543,0.5947277,0,0,0,0,0,0,0,0,0,0,0,0,0,0,0,0,0,0,0.6833336,0.7644991,0.6634016,0.7267284,0.8315384,0.7576741,0.9623662,1,0.81525,0.7325807,0,0,0,0,0,0,0,0,0,0,0,0,0,0,0,0,0,0,0,0,0,0,0,0.6486127,0.707554,0.6597055,0.6496013,0,0.9348397,1,0.8928985,0.6510388,0,0,0,0,0,0.6487339,0.6410815,0.6381738,0,0,0,0,0,0,0,0,0,0,0,0,0,0,0.6153834,0.6099877,0.703598,0.6738339,0.6308671,0.6496608,0.653338,0.836886,1,0.9807776,0.7953259,0.6269653,0.6223511,0.6907305,0.686483,0.5968642,0,0,0,0,0,0,0,0,0,0,0,0,0,0,0,0,0,0,0,0,0,0,0.6720863,0.774435,0,0.9670484,1,0.8605695,0.6780754,0,0,0.6338185,0.6330468,0,0,0,0,0,0,0,0,0
0,0,0,0,0,0,0,0,0,0,0,0,0,0,0.6431475,0.8846601,1,0.9077053,0.6085947,0.623402,0,0,0,0,0,0,0,0,0,0,0,0,0,0,0,0,0,0,0,0,0,0.6948803,0.6983845,0.759847,0.864312,0.9025167,0.8837748,0.7496226,0.798798,1,0.9995883,0.8106601,0,0,0,0,0,0,0,0,0,0,0,0,0,0,0,0,0,0,0,0,0,0,0,0,0.6376995,0.6779464,0.6787848,0.6775526,0.6618585,0.9354009,1,0.8631611,0,0,0,0,0,0,0,0,0,0,0,0,0,0,0,0,0,0,0,0,0,0,0,0,0,0.6163871,0.6517432,0.6681565,0,0,0.7811729,1,0.9924258,0.7601618,0,0.6333978,0.6309493,0,0,0,0,0,0,0,0,0,0,0,0,0,0,0,0,0,0,0,0,0.7162603,0.7134675,0.730755,0.8057331,0.8062992,0.7024479,0.6735989,0.9130898,1,0.8378912,0,0,0,0,0,0,0,0,0,0,0,0,0,0
0,0,0,0,0,0,0,0,0,0,0,0,0.6632961,0.6733788,0.6934742,0.890447,1,0.9242242,0,0,0,0,0,0,0,0,0,0,0,0,0,0,0,0,0,0,0,0,0,0,0,0,0,0,0.8298883,0.8340155,0.8588657,0.843578,0.8235461,1,0.9516059,0,0,0,0,0,0,0,0,0,0,0,0,0,0,0,0,0,0,0,0,0,0,0,0,0,0,0,0.7190171,0.7363771,0.6927538,0.9379626,1,0.8976256,0,0,0,0,0,0,0,0,0,0,0,0,0,0,0,0,0,0,0,0,0,0,0,0,0,0,0,0,0.7121759,0.7067741,0.7538962,1,0.9899286,0.7593843,0,0,0,0,0,0,0,0,0,0,0,0,0,0,0,0,0,0,0,0,0,0,0,0,0.6781829,0.7539187,0.721512,0.7652697,0.6923101,0.7222184,0.9414962,1,0.8708,0,0,0,0,0,0,0,0,0,0,0,0,0,0
0,0,0,0,0,0,0,0,0,0,0,0,0,0,0,0.8954033,1,0.9207162,0,0,0,0,0,0,0,0,0,0,0,0,0,0,0,0,0,0,0,0,0,0,0,0,0,0,0,0,0,0,0.9709561,0.9831137,1,0,0,0,0,0,0,0,0,0,0,0,0,0,0,0,0,0,0,0,0,0,0,0,0,0,0,0,0,0.6988808,0,0.9203869,1,0.9023421,0,0,0,0,0,0,0,0,0,0,0,0,0,0,0,0,0,0,0,0,0,0,0,0,0,0,0,0,0,0,0.8463384,1,0.9677359,0.7318395,0,0,0,0,0,0,0,0,0,0,0,0,0,0,0,0,0,0,0,0,0,0,0,0,0,0,0,0.7468355,0.7569901,0,0.9400598,1,0.8642176,0,0,0,0,0,0,0,0,0,0,0,0,0,0
0,0,0,0,0,0,0,0,0,0,0,0,0,0,0,0.9032547,1,0.9108978,0.6515397,0,0,0,0,0,0,0,0,0,0,0,0,0,0,0,0,0,0,0,0,0,0,0,0,0,0,0,0,0,0,1,0.9895055,0.8700966,0,0,0,0,0,0,0,0,0,0,0,0,0,0,0,0,0,0,0,0,0,0,0,0,0,0,0,0,0,0.8970457,1,0.8986898,0,0,0,0,0,0,0,0,0,0,0,0,0,0,0,0,0,0,0,0,0,0,0,0,0,0,0,0,0,0.6034498,0.8241633,1,0.9694881,0.7111613,0,0,0,0,0,0,0,0,0,0,0,0,0,0,0,0,0,0,0,0,0,0,0,0,0,0,0,0,0,0.7310388,0.9537668,1,0.8488228,0,0,0,0,0,0,0,0,0,0,0,0,0,0
0,0,0,0,0,0,0,0,0,0,0,0.6532512,0.6683831,0,0,0.9111896,1,0.9283998,0.7681009,0.6940805,0.6584916,0.6584836,0,0,0,0,0,0,0,0,0,0,0,0,0,0,0,0,0,0,0,0,0,0,0,0,0,0,0.8250054,1,0.9693107,0.834779,0,0.7791955,0.7689239,0,0,0,0,0,0,0,0,0,0,0,0,0,0,0,0,0,0,0,0,0,0,0,0,0,0,0.9109663,1,0.9170302,0.6727762,0,0.7121745,0.7487693,0.7103625,0,0,0,0,0,0,0,0,0,0,0,0,0,0,0,0,0,0.6650364,0.6677907,0,0,0,0,0,0,0.8576044,1,0.9620031,0.6627644,0,0.6616957,0.6450247,0,0,0,0,0,0,0,0,0,0,0,0,0,0,0,0,0,0,0,0,0,0,0,0,0,0,0.6908905,0.9536092,1,0.8605773,0,0,0,0,0,0,0,0,0,0,0,0,0,0
0,0,0,0,0,0,0,0,0,0,0,0,0,0,0,0.9097537,1,0.9085699,0.6812939,0.7300988,0.6098045,0.7074288,0.6684912,0,0,0,0,0,0,0,0,0,0,0,0,0,0,0,0,0,0,0,0,0,0,0,0,0,0.8351532,1,0.9847723,0.7287329,0.7987343,0,0.79737,0.7758798,0.6875584,0,0,0,0,0,0,0,0,0,0,0,0,0,0,0,0,0,0,0,0,0,0,0,0.6227129,0.9237334,1,0.8967413,0.7471569,0.6955804,0.6863084,0,0.6218303,0,0,0,0,0,0,0,0,0,0,0,0,0,0,0,0,0,0,0,0,0,0,0,0,0,0.8557965,1,0.9652794,0.7712958,0.775268,0.7372423,0.7163979,0,0,0,0,0,0,0,0,0,0,0,0,0,0,0,0,0,0,0,0,0,0,0,0,0,0,0.7291082,0.9596411,1,0.8419548,0.825139,0.8626947,0.7878104,0.677514,0,0,0,0,0,0,0,0,0,0
0,0,0,0,0,0,0,0,0,0,0,0,0,0,0,0.9007109,1,0.9137505,0.6848179,0.7438163,0.6938767,0.732442,0.7019919,0,0,0,0,0,0,0,0,0,0,0,0,0,0,0,0,0,0,0,0,0,0,0,0,0,0.743665,0.9938824,1,0.7109487,0,0,0,0.7661113,0,0,0,0,0,0,0,0,0,0,0,0,0,0,0,0,0,0,0,0,0,0,0,0,0,0.9334508,1,0.8950125,0,0.7333756,0.7646611,0.7145986,0.6585304,0,0,0,0,0,0,0,0,0,0,0,0,0,0,0,0,0,0,0,0,0,0,0,0,0,0.84293,1,0.9559501,0.775743,0.6878133,0.6850113,0.7671413,0.7339281,0,0,0,0,0,0,0,0,0,0,0,0,0,0,0,0,0,0,0,0,0,0,0,0,0,0,0.929333,1,0.8744473,0.7919699,0.8028814,0.7964839,0.7265229,0.7248817,0.7489371,0.7934806,0.758893,0,0,0,0,0,0
0,0,0,0,0,0,0,0,0,0,0,0,0,0,0.6597006,0.9195795,1,0.911795,0.6467078,0.6946788,0.6635143,0.7103378,0.6972833,0.6493545,0.6316664,0,0,0,0,0,0,0,0,0,0,0,0,0,0,0,0,0,0,0,0,0,0,0,0.7640178,0.9913603,1,0.7515625,0.8055956,0.7864988,0.7059377,0.7419971,0.690275,0.6768768,0.7996317,0.7346469,0,0,0,0,0,0,0,0,0,0,0,0,0,0,0,0,0,0,0,0,0.5988106,0.9283442,1,0.9039454,0.7537136,0.7630581,0.6991475,0,0.6192887,0.6885149,0.7167571,0.6764627,0,0,0,0,0,0,0,0,0,0,0,0,0,0,0,0,0,0,0,0,0,0,0.8194188,1,0.9857445,0.7995427,0.7572938,0.7563176,0,0.721576,0.7031304,0.7044554,0.6703012,0,0,0,0,0,0,0,0,0,0,0,0,0,0,0,0,0,0,0,0,0,0,0,0.9436212,1,0.8510155,0.7922207,0.8097184,0.7968522,0,0.7232446,0.6690492,0.7339524,0,0,0,0,0,0,0
0,0,0,0,0,0,0,0,0,0,0,0,0,0,0,0.9158243,1,0.8801003,0.7119004,0,0.7268664,0.706295,0,0,0,0,0,0,0,0,0,0,0,0,0,0,0,0,0,0,0,0,0,0,0,0,0,0,0,1,0.9981114,0,0.816827,0.8275362,0,0.8739699,0.7872964,0,0.7793294,0,0,0,0,0,0,0,0,0,0,0,0,0,0,0,0,0,0,0,0,0,0,0.9481695,1,0.8766853,0.7073323,0,0,0,0.6655294,0,0.6634759,0.6629062,0,0,0,0,0,0,0,0,0,0,0,0,0,0,0,0,0,0,0,0,0,0,0,1,0.9676957,0.8348896,0.7940212,0,0,0,0,0,0,0,0,0,0,0,0,0,0,0,0,0,0,0,0,0,0,0,0,0,0,0,0,0,0.9431566,1,0.8648268,0.7813296,0.8308694,0.8018183,0,0,0.7304404,0,0.7501372,0.7215263,0.7136683,0,0,0,0
0,0,0,0,0,0,0,0,0,0,0,0,0,0,0.6647712,0.9158295,1,0.9081445,0.5959577,0,0,0.6085573,0,0,0,0,0,0,0,0,0,0,0,0,0,0,0,0,0,0,0,0,0,0,0,0,0,0,0,0.9580047,1,0.8323676,0.7968625,0.8011976,0.7307455,0.8669344,0.7846949,0,0,0,0,0,0,0,0,0,0,0,0,0,0,0,0,0,0,0,0.6090187,0.6620376,0.6814604,0.724944,0.761237,0.9535936,1,0.8598889,0.7214659,0.6395854,0.6801258,0.7192199,0.6837077,0,0.6110334,0.6251274,0,0,0,0,0,0,0,0,0,0,0,0,0,0,0.6162938,0.6319739,0,0,0,0.6742907,0.6749454,0.709766,0.9047818,1,0.9352197,0,0.6621816,0,0,0,0.6454044,0.6661593,0,0,0,0,0,0,0,0,0,0,0,0,0,0,0,0,0,0,0,0,0,0,0.7344774,0.7809462,0.9630636,1,0.8631318,0.752295,0.7567934,0,0,0,0,0,0.6540309,0.651637,0,0,0,0,0
0,0,0,0,0,0,0,0,0,0,0,0,0.6737319,0.6785076,0.7286488,0.9364805,1,0.8791314,0.6953086,0,0,0,0,0,0,0,0,0,0,0,0,0,0,0,0,0,0,0,0,0,0,0,0,0,0,0,0,0,0.8545511,0.9026424,1,0.929493,0.8825985,0.8766592,0.9163761,0.8272188,0,0,0,0,0,0,0,0,0,0,0,0,0,0,0,0,0,0,0,0,0,0.6557376,0.7077062,0.66189,0.7450904,0.9650921,1,0.862464,0.7177073,0.6757006,0.6318181,0,0,0,0,0,0,0,0,0,0,0,0,0,0,0,0,0,0,0,0,0,0,0,0,0.7428029,0.7587482,0.7093013,0.8674875,1,0.9665396,0.7051783,0.7855977,0.7623793,0.6558176,0,0,0,0,0,0,0,0,0,0,0,0,0,0,0,0,0,0,0,0,0,0,0,0.7213621,0.7757744,0.6881707,0.81184,0.9821069,1,0.7220154,0.747484,0,0.6746141,0.689856,0.6706089,0,0,0,0,0,0,0,0,0
0,0,0,0,0,0,0,0,0,0,0,0,0,0.6596055,0.6768208,0.9405753,1,0.8964247,0,0,0,0,0,0,0,0,0,0,0,0,0,0,0,0,0,0,0,0,0,0,0,0,0,0,0,0,0,0,0.7874154,0.9617363,1,0.9209472,0.6913094,0,0,0,0,0,0,0,0,0,0,0,0,0,0,0,0,0,0,0,0,0,0,0,0,0,0,0,0.7513149,0.9575479,1,0.8533247,0.7532682,0.6781986,0.6327758,0,0,0,0,0,0,0,0,0,0,0,0,0,0,0,0,0,0,0,0,0,0,0,0,0.6817799,0.7232188,0.7580093,0.8885522,1,0.9473845,0.7166585,0.6873086,0,0,0,0,0,0,0,0,0,0,0,0,0,0,0,0,0,0,0,0,0,0,0,0,0,0,0.7502097,0.7824748,0,0.9485636,1,0.9363508,0.8138354,0,0,0,0,0,0,0,0,0,0,0,0,0
0,0,0,0,0,0,0,0,0,0,0,0,0,0,0.6345977,0.9138765,1,0.8940656,0,0,0,0,0,0,0,0,0,0,0,0,0,0,0,0,0,0,0,0,0,0,0,0,0,0,0,0,0,0,0.7304304,0.9776774,1,0.8528019,0.6673634,0,0,0,0,0,0,0,0,0,0,0,0,0,0,0,0,0,0,0,0,0,0,0,0,0,0,0.6335293,0.6932192,0.9486406,1,0.8345775,0.6093178,0,0,0,0,0,0,0,0,0,0,0,0,0,0,0,0,0,0,0,0,0,0,0,0,0,0,0,0.6065543,0.7528673,0.8903735,1,0.9531775,0.7045608,0,0,0,0,0,0,0,0,0,0,0,0,0,0,0,0,0,0,0,0,0,0,0,0,0,0,0,0,0.7203581,0.8476937,1,0.9970573,0.9092337,0.6917019,0,0,0,0,0,0,0,0,0,0,0,0,0
0,0,0,0,0,0,0,0,0,0,0,0,0,0,0,0.9214939,1,0.9010447,0,0,0.6289889,0.6365793,0,0,0,0,0,0,0,0,0,0,0,0,0,0,0,0,0,0,0,0,0,0,0,0,0,0,0.8299762,1,0.9706613,0.6715026,0,0,0,0,0,0,0,0,0,0,0,0,0,0,0,0,0,0,0,0,0,0,0,0,0.6306272,0.6652204,0.6630247,0.6211104,0,0.9427614,1,0.8870793,0,0.6350981,0.6471791,0.6665195,0.6231061,0,0,0,0,0,0,0,0,0,0,0,0,0,0,0,0,0,0,0,0,0,0,0,0,0.6509103,0.8489056,1,0.9501463,0.6884372,0,0.66969,0.6663752,0.6529348,0,0,0,0,0,0,0,0,0,0,0,0,0,0,0,0,0,0,0,0,0,0,0,0,0,0.7058065,0.9567443,1,0.8668508,0,0,0,0,0,0,0,0,0,0,0,0,0,0
0,0,0,0,0,0,0,0,0,0,0,0,0,0,0,0.9375212,1,0.8939555,0,0,0,0,0,0,0,0,0,0,0,0,0,0,0,0,0,0,0,0,0,0,0,0,0,0,0,0,0,0,0.8606829,1,0.956476,0,0,0,0,0,0,0,0,0,0,0,0,0,0,0,0,0,0,0,0,0,0,0,0,0,0,0.6798923,0.6734565,0,0,0.9537892,1,0.8734124,0,0,0,0,0,0,0,0,0,0,0,0,0,0,0,0,0,0,0,0,0,0,0,0,0,0,0,0,0,0,0.8734773,1,0.9511392,0,0,0,0.6902202,0,0,0,0,0,0,0,0,0,0,0,0,0,0,0,0,0,0,0,0,0,0,0,0,0,0,0.7380238,0.9783133,1,0.8411571,0,0,0,0,0,0,0,0,0,0,0,0,0,0
0,0,0,0,0,0,0,0,0,0,0,0,0,0,0,0.9509733,1,0.9159625,0,0,0,0,0,0,0,0,0,0,0,0,0,0,0,0,0,0,0,0,0,0,0,0,0,0,0,0,0,0,0.9075957,1,0.9525796,0,0,0,0,0,0,0,0,0,0,0,0,0,0,0,0,0,0,0,0,0,0,0,0,0,0,0,0,0,0,0.9580935,1,0.8997319,0,0,0,0,0,0,0,0,0,0,0,0,0,0,0,0,0,0,0,0,0,0,0,0,0,0,0,0,0,0,0.9032151,1,0.9591808,0,0,0,0,0,0,0,0,0,0,0,0,0,0,0,0,0,0,0,0,0,0,0,0,0,0,0,0,0,0,0,0.9710327,1,0.8840356,0,0,0,0,0,0,0,0,0,0,0,0,0,0
0,0,0,0,0,0,0,0,0,0,0,0,0,0,0,0.9357449,1,0.8986001,0,0,0,0,0,0,0,0,0,0,0,0,0,0,0,0,0,0,0,0,0,0,0,0,0,0,0,0,0,0,0.9245871,1,0.9190849,0,0,0,0,0,0,0,0,0,0,0,0,0,0,0,0,0,0,0,0,0,0,0,0,0,0,0,0,0,0.740647,0.9667187,1,0.8706597,0,0,0,0,0,0,0,0,0,0,0,0,0,0,0,0,0,0,0,0,0,0,0,0,0,0,0,0,0,0,0.889261,1,0.9461033,0,0,0,0,0,0,0,0,0,0,0,0,0,0,0,0,0,0,0,0,0,0,0,0,0,0,0,0,0,0,0.854238,0.9563045,1,0.8595986,0,0,0,0,0,0,0,0,0,0,0,0,0,0
