GestureName: circle
Duration(ms): 940
Handedness: right

SpeakerAngles: 2
55
-55

InterpretedPoints: 20
0,0
0,0
-2.4201218523348,-1.69458756439087
-4.03353642055799,-8.47293782195435
0,-12.4269754721997
-0.806707284111598,-12.9918379936633
-1.6134145682232,-12.4269754721997
0.806707284111599,-9.6026628648816
0.806707284111599,-5.08376269317261
1.6134145682232,-2.25945008585449
0.806707284111599,1.69458756439087
3.22682913644639,5.64862521463624
4.03353642055799,6.21348773609986
3.22682913644639,5.64862521463624
3.22682913644639,11.2972504292725
1.6134145682232,12.4269754721997
2.4201218523348,10.7323879078088
-0.806707284111599,8.47293782195435
-1.6134145682232,1.12972504292725
0,0

StrokePoints: 21
177.666666666667,130.277777777778
177.666666666667,130.277777777778
177.666666666667,130.277777777778
180.086788519001,131.972365342169
184.120324939559,140.445303164123
184.120324939559,152.872278636323
184.927032223671,165.864116629986
186.540446791894,178.291092102186
185.733739507783,187.893754967067
184.927032223671,192.97751766024
183.313617655448,195.236967746095
182.506910371336,193.542380181704
179.28008123489,187.893754967067
175.246544814332,181.680267230968
172.019715677886,176.031642016331
168.792886541439,164.734391587059
167.179471973216,152.307416114859
164.759350120881,141.57502820705
165.566057404993,133.102090385096
167.179471973216,131.972365342169
167.179471973216,131.972365342169

Velocities: 20
0,0
0,0
-3,0
-10,-5
-11,-11
-12,-11
-12,-10
-8,-9
-4,-5
-1,-3
2,1
7,3
8,3
7,3
12,8
12,10
11,8
7,8
0,2
0,0

InverseVelocities: 20
0,0
0,0
0,0
0,1
0,1
0,0
0,0
1,0
5,2
5,1
0,0
0,0
0,0
0,0
0,0
0,0
0,0
0,0
0,0
0,0

RawData: 20
0,0,0,0,0,0,0,0,0,0,0,0,0,0,0,0.8141403,0.9849736,1,0.8848159,0.8018726,0,0,0,0,0,0,0,0,0,0,0,0,0,0,0,0,0,0,0,0,0,0,0,0,0,0,0,0,0.920083,1,0.8509385,0,0,0,0,0,0,0,0,0,0,0,0,0,0,0
0,0,0,0,0,0,0,0,0,0,0,0,0,0,0.7252012,0.7994896,1,0.9222865,0.8638444,0.7478547,0,0,0,0,0,0,0,0,0,0,0,0,0,0,0,0,0,0,0,0,0,0,0,0,0,0,0,0.7059389,0.9563678,1,0.8878078,0.8365963,0,0,0,0,0,0,0,0,0,0,0,0,0,0
0,0,0,0,0,0,0,0,0,0,0.7172438,0.7885123,0.7380511,0.7174873,0.8440528,0.8739191,1,0.9766126,0.795055,0.6048554,0,0,0,0,0,0,0,0,0,0,0,0,0,0,0,0,0,0,0,0,0,0,0,0,0,0,0.6196537,0.6298727,0.9299731,1,0.9436939,0.7910319,0.6404527,0,0,0,0,0,0,0,0,0,0,0,0,0
0,0,0,0.5799645,0.6499102,0.6922975,0.6914776,0.7562791,0.7832432,0.7811947,0.7756978,0.796208,0.7637138,0.7154078,0.8102672,0.8606246,1,0.9757811,0.7680357,0,0,0,0,0,0,0,0,0,0,0,0,0,0,0,0,0,0,0,0,0,0,0.5999251,0.6760903,0.6978173,0.6232787,0.7772361,0.805711,0.8277427,0.9652267,1,0.8622123,0.691873,0.5899168,0.5529527,0,0,0,0,0,0,0,0,0,0,0,0
0,0,0.7172851,0.7575297,0.8111324,0.798011,0.7214761,0.6626334,0.7057667,0.7589563,0.6771877,0.6617562,0.7264649,0.6896148,0.7009549,0.8745658,1,0.9889055,0.8187841,0,0,0,0,0,0,0,0,0,0,0,0,0,0,0,0,0.6501234,0.6423891,0.7237094,0.7426439,0.7511413,0.7585056,0.723332,0.7404813,0.7602562,0.7929631,0.7750252,0.7599065,0.6894184,0.9478003,1,0.892776,0.6694956,0.6375067,0.625589,0,0,0,0,0,0,0,0,0,0,0,0
0.6792065,0.7253265,0.79094,0.7638174,0.7658447,0.7810573,0.7532359,0.7412487,0.763644,0.7536573,0.7166497,0.7335284,0.7255969,0,0,0.8068432,0.9966044,1,0.831819,0,0,0,0,0,0,0,0,0,0,0,0,0,0,0,0,0.6521218,0.7038343,0.7467426,0.7469541,0.756902,0.7247742,0.6689715,0.7136056,0.7205448,0.6756107,0.7116047,0.7380995,0.7379173,0.9481918,1,0.9033241,0,0,0,0,0,0,0,0,0,0,0,0,0,0,0
0.7138829,0.7565855,0.7607574,0.7286693,0.7504199,0.742656,0,0,0.7112894,0.6968415,0.7774546,0.7412412,0.7240087,0.7251611,0.6836807,0.833162,0.9953,1,0.8440964,0,0,0,0,0,0,0,0,0,0,0,0,0,0,0,0,0,0.6694311,0.712125,0.7204732,0.7346298,0.6808906,0.7590423,0.7354273,0.6696821,0,0.6818619,0,0,0.9416996,1,0.9080407,0,0,0,0,0,0,0,0,0,0,0,0,0,0,0
0,0,0,0,0,0.6180893,0.651656,0.596745,0.6319693,0.7081939,0.8264847,0.7701622,0.7940268,0.8025,0.7092568,0.865328,1,0.9814163,0.7554051,0.6031476,0.6045531,0,0,0,0,0,0,0,0,0,0,0,0,0,0,0,0,0.5983933,0.6340404,0.6849331,0.6369451,0.6514792,0.6546618,0.7158425,0.7363505,0.6744801,0,0.7346649,0.9416353,1,0.8966995,0,0,0,0,0,0,0,0,0,0,0,0,0,0,0
0,0,0,0,0,0,0,0,0,0.6297919,0.7273904,0.7799884,0.8576054,0.8435353,0.7170974,0.8690087,1,0.977495,0.7469801,0.6514245,0.5676093,0.5695651,0,0.6124194,0.5756168,0,0,0,0,0,0,0,0,0,0,0,0,0,0,0,0,0.5851886,0.6544641,0.6570896,0.6313434,0.703789,0.6707332,0.6453058,0.9421842,1,0.8825645,0.576846,0.549803,0.6203184,0.5582845,0,0,0,0,0,0,0,0,0,0,0
0,0,0,0,0,0,0,0,0,0,0,0,0.6416391,0.73919,0.6655741,0.8354622,0.9973056,1,0.8367269,0.74732,0.6900888,0.6147313,0,0,0.6144555,0,0,0,0,0,0,0,0,0,0,0,0,0,0,0,0,0,0,0.5973269,0.6302176,0.6854892,0.706817,0.6857555,0.9468013,1,0.8771211,0.6154931,0,0.5931695,0,0,0,0,0,0,0,0,0,0,0,0
0,0,0,0,0,0,0,0,0,0,0,0,0,0,0,0.8323855,1,0.9729903,0.8768542,0.8495119,0.7974421,0.7087612,0,0,0,0,0,0,0,0,0,0,0,0,0,0,0,0,0,0,0,0,0,0,0,0,0,0.6796077,0.9408961,1,0.8938292,0.6905369,0.6996265,0.6789952,0,0,0,0,0,0,0,0,0,0,0,0
0,0,0,0,0,0,0,0,0,0,0,0,0,0,0,0.8179983,1,0.9852855,0.7310106,0.7302347,0.8016834,0,0.7991197,0.7593915,0.8012084,0.8073549,0.731916,0,0,0,0,0,0,0,0,0,0,0,0,0,0,0,0,0,0,0,0.671166,0.7466899,0.9444995,1,0.9248755,0.8085596,0.7381854,0.7163014,0.7355217,0.7076814,0,0,0,0,0,0,0,0,0,0
0,0,0,0,0,0,0,0,0,0,0,0,0,0,0,0.8297861,1,0.9906077,0.793511,0,0.7859051,0.808528,0.8148582,0,0.7507029,0.7770233,0.7731634,0.7220336,0,0,0,0,0,0,0,0,0,0,0,0,0,0,0,0,0,0,0,0.7499421,0.9501755,1,0.9008309,0.7573588,0.8413953,0.8867218,0.8438463,0.7586337,0,0,0,0,0,0,0,0,0,0
0,0,0,0,0,0,0,0,0,0,0,0,0,0,0,0.8926803,1,0.9859278,0.8403604,0,0,0,0,0,0.8773764,0.9258103,0.8945657,0,0,0,0,0,0,0,0,0,0,0,0,0,0,0,0,0,0,0,0,0,0.9599358,1,0.9115774,0,0,0.8429059,0.8537233,0.8512225,0,0,0,0,0,0,0,0,0,0
0,0,0,0,0,0,0,0,0,0,0,0,0,0,0,0.7834416,1,0.9848189,0.769486,0.8076854,0.7697709,0.6746252,0.7702571,0.7848039,0.8335283,0.650984,0.8842661,0.8407086,0.634532,0.7720121,0.7138614,0.623751,0.673881,0,0,0,0,0,0,0,0,0,0,0,0,0,0,0.651959,0.9422809,1,0.8904937,0.593033,0.6273006,0.5364272,0.7551079,0.7741893,0.7152566,0.7855862,0.7475063,0.7003734,0.6009757,0,0,0,0,0
0,0,0,0,0,0,0,0,0,0,0,0,0,0,0,0.8143095,1,0.9875762,0.6563752,0.7934954,0.7298198,0.709242,0.748309,0.7418931,0.8920965,0.9085982,0.7070834,0.6600732,0.8591066,0.844977,0.7300154,0.6801582,0.643053,0,0,0,0,0,0,0,0,0,0,0,0,0,0,0.6022248,0.9424285,1,0.8938761,0.6177605,0.6333746,0.7687542,0.8395339,0.8142459,0.6810113,0.6786385,0.7581132,0.7337496,0,0.6166708,0.6064782,0,0,0
0,0,0,0,0,0,0,0,0,0,0,0,0,0,0,0.8475115,1,0.9903394,0.8194425,0.6622452,0.6463042,0.8258754,0.9086556,0.9511893,0.9006237,0.8686833,0.6814522,0.7967904,0.7949261,0.7437409,0.6285217,0,0,0,0,0,0,0,0,0,0,0,0,0,0,0,0,0.6416797,0.9445689,1,0.899202,0.655931,0.5853553,0.7540667,0.7143465,0.719546,0.762815,0.7758163,0.7471516,0.6488841,0.6170973,0,0,0,0,0
0,0,0,0,0,0,0,0,0,0,0,0,0,0.6613163,0.6977069,0.8081858,1,0.9489467,0.8333464,0.8212888,0.6960102,0.8434408,0.8777842,0.8705067,0.8190424,0.7255359,0.6205782,0,0,0,0,0,0,0,0,0,0,0,0,0,0,0,0,0,0,0,0,0,0.9391677,1,0.8865181,0.7246838,0.7714673,0.734834,0.8018377,0.7905669,0.7069724,0.6378102,0.6289475,0.6093825,0.5667864,0,0,0,0,0
0,0,0,0,0,0,0,0,0,0,0,0,0,0,0,0.781487,0.9824739,1,0.9170783,0.8427998,0,0,0,0,0,0,0,0,0,0,0,0,0,0,0,0,0,0,0,0,0,0,0,0,0,0,0,0,0.9514891,1,0.9148502,0.8714319,0.841763,0.7875978,0.7227556,0,0,0,0,0,0,0,0,0,0,0
0,0,0,0,0,0,0,0,0,0,0,0,0,0,0.6904461,0.9003216,1,0.9584417,0.737213,0,0,0,0,0,0,0,0,0,0,0,0,0,0,0,0,0,0,0,0,0,0,0,0,0,0,0,0,0.6420074,0.9466246,1,0.8797523,0.6684068,0,0,0,0,0,0,0,0,0,0,0,0,0,0
