GestureName: double_arch
Duration(ms): 893
Handedness: right

SpeakerAngles: 2
55
-55

InterpretedPoints: 19
0,0
0,0
3.2268291364464,-9.03780034341798
0.806707284111598,-12.9918379936633
0.806707284111598,-12.9918379936633
0.806707284111599,-6.21348773609986
10.4871946934508,5.08376269317261
8.06707284111599,4.51890017170899
8.06707284111599,4.51890017170899
4.03353642055799,-0.564862521463624
4.03353642055799,-1.69458756439087
-0.806707284111599,-7.34321277902711
-1.6134145682232,-9.03780034341798
-4.03353642055799,-3.95403765024537
-5.64695098878119,6.21348773609986
-7.26036555700439,7.34321277902711
-1.6134145682232,1.12972504292725
-2.4201218523348,0.564862521463623
0,0

StrokePoints: 20
177.666666666667,130.277777777778
177.666666666667,130.277777777778
177.666666666667,130.277777777778
174.43983753022,139.315578121196
173.633130246109,152.307416114859
172.826422961997,165.299254108522
172.019715677885,171.512741844622
161.532520984435,166.42897915145
153.465448143319,161.910078979741
145.398375302203,157.391178808032
141.364838881645,157.956041329495
137.331302461087,159.650628893886
138.138009745198,166.993841672913
139.751424313422,176.031642016331
143.78496073398,179.985679666577
149.431911722761,173.772191930477
156.692277279765,166.42897915145
158.305691847988,165.299254108522
160.725813700323,164.734391587059
160.725813700323,164.734391587059

Velocities: 19
0,0
0,0
-6,-10
-11,-12
-11,-12
-5,-6
11,-2
9,-1
9,-1
2,-3
1,-4
-7,-6
-9,-7
-6,-1
2,9
2,11
0,2
-1,2
0,0

InverseVelocities: 19
0,0
0,0
1,0
0,0
3,0
5,3
0,8
-3,5
-3,1
-5,1
-8,1
0,0
3,1
1,3
0,0
0,0
0,0
0,0
0,0

RawData: 19
0,0,0,0,0,0,0,0,0,0,0,0,0,0,0,0.7884807,1,0.9959394,0.7960859,0,0,0,0,0,0,0,0,0,0,0,0,0,0,0,0,0,0,0,0,0,0,0,0,0,0,0,0,0.7001002,0.9450645,1,0.8803427,0,0,0,0,0,0,0,0,0,0,0,0,0,0,0
0,0,0,0,0,0,0,0,0,0,0,0,0,0,0.6975355,0.8326074,1,0.9825931,0.7744371,0.6654107,0,0,0,0,0,0,0,0,0,0,0,0,0,0,0,0,0,0,0,0,0,0,0,0,0,0,0,0.7235685,0.9424934,1,0.894391,0,0,0,0,0,0,0,0,0,0,0,0,0,0,0
0,0,0,0,0,0,0,0.6095261,0.6412609,0,0.6713117,0.5896571,0.6014826,0,0.7096739,0.8545938,1,0.9843962,0.7890649,0.6315072,0.5943758,0,0,0,0,0,0,0,0,0,0,0,0,0,0,0,0.6100554,0.6128102,0.6091259,0.6208131,0,0.616594,0.6432168,0.7308251,0.6546861,0.6143262,0.6469972,0.7493403,0.9443036,1,0.8900829,0,0,0,0,0,0,0,0,0,0,0,0,0,0,0
0,0,0.645745,0.7146107,0.7131378,0.6374907,0.6827913,0.7322419,0.7025219,0.7453622,0.8095807,0.7961418,0.7199502,0.7089558,0.734163,0.8533806,1,0.9904062,0.8375403,0.7095487,0,0,0,0,0,0,0,0,0,0,0,0,0,0.6936862,0.7115936,0,0.7318267,0.7625627,0.6149005,0.7482789,0.7348168,0.6978953,0.7103481,0.7156743,0.6403373,0.7505693,0.6141602,0.7258838,0.9497146,1,0.8938013,0.6136599,0,0,0,0,0,0,0,0,0,0,0,0,0,0
0,0,0.6016943,0.644998,0.6198563,0.6096057,0.605716,0.6513984,0.7196506,0.6261488,0.7104341,0.7319766,0.7438978,0.7920289,0.8012355,0.8211203,1,0.9937705,0.8259586,0.716018,0.5818882,0.5526978,0.5479635,0,0,0,0,0,0,0,0,0,0,0.5917026,0.5578258,0.6790934,0.7130324,0.6996324,0.7744352,0.7960217,0.7544881,0.7260142,0.6732582,0.7688304,0.7403539,0.7212732,0.6880902,0.6403001,0.9531096,1,0.8760857,0.5968058,0.5920011,0,0,0,0,0,0,0,0,0,0,0,0,0
0,0,0,0,0,0,0,0,0.5923626,0,0,0,0.611905,0.689419,0.5795141,0.797913,1,0.9918604,0.8149974,0.7204574,0.7603215,0.752546,0.7435592,0.6117011,0.6292489,0,0,0,0,0,0,0,0,0,0,0,0,0,0,0,0.599878,0.6499355,0.69248,0.7544958,0.7997261,0.7868078,0.7557191,0.7684252,0.9429086,1,0.8920217,0,0.649791,0.6409023,0.5970948,0.581281,0,0,0,0,0,0,0,0,0,0
0,0,0,0,0,0,0,0,0,0,0,0,0,0.6227135,0.7372694,0.9030745,1,0.9694951,0.7765569,0.7594291,0.6462395,0.7053678,0.5939398,0.6160925,0.627124,0.6493807,0.5819378,0.6468881,0.5636781,0.554854,0.566626,0,0,0,0,0,0,0,0,0,0,0,0,0,0.6037799,0.66453,0.7463794,0.7694927,0.9302489,1,0.889217,0.6730894,0.6356679,0.7085201,0.6081247,0.5737886,0.6788017,0.6581166,0,0.5616143,0.6014288,0,0,0,0,0
0,0,0,0,0,0,0,0,0,0,0.6660011,0.6902182,0.6540053,0.7285624,0.7607335,0.8065616,0.9969553,1,0.7398655,0.8025256,0.7639408,0.7659025,0.629148,0.6384332,0.7160113,0.6623466,0.6876213,0,0.6607725,0,0,0,0,0,0,0,0,0,0,0,0,0,0,0,0,0.6708784,0.7507058,0.8023198,0.9267561,1,0.9039085,0.6014619,0.6836475,0.6859112,0.5937558,0.6558957,0.6891328,0.6075882,0,0,0,0,0,0,0,0
0,0,0,0,0,0,0,0,0,0,0.5933684,0.6630587,0.7358171,0,0.7405845,0.8509914,1,0.9777525,0.6986219,0.6947967,0,0.5930915,0.5825068,0,0,0.599363,0.5912302,0.6079088,0.5876635,0,0,0,0,0,0,0,0,0,0,0,0,0,0,0,0,0.6324353,0.6948553,0.7610119,0.9471148,1,0.9042708,0.7062879,0.6610792,0.6130775,0,0,0,0,0,0,0,0,0,0,0,0
0,0,0,0,0,0,0,0,0.6001197,0.6349747,0.593417,0,0.693319,0.7068716,0.5868441,0.8155813,1,0.98965,0.75407,0.6432086,0.5909357,0.5960115,0,0,0,0,0,0,0,0,0,0,0,0,0,0,0,0,0,0,0,0,0,0.6067545,0.6451739,0.6555005,0.6666011,0.6386034,0.9463117,1,0.8942021,0.6544439,0,0.5825614,0,0,0,0,0,0,0,0,0,0,0,0
0,0,0,0,0,0.6503788,0.5991292,0.6819687,0,0.621253,0.6685855,0.6061765,0.7148691,0.7612398,0.7408401,0.8551506,1,0.9844689,0.7827817,0.6069572,0.6799025,0,0,0,0,0,0,0,0,0,0,0,0,0,0,0,0,0,0,0,0,0,0.6523705,0.7048681,0.5992516,0.6888723,0.7188103,0.690407,0.9438755,1,0.8873941,0.7871199,0.7567377,0.636043,0,0,0,0,0,0,0,0,0,0,0,0
0,0,0,0,0,0,0.6568915,0.7200414,0.7328522,0.7359773,0.6343083,0.6892763,0.6750209,0.7025208,0.7732717,0.8973629,1,0.9892725,0.856335,0.6987986,0,0,0,0,0,0,0,0,0,0,0,0,0,0,0,0,0,0,0,0,0.6560484,0.6672302,0.6611093,0,0.709527,0.7252271,0.7396194,0.7674367,0.9449065,1,0.9169733,0.7735564,0.7313179,0,0,0,0,0,0,0,0,0,0,0,0,0
0,0,0,0,0.4873364,0.5032203,0.5359761,0.5594519,0.521959,0.6184162,0.6508574,0.6784728,0.4967966,0.6784409,0.6569285,0.816676,1,0.9877417,0.7539932,0,0.5370667,0.4677785,0.5758898,0,0,0,0,0,0,0,0,0,0,0,0,0,0,0,0,0.4879114,0.5326095,0,0.4889086,0.5546426,0.6442938,0.700141,0.6593449,0.7584445,0.9326887,1,0.8786889,0.708854,0.6381866,0.5021594,0,0,0,0,0,0,0,0,0,0,0,0
0,0,0,0,0,0,0,0.6628819,0,0,0,0.7184098,0.6849273,0.7242461,0.8538184,0.9162273,1,0.9783449,0.7500327,0.6896548,0.6606835,0,0,0,0,0,0,0,0,0,0,0,0,0,0,0,0,0,0,0,0,0,0,0,0,0.7059665,0,0.7779921,0.9486201,1,0.9097186,0.6889555,0.7388238,0.8048364,0.7466012,0.7060552,0,0,0,0,0,0,0,0,0,0
0,0,0,0,0,0,0,0,0,0,0,0,0,0.6644676,0.7736505,0.8799205,1,0.9883252,0.7532729,0.7617484,0.7067665,0.649624,0,0,0,0,0,0,0,0,0,0,0,0,0,0,0,0,0,0,0,0,0,0,0,0,0.6450475,0.6847545,0.9369711,1,0.8576366,0.6559318,0.6942302,0.7973244,0.8177657,0.7313659,0.7592865,0.774091,0.6887425,0.6936167,0.7165187,0.6319309,0,0,0,0
0,0,0,0,0,0,0,0,0,0,0,0,0,0,0,0.8477614,1,0.9694284,0.7385353,0.7657927,0,0.7251494,0,0,0,0,0,0,0,0,0,0,0,0,0,0,0,0,0,0,0,0,0,0,0,0,0,0,0.9487852,1,0.8654819,0,0,0,0,0,0,0,0,0,0.7518633,0.7759948,0.7715728,0.7352682,0,0
0,0,0,0,0,0,0,0,0,0,0,0,0,0,0.7092471,0.8840091,1,0.9835508,0.8024546,0.7571964,0,0,0,0,0,0,0,0,0,0,0,0,0,0,0,0,0,0,0,0,0,0,0,0,0,0,0,0.695973,0.9351608,1,0.8800022,0.7037289,0,0.6830265,0.716688,0,0,0,0,0,0,0,0,0,0,0
0,0,0,0,0,0,0,0,0,0,0,0,0.7148554,0.7369413,0,0.8620499,1,0.9950119,0.7541795,0.7193693,0,0,0,0,0,0,0,0,0,0,0,0,0,0,0,0,0,0,0,0,0,0,0,0,0,0,0,0,0.9059656,1,0.8642846,0,0,0,0.716657,0,0,0,0,0,0,0,0,0,0,0
0,0,0,0,0,0,0,0,0,0,0,0,0,0,0,0.8756397,1,0.9614705,0,0,0,0,0,0,0,0,0,0,0,0,0,0,0,0,0,0,0,0,0,0,0,0,0,0,0,0,0,0,0.934292,1,0.8656024,0,0,0,0,0,0,0,0,0,0,0,0,0,0,0
