GestureName: w
Duration(ms): 893
Handedness: right

SpeakerAngles: 2
55
-55

InterpretedPoints: 19
0,0
0,0
4.84024370466959,5.64862521463624
4.03353642055799,3.95403765024537
4.03353642055799,9.6026628648816
2.4201218523348,10.7323879078088
0.806707284111598,12.9918379936633
0.806707284111598,12.9918379936633
4.84024370466959,5.64862521463624
8.06707284111599,-3.38917512878174
2.4201218523348,7.34321277902711
2.4201218523348,5.08376269317261
0.806707284111599,6.21348773609986
0,4.51890017170899
-2.4201218523348,2.82431260731812
-3.2268291364464,3.38917512878174
-1.6134145682232,-12.4269754721997
2.4201218523348,-5.08376269317261
1.6134145682232,-1.12972504292725

StrokePoints: 20
177.666666666667,130.277777777778
177.666666666667,130.277777777778
177.666666666667,130.277777777778
172.826422961997,124.629152563142
168.792886541439,120.675114912896
164.759350120881,111.072452048015
162.339228268546,100.340064140206
161.532520984435,87.3482261465424
160.725813700323,74.3563881528791
155.885569995653,68.7077629382428
147.818497154537,72.0969380670246
145.398375302203,64.7537252879975
142.978253449868,59.6699625948249
142.171546165756,53.456474858725
142.171546165756,48.937574687016
144.591668018091,46.1132620796979
147.818497154537,42.7240869509161
149.431911722761,55.1510624231159
147.011789870426,60.2348251162885
145.398375302203,61.3645501592157

Velocities: 19
0,0
0,0
8,2
6,1
11,6
11,8
12,11
12,11
8,2
2,-8
8,5
6,3
6,5
4,4
1,4
1,5
-12,-10
-3,-6
0,-2

InverseVelocities: 19
0,0
0,0
0,0
0,0
-4,-5
-4,-1
-1,0
-1,-5
-12,-11
-10,0
-1,0
0,0
-7,-2
-5,-4
-9,-3
-9,-5
0,0
0,0
0,0

RawData: 19
0,0,0,0,0,0,0,0,0,0,0,0,0,0.6371399,0.678815,0.8077871,1,0.9849539,0.7399527,0,0,0,0,0,0,0,0,0,0,0,0,0,0,0,0,0,0,0,0,0,0,0,0,0,0,0,0,0,0.9385836,1,0.8065712,0,0,0,0,0,0,0,0,0,0,0,0,0,0,0
0,0,0,0,0,0,0,0,0,0,0,0,0,0,0,0.8212184,1,0.9838737,0.7616174,0,0,0,0,0,0,0,0,0,0,0,0,0,0,0,0,0,0,0,0,0,0,0,0,0,0,0,0,0,0.9319304,1,0.9006809,0,0,0,0,0,0,0,0,0,0,0,0,0,0,0
0,0,0,0,0,0,0,0,0,0,0,0,0,0,0.5821465,0.8308316,1,0.9824485,0.7195238,0.7933128,0.7949365,0.7228315,0.7224323,0.6523346,0.6574095,0.5785007,0.5621704,0.5644811,0,0,0,0,0,0,0,0,0,0,0,0,0,0,0,0,0,0,0,0.646687,0.9445074,1,0.8835894,0.7129953,0.6386068,0.6555013,0.6414905,0,0,0,0,0,0,0,0,0,0,0
0,0,0,0,0,0,0,0,0,0,0,0,0,0,0,0.8742142,1,0.9772188,0.8072248,0.7420061,0,0.6507813,0.7088014,0.6431338,0.664795,0.6848646,0,0,0,0,0,0,0,0,0,0,0,0,0,0,0,0,0,0,0,0,0,0,0.9438925,1,0.9106472,0,0.653854,0.6703236,0,0,0,0,0,0,0,0,0,0,0,0
0,0,0,0,0,0,0,0,0,0.5646662,0.5665019,0,0.595081,0.5546451,0.6863924,0.8370063,1,0.9816114,0.6475768,0.693094,0.6589948,0.6870056,0.6150436,0.7235404,0.7404128,0.7266374,0.6423605,0.5568346,0,0.5814169,0.5979441,0,0,0,0,0,0,0,0,0,0,0.5696862,0.5729034,0.5984681,0.596561,0.6179159,0.6374621,0.6699736,0.9513958,1,0.8523979,0.7101286,0.6908448,0.6976489,0.5895632,0.6590108,0.6443863,0.6693689,0.5731951,0,0,0,0,0,0,0
0,0,0,0,0,0,0,0,0,0.6032799,0,0.6018178,0.5963067,0.6255485,0.5967133,0.7948582,1,0.9904554,0.7539858,0.820482,0.7706091,0.7359321,0,0.7400827,0.6855171,0.7056885,0.6289818,0.6229911,0,0,0.6128355,0,0,0,0,0,0,0,0,0,0,0,0,0,0,0.6174512,0.6412774,0.6255804,0.9394504,1,0.8999568,0.7716502,0.7451155,0.7098888,0.7495399,0.7522142,0,0.7171986,0.7329053,0.6999647,0.6291997,0,0,0,0,0
0,0,0,0,0,0,0,0,0,0,0,0,0.60548,0,0.5732735,0.8443621,1,0.9843145,0.7667105,0.6648806,0.7427305,0.7808428,0.7610781,0.7143354,0.7565861,0.7359369,0.719485,0.7681499,0.7707493,0.7344198,0.6346032,0.588223,0,0,0,0,0,0,0,0,0,0,0,0,0,0,0.5423744,0.6119376,0.945142,1,0.8745911,0.7395299,0.7230484,0.5790502,0,0.6481171,0.6844855,0.6814469,0.7389657,0.6972144,0.5937618,0.648936,0.6106556,0.5345713,0,0
0,0,0,0,0,0,0,0,0,0,0,0,0.6574821,0,0.6908039,0.826906,1,0.9903411,0.7934152,0,0,0.6163896,0.6745564,0.688161,0.7260335,0.6775607,0,0.6795648,0.6948279,0.6983677,0,0.5983101,0,0,0,0,0,0,0,0,0,0.6182584,0.6311702,0,0.6243919,0.633833,0.6226869,0.6903311,0.9486114,1,0.9042049,0.7388722,0.690281,0.6246409,0.6295959,0.6243859,0,0,0,0,0,0,0,0.6032475,0,0
0,0.5432324,0.6164422,0.607403,0.6529187,0.6334425,0.6916941,0.7405825,0.7090778,0.6476034,0.6758206,0.6594107,0.6758384,0.7054156,0.7316583,0.8002546,1,0.9851001,0.7400391,0.5386411,0,0.5825673,0.5862741,0.5300232,0,0,0,0.5300049,0,0,0,0,0,0,0,0.5886828,0.565939,0.5979289,0,0.6056646,0.6660452,0.6817234,0.5871074,0.6184648,0.6284084,0.6341335,0.6225732,0.5880301,0.9386698,1,0.8879727,0,0,0,0.5519006,0,0,0,0,0,0,0,0,0,0,0
0,0,0,0.5448102,0,0,0.5686787,0.6375591,0.6771435,0.632163,0.6436639,0.7129294,0.7383063,0.7396302,0.758506,0.8455064,1,0.9894114,0.8126631,0.6637761,0.6133595,0.5902324,0,0,0,0,0,0,0,0,0,0,0,0,0,0,0,0,0.5635914,0.596647,0.6228468,0.6183161,0.5958427,0.5909295,0.6653768,0.6635066,0.6498734,0.6369044,0.9381837,1,0.895036,0.5425,0,0,0,0,0,0,0,0,0,0,0,0,0,0
0,0,0,0,0,0,0,0,0,0,0,0,0.5655259,0.5493548,0.6233221,0.8257892,1,0.978895,0.7022373,0.6808071,0.7552406,0.7666411,0.7204329,0.7157432,0.6704102,0,0.5491867,0.5499049,0,0,0,0,0,0,0,0,0,0,0,0,0,0,0,0,0,0,0.5520262,0.6722969,0.9503409,1,0.8696782,0.7231266,0.6786449,0.5880095,0.5793727,0.6182849,0.5467567,0.5356588,0,0,0,0,0,0,0,0
0,0,0,0,0,0,0,0,0,0,0,0,0,0.7263277,0.7007441,0.8586774,1,0.9852205,0.7831351,0.713028,0.7733907,0.7391219,0.670408,0.7509019,0.7299568,0.6896309,0,0,0,0,0,0,0,0,0,0,0,0,0,0,0,0,0,0,0,0,0,0.6611389,0.9501557,1,0.9040329,0.6608117,0,0,0,0.6804715,0,0,0,0,0,0,0,0,0,0
0,0,0,0,0,0,0.594447,0.6411489,0.6121597,0.6640295,0.6737784,0.7172155,0.7331007,0.679491,0.6508844,0.8376457,1,0.9906108,0.7935667,0.6733035,0.6585894,0.66776,0.5744771,0.5853013,0.5762301,0.5705816,0,0,0,0,0,0,0,0,0,0,0,0,0,0,0,0,0,0,0.5925264,0.6205649,0.7070737,0.7086321,0.9356256,1,0.9027789,0.6431054,0.6481284,0.5963804,0,0.6430534,0.6362081,0.5690053,0,0,0,0,0,0,0,0
0,0,0,0,0,0,0,0,0.6016617,0.6255376,0.6699809,0.7324312,0.7700927,0.6895793,0.6997936,0.7775799,1,0.9907817,0.766565,0.5699789,0.5447422,0.5522149,0,0.5763932,0,0,0,0,0,0,0,0,0,0,0,0,0,0,0,0,0,0,0.5676593,0.5320377,0.5317524,0,0.679314,0.6862288,0.9467806,1,0.905668,0.7672862,0.7311465,0.693099,0.67133,0.5955911,0.6004968,0,0,0,0,0,0,0,0,0
0,0,0,0,0.5558909,0.5563003,0.5257987,0,0,0.6347291,0.6785234,0.6721098,0.5635484,0.7222399,0.7736948,0.7660533,1,0.9938833,0.7916057,0.5314399,0.5323511,0,0,0,0,0,0,0,0,0,0,0,0,0,0,0,0,0,0,0,0,0,0,0.5838183,0.6569684,0.5965934,0.6109771,0,0.9432957,1,0.8713816,0.7101224,0.7714999,0.7530766,0.7809218,0.7398271,0.6367838,0,0,0,0,0,0,0,0,0
0,0,0,0,0.5428239,0,0.5383641,0,0.5592315,0.6257648,0.6620455,0.690108,0.6907036,0.667852,0.6907697,0.8148969,1,0.9886998,0.7864953,0,0.6006382,0,0,0,0,0,0,0,0,0,0,0,0,0,0,0,0,0,0,0,0,0.5329056,0.5488248,0.6305574,0.6780868,0.5611526,0.6969429,0.6277426,0.9306055,1,0.8869156,0.5288725,0.6102149,0.6560762,0.6578081,0.643445,0.593473,0.5466208,0,0,0,0,0,0,0,0
0,0.5538459,0.583259,0.6220412,0,0.63445,0.683392,0.5685589,0.6170359,0.6782105,0.6650361,0.6259832,0.550083,0.7004398,0.7244543,0.8024902,1,0.9884622,0.8014497,0.6901874,0,0,0,0,0,0,0,0,0,0,0,0,0,0,0,0,0.5644177,0.6109763,0.6741821,0.6797261,0.6111746,0,0.5942915,0.6172853,0.6893266,0.664106,0.6355797,0.6195481,0.9426993,1,0.8967234,0,0,0,0,0,0,0,0,0,0,0,0,0,0,0
0,0,0,0,0,0,0,0,0,0,0.6960075,0.7445987,0.7222413,0.6793422,0.6902777,0.8657631,1,0.9888924,0.833901,0.6986941,0,0,0,0,0,0,0,0,0,0,0,0,0,0,0,0,0,0,0,0,0.7237056,0.7065688,0.6994256,0.7369362,0.7950603,0.761255,0,0.7119018,0.9408044,1,0.9051792,0.6686344,0,0,0,0,0,0,0,0,0,0,0,0,0,0
0,0,0,0,0,0,0,0,0,0,0,0,0,0.6897722,0.7564634,0.8795449,1,0.9837697,0.7736891,0,0,0,0,0,0,0,0,0,0,0,0,0,0,0,0,0,0,0,0,0,0,0,0,0,0.6865679,0.7173368,0.7310988,0.776869,0.9554534,1,0.897827,0.707101,0.6756558,0,0,0,0,0,0,0,0,0,0,0,0,0
