GestureName: y
Duration(ms): 893
Handedness: right

SpeakerAngles: 2
55
-55

InterpretedPoints: 19
-0.806707284111599,0.564862521463623
0,10.1675253863452
2.4201218523348,11.8621129507361
2.4201218523348,11.8621129507361
-2.4201218523348,8.47293782195435
-1.6134145682232,4.51890017170899
-4.84024370466959,5.64862521463624
0,4.51890017170899
0,-13.556700515127
0.806707284111598,-12.9918379936633
0.806707284111598,-12.9918379936633
0.806707284111599,-3.95403765024536
1.6134145682232,6.77835025756348
-0.806707284111598,12.9918379936633
0,13.556700515127
-0.806707284111598,12.9918379936633
2.4201218523348,11.8621129507361
-3.22682913644639,4.51890017170899
-1.6134145682232,3.38917512878174

StrokePoints: 20
177.666666666667,130.277777777778
178.473373950778,129.712915256314
178.473373950778,119.545389869969
176.053252098443,107.683276919233
173.633130246109,95.8211639684968
176.053252098443,87.3482261465424
177.666666666667,82.8293259748334
182.506910371336,77.1807007601972
182.506910371336,72.6618005884882
182.506910371336,86.2185011036152
181.700203087225,99.2103390972785
180.893495803113,112.202177090942
180.086788519001,116.156214741187
178.473373950778,109.377864483624
179.28008123489,96.3860264899604
179.28008123489,82.8293259748334
180.086788519001,69.8374879811701
177.666666666667,57.975375030434
180.893495803113,53.456474858725
182.506910371336,50.0672997299433

Velocities: 19
0,1
9,9
12,9
12,9
6,9
3,5
2,8
4,4
-12,-12
-11,-12
-11,-12
-3,-4
7,5
11,12
12,12
11,12
12,9
2,6
2,4

InverseVelocities: 19
0,0
0,0
0,0
-2,-3
-2,-1
-3,0
-4,-2
-10,-11
0,0
0,0
0,0
1,1
0,0
0,0
-4,-2
-3,-11
-7,-8
-6,-5
-2,0

RawData: 19
0,0,0,0,0,0,0,0,0,0,0,0,0,0,0,0.8015835,1,0.9858881,0.7815811,0,0,0,0,0,0,0,0,0,0,0,0,0,0,0,0,0,0,0,0,0,0,0,0,0,0,0,0,0,0.9345216,1,0.851954,0.759193,0.7738942,0.7809991,0,0,0,0,0,0,0,0,0,0,0,0
0,0,0,0,0,0,0,0,0,0,0,0,0,0,0,0.828683,1,0.9872676,0.7776273,0.7165511,0.6947302,0.7227471,0.7792144,0.8173831,0.8052601,0.8316276,0.7862382,0.6518903,0.6128585,0,0,0,0.6338636,0,0,0,0,0,0,0,0,0,0,0,0,0,0,0.632311,0.9402652,1,0.908287,0.6001517,0.7602105,0.8224664,0.7874912,0,0.755078,0.728079,0.7196633,0.6905063,0.5968269,0.5840547,0,0,0,0
0,0,0,0,0,0,0,0,0,0,0,0,0,0,0,0.8465226,1,0.9851467,0.7691242,0.6874977,0.662374,0.7432301,0.7961701,0.7830576,0.8030783,0.6981814,0.8290831,0.8390802,0.7894258,0.6203922,0.6768206,0.6593217,0,0,0,0,0,0,0,0,0,0,0,0,0,0,0,0,0.9467981,1,0.8930522,0.6617672,0.7520802,0.7203586,0.7338617,0.7319433,0.7862803,0.7867409,0.7366684,0.6430733,0.708292,0.672869,0,0,0,0
0,0,0,0,0,0,0,0,0,0,0,0.5871777,0.5571681,0,0.5872802,0.8293774,1,0.9879088,0.7679672,0.7004545,0.7173181,0.6505097,0.6678044,0,0.6138283,0.6960056,0.6382724,0.6888905,0.558649,0.6589799,0.6220843,0.5619937,0,0,0,0,0,0,0,0,0,0,0,0.563697,0.5803968,0,0.6028297,0.6019285,0.9438144,1,0.8864053,0.6378326,0.7078615,0.6310965,0.67407,0.6874977,0.6826325,0.6147702,0.6870655,0.6765854,0.6847619,0.668404,0,0,0,0
0,0,0,0,0,0,0,0,0,0,0,0.6158288,0.6098577,0.6508026,0.7168186,0.8599486,1,0.9723396,0.6023454,0.74712,0.7713411,0.7254599,0,0.6759101,0.6607658,0.6032479,0,0,0,0,0,0,0,0,0,0,0,0,0,0,0,0,0,0,0,0.6319675,0.6174893,0,0.9397516,1,0.8957123,0.7014413,0.7805434,0.7443511,0.6894467,0,0.7039551,0.6344548,0.6444792,0.6913636,0.6526588,0.6165928,0,0,0,0
0,0,0,0,0,0,0,0,0,0,0.6439938,0.6380984,0.6472862,0.7990291,0.8103225,0.8050076,1,0.9920695,0.8126484,0.7011511,0.6794986,0.6388301,0.6044647,0,0,0,0,0,0,0,0,0,0,0,0,0,0,0,0,0,0,0,0,0,0,0,0,0,0.9448372,1,0.9007097,0.7244396,0.7382858,0.6545911,0.7054332,0.6763989,0.7141224,0.6538337,0,0,0,0,0,0,0,0
0,0,0,0,0,0,0,0,0,0.5835561,0.576626,0.633661,0.6892142,0.7307339,0.6154015,0.8315407,1,0.9861946,0.7834511,0.6067919,0.5844334,0.6236304,0,0,0,0,0,0,0,0,0,0,0,0,0,0,0,0,0,0,0,0,0,0,0.5557253,0.6075203,0.6339272,0.5717071,0.9389911,1,0.8810191,0.724085,0.723814,0.7145436,0.6221138,0.7097187,0.7021674,0.6933299,0.6392618,0.6418276,0.552208,0,0,0,0,0
0,0,0,0.5734766,0.6272488,0,0.633812,0.6936127,0.6965918,0.5735433,0.5945897,0.5719944,0.7053582,0.7271279,0.7249858,0.8305553,1,0.9881295,0.7737728,0,0,0,0.5750924,0.6003053,0,0,0,0,0,0,0,0,0,0,0,0.6262297,0.6364975,0,0,0,0.6243601,0.7310004,0.7315478,0.7296531,0.6644205,0.6375374,0.6314989,0.6507209,0.9484009,1,0.886512,0.564227,0.6023594,0.6502057,0.6583725,0.6127444,0.5922319,0,0,0,0,0,0,0,0,0
0.7146726,0.6810286,0.722396,0.7586333,0,0.6971388,0.6214748,0.6939665,0.6292428,0.6891104,0.7039549,0,0,0.69353,0.7011775,0.8246027,1,0.9929913,0.8021593,0,0,0,0,0,0,0,0,0,0,0,0,0,0,0.7724009,0.7789813,0.7508699,0.7662138,0.7019171,0.7096571,0,0.7340356,0.7577498,0.7194123,0.7247792,0.657384,0,0,0.688286,0.9435211,1,0.9005034,0.620304,0,0,0,0,0,0,0,0,0,0,0,0,0,0
0,0,0.7249222,0.8101221,0.8409377,0.8041908,0.7569465,0.7178401,0.7042398,0.7320834,0.7447973,0.6689959,0.7293215,0.676829,0,0.8372979,1,0.9920877,0.8160928,0.6495322,0,0,0,0,0,0,0,0,0,0,0,0,0,0.6983594,0.7596117,0.7755692,0,0.7392374,0.6952307,0.7297136,0,0,0.7541406,0.6650136,0.6765273,0.700233,0.7182451,0,0.9435717,1,0.9072495,0,0,0,0,0,0,0,0,0,0,0,0,0,0,0
0,0,0.5954401,0,0.6247196,0.6576821,0.6607286,0.6976597,0.7392532,0.7774357,0.784229,0.7440457,0.7830129,0.7913295,0.7008861,0.847736,1,0.987108,0.7915587,0,0,0,0,0,0,0,0,0,0,0,0,0,0,0,0.6174504,0.6474542,0.6862706,0.7127129,0.727906,0.7619336,0.7887113,0.7936373,0.7551565,0.7538078,0.7504942,0.716439,0.7670424,0.7274829,0.9478464,1,0.8930202,0,0,0,0,0,0,0,0,0,0,0,0,0,0,0
0,0,0,0,0,0,0,0,0,0,0.6093588,0,0.63408,0.6964656,0.7499114,0.8399353,1,0.9878824,0.8104838,0.6635891,0.6337711,0,0,0,0,0,0,0,0,0,0,0,0,0,0,0,0,0,0,0,0,0,0.6025411,0.6859558,0.7391174,0.7484519,0.7537817,0.6861391,0.9418428,1,0.8926349,0.6961448,0.6741609,0.6253658,0,0,0,0,0,0,0,0,0,0,0,0
0,0,0,0,0,0,0,0,0,0,0,0,0,0,0,0.8678714,1,0.9781405,0.7907136,0.810326,0.8178854,0.7352687,0.7561112,0.7689832,0.6943999,0.6569236,0.6478087,0,0,0,0,0,0,0,0,0,0,0,0,0,0,0,0,0,0,0,0,0.7364573,0.9619715,1,0.8875458,0.8122579,0.8509741,0.8434912,0.8343877,0.7967231,0.7426148,0.6592005,0,0,0,0,0,0,0,0
0,0,0,0,0,0,0,0,0,0,0,0,0,0.6128041,0.5875902,0.8551171,1,0.9772037,0.7247928,0.6331528,0.7794881,0.8024004,0.7838641,0.7394897,0.7032825,0.635518,0.6581169,0.6701588,0.5654631,0.6141851,0.5820701,0,0,0,0,0,0,0,0,0,0,0,0,0,0,0,0,0.6534984,0.9503252,1,0.8884876,0.6737159,0.6479821,0.6889603,0.7374666,0.6592246,0.7600196,0.7283414,0.7448354,0.6841286,0.6498356,0.6121605,0,0.6121567,0.5981607,0.5768535
0,0,0,0,0,0,0,0,0,0.5161263,0.5381554,0.5528482,0.5143616,0.597288,0.5177302,0.8278636,1,0.985463,0.7629892,0.5719946,0.5607989,0.6092855,0.6345538,0.6568121,0.5999441,0.6608648,0.661194,0.638349,0.6779656,0.7088066,0.7029837,0.649498,0.5512232,0,0,0,0,0,0,0,0,0,0,0,0.4931699,0.5279675,0,0.5049623,0.9351999,1,0.8939809,0.6086065,0.5787007,0.6519182,0.6970015,0.667356,0.5102417,0.6278287,0.6963638,0.7460045,0.7285299,0.649414,0.7241554,0.7676144,0.7153701,0.5946246
0,0,0,0,0,0,0,0,0,0,0.6807279,0.6126324,0.6833721,0.6280394,0.6795562,0.8386682,1,0.9901483,0.7983535,0.5891573,0.5967236,0,0,0.6039982,0.6427765,0.6408668,0.6844963,0.6590459,0.6974495,0.6824691,0.6764699,0,0,0,0,0.5868475,0.5629526,0.58351,0,0,0,0,0,0.5938361,0.6473926,0.6617106,0.5639054,0,0.9415948,1,0.8909817,0.6451383,0,0.6804041,0.6966584,0.7339857,0.6920028,0.6130409,0.6476986,0.7086782,0.6473697,0.5869458,0.6791394,0.6592711,0.6342708,0.5664737
0,0,0,0,0,0,0.6817333,0.6988944,0.7037489,0,0.6635963,0.6859188,0.8040517,0.7610852,0,0.8478146,1,0.9903142,0.7992337,0.6626729,0,0,0.6772919,0.6616548,0,0.6595561,0.6534911,0,0,0,0,0.6565267,0.6470617,0,0,0,0,0,0.6674589,0.6450748,0,0,0.6483038,0.6544281,0,0.6465871,0.7232068,0.7613647,0.9429268,1,0.9060354,0.6546836,0.6411502,0.6732091,0.6948149,0,0.7391707,0.6969331,0.6891909,0.7385582,0.7060381,0.6713369,0,0,0,0
0,0,0,0,0,0,0,0.6671276,0.7178337,0.6975216,0.6800469,0.6676154,0.7522423,0.7371813,0.8043237,0.7440753,1,0.9992278,0.7965647,0.6350378,0.6378087,0.6581401,0,0,0,0,0,0,0,0,0,0,0,0,0,0,0,0,0,0,0,0.6201542,0.6391415,0.6622298,0.6472511,0.6517562,0.6960801,0,0.9402092,1,0.9099634,0.7130612,0.6760209,0,0,0.6103979,0.6413912,0.6433875,0.6002759,0,0,0,0,0,0,0
0,0,0,0,0,0,0,0,0,0,0,0.5809216,0.6268117,0.6031198,0.6172105,0.8301198,1,0.9939812,0.819455,0.7010807,0.7084649,0.6306852,0,0,0,0,0,0,0,0,0,0,0,0,0,0,0,0,0,0,0,0,0,0,0,0,0,0.6227884,0.9411942,1,0.899764,0.6817841,0.6326571,0,0,0,0.5760579,0,0,0,0,0,0,0,0,0
