GestureName: zigzag
Duration(ms): 1222
Handedness: right

SpeakerAngles: 2
55
-55

InterpretedPoints: 26
0,0
4.03353642055799,5.08376269317261
-1.6134145682232,3.38917512878174
0.806707284111599,7.34321277902711
0,13.556700515127
0,13.556700515127
0,13.556700515127
0,-13.556700515127
0,-13.556700515127
0,-13.556700515127
-0.806707284111599,-5.08376269317261
0,6.77835025756348
-0.806707284111598,12.9918379936633
0.806707284111598,12.9918379936633
1.6134145682232,10.1675253863452
4.84024370466959,4.51890017170899
0.806707284111599,1.69458756439087
0.806707284111599,-10.7323879078088
1.6134145682232,-5.64862521463624
-3.2268291364464,6.77835025756348
0,13.556700515127
0,13.556700515127
-1.6134145682232,6.77835025756348
-2.4201218523348,2.82431260731812
0,0
0,0

StrokePoints: 27
177.666666666667,130.277777777778
177.666666666667,130.277777777778
173.633130246109,125.194015084605
175.246544814332,121.804839955823
174.43983753022,114.461627176796
174.43983753022,100.904926661669
174.43983753022,87.3482261465424
174.43983753022,73.7915256314154
174.43983753022,87.3482261465424
174.43983753022,100.904926661669
174.43983753022,114.461627176796
175.246544814332,119.545389869969
175.246544814332,112.767039612405
176.053252098443,99.7752016187421
175.246544814332,86.7833636250788
173.633130246109,76.6158382387336
168.792886541439,72.0969380670246
167.986179257327,70.4023505026337
167.179471973216,81.1347384104425
165.566057404993,86.7833636250788
168.792886541439,80.0050133675153
168.792886541439,66.4483128523883
168.792886541439,52.8916123372614
170.406301109662,46.1132620796979
172.826422961997,43.2889494723798
172.826422961997,43.2889494723798
172.826422961997,43.2889494723798

Velocities: 26
0,0
7,2
2,4
7,6
12,12
12,12
12,12
-12,-12
-12,-12
-12,-12
-5,-4
6,6
11,12
12,11
10,8
7,1
2,1
-9,-10
-4,-6
4,8
12,12
12,12
5,7
1,4
0,0
0,0

InverseVelocities: 26
0,0
-2,0
0,0
0,0
0,0
0,0
-8,-5
0,0
0,0
0,0
0,0
0,0
0,0
0,0
-3,-1
-12,-12
-12,-12
0,0
0,0
0,0
0,0
-4,0
-3,-2
-1,-1
0,0
0,0

RawData: 26
0,0,0,0,0,0,0,0,0,0,0,0,0,0,0,0.8251771,1,0.9607484,0,0,0,0,0,0,0,0,0,0,0,0,0,0,0,0,0,0,0,0,0,0,0,0,0,0,0,0,0,0,0.902563,1,0.9073696,0,0,0,0,0,0,0,0,0,0,0,0,0,0,0
0,0,0,0,0,0,0,0,0,0,0,0.4750229,0.4737527,0,0,0.8310757,1,0.9801134,0.7811992,0.6939808,0.5700671,0.5080212,0.4795922,0.47722,0.4624132,0.4588958,0.4481311,0,0,0,0,0,0,0,0,0,0,0,0,0,0,0,0,0,0,0,0.4858999,0.6132857,0.9488178,1,0.8744408,0.9027378,0.7596544,0.5071833,0.5093569,0,0,0,0,0,0,0,0,0,0,0
0,0,0,0,0,0,0,0,0,0,0,0,0,0,0,0.856525,1,0.9828153,0.7690563,0.7647011,0.7423384,0.6879635,0,0,0,0,0,0,0,0,0,0,0,0,0,0,0,0,0,0,0,0,0,0,0,0,0,0.6567847,0.9451466,1,0.8553787,0.8778645,0.9178308,0.8809623,0.8091298,0.7286813,0.618319,0,0,0,0,0,0,0,0,0
0,0,0,0,0,0,0,0,0,0,0,0,0,0,0,0.8690969,1,0.9847328,0.7633909,0,0,0,0,0.774449,0.7746506,0.7838476,0.735476,0,0,0,0,0,0,0,0,0,0,0,0,0,0,0,0,0,0,0,0,0,0.9443356,1,0.9145689,0.7500779,0.8156849,0.7842259,0.8490002,0.8693903,0.8378418,0.8137113,0.761326,0,0,0,0,0,0,0
0,0,0,0,0,0,0,0,0,0,0,0,0,0,0,0.8157355,1,0.9879829,0.7670808,0.6484412,0.6466475,0.6123301,0.6343028,0.679568,0.6482686,0.7072046,0.648807,0.7403234,0.7664826,0.7930185,0.7317196,0.6938683,0.7197336,0,0,0,0,0,0,0,0,0,0,0,0,0,0,0.6061695,0.9458668,1,0.8692837,0.6767421,0.625284,0.6146093,0.7084903,0.7580568,0.7520626,0.749481,0.7048395,0.7274207,0.59452,0.7133814,0.6177393,0.7152034,0.7021085,0.6320176
0,0,0,0,0,0,0,0,0,0,0,0,0,0,0,0.8367729,1,0.9928445,0.8326129,0.7340382,0.6484611,0.7727354,0.7117745,0.6653788,0.6618463,0.6846426,0.6444238,0.7559703,0.8072258,0.8707123,0.8700958,0.8280721,0.7481395,0.5976157,0,0,0,0,0,0,0,0,0,0,0,0,0.5791237,0.7368165,0.9541284,1,0.8890898,0.6440849,0,0.6664968,0.6367431,0.6829591,0.6659691,0.6329718,0.7072725,0.7193171,0.7887937,0.788731,0.7020534,0.6587632,0.6969156,0.714658
0,0,0,0,0,0.5293974,0.5592005,0.5331722,0.5331947,0.5807682,0.6781603,0.7408135,0.7714261,0.7861605,0.7592215,0.8044908,1,0.9804232,0.7513742,0.7061791,0.7671044,0.7674085,0.757401,0.7253866,0.6918117,0.666941,0.6156348,0.5431854,0.5793134,0.5854227,0,0.5369247,0,0,0,0,0,0,0,0,0,0.5313997,0.5885251,0.6323254,0.6198789,0.5902836,0.6360473,0.7282432,0.9465682,1,0.8568248,0.7677909,0.7624075,0.733555,0.7260724,0.7202582,0.6946759,0.6687807,0.5618719,0.5393577,0.5734733,0.5405699,0,0,0.5178443,0
0,0.654882,0.6672916,0.5826038,0.7012432,0.6892716,0.8098549,0.8551074,0.85892,0.8735731,0.873879,0.839896,0.7445154,0.7836923,0.7253265,0.8378454,1,0.9876386,0.7991835,0.582136,0,0,0,0,0,0,0,0,0,0,0,0,0,0,0.6036982,0.6570754,0.6294526,0.5956682,0.6677155,0.5857775,0.5691103,0.6110612,0.7534463,0.8085673,0.7996814,0.7850644,0.7283974,0.6350784,0.9373741,1,0.8967419,0.6070947,0,0,0,0,0,0,0,0,0,0,0,0,0,0
0.5848578,0.71386,0.7642595,0.6637799,0.8304532,0.8868628,0.8892096,0.8650625,0.681473,0.6729241,0.7288899,0,0.6695632,0.5989802,0.6022078,0.8350197,1,0.9845368,0.7561769,0,0,0,0,0,0,0,0,0,0,0,0,0,0,0.6851026,0.7358072,0.747031,0.7421792,0.7381351,0.7374519,0.7055256,0.6523264,0.6971112,0.7228104,0.6366667,0.7052909,0.6912409,0.5824521,0.6441761,0.9433969,1,0.88749,0,0,0,0,0,0,0,0,0,0,0,0,0,0,0
0.6505612,0.7659297,0.7891765,0.7485911,0.79616,0.7461058,0.7761628,0.8230278,0.8342096,0.7311787,0.7366965,0.686966,0.6655957,0,0,0.831431,1,0.9851663,0.7700344,0,0,0,0,0,0,0,0,0,0,0,0,0,0,0,0.6669791,0.7284151,0.7284586,0,0.6819717,0.7450176,0.7436687,0.7459979,0.706538,0.6486464,0.6861152,0.663838,0,0.7214,0.9425499,1,0.8829923,0,0,0,0,0,0,0,0,0,0,0,0,0,0,0
0,0,0,0,0,0,0,0,0.7335156,0.7449133,0.7843012,0.7844814,0.7964824,0.7828892,0.7344138,0.8261213,1,0.9912509,0.7902044,0,0,0,0,0,0,0,0,0,0,0,0,0,0,0,0,0,0,0,0,0,0,0,0.7353667,0.747968,0.758329,0.7573669,0.7746838,0.7768265,0.9478086,1,0.8871167,0,0,0,0,0,0,0,0,0,0,0,0,0,0,0
0,0,0,0,0,0,0,0,0,0,0,0,0,0,0,0.8290418,1,0.991345,0.8354936,0.8029831,0.8543223,0.8576729,0.8176805,0.7868894,0.7996089,0.7739296,0,0,0,0,0,0,0,0,0,0,0,0,0,0,0,0,0,0,0,0,0,0,0.9440902,1,0.8966939,0.7109749,0.7248087,0.7748567,0.7644248,0,0.7627115,0.7671538,0.7373705,0,0,0,0,0,0,0
0,0,0,0,0,0,0,0,0,0,0,0,0,0,0,0.8610904,1,0.9843103,0.7518324,0.7286763,0,0.7701506,0.707921,0.8256839,0.8414213,0.8559231,0.8385459,0.8444194,0.8259961,0.7835839,0.7502373,0,0.6966151,0,0,0,0,0,0,0,0,0,0,0,0,0,0,0,0.9400957,1,0.8955008,0,0,0,0.7459952,0.7844189,0,0,0.7521189,0.7180024,0.7364109,0,0,0.7364565,0.7227085,0.7111736
0,0,0,0,0,0,0,0,0,0,0,0,0,0.5323112,0.5491027,0.8502913,1,0.9792736,0.7697905,0.5754713,0.6948816,0.6411177,0.5838618,0.6915171,0,0.7509153,0.7821262,0.7712958,0.7253671,0.661988,0.6415374,0.7085763,0.6609347,0,0,0,0,0,0,0,0,0,0,0,0,0,0,0.535727,0.9238806,1,0.8996182,0.6035191,0.5944648,0.5760015,0.6798992,0.5503564,0.7190175,0.5874665,0.7198968,0.7955278,0.7418128,0.7014586,0.753661,0.7131004,0,0.5944838
0,0,0,0,0,0,0,0,0,0,0.6018786,0.6298994,0.6392294,0.7416175,0.7763743,0.861936,1,0.9839492,0.815719,0.7352757,0.7001566,0.7229496,0.7413601,0.711476,0.6949011,0.6928661,0.6908771,0.6352564,0.5965518,0.5942193,0,0,0,0,0,0,0,0,0,0,0,0,0,0,0,0.6303568,0.7280574,0.6962706,0.946113,1,0.8928382,0.7201442,0.7639766,0.7793337,0.7785511,0.7746765,0.7386863,0.6946336,0.6408336,0.7057921,0.6929553,0,0,0,0,0
0,0.5840708,0.5768099,0.5536706,0.6500906,0.6844192,0.6572686,0.63986,0.6626257,0.7168839,0.7398623,0.7290389,0.6807927,0.5861462,0.7475464,0.8281372,1,0.9886389,0.7777023,0,0,0.5709414,0,0.5490088,0,0,0.5105738,0,0,0,0,0,0,0,0.5840701,0.5445398,0.5936931,0.5800985,0.6926615,0.6810116,0.7514431,0.7444504,0.7440885,0.7385706,0.730602,0.7496887,0.760848,0.6658922,0.946972,1,0.8782287,0.6079651,0.5923479,0.5303362,0,0,0,0,0,0,0,0,0,0,0,0
0.5761632,0.6259791,0,0.6338966,0.5344918,0.5901593,0.6119024,0.6906166,0.7103266,0.7116514,0.6203762,0.6893573,0.7397107,0.68398,0.5240541,0.8229313,1,0.9880756,0.7939416,0.5719327,0,0.5216374,0,0,0,0,0,0,0,0,0,0,0,0.5416875,0.5982836,0.6916292,0.7587529,0.7954764,0.8609168,0.8624167,0.7771934,0.6146674,0.630698,0.6658982,0.5695957,0.5041947,0.5850395,0.6926923,0.9468464,1,0.873735,0.5679039,0,0.5287256,0,0,0,0,0,0,0,0,0,0,0,0
0,0,0,0,0.6075771,0.6153294,0.7081239,0.6801897,0,0.7772925,0.7958175,0.7651255,0,0.6349155,0.6717129,0.844382,1,0.976154,0.7339538,0,0,0,0,0,0,0,0,0,0,0,0,0,0,0,0,0,0.6454485,0.7102852,0.7933474,0.8187586,0.7861272,0.7932117,0.704135,0.6365326,0.6454754,0.6316645,0,0.697665,0.9440917,1,0.9016826,0,0,0,0,0,0,0,0,0,0,0,0,0,0,0
0,0,0,0,0,0,0,0,0,0.7096635,0.78379,0.8221728,0.8123612,0.8197283,0.8083962,0.7890301,1,0.9793926,0.681306,0.6295745,0,0,0,0,0,0,0,0,0,0,0,0,0,0,0,0,0,0,0,0,0.6872181,0.7094066,0.6627856,0.6579133,0.7081841,0.733427,0.7357239,0.7414218,0.9457372,1,0.8881754,0.632426,0,0,0,0,0,0,0,0,0,0,0,0,0,0
0,0,0,0,0,0,0,0,0,0,0,0,0,0,0.6500849,0.8380669,1,0.9940415,0.8543409,0.8108553,0.7951788,0.7849885,0.7326162,0.6628237,0,0,0,0,0,0,0,0,0,0,0,0,0,0,0,0,0,0,0,0,0,0,0,0.6021891,0.9348454,1,0.9062911,0.6203508,0.7771998,0.7930891,0.7805719,0.7183025,0,0.6260284,0.6590498,0.6482231,0.6003949,0,0,0,0,0
0,0,0,0,0,0,0,0,0,0,0,0,0,0.6868753,0.6589607,0.7308275,0.9968673,1,0.8151865,0.7750375,0.7651364,0,0.74533,0.6738141,0.8267153,0.8584469,0.7943707,0.68674,0.6145898,0.6107687,0.6593474,0.6070082,0,0,0,0,0,0,0,0,0,0,0,0,0,0,0,0.6594712,0.9439338,1,0.8876634,0.6217998,0.6650944,0.6306624,0.7021717,0.7560834,0.6811826,0.6582293,0.7388747,0.7187639,0.5947992,0.7201517,0.7250738,0.561721,0.6052995,0.5674985
0,0,0,0,0,0,0,0,0,0.6585822,0.6392034,0.6049827,0,0.5675484,0.6597988,0.8388149,1,0.9823053,0.7600511,0.7510368,0.7669853,0.7479912,0.6247175,0.7453132,0.7478427,0.7635093,0.8057379,0.7530069,0.6943013,0.7090361,0.671598,0.5944493,0,0,0,0,0,0,0,0,0,0,0,0,0,0,0.5780174,0.6962388,0.9381528,1,0.8877909,0.6082789,0,0.6012785,0,0.6807352,0.7131776,0.6375158,0.741345,0.7335487,0.7263527,0.7397397,0.7679794,0.7515852,0.6566921,0.5868698
0,0,0,0,0,0,0,0,0,0,0.6336955,0.7539175,0.7826304,0.7753222,0.7221096,0.830303,1,0.9922277,0.7676861,0.6182781,0.6463076,0.63765,0,0.6032104,0.6426749,0,0,0,0,0,0,0,0,0,0,0,0,0,0,0,0,0,0,0,0.5952194,0.6328962,0.6560899,0.6869614,0.9452617,1,0.8679943,0.7644035,0.7024733,0.7488468,0.6661861,0.7190456,0.7150472,0.6945202,0.6868811,0.6643049,0,0,0,0,0,0
0,0,0,0,0,0,0,0,0,0,0,0,0.6564494,0.7341291,0.765525,0.8473399,1,0.9807341,0.7181162,0.6566802,0.5672734,0,0,0,0,0,0,0,0,0,0,0,0,0,0,0,0,0,0,0,0,0,0,0,0,0.563326,0.6242772,0.760915,0.9515321,1,0.9099395,0.7762965,0.7273799,0.674838,0.6232769,0.5953838,0.5313161,0,0,0,0,0,0,0,0,0
0,0,0,0,0,0,0,0,0,0,0,0,0,0,0,0.8723405,1,0.9767286,0.7584651,0,0,0,0,0,0,0,0,0,0,0,0,0,0,0,0,0,0,0,0,0,0,0,0,0,0,0,0.6740583,0.7322883,0.9461609,1,0.8943393,0,0,0,0,0,0,0,0,0,0,0,0,0,0,0
0,0,0,0,0,0,0,0,0,0,0,0,0,0,0,0.8454412,1,0.9999373,0.8861455,0.7611337,0,0,0,0,0,0,0,0,0,0,0,0,0,0,0,0,0,0,0,0,0,0,0,0,0,0,0.7284235,0.787994,0.9430698,1,0.9164835,0.6466328,0,0,0,0,0,0,0,0,0,0,0,0,0,0
