GestureName: arrow
Duration(ms): 1222
Handedness: right

SpeakerAngles: 5
55
-55
0
0
110

SpeakerElevations: 5
-10
-10
-10
0
30

InterpretedPoints: 26
0,0,0
0,0,0
0,0,0
0,-1.96961550602442,0.347296355333861
0,0,0
0,0,0
0,0,0
0,0,0
0,-3.95442325903662,0.520944533000791
0,0,0
6.52456224527054,15.1911230296797,3.08987004566377
12.9924013126389,24.7822156151432,2.52703644666139
12.95694932645,23.0185628311154,0.200684624328323
12.9427685319745,14.9927183759068,1.28446275633149
0.813797681349374,0.703801867273976,0.5
3.26228112263527,4.19840465377296,1.80540728933228
5.73203575563449,14.2933143286185,3.56892551266297
2.46975463299922,13.2246347177728,1.41622186799684
-0.806707284111599,0.435137478536376,0.17364817766693
1.62759536269875,0.422795981535744,1.17364817766693
10.5013754879263,-7.03572081101334,2.56283359900237
4.79770132124294,-1.24619051765656,-1.43716640099763
1.59923377374765,0.637973006415423,-0.479055466999209
1.65595695164985,-3.00625438823505,4.04188906600158
-2.40594105785925,-2.28698382984292,1.52094453300079
-8.90923211141646,-12.6721136933098,-0.589870045663766

StrokePoints: 27
0,0,0
0,0,0
0,0,0
0,0,0
0,-1.96961550602442,0.347296355333861
0,-1.96961550602442,0.347296355333861
0,-1.96961550602442,0.347296355333861
0,-1.96961550602442,0.347296355333861
0,-1.96961550602442,0.347296355333861
0,-5.92403876506104,0.868240888334652
0,-5.92403876506104,0.868240888334652
6.52456224527054,9.26708426461867,3.95811093399842
19.5169635579094,34.0492998797619,6.48514738065981
32.4739128843594,57.0678627108772,6.68583200498813
45.4166814163339,72.060581086784,7.97029476131962
46.2304790976832,72.764382954058,8.47029476131962
49.4927602203185,76.9627876078309,10.2757020506519
55.224795975953,91.2561019364495,13.8446275633149
57.6945506089522,104.480736654222,15.2608494313117
56.8878433248406,104.915874132759,15.4344976089786
58.5154386875394,105.338670114294,16.6081457866456
69.0168141754657,98.3029493032811,19.1709793856479
73.8145154967087,97.0567587856245,17.7338129846503
75.4137492704563,97.6947317920399,17.2547575176511
77.0697062221061,94.6884774038049,21.2966465836527
74.6637651642469,92.401493573962,22.8175911166535
65.7545330528304,79.7293798806521,22.2277210709897

Velocities: 26
0,0,0
0,0,0
0,0,0
0,0,-2
0,0,0
0,0,0
0,0,0
0,0,0
0,0,-3
0,0,0
1,3,7
6,2,12
10,1,8
6,-5,6
0,0,0
1,2,1
1,6,7
1,5,6
-1,0,0
0,0,-1
5,-6,-8
5,-7,-7
2,-2,-3
-4,0,-2
-4,1,0
-5,1,-7

InverseVelocities: 26
0,0,0
0,0,0
0,0,0
0,0,0
0,0,0
0,0,0
0,0,0
0,0,0
0,0,0
0,0,0
0,0,0
0,-2,-2
-2,-6,-4
-1,0,-10
0,0,0
-1,0,0
-4,0,-2
-1,0,-3
0,0,0
0,0,0
-3,0,1
-4,0,1
-4,0,2
0,0,3
0,0,0
0,0,0

RawData: 26
0,0,0,0,0,0,0,0,0,0,0,0,0,0,0.6698516,0.9133681,1,0.9087264,0,0,0,0,0,0,0,0,0,0,0,0,0,0,0,0,0,0,0,0,0,0,0,0,0,0,0,0,0,0,0.8726072,1,0.9776185,0.8390274,0,0,0,0,0,0,0,0,0,0,0,0,0,0,0,0,0,0,0,0,0,0,0,0,0,0,0,0,0.6749771,0.9473748,1,0.8890585,0,0,0,0,0,0,0,0,0,0,0,0,0,0,0,0,0,0,0,0,0,0,0,0,0,0,0,0,0,0.6612741,0.8386016,1,0.9809337,0.7354897,0,0,0,0,0,0,0,0,0,0,0,0,0,0,0,0,0,0,0,0,0,0,0,0,0,0,0,0,0,0.8427479,0.9874887,1,0.8291736,0,0,0,0,0,0,0,0,0,0,0,0,0,0
0,0,0,0,0,0,0,0,0,0,0,0,0,0,0,0.9139485,1,0.9265319,0,0,0,0,0,0,0,0,0,0,0,0,0,0,0,0,0,0,0,0,0,0,0,0,0,0,0,0,0,0,0.8434865,1,0.963733,0.8250986,0,0,0,0,0,0,0,0,0,0,0,0,0,0,0,0,0,0,0,0,0,0,0,0,0,0,0,0,0,0.9365366,1,0.9124899,0,0,0,0,0,0,0,0,0,0,0,0,0,0,0,0,0,0,0,0,0,0,0,0,0,0,0,0,0,0,0.8819101,1,0.9608331,0.7111993,0,0,0,0,0,0,0,0,0,0,0,0,0,0,0,0,0,0,0,0,0,0,0,0,0,0,0,0,0,0,0.941075,1,0.868484,0,0,0,0,0,0,0,0,0,0,0,0,0,0
0,0,0,0,0,0,0,0,0,0,0,0,0,0,0,0.8975366,1,0.9138242,0.616333,0,0,0,0,0,0,0,0,0,0,0,0,0,0,0,0,0,0,0,0,0,0,0,0,0,0,0,0,0,0.7714708,1,0.9805146,0.7214103,0,0,0,0,0,0,0,0,0,0,0,0,0,0,0,0,0,0,0,0,0,0,0,0,0,0,0,0.5876155,0.5939433,0.9294283,1,0.8849994,0.6423486,0,0,0,0,0,0,0,0,0,0,0,0,0,0,0,0,0,0,0,0,0,0,0,0,0,0,0,0,0,0.811388,1,0.9609307,0,0,0,0,0,0,0,0,0,0,0,0,0,0,0,0,0,0,0,0,0,0,0,0,0,0,0,0,0,0,0,0.9535532,1,0.8484662,0,0,0,0,0,0,0,0,0,0,0,0,0,0
0,0,0,0,0,0,0,0,0,0,0,0,0,0,0,0.9174374,1,0.931876,0,0,0,0,0,0,0,0,0,0,0,0,0,0,0,0,0,0,0,0,0,0,0,0,0,0,0,0,0,0,0.8301024,1,0.9976146,0.8267628,0,0,0,0,0,0,0,0,0,0,0,0,0,0,0,0,0,0,0,0,0,0,0,0,0,0.6402667,0.6133171,0,0.648672,0.9429221,1,0.908525,0,0,0,0,0,0,0,0,0,0,0,0,0,0,0,0,0,0,0,0,0,0,0,0,0,0,0,0,0,0,0.8573858,1,0.9807752,0.7793295,0,0,0,0,0,0,0,0,0,0,0,0,0,0,0,0,0,0,0,0,0,0,0,0,0,0,0,0,0,0.7146281,0.9597167,1,0.8880213,0,0,0,0,0,0,0,0,0,0,0,0,0,0
0,0,0,0,0,0,0,0,0,0,0,0,0,0,0,0.9181947,1,0.9313766,0,0,0,0,0,0,0,0,0,0,0,0,0,0,0,0,0,0,0,0,0,0,0,0,0,0,0,0,0,0,0,0.9943742,1,0,0,0,0,0,0,0,0,0,0,0,0,0,0,0,0,0,0,0,0,0,0,0,0,0,0,0,0,0,0,0.9412016,1,0.912936,0,0,0,0,0,0,0,0,0,0,0,0,0,0,0,0,0,0,0,0,0,0,0,0,0,0,0,0,0,0,0.8527216,1,0.9839666,0,0,0,0,0,0,0,0,0,0,0,0,0,0,0,0,0,0,0,0,0,0,0,0,0,0,0,0,0,0,0,0.9499708,1,0.8947092,0,0,0,0,0,0,0,0,0,0,0,0,0,0
0,0,0,0,0,0,0,0,0,0,0,0,0,0,0,0.894264,1,0.9104987,0,0,0,0,0,0,0,0,0,0,0,0,0,0,0,0,0,0,0,0,0,0,0,0,0,0,0,0,0,0,0,0.9912155,1,0,0,0,0,0,0,0,0,0,0,0,0,0,0,0,0,0,0,0,0,0,0,0,0,0,0,0,0,0,0,0.9272016,1,0.9017488,0,0,0,0,0,0,0,0,0,0,0,0,0,0,0,0,0,0,0,0,0,0,0,0,0,0,0,0,0,0,0.8464103,1,0.9755641,0.7266831,0,0,0,0,0,0,0,0,0,0,0,0,0,0,0,0,0,0,0,0,0,0,0,0,0,0,0,0,0,0,0.9388056,1,0.8823897,0,0,0,0,0,0,0,0,0,0,0,0,0,0
0,0,0,0,0,0,0,0,0,0,0,0,0,0,0,0.9062098,1,0.9187973,0,0,0,0,0,0,0,0,0,0,0,0,0,0,0,0,0,0,0,0,0,0,0,0,0,0,0,0,0,0,0.7695631,0.9851639,1,0.7817715,0,0,0,0,0,0,0,0,0,0,0,0,0,0,0,0,0,0,0,0,0,0,0,0,0,0,0,0,0,0.9223141,1,0.9049966,0,0,0,0,0,0,0,0,0,0,0,0,0,0,0,0,0,0,0,0,0,0,0,0,0,0,0,0,0,0,0.8436043,1,0.9772037,0.7417315,0,0,0,0,0,0,0,0,0,0,0,0,0,0,0,0,0,0,0,0,0,0,0,0,0,0,0,0,0,0.6600651,0.9438125,1,0.8751909,0,0,0,0,0,0,0,0,0,0,0,0,0,0
0,0,0,0,0,0,0,0,0,0,0,0,0,0,0.6672407,0.9035361,1,0.9119326,0.6749539,0,0,0,0,0,0,0,0,0,0,0,0,0,0,0,0,0,0,0,0,0,0,0,0,0,0,0,0,0,0,0.9571038,1,0,0,0,0,0,0,0,0,0,0,0,0,0,0,0,0,0,0,0,0,0,0,0,0,0,0,0,0,0.6464406,0.6806982,0.9284499,1,0.8989544,0.6655285,0,0,0,0,0,0,0,0,0,0,0,0,0,0,0,0,0,0,0,0,0,0,0,0,0,0,0,0,0.6874573,0.7672096,1,0.9832493,0,0,0,0,0,0,0,0,0,0,0,0,0,0,0,0,0,0,0,0,0,0,0,0,0,0,0,0,0,0,0.7419572,0.9472667,1,0.8664325,0,0,0,0,0,0,0,0,0,0,0,0,0,0
0,0,0,0,0,0,0,0,0,0,0,0,0,0,0,0.9115483,1,0.9358682,0.7132043,0.6190326,0,0,0,0,0,0,0,0,0,0,0,0,0,0,0,0,0,0,0,0,0,0,0,0,0,0,0,0,0.8196328,0.9979222,1,0.8573533,0,0,0,0,0,0,0,0,0,0,0,0,0,0,0,0,0,0,0,0,0,0,0,0,0.5933685,0.6167369,0.5886465,0.6080153,0.6762632,0.9267389,1,0.9163232,0.6064318,0.5760456,0,0,0,0,0,0,0,0,0,0,0,0,0,0,0,0,0,0,0,0,0,0,0,0,0,0.6269124,0.6479068,0,0.8374837,1,0.9623206,0.7502432,0.627287,0,0,0,0,0,0,0,0,0,0,0,0,0,0,0,0,0,0,0,0,0,0,0,0,0,0,0,0.6202628,0.747616,0.9561145,1,0.8842411,0,0,0,0,0,0,0,0,0,0,0,0,0,0
0,0,0,0,0,0,0,0,0,0,0,0,0,0,0,0.917569,1,0.8418471,0.79064,0.7588702,0,0,0,0,0,0,0,0,0,0,0,0,0,0,0,0,0,0,0,0,0,0,0,0,0,0,0,0.8510477,0.9551734,0.9759478,1,0.9867468,0.9437389,0,0,0,0,0,0,0,0,0,0,0,0,0,0,0,0,0,0,0,0,0,0,0,0,0,0,0,0.6939427,0.9427856,1,0.8919328,0.6983346,0.675093,0,0,0,0,0,0,0,0,0,0,0,0,0,0,0,0,0,0,0,0,0,0,0,0,0,0,0,0,0.8513366,1,0.9822586,0.8154727,0,0,0,0,0,0,0,0,0,0,0,0,0,0,0,0,0,0,0,0,0,0,0,0,0,0,0,0,0,0.7066038,0.9525233,1,0.8763974,0,0,0,0,0,0,0,0,0,0,0,0,0,0
0,0,0,0,0,0,0,0,0,0,0,0,0,0,0,0.9250246,1,0.8765691,0.7988815,0.8441792,0.7849191,0,0,0,0,0,0,0,0,0,0,0,0,0,0,0,0,0,0,0,0,0,0,0,0,0,0,0,0.8045015,0.9991006,1,0.8866407,0.9626125,0.8312538,0.8400841,0.8179536,0,0,0,0,0,0,0,0,0,0,0,0,0,0,0,0,0,0,0,0,0,0,0,0,0.6444031,0.948839,1,0.8275864,0.6939147,0.7169932,0.7387967,0.7094255,0,0,0,0.6660761,0.66812,0,0,0,0,0,0,0,0,0,0,0,0,0,0,0,0,0,0,0,0,0,0.8644928,1,0.9542003,0.6698194,0.690005,0,0,0.6345089,0.6689916,0.6647363,0.6958687,0.7206288,0.7150655,0.6331335,0,0,0,0,0,0,0,0,0,0,0,0,0,0,0,0,0,0,0.6929356,0.6788793,0.9477186,1,0.8675547,0.82525,0.8554396,0.837391,0.7452424,0,0.7302219,0.720239,0.6917849,0,0.7258976,0.7174111,0,0,0
0,0,0,0,0,0,0,0,0,0,0,0,0,0.614264,0.7206717,0.9413165,1,0.8946297,0.6702228,0.6904317,0.7017787,0.6776338,0.6827075,0.7129112,0.694301,0.6365567,0,0,0,0,0,0,0,0,0,0,0,0,0,0,0,0,0,0,0.7499905,0.8266655,0.8635455,0.9522771,1,0.9405118,0.8295177,0.8079984,0.7488252,0.7857401,0.7205238,0,0,0,0,0,0,0,0,0,0,0,0,0,0,0,0,0,0,0,0,0,0,0.6805925,0.7242929,0.7975963,0.8393026,0.9661746,1,0.8595477,0.6564715,0.6739199,0.6953415,0.675528,0.6460773,0,0,0,0.6708426,0.6081236,0.6070871,0.5857408,0.6017572,0.6328093,0,0,0,0,0,0,0,0,0,0,0,0,0,0,0.6437154,0.6404365,0.8661272,1,0.9507228,0.6377068,0.6567057,0.611411,0.660274,0.6098801,0,0,0,0.5984559,0,0.6468742,0.6095977,0.5997069,0.6813791,0.6767246,0,0,0,0,0,0,0,0,0,0,0,0,0.7188743,0.7146576,0.8267275,0.9012764,0.9654081,1,0.8605863,0.7562786,0.7321612,0.7742549,0.7568494,0.7421048,0,0,0,0,0.6694093,0,0.6655523,0.6747511,0.7575402
0,0,0,0,0,0,0,0,0,0,0,0.6374921,0.697742,0.6793886,0.7312605,0.9417432,1,0.8917066,0.6478741,0.8056862,0.816321,0.7723011,0.7034505,0.6690112,0,0.6946984,0.6435525,0.6917318,0.6848361,0.6669751,0,0,0,0,0,0,0,0,0,0,0.7760049,0.8362514,0.8329164,0,0.7585481,0,0,0,0.9385667,0.9457991,1,0.8690466,0,0.7567239,0,0,0,0,0,0,0,0,0,0,0,0,0,0,0,0,0,0,0,0,0,0.6277274,0.647046,0.6441188,0.6138958,0.6522861,0.7634152,0.9467216,1,0.9050028,0.7352314,0.6593001,0,0.6721306,0.6770603,0.670563,0.6946952,0.6952335,0.7032678,0.5956478,0,0,0,0,0,0,0,0,0,0,0,0,0,0,0,0.6694456,0.6949181,0.6989789,0,0.6975307,0.8705645,1,0.9636602,0,0.6886533,0.6537615,0.7271323,0,0.6961486,0.7122569,0.7128422,0.6599864,0.6416503,0.6609717,0.6860474,0.6615716,0,0,0,0,0,0,0,0,0,0,0.7331992,0.7512411,0.7369065,0.7393681,0.6827717,0.7250894,0.7324677,0.8375034,0.9965929,1,0.8651949,0.70145,0,0,0,0.7029123,0.6789916,0.691251,0.6811414,0,0,0,0,0,0
0,0,0,0,0,0,0,0,0,0,0,0,0.665729,0.6500371,0.734404,0.9021606,1,0.9242918,0.8671862,0.8742819,0.8575639,0.7709591,0.6773034,0.6794611,0,0.6367868,0,0,0,0,0,0,0,0,0,0,0,0,0,0,0,0.7108411,0.7337848,0.7165406,0,0,0.8097712,0.8257161,0.827655,1,0.9346773,0,0,0,0,0,0,0,0,0,0,0,0,0,0,0,0,0,0,0.5854686,0.6287864,0.5897003,0.5879358,0,0,0,0.6105179,0.6002064,0.6545197,0.6789452,0.732564,0.9341027,1,0.8907514,0.6693984,0.6120913,0.6501809,0.6383653,0.6120016,0.6143928,0,0.6030748,0,0,0,0,0,0,0,0,0,0,0,0,0,0,0,0,0,0,0.6652802,0,0.7227933,0.7609593,0.8774748,1,0.9605893,0.80019,0.6430322,0,0.6404793,0.6801766,0.6215574,0,0.6140163,0,0,0,0.6537432,0,0,0,0,0,0,0,0,0,0,0,0,0.7136341,0.7785947,0.8038276,0.6928335,0,0,0.699805,0.9766021,1,0.8790103,0.8087257,0.7969107,0.7797597,0.7114303,0,0.6417153,0,0,0,0,0,0,0,0
0,0,0,0,0,0,0,0,0,0,0,0,0,0,0.8174865,0.9109023,1,0.9395592,0,0,0,0,0,0,0,0,0,0,0,0,0,0,0,0,0,0,0,0,0,0,0,0,0,0,0,0,0,0.7604712,0.8892691,1,0.9264166,0,0,0,0,0,0,0,0,0,0,0,0,0,0,0,0,0,0,0,0,0,0,0,0,0,0,0,0,0,0.7522162,0.9629652,1,0.8883675,0.6917095,0.6484594,0,0,0,0,0,0,0,0,0,0,0,0,0,0,0,0,0,0,0,0,0,0,0,0,0,0,0,0.702423,0.914857,1,0.9325351,0.6830199,0.705045,0.7102892,0,0,0,0,0,0,0,0,0,0,0,0,0,0,0,0,0,0,0,0,0,0,0,0,0,0,0,0,0.9639356,1,0.8825607,0.7725227,0.7680041,0,0,0,0,0,0,0,0,0,0,0,0
0,0,0,0,0,0,0,0,0,0,0,0,0.7831282,0.7907123,0.8017829,0.9568343,1,0.9471994,0.8259856,0.8230863,0.8231804,0,0,0,0,0,0,0,0,0,0,0,0,0,0,0,0,0,0,0,0,0,0,0,0,0,0,0,0.9073799,1,0.9520999,0,0.8449619,0.8489093,0.8132824,0,0,0,0,0,0,0,0,0,0,0,0,0,0,0,0,0,0,0,0,0,0,0,0,0,0.7336481,0.9700059,1,0.8967444,0.8566374,0.8036177,0.7701088,0,0,0,0,0,0,0,0,0,0,0,0,0,0,0,0,0,0,0,0,0,0,0,0,0,0,0.7474164,0.8788957,1,0.9571729,0.9221345,0.8914954,0,0.8036386,0.7632343,0,0,0,0,0,0,0,0,0,0,0,0,0,0,0,0,0,0,0,0,0,0,0,0,0,0.801873,0.9573234,1,0.9498017,0.902455,0,0,0,0.8235148,0.7861962,0,0,0,0,0,0,0,0
0,0,0,0,0,0,0,0,0,0.6542615,0.657863,0,0.6658968,0.6816438,0.7622017,0.8598679,1,0.9509261,0.8710029,0.8287496,0.7597325,0,0,0,0,0,0,0,0,0,0,0,0,0,0,0,0,0,0,0,0,0,0,0,0,0,0,0.7348932,0.8563786,1,0.917899,0.8144942,0.9206688,0.9016873,0.8689376,0.7603542,0,0.8267465,0.8211628,0,0,0,0,0,0,0,0,0,0,0,0,0,0,0,0,0,0,0.6374143,0.6896865,0,0.755495,0.9618652,1,0.844339,0.7860394,0.8239322,0.7479982,0.6786242,0.6846395,0.6626211,0.7130878,0.6820029,0.5882691,0,0,0,0,0,0,0,0,0,0,0,0,0,0,0,0,0,0.6393369,0.6967993,0.6663525,0.7307537,0.8764255,1,0.9584597,0.6966137,0.7749791,0.7968349,0.7060893,0.6229156,0.6772468,0,0.6446375,0.6955234,0,0,0,0,0,0,0,0,0,0,0,0,0,0,0,0,0,0,0,0.767013,0.7108088,0.7625512,0.9748007,1,0.7747036,0.8298368,0.7807962,0.7696413,0.8181287,0.7409285,0.7466544,0.7182602,0.7179017,0.7600553,0.7276705,0.7489151,0.7273499,0.7378873,0.7387327
0,0,0,0,0,0,0,0,0,0,0,0,0.7828932,0.8429343,0.8151301,0.9459118,1,0.8475111,0.6685449,0,0.6424307,0,0,0,0,0,0,0,0,0,0,0,0,0,0,0,0,0,0,0,0,0,0,0,0,0,0,0,0.9614246,0.9784934,1,0.9996763,0.8962709,0.9131596,0.9267752,0.881231,0.8572809,0.8395023,0,0,0,0,0,0,0,0,0,0,0,0,0,0,0,0,0,0,0.6001275,0.6070985,0.6994359,0.7809111,0.7754204,0.9548824,1,0.8871089,0,0.7780831,0.7501357,0.7157374,0.7329246,0.7165209,0.6994962,0.6108841,0,0,0,0,0,0,0,0,0,0,0,0,0,0,0,0,0.582693,0.5867875,0,0.7161431,0.7643703,0.7020393,0.8836548,1,0.9614423,0.7465422,0.7086614,0.7238944,0.6317139,0,0.640452,0,0.6105139,0,0,0,0,0,0,0,0,0,0,0,0,0,0,0,0,0,0,0,0,0.729372,0.6632652,0.7841172,0.9791942,1,0.8934422,0.8028861,0.7646986,0.7384938,0.7416606,0.7019935,0.7276765,0.766579,0.7382698,0,0,0,0,0,0
0,0,0,0,0,0,0,0,0,0,0,0,0.7297332,0.793707,0.8127084,0.9377708,1,0.9080223,0,0,0,0,0,0,0,0,0,0,0,0,0,0,0,0,0,0,0,0,0,0,0,0,0,0,0,0,0,0.7262262,0.7259253,0.9533666,1,0.9198058,0,0,0,0,0,0,0,0,0,0,0,0,0,0,0,0,0,0,0,0,0,0,0,0,0,0,0,0,0.7733931,0.9569464,1,0.8884568,0.7188944,0.714115,0,0,0,0,0,0,0,0,0,0,0,0,0,0,0,0,0,0,0,0,0,0,0,0,0,0,0.6942296,0,0.8777587,1,0.9574478,0.7789805,0.6780464,0.7085508,0,0,0,0,0,0,0,0,0,0,0,0,0,0,0,0,0,0,0,0,0,0,0,0,0,0,0.7305624,0,0.9611646,1,0.8998306,0.7373637,0,0,0,0,0,0,0,0,0,0,0,0,0
0,0,0,0,0,0,0,0,0,0,0,0,0,0,0,0.9398003,1,0.9016699,0,0,0,0,0,0,0,0,0,0,0,0,0,0,0,0,0,0,0,0,0,0,0,0,0,0,0,0,0,0,0,0.932204,1,0.9414837,0,0,0,0,0,0,0,0,0,0,0,0,0,0,0,0,0,0,0,0,0,0,0,0,0,0,0.7427822,0.7308273,0.7308104,0.9536987,1,0.9097517,0.7164017,0.771235,0,0,0,0,0,0,0,0,0,0,0,0,0,0,0,0,0,0,0,0,0,0,0,0,0,0,0.7656935,0,0.9044969,1,0.9543689,0.7625589,0.8137289,0.8247318,0.7385817,0,0,0,0,0,0,0,0,0,0,0,0,0,0,0,0,0,0,0,0,0,0,0.7795961,0.7966696,0.7890776,0,0,0.9524875,1,0.9283094,0.7750124,0.7738113,0.7820991,0,0,0,0,0,0,0,0,0,0,0
0,0,0,0,0,0,0,0,0,0,0.7497948,0.7889885,0.7904072,0.8311368,0.8662855,0.9500681,1,0.8879327,0.7102889,0,0,0,0,0.6945404,0.6899689,0,0,0,0,0,0,0,0,0,0,0,0,0,0,0,0.7986679,0.7945812,0.7635084,0,0,0,0.7926375,0.8293417,0.8470421,0.894224,1,0.97689,0.7628067,0,0,0,0,0,0,0,0,0,0,0,0,0,0,0,0,0,0,0.6485575,0.6836988,0.6519043,0,0,0,0.7062074,0.757916,0.7704036,0.73269,0.960086,1,0.8810158,0.7373579,0.756062,0.6896275,0,0,0,0,0,0,0,0,0,0,0,0,0,0,0,0,0,0.6671229,0.6787473,0,0.673548,0.6543607,0.7524359,0.6831166,0.7552133,0.7638649,0.8404128,0.8549652,1,0.9595799,0.7383553,0,0.6898223,0.6778189,0,0,0,0,0,0,0,0,0,0,0,0,0,0,0,0,0.7061362,0.7492374,0,0.720242,0.7355453,0.763192,0.7471629,0.7420505,0.8488869,0.9038407,0.9021227,0.97082,1,0.88585,0.7820593,0.7291411,0.7226588,0,0,0,0,0,0,0,0,0,0,0
0,0,0,0,0,0,0,0,0,0.6643337,0.8327299,0.8131479,0.875374,0.9035433,0.821502,0.918142,1,0.9014674,0,0,0,0,0,0.6501133,0.6480909,0,0,0,0,0,0,0,0,0,0,0,0,0,0,0.6723745,0.6989542,0.6810057,0,0.6915747,0.7716577,0.7457405,0,0.6891152,0.8298035,1,0.9849766,0.8257754,0,0,0,0,0,0,0,0,0,0,0,0,0,0,0,0,0,0,0,0,0.6796988,0.6494048,0.6146729,0.7071636,0.6586151,0.8070048,0.8934184,0.8428445,0.6607755,0.9702669,1,0.8416143,0.6229419,0.6839812,0.6049901,0,0,0,0,0,0,0,0,0,0,0,0,0,0,0,0,0,0,0.6754295,0.6851499,0,0,0.6652158,0.7190614,0.8735764,0.8668791,0.7258896,0.8702037,1,0.9515147,0.6817837,0.7101756,0.6192461,0,0,0.619065,0.6193154,0,0,0,0,0,0,0,0,0,0,0,0,0,0,0,0.7018855,0.7454422,0.8020903,0.7704052,0.8395739,0.9312099,0.9271898,0.826475,0.7897342,1,0.9951913,0.820394,0.7758991,0,0,0,0,0,0,0,0,0,0,0,0,0
0,0,0,0,0,0,0,0,0,0.7184088,0.8076403,0.8265684,0.8377651,0.8122085,0.8608265,0.9526637,1,0.8998563,0.7465818,0.7146148,0.6619434,0.6536677,0,0,0,0,0,0,0,0,0,0,0,0,0,0,0,0,0,0,0,0,0,0,0.7549372,0.7592788,0.8066413,0.8687807,0.9933851,1,0.9478998,0.7734837,0,0,0,0,0,0,0,0,0,0,0,0,0,0,0,0,0,0,0,0,0,0,0,0,0.7176503,0.8099303,0.8197876,0.7501312,0.8320804,0.9467106,1,0.8947142,0.6563162,0,0.6863384,0.6422758,0,0,0,0,0,0,0,0,0,0,0,0,0,0,0,0,0,0,0,0,0.6305255,0.6925442,0.8159008,0.8415314,0.7221375,0.8001958,0.8908428,1,0.9670573,0.7295735,0.7017453,0,0.6714356,0.636044,0,0,0,0,0,0,0,0,0,0,0,0,0,0,0,0,0,0,0,0,0,0.7138937,0.8681424,0.8694556,0.8834715,0.782976,1,0.994296,0.8335704,0.7909047,0.7431772,0.7128064,0,0,0,0,0,0,0,0,0,0,0
0,0,0,0,0,0,0,0,0,0.7475025,0.7652591,0.764378,0.7956986,0.8171009,0.748942,0.9157365,1,0.912055,0,0,0,0,0,0,0,0,0,0,0,0,0,0,0,0,0,0,0,0,0,0,0,0,0,0,0,0,0,0,0.9659893,1,0.9141979,0,0,0,0,0,0,0,0,0,0,0,0,0,0,0,0,0,0,0,0,0,0,0,0,0,0,0.7269604,0.7989782,0.7577249,0.7793863,0.9551708,1,0.9053584,0,0,0,0.7228925,0.7166759,0,0,0,0,0,0,0,0,0,0,0,0,0,0,0,0,0,0,0.7102946,0.7177006,0.7041978,0,0.7449039,0.7591919,0,0.8935632,1,0.9611683,0,0.7281178,0.7319534,0,0.7027628,0,0,0,0,0,0,0,0,0,0,0,0,0,0,0,0,0,0,0,0,0,0,0,0.8380793,0.8339084,0.9501283,0.9313442,1,0.9109036,0.8163075,0,0.7990549,0,0,0.8167183,0.8115894,0,0,0,0,0,0,0
0,0,0,0,0,0,0,0,0,0.7454057,0,0,0,0,0,0.9345072,1,0.9218605,0,0,0,0,0,0,0,0,0,0,0,0,0,0,0,0,0,0,0,0,0,0,0,0,0,0,0,0,0,0,0.8897089,1,0.9548404,0,0.8612272,0.83263,0,0,0,0,0,0,0,0,0,0,0,0,0,0,0,0,0,0,0,0,0,0,0,0,0,0,0,0.9316134,1,0.9146873,0.7035952,0,0,0,0,0,0,0,0,0,0,0,0,0,0,0,0,0,0,0,0,0,0,0,0,0,0,0,0,0,0.8587868,1,0.9792981,0.7784009,0,0,0,0,0,0,0,0,0,0,0,0,0,0,0,0,0,0,0,0,0,0,0,0,0,0,0,0,0,0,0.9734896,1,0.8251991,0.7944139,0.8563803,0.8125905,0,0,0,0,0,0,0,0,0,0,0
0,0,0,0,0,0,0,0,0.7121664,0.746577,0.7558531,0.7599005,0.7283721,0.6739113,0.6948639,0.8621817,1,0.9266413,0,0,0,0,0,0,0,0,0,0,0,0,0,0,0,0,0,0,0,0,0,0,0,0,0,0,0,0,0,0.7331617,0.7541149,0.9916046,1,0.8328981,0.7844927,0.7053889,0,0,0,0,0,0,0,0,0,0,0,0,0,0,0,0,0,0,0.5690112,0.6360735,0.6676935,0.6458839,0.632614,0.5540951,0,0.5983034,0.6010323,0.9260439,1,0.9033877,0.5571024,0.5611308,0,0,0,0,0,0,0,0,0,0,0,0,0,0,0,0,0,0,0,0,0,0.5956547,0.660742,0.7208627,0.6927249,0.6796956,0,0.7387366,0.7845845,1,0.9659053,0,0.658617,0.6326675,0,0,0,0,0,0,0,0,0,0,0,0,0,0,0,0,0,0,0,0,0.6102445,0.6053183,0,0,0.6439672,0.7016405,0.7066421,0.6399509,0.9333509,1,0.9171668,0.7883782,0,0,0,0,0,0,0,0,0,0,0,0,0
