GestureName: c
Duration(ms): 1081
Handedness: right

SpeakerAngles: 5
55
-55
0
0
110

SpeakerElevations: 5
-10
-10
-10
0
30

InterpretedPoints: 23
0,0,0
0,0,0
0,0,0
0,0,0
0,0,0
0,0,0
0,0,0
-1.6134145682232,0.824698216109377,-0.17364817766693
-4.03353642055799,-0.869889348281493,0.347296355333861
0.813797681349374,-3.25062139176265,1.02094453300079
-1.59923377374765,-4.56201177147646,1.34729635533386
-4.80479171848072,-19.0540402521187,4.41012995433623
-8.86668972798981,-23.5334507916298,3.27837084267089
-8.90923211141646,-28.2599699199949,1.84120444167326
-4.89696688257179,-23.4017600157924,-0.00609191366060191
-4.89696688257179,-21.287227219853,-0.527036446661393
-3.26937151987305,-16.7802829363533,-0.221629157329114
1.59923377374765,-7.75120212236632,0.562833599002373
-2.42721224957257,8.14427566284811,-2.2364817766693
4.02644602332022,27.0675432103266,-4.4939080863394
4.86860529362069,11.2733386528537,-0.0837781320031643
0.813797681349374,1.70380186727398,0.5
0,1.96961550602442,-0.347296355333861

StrokePoints: 24
0,0,0
0,0,0
0,0,0
0,0,0
0,0,0
0,0,0
0,0,0
0,0,0
-1.6134145682232,0.824698216109377,-0.17364817766693
-5.64695098878119,-0.0451911321721159,0.17364817766693
-4.83315330743182,-3.29581252393476,1.19459271066772
-6.43238708117946,-7.85782429541123,2.54188906600158
-11.2371787996602,-26.9118645475299,6.95201902033781
-20.10386852765,-50.4453153391597,10.2303898630087
-29.0131006390665,-78.7052852591546,12.071594304682
-33.9100675216382,-102.107045274947,12.0655023910214
-38.80703440421,-123.3942724948,11.53846594436
-42.0764059240831,-140.174555431153,11.3168367870309
-40.4771721503354,-147.92575755352,11.8796703860332
-42.904384399908,-139.781481890672,9.64318860936392
-38.8779383765878,-112.713938680345,5.14928052302452
-34.0093330829671,-101.440600027491,5.06550239102136
-33.1955354016177,-99.7367981602172,5.56550239102136
-33.1955354016177,-97.7671826541928,5.2182060356875

Velocities: 23
0,0,0
0,0,0
0,0,0
0,0,0
0,0,0
0,0,0
0,0,0
-2,0,3
-5,0,3
0,0,-3
-2,2,-2
-7,4,-8
-9,3,-10
-10,-4,-11
-6,-8,-9
-5,-7,-8
-4,-6,-6
-1,-5,-3
-1,1,10
10,4,9
5,3,4
0,0,0
0,0,2

InverseVelocities: 23
0,0,0
0,0,0
0,0,0
0,0,0
0,0,0
0,0,0
0,0,0
0,0,0
2,0,-4
0,0,0
0,0,0
0,-3,3
0,-5,0
0,0,1
0,0,0
0,0,0
0,0,2
1,1,2
10,0,0
0,-3,-3
0,-3,-4
0,0,0
0,0,-2

RawData: 23
0,0,0,0,0,0,0,0,0,0,0,0,0,0,0,0.9661676,1,0.9230635,0,0,0,0,0,0,0,0,0,0,0,0,0,0,0,0,0,0,0,0,0,0,0,0,0,0,0,0,0,0,0.7885616,1,0.9674066,0,0,0,0,0,0,0,0,0,0,0,0,0,0,0,0,0,0,0,0,0,0,0,0,0,0,0,0,0,0.6420786,0.9289317,1,0.8876187,0,0,0,0,0,0,0,0,0,0,0,0,0,0,0,0,0,0,0,0,0,0,0,0,0,0,0,0,0,0,0.8362436,1,0.9802354,0.7321063,0,0,0,0,0,0,0,0,0,0,0,0,0,0,0,0,0,0,0,0,0,0,0,0,0,0,0,0,0,0.6736978,0.9394033,1,0.8729555,0,0,0,0,0,0,0,0,0,0,0,0,0,0
0,0,0,0,0,0,0,0,0,0,0,0,0,0,0,0.9247127,1,0.9324201,0,0,0,0,0,0,0,0,0,0,0,0,0,0,0,0,0,0,0,0,0,0,0,0,0,0,0,0,0,0,0.8079523,1,0.9856112,0,0,0,0,0,0,0,0,0,0,0,0,0,0,0,0,0,0,0,0,0,0,0,0,0,0,0,0,0,0,0.9239886,1,0.9165406,0,0,0,0,0,0,0,0,0,0,0,0,0,0,0,0,0,0,0,0,0,0,0,0,0,0,0,0,0,0,0.8400901,1,0.9815808,0.7680177,0,0,0,0,0,0,0,0,0,0,0,0,0,0,0,0,0,0,0,0,0,0,0,0,0,0,0,0,0,0,0.9437702,1,0.883135,0,0,0,0,0,0,0,0,0,0,0,0,0,0
0,0,0,0,0,0,0,0,0,0,0,0,0,0,0,0.8949332,1,0.9312962,0,0,0,0,0,0,0,0,0,0,0,0,0,0,0,0,0,0,0,0,0,0,0,0,0,0,0,0,0,0,0,1,0.9864375,0,0,0,0,0,0,0,0,0,0,0,0,0,0,0,0,0,0,0,0,0,0,0,0,0,0,0,0,0,0,0.9219449,1,0.8933349,0,0,0,0,0,0,0,0,0,0,0,0,0,0,0,0,0,0,0,0,0,0,0,0,0,0,0,0,0,0,0.8203238,1,0.9628737,0,0,0,0,0,0,0,0,0,0,0,0,0,0,0,0,0,0,0,0,0,0,0,0,0,0,0,0,0,0,0,0.93836,1,0.853459,0,0,0,0,0,0,0,0,0,0,0,0,0,0
0,0,0,0,0,0,0,0,0,0,0,0,0,0,0,0.9136202,1,0.937444,0,0,0,0,0,0,0,0,0,0,0,0,0,0,0,0,0,0,0,0,0,0,0,0,0,0,0,0,0,0,0.8405944,1,0.9826112,0.7960279,0,0,0,0,0,0,0,0,0,0,0,0,0,0,0,0,0,0,0,0,0,0,0,0,0,0,0,0,0,0.9446064,1,0.9082374,0,0,0,0,0,0,0,0,0,0,0,0,0,0,0,0,0,0,0,0,0,0,0,0,0,0,0,0,0,0,0.8794306,1,0.9584082,0.7281791,0,0,0,0,0,0,0,0,0,0,0,0,0,0,0,0,0,0,0,0,0,0,0,0,0,0,0,0,0,0,0.9505109,1,0.8984501,0,0,0,0,0,0,0,0,0,0,0,0,0,0
0,0,0,0,0,0,0,0,0,0,0,0,0,0,0,0.8855062,1,0.9369828,0.6361063,0,0,0,0,0,0,0,0,0,0,0,0,0,0,0,0,0,0,0,0,0,0,0,0,0,0,0,0,0,0.8049092,1,0.982711,0,0,0,0,0,0,0,0,0,0,0,0,0,0,0,0,0,0,0,0,0,0,0,0,0,0,0,0,0,0,0.941859,1,0.8676336,0,0,0,0,0,0,0,0,0,0,0,0,0,0,0,0,0,0,0,0,0,0,0,0,0,0,0,0,0,0,0.8532597,1,0.9539223,0.7011971,0,0,0,0,0,0,0,0,0,0,0,0,0,0,0,0,0,0,0,0,0,0,0,0,0,0,0,0,0,0,0.956283,1,0.8439983,0,0,0,0,0,0,0,0,0,0,0,0,0,0
0,0,0,0,0,0,0,0,0,0,0,0,0,0,0,0.8926333,1,0.9300315,0,0,0,0,0,0,0,0,0,0,0,0,0,0,0,0,0,0,0,0,0,0,0,0,0,0,0,0,0,0,0.7783031,1,0.9923014,0.7883403,0,0,0,0,0,0,0,0,0,0,0,0,0,0,0,0,0,0,0,0,0,0,0,0,0,0,0,0,0,0.9331556,1,0.882763,0,0,0,0,0,0,0,0,0,0,0,0,0,0,0,0,0,0,0,0,0,0,0,0,0,0,0,0,0,0,0.8428728,1,0.973838,0.7408403,0,0,0,0,0,0,0,0,0,0,0,0,0,0,0,0,0,0,0,0,0,0,0,0,0,0,0,0,0,0,0.9610127,1,0.8201952,0,0,0,0,0,0,0,0,0,0,0,0,0,0
0,0,0,0,0,0,0,0,0,0,0,0,0,0,0,0.896268,1,0.9327891,0,0,0,0,0,0,0,0,0,0,0,0,0,0,0,0,0,0,0,0,0,0,0,0,0,0,0,0,0,0,0,1,0.9978322,0.7772614,0,0,0,0,0,0,0,0,0,0,0,0,0,0,0,0,0,0,0,0,0,0,0,0,0,0,0,0,0,0.9331733,1,0.8970241,0,0,0,0,0,0,0,0,0,0,0,0,0,0,0,0,0,0,0,0,0,0,0,0,0,0,0,0,0,0,0.8387393,1,0.9791018,0.7443571,0,0,0,0,0,0,0,0,0,0,0,0,0,0,0,0,0,0,0,0,0,0,0,0,0,0,0,0,0,0,0.9566267,1,0.8405039,0,0,0,0,0,0,0,0,0,0,0,0,0,0
0,0,0,0,0,0,0,0,0,0,0,0.6116421,0.6278422,0.6471075,0.6969983,0.9079181,1,0.9337767,0.6833931,0.6313372,0,0,0,0,0,0,0,0,0,0,0,0,0,0,0,0,0,0,0,0,0,0,0,0,0,0,0,0,0.7911476,1,0.993508,0.7742286,0,0,0,0,0,0,0,0,0,0,0,0,0,0,0,0,0,0,0,0,0,0,0,0,0,0,0,0.6189578,0.7048919,0.9357833,1,0.9100625,0.7029076,0.6277376,0.5977671,0.6003298,0.6060987,0,0,0,0,0,0,0,0,0,0,0,0,0,0,0,0,0,0,0,0,0,0,0.640983,0.6315246,0.673773,0.8562953,1,0.9809618,0.790558,0.663376,0,0,0,0,0,0,0,0,0,0,0,0,0,0,0,0,0,0,0,0,0,0,0,0,0,0,0,0.6625551,0.7320549,0.9543204,1,0.8803344,0.6575277,0,0,0,0,0,0,0,0,0,0,0,0,0
0,0,0,0,0,0,0,0,0.5676938,0.5674459,0.5798393,0.5834376,0.6209577,0.6399018,0.6983206,0.910057,1,0.9257221,0.6715276,0.6180913,0.5644128,0.5714247,0,0,0,0,0,0,0,0,0,0,0,0,0,0,0,0,0,0,0,0,0,0,0,0,0,0,0.8110573,1,0.9905369,0,0,0,0,0,0,0,0,0,0,0,0,0,0,0,0,0,0,0,0,0,0,0,0,0.571602,0.5734868,0.5619806,0.5531409,0.6015115,0.6893746,0.9313509,1,0.9038635,0.6725724,0.6430184,0.5949035,0.5514367,0.5482469,0,0,0,0,0,0,0,0,0,0,0,0,0,0,0,0,0,0,0,0,0,0,0.6013831,0.6006064,0.6624883,0.8556336,1,0.9772995,0.7572999,0.6414066,0.5824006,0.6134115,0,0,0,0,0,0,0,0,0,0,0,0,0,0,0,0,0,0,0,0,0,0,0,0,0,0,0.703976,0.9453455,1,0.8722076,0.6606008,0,0,0,0,0,0,0,0,0,0,0,0,0
0,0,0,0,0,0,0,0,0,0,0,0,0,0,0.6244442,0.88907,1,0.9393346,0.6722515,0,0,0,0,0,0,0,0,0,0,0,0,0,0,0,0,0,0,0,0,0,0,0,0,0,0,0,0,0,0.8035755,0,1,0.9277731,0.7564873,0,0,0,0,0,0,0,0,0,0,0,0,0,0,0,0,0,0,0,0,0,0,0,0.5801865,0,0,0,0,0.9318907,1,0.9155191,0.6569155,0.5963511,0,0,0,0,0,0,0,0,0,0,0,0,0,0,0,0,0,0,0,0,0,0,0,0,0,0,0,0.5883622,0.8339387,1,0.9816249,0.8208733,0.630241,0,0,0,0,0,0,0,0,0,0,0,0,0,0,0,0,0,0,0,0,0,0,0,0,0,0,0,0,0,0.9562783,1,0.9363773,0.7875201,0.6507388,0,0,0,0,0,0,0,0,0,0,0,0
0,0,0,0,0,0,0,0,0,0,0,0.6065354,0.6203875,0.6506548,0.788797,0.964579,1,0.878122,0.6859176,0,0,0,0,0,0,0,0,0,0,0,0,0,0,0,0,0,0,0,0,0,0,0,0,0,0,0,0,0.7071639,0.823112,0.8808544,1,0.9745355,0.8985852,0.861501,0.7524642,0,0,0,0,0,0,0,0,0,0,0,0,0,0,0,0,0,0,0,0,0,0,0.6819273,0.731025,0.7728088,0.8426625,0.9828488,1,0.8061332,0.78264,0.6571602,0,0,0,0,0,0,0,0,0,0,0,0,0,0,0,0,0,0,0,0,0,0,0,0,0.6370601,0.6899549,0.7452997,0.7630122,0.9138615,1,0.9451593,0.8227151,0.7588269,0.658125,0,0,0,0,0,0,0,0,0,0,0,0,0,0,0,0,0,0,0,0,0,0,0,0,0.6528214,0.7507027,0.7671142,0.7974845,0.9513434,1,0.9725029,0.9240576,0.8637255,0.7771985,0,0,0,0,0,0,0,0,0,0,0
0,0,0,0,0,0,0.6289425,0.6821704,0.7385703,0.8034931,0.8646939,0.8842376,0.8457177,0.8294205,0.7864967,0.939451,1,0.8832496,0.611158,0,0,0,0,0,0,0,0,0,0,0,0,0,0,0,0,0,0,0,0,0,0,0,0,0.6608362,0.7147321,0.7579213,0.7483251,0.7833606,0,0.8237103,0.9361177,1,0.9937589,0.9092331,0.7355871,0.7376819,0.7078412,0,0,0,0,0,0,0,0,0,0,0,0,0,0,0.6265624,0.6640564,0.7485712,0.7889978,0.7943815,0.8373435,0.8662905,0.8797022,0.8940383,0.8456211,0.8618816,1,0.9115489,0.8673285,0.8365871,0.7866895,0.7077301,0.6628998,0,0,0,0,0,0,0,0,0,0,0,0,0,0,0,0.6697564,0.7340404,0.8002143,0.8534617,0.8673818,0.800581,0.9147941,0.9610932,0.9907498,0.9653903,0.9473549,1,0.9926988,0.8759992,0.8313556,0.7203504,0.7336057,0.678486,0.6520777,0,0,0,0,0,0,0,0,0,0,0,0,0,0,0,0.6878128,0.7762341,0.8106861,0.8269874,0.752204,0.8374803,0.8940696,0.9704041,0.9928899,0.9629408,0.8369077,1,0.9241239,0.907226,0.798946,0.8096838,0.8104322,0.7054164,0.6625322,0,0,0,0,0,0,0,0
0,0,0,0,0.8182781,0.8804917,0.8609824,0.7442537,0,0,0.8336092,0.8359851,0.789483,0.7481214,0,0.9428784,1,0.9016224,0,0,0,0,0,0,0,0,0,0,0,0,0,0,0,0,0,0,0,0,0,0,0,0.8576052,0.826772,0,0,0.8754067,0.8356858,0.9683822,1,0.9607387,0.9543221,0.8431299,0.9797348,0.9181255,0.8601056,0.8511864,0,0,0,0,0,0,0,0,0,0,0,0,0,0.7589139,0.8452379,0.8702334,0.816863,0.6935577,0.797152,0.8004111,0.8170653,0.8117341,0.767932,0.7780511,0.7811589,0.9728677,1,0.9000613,0.8025551,0.7220894,0,0,0,0,0,0,0,0,0,0,0,0,0,0,0,0,0.7463385,0.8403035,0.8767008,0.8576654,0.7393528,0.841381,0.8843857,0.8697064,0.8012895,0.8104051,0.8235196,0.7187872,0.9124286,1,0.9649103,0.7908726,0.7387173,0.7074036,0,0,0,0,0,0,0,0,0,0,0,0,0,0,0,0,0.811137,0.8750334,0.890013,0.8516562,0.7907844,0.849564,0.8892691,0.8240167,0.7347454,0.784822,0.8438979,0.9066842,1,0.9841085,0.8388723,0.8395846,0.7756261,0,0,0,0,0,0,0,0,0,0,0,0
0,0,0,0.754258,0.8536084,0.8407785,0.7598677,0.7466037,0,0,0,0,0,0,0.7995093,0.9109907,1,0.895986,0,0,0,0,0,0,0,0,0,0,0,0,0,0,0,0,0,0,0,0,0,0,0,0,0.9131145,0.9493483,0.935985,0.9338415,0.9163895,0.883362,0.9194869,0.9006786,1,0.9728034,0,0,0,0,0,0,0,0,0,0,0,0,0,0,0,0,0.7050583,0.7853174,0.7690295,0.7600003,0,0.7740468,0.7353063,0.7504848,0.7603097,0,0.7301232,0.7544392,0,0.9515928,1,0.8686233,0,0.7260885,0.7078724,0,0,0,0,0,0,0,0,0,0,0,0,0,0,0.7621248,0.8129003,0.7633952,0.7460735,0,0,0.7604319,0.7456174,0,0.7713617,0.7569566,0,0,0.8835146,1,0.9539012,0,0,0,0,0,0,0,0,0,0,0,0,0,0,0,0,0,0,0,0,0,0,0,0.8332804,0,0.8546507,0.8829494,0.883194,0.8771927,0,0.8226774,0.9507128,1,0,0.8327407,0,0,0,0,0,0,0,0,0,0,0,0,0
0,0,0,0,0,0,0,0.743821,0.7942601,0,0,0,0.7962858,0.7927837,0.7638211,0.9240991,1,0.9093856,0,0,0,0,0,0,0,0,0,0,0,0,0,0,0,0,0,0,0,0,0.8888597,0.9138784,0.9042202,0.9649298,0.910796,1,0.9633862,0.8450763,0,0,0,0.8566864,0,0.8389634,0,0,0,0,0,0,0,0,0,0,0,0,0,0,0,0,0,0,0.7861616,0.8251036,0.8309878,0.8101516,0.8432592,0,0.7321146,0.8128765,0,0.7644848,0.720422,0.9454901,1,0.8879554,0.7250747,0,0,0,0,0,0,0,0,0,0,0,0,0,0,0,0,0,0,0.817965,0.8338149,0.8179464,0.8460795,0.8310637,0.8174208,0,0.7656007,0,0,0,0.8920333,1,0.9497457,0,0,0,0,0,0,0,0,0,0,0,0,0,0,0,0,0,0,0,0,0.8074322,0.9139204,1,0.990196,0.9640851,0.8093219,0.8089878,0.851885,0.8194685,0.8383557,0.7920372,0.9477835,0.9527884,0,0,0,0,0,0,0,0,0,0,0,0,0,0,0
0,0,0,0,0,0,0,0,0.7831421,0.8684576,0.9054563,0.8960707,0.8553554,0.7972148,0.7858414,0.9313407,1,0.915364,0,0,0,0,0,0,0,0,0,0,0,0,0,0,0,0,0,0,0,0,0,0.8829147,0.8532565,0.9815289,1,0.8558218,0.8910934,0.8913859,0.8864985,0,0,0.9233997,0.9188352,0.9025661,0.8596502,0,0,0,0,0,0,0,0,0,0,0,0,0,0,0,0,0,0,0.7050225,0.7767333,0.8193152,0.8773046,0.8058292,0.8391998,0.8815672,0.7806898,0.7575262,0.7673182,0.9589335,1,0.8878822,0,0,0,0,0,0,0,0,0,0,0,0,0,0,0,0,0,0,0,0.7409381,0.7575985,0,0.7575934,0.859023,0.8591478,0.8567231,0.9055045,0.9085572,0.7542368,0.8153384,0.8644592,1,0.967429,0.7769143,0,0,0,0,0,0,0,0,0,0,0,0,0,0,0,0,0,0,0,0.8419404,0.91816,0.8962437,1,0.9907665,0.8527308,0.846895,0.941847,0.922711,0.8292896,0.8246047,0.9338537,0.9858915,0.8512453,0,0,0,0,0,0,0,0,0,0,0,0,0,0
0,0,0,0,0,0,0,0,0,0.6629214,0.7877824,0.837917,0.8586714,0.8310426,0.7770143,0.9590832,1,0.8601186,0,0,0,0,0,0,0,0,0,0,0,0,0,0,0,0,0,0,0,0,0,0,0.8137898,0.9447131,1,0.9988633,0.9516889,0.9310356,0.9787023,0.8553057,0.813032,0.9740466,0.9269627,0.7864451,0.8427628,0,0,0,0,0,0,0,0,0,0,0,0,0,0,0,0,0,0,0,0,0.704002,0.7771529,0.7903151,0.746291,0.8635774,0.8355777,0.6906785,0.7317661,0.9699119,1,0.7953587,0.6657361,0.6429489,0.6978697,0.6173632,0,0,0,0,0,0,0,0,0,0,0,0,0,0,0,0,0,0.6318055,0.6479975,0.7046342,0.7717284,0.8304685,0.8385565,0.8872736,0.8641519,0.7758185,0.8812913,1,0.9364862,0.6337152,0,0,0,0,0,0,0,0,0,0,0,0,0,0,0,0,0,0,0,0,0,0.7762412,0.8541693,0.9012694,0.8941395,0.9570136,0.9797028,0.9509227,0.8884103,0.8102577,0.9811683,1,0.7091892,0.7348165,0,0,0.7368279,0.6746082,0,0,0,0,0,0,0,0,0
0,0,0,0,0,0,0,0,0,0,0,0,0.6486607,0.7269686,0.7734264,0.8957195,1,0.9250813,0.7965127,0.7773609,0.6696541,0,0,0,0,0,0,0,0,0,0,0,0,0,0,0,0,0,0,0,0,0.7882273,0.7703381,0,0,0.7774614,0.9217352,0.931536,0.9053484,1,0.9979035,0.9326326,0.8560364,0.8730461,0,0,0,0,0,0,0,0,0,0,0,0,0,0,0,0,0,0,0,0,0,0,0.6136249,0.7345907,0.6047075,0.6918647,0.7224225,0.9569077,1,0.9059749,0.7427458,0.7277481,0.6261636,0.5991535,0,0,0,0,0,0,0,0,0,0,0,0,0,0,0,0,0,0,0,0,0,0,0.6179392,0.7028496,0.6668428,0.7840852,0.8592885,1,0.9646351,0.8153381,0.7559907,0.7143143,0.6773921,0.7065009,0.72493,0.7091817,0.6924972,0.6800805,0.6433645,0.6383412,0,0,0,0,0,0,0,0,0,0,0,0,0,0,0,0.7284268,0.7459667,0.7134241,0.8058066,0.718294,0.9662001,1,0.9025378,0.7791218,0.739339,0.7474043,0.7101212,0.6630046,0.6844165,0.6612284,0,0,0,0,0,0,0
0,0,0,0,0,0,0,0,0,0,0,0,0.6560971,0.6717345,0.6554258,0.9367659,1,0.8714241,0.643836,0.7000847,0,0.6915813,0.6694885,0.6346145,0,0.641845,0.6653525,0.6710739,0.7298751,0.6754563,0,0,0,0,0,0,0,0,0,0,0,0,0,0,0,0,0.7301589,0.8525527,1,0.989269,0.9055738,0.8739166,0.9225262,0.8705859,0,0,0,0,0,0,0,0,0,0,0,0,0,0,0,0,0,0,0,0,0,0,0,0,0,0,0.7477183,0.950126,1,0.8501604,0.6925721,0.6607833,0.6087136,0,0,0,0,0,0.6648784,0.702943,0.6900685,0.6263385,0,0,0,0,0,0,0,0,0,0,0,0,0,0,0.6501034,0,0,0.6269551,0.8614193,1,0.9383609,0,0.650114,0,0,0.634694,0,0,0,0,0.6350759,0.7894238,0.7872801,0.7269107,0,0,0,0,0,0,0,0,0,0,0,0,0,0,0.7724764,0.7110637,0.7990975,0.8152013,0.976129,1,0.8004746,0,0.8130949,0.7948974,0,0,0.7057099,0,0,0,0.6985258,0.8025644,0.7814091,0,0
0,0,0,0,0,0,0,0,0,0,0,0,0,0.6470884,0,0.9370968,1,0.886328,0.6523594,0.6492501,0.7236635,0.6765544,0.6941592,0.6797768,0.6806461,0,0,0.7061695,0.7103474,0.6446927,0,0,0,0,0,0,0,0,0,0,0,0,0,0.7555994,0.7488878,0,0.8605986,0.9125692,1,0.9936137,0.8632868,0.8484161,0.7735791,0.7895929,0.7642782,0.730426,0.7496302,0,0,0,0,0,0,0,0,0,0,0,0,0,0,0,0,0,0,0,0.6461996,0.6438904,0,0.6574923,0.759379,0.9554929,1,0.8696284,0.6235343,0.6690778,0,0.6457906,0.6456414,0.6953542,0.7085275,0.6367455,0.6398428,0.6417415,0.6186388,0,0,0,0,0,0,0,0,0,0,0,0,0,0,0,0,0,0.6596801,0.7726929,0.8989553,1,0.9558055,0.7337831,0,0,0,0.7323272,0.7140989,0.7898413,0.7919745,0.7660983,0.7735477,0.7539223,0.6815693,0,0,0,0,0,0,0,0,0,0,0,0,0,0,0,0.7177351,0.7701061,0.8034723,0.8886936,1,0.9881074,0.8152786,0,0,0,0,0,0,0.8220493,0.8282577,0.7897626,0.8144231,0.7967883,0,0,0
0,0,0,0,0,0,0,0,0,0,0,0,0,0,0.6383483,0.9231721,1,0.8873672,0.7134067,0.7013825,0,0.6653861,0.6679578,0.653262,0.6299192,0,0,0,0,0,0,0,0,0,0,0,0,0,0,0,0,0,0,0.6867252,0.7596593,0.7515811,0.7244188,0.7777573,0.8716613,1,0.9349925,0,0,0,0.688217,0.7092132,0,0,0,0,0,0,0,0,0,0,0,0,0,0,0,0,0,0,0,0.6093667,0.6015677,0,0.6136069,0.6893618,0.6790593,0.9518372,1,0.8592086,0.6896318,0.6943039,0.678768,0.757936,0.7334107,0.6194375,0,0,0,0,0,0,0,0,0,0,0,0,0,0,0,0,0,0,0,0,0,0,0.6650881,0,0.8685933,1,0.9443352,0.7221835,0,0.7544528,0.834752,0.8320956,0.7553358,0,0,0,0,0,0,0,0,0,0,0,0,0,0,0,0,0,0,0,0,0,0,0,0.7851203,0.9378364,0.9367047,1,0.8954883,0,0.755545,0.8601515,0.8970999,0.8208765,0,0,0,0,0,0,0,0,0
0,0,0,0,0,0,0,0,0,0,0,0,0,0,0,0.9204996,1,0.932984,0.7814276,0.7428699,0,0,0,0,0,0,0,0,0,0,0,0,0,0,0,0,0,0,0,0,0,0,0,0,0,0,0.833476,0.8929919,0.854628,1,0.9847095,0,0,0,0,0,0,0,0,0,0,0,0,0,0,0,0,0,0,0,0,0,0,0,0,0,0,0,0,0.7215921,0.7558339,0.9318925,1,0.9085049,0.7542862,0,0,0,0,0,0,0,0,0,0,0,0,0,0,0,0,0,0,0,0,0,0,0,0,0,0,0,0,0.7334993,0.9085022,1,0.9424057,0.7907152,0.7688596,0.7547141,0.7130255,0,0,0,0,0,0,0,0,0,0,0,0,0,0,0,0,0,0,0,0,0,0,0,0,0,0,0.7685388,0.9763031,1,0.850069,0.7930568,0.7775398,0,0,0,0,0,0,0,0,0,0,0,0
0,0,0,0,0,0,0,0,0,0,0,0,0,0.6315824,0.7374847,0.9415275,1,0.8631588,0,0,0,0,0,0,0,0,0,0,0,0,0,0,0,0,0,0,0,0,0,0,0,0,0,0,0,0,0.8018879,0,0.8666861,0,1,0.9095631,0,0,0,0,0,0,0,0,0,0,0,0,0,0,0,0,0,0,0,0,0,0,0,0,0,0.5783443,0.6077921,0.6491235,0.7200894,0.9490116,1,0.8981225,0.6732876,0.6009422,0.621978,0.5841888,0,0,0,0,0,0,0,0,0,0,0,0,0,0,0,0,0,0,0,0,0,0,0,0,0.6574909,0.6711549,0.8812202,1,0.9520404,0.7060002,0.5992557,0,0,0,0,0,0,0,0,0,0,0,0,0,0,0,0,0,0,0,0,0,0,0,0,0,0,0,0.6528704,0.8275929,0.9711249,1,0.9024044,0.6872715,0,0,0,0,0,0,0,0,0,0,0,0,0
