GestureName: caret
Duration(ms): 893
Handedness: right

SpeakerAngles: 5
55
-55
0
0
110

SpeakerElevations: 5
-10
-10
-10
0
30

InterpretedPoints: 19
0,0,0
0,-1.98480775301221,0.17364817766693
0,0,0
0,0,0
0,0,0
0,0,0
0,5.90884651807325,-1.04188906600158
1.62759536269875,6.49175203651182,0.131759111665348
8.95886489208089,18.6824894574003,2.52703644666139
10.5722794603041,20.7970222533397,2.0060919136606
6.53874303974609,29.4460330767672,0.96420284765902
4.09734999569797,12.9068807851631,1.89527733499604
-0.785436092398274,6.45500398964029,-0.0628335990023732
-10.5510082685908,-11.9758368401391,-0.853388268994462
-9.76557217619249,-20.8200159585612,0.251334396009493
-9.76557217619249,-33.8200159585612,0.251334396009493
-8.15215760796929,-32.6902909156339,-0.0959619593243675
-5.73203575563449,-29.8659783083158,-0.96420284765902
-1.62759536269875,-8.59109258546349,0.562833599002373

StrokePoints: 20
0,0,0
0,0,0
0,-1.98480775301221,0.17364817766693
0,-1.98480775301221,0.17364817766693
0,-1.98480775301221,0.17364817766693
0,-1.98480775301221,0.17364817766693
0,-1.98480775301221,0.17364817766693
0,3.92403876506104,-0.868240888334652
1.62759536269875,10.4157908015729,-0.736481776669304
10.5864602547796,29.0982802589731,1.79055466999209
21.1587397150837,49.8953025123129,3.79664658365269
27.6974827548298,79.3413355890801,4.76084943131171
31.7948327505278,92.2482163742432,6.65612676630775
31.0093966581295,98.7032203638834,6.59329316730538
20.4583883895387,86.7273835237443,5.73990489831092
10.6928162133463,65.9073675651831,5.99123929432041
0.927244037153773,32.087351606622,6.2425736903299
-7.22491357081551,-0.602939309011973,6.14661173100554
-12.95694932645,-30.4689176173278,5.18240888334652
-14.5845446891488,-39.0600102027913,5.74524248234889

Velocities: 19
0,0,0
0,0,-1
0,0,0
0,0,0
0,0,0
0,0,0
0,0,6
1,1,3
6,7,7
8,7,8
7,11,11
3,7,5
1,5,3
-8,-4,-9
-12,-12,-12
-12,-12,-12
-10,-12,-12
-6,-11,-12
-2,-2,-5

InverseVelocities: 19
0,0,0
0,0,0
0,0,0
0,0,0
0,0,0
0,0,0
0,0,0
0,0,0
0,0,0
0,0,0
0,0,0
0,0,-2
-2,0,-2
0,0,0
0,0,0
0,0,0
0,0,0
1,0,1
0,0,0

RawData: 19
0,0,0,0,0,0,0,0,0,0,0,0,0,0,0,0.9293665,1,0.9028765,0,0,0,0,0,0,0,0,0,0,0,0,0,0,0,0,0,0,0,0,0,0,0,0,0,0,0,0,0,0,0.893164,1,0.9522308,0,0,0,0,0,0,0,0,0,0,0,0,0,0,0,0,0,0,0,0,0,0,0,0,0,0,0,0,0,0,0.9505674,1,0.8826205,0,0,0,0,0,0,0,0,0,0,0,0,0,0,0,0,0,0,0,0,0,0,0,0,0,0,0,0,0,0,0.8839504,1,0.9486902,0.6942821,0,0,0,0,0,0,0,0,0,0,0,0,0,0,0,0,0,0,0,0,0,0,0,0,0,0,0,0,0,0.7647206,0.9368913,1,0.8381324,0,0,0,0,0,0,0,0,0,0,0,0,0,0
0,0,0,0,0,0,0,0,0,0,0,0,0,0.6508685,0.6370587,0.9425729,1,0.87951,0.6635225,0,0,0,0,0,0,0,0,0,0,0,0,0,0,0,0,0,0,0,0,0,0,0,0,0,0,0,0,0,0.8035513,0.99245,1,0,0,0,0,0,0,0,0,0,0,0,0,0,0,0,0,0,0,0,0,0,0,0,0,0,0,0,0.6258504,0.6271374,0,0.9514058,1,0.8636067,0.6698706,0,0,0,0,0,0,0,0,0,0,0,0,0,0,0,0,0,0,0,0,0,0,0,0,0,0,0.6210199,0.6235804,0.6569259,0.8913533,1,0.9367036,0.6584232,0.6220858,0,0,0,0,0,0,0,0,0,0,0,0,0,0,0,0,0,0,0,0,0,0,0,0,0,0,0,0,0.7500136,0.9642715,1,0.8442949,0,0,0,0,0,0,0,0,0,0,0,0,0,0
0,0,0,0,0,0,0,0,0,0,0,0,0,0,0,0.9500576,1,0.9297899,0,0,0,0,0,0,0,0,0,0,0,0,0,0,0,0,0,0,0,0,0,0,0,0,0,0,0,0,0,0,0,1,0.9912964,0,0,0,0,0,0,0,0,0,0,0,0,0,0,0,0,0,0,0,0,0,0,0,0,0,0,0,0,0,0,0.9626052,1,0.917792,0,0,0,0,0,0,0,0,0,0,0,0,0,0,0,0,0,0,0,0,0,0,0,0,0,0,0,0,0,0,0.9233963,1,0.9632215,0,0,0,0,0,0,0,0,0,0,0,0,0,0,0,0,0,0,0,0,0,0,0,0,0,0,0,0,0,0,0,0.9733634,1,0.8971034,0,0,0,0,0,0,0,0,0,0,0,0,0,0
0,0,0,0,0,0,0,0,0,0,0,0,0,0,0.6630023,0.9230249,1,0.8926117,0.6637715,0,0,0,0,0,0,0,0,0,0,0,0,0,0,0,0,0,0,0,0,0,0,0,0,0,0,0,0,0,0.8039004,1,0.9870995,0.7384286,0,0,0,0,0,0,0,0,0,0,0,0,0,0,0,0,0,0,0,0,0,0,0,0,0,0,0,0,0,0.9482958,1,0.874193,0,0,0,0,0,0,0,0,0,0,0,0,0,0,0,0,0,0,0,0,0,0,0,0,0,0,0,0,0,0.6839551,0.8672532,1,0.9496567,0,0,0,0,0,0,0,0,0,0,0,0,0,0,0,0,0,0,0,0,0,0,0,0,0,0,0,0,0,0,0,0.961659,1,0.8487548,0,0,0,0,0,0,0,0,0,0,0,0,0,0
0,0,0,0,0,0,0,0,0,0,0,0,0,0,0,0.9255124,1,0.8927255,0,0,0,0,0,0,0,0,0,0,0,0,0,0,0,0,0,0,0,0,0,0,0,0,0,0,0,0,0,0,0.7286839,0.9944611,1,0.7626408,0,0,0,0,0,0,0,0,0,0,0,0,0,0,0,0,0,0,0,0,0,0,0,0,0,0,0,0,0.6415451,0.9490607,1,0.8718916,0,0,0,0,0,0,0,0,0,0,0,0,0,0,0,0,0,0,0,0,0,0,0,0,0,0,0,0,0,0,0.8688002,1,0.9544604,0.6524367,0,0,0,0,0,0,0,0,0,0,0,0,0,0,0,0,0,0,0,0,0,0,0,0,0,0,0,0,0,0.6800306,0.9659545,1,0.8240102,0,0,0,0,0,0,0,0,0,0,0,0,0,0
0,0,0,0,0,0,0,0,0,0,0,0,0,0,0,0.9345716,1,0.9077193,0,0,0,0,0,0,0,0,0,0,0,0,0,0,0,0,0,0,0,0,0,0,0,0,0,0,0,0,0,0,0,0.9793683,1,0,0,0,0,0,0,0,0,0,0,0,0,0,0,0,0,0,0,0,0,0,0,0,0,0,0,0,0,0,0,0.9605637,1,0.8835341,0,0,0,0,0,0,0,0,0,0,0,0,0,0,0,0,0,0,0,0,0,0,0,0,0,0,0,0,0,0,0.8793883,1,0.963594,0.7239027,0,0,0,0,0,0,0,0,0,0,0,0,0,0,0,0,0,0,0,0,0,0,0,0,0,0,0,0,0,0,0.9748937,1,0.8517587,0,0,0,0,0,0,0,0,0,0,0,0,0,0
0,0,0,0,0,0,0,0,0,0,0,0,0,0,0,0.9300944,1,0.873714,0,0,0,0,0,0,0,0,0,0,0,0,0,0,0,0,0,0,0,0,0,0,0,0,0,0,0,0,0,0,0,1,0.9189817,0.8870585,0,0,0,0,0,0,0,0,0,0,0,0,0,0,0,0,0,0,0,0,0,0,0,0,0,0,0,0,0.7231014,0.969079,1,0,0,0,0,0,0,0,0.7038736,0.7087295,0,0,0,0,0,0,0,0,0,0,0,0,0,0,0,0,0,0,0,0,0,0,0.8482209,1,0.976715,0.774595,0,0,0,0,0,0,0,0,0,0,0,0,0,0,0,0,0,0,0,0,0,0,0,0,0,0,0,0,0,0,0.9799955,1,0.810568,0,0,0,0,0,0,0,0,0,0,0,0,0,0
0,0,0,0,0,0,0,0,0,0,0,0,0,0,0,0.9256117,1,0.9391983,0.832518,0.7401376,0.6728913,0,0,0,0,0,0,0,0,0,0,0,0,0,0,0,0,0,0,0,0,0,0,0,0,0,0,0,0.8080206,0.9755732,1,0.9217033,0.8216344,0.7506307,0,0,0,0,0,0,0,0,0,0,0,0,0,0,0,0,0,0,0,0,0,0,0,0,0,0.6524022,0.769307,0.9609674,1,0.910239,0.7630585,0.6469962,0.6709718,0.6756936,0.6385463,0,0,0,0,0,0,0,0,0,0,0,0,0,0,0,0,0,0,0,0,0,0,0,0,0,0.8855545,1,0.9507163,0.7625876,0.7862462,0.6892413,0.6730037,0.6646823,0,0,0,0,0,0,0,0,0,0,0,0,0,0,0,0,0,0,0,0,0,0,0,0,0,0.7014246,0.9538148,1,0.9198954,0.7948648,0.7653301,0.737618,0,0,0,0,0,0,0,0,0,0,0
0,0,0,0,0,0,0,0,0,0,0,0,0,0.6691465,0.5986544,0.91991,1,0.8561262,0.7058506,0.8527637,0.7956519,0.7252776,0.6090833,0,0.6077048,0.6149872,0,0,0,0,0,0,0,0,0,0,0,0,0,0,0,0,0,0,0,0,0,0,0.7538142,0.9939509,1,0.8221583,0.7300895,0.8076441,0.8514282,0.8373453,0.8018354,0.8040898,0.7932181,0.7452193,0,0,0,0,0,0,0,0,0,0,0,0,0,0,0,0,0,0,0,0,0.6413003,0.9509656,1,0.8852708,0.7715259,0.7508537,0.6938845,0.6832989,0.6429169,0.6822255,0.7256956,0.670043,0.5690277,0,0,0,0,0,0,0,0,0,0,0,0,0,0,0,0,0,0,0,0.6166226,0.6542497,0.8550204,1,0.945415,0.7484187,0.7545113,0.7917655,0.7948807,0.7752879,0.6395547,0.596173,0.6517569,0.6254436,0.5981722,0,0,0,0,0,0,0,0,0,0,0,0,0,0,0,0,0,0,0,0,0.6861739,0.9689718,1,0.7990192,0.7589794,0.6467605,0.6553147,0,0.6316922,0.5848402,0.662924,0.5911064,0,0,0,0.5873256,0.5932109,0.6118638
0,0,0,0,0,0,0,0,0,0,0,0,0,0,0,0.9393293,1,0.8773742,0.7569492,0.8997601,0.8656021,0.7650346,0,0.6283218,0.6756,0,0.6419908,0.6462044,0,0,0,0,0,0,0,0,0,0,0,0,0,0,0,0,0,0,0,0.7784999,0.9133084,1,0.9473062,0,0.8271163,0.9039627,0.8776718,0.7583148,0.897235,0.9156123,0.9527679,0.8403403,0,0,0,0,0,0,0,0,0,0,0,0,0,0,0,0,0,0,0,0,0.6550624,0.9357342,1,0.8789569,0.7429276,0.8554052,0.8336405,0.7874266,0.6672348,0,0.6679986,0.6219335,0.6076023,0.6008283,0,0,0,0,0,0,0,0,0,0,0,0,0,0,0,0,0,0,0,0,0.8772552,1,0.9377564,0.7080088,0.7871101,0.8388083,0.8121564,0.7198905,0.7369031,0.701081,0,0.6885499,0.6545622,0,0,0,0,0,0,0,0,0,0,0,0,0,0,0,0,0,0,0.6350946,0.6438418,0.7539895,0.9792271,1,0.8139595,0.721032,0.8063527,0.7921405,0.7203757,0.6782302,0.7480685,0.8004852,0.7975817,0.7721266,0,0,0,0.6613569,0
0,0,0,0,0,0,0,0,0,0,0,0,0,0,0,0.9255242,1,0.9089196,0.7420751,0.9077622,0.8731071,0.7427636,0.6684151,0.6432475,0.6552696,0.6779104,0.642881,0,0,0,0,0,0,0,0,0,0,0,0,0,0,0,0,0,0,0,0.698045,0.8451949,0.8934559,0.9194561,0.7896994,0.8500167,0.9167203,0.8923925,1,0.9959756,0.9293605,0.7355765,0.7816958,0.7670757,0,0,0.7035636,0.6943421,0,0,0,0,0,0,0,0,0,0,0,0,0,0,0,0,0.6473795,0.9551334,1,0.8786153,0.7631338,0.838895,0.7543966,0.7044071,0.6461399,0.6703692,0.6558751,0.6259508,0,0,0.5783688,0.5896868,0.5768418,0,0,0,0,0,0,0,0,0,0,0,0,0,0,0,0,0,0.8841016,1,0.9558086,0.7347104,0.7631946,0.7423604,0.8646489,0.835724,0.7736023,0.7019046,0.6138976,0,0,0,0,0,0.5825475,0.6209607,0,0,0,0,0,0,0,0,0,0,0,0,0,0,0.7177357,0.7341562,0.9518963,1,0.7455204,0.8984315,0.8774227,0.8406041,0.8680784,0.8336687,0.8387728,0.8570608,0.7667871,0.7291841,0.7266608,0.7512309,0.6613123,0.6511157,0.7362347
0,0,0,0,0,0,0,0,0,0,0,0,0,0,0.7384322,0.9391345,1,0.9079419,0.8814727,0.7165258,0.7417335,0.7022511,0.7011111,0,0,0,0,0,0,0,0,0,0,0,0,0,0,0,0,0,0,0,0,0,0,0,0,0,0,0.9451107,1,0.794773,0.9160807,0.9242176,0.8887262,0.8635591,0.8710787,0.8457989,0.7770146,0.776525,0,0,0,0,0,0,0,0,0,0,0,0,0,0,0,0,0,0.6572179,0.6520325,0.6647498,0.7099471,0.9307934,1,0.972854,0.9101637,0.6821666,0.7577227,0,0.6799498,0,0.6563046,0,0,0,0,0,0,0,0,0,0,0,0,0,0,0,0,0,0,0,0,0,0,0.6998705,0.8287046,0.9901173,1,0.941236,0.8162484,0.8156508,0.7460883,0.7155926,0.7354768,0.6550745,0,0,0,0,0,0,0,0,0,0,0,0,0,0,0,0,0,0,0,0,0,0,0,0.6855245,0.9478452,1,0.9202105,0.8679805,0.8729595,0.7969093,0.7853673,0.7020649,0.741454,0,0.7589433,0.7422253,0.6957051,0,0,0,0
0,0,0,0,0,0,0,0,0,0,0,0.6488412,0.7077222,0.7489215,0.7821387,0.888173,1,0.9392451,0.7626401,0,0.6429844,0,0,0,0,0,0,0,0,0,0,0,0,0,0,0,0,0,0,0,0,0,0,0,0,0,0,0,0.8377492,0.9767149,1,0.9087386,0.7944229,0.71301,0.7125513,0.682137,0,0.6593361,0,0,0,0,0,0,0,0,0,0,0,0,0,0,0,0,0,0,0,0.6652676,0.7219629,0.7683272,0.8404355,0.9610429,1,0.9240248,0.9360778,0.8588148,0.7622204,0.6658595,0.6422617,0,0,0,0,0,0,0,0,0,0,0,0,0,0,0,0,0,0,0.6347479,0.6398761,0.707251,0.7545829,0.7829803,0.8337595,0.8622751,0.9199312,1,0.8838064,0.9252259,0.8594368,0.7117493,0,0,0,0,0,0,0,0,0,0,0,0,0,0,0,0,0,0,0,0,0,0,0.6966349,0.7469828,0.7605437,0.8389871,0.8797775,0.876707,0.9899703,1,0.8913298,0.9062815,0.7671613,0.7761341,0.6826053,0,0,0,0,0,0,0,0,0,0
0,0,0,0,0,0.7091055,0.7734835,0.7901981,0.7771757,0.7529252,0.7968559,0.8430694,0.8371962,0.7676293,0.70953,0.8760001,1,0.9252298,0,0,0,0,0,0,0,0,0,0,0,0,0,0,0,0,0,0,0,0,0,0,0,0,0.7581819,0.7718467,0.7252768,0.8551291,0.8575035,0.8493026,0.8956054,1,0.9256606,0.8809074,0.7698457,0,0,0,0,0,0,0,0,0,0,0,0,0,0,0,0,0,0.6506084,0.6498066,0,0.6495221,0.7556857,0.8000225,0.7613474,0.7275292,0.6988648,0,0,0.9326912,1,0.9052201,0.7251374,0,0,0,0,0,0,0,0,0,0,0,0,0,0,0,0,0,0.6870033,0.6799593,0.6603074,0.6738011,0.6522793,0.7099583,0.8465017,0.9049155,0.8826213,0.834643,0.8199819,0.77931,0.8583857,1,0.9834962,0.8037094,0.6917815,0.6614968,0,0,0,0,0,0,0,0,0,0,0,0,0,0,0,0,0.7090639,0.7624836,0.7555888,0.7180737,0.6911887,0,0.7917078,0.8465074,0.8154787,0.8347617,0.8248954,0.8359147,0.9765339,1,0.9066174,0.804139,0,0,0,0,0,0,0,0,0,0,0,0,0
0,0.6518742,0.729066,0.7673314,0.7421253,0.6825016,0.7368371,0.7084572,0,0.7249866,0,0,0.7021382,0.6580362,0,0.9090466,1,0.922989,0,0,0,0,0,0,0,0,0,0,0,0,0,0,0,0,0.7420506,0.7283574,0.7066002,0,0,0,0.7468687,0.8675248,0.9225185,0.8994027,0.884289,0.8431205,0.8140622,0.7932181,0.7590438,0.916706,1,0.9043826,0,0,0,0,0,0,0,0,0,0,0,0,0,0,0.6870278,0.6907654,0.7404346,0.7826227,0.7406933,0.7543823,0.6490151,0.7381886,0.7077629,0.7903092,0.7944435,0.7918811,0.7822234,0.7578086,0.7156183,0.9433908,1,0.8887639,0,0,0,0,0,0,0,0,0,0,0,0,0,0,0,0.7745827,0.7247755,0.6963962,0.8219787,0.846195,0.829962,0.7881919,0.8032537,0.8030252,0.8418972,0.8342448,0.7586276,0.7195909,0.6806764,0,0.8314669,1,0.9846787,0.7774107,0,0.6548584,0,0,0,0,0,0,0,0,0,0,0,0,0.8282868,0.8198147,0,0.7880735,0.9075005,0.8771955,0.8171001,0.8450454,0.8763576,0.9236177,0.8983209,0,0.8490759,0.8800303,0.9147887,0.8649052,0.8854051,1,0.7678182,0.8558803,0.7524662,0,0,0,0,0,0,0,0,0,0,0,0
0.7158986,0.6799765,0,0,0.6605926,0.6653975,0.6742671,0.7669058,0.7148349,0.7321922,0.7047821,0.6806254,0.6697969,0,0,0.8913556,1,0.9193199,0.6504683,0,0,0,0,0,0,0,0,0,0,0,0,0,0,0.7844915,0.8955173,0.9305857,0.9346606,0.9240755,0.8024847,0.8290861,0.9245892,0.9330091,0.7689034,0.7459304,0,0,0.75521,0,0.7590567,0.9924033,1,0.8086302,0,0,0,0,0,0,0,0,0,0,0,0,0,0,0.7027508,0.7247565,0.7834764,0.7932984,0.7240362,0.6838335,0.7859249,0.7337492,0.7249328,0.6760712,0,0.6186773,0,0,0.648515,0.9283677,1,0.9000309,0.6400065,0,0,0,0,0,0,0,0,0,0,0,0,0,0,0.7393433,0.8352878,0.8084072,0.8047189,0.7289357,0.7414055,0.8134272,0.7725803,0.7258874,0.7910905,0.7620078,0.6835921,0,0,0.6981922,0.8494127,1,0.9771803,0.7330528,0,0,0,0,0,0,0,0,0,0,0,0,0,0,0.8121287,0.9088939,0.9083598,0.906,0.9158936,0.9033598,0.8842912,0.794174,0.8524814,0.8205485,0.7931383,0.7408364,0.738811,0.7350818,0,0,0.9306243,1,0.8303819,0.7169639,0,0,0,0,0,0,0,0,0,0,0,0,0
0,0,0,0.7012912,0.7267543,0,0.7641404,0.8239138,0.8164504,0.8999831,0.8532893,0.7502144,0.75731,0,0,0.9238447,1,0.9299274,0,0,0,0,0,0,0,0,0,0,0,0,0,0,0,0.8441404,0.8935586,0.9086943,0.805267,0.7746007,0.9032711,0.920559,0.9097784,0,0,0.8065097,0.7984064,0,0.7765,0.8545163,0.9154886,1,0.9740962,0.8330759,0,0,0,0,0,0,0,0,0,0,0,0,0,0,0.6779872,0.6625338,0.6845113,0.7624575,0.7458965,0.7367271,0.7360476,0.7470647,0,0.7994743,0.7827093,0.7070021,0,0,0.7323418,0.948494,1,0.9154043,0.6860989,0,0,0,0,0,0,0,0,0,0,0,0,0,0,0.8001757,0.8187736,0.7148237,0.7280537,0,0.7495658,0.7694947,0.8063949,0.7423523,0.8183827,0.8465461,0.7852913,0,0,0.7145655,0.855319,1,0.9848431,0.7903064,0,0,0,0,0,0,0,0,0,0,0,0,0,0,0.8790398,0.873188,0.8174879,0.8280934,0.8398545,0.8603713,0.8746709,0.7839633,0.8071327,0,0.8054023,0.759084,0.7453349,0,0,0.7556989,0.9730433,1,0.8745921,0,0,0,0,0,0,0,0,0,0,0,0,0,0
0,0,0,0,0,0,0,0.7344736,0.8145512,0.8593823,0.8952004,0.8940328,0.8387454,0.7896828,0.7272849,0.9080781,1,0.9054484,0.6700971,0.606801,0.5974702,0,0,0,0,0,0,0,0,0,0,0,0,0,0,0.6615781,0.7339958,0.7580786,0.8188124,0.8498569,0.844152,0.8433592,0.8685854,0.8716746,0.8956652,0.8381954,0.7558109,0.6947237,0.8424101,1,0.9824796,0.7171401,0,0,0,0,0,0,0,0,0,0,0,0,0,0,0,0.5466214,0.5776567,0,0.6300175,0.6085969,0,0.6355938,0.6863205,0.7432151,0.8352335,0.8071544,0.6769828,0.7302212,0.7111846,0.9239491,1,0.8962751,0.665154,0.6462466,0.5776837,0,0,0,0,0,0,0,0,0,0,0,0,0,0.5885055,0,0.5841088,0.6475242,0.7222322,0.7839146,0.7669032,0.7198437,0,0.7740673,0.8479872,0.8521371,0.7461152,0.7659079,0.7947884,1,0.9720441,0,0.6342427,0.6302444,0.5803733,0,0,0,0,0,0,0,0,0,0,0,0.6232206,0.6233717,0,0.6750255,0.7955049,0.8571426,0.8514053,0.8375105,0.8416176,0.751326,0.7946274,0.7649854,0.7592117,0.8139637,0.7642251,0.7813902,0.9080222,1,0.8883191,0,0,0,0,0,0,0,0,0,0,0,0,0,0
0,0,0,0,0,0,0,0,0,0,0,0.6388467,0.7045906,0.6977406,0.6407952,0.9037689,1,0.9168473,0,0,0,0,0,0,0,0,0,0,0,0,0,0,0,0,0,0,0,0,0,0,0,0,0,0,0.7117776,0.7415037,0.7887061,0.8582639,0.7968587,1,0.9711778,0,0,0,0,0,0,0,0,0,0,0,0,0,0,0,0,0,0,0,0,0,0,0,0.6619653,0.6778977,0.6377438,0.6371593,0.6157782,0.7287306,0.6932752,0.9232457,1,0.9050168,0,0,0,0,0,0,0,0,0,0,0,0,0,0,0,0,0,0,0,0,0,0,0,0,0,0,0.6559191,0.8006607,0.8401752,0.770038,0.8672007,1,0.9761882,0.7422451,0,0,0,0,0,0,0,0,0,0,0,0,0,0,0,0,0,0,0,0,0,0,0,0,0,0.7732996,0.8715044,0.9244742,0.9013782,0.8489927,0.9306477,1,0.8892123,0,0,0,0,0,0,0,0,0,0,0,0,0,0
