GestureName: p
Duration(ms): 1034
Handedness: right

SpeakerAngles: 5
55
-55
0
0
110

SpeakerElevations: 5
-10
-10
-10
0
30

InterpretedPoints: 22
0,0,0
-1.6134145682232,-0.984807753012208,0.17364817766693
0,-0.984807753012208,0.17364817766693
0,0,0
0,0,0
0,0,0
0,1.96961550602442,-0.347296355333861
-1.6134145682232,6.2442578388667,-0.868240888334652
5.71076456392117,22.2504791729814,0.332443735993671
13.7991085967505,26.0564723391942,1.31149920299288
13.7849278022749,28.4735668207557,0.13785102532595
11.336444360989,7.16204221569269,2.30540728933228
0.00709039723777527,-20.4185323868991,3.45201902033782
-3.21973873920862,-27.6020212378147,5.01485261934019
-2.41303145509702,-28.1972682532539,4.84120444167326
-4.01935562608244,-30.6235770376984,4.9939080863394
-1.60632417098542,-8.81548391322627,1.19459271066772
0.0283615889511002,-2.03987524098906,1.82635182233307
-0.764164900684948,-0.937683942050234,2.30540728933228
1.65595695164985,6.42149230154718,1.61081457866456
8.15215760796929,13.8581768500822,3.39527733499604
1.6417761571743,2.92974026503536,1.47905546699921

StrokePoints: 23
0,0,0
0,0,0
-1.6134145682232,-0.984807753012208,0.17364817766693
-1.6134145682232,-1.96961550602442,0.347296355333861
-1.6134145682232,-1.96961550602442,0.347296355333861
-1.6134145682232,-1.96961550602442,0.347296355333861
-1.6134145682232,-1.96961550602442,0.347296355333861
-1.6134145682232,0,0
-3.2268291364464,6.2442578388667,-0.868240888334652
2.48393542747477,28.4947370118481,-0.535797152340981
16.2830440242253,54.5512093510424,0.775702050651899
30.0679718265002,83.024776171798,0.913553075977849
41.4044161874892,90.1868183874907,3.21896036531013
41.411506584727,69.7682860005916,6.67097938564794
38.1917678455184,42.1662647627769,11.6858320049881
35.7787363904213,13.968996509523,16.5270364466614
31.7593807643389,-16.6545805281754,21.5209445330008
30.1530565933535,-25.4700644414016,22.7155372436685
30.1814181823046,-27.5099396823907,24.5418890660016
29.4172532816196,-28.4476236244409,26.8472963553339
31.0732102332695,-22.0261313228938,28.4581109339984
39.2253678412388,-8.16795447281159,31.8533882689945
40.8671439984131,-5.23821420777623,33.3324437359937

Velocities: 22
0,0,0
-1,1,-1
0,0,-1
0,0,0
0,0,0
0,0,0
0,0,2
1,3,1
7,9,8
12,7,8
12,5,11
4,-4,4
-6,-5,-6
-10,-5,-11
-10,-6,-9
-9,-2,-12
-2,1,-3
-1,3,-1
-1,6,-1
0,4,4
3,5,7
0,2,1

InverseVelocities: 22
0,0,0
0,0,0
0,0,0
0,0,0
0,0,0
0,0,0
0,0,0
0,0,0
0,0,0
0,-1,0
0,0,-1
-4,0,-5
0,0,0
0,0,0
0,2,1
1,1,4
0,0,0
0,0,0
1,0,5
0,0,0
-2,-6,-5
0,-6,-3

RawData: 22
0,0,0,0,0,0,0,0,0,0,0,0,0,0,0,0.9563178,1,0.7494398,0.6490709,0,0,0,0,0,0,0,0,0,0,0,0,0,0,0,0,0,0,0,0,0,0,0,0,0,0,0,0,0,0.832176,1,0.9844019,0.7645483,0,0,0,0,0,0,0,0,0,0,0,0,0,0,0,0,0,0,0,0,0,0,0,0,0,0,0,0.5767252,0.5822811,0.9409268,1,0.8588203,0,0,0,0,0,0,0,0,0,0,0,0,0,0,0,0,0,0,0,0,0,0,0,0,0,0,0,0,0,0.5976568,0.851034,1,0.9721391,0.7272574,0,0,0,0,0,0,0,0,0,0,0,0,0,0,0,0,0,0,0,0,0,0,0,0,0,0,0,0,0,0.7897198,0.9855658,1,0.8360839,0,0,0,0,0,0,0,0,0,0,0,0,0,0
0,0,0,0,0,0,0,0,0,0,0,0,0.5700601,0.5759162,0,0.9058035,1,0.9325267,0.6863325,0,0,0,0,0,0,0,0,0,0,0,0,0,0,0,0,0,0,0,0,0,0,0,0,0,0,0,0.5626251,0.595567,0.8457846,1,0.977582,0.7731407,0.5952078,0.5605472,0,0,0,0,0,0,0,0,0,0,0,0,0,0,0,0,0,0,0,0,0,0,0,0,0.6108808,0.5383362,0.6614683,0.9413585,1,0.8994063,0.5885242,0.5489779,0,0,0,0,0,0,0,0,0,0,0,0,0,0,0,0,0,0,0,0,0,0,0,0,0,0,0,0,0.917206,1,0.8600539,0.8368359,0,0,0,0,0,0,0,0,0,0,0,0,0,0,0,0,0,0,0,0,0,0,0,0,0,0,0,0.572872,0.5942835,0.7634426,0.9817771,1,0.8425629,0,0,0,0,0,0,0,0,0,0,0,0,0,0
0,0,0,0,0,0,0,0,0,0,0,0,0,0,0,0.9125171,1,0.9094114,0.7279456,0,0,0,0,0,0,0,0,0,0,0,0,0,0,0,0,0,0,0,0,0,0,0,0,0,0,0,0,0,0.8442153,1,0.9684173,0.7338457,0,0,0,0,0,0,0,0,0,0,0,0,0,0,0,0,0,0,0,0,0,0,0,0,0,0,0.6990364,0.6815455,0.7251436,0.9380739,1,0.8885972,0.7408363,0,0,0,0,0,0,0,0,0,0,0,0,0,0,0,0,0,0,0,0,0,0,0,0,0,0,0,0,0,0.898301,1,0.9587489,0.7542787,0,0,0,0,0,0,0,0,0,0,0,0,0,0,0,0,0,0,0,0,0,0,0,0,0,0,0,0.6675716,0,0.7485669,0.9765747,1,0.830497,0.7096886,0,0,0,0,0,0,0,0,0,0,0,0,0
0,0,0,0,0,0,0,0,0,0,0,0,0,0,0,0.9074276,1,0.924713,0,0,0,0,0,0,0,0,0,0,0,0,0,0,0,0,0,0,0,0,0,0,0,0,0,0,0,0,0,0,0.8168797,1,0.9908502,0.7929397,0,0,0,0,0,0,0,0,0,0,0,0,0,0,0,0,0,0,0,0,0,0,0,0,0,0,0,0,0,0.9330696,1,0.9025959,0,0,0,0,0,0,0,0,0,0,0,0,0,0,0,0,0,0,0,0,0,0,0,0,0,0,0,0,0,0,0.8589056,1,0.9743454,0.7856668,0,0,0,0,0,0,0,0,0,0,0,0,0,0,0,0,0,0,0,0,0,0,0,0,0,0,0,0,0,0.6718482,0.9575105,1,0.8856142,0,0,0,0,0,0,0,0,0,0,0,0,0,0
0,0,0,0,0,0,0,0,0,0,0,0,0,0,0,0.9089554,1,0.9273849,0.6238219,0,0,0,0,0,0,0,0,0,0,0,0,0,0,0,0,0,0,0,0,0,0,0,0,0,0,0,0,0,0,0.988256,1,0.7917831,0,0,0,0,0,0,0,0,0,0,0,0,0,0,0,0,0,0,0,0,0,0,0,0,0,0,0,0,0.6809838,0.9224113,1,0.9106096,0,0,0,0,0,0,0,0,0,0,0,0,0,0,0,0,0,0,0,0,0,0,0,0,0,0,0,0,0,0.6825833,0.8763424,1,0.9359978,0.7479156,0,0,0,0,0,0,0,0,0,0,0,0,0,0,0,0,0,0,0,0,0,0,0,0,0,0,0,0,0,0.7993446,0.9225845,1,0.9069383,0,0,0,0,0,0,0,0,0,0,0,0,0,0
0,0,0,0,0,0,0,0,0,0,0,0,0,0,0,0.9194295,1,0.8952393,0,0,0,0,0,0,0,0,0,0,0,0,0,0,0,0,0,0,0,0,0,0,0,0,0,0,0,0,0,0.6889687,0.8199102,1,0.9944078,0.7791874,0,0,0,0,0,0,0,0,0,0,0,0,0,0,0,0,0,0,0,0,0,0,0,0,0,0,0,0.6626897,0.6848505,0.9343129,1,0.8960209,0.7064289,0,0,0,0,0,0,0,0,0,0,0,0,0,0,0,0,0,0,0,0,0,0,0,0,0,0,0,0,0,0.7975761,1,0.9866112,0.753021,0,0,0,0,0,0,0,0,0,0,0,0,0,0,0,0,0,0,0,0,0,0,0,0,0,0,0,0,0,0.7331764,0.9430237,1,0.9027014,0,0,0,0,0,0,0,0,0,0,0,0,0,0
0,0,0,0,0,0,0,0,0,0,0,0,0,0.6083747,0.6248611,0.9195223,1,0.9035731,0.7912481,0.6108622,0,0,0,0,0,0,0,0,0,0,0,0,0,0,0,0,0,0,0,0,0,0,0,0,0,0,0,0.5993496,0.8016798,0.9923186,1,0.8452953,0.6057617,0,0,0,0,0,0,0,0,0,0,0,0,0,0,0,0,0,0,0,0,0,0,0,0,0,0,0,0.6489068,0.936481,1,0.9259203,0.769729,0.6024124,0.6032558,0.5825127,0,0,0,0,0,0,0,0,0,0,0,0,0,0,0,0,0,0,0,0,0,0,0,0,0,0.5907446,0.7353643,0.9766573,1,0.8674022,0.708925,0,0,0,0,0,0,0,0,0,0,0,0,0,0,0,0,0,0,0,0,0,0,0,0,0,0,0,0,0.7339178,0.9727725,1,0.9201383,0.6599414,0,0,0,0,0,0,0,0,0,0,0,0,0
0,0,0,0,0,0,0,0,0,0,0,0,0,0,0,0.9033533,1,0.9471373,0.8200833,0.7594955,0.7433239,0,0,0,0,0,0,0,0,0,0,0,0,0,0,0,0,0,0,0,0,0,0,0,0,0,0,0,0.7679476,0.9896492,1,0.9099251,0.9100855,0.8616859,0.8295006,0.7830677,0,0,0,0,0,0,0,0,0,0,0,0,0,0,0,0,0,0,0,0,0,0,0,0,0,0.9488381,1,0.900768,0.8445483,0.9033087,0.8537578,0,0,0,0,0,0,0,0,0,0,0,0,0,0,0,0,0,0,0,0,0,0,0,0,0,0,0,0.8344226,1,0.9965902,0.8521351,0.8828979,0.8829128,0.8395568,0.7627888,0,0,0,0,0,0,0,0,0,0,0,0,0,0,0,0,0,0,0,0,0,0,0,0,0,0,0.974496,1,0.9231124,0.8320967,0,0,0,0,0,0,0,0,0,0,0,0,0
0,0,0,0,0,0,0,0,0,0,0,0,0,0,0,0.9034173,1,0.9067066,0.6504114,0,0.737116,0.8589393,0.8741031,0.7674735,0.8090186,0.8344495,0.7464082,0,0,0,0,0,0,0,0,0,0,0,0,0,0,0,0,0,0,0,0,0,0.6883315,0.9788793,1,0.9784359,0.9242568,0.9446969,0.7109694,0.8850435,0.8270508,0.7347358,0.6097131,0,0.6072864,0.6440483,0,0,0,0,0,0,0,0,0,0,0,0,0,0,0,0,0,0.5510367,0.6185585,0.9231114,1,0.8885197,0.8055288,0.8268279,0.7461128,0.7849994,0.7551561,0.7361257,0.7270054,0.6996148,0.6525883,0.6237768,0,0,0,0,0,0,0,0,0,0,0,0,0,0,0,0,0,0,0.6663639,0.6927705,0.8536997,1,0.9491668,0.8839248,0.8837271,0.8749867,0.7282318,0.8412409,0.7873462,0.7178328,0.6905195,0.7222982,0.6405956,0,0,0,0,0,0,0,0,0,0,0,0,0,0,0,0,0,0,0.6415616,0.7474508,0.7695965,0.8626639,0.9836499,1,0.9540597,0.9136814,0.8450541,0.8820294,0.8468279,0.7233986,0.727715,0.791529,0.7971947,0.7145076,0,0,0,0
0,0,0,0,0,0,0,0,0,0,0,0,0,0,0,0.8982067,1,0.9023823,0.5968031,0.6159982,0.6594014,0.7128934,0,0.7537675,0.8575071,0.8455867,0.7223957,0.7408333,0.8000256,0.7352179,0.685571,0.6266721,0,0,0,0,0,0,0,0,0,0,0,0,0,0.661487,0.7712765,0.7779464,0.9199488,1,0.7713271,0.988367,0.9714453,0.641582,0.9464929,0.7961674,0.6471499,0.7312007,0.7688506,0.6788226,0,0,0,0,0,0,0,0,0,0,0,0,0,0,0,0,0,0,0,0,0.6206288,0.9131284,1,0.8914388,0.8001301,0.7411782,0.6519166,0.7008569,0,0.6927776,0.6756664,0.7480108,0.6948445,0.6766892,0,0,0,0,0,0,0,0,0,0,0,0,0,0,0,0,0,0,0.6337394,0.6120375,0.8387591,1,0.9855589,0.8476905,0.8092015,0.6633115,0.8049551,0.8021852,0.7586352,0.6694921,0.8280656,0.7657014,0,0.6857556,0.6453606,0.6373652,0,0.5692381,0,0,0,0,0,0,0,0,0,0,0,0,0,0,0,0.827895,0.8287444,0.7172184,0.9235066,0.9929071,1,0.8309172,0.9323584,0.7699788,0,0.8704426,0.9045943,0.715131,0.8489321,0.8209934,0.7843395,0.812019,0.7951918
0,0,0,0,0,0,0,0,0,0,0,0,0,0,0,0.8878003,1,0.9270059,0.7982555,0.7692524,0.7581248,0.8274204,0.8599669,0.8248889,0.7790404,0.7324977,0.7404812,0.7749718,0.798629,0.7610351,0.7190763,0.6993478,0,0,0,0,0,0,0,0,0,0,0,0,0,0,0.8052355,0.9034457,0.9183323,1,0.9926207,0.8424741,0.8810541,0.9021524,0.8980172,0.838486,0.7599158,0.8206197,0,0,0,0,0,0,0,0,0,0,0,0,0,0,0,0,0,0,0,0,0.6996984,0.7267299,0.7302804,0.9469301,1,0.8610221,0.7816352,0.7067322,0.759399,0.8305939,0.7998959,0.7888398,0.7828073,0.6957436,0.7235104,0.7709078,0.7440016,0.6811721,0.6859921,0,0,0,0,0,0,0,0,0,0,0,0,0,0.7393257,0.7382481,0.7261523,0.7209864,0.7691837,1,0.9762927,0.8178271,0.7885471,0.8274533,0.782547,0.8424931,0.8496222,0.8089356,0.8096246,0.807093,0.8045642,0.803219,0.7620928,0.7436218,0,0,0,0,0,0,0,0,0,0,0,0.8221034,0.8617437,0.8719501,0.8540115,0.8653485,0.9339658,0.9159872,0.968903,1,0.932161,0.9396821,0.7777622,0.8691262,0.8865555,0.8466836,0.9077507,0.8716908,0,0.8487661,0.890628,0.8232819,0,0,0
0,0,0,0,0,0,0,0,0,0.7031302,0.6870545,0,0.7493403,0.7713822,0.8198581,0.9374462,1,0.9093724,0.8673987,0.8923333,0.9050258,0.9014738,0.8537788,0.7716461,0,0,0,0,0,0,0,0,0,0,0,0,0,0,0,0,0,0,0.8634432,0.8939801,0,0,0,0,0.846042,0.9916902,1,0.8325202,0,0,0,0,0,0,0,0,0,0,0,0,0,0,0,0,0,0,0,0,0,0,0.7488064,0.7443271,0,0.7756582,0.6896878,0,0.7736465,0.9573402,1,0.9186574,0.8704133,0.8776753,0.8993979,0.8870031,0.8478516,0.7779427,0,0,0,0,0,0,0,0,0,0,0,0,0,0,0,0,0.7136487,0.7986093,0.8227774,0.7686424,0,0.7185229,0.8091173,0.7863765,0,0.9674243,1,0.9258322,0.851875,0.9208986,0.9351718,0.9043456,0.8385193,0.7620699,0,0,0,0,0,0,0,0,0,0,0,0,0,0,0,0.7912093,0.8541566,0.8800566,0.8256971,0,0,0.7468374,0.871013,0.8481885,0.9431497,1,0.9435473,0.8856243,0.9448829,0.9606777,0.9297142,0.8642583,0.8325744,0.799359,0,0,0,0,0,0,0
0,0,0,0,0,0,0,0.7751184,0.8269221,0.8501331,0.9260972,0.9244754,0.8736436,0,0.8655694,0.9370869,1,0.8554302,0.8265117,0,0,0,0,0,0,0,0,0,0,0,0,0,0,0,0,0,0,0,0,0,0,0.8370869,0.8693461,0.8924744,0.846859,0,0.875805,0.8839524,0.9229801,1,0.9680462,0,0,0,0,0,0,0,0,0,0,0,0,0,0,0,0,0,0,0,0,0,0,0.7493426,0.7696334,0.8609278,0.8968518,0.8979882,0.8763419,0.8372623,0.7981555,0.9047071,1,0.9316545,0.811426,0.7459961,0,0,0,0,0,0,0,0,0,0,0,0,0,0,0,0,0,0,0.7429184,0.7554511,0.8064901,0.8108716,0.8836629,0.9284146,0.9374152,0.9182035,0.9188769,0.8698253,0.888629,1,0.9096481,0.8455825,0.7870737,0,0,0,0,0,0,0,0,0,0,0,0,0,0,0,0,0,0.7552877,0.7655569,0,0.8157546,0.8794996,0.8779066,0.9031152,0.9162158,0.8282585,0.8840269,0.9208969,0.867536,1,0.9999285,0.8158546,0.8295648,0.7896078,0,0,0,0,0,0,0,0,0,0,0,0
0,0,0,0.7198011,0.7846471,0.803423,0.8186235,0.7366874,0.7994993,0.8384193,0.7882547,0.8517277,0.8400843,0.8473604,0.7363036,0.9137114,1,0.8808317,0,0,0,0,0,0,0,0,0,0,0,0,0,0,0,0,0,0,0,0,0,0,0,0.8711175,0.8895821,0.8673833,0,0.9377068,0.9866669,0,0.9238345,0.9668927,1,0,0,0,0,0,0,0,0,0,0,0,0,0,0,0,0,0,0.7029989,0.753864,0.6951468,0,0.7263395,0.777236,0.7449815,0.7079945,0.7256734,0.7960231,0.750983,0.8555879,0.7772784,0.9596292,1,0.8705018,0,0,0,0,0,0,0,0,0,0,0,0,0,0,0,0,0,0,0,0,0.767651,0.7683483,0.7531165,0.8094594,0.8314374,0.8616326,0.8965317,0.9109752,0.8825843,0.7446382,0.8785044,1,0.9593112,0.770831,0,0,0,0,0,0,0,0,0,0,0,0,0,0,0,0,0,0,0,0.7318666,0.8090085,0,0.7886038,0.8056359,0.7742242,0.85166,0.9386237,0.9354513,0.8487461,0.8149819,0.9532472,1,0.851443,0.7406361,0.7259633,0,0,0,0,0,0,0,0,0,0,0,0
0,0,0,0.6770281,0.7200031,0.7706558,0,0.7052703,0.8417714,0.8500603,0.7019244,0.8049983,0.7356247,0.7230446,0.6139002,0.9252958,1,0.9030645,0.6244646,0,0,0,0,0,0,0,0,0,0,0,0,0,0,0,0,0,0,0,0,0,0.7021847,0.7502493,0.7610458,0.6989466,0.7790732,0.8401642,0.9031837,0.8430875,0.8803114,1,0.9856451,0.8099809,0.6632816,0.6691341,0.6653516,0,0,0,0,0,0,0,0,0,0,0,0,0,0,0,0.7085909,0.6914396,0.683911,0.811992,0.8460006,0.8543208,0.8282648,0.7435735,0.7045928,0.7940442,0.5867175,0.9456478,1,0.8629896,0.6838689,0.6098936,0.5916829,0,0,0,0,0,0,0,0,0,0,0,0,0,0,0,0.6914966,0.6901888,0,0.7521746,0.8945649,0.9350111,0.9178637,0.9416253,0.8295172,0.7168672,0,0.6982132,0.8968775,1,0.93674,0.6435778,0,0,0,0,0,0,0,0,0,0,0,0,0,0,0,0.6822952,0.7214314,0.6630918,0,0,0.6953481,0.8345802,0.854053,0.8577192,0.7712222,0.8031171,0.827113,0.7212611,0.6656769,0.8055966,0.9629316,1,0.8095785,0.7397344,0.6805182,0,0,0,0,0,0,0,0,0,0,0,0
0,0,0,0,0.6915886,0.7336029,0.7021413,0.7524392,0.7007041,0,0.7345089,0.743821,0.6860226,0.7489319,0.6567741,0.9367992,1,0.8992411,0.6477674,0.6255695,0.5977802,0,0,0,0,0,0,0,0,0,0,0,0,0,0,0,0,0,0,0,0,0,0,0,0.6791793,0,0.7952273,0.871482,0.9040216,1,0.9826844,0.7991908,0,0.6950314,0,0,0,0,0,0,0,0,0,0,0,0,0,0.5774986,0.5820452,0.647841,0.6931742,0.688452,0.6522706,0.71331,0.6848637,0.7277104,0.8184999,0.8095163,0.7682744,0.7235364,0.8043736,0.9546204,1,0.8867031,0.6317159,0.6258752,0.5957856,0,0.5511949,0.5592273,0,0,0,0,0,0,0,0,0,0.5775878,0.5922274,0.6157547,0.5955549,0.6671184,0.674983,0.6860908,0.8386938,0.7810146,0.7839304,0.9015861,0.9037099,0.8132554,0.7317998,0.8067513,0.8960211,1,0.9331167,0.6859342,0.7094107,0.5844693,0,0,0,0,0,0,0,0,0,0,0,0,0,0,0,0.6439521,0.6480241,0.6508942,0.749909,0.843187,0.79508,0.807622,0.9257464,0.9879665,0.9391571,0.8514045,0.8938692,0.7714034,0.9695196,1,0.8493403,0.811239,0.760111,0.6362089,0,0,0,0,0,0,0,0,0,0,0
0,0,0,0,0,0,0,0,0,0,0,0.7737746,0.7961341,0.866429,0.7947244,0.9125273,1,0.9064019,0.7273916,0,0,0,0,0,0,0,0,0,0,0,0,0,0,0,0,0,0,0,0,0,0,0,0,0,0,0,0,0.7821547,0.8872652,1,0.9925205,0.8153194,0.7334913,0.792591,0,0,0,0,0,0,0,0,0,0,0,0,0,0,0,0,0,0,0,0,0,0,0.6940919,0.8082425,0.8699821,0.8310637,0.8385731,0.9532719,1,0.9012529,0.7539381,0,0,0,0,0,0,0,0,0,0,0,0,0,0,0,0,0,0,0,0,0,0,0.7052572,0.7195244,0,0.7973514,0.887844,0.8848047,0.7168485,0.9194244,1,0.9628994,0.8080504,0.7305673,0,0,0,0,0,0,0,0,0,0,0,0,0,0,0,0,0,0,0,0,0,0,0,0,0.8079334,0.904844,1,0.9675114,0.8818807,0.9349803,0.9466321,0.9884552,0.7958757,0.8450186,0,0,0,0,0,0,0,0,0,0,0,0
0,0,0,0,0,0,0,0,0,0,0,0,0.728435,0.8764287,0.8583506,0.9263706,1,0.9036137,0,0,0,0,0,0,0,0,0,0,0,0,0,0,0,0,0,0,0,0,0,0,0,0,0,0,0,0,0,0.7332858,0,0.8646212,1,0.9647981,0.9013304,0.8957596,0.7928689,0.787396,0,0,0,0,0,0,0,0,0,0,0,0,0,0,0,0,0,0,0,0,0,0,0.7984358,0.9021208,0.8529559,0.9485179,1,0.9166318,0.7492532,0.6772185,0,0,0,0,0,0,0,0,0,0,0,0,0,0,0,0,0,0,0,0,0,0,0,0,0,0.7741202,0.9032612,0.9080966,0.8907025,1,0.9442171,0.8063236,0.8061,0.7789959,0.7179898,0,0,0,0,0,0,0,0,0,0,0,0,0,0,0,0,0,0,0,0,0,0,0,0.760904,0.9036465,0.9478903,0.8541899,0.9117433,0.9883881,1,0.9696217,0.9134826,0.909912,0.8846431,0.8052078,0,0,0,0,0,0,0,0,0
0,0,0,0,0,0,0,0,0,0,0,0,0.8196797,0.8672817,0.8235296,0.9430588,1,0.9372431,0.8554168,0.8115976,0.7117337,0,0,0,0,0,0,0,0,0,0,0,0,0,0,0,0,0,0,0,0,0,0,0,0,0,0,0.7645299,0.8121474,0.8068429,0.895254,0.9786016,1,0.9285218,0.8063328,0.8687609,0.7960609,0.8454052,0.7639694,0,0,0,0,0,0,0,0,0,0,0,0,0,0,0,0,0,0,0,0.7847686,0.8604968,0.8235292,0.9673169,1,0.889358,0.8702955,0.8579982,0.7944525,0.758453,0.7651303,0.7375679,0.6949587,0,0,0,0,0,0,0,0,0,0,0,0,0,0,0,0,0,0,0,0,0.7313955,0.8697562,0.876264,0.8711828,1,0.9679117,0.8129339,0.780097,0.7924964,0.7846465,0.7632047,0.7687134,0,0,0,0,0,0,0,0,0,0,0,0,0,0,0,0,0,0,0,0,0,0.7772117,0.876702,0.8986988,0,0.955879,1,0.9729178,0.9924567,0.935448,0.8636916,0.8760038,0.8622321,0.8765454,0.8187355,0,0,0,0,0,0,0
0,0,0,0,0,0,0,0,0,0,0,0,0,0.8451322,0.8863711,0.9710667,1,0.9069318,0.8139412,0.8140714,0,0,0,0,0,0,0,0,0,0,0,0,0,0,0,0,0,0,0,0,0,0,0,0,0,0,0,0,0.9299876,1,0.953046,0.9117824,0.9402982,0.9327123,0.8550667,0,0.875733,0,0,0,0,0,0,0,0,0,0,0,0,0,0,0,0,0,0,0,0,0,0,0.7470989,0.8488537,0.9523391,1,0.9040628,0.7611203,0.7939066,0.7915215,0,0.7760403,0.7672955,0,0,0,0,0,0,0,0,0,0,0,0,0,0,0,0,0,0,0,0,0,0,0.801656,0,0.9049845,1,0.9666049,0.8384752,0.8277634,0.7889243,0.7682101,0,0,0,0,0,0,0,0,0,0,0,0,0,0,0,0,0,0,0,0,0,0,0,0,0.8713691,0,0.8167086,0.9900047,1,0,0.8867399,0.8635031,0.9353754,0,0.8980782,0.9032183,0.8496149,0,0,0,0,0,0,0
0,0,0,0,0,0,0,0,0,0,0,0.7246602,0.7724448,0.761068,0.7481191,0.9242251,1,0.8938408,0.7842426,0.7625626,0.7224032,0.6495447,0.6873184,0,0,0,0,0,0,0,0,0,0,0,0,0,0,0,0,0,0.7387989,0.75891,0.7991834,0.8431014,0.8571895,0.868735,0.8069467,0.7717608,0.7697132,1,0.8840472,0.9619048,0.8871803,0.8516331,0.8584749,0,0.742547,0.8016142,0,0,0,0,0,0,0,0,0,0,0,0,0,0,0,0,0.6267895,0.6354993,0.7115782,0.75419,0.7273312,0.6404336,0.8253873,0.9639302,1,0.8979693,0.6879891,0.743586,0.7144926,0.6449512,0.6828673,0.6810126,0,0.6130497,0.631229,0,0,0,0,0,0,0,0,0,0,0,0,0,0,0,0,0,0.6963131,0.772284,0.8163264,0.7984101,0.8720123,1,0.9695168,0.8191667,0.6795676,0,0.6942181,0.7201429,0.7127755,0.709051,0.652663,0,0,0,0,0,0,0,0,0,0,0,0,0,0,0,0.6924758,0.7302735,0.7540686,0,0.7863193,0.8299314,0.8143623,0.8416638,0.9714164,1,0.8631707,0.6770887,0.8393762,0.8801417,0.8657349,0.7883077,0.7366221,0.759311,0.7295028,0.6931509,0.6780996,0,0.6918309,0.6923771,0
0,0,0,0,0,0,0,0,0,0,0,0,0,0,0,0.9225219,1,0.8773701,0.7357265,0.7001413,0,0,0,0,0,0,0,0,0,0,0,0,0,0,0,0,0,0,0,0,0.743183,0.7956902,0,0.8260792,0.7973893,0.8191555,0,0.7960324,0.8781537,1,0.9618561,0.8345506,0.9075931,0.7856826,0.7552635,0,0,0,0,0,0,0,0,0,0,0,0,0,0,0,0,0,0,0,0,0,0.6875785,0,0,0,0,0.9482118,1,0.8478755,0.8070599,0.756647,0.6830359,0,0,0,0,0,0,0,0,0,0,0,0,0,0,0,0,0,0,0,0,0,0,0,0,0,0.6997326,0,0.8534861,1,0.9448314,0.7255497,0,0,0.7090057,0,0,0,0,0,0,0,0,0,0,0,0,0,0,0,0,0,0,0,0,0,0.7595918,0.7055778,0,0.7748539,0.7936723,0.7847509,0.9774045,1,0.7976841,0.809516,0,0,0,0.7382637,0,0,0,0,0,0,0,0,0
