GestureName: rectangle
Duration(ms): 1410
Handedness: right

SpeakerAngles: 5
55
-55
0
0
110

SpeakerElevations: 5
-10
-10
-10
0
30

InterpretedPoints: 30
0,0,0
0,0,0
0,0,0
0,0,0
0,0,0
0,0,0
0,0,0
0,0,0
0,0,0
0.806707284111599,-0.564862521463624,0.17364817766693
-2.45557383852367,-12.9619482731399,-0.242573690329905
-2.46266423576145,-14.2306126618775,-0.568925512662975
-3.26937151987305,-9.55121734447443,-1.2635182233307
-0.813797681349374,-5.93286745915289,0.541889066001582
-0.813797681349374,1.31139037971382,-0.32635182233307
4.84733410190737,7.61226277655597,-1.2364817766693
5.65404138601897,8.93286745915289,-0.541889066001582
4.05480761227132,4.22593839776138,0.979055466999209
0.813797681349374,-0.296198132726024,0.5
4.05480761227132,4.21074615077359,0.805407289332278
3.2551907253975,10.3037231468293,0.263518223330697
5.68949337220784,14.2306126618775,0.568925512662975
6.50329105355721,12.8046894862242,1.41622186799684
4.05480761227132,2.24113064474918,1.15270364466614
3.2551907253975,-1.1847925309041,2
0.0283615889511002,7.0746575549504,1.30540728933228
-5.59022781087899,-1.71356905841782,4.86824088833465
-5.63277019430564,-12.4097036928073,3.77837084267089
-7.29581754319326,-13.8170309832249,-0.416221867996835
-4.86151489638292,-6.76041642524942,-0.458110933998418

StrokePoints: 31
0,0,0
0,0,0
0,0,0
0,0,0
0,0,0
0,0,0
0,0,0
0,0,0
0,0,0
0,0,0
0.806707284111599,-0.564862521463624,0.17364817766693
-1.64886655441207,-13.5268107946035,-0.0689255126629746
-4.11153079017352,-27.757423456481,-0.63785102532595
-7.38090231004656,-37.3086408009555,-1.90136924865665
-8.19469999139594,-43.2415082601084,-1.35948018265506
-9.00849767274531,-41.9301178803945,-1.68583200498813
-4.16116357083795,-34.3178551038386,-2.92231378165744
1.49287781518102,-25.3849876446857,-3.46420284765902
5.54768542745234,-21.1590492469243,-2.48514738065981
6.36148310880171,-21.4552473796503,-1.98514738065981
10.416290721073,-17.2445012288767,-1.17974009132753
13.6714814464705,-6.94077808204743,-0.916221867996835
19.3609748186784,7.28983457983007,-0.34729635533386
25.8642658722356,20.0945240660543,1.06892551266298
29.9190734845069,22.3356547108035,2.22162915732911
33.1742642099044,21.1508621798994,4.22162915732911
33.2026257988555,28.2255197348498,5.52703644666139
27.6123979879765,26.511950676432,10.395277334996
21.9796277936709,14.1022469836247,14.1736481776669
14.6838102504776,0.285216000399824,13.7574263096701
9.82229535409469,-6.4752004248496,13.2993153756717

Velocities: 30
0,0,0
0,0,0
0,0,0
0,0,0
0,0,0
0,0,0
0,0,0
0,0,0
0,0,0
0,-1,0
-3,-5,-5
-3,-6,-5
-2,-4,-4
-2,-2,-2
0,0,-1
6,1,3
5,-1,2
2,0,1
0,0,0
2,0,2
4,4,2
5,4,5
4,3,5
2,0,0
0,0,0
0,4,0
-7,8,-6
-8,1,-9
-5,-1,-6
-3,0,-3

InverseVelocities: 30
0,0,0
0,0,0
0,0,0
0,0,0
0,0,0
0,0,0
0,0,0
0,0,0
0,0,0
0,0,0
0,0,0
0,0,0
0,0,0
0,0,0
0,0,2
0,0,0
0,0,-1
0,0,0
0,0,0
0,0,0
0,0,0
0,0,0
0,0,0
0,0,0
0,0,0
0,0,0
0,0,1
0,-3,1
0,0,0
0,0,0

RawData: 30
0,0,0,0,0,0,0,0,0,0,0,0,0,0,0,0.902217,1,0.8715717,0,0,0,0,0,0,0,0,0,0,0,0,0,0,0,0,0,0,0,0,0,0,0,0,0,0,0,0,0,0,0.7820134,1,0.9882954,0.7751069,0,0,0,0,0,0,0,0,0,0,0,0,0,0,0,0,0,0,0,0,0,0,0,0,0,0,0,0,0,0.918608,1,0.8659249,0,0,0,0,0,0,0,0,0,0,0,0,0,0,0,0,0,0,0,0,0,0,0,0,0,0,0,0,0,0,0.800396,1,0.9639425,0,0,0,0,0,0,0,0,0,0,0,0,0,0,0,0,0,0,0,0,0,0,0,0,0,0,0,0,0,0,0,0.945716,1,0.8219566,0,0,0,0,0,0,0,0,0,0,0,0,0,0
0,0,0,0,0,0,0,0,0,0,0,0,0,0,0,0,1,0,0,0,0,0,0,0,0,0,0,0,0,0,0,0,0,0,0,0,0,0,0,0,0,0,0,0,0,0,0,0,0,0,0,0,0,0,0,0,0,0,0,0,0,0,0,0,0,0,0,0,0,0,0,0,0,0,0,0,0,0,0,0,0,0.9448048,1,0,0,0,0,0,0,0,0,0,0,0,0,0,0,0,0,0,0,0,0,0,0,0,0,0,0,0,0,0,0,0,0,1,0.9408865,0,0,0,0,0,0,0,0,0,0,0,0,0,0,0,0,0,0,0,0,0,0,0,0,0,0,0,0,0,0,0,0.9824224,1,0,0,0,0,0,0,0,0,0,0,0,0,0,0,0
0,0,0,0,0,0,0,0,0,0,0,0,0,0,0,0,1,0,0,0,0,0,0,0,0,0,0,0,0,0,0,0,0,0,0,0,0,0,0,0,0,0,0,0,0,0,0,0,0,0,0,0,0,0,0,0,0,0,0,0,0,0,0,0,0,0,0,0,0,0,0,0,0,0,0,0,0,0,0,0,0,0.9592034,1,0,0,0,0,0,0,0,0,0,0,0,0,0,0,0,0,0,0,0,0,0,0,0,0,0,0,0,0,0,0,0,0,1,0.9345315,0,0,0,0,0,0,0,0,0,0,0,0,0,0,0,0,0,0,0,0,0,0,0,0,0,0,0,0,0,0,0,0.9901966,1,0,0,0,0,0,0,0,0,0,0,0,0,0,0,0
0,0,0,0,0,0,0,0,0,0,0,0,0,0,0,0,1,0,0,0,0,0,0,0,0,0,0,0,0,0,0,0,0,0,0,0,0,0,0,0,0,0,0,0,0,0,0,0,0,0,0,0,0,0,0,0,0,0,0,0,0,0,0,0,0,0,0,0,0,0,0,0,0,0,0,0,0,0,0,0,0,0.9607064,1,0,0,0,0,0,0,0,0,0,0,0,0,0,0,0,0,0,0,0,0,0,0,0,0,0,0,0,0,0,0,0,0,1,0.9590173,0,0,0,0,0,0,0,0,0,0,0,0,0,0,0,0,0,0,0,0,0,0,0,0,0,0,0,0,0,0,0,0.9698761,1,0,0,0,0,0,0,0,0,0,0,0,0,0,0,0
0,0,0,0,0,0,0,0,0,0,0,0,0,0,0,0.9304127,1,0,0,0,0,0,0,0,0,0,0,0,0,0,0,0,0,0,0,0,0,0,0,0,0,0,0,0,0,0,0,0,0,1,0.9927179,0,0,0,0,0,0,0,0,0,0,0,0,0,0,0,0,0,0,0,0,0,0,0,0,0,0,0,0,0,0,0.9464535,1,0.9011376,0,0,0,0,0,0,0,0,0,0,0,0,0,0,0,0,0,0,0,0,0,0,0,0,0,0,0,0,0,0,0,1,0.9362434,0,0,0,0,0,0,0,0,0,0,0,0,0,0,0,0,0,0,0,0,0,0,0,0,0,0,0,0,0,0,0,0.9653189,1,0,0,0,0,0,0,0,0,0,0,0,0,0,0,0
0,0,0,0,0,0,0,0,0,0,0,0,0,0,0,0.8963885,1,0.8705633,0,0,0,0,0,0,0,0,0,0,0,0,0,0,0,0,0,0,0,0,0,0,0,0,0,0,0,0,0,0,0,1,0.9826254,0,0,0,0,0,0,0,0,0,0,0,0,0,0,0,0,0,0,0,0,0,0,0,0,0,0,0,0,0,0,0.9321449,1,0.8131993,0,0,0,0,0,0,0,0,0,0,0,0,0,0,0,0,0,0,0,0,0,0,0,0,0,0,0,0,0,0,0.8297736,1,0.9435813,0.696287,0,0,0,0,0,0,0,0,0,0,0,0,0,0,0,0,0,0,0,0,0,0,0,0,0,0,0,0,0,0,0.9516884,1,0.795517,0,0,0,0,0,0,0,0,0,0,0,0,0,0
0,0,0,0,0,0,0,0,0,0,0,0,0,0,0,0.9118813,1,0.863948,0,0,0,0,0,0,0,0,0,0,0,0,0,0,0,0,0,0,0,0,0,0,0,0,0,0,0,0,0,0,0,1,0,0,0,0,0,0,0,0,0,0,0,0,0,0,0,0,0,0,0,0,0,0,0,0,0,0,0,0,0,0,0,0.9366294,1,0.8489177,0,0,0,0,0,0,0,0,0,0,0,0,0,0,0,0,0,0,0,0,0,0,0,0,0,0,0,0,0,0,0.8447868,1,0.9469258,0,0,0,0,0,0,0,0,0,0,0,0,0,0,0,0,0,0,0,0,0,0,0,0,0,0,0,0,0,0,0,0.9710382,1,0,0,0,0,0,0,0,0,0,0,0,0,0,0,0
0,0,0,0,0,0,0,0,0,0,0,0,0,0,0,0.903003,1,0.8562282,0,0,0,0,0,0,0,0,0,0,0,0,0,0,0,0,0,0,0,0,0,0,0,0,0,0,0,0,0,0,0,1,0,0,0,0,0,0,0,0,0,0,0,0,0,0,0,0,0,0,0,0,0,0,0,0,0,0,0,0,0,0,0,0.9255294,1,0.8338638,0,0,0,0,0,0,0,0,0,0,0,0,0,0,0,0,0,0,0,0,0,0,0,0,0,0,0,0,0,0,0.8338113,1,0.9432814,0,0,0,0,0,0,0,0,0,0,0,0,0,0,0,0,0,0,0,0,0,0,0,0,0,0,0,0,0,0,0,0.9709172,1,0,0,0,0,0,0,0,0,0,0,0,0,0,0,0
0,0,0,0,0,0,0,0,0,0,0,0,0,0,0,0.9135609,1,0.8737819,0,0,0,0,0,0,0,0,0,0,0,0,0,0,0,0,0,0,0,0,0,0,0,0,0,0,0,0,0,0,0,1,0,0,0,0,0,0,0,0,0,0,0,0,0,0,0,0,0,0,0,0,0,0,0,0,0,0,0,0,0,0,0,0.9403165,1,0.8432987,0,0,0,0,0,0,0,0,0,0,0,0,0,0,0,0,0,0,0,0,0,0,0,0,0,0,0,0,0,0,0.8639464,1,0.9309349,0,0,0,0,0,0,0,0,0,0,0,0,0,0,0,0,0,0,0,0,0,0,0,0,0,0,0,0,0,0,0,0.9856546,1,0,0,0,0,0,0,0,0,0,0,0,0,0,0,0
0,0,0,0,0,0,0,0,0,0,0,0,0,0,0,0.9059776,1,0.9000481,0,0,0,0,0,0,0,0,0,0,0,0,0,0,0,0,0,0,0,0,0,0,0,0,0,0,0,0.8996381,0.9329996,1,0.9321575,0.972244,0.9107035,0,0,0,0,0,0,0,0,0,0,0,0,0,0,0,0,0,0,0,0,0,0,0,0,0,0,0,0,0.6916929,0.7026765,0.9568216,1,0.8619944,0,0,0,0,0,0,0,0,0,0,0,0,0,0,0,0,0,0,0,0,0,0,0,0,0,0,0,0,0,0,0.8888035,1,0.9411899,0,0,0,0,0,0,0,0,0,0,0,0,0,0,0,0,0,0,0,0,0,0,0,0,0,0,0,0,0.7716506,0.8247939,0.7937155,0.9633368,1,0.826547,0,0,0,0,0,0,0,0,0,0,0,0,0,0
0,0,0,0,0,0,0,0,0,0,0.6503417,0.742105,0.7768468,0.7878278,0,0.9329627,1,0.880349,0,0,0,0,0,0,0,0,0,0,0,0,0,0,0,0,0,0,0,0,0,0,0,0.7674796,0.8377792,0.942236,1,0.9858706,0.9314494,0.9322334,0.756532,0.788565,0.789336,0,0,0,0,0,0,0,0,0,0,0,0,0,0,0,0,0,0,0,0,0,0,0,0.6884125,0.7541178,0.7723567,0.7262873,0.7853808,0.7483741,0.7578334,0.9666288,1,0.8493518,0,0,0,0,0,0,0,0,0,0,0,0,0,0,0,0,0,0,0,0,0,0,0,0.6652386,0.7069504,0.7082441,0.681944,0.8069337,0.7961476,0.8229722,0.8975819,1,0.9457244,0.6481974,0,0,0,0,0,0,0,0,0,0,0,0,0,0,0,0,0,0,0,0,0,0,0.6631978,0.7634556,0.8389187,0.8700007,0.8655426,0.8388246,0.7595967,0.6982329,0.9468868,1,0.8767968,0,0,0,0,0,0,0,0,0,0,0,0,0,0
0,0,0,0,0,0,0,0,0,0,0.6955976,0.7952899,0.7563891,0.7154051,0,0.9242659,1,0.9042969,0,0,0,0,0,0,0,0,0,0,0,0,0,0,0,0,0,0,0,0,0,0,0.922671,0.9852242,0.9682444,0.993574,0,1,0.9723438,0.8956302,0,0.9561676,0.9786786,0.8707414,0,0,0,0,0,0,0,0,0,0,0,0,0,0,0,0,0,0,0,0,0,0,0.7011819,0.7455496,0.7509887,0.8080685,0.7532354,0,0.6795744,0.9492837,1,0.8778988,0,0,0,0,0,0,0,0,0,0,0,0,0,0,0,0,0,0,0,0,0,0,0.6790223,0.7629104,0.7823908,0.7878069,0.8265904,0.792124,0.7481291,0,0.8878532,1,0.9423688,0.668481,0,0,0,0,0,0,0,0,0,0,0,0,0,0,0,0,0,0,0,0,0,0.7333328,0.7776419,0.8011077,0.8110159,0.7591724,0.7291301,0.7263623,0.7070925,0.7715831,0.9629887,1,0.8908176,0,0,0,0,0,0,0,0,0,0,0,0,0,0
0,0,0,0,0,0,0,0,0,0,0,0.7885242,0.8262389,0.7310631,0,0.9320981,1,0.882796,0,0,0,0,0,0,0,0,0,0,0,0,0,0,0,0,0,0,0,0,0,0,0,0,0.8575971,0.9595042,0.9146193,0.8189722,0,0.9083259,0.8637272,0.9333594,1,0.8771659,0,0,0,0,0,0,0,0,0,0,0,0,0,0,0,0,0,0,0,0,0,0,0,0.7627385,0.8119007,0.6758426,0,0,0.7269767,0.9513437,1,0.8820989,0,0,0,0,0,0,0,0,0,0,0,0,0,0,0,0,0,0,0,0,0,0,0,0,0.6611617,0.7748324,0.8030246,0.7811432,0.7171304,0,0.8833758,1,0.9527836,0.734421,0,0,0,0,0,0,0,0,0,0,0,0,0,0,0,0,0,0,0,0,0,0.7904847,0.8213308,0.7710311,0,0.8395875,0.8332506,0.7657784,0.7647614,0.8101673,0.9704396,1,0.8131225,0,0,0,0,0,0,0,0,0,0,0,0,0,0
0,0,0,0,0,0,0,0,0,0,0,0.7114406,0.7811776,0.8314455,0.8231396,0.931135,1,0.8971106,0,0,0,0,0,0,0,0,0,0,0,0,0,0,0,0,0,0,0,0,0,0,0,0,0,0,0.8945647,0.9599714,0.9764438,0.995393,0.968429,1,0.9831144,0.7926381,0,0,0,0,0,0,0,0,0,0,0,0,0,0,0,0,0,0,0,0,0,0,0,0,0,0.7192091,0.7773166,0.8034801,0.7974396,0.9499962,1,0.8872301,0,0,0,0,0,0,0,0,0,0,0,0,0,0,0,0,0,0,0,0,0,0,0,0,0,0,0.6616586,0,0,0.7048874,0.8696601,1,0.964405,0.7545502,0.6342894,0,0,0,0,0,0,0,0,0,0,0,0,0,0,0,0,0,0,0,0,0,0,0,0,0,0.8003954,0.8477287,0.854471,0.855342,0.9566638,1,0.8629261,0,0,0,0,0,0,0,0,0,0,0,0,0,0
0,0,0,0,0,0,0,0,0,0,0,0,0,0,0,0.8975899,1,0.916936,0.8021116,0.726074,0,0,0,0,0,0,0,0,0,0,0,0,0,0,0,0,0,0,0,0,0,0,0,0,0,0,0.766502,0.9163193,0.9438804,0.977064,1,0.8220133,0,0,0,0,0,0,0,0,0,0,0,0,0,0,0,0,0,0,0,0,0,0,0,0,0,0,0.6249187,0.6691465,0.6745776,0.9232842,1,0.9087172,0.678129,0.6769537,0.6009377,0.6269044,0,0,0,0,0,0,0,0,0,0,0,0,0,0,0,0,0,0,0,0,0,0,0,0,0,0,0.8342084,1,0.9876484,0.7840545,0.6970793,0.7077243,0.6599129,0,0,0,0,0,0,0,0,0,0,0,0,0,0,0,0,0,0,0,0,0,0,0,0.6575786,0.7075308,0.7560282,0.8456403,0.9659284,1,0.9060681,0.674244,0,0,0,0,0,0,0,0,0,0,0,0,0
0,0,0,0,0,0,0,0,0,0,0,0,0,0,0,0.9038543,1,0.9357271,0,0,0,0,0,0,0.7752184,0.7666656,0,0,0,0,0,0,0,0,0,0,0,0,0,0,0,0,0,0,0,0,0,0,0.9296224,0.9946892,1,0.9581162,0.9207525,0.8904356,0,0,0,0,0,0,0,0,0,0,0,0,0,0,0,0,0,0,0,0,0,0,0,0,0,0,0,0.9225755,1,0.9190819,0.7400026,0.7118134,0,0.6940564,0.6958799,0,0,0,0,0,0,0,0,0,0,0,0,0,0,0,0,0,0,0,0,0,0,0,0,0,0.8003681,1,0.9703168,0.8102114,0.7186753,0.7447808,0,0,0,0,0,0,0,0,0,0,0,0,0,0,0,0,0,0,0,0,0,0,0,0,0,0,0,0,0.9311584,0.904555,1,0.9787921,0.917038,0,0,0,0,0,0,0,0,0,0,0,0
0,0,0,0,0,0,0,0,0,0,0,0,0,0,0,0.8927235,1,0.9080058,0,0,0,0,0.7371207,0.7625516,0.7194771,0,0,0,0,0,0,0,0,0,0,0,0,0,0,0,0,0,0,0,0,0.7432784,0.8157559,0.831692,0.9076979,1,0.9479376,0.7953673,0,0,0,0,0,0,0,0,0,0,0,0,0,0,0,0,0,0,0,0,0,0,0,0,0,0,0.681502,0.7262304,0,0.9313069,1,0.8975984,0.7100174,0.690455,0,0.6612209,0,0,0,0,0,0,0,0,0,0,0,0,0,0,0,0,0,0,0,0,0,0,0,0,0,0.7284732,0.8485277,1,0.9804059,0.7880315,0.7194548,0.6994989,0,0,0.6771713,0.7165427,0,0,0,0,0,0,0,0,0,0,0,0,0,0,0,0,0,0,0,0,0.880486,0.8659155,0.849067,0,1,0.9977817,0.9534191,0.8755879,0.8565668,0,0,0,0,0,0,0,0,0,0,0,0
0,0,0,0,0,0,0,0,0,0,0,0,0,0,0,0.8981333,1,0.896922,0.8130161,0.7659438,0.7306098,0.7553384,0,0,0,0,0,0,0,0,0,0,0,0,0,0,0,0,0,0,0,0,0,0,0,0,0,0.744401,0.8118263,0.9814128,1,0.8231602,0,0,0,0,0,0,0,0,0,0,0,0,0,0,0,0,0,0,0,0,0,0,0,0,0,0,0,0.7218947,0.7280165,0.9279176,1,0.8885555,0.7637034,0.7367816,0.7382259,0,0,0,0,0,0,0,0,0,0,0,0,0,0,0,0,0,0,0,0,0,0,0,0,0,0,0,0.7932187,1,0.9877456,0.7378005,0.7492671,0.7494133,0.7481376,0.7453008,0,0,0,0,0,0,0,0,0,0,0,0,0,0,0,0,0,0,0,0,0,0,0,0,0.894619,0.9773843,0,1,0.8855174,0,0,0.8648157,0.8615746,0,0,0,0,0,0,0,0,0,0
0,0,0,0,0,0,0,0,0,0,0,0,0,0,0,0.9124007,1,0.9356656,0.8001215,0.745138,0,0,0,0,0,0,0,0,0,0,0,0,0,0,0,0,0,0,0,0,0,0,0,0,0,0,0,0,0.8354028,1,0.9977824,0.8272944,0,0,0,0,0,0,0,0,0,0,0,0,0,0,0,0,0,0,0,0,0,0,0,0,0,0,0,0,0,0.9451182,1,0.9262849,0.7938262,0.7310718,0,0,0,0,0,0,0,0,0,0,0,0,0,0,0,0,0,0,0,0,0,0,0,0,0,0,0,0,0.8558812,1,0.987214,0.8188059,0.7219638,0,0,0,0,0,0,0,0,0,0,0,0,0,0,0,0,0,0,0,0,0,0,0,0,0,0,0,0,0.849175,0.9356371,1,0.9062678,0.8707098,0.8687639,0,0,0,0,0,0,0,0,0,0,0,0
0,0,0,0,0,0,0,0,0,0,0,0,0,0,0,0.912976,1,0.9122968,0.8388529,0.8644713,0.797755,0.7529602,0,0,0,0,0,0,0,0,0,0,0,0,0,0,0,0,0,0,0,0,0,0,0,0,0,0.6774333,0.8243029,1,0.9703042,0.7735714,0.740824,0,0,0,0,0,0,0,0,0,0,0,0,0,0,0,0,0,0,0,0,0,0,0,0,0,0,0,0.7138506,0.9193031,1,0.8172088,0.7999433,0.7801612,0.7869818,0.6938285,0,0,0,0,0,0,0,0,0,0,0,0,0,0,0,0,0,0,0,0,0,0,0,0,0.6129656,0.6411016,0.8296785,1,0.9657264,0.7091132,0.7384605,0.7375489,0.6696262,0,0,0,0,0,0,0,0,0,0,0,0,0,0,0,0,0,0,0,0,0,0,0,0,0,0,0,0.9160242,1,0.9107499,0.8591036,0.9319896,0.8556922,0.7739856,0,0,0,0,0,0,0,0,0,0
0,0,0,0,0,0,0,0,0,0,0,0,0,0,0,0.8894782,1,0.9080315,0.7315292,0,0.7712797,0.7912301,0.8305169,0.7498106,0,0,0,0,0,0,0,0,0,0,0,0,0,0,0,0,0,0,0,0,0,0,0,0,0.8453482,1,0.9685491,0.7905675,0.7685045,0.8577176,0.8533458,0.806772,0.7760794,0,0,0,0,0,0,0,0,0,0,0,0,0,0,0,0,0,0,0,0,0,0,0,0,0.9238752,1,0.9095528,0,0.7375512,0.8193493,0.8015757,0,0,0,0,0,0,0,0,0,0,0,0,0,0,0,0,0,0,0,0,0,0,0,0,0,0,0.8565578,1,0.9654685,0.7194508,0,0.6917577,0.6842075,0.8025654,0.8136857,0.7321219,0,0,0,0,0,0,0,0,0,0,0,0,0,0,0,0,0,0,0,0,0,0,0,0.751327,0.968641,1,0.8629448,0,0.8645701,0.9409474,0.9228405,0.7940577,0,0,0,0,0,0,0,0,0
0,0,0,0,0,0,0,0,0,0,0,0,0,0,0,0.9194834,1,0.9282398,0,0,0,0.7989528,0.8975684,0.8769187,0.7815363,0,0,0,0,0,0,0,0,0,0,0,0,0,0,0,0,0,0,0,0,0,0,0,0.8854064,1,0.9452748,0,0,0.8869101,0,0,0.8931311,0,0,0,0,0,0,0,0,0,0,0,0,0,0,0,0,0,0,0,0,0,0,0,0,0.9368655,1,0.9088911,0,0,0,0,0.8332505,0.8610442,0.8024098,0,0,0,0,0,0,0,0,0,0,0,0,0,0,0,0,0,0,0,0,0,0,0,0.8888735,1,0.9646443,0.7638695,0,0,0,0.7681376,0.9022814,0.9138862,0.8344163,0,0,0,0,0,0,0,0,0,0,0,0,0,0,0,0,0,0,0,0,0,0,0.8797656,0.9815221,0.9350098,0.9046152,0,0,0,0.9213816,0.9964473,1,0.9376125,0,0,0,0,0,0,0
0,0,0,0,0,0,0,0,0,0,0,0,0,0,0.6794668,0.8795286,1,0.9086934,0.6587455,0.8238784,0.836513,0.8339353,0.8227673,0.7257663,0,0,0,0,0,0,0,0,0,0,0,0,0,0,0,0,0,0,0,0,0,0,0,0,0,1,0.9274994,0.8225819,0.9051606,0.9801195,0.9483212,0.8356528,0,0,0,0,0,0,0,0,0,0,0,0,0,0,0,0,0,0,0,0,0,0,0,0.6182554,0.6400423,0.9373198,1,0.8697969,0.6966267,0.7075162,0.6792083,0.7454491,0.7648287,0.7654262,0.6578342,0,0,0,0,0,0,0,0,0,0,0,0,0,0,0,0,0,0,0,0,0,0,0,0.8034756,1,0.9514317,0,0.7540855,0.7636412,0.697517,0.8085591,0.8315069,0.7944609,0.6845826,0,0,0,0,0,0,0,0,0,0,0,0,0,0,0,0,0,0,0,0,0,0,0.7006261,0.9685239,1,0.8589945,0.8167128,0.8026528,0,0.7591528,0.8222718,0,0.7826801,0.7635567,0,0,0,0,0,0
0,0,0,0,0,0,0,0,0,0,0,0,0,0,0.8052673,0.9662884,1,0.8603907,0.9453158,0.9308529,0.8861241,0.8196954,0,0,0,0,0,0,0,0,0,0,0,0,0,0,0,0,0,0,0,0,0,0,0,0,0,0,0.8977383,0.9895219,1,0.9266471,0,0,0,0,0,0,0,0,0,0,0,0,0,0,0,0,0,0,0,0,0,0,0,0,0,0,0,0,0.801255,0.9651771,1,0.940325,0.891401,0.8339382,0,0,0,0,0,0,0,0,0,0,0,0,0,0,0,0,0,0,0,0,0,0,0,0,0,0,0,0,0.9053347,1,0.9665781,0.9337029,0.9150887,0.8492221,0.7881166,0,0,0,0,0,0,0,0,0,0,0,0,0,0,0,0,0,0,0,0,0,0,0,0,0,0,0,0.9601187,1,0.919272,0.9399313,0.9183668,0.8664854,0.815055,0,0,0,0,0,0,0,0,0,0
0,0,0,0,0,0,0,0,0,0,0,0,0,0,0,0.904152,1,0.9370353,0,0,0,0,0,0,0,0,0,0,0,0,0,0,0,0,0,0,0,0,0,0,0,0,0,0,0,0,0,0,0,0.8893092,1,0.9052164,0,0,0,0,0,0,0,0,0,0,0,0,0,0,0,0,0,0,0,0,0,0,0,0,0,0,0,0.7017131,0.7448891,0.9513252,1,0.9234707,0.8097462,0.6865558,0,0,0,0,0,0,0,0,0,0,0,0,0,0,0,0,0,0,0,0,0,0,0,0,0,0,0.6743497,0.7344647,0.8362587,0.9971849,1,0.8973758,0.7450536,0,0,0,0,0,0,0,0,0,0,0,0,0,0,0,0,0,0,0,0,0,0,0,0,0,0,0,0,0.7910061,0.8061913,0.9703789,1,0.9049919,0.8136928,0.7958043,0.8068003,0.786723,0,0,0,0,0,0,0,0,0
0,0,0,0,0,0,0,0,0,0,0,0,0,0.8075656,0.811616,0.9402364,1,0.8926291,0,0,0,0,0,0,0,0,0,0,0,0,0,0,0,0,0,0,0,0,0,0,0,0,0,0,0,0,0,0,0,0.9893504,1,0,0,0,0,0.8988408,0.9097512,0,0,0,0,0,0,0,0,0,0,0,0,0,0,0,0,0,0,0,0,0,0,0,0.7800515,0.9643724,1,0.8820297,0.8026499,0,0,0,0,0,0,0,0,0,0,0,0,0,0,0,0,0,0,0,0,0,0,0,0,0,0,0,0,0.7994519,0.8853329,1,0.9611195,0.7982718,0.7867979,0,0,0,0,0.7673667,0.7603662,0,0,0,0,0,0,0,0,0,0,0,0,0,0,0,0,0,0,0,0,0,0.9558883,0.9868656,0.9801489,1,0.8854714,0.9162781,0,0.9101623,0.9047855,0.8899636,0,0,0,0,0,0,0,0,0
0,0,0,0,0,0,0.7066705,0.7349501,0.7349409,0,0,0.8087251,0.7995021,0.7602772,0.8017012,0.8876951,1,0.8932979,0,0,0,0,0,0,0,0,0,0,0,0,0,0,0,0,0,0,0,0,0,0,0,0,0,0,0,0,0,0,0.8991312,1,0.9622903,0.754523,0.8293196,0.8910868,0.8786384,0.80505,0.8318648,0.8561295,0.8255534,0.795761,0.7518973,0,0,0,0,0,0,0,0,0,0,0,0,0.6962296,0.7527605,0.7613244,0.692058,0.8038989,0.7021095,0.771858,0.7943113,0.96573,1,0.8488587,0.7200971,0.8082228,0.7709061,0,0,0,0,0,0,0,0,0,0,0,0,0,0,0,0.7281011,0.7670277,0.7236744,0.7133755,0.8169582,0.8526537,0.786433,0.7385788,0.7701156,0.7939672,0,0.7739654,0.9059252,1,0.9213104,0.7279736,0.8108411,0.8336973,0.7799093,0.7337896,0.7702359,0.7821628,0.7506886,0,0,0,0,0,0,0,0,0,0,0,0,0,0,0.7520254,0.8290187,0.8290724,0.7947265,0.7391037,0,0.7383341,0.8657617,0.8096548,0.9386682,1,0.9265129,0.7870058,0,0.8035665,0.8040314,0.7669771,0,0.7221456,0.7557476,0.749279,0,0,0,0,0
0,0,0,0,0,0.7977012,0.828653,0.7850971,0.7894608,0.8229549,0.823689,0.7639246,0.7978257,0.7806844,0,0.9377937,1,0.9063642,0,0,0,0,0,0,0,0,0,0,0,0,0,0,0,0,0,0,0,0,0,0,0,0,0,0.801001,0.811967,0.8389532,0.8453237,0.8018444,0.8640581,1,0.9757199,0.8201984,0.7949317,0.8163708,0,0,0,0,0,0,0,0,0,0,0,0,0,0,0,0,0.7646601,0.805559,0.8510737,0.8648414,0.7562814,0.809401,0.8095793,0.8047681,0.8180168,0.8433071,0.873474,0.9784802,1,0.855283,0.7995706,0.7602272,0.7882692,0,0,0,0,0,0,0,0,0,0,0,0,0,0,0,0,0.8249417,0.8705537,0.9202905,0.9462656,0.9058106,0.8526273,0.8627271,0.8646296,0.8271735,0,0,0.915531,1,0.9290591,0.8643513,0.8833173,0.846234,0,0,0,0,0,0,0,0,0,0,0,0,0,0,0,0,0,0,0,0.8232103,0.8543533,0.842405,0.8448818,0.8190982,0,0,0,0.8696305,0.9846101,1,0.9283736,0.9119917,0.8675478,0.8164076,0,0,0,0,0,0,0,0,0,0,0
0,0,0,0,0,0,0,0,0.6854434,0.7766554,0.8092449,0.8590031,0.7482826,0.7763199,0.7565638,0.9292623,1,0.9005557,0.6900259,0,0,0,0,0,0,0,0,0,0,0,0,0,0,0,0,0,0,0,0,0,0,0,0,0,0,0.7238717,0,0,0.9129688,1,0.938902,0,0.7212883,0,0,0,0,0,0,0,0,0,0,0,0,0,0,0,0,0,0,0,0,0.7552747,0.8173561,0.834171,0.8557339,0.8085678,0.8378589,0.8071089,0.7462468,0.9097492,1,0.8931466,0.7189896,0,0,0,0,0,0,0,0,0,0,0,0,0,0,0,0,0,0,0,0,0,0.7344403,0.810374,0.8587891,0.9098574,0.9304215,0.9263965,0.7953147,0.8267158,0.7835966,1,0.9833359,0.7836683,0.6814893,0,0,0,0,0,0,0,0,0,0,0,0,0,0,0,0,0,0,0,0,0,0.6835786,0.7648085,0.8169932,0.8699589,0.8106081,0.8203382,0.9257359,0.9703401,0.9981655,1,0.9259629,0.7648214,0,0,0,0,0,0,0,0,0,0,0,0,0
0,0,0,0,0,0,0,0,0,0,0.7090367,0.7950694,0.8838627,0.9309309,0.8976313,0.9521429,1,0.8886767,0,0,0,0,0,0,0,0,0,0,0,0,0,0,0,0,0,0,0,0,0,0,0,0,0,0,0,0,0.7277626,0.8528236,0.7256069,1,0.9463543,0.857125,0.7822111,0,0,0,0,0,0,0,0,0,0,0,0,0,0,0,0,0,0,0,0,0,0,0,0.6967067,0.8036466,0.872188,0.8865114,0.8831328,0.9530129,1,0.9220711,0.7019204,0,0,0,0,0,0,0,0,0,0,0,0,0,0,0,0,0,0,0,0,0,0,0,0,0.7433432,0.8491283,0.9272636,0.9493198,0.9128091,0.8304974,1,0.9473242,0.7343955,0.6916767,0,0,0,0,0,0,0,0,0,0,0,0,0,0,0,0,0,0,0,0,0,0,0,0.7278925,0.7995695,0.89605,0.9491565,0.934383,0.8619457,1,0.9232855,0.865531,0.7625304,0,0,0,0,0,0,0,0,0,0,0,0,0
