GestureName: star
Duration(ms): 1410
Handedness: right

SpeakerAngles: 5
55
-55
0
0
110

SpeakerElevations: 5
-10
-10
-10
0
30

InterpretedPoints: 30
0,0,0
0,0,0
0,0,0
1.62759536269875,-0.592396265452048,1
4.06898840674687,2.64873437929713,2.15270364466614
0.856340064776023,16.3391675137123,0.895277334996045
4.09025959846019,12.6534086434133,1.74257369032991
3.2551907253975,13.2733386528537,-0.0837781320031643
0.827978475824924,5.1955539037858,0.631759111665348
-8.10961522454264,-16.4904483565233,-0.568925512662975
-14.6058158808621,-27.1865829909127,-1.65879555832674
-10.5722794603041,-33.2551534370976,0.0776862183425626
-7.33835992661991,-31.8567640054327,0.0567416853417724
-3.26228112263527,-10.2825529557368,-0.937166400997627
4.06189800950909,1.63952007641402,1.13175911166535
-0.785436092398273,17.5239600446164,-1.10472266500396
12.1856940285273,24.7666377593642,1.65879555832674
17.0259377331969,26.7666377593642,1.65879555832674
8.90214171417869,6.38006999055953,1.82635182233307
1.63468575993652,6.73003193127384,0.110814578664557
0,0,0
-19.4460595855317,-20.2633154434342,-3.91622186799684
-12.1856940285273,-21.9579030078251,-3.39527733499604
0.806707284111599,-8.50409353351246,0.868240888334652
0,0.984807753012208,-0.17364817766693
0,0,0
14.5703638946732,8.28578931451525,2.80540728933228
-2.476845030237,-16.5926396554621,-1.04798097966218
1.59923377374765,-14.8201581773424,1.60472266500395
1.6134145682232,-4.09934054895166,0.694592710667721

StrokePoints: 31
0,0,0
0,0,0
0,0,0
0,0,0
1.62759536269875,-0.592396265452048,1
5.69658376944562,2.05633811384508,3.15270364466614
6.55292383422164,18.3955056275574,4.04798097966218
10.6431834326818,31.0489142709706,5.79055466999209
13.8983741580793,44.3222529238243,5.70677653798892
14.7263526339043,49.5178068276101,6.33853564965427
6.61673740936162,33.0273584710869,5.7696101369913
-7.98907847150046,5.84077548017414,4.11081457866456
-18.5613579318045,-27.4143779569234,4.18850079700712
-25.8997178584245,-59.2711419623561,4.24524248234889
-29.1619989810597,-69.553694918093,3.30807608135126
-25.1001009715506,-67.9141748416789,4.43983519301661
-25.8855370639489,-50.3902147970626,3.33511252801266
-13.6998430354216,-25.6235770376984,4.9939080863394
3.32609469777525,1.14306072166573,6.65270364466614
12.2282364119539,7.52313071222526,8.47905546699921
13.8629221718905,14.2531626434991,8.58987004566377
13.8629221718905,14.2531626434991,8.58987004566377
-5.58313741364121,-6.01015279993511,4.67364817766693
-17.7688314421685,-27.9680558077602,1.27837084267089
-16.9621241580569,-36.4721493412726,2.14661173100554
-16.9621241580569,-35.4873415882604,1.97296355333861
-16.9621241580569,-35.4873415882604,1.97296355333861
-2.3917602633837,-27.2015522737452,4.77837084267089
-4.86860529362069,-43.7941919292073,3.7303898630087
-3.26937151987304,-58.6143501065497,5.33511252801266
-1.65595695164985,-62.7136906555013,6.02970523868038

Velocities: 30
0,0,0
0,0,0
0,0,0
0,0,0
1,1,0
1,7,7
3,6,4
4,4,4
0,2,3
-5,-1,-8
-10,-4,-11
-12,-11,-12
-9,-11,-12
-2,-3,-4
3,2,0
2,6,7
9,6,10
12,3,10
4,-3,0
1,2,5
0,0,0
-6,6,-12
-3,0,-12
0,-1,-4
0,0,1
0,0,0
5,-6,5
-2,-7,-8
-2,-6,-7
0,-2,-2

InverseVelocities: 30
0,0,0
0,0,0
0,0,0
0,0,0
0,0,0
0,0,-2
0,0,0
0,0,0
0,0,-3
0,0,0
0,1,0
0,2,0
0,0,0
0,0,0
0,0,0
0,0,0
0,0,0
0,-3,-7
0,0,0
0,0,0
0,0,0
0,0,3
0,0,0
0,0,0
0,0,0
0,0,0
-2,0,-3
0,0,0
0,0,0
0,0,0

RawData: 30
0,0,0,0,0,0,0,0,0,0,0,0,0,0,0,0.9367285,1,0.9093955,0,0,0,0,0,0,0,0,0,0,0,0,0,0,0,0,0,0,0,0,0,0,0,0,0,0,0,0,0,0,0.9207745,1,0.9327234,0,0,0,0,0,0,0,0,0,0,0,0,0,0,0,0,0,0,0,0,0,0,0,0,0,0,0,0,0,0.7562467,0.9623002,1,0.8966001,0,0,0,0,0,0,0,0,0,0,0,0,0,0,0,0,0,0,0,0,0,0,0,0,0,0,0,0,0,0,0.8650222,1,0.9657046,0.7258179,0,0,0,0,0,0,0,0,0,0,0,0,0,0,0,0,0,0,0,0,0,0,0,0,0,0,0,0,0,0.7735362,0.972384,1,0.8769655,0,0,0,0,0,0,0,0,0,0,0,0,0,0
0,0,0,0,0,0,0,0,0,0,0,0,0,0,0,0.9270324,1,0.9017036,0,0,0,0,0,0,0,0,0,0,0,0,0,0,0,0,0,0,0,0,0,0,0,0,0,0,0,0,0,0,0.8609124,1,0.9624707,0,0,0,0,0,0,0,0,0,0,0,0,0,0,0,0,0,0,0,0,0,0,0,0,0,0,0,0,0,0.6578656,0.9558229,1,0.8606251,0,0,0,0,0,0,0,0,0,0,0,0,0,0,0,0,0,0,0,0,0,0,0,0,0,0,0,0,0,0,0.8729903,1,0.9543192,0.6801668,0,0,0,0,0,0,0,0,0,0,0,0,0,0,0,0,0,0,0,0,0,0,0,0,0,0,0,0,0,0.7007136,0.9687461,1,0.8384321,0,0,0,0,0,0,0,0,0,0,0,0,0,0
0,0,0,0,0,0,0,0,0,0,0,0,0,0,0,0.9345862,1,0.9016379,0,0,0,0,0,0,0,0,0,0,0,0,0,0,0,0,0,0,0,0,0,0,0,0,0,0,0,0,0,0,0,0.9960728,1,0,0,0,0,0,0,0,0,0,0,0,0,0,0,0,0,0,0,0,0,0,0,0,0,0,0,0,0,0,0,0.9571014,1,0.8798999,0,0,0,0,0,0,0,0,0,0,0,0,0,0,0,0,0,0,0,0,0,0,0,0,0,0,0,0,0,0,0.8771777,1,0.959945,0,0,0,0,0,0,0,0,0,0,0,0,0,0,0,0,0,0,0,0,0,0,0,0,0,0,0,0,0,0,0.7329869,0.9737078,1,0.8475074,0,0,0,0,0,0,0,0,0,0,0,0,0,0
0,0,0,0,0,0,0,0,0,0,0,0,0,0,0,0.920186,1,0.8818167,0,0,0,0,0,0,0,0,0,0,0,0,0,0,0,0,0,0,0,0,0,0,0,0,0,0,0,0,0,0,0.8160452,1,0.9902907,0.8264374,0,0,0,0,0,0,0,0,0,0,0,0,0,0,0,0,0,0,0,0,0,0,0,0,0,0,0,0,0.6301649,0.9471415,1,0.8741567,0.6516366,0.5512018,0,0,0,0,0,0,0,0,0,0,0,0,0,0,0,0,0,0,0,0,0,0,0,0,0,0,0,0,0.8513654,1,0.9583439,0.7357536,0,0,0,0,0,0,0,0,0,0,0,0,0,0,0,0,0,0,0,0,0,0,0,0,0,0,0,0,0,0.6940701,0.9778842,1,0.7762797,0.6832797,0.6235287,0.5793154,0,0,0,0,0,0,0,0,0,0,0
0,0,0,0,0,0,0,0,0,0,0,0,0,0,0.7226003,0.9375562,1,0.9109682,0.7519435,0.7575418,0.6992059,0,0,0,0,0,0,0,0,0,0,0,0,0,0,0,0,0,0,0,0,0,0,0,0,0,0,0,0.9114085,1,0.9038854,0,0.8169805,0.8263537,0,0,0,0,0,0,0,0,0,0,0,0,0,0,0,0,0,0,0,0,0,0,0,0,0,0,0.7074074,0.9488068,1,0.8806768,0.6800709,0,0,0,0,0,0,0,0,0,0,0,0,0,0,0,0,0,0,0,0,0,0,0,0,0,0,0,0,0.6805227,0.8914357,1,0.9561435,0.8272428,0.8174244,0.7866166,0.7530531,0.6714438,0,0,0,0,0,0,0,0,0,0,0,0,0,0,0,0,0,0,0,0,0,0,0,0,0.6783135,0.8121951,0.9859042,1,0.8449022,0.6573755,0.7076443,0.7606373,0.7356439,0.7162433,0.7034946,0,0,0,0,0,0,0,0
0,0,0,0,0,0,0,0,0,0,0,0,0,0,0.6591973,0.9358706,1,0.8951985,0.7059802,0.631721,0.6787599,0,0,0,0,0,0,0,0,0,0,0,0,0,0,0,0,0,0,0,0,0,0,0,0,0,0.7354304,0.7547107,0.9523733,1,0,0,0,0.8252168,0.7804134,0,0.7552788,0.8259354,0.8027588,0.7317814,0,0,0,0,0,0,0,0,0,0,0,0,0,0,0,0,0,0.5921867,0.5948845,0.6540927,0.695143,0.9542935,1,0.8805249,0.6549588,0.6342925,0.68769,0.6760188,0.6842211,0.6590115,0.6927024,0.6467785,0.5963684,0,0,0,0,0,0,0,0,0,0,0,0,0,0,0,0,0,0,0.601107,0.6024363,0.6689017,0.8843173,1,0.9447493,0.7293447,0.7048512,0.6638812,0.7180533,0.7399204,0.7572098,0.7491003,0.6765419,0.5994595,0,0,0,0,0,0,0,0,0,0,0,0,0,0,0,0,0,0,0.6443969,0.6264862,0.6620134,0.7928643,0.9792658,1,0.8458589,0.6431789,0.6992087,0.761596,0.7384091,0.72635,0.6753996,0.7025926,0.6673595,0,0,0,0,0,0
0,0,0,0,0,0,0,0,0,0,0,0,0,0,0,0.9341302,1,0.8816873,0,0.6638272,0.6667555,0.7505341,0.7465906,0,0,0,0,0,0,0,0,0,0,0,0,0,0,0,0,0,0,0,0,0,0,0,0,0,0.8813664,1,0.9290429,0.8170428,0.7492321,0,0.7675596,0.8146197,0.7966527,0.819087,0.7715292,0,0,0,0,0,0,0,0,0,0,0,0,0,0,0,0,0,0,0,0,0,0.6675289,0.9590388,1,0.8702998,0,0,0.6849307,0.7394623,0.6640654,0.6532763,0,0,0,0,0,0,0,0,0,0,0,0,0,0,0,0,0,0,0,0,0,0,0,0,0.8746975,1,0.9528485,0.7314912,0.6838695,0.6780453,0.6747512,0.6051378,0,0.7132882,0.6768083,0,0,0,0,0,0,0,0,0,0,0,0,0,0,0,0,0,0,0,0,0,0,0.7645903,0.9794765,1,0.8362681,0.6626892,0,0,0,0,0.6460124,0,0.6709615,0.6516356,0,0,0,0,0
0,0,0,0,0,0,0,0,0,0,0,0,0,0,0,0.9411377,1,0.8875299,0.7770562,0.7819135,0.7526016,0,0.722995,0.6890339,0,0,0,0,0,0,0,0,0,0,0,0,0,0,0,0,0,0,0,0,0,0,0,0,0.8768677,1,0.9869733,0.897447,0.8054479,0.849253,0.7997085,0.8276503,0.8151854,0,0,0,0,0,0,0,0,0,0,0,0,0,0,0,0,0,0,0,0,0,0,0,0,0.9537489,1,0.8915798,0.7626885,0.838986,0.8298166,0.8247758,0.8052828,0.744697,0,0,0,0,0,0,0,0,0,0,0,0,0,0,0,0,0,0,0,0,0,0,0,0,0.8896222,1,0.9608875,0.8113477,0.808761,0.8241236,0.7662108,0,0.6996917,0.6875637,0.6821043,0,0,0,0,0,0,0,0,0,0,0,0,0,0,0,0,0,0,0,0,0,0,0.7753698,0.9665565,1,0.886449,0,0.8433069,0.8531297,0.8184047,0.7537701,0,0,0,0,0,0,0,0,0
0,0,0,0,0,0,0,0,0,0,0,0,0,0.683313,0.7261831,0.9195212,1,0.9072724,0,0,0,0,0,0,0,0,0,0,0,0,0,0,0,0,0,0,0,0,0,0,0,0,0,0,0,0,0,0.7480072,0.8504866,1,0.9611927,0,0.8080635,0.7989128,0.775198,0,0,0,0,0,0,0,0,0,0,0,0,0,0,0,0,0,0,0,0,0,0.6210075,0.619023,0.7132486,0.7837322,0.8050514,0.9308571,1,0.8974308,0.7968476,0.7666665,0.7240379,0.637948,0.6179619,0,0,0,0,0,0,0,0,0,0,0,0,0,0,0,0,0,0,0,0,0.6276168,0.6714321,0.7270309,0.7427804,0.7972115,0.8139737,1,0.9529509,0.7965438,0.8053734,0.7595425,0.6875308,0,0,0,0,0,0,0,0,0,0,0,0,0,0,0,0,0,0,0,0,0,0,0,0.6818703,0.7302073,0.7426939,0.8097126,0.9579526,1,0.8318695,0.7804374,0.7799194,0.7484922,0.6943826,0,0,0,0,0,0,0,0,0,0
0,0,0,0,0,0,0,0,0.65422,0.6981295,0.7165302,0.7367028,0.733907,0.7513199,0.7346174,0.9380528,1,0.9014435,0.645029,0,0,0,0,0,0,0,0,0,0,0,0,0,0,0,0,0,0,0,0,0,0,0,0,0,0,0.7815027,0.8781022,0.8416914,0.9127356,1,0.8813623,0.8264903,0.822409,0,0,0,0,0,0,0,0,0,0,0,0,0,0,0,0,0,0,0.6285641,0.6497439,0.7042671,0.7509879,0.7955879,0.8071264,0.7965061,0.7779666,0.7487647,0.7914567,0.9675541,1,0.867938,0.6630887,0.6230337,0,0,0,0,0,0,0,0,0,0,0,0,0,0,0,0,0,0,0,0.6448615,0.736065,0.771721,0.795992,0.8264294,0.8178237,0.8117785,0.7854051,0.6830443,0.8863561,1,0.9620959,0.7445924,0,0,0,0,0,0,0,0,0,0,0,0,0,0,0,0,0,0,0,0,0,0.6517473,0.7131634,0.7690672,0.8138571,0.840527,0.7754615,0.7797654,0.7844348,0.848815,0.9889445,1,0.8278982,0.6899784,0,0,0,0,0,0,0,0,0,0,0,0,0
0,0,0,0.7299024,0.7638049,0.7679805,0.7587627,0,0.7245825,0,0.7317642,0,0,0.7310255,0.8169653,0.9341086,1,0.9062468,0,0,0,0,0,0,0,0,0,0,0,0,0,0,0,0,0,0,0,0,0,0,0,0,0.8796837,0.9248669,0.8383105,0.844587,0.9415709,0.9581273,0.8491566,1,0.9976901,0.9616991,0.8366335,0.8430157,0,0,0,0,0,0,0,0,0,0,0,0,0,0,0.6887667,0.7313384,0.7559787,0.7531356,0.7672163,0.802913,0.6849546,0.7905726,0.7857483,0.7442818,0.703195,0.6716443,0.734351,0.9335853,1,0.9034212,0,0,0,0,0,0,0,0,0,0,0,0,0,0,0,0,0.730306,0.7718454,0.8027568,0.7987849,0.7851702,0.7761744,0.8218323,0.8078809,0.743204,0.7020419,0,0.7003648,0.7423462,0,0.8771099,1,0.9530969,0,0,0,0,0,0,0,0,0,0,0,0,0,0,0,0,0.7076436,0.7555494,0.7895053,0.7920223,0.7712126,0,0.8001433,0.7197722,0.7257913,0.7354671,0.8274744,0.8169411,0.7028463,0,0,0.9493205,1,0.8684715,0,0,0,0,0,0,0,0,0,0,0,0,0,0
0,0.6967127,0.7071764,0,0.6142642,0.590467,0,0.7245852,0.6933496,0.7293,0.7405543,0.6036847,0,0,0.590446,0.87986,1,0.9082428,0,0,0,0,0,0,0,0,0,0,0,0,0,0,0,0,0,0.8624771,0.949155,1,0.9527249,0.9035998,0.7901471,0.8361825,0.9664244,0.9724466,0.858964,0.7566741,0,0.7341407,0.7599563,0.8146933,0.9259316,0.8904724,0.7471815,0.7284867,0.75107,0,0,0,0,0,0,0,0,0,0,0,0.6591921,0.6778248,0.6337985,0.6970481,0.7251208,0.6945279,0.6631286,0.6905962,0,0.6558784,0.58499,0,0,0.6055453,0.6849671,0.9384905,1,0.8843749,0.5393729,0,0,0,0,0,0,0,0,0,0,0,0,0,0,0.719342,0.7675647,0.6807078,0.749828,0.6734938,0.6345646,0.6279243,0.7262535,0.7538073,0.7387113,0.6566575,0.6665815,0.6285711,0.5749042,0.6318079,0.8395584,1,0.9748341,0.7340716,0,0,0,0,0,0,0,0,0,0,0,0,0,0,0.6516121,0.7343242,0.7954246,0.6641684,0.7077825,0.7187634,0.778155,0.7581714,0.6782484,0.7835782,0.7895406,0.7257048,0,0,0.7014135,0.7329945,0.9462687,1,0.8667785,0,0.6602302,0.6036882,0.5928749,0,0,0,0,0,0,0,0,0,0
0,0,0,0,0.6699203,0.7074463,0,0.687403,0.7605706,0.7823642,0.7407323,0.7632406,0.7144542,0.7212693,0,0.9105264,1,0.9131058,0,0,0,0,0,0,0,0,0,0,0,0,0,0,0,0,0,0.8568745,0.9848865,0.9975621,0.8707197,0.9350258,1,0.9565718,0.9333798,0.8249683,0.8807748,0.9474954,0.8687577,0.8786311,0.9728161,0.8702317,0.874858,0,0.8259941,0,0,0,0,0,0,0,0,0,0,0,0,0,0,0.6636619,0.7355096,0.7310242,0.6382913,0.6349141,0.6562653,0,0.6972147,0.7144492,0.6533516,0.7474858,0.6555675,0.6352486,0.7037901,0.9247102,1,0.8975635,0,0,0,0,0,0,0,0,0,0,0,0,0,0,0,0.6267887,0.6780564,0.6866771,0.6715918,0,0.6756524,0.6390295,0.7700722,0.769131,0,0.6901772,0.7513918,0.7483703,0.668412,0,0.8325668,1,0.9758529,0.72589,0,0,0,0,0,0,0,0,0,0,0,0,0,0,0,0,0.681477,0.7580945,0.7219728,0,0.6513758,0.7199577,0.7874941,0.7210712,0.7157282,0,0.7788731,0.7784135,0.7494646,0.7583928,0.9639241,1,0.8558542,0.7056876,0.6604335,0,0,0,0,0,0,0,0,0,0,0,0
0,0,0,0,0,0,0,0,0,0,0,0.8074602,0.8627197,0.8898834,0.8721058,0.9388111,1,0.9177603,0,0,0,0,0,0,0,0,0,0,0,0,0,0,0,0,0,0,0,0,0,0,0,0,0,0.7914958,0.8277878,0.8306376,0.8063862,0.8790732,0.9610277,1,0.8896178,0,0,0,0,0,0,0,0,0,0,0,0,0,0,0,0,0,0,0,0,0,0,0,0,0.695024,0.7778733,0.813611,0.8188739,0.807485,0.7875215,0.9508404,1,0.8898094,0,0,0,0,0,0,0,0,0,0,0,0,0,0,0,0,0,0,0,0,0,0,0,0.7195594,0,0.7189507,0.8128272,0.8384222,0.8540015,0.8625284,0.8346081,1,0.97364,0.6912696,0,0,0,0,0,0,0,0,0,0,0,0,0,0,0,0,0,0,0,0,0,0,0.7292804,0.7165965,0,0.7166687,0.7177789,0.7626215,0.727188,0.7566103,0.9552767,1,0.8461086,0,0,0,0,0,0,0,0,0,0,0,0,0,0
0,0,0,0,0,0,0,0,0,0,0,0,0,0.7243389,0.8019409,0.9246298,1,0.9150343,0.8052498,0.8485016,0.8605983,0.8270168,0.7755835,0,0,0,0,0,0,0,0,0,0,0,0,0,0,0,0,0,0,0,0,0,0,0,0,0,0.8209128,0.9919068,1,0.899861,0,0.7864315,0.7719814,0,0,0,0,0,0,0,0,0,0,0,0,0,0,0,0,0,0,0,0,0,0,0,0,0,0.7469064,0.9217456,1,0.9193606,0.8221068,0.7882057,0,0,0,0,0,0,0,0,0,0,0,0,0,0,0,0,0,0,0,0,0,0,0,0,0,0,0,0.7552031,0.8492815,1,0.9929937,0.8738344,0.7650847,0,0,0,0,0,0,0,0,0,0,0,0,0,0,0,0,0,0,0,0,0,0,0,0,0,0,0,0.6966099,0.7614999,0.9638285,1,0.9173239,0.8119932,0.7777115,0,0.7133055,0.6934878,0,0,0,0,0,0,0,0,0
0,0,0,0,0,0,0,0,0,0,0,0,0,0,0,0.9196814,1,0.9310148,0.8287976,0.7901908,0.8196929,0.8487227,0,0,0,0,0,0,0,0,0,0,0,0,0,0,0,0,0,0,0,0,0,0,0,0,0,0,0.9608179,1,0.9810966,0,0,0,0.9709145,0,0,0.9962104,0.9679505,0,0,0,0,0,0,0,0,0,0,0,0,0,0,0,0,0,0,0,0,0,0,0.9340386,1,0.9130718,0,0,0.774832,0.798193,0,0.7777327,0.796593,0.7903291,0.7743712,0,0,0,0,0,0,0,0,0,0,0,0,0,0,0,0,0,0,0,0,0,0.850364,1,0.9785006,0.7693684,0,0.7741505,0.830243,0.7924842,0,0,0.7904363,0.7654421,0,0,0,0,0,0,0,0,0,0,0,0,0,0,0,0,0,0,0,0,0,0,0.9454777,1,0.9049807,0,0.7766192,0.8299329,0.835366,0,0,0,0,0,0,0,0,0,0
0,0,0,0,0,0,0,0,0,0,0,0,0,0.6438813,0.6562277,0.908398,1,0.9117587,0.6521515,0,0.7037754,0,0.6984039,0.7185545,0.685602,0,0,0.6713256,0.7142029,0,0,0,0,0,0,0,0,0,0,0,0,0,0,0,0,0,0,0,0.8623019,0.9711719,0.9585137,0.9267551,0.9414312,0.9194272,1,0.9598657,0,0.9204496,0.8568328,0,0,0,0,0,0,0,0,0,0,0,0,0,0,0,0,0,0,0,0,0.6551968,0.6760027,0.9366894,1,0.9028292,0.7005728,0.6784739,0.6562594,0.743879,0.6749777,0,0,0.6875585,0,0.6572508,0.6438053,0.6362147,0,0,0,0,0,0,0,0,0,0,0,0,0,0,0,0,0,0.6477093,0.8362724,1,0.9725452,0.6622046,0,0.6647575,0.7132973,0.7084594,0.7573527,0.7181095,0.7669957,0.7010955,0.6517184,0.6756496,0.6410866,0,0,0,0,0,0,0,0,0,0,0,0,0,0,0,0,0,0,0.719998,0.9528642,1,0.8703675,0.7430542,0.6586787,0,0.6792435,0.6570528,0,0,0,0,0.6539183,0.648207,0,0.6688623,0.6800167
0,0,0,0,0,0,0,0,0,0,0,0,0,0,0.5762539,0.9044806,1,0.9081025,0,0,0,0.654565,0.6817053,0.6977741,0.6898896,0.6955502,0.6545722,0.5726445,0.6433799,0.6129631,0,0.6150962,0.5890312,0,0,0,0,0,0,0,0,0,0,0.8910486,0.916486,0.8316972,0.8849632,0.8058984,0.9078283,0,1,0.9769081,0.7892338,0,0.8789828,0.794344,0,0,0,0,0,0,0,0,0,0,0,0,0,0,0,0,0.5551564,0.5676431,0,0,0,0.5871469,0.5437236,0.5441723,0.5551378,0.9259802,1,0.8900453,0.634253,0.6270751,0.5598236,0.5993965,0.6018173,0.6163104,0.640098,0.6059202,0.6233537,0,0.5434064,0.5418705,0,0,0,0,0,0,0,0,0,0,0,0,0,0,0.5615662,0.643993,0.6553624,0.6504576,0.8464798,1,0.9739892,0.7260374,0,0.6013383,0.6274224,0,0,0,0.6708345,0,0.6016411,0.6171852,0.6714951,0.6493264,0.6241378,0.571404,0,0,0,0,0,0,0,0,0.5901017,0.6306782,0.602224,0.6452588,0.6245176,0.6726148,0.7443913,0.7466834,0.9312394,1,0.8771955,0.5862549,0,0,0,0,0,0,0,0,0,0,0.57998,0.6477497,0.6422942
0,0,0,0,0,0,0,0,0,0,0,0,0,0.6859097,0.7549195,0.900736,1,0.9145058,0.7249594,0.7419497,0.7470959,0.7521829,0.7437443,0.6634574,0,0,0,0,0,0,0,0,0,0,0,0,0,0,0,0,0,0,0,0.9172057,0.91586,0.8763029,0.8668954,0,0,0.9673262,1,0,0,0,0,0,0,0,0,0,0,0,0,0,0,0,0,0,0,0,0,0,0,0,0,0,0,0,0,0,0.6315748,0.9335233,1,0.9180009,0.7162817,0.7401083,0,0,0,0,0,0,0,0,0,0,0,0,0,0,0,0,0,0,0,0,0,0,0,0,0,0,0.6832667,0.7016907,0.8459611,1,0.9672364,0,0.6897563,0.7272971,0.6829312,0.7428145,0.7194784,0.7348713,0.6838,0.6523794,0,0,0,0,0,0,0,0,0,0,0,0,0,0,0,0.7250555,0.7033911,0,0.688998,0,0.7816863,0.7156648,0.9328038,1,0.8213721,0.7755512,0.7923259,0.7847295,0.736226,0.6872009,0,0,0,0,0,0,0,0,0
0,0,0,0,0,0,0,0,0,0,0,0,0,0,0.7656059,0.9014206,1,0.951806,0.870642,0.7631267,0.6837134,0,0,0,0,0,0,0,0,0,0,0,0,0,0,0,0,0,0,0,0,0,0,0,0,0,0,0,0,1,0.9429743,0,0,0.9440637,0.9482904,0,0,0,0,0,0,0,0,0,0,0,0,0,0,0,0,0,0,0,0,0,0,0,0,0,0.6915947,0.9480578,1,0.8911404,0.8187048,0.8119345,0.7133329,0.6598825,0,0.6645777,0.6722066,0,0,0,0,0,0,0,0,0,0,0,0,0,0,0,0,0,0,0,0,0,0,0.6959633,0.8708833,1,0.9867123,0.8685718,0.7748725,0.6627746,0,0,0,0,0,0,0,0,0,0,0,0,0,0,0,0,0,0,0,0,0,0,0,0,0,0,0.71211,0.7421742,0.9674788,1,0.917087,0.8835516,0.7868504,0.7725667,0.7127512,0,0,0,0,0,0,0,0,0,0
0,0,0,0,0,0,0,0,0,0,0,0,0,0,0.8435206,0.9628922,1,0.9249982,0.7882872,0,0,0,0,0,0,0,0,0,0,0,0,0,0,0,0,0,0,0,0,0,0,0,0,0,0,0,0,0,0.9684951,1,0,0,0,0,0,0,0,0,0,0,0,0,0,0,0,0,0,0,0,0,0,0,0,0,0,0,0,0,0,0,0,0.9485391,1,0.9011883,0,0.7513287,0,0,0,0,0,0,0,0,0,0,0,0,0,0,0,0,0,0,0,0,0,0,0,0,0,0,0,0,0.8701059,1,0.9605381,0.7543159,0,0,0,0,0,0,0,0,0,0,0,0,0,0,0,0,0,0,0,0,0,0,0,0,0,0,0,0,0,0,0.9777641,1,0.858899,0,0,0,0,0,0,0,0,0,0,0,0,0,0
0,0,0,0,0,0,0,0.635332,0.6805569,0,0.6564323,0.6670551,0.701886,0.717779,0.745848,0.9170609,1,0.8705102,0,0,0,0,0,0,0,0,0,0,0,0,0,0,0,0,0,0,0,0,0,0,0,0,0,0,0,0,0.7614739,0.7655842,0.8568044,1,0.9805276,0.8420603,0.8486412,0.7878739,0,0.8084145,0.8970444,0.8883006,0.8119119,0,0,0,0,0,0,0,0,0.6132847,0.6430508,0.6640201,0,0.6046677,0.6705444,0.6577221,0,0.6701244,0.60513,0,0.5985615,0.5911465,0.6830238,0.9409541,1,0.8670999,0.7313729,0.7323809,0.6289013,0.6647578,0.6318143,0,0,0,0,0,0,0,0,0,0,0,0.6586086,0.7174411,0.7287812,0,0.6758176,0.6927221,0.6960054,0.6022842,0.5950368,0.6097122,0,0.6523368,0.7155949,0.7298772,0.8803359,1,0.942923,0,0,0,0.5898831,0.6045948,0.6685011,0.6185324,0,0,0,0,0,0,0,0,0,0.6255114,0.6731023,0.6904601,0,0,0.6746557,0.6941972,0,0.6370762,0.6845159,0.6511541,0,0,0,0,0.9664707,1,0.8458152,0.6579124,0.7160502,0,0.6228151,0.6555197,0,0.6829445,0.6411402,0,0,0,0,0,0
0,0,0,0,0,0,0,0,0,0,0.7510058,0.7772274,0.7779617,0.7652317,0,0.9320834,1,0.9108927,0,0,0,0,0,0,0,0,0,0,0,0,0,0,0,0,0,0,0,0,0,0,0,0,0,0,0,0,0,0.8792872,0.9535488,0.9957336,1,0.864621,0,0,0,0,0,0,0,0,0,0,0,0,0,0,0,0.7186716,0.7480829,0,0,0.7439889,0.7395025,0,0,0,0,0.7473508,0.76311,0.7523146,0.7880216,0.9683907,1,0.8775923,0.7540295,0,0,0,0,0,0,0,0,0,0,0,0,0,0,0,0.7872966,0.8037205,0,0.7975978,0.825681,0.8000455,0.7370453,0,0,0.7314675,0.7301995,0.7484778,0.786047,0.715714,0.8845291,1,0.9650367,0.7982458,0.7196285,0,0,0,0,0,0,0,0,0,0,0,0,0,0,0.7615342,0.7666113,0,0.7646576,0.7929821,0.7922198,0,0,0,0,0,0,0,0.8123051,0.8538402,0.98213,1,0.89515,0.8549136,0.7913472,0,0,0,0,0,0,0,0,0,0,0,0
0,0,0,0,0,0,0,0,0,0,0,0,0,0,0.7952389,0.9513025,1,0.8852458,0,0,0,0,0,0,0,0,0,0,0,0,0,0,0,0,0,0,0,0,0,0,0,0,0,0,0,0.7633951,0.8535057,0.9625378,1,0.9479985,0.879728,0.8603096,0.8181645,0,0,0,0,0,0,0,0,0,0,0,0,0,0,0,0,0,0,0,0,0,0,0.7030933,0.7296221,0.7491286,0.7305892,0.7495993,0.825346,0.9557626,1,0.9032522,0.7344853,0.6929771,0,0,0,0,0,0,0,0,0,0,0,0,0,0,0,0,0,0,0,0,0,0,0.75905,0.7646468,0.7111205,0.7466757,0.7464056,0.7690352,0.9083952,1,0.9431341,0,0,0,0,0,0,0,0,0,0,0,0,0,0,0,0,0,0,0,0,0,0,0,0,0,0,0,0,0.8063851,0.9031735,0.9027872,0.9562482,1,0.8918383,0,0,0,0,0,0,0,0,0,0,0,0,0,0
0,0,0,0,0,0,0,0,0,0,0,0,0,0,0,0.9219601,1,0.900759,0.6950559,0,0,0,0,0,0,0,0,0,0,0,0,0,0,0,0,0,0,0,0,0,0,0,0,0,0,0,0,0.7964103,0.9899836,1,0.9022458,0.7714428,0,0,0,0,0,0,0,0,0,0,0,0,0,0,0,0,0,0,0,0,0,0,0,0,0,0,0,0.6175605,0.7270303,0.9364374,1,0.8591502,0.653713,0.6929296,0.6334456,0,0,0,0,0,0,0,0,0,0,0,0,0,0,0,0,0,0,0,0,0,0,0,0,0,0.6624982,0.7027429,0.8616618,1,0.9532415,0.6862355,0.70622,0,0,0,0,0,0,0,0,0,0,0,0,0,0,0,0,0,0,0,0,0,0,0,0,0,0,0,0.7621756,0.8570673,0.9822184,1,0.864886,0,0,0,0,0,0,0,0,0,0,0,0,0,0
0,0,0,0,0,0,0,0,0,0,0,0,0,0,0,0.952873,1,0,0,0,0,0,0,0,0,0,0,0,0,0,0,0,0,0,0,0,0,0,0,0,0,0,0,0,0,0,0,0,0,0,0,0,0,0,0,0,0,0,0,0,0,0,0,0,0,0,0,0,0,0,0,0,0,0,0,0,0,0,0,0,0,0.9754089,1,0.9102844,0,0,0,0,0,0,0,0,0,0,0,0,0,0,0,0,0,0,0,0,0,0,0,0,0,0,0,0,0,0,0.9149539,1,0.9794554,0,0,0,0,0,0,0,0,0,0,0,0,0,0,0,0,0,0,0,0,0,0,0,0,0,0,0,0,0,0,0,0.989854,1,0,0,0,0,0,0,0,0,0,0,0,0,0,0,0
0,0,0,0,0,0,0,0,0,0,0,0.7140242,0.7364276,0.7499086,0.7536305,0.8976564,1,0.8973159,0,0,0,0,0,0.6733515,0.6732356,0,0,0,0,0,0,0,0,0,0,0,0,0,0,0,0.7523824,0.7594538,0.8127624,0.8548039,0,0.7558188,0.8381564,0.8222097,0.8370911,1,0.9235266,0,0,0,0,0,0,0,0,0,0,0,0,0,0,0,0,0,0,0,0,0,0,0,0,0,0.6269256,0.6239376,0.6578853,0.7005763,0.7212638,0.9563821,1,0.8708195,0,0,0,0,0.6444496,0.643131,0.6390873,0,0,0,0,0,0,0,0,0,0,0,0,0,0,0,0,0,0,0,0.687296,0.7096069,0.6994188,0.7742937,0.8959687,1,0.9423738,0,0.6784112,0.7043643,0.6996121,0.6470408,0,0.7051942,0.6883406,0,0,0,0,0,0,0,0,0,0,0,0,0,0.7703301,0.7993573,0.8082141,0.7466483,0.6996067,0.7724944,0.8362413,0.8128602,0.6983151,0.8541675,0.987234,1,0.8436466,0,0.7192442,0.7767518,0.7086945,0,0.6966403,0.7191298,0.6920993,0,0,0,0,0,0
0,0,0,0,0,0,0,0,0,0,0,0.7531281,0,0.7454467,0,0.9339575,1,0.8993167,0,0,0,0,0,0,0,0,0,0,0,0,0,0,0,0,0,0,0,0,0,0.8728907,0.8887139,0,0,0,0,0,0,0,0,1,0.9781277,0,0,0,0,0,0,0,0,0,0,0,0,0,0,0,0,0,0,0,0,0.713135,0.7410368,0.7143896,0,0,0,0.706875,0,0,0.7846374,0.9572486,1,0.8892506,0.7076061,0,0,0,0,0,0,0,0,0,0,0,0,0,0,0,0,0,0,0,0,0,0.7270473,0.7145139,0,0,0,0,0.7223709,0,0.8842728,1,0.9549267,0,0,0,0,0,0,0,0,0,0,0,0,0,0,0,0,0,0,0,0,0.7730502,0.7945527,0,0,0,0.7706038,0,0,0,0,0.7861116,0.9858681,1,0.8518818,0,0,0,0,0,0,0,0,0,0,0,0,0,0
0,0,0,0,0,0,0,0,0,0,0,0.7047908,0.708362,0.7051742,0.6730711,0.9411102,1,0.8965538,0.6588447,0,0,0,0,0,0,0,0,0,0,0,0,0,0,0,0,0,0,0,0,0,0.7952532,0.8699406,0.8976508,0.9206747,0.9344776,0.8951296,0.8019847,0.8796334,0.9297738,0.9843506,1,0,0,0,0,0,0,0,0,0,0,0,0,0,0,0,0,0,0,0,0,0,0.6155481,0,0,0,0,0,0,0.7176744,0.8130674,0.9706357,1,0.8787829,0.6219523,0.6351215,0,0,0,0,0,0,0,0,0,0,0,0,0,0,0,0,0,0,0,0,0,0,0.6370807,0.6259493,0,0,0.7142319,0.6955046,0.8847818,1,0.9598501,0.7624152,0.6817322,0,0,0,0,0,0,0,0,0,0,0,0,0,0,0,0,0,0,0,0,0,0,0,0,0.7002946,0.6437543,0.6479482,0.7028141,0.8053752,0.9809942,1,0.8571329,0,0,0,0,0,0,0,0,0,0,0,0,0,0
0,0,0,0,0,0,0,0,0,0,0,0,0,0.7275875,0,0.9363763,1,0.9092186,0,0,0,0,0,0,0,0,0,0,0,0,0,0,0,0,0,0,0,0,0,0,0,0,0,0,0.789482,0,0,0,0.92947,1,0.9162771,0,0,0,0,0,0,0,0,0,0,0,0,0,0,0,0,0,0,0,0,0,0,0,0,0,0,0.7239411,0.7378073,0,0.7482451,0.9442601,1,0.8941896,0,0,0,0,0,0,0,0,0,0,0,0,0,0,0,0,0,0,0,0,0,0,0,0,0,0,0,0.7171035,0.7822588,0.7911683,0.8616759,1,0.9516157,0,0,0,0,0,0,0,0,0,0,0,0,0,0,0,0,0,0,0,0,0,0,0,0,0,0,0,0,0,0.7963832,0.7526551,0.9720166,1,0.8480598,0,0,0,0,0,0,0,0,0,0,0,0,0,0
