GestureName: w
Duration(ms): 1081
Handedness: right

SpeakerAngles: 5
55
-55
0
0
110

SpeakerElevations: 5
-10
-10
-10
0
30

InterpretedPoints: 23
-2.37757946890815,-3.12117279296577,3.86824088833465
-2.39885066062147,-0.843017657214696,2.02094453300079
-1.59214337650987,0.706652617261136,1.67364817766693
-1.6134145682232,-3.11453279593946,0.520944533000791
0,-1,0
0,0,0
0,0,0
0,0,0
-0.806707284111599,2.56486252146362,-0.17364817766693
2.46975463299922,-0.913277392179336,3.5
2.44139304404812,0.12659784880972,1.67364817766693
1.62759536269875,-0.592396265452048,1
4.06898840674687,22.0157120811282,-0.972963553338607
8.13797681349374,17.7252154483765,1.87433280199525
4.05480761227132,9.32527894671305,0.284462756331487
-4.06898840674687,-16.1910138650188,0.799315375671677
1.60632417098542,-3.38319718467705,0.194592710667721
6.43947747841724,-3.08738466074229,-1
6.43947747841724,-5.08738466074229,-1
4.81188211571849,-8.72405398716915,-0.958110933998418
3.99099403713134,-15.6965202431807,-1.78446275633149
-0.891792050964899,-24.2173530936796,-2.70068462432832
-9.75139138171694,-22.7941715033526,-0.832443735993671

StrokePoints: 24
0,0,0
-2.37757946890815,-3.12117279296577,3.86824088833465
-4.77643012952962,-3.96419045018046,5.88918542133544
-6.36857350603949,-3.25753783291933,7.56283359900237
-7.98198807426269,-6.37207062885878,8.08377813200316
-7.98198807426269,-7.37207062885878,8.08377813200316
-7.98198807426269,-7.37207062885878,8.08377813200316
-7.98198807426269,-7.37207062885878,8.08377813200316
-7.98198807426269,-7.37207062885878,8.08377813200316
-8.78869535837429,-4.80720810739516,7.91012995433623
-6.31894072537506,-5.7204854995745,11.4101299543362
-3.87754768132694,-5.59388765076478,13.0837781320032
-2.2499523186282,-6.18628391621682,14.0837781320032
1.81903608811867,15.8294281649114,13.1108145786646
9.95701290161241,33.5546436132879,14.9851473806598
14.0118205138837,42.8799225600009,15.2696101369913
9.94283210713686,26.6889086949821,16.068925512663
11.5491562781223,23.305711510305,16.2635182233307
17.9886337565395,20.2183268495628,15.2635182233307
24.4281112349568,15.1309421888205,14.2635182233307
29.2399933506752,6.40688820165131,13.3054072893323
33.2309873878066,-9.28963204152942,11.5209445330008
32.3391953368417,-33.506985135209,8.82025990867246
22.5878039551248,-56.3011566385616,7.98781617267879

Velocities: 23
-4,5,-6
-3,3,-3
-2,3,-2
-2,0,-1
0,0,0
0,0,0
0,0,0
0,0,0
0,1,0
-1,3,-2
0,0,-1
0,0,0
5,5,10
6,6,6
3,1,3
-6,-6,-7
0,-3,-1
7,-3,-4
7,-3,-4
5,-5,-6
5,-6,-6
2,-9,-12
-8,-6,-10

InverseVelocities: 23
3,0,5
0,0,3
0,0,2
0,0,0
0,0,0
0,0,0
0,0,0
0,0,0
0,0,0
0,0,1
0,0,1
0,0,0
0,0,0
0,-1,-2
-4,-6,-7
0,0,0
0,0,0
-3,7,8
-2,6,6
-1,4,4
-7,2,2
-12,3,2
0,0,1

RawData: 23
0,0,0,0,0,0,0,0,0,0.6494398,0.794624,0.8437693,0.8428795,0.8349239,0.8158321,0.9146189,1,0.8687311,0,0,0,0.622609,0.6210111,0,0,0,0,0,0,0,0,0,0,0,0,0,0,0,0,0,0,0,0,0,0,0,0.5941963,0.6490234,0.7788975,0.9030515,0.8427632,0.7368477,0.8603977,0.9549103,1,0.9765853,0.8963871,0.7692011,0,0,0,0,0,0,0,0,0,0,0,0,0,0,0,0.6170628,0,0,0.6562911,0.723462,0.8292067,0.8374622,0.6940905,0.9348716,1,0.9054599,0.7559789,0.8576401,0.9207774,0.9428328,0.8839225,0.7758129,0.7067425,0,0,0,0,0,0,0,0,0,0,0,0,0,0,0,0,0,0,0.6994276,0.7509613,0.7790355,0.8821678,0.8625312,0.8032531,1,0.9370139,0.7696128,0.7707548,0.8501423,0.8948027,0.9050163,0.8271049,0,0,0,0,0,0,0,0,0,0,0,0,0,0,0,0,0,0,0.6443568,0.6439794,0.7948686,0.7805972,0.8716273,0.8963562,0.7311754,0.9791474,0.9878083,0.8668205,0.8312881,0.9072797,0.9802355,1,0.9746422,0.8877921,0.6804975,0,0,0,0,0,0,0
0,0,0,0,0,0,0,0,0,0,0.7603298,0.836575,0.7955241,0.9027135,0.9119416,0.9140254,1,0.9129027,0.7190593,0,0,0,0,0,0,0,0,0,0,0,0,0,0,0,0,0,0,0,0,0,0,0,0,0,0,0,0.7646354,0,0.760399,0.9766334,0.9687745,0.969853,1,0.9862248,0.9774641,0.863297,0,0,0,0,0,0,0,0,0,0,0,0,0,0,0,0,0,0,0,0,0.7107557,0.7189354,0.7535986,0.8028855,0.7708742,0.9700821,1,0.9007163,0.8664967,0.8898388,0.8502655,0.800885,0.7477894,0,0,0,0,0,0,0,0,0,0,0,0,0,0,0,0,0,0,0,0,0,0.7409123,0.7541088,0.8523628,0.8538488,0.889151,1,0.92619,0.8424962,0.8701537,0.8552862,0.7941061,0.7498806,0,0,0,0,0,0,0,0,0,0,0,0,0,0,0,0,0,0,0,0,0.7181752,0.7785936,0.7256379,0.8337984,0.8937271,0.8174043,0.9796984,1,0.95445,0.948711,0.9611316,0.9323217,0.8498701,0,0,0,0,0,0,0,0,0,0
0,0,0,0,0,0,0,0,0,0,0,0.7882728,0.878602,0.8900592,0.8493594,0.8406861,1,0.8860526,0,0,0,0,0,0,0,0,0,0,0,0,0,0,0,0,0,0,0,0,0,0,0,0,0,0,0,0,0,0.8215052,0.8944016,1,0.9684296,0.8164766,0.8472725,0.8358231,0.7082326,0.6817744,0,0,0,0,0,0,0,0,0,0,0,0,0,0,0,0,0,0,0,0,0,0.6390424,0.7897334,0.6797382,0.6749053,0.964604,1,0.8044698,0.8209574,0.7644098,0,0.6765497,0,0,0,0,0,0,0,0,0,0,0,0,0,0,0,0,0,0,0,0,0,0,0.724782,0.7602276,0.7608382,0.8535209,0.6790572,1,0.9936112,0.8830483,0.8519894,0.7803356,0,0.6423587,0,0,0,0,0,0,0,0,0,0,0,0,0,0,0,0,0,0,0,0,0,0,0,0.6993837,0.7325059,0.8414503,0.9754459,1,0.930828,0.8497258,0.8099487,0.7311794,0.7526189,0,0,0,0,0,0,0,0,0,0
0,0,0,0,0,0,0,0,0,0,0,0.7434382,0.8184854,0.8717389,0.7626977,0.9679282,1,0.9067887,0,0,0,0,0,0,0,0,0,0,0,0,0,0,0,0,0,0,0,0,0,0,0,0,0,0,0,0,0.8834881,0.9885166,0.9823682,1,0.9703813,0.784955,0,0,0,0,0,0,0,0,0,0,0,0,0,0,0,0,0,0,0,0,0,0,0,0,0,0,0.83095,0.8949062,0.911571,0.9397929,1,0.9050611,0.705276,0,0,0,0,0,0,0,0,0,0,0,0,0,0,0,0,0,0,0,0,0,0,0,0,0,0,0.7243828,0.8513392,0.9024158,0.9101664,1,0.9481181,0.7310807,0,0,0,0,0,0,0,0,0,0,0,0,0,0,0,0,0,0,0,0,0,0,0,0,0,0,0,0.8381238,0.8383983,0.7413772,0.9652726,1,0.9317504,0.7384807,0,0,0,0,0,0,0,0,0,0,0,0,0
0,0,0,0,0,0,0,0,0,0,0,0,0,0.8229052,0.930406,0.8326536,1,0.9081929,0,0,0,0,0,0,0,0,0,0,0,0,0,0,0,0,0,0,0,0,0,0,0,0,0,0,0,0,0.8242064,0.9373938,1,0.8358549,0.9309518,0,0,0,0,0,0,0,0,0,0,0,0,0,0,0,0,0,0,0,0,0,0,0,0,0,0,0,0,0.7750105,0.7932067,0.9617258,1,0.8758383,0,0,0,0,0,0,0,0,0,0,0,0,0,0,0,0,0,0,0,0,0,0,0,0,0,0,0,0.7071253,0.7857803,0.7909285,0.8703731,1,0.965467,0.7169093,0,0,0,0,0,0,0,0,0,0,0,0,0,0,0,0,0,0,0,0,0,0,0,0,0,0,0,0,0.9145933,1,0.9916413,0.9014502,0.8761855,0,0,0,0,0,0,0,0,0,0,0,0,0,0
0,0,0,0,0,0,0,0,0,0,0,0,0,0,0.7113404,0.9459156,1,0.8823614,0,0,0,0,0,0,0,0,0,0,0,0,0,0,0,0,0,0,0,0,0,0,0,0,0,0,0,0,0,0,0.9097016,1,0.9346451,0,0,0,0,0,0,0,0,0,0,0,0,0,0,0,0,0,0,0,0,0,0,0,0,0,0,0,0,0,0.7744716,0.9665056,1,0.8768969,0,0,0,0,0,0,0,0,0,0,0,0,0,0,0,0,0,0,0,0,0,0,0,0,0,0,0,0,0,0.7543452,0.8740066,1,0.9584914,0.6656552,0,0,0,0,0,0,0,0,0,0,0,0,0,0,0,0,0,0,0,0,0,0,0,0,0,0,0,0,0.7353251,0.9018441,1,0.9253104,0.8016539,0,0,0,0,0,0,0,0,0,0,0,0,0,0
0,0,0,0,0,0,0,0,0,0,0,0,0,0,0.6969167,0.947945,1,0.8751572,0,0,0,0,0,0,0,0,0,0,0,0,0,0,0,0,0,0,0,0,0,0,0,0,0,0,0,0,0,0,0.8289244,1,0.9629667,0.6636243,0,0,0,0,0,0,0,0,0,0,0,0,0,0,0,0,0,0,0,0,0,0,0,0,0,0,0,0,0.6484743,0.9472124,1,0.8589315,0.5793614,0.5308377,0,0,0,0,0,0,0,0,0,0,0,0,0,0,0,0,0,0,0,0,0,0,0,0,0,0,0,0,0.8946829,1,0.9368145,0.5877742,0,0,0,0,0,0,0,0,0,0,0,0,0,0,0,0,0,0,0,0,0,0,0,0,0,0,0,0,0,0.7608389,0.98783,1,0.8090449,0,0,0,0,0,0,0,0,0,0,0,0,0,0
0,0,0,0,0,0,0,0,0,0,0,0,0,0,0.7184929,0.899924,1,0.9264845,0,0,0,0,0,0,0,0,0,0,0,0,0,0,0,0,0,0,0,0,0,0,0,0,0,0,0,0,0,0,0.8344851,1,0.9758542,0,0,0,0,0,0,0,0,0,0,0,0,0,0,0,0,0,0,0,0,0,0,0,0,0,0,0,0,0,0.7761269,0.9144853,1,0.903328,0,0,0,0,0,0,0,0,0,0,0,0,0,0,0,0,0,0,0,0,0,0,0,0,0,0,0,0,0,0,0.8454687,1,0.9827878,0,0,0,0,0,0,0,0,0,0,0,0,0,0,0,0,0,0,0,0,0,0,0,0,0,0,0,0,0,0.6674395,0.7537048,0.9671751,1,0.8651518,0.6884782,0,0,0,0,0,0,0,0,0,0,0,0,0
0,0,0,0,0,0,0,0,0,0,0,0,0,0,0.8270568,0.9112181,1,0.9336516,0,0,0,0,0,0,0,0,0,0,0,0,0,0,0,0,0,0,0,0,0,0,0,0,0,0,0,0,0,0,0.8725156,1,0.96721,0.8257865,0.8255327,0.6979038,0,0,0,0,0,0,0,0,0,0,0,0,0,0,0,0,0,0,0,0,0,0,0,0,0,0.7270856,0.8651862,0.9368387,1,0.9166179,0.7669992,0.7029198,0,0,0,0,0,0,0,0,0,0,0,0,0,0,0,0,0,0,0,0,0,0,0,0,0,0,0.646975,0.8105642,0.9217319,1,0.9645071,0.7287472,0.6741701,0.66734,0.6422672,0,0,0,0,0,0,0,0,0,0,0,0,0,0,0,0,0,0,0,0,0,0,0,0,0,0,0.8741107,0.9849676,1,0.9555153,0.8191902,0,0,0,0,0,0,0,0,0,0,0,0,0
0,0,0,0,0,0,0,0,0,0,0,0,0.6307217,0.7620093,0.820446,0.9296491,1,0.9217411,0.7796959,0.6355214,0,0,0,0,0,0,0,0,0,0,0,0,0,0,0,0,0,0,0,0,0,0,0,0,0,0,0,0,0.6616006,0.9222993,1,0.9629318,0.6820326,0.7654371,0.7105637,0.7184637,0,0,0,0,0,0,0,0,0,0,0,0,0,0,0,0,0,0,0,0,0,0.602041,0.7408311,0.8396577,0.7127792,0.9330804,1,0.9051185,0.8050985,0.7017899,0.6502391,0,0,0,0,0,0,0,0,0,0,0,0,0,0,0,0,0,0,0,0,0,0,0,0,0.675719,0.8141793,0.8520139,0.842744,1,0.9852372,0.7877274,0,0.6787534,0.6377646,0,0,0,0,0,0,0,0,0,0,0,0,0,0,0,0,0,0,0,0,0,0,0,0,0.907698,0.9958586,1,0.8991431,0.8874938,0.9175476,0.962214,0.7564736,0.7521965,0.8421392,0.8268203,0,0.7563803,0.7315594,0,0,0,0,0,0
0,0,0,0,0,0,0,0,0,0,0,0,0,0.8416379,0.8674441,0.9256091,1,0.9129916,0.7739751,0,0,0,0,0,0,0,0,0,0,0,0,0,0,0,0,0,0,0,0,0,0,0,0,0,0,0,0,0.850346,0.8512558,0.9203856,0.9608534,1,0.9258817,0,0,0,0,0,0,0,0,0,0,0,0,0,0,0,0,0,0,0,0,0,0,0,0,0,0.7474727,0.8305215,0.8286456,0.8998964,1,0.8888378,0.7378337,0,0.7655689,0,0,0,0,0,0,0,0,0,0,0,0,0,0,0,0,0,0,0,0,0,0,0,0,0,0.8191742,0.8654754,0.8932042,1,0.9639212,0.8513695,0.8217576,0.7652315,0.7210791,0,0,0,0,0,0,0,0,0,0,0,0,0,0,0,0,0,0,0,0,0,0,0,0,0.8463563,0.9536172,0.9911957,0.9418401,0.9605665,1,0.8511685,0.9274477,0.9521707,0.8715476,0,0,0,0,0,0,0,0,0,0
0,0,0,0,0,0,0,0,0,0,0,0,0,0,0,0.9395716,1,0.9315926,0,0,0,0,0,0,0,0,0,0,0,0,0,0,0,0,0,0,0,0,0,0,0,0,0,0,0,0,0,0,0,1,0.9881115,0,0,0,0,0,0,0,0,0,0,0,0,0,0,0,0,0,0,0,0,0,0,0,0,0,0,0,0,0,0,0.9453673,1,0.9088819,0,0,0,0,0,0,0,0,0,0,0,0,0,0,0,0,0,0,0,0,0,0,0,0,0,0,0,0,0,0,0.89805,1,0.9770654,0,0,0,0,0,0,0,0,0,0,0,0,0,0,0,0,0,0,0,0,0,0,0,0,0,0,0,0,0,0,0,0,1,0,0.9718025,0,0.9719011,0,0,0,0,0,0,0,0,0,0,0
0,0,0,0,0,0,0,0,0,0,0,0,0,0,0.7303481,0.9166251,1,0.9208025,0,0.7000359,0.7101187,0.7391653,0,0.7526125,0.7671059,0,0,0,0,0,0,0,0,0,0,0,0,0,0,0,0,0,0,0,0,0,0,0,0.7891008,0.951703,0.9956542,0,1,0.9784176,0.85948,0.7965969,0.8447782,0.8126875,0,0,0,0,0,0,0,0,0,0,0,0,0,0,0,0,0,0,0,0,0,0,0.7186018,0.9194914,1,0.8986442,0.7992076,0.8489409,0.7717188,0.7488374,0.7744758,0.7630389,0,0,0,0,0.7018946,0.7152854,0,0,0,0,0,0,0,0,0,0,0,0,0,0,0,0,0,0,0.839559,1,0.9742317,0.8018518,0.8554897,0.8092871,0.738659,0.7662619,0.765045,0.7479002,0.698457,0.6977659,0.7276071,0,0,0,0,0,0,0,0,0,0,0,0,0,0,0,0,0,0,0,0,0.827909,0.9465553,0.9612712,0.9050463,0.9254655,0.9820701,0.9063964,1,0.9764081,0.849779,0,0,0,0,0,0,0,0
0,0,0,0,0,0,0,0,0,0,0,0,0,0.6964279,0.6286889,0.8962583,1,0.9254634,0.6947566,0.6784776,0.7218029,0.7952677,0.7619758,0.6283075,0.7068109,0.6626474,0,0,0,0,0,0,0,0,0,0,0,0,0,0,0,0,0,0,0,0.7044076,0.7050017,0.8471203,0.888368,0.9560783,0.9357064,0.9293033,1,0.9074298,0.7239652,0.8184089,0.8464879,0.7916615,0.6987612,0,0,0,0,0,0,0,0,0,0,0,0,0,0,0,0,0,0,0.6325808,0.6711102,0,0.7354548,0.9360573,1,0.922332,0.7803333,0.8194305,0.7504565,0.7139952,0.6660054,0.6225697,0.6749406,0.6425852,0,0,0,0,0,0,0,0,0,0,0,0,0,0,0,0,0,0,0,0,0.6640668,0.660463,0.8612667,1,0.9709352,0.7122504,0.8344536,0.8322817,0,0.6635312,0.7009975,0.755298,0.6460956,0.631229,0.6755735,0,0,0,0,0,0,0,0,0,0,0,0,0,0.6936777,0.7108101,0,0.729193,0.7937921,0.8261665,0.8317066,0.85373,0.945372,1,0.9985178,0.9417686,0.8538995,0.7783418,0.8175554,0.7811325,0,0.7360759,0.6954218,0,0.7432115,0.7190275,0,0,0
0,0,0,0,0,0,0,0,0,0.6660179,0.68317,0.6307927,0.628442,0.6686373,0.6604345,0.9017837,1,0.9264364,0.7554533,0.7544751,0.7544537,0.7352386,0.6745412,0,0,0,0,0,0,0,0,0,0,0,0,0,0,0,0,0,0.7477287,0.7121851,0,0.6998256,0.8545493,0.8785248,0.8181838,0.7736245,0.8882031,1,0.9797156,0.9047402,0.8761165,0.7377816,0,0,0,0,0,0,0,0,0,0,0,0,0,0,0,0,0,0,0.6856075,0.7120973,0,0.6142165,0.7197448,0.7818213,0.8225339,0.8294944,0.7103124,0.9517626,1,0.8330868,0.6320199,0.7674727,0.7308947,0.6792136,0.6210809,0,0,0,0,0,0,0,0,0,0,0,0,0,0,0,0.6560317,0.6497306,0.7141751,0.651685,0,0,0,0,0.6993924,0.8265536,0.8419439,1,0.9935011,0.7254795,0.8082607,0.8160755,0.7566252,0,0,0.644959,0,0,0,0,0,0,0,0,0,0,0,0,0,0,0.6671968,0.661576,0,0.7498953,0.7563539,0.7559547,0.7689522,0.7411298,0.8284994,0.7870331,0.9407366,1,0.9432089,0.8547961,0.826498,0.7498676,0.6794036,0,0,0,0,0,0,0,0,0,0
0,0,0,0,0,0,0,0.614058,0.652869,0.6370372,0.6578687,0.7739712,0.7733313,0.7862279,0.8443982,0.8900424,1,0.9232327,0.5974665,0,0,0,0,0,0,0,0,0,0,0,0,0,0,0,0,0,0,0,0,0,0.6578999,0,0.6259767,0.7902368,0.8543969,0.721692,0.6742116,0.8768628,0.9249192,0.977109,1,0.8580188,0,0,0,0,0,0,0,0,0,0,0,0,0,0,0,0,0,0,0,0,0.6421984,0.6248531,0.631271,0.715108,0.7438678,0.8005416,0.8411733,0.9235084,0.8944038,0.8866413,1,0.9117748,0.626456,0,0,0,0,0,0,0,0,0,0,0,0,0,0,0,0,0,0,0,0,0,0,0,0.6768233,0.6932278,0.6843118,0.8188207,0.8947391,0.9001256,0.9073278,1,0.9433801,0.7232863,0,0,0,0,0,0,0,0,0,0,0,0,0,0,0,0,0,0,0,0,0,0,0.6975583,0.6644851,0.8076732,0.8622182,0.8317119,0,0.8187501,0.9108287,1,0.9994093,0.8650165,0.6619378,0,0,0,0,0,0,0,0,0,0,0,0,0
0,0,0,0,0,0,0,0,0,0,0,0,0,0.795315,0.8157273,0.949785,1,0.8957404,0.7163375,0,0,0,0,0,0,0,0,0,0,0,0,0,0,0,0,0,0,0,0,0,0,0,0,0.7931567,0,0,0.9206848,0.9320658,0.8872579,0.9970909,1,0.9172128,0,0,0,0,0,0,0,0,0,0,0,0,0,0,0,0,0,0,0,0,0,0,0,0,0,0,0.8301722,0.8398286,0.8395093,0.9313388,1,0.9204144,0,0,0,0,0,0,0,0,0,0,0,0,0,0,0,0,0,0,0,0,0,0,0,0,0,0,0,0.8217229,0.768374,0.7876034,0.8704429,1,0.9582451,0.8490365,0.7644168,0,0,0,0,0,0,0,0,0,0,0,0,0,0,0,0,0,0,0,0,0,0,0,0,0,0.8066292,0.9650564,1,0.9594445,0.8693137,0.967598,0.9148214,0.8833864,0.8278536,0,0,0,0,0,0,0,0,0,0,0,0
0,0,0,0,0,0,0,0,0,0,0.628797,0.6617518,0.6717029,0.673015,0.8008403,0.9398881,1,0.8958984,0.6772065,0,0,0.6871808,0.6962347,0.6148994,0,0.6372336,0.6073801,0,0,0,0,0,0,0,0,0,0,0,0,0,0,0,0,0.7241594,0.8881512,0.9756922,1,0.9996315,0.9658104,0.9734687,0.9505482,0.802724,0.7910195,0.8161231,0.7547007,0,0.6934421,0.7450087,0.7988475,0.7928128,0,0,0,0,0,0,0,0,0,0,0,0,0,0,0,0.6567017,0.7227543,0.7979957,0.827906,0.8366474,0.8865131,0.9901721,1,0.8633712,0.7854133,0.6917573,0.7108627,0.6899281,0.6575198,0,0.6688966,0.6732553,0.68093,0.6463371,0,0,0,0,0,0,0,0,0,0,0,0,0,0,0,0,0.6604875,0.7698018,0.7979284,0.7536636,0.8812643,1,0.976294,0.8521596,0.7391464,0.6312858,0.6552237,0.6044842,0.5944313,0.6238511,0.6733341,0.6068957,0.6091151,0.6187823,0,0,0,0,0,0,0,0,0,0,0,0,0,0,0,0.7847881,0.893257,0.9084733,0.8833601,0.9041663,0.9159493,1,0.9256355,0.8881894,0.7368091,0,0,0.7578214,0.7373,0.6915517,0.7385035,0.6700473,0,0,0,0,0
0,0,0,0,0,0,0,0,0,0,0,0.6108465,0.6226463,0,0.7218295,0.93097,1,0.905162,0.7913993,0,0.7465766,0.6874386,0.7116578,0.7321627,0.6511573,0,0.639275,0,0,0,0,0,0,0,0,0,0,0,0,0,0,0,0,0.715385,0.7738416,0.7946432,0.733409,0.8471647,0.9363359,1,0.9329614,0.6677244,0.7965798,0.7926158,0,0,0.7249085,0.7090444,0.7077135,0,0,0,0,0,0,0,0,0,0,0,0,0,0,0,0,0.6153908,0.6568629,0.6682535,0.6857117,0.7126281,0.7352279,0.955346,1,0.8836371,0.6368524,0.7295514,0.7287492,0.6493012,0.6806981,0.6548002,0.5959545,0.6379814,0,0,0,0,0,0,0,0,0,0,0,0,0,0,0,0,0.63397,0.6071343,0.6222399,0.6694033,0.6738116,0.7045889,0.8783751,1,0.948847,0.7594261,0.6343939,0.7602235,0.6936824,0.6481993,0.7110505,0.6201853,0.6660821,0.6089429,0.6250806,0,0,0,0,0,0,0,0,0,0,0,0,0,0,0,0,0.6806712,0.7922677,0.8036125,0.7193425,0.7800068,0.9249267,1,0.8987927,0.7619826,0.7657019,0.7871351,0,0.7265811,0.6704684,0,0.730207,0.6576303,0,0,0,0,0
0,0,0,0,0,0,0,0,0,0,0,0,0.5977297,0.6057589,0,0.9184127,1,0.8937851,0.7628365,0.8328245,0.8682174,0.834995,0.7789335,0.6906559,0.6494513,0,0,0,0,0,0,0,0,0,0,0,0,0,0,0,0,0.6418785,0.6406508,0.6958857,0.8097457,0.7795604,0.8090814,0.871128,0.8940616,1,0.9501443,0.6217523,0,0.6284577,0,0,0.5956563,0,0,0,0,0,0,0,0,0,0,0,0,0,0,0,0,0.5901062,0.5707086,0.6483143,0.7030121,0.6624901,0.676796,0.6773962,0.6986938,0.9415631,1,0.8770849,0.7772775,0.6892226,0.7711655,0.6587492,0.6339402,0.6742821,0,0,0,0,0,0,0,0,0,0,0,0,0,0,0,0,0,0,0.6194696,0.7052498,0.6844102,0.6563603,0.6645861,0.7263906,0.8715477,1,0.927848,0.775049,0.7003628,0.8467674,0.7965482,0.7608116,0.6328054,0.6412615,0.6035687,0.5699567,0.5469562,0,0,0,0,0,0,0,0,0,0,0,0,0,0,0.7388484,0.7757042,0.8287232,0.721763,0.7111754,0.7982562,0.8368241,0.9850996,1,0,0.7567369,0.8543463,0.899978,0.745551,0.7614592,0,0,0,0,0,0,0,0,0
0,0,0,0,0,0,0.6971992,0.6898433,0.6790286,0.7391991,0.6849759,0.7682245,0.7568251,0.7608468,0.8287975,0.8898563,1,0.8897073,0.7754091,0.8182516,0.8102226,0.7659603,0.695281,0.7500967,0.6709597,0,0,0,0,0,0,0,0,0,0,0,0,0,0,0,0.7380008,0.8029739,0.7649747,0.7420521,0.7953779,0.8173649,0.7898048,0.8253703,0.9075832,1,0.8921173,0,0.8387213,0.8137146,0.7424818,0,0,0,0,0,0,0,0,0,0,0,0,0,0,0,0,0,0,0.7252764,0.6720622,0,0.7363821,0,0.7855163,0.7576538,0.7642442,0.9661757,1,0.8821052,0.8112434,0.8262821,0.7523533,0.7941791,0,0,0,0,0,0,0,0,0,0,0,0,0,0.6697223,0.6875129,0.6811805,0.6631127,0,0.7229227,0.7241726,0.7218511,0,0.6607247,0.6871985,0.7345842,0.7458307,0.8461164,1,0.9474684,0.7429462,0.8410164,0.8234229,0.7961763,0.7615415,0,0.675633,0,0,0,0,0,0,0,0,0,0,0,0,0,0,0,0.7434341,0.8278594,0.8861385,0.8705593,0.8276645,0.7657781,0.781989,0.7414969,0.8006918,0.9893512,1,0.8173615,0.8186311,0.8836916,0.8632324,0.7872534,0.7637439,0,0,0,0,0,0,0,0,0
0.6623658,0.6594445,0.6031683,0,0.6712289,0.736315,0.7540646,0.702106,0.7146032,0.8568234,0.8862436,0.8330625,0.9177217,0.9106132,0.8210133,0.9778016,1,0.8739709,0.914871,0.851619,0.7918725,0.7403296,0,0,0,0,0,0,0,0,0,0,0,0,0,0,0,0.6665981,0.7248408,0.7486646,0,0.7238671,0.7607878,0.7889708,0.7528167,0.7351315,0,0,0.7559887,1,0.9873165,0.740593,0,0.6469066,0.7429862,0.648799,0,0,0,0,0,0,0,0,0,0,0.6210565,0.6788174,0,0.6027434,0.6507106,0.6585461,0.6878224,0.7232927,0.6707596,0.8182402,0.8435418,0.8136684,0.883415,0.8825443,0.8971455,0.9543287,1,0.828439,0.9022374,0.8148423,0.6809346,0.6445604,0,0,0,0,0,0,0,0,0,0,0,0.586104,0.6498585,0.5934263,0,0.6809978,0.6738231,0.6533079,0.7598718,0.7587929,0.8606703,0.839485,0.9049016,0.907451,0.8842605,0.8897215,0.9527264,1,0.9551017,0.9020239,0.8681256,0.731401,0.6613296,0,0,0.5802417,0,0,0,0,0,0,0,0,0,0.6469892,0.6190067,0,0,0.6300306,0.6519178,0.6867781,0.7345904,0.8343337,0.8172994,0.8551534,0.9368491,0.9118749,0.8861427,0.8973175,0.8997676,1,0.885064,0.8756304,0.7116084,0.7233061,0.6563377,0.68576,0.6277557,0,0,0,0,0,0,0,0
0,0,0,0,0,0.7262741,0.7229267,0.7645965,0.7206097,0.8331967,0.8539386,0.8168828,0.7691119,0.8175794,0.7008433,0.8979891,1,0.9436772,0.6930237,0.6620659,0,0,0,0,0,0,0,0,0,0,0,0,0,0,0,0,0,0,0,0,0.703465,0.7580767,0.774999,0.7881147,0.7632415,0.7887449,0.7889947,0.7684193,0.8131114,0.9916388,1,0.8593326,0,0,0,0,0,0,0,0,0,0,0,0,0,0,0,0,0,0.6185712,0.6299736,0,0.6473651,0.6558191,0.740977,0.8284339,0.8808069,0.8235897,0.7819474,0.7913467,0.6905909,0.9521695,1,0.9130803,0.7247861,0,0.6165051,0,0,0,0,0,0,0,0,0,0,0,0,0,0,0,0,0,0.7823293,0.879984,0.9345104,0.8758092,0.9026501,1,0.9700631,0.9444578,0.8835207,0.8888418,0.9012874,0.9695044,0.9957714,0.888557,0.7686775,0,0.7392769,0,0,0,0,0,0,0,0,0,0,0,0,0,0,0.6628588,0.7208081,0.7701936,0.7770675,0.7987658,0.7804322,0.8025391,0.9208007,0.9465675,0.7375631,0.8101194,0.9098526,0.765972,0.9963887,1,0.9160697,0,0.7417292,0.7109596,0,0,0,0,0,0,0,0,0,0,0
