GestureName: arrow
Duration(ms): 1034
Handedness: right

SpeakerAngles: 2
55
-55

InterpretedPoints: 22
0,0
-3.2268291364464,1.12972504292725
-4.84024370466959,2.25945008585449
-6.45365827289279,0
-8.06707284111599,-3.38917512878174
2.4201218523348,-8.47293782195435
0,-13.556700515127
1.6134145682232,-12.4269754721997
-2.4201218523348,5.08376269317261
-4.84024370466959,10.1675253863452
0,13.556700515127
0,13.556700515127
2.4201218523348,2.82431260731812
10.4871946934508,-6.21348773609986
19.3609748186784,0
7.26036555700439,-3.95403765024537
0,0
-0.806707284111598,12.9918379936633
0,13.556700515127
4.84024370466959,7.90807530049073
2.4201218523348,3.95403765024536
0,0

StrokePoints: 23
177.666666666667,130.277777777778
177.666666666667,130.277777777778
180.893495803113,129.148052734851
185.733739507783,126.888602648996
192.187397780675,126.888602648996
200.254470621791,130.277777777778
197.834348769457,138.750715599732
197.834348769457,152.307416114859
196.220934201233,164.734391587059
198.641056053568,159.650628893886
203.481299758238,149.483103507541
203.481299758238,135.926402992414
203.481299758238,122.369702477287
201.061177905903,119.545389869969
190.573983212452,125.758877606069
171.213008393774,125.758877606069
163.95264283677,129.712915256314
163.95264283677,129.712915256314
164.759350120881,116.721077262651
164.759350120881,103.164376747524
159.919106416212,95.2563014470331
157.498984563877,91.3022637967878
157.498984563877,91.3022637967878

Velocities: 22
0,0
-1,3
-1,5
-4,4
-8,2
-6,-9
-12,-12
-10,-12
3,6
6,12
12,12
12,12
4,1
1,-12
12,-12
1,-8
0,0
11,12
12,12
10,4
5,2
0,0

InverseVelocities: 22
0,0
0,0
1,-2
5,-3
0,-5
0,0
0,0
0,1
0,0
0,0
0,-12
0,0
-4,-5
-12,0
-12,0
-11,0
0,0
-1,0
0,0
0,0
0,0
0,0

RawData: 22
0,0,0,0,0,0,0,0,0,0,0,0,0,0,0,0,0.9984382,1,0.7971157,0.6561738,0,0,0,0,0,0,0,0,0,0,0,0,0,0,0,0,0,0,0,0,0,0,0,0,0,0,0,0.7374333,0.950767,1,0.9054534,0.657806,0,0,0,0,0,0,0,0,0,0,0,0,0,0
0,0,0,0,0,0,0,0,0,0,0,0,0.5587454,0.7284735,0.7786042,0.7656716,0.9974802,1,0.843411,0.5885528,0,0,0,0,0,0,0,0,0,0,0,0,0,0,0,0,0,0,0,0,0,0,0,0,0,0,0.564559,0.6870062,0.9376724,1,0.8907079,0.6319974,0.6723756,0.5715409,0.5562262,0.5882547,0,0,0,0,0,0,0,0,0,0
0,0,0,0,0,0,0,0,0,0,0,0,0.6943075,0.7538623,0.7335873,0.8208832,1,0.9969885,0.8121278,0.7822669,0.6902902,0,0,0,0,0,0,0,0,0,0,0,0,0,0,0,0,0,0,0,0,0,0,0,0.6656865,0.6777031,0,0,0.9413088,1,0.890883,0.6464537,0.6832073,0.6198158,0.6426199,0.6101366,0.6017658,0.6042556,0,0,0,0,0,0,0,0
0,0,0,0,0,0,0,0,0,0.6602314,0.7583548,0.7566795,0.7414852,0.7216637,0.6301134,0.678208,1,0.9922957,0,0.6656142,0.6544864,0,0.6113604,0.6388851,0.6214912,0,0,0,0,0,0,0,0,0,0,0,0,0,0,0,0,0,0,0.5569749,0.6263649,0.6659821,0,0.6660315,0.9401052,1,0.890314,0.6117763,0.615449,0.661694,0.5609007,0.5932186,0.5453887,0,0,0,0,0,0,0,0,0
0,0,0,0,0,0.645465,0.7285354,0.7422837,0.6905429,0.6660376,0.7217868,0.7430489,0.6965904,0.6866906,0,0.8301831,1,0.9774116,0.7034804,0,0,0,0,0,0,0,0,0,0,0,0,0,0,0,0,0,0,0,0,0,0,0.5797951,0.5973098,0.6580122,0.6550076,0.6626858,0.7274493,0.7021217,0.9413238,1,0.8588559,0.6853822,0.6658777,0.6759761,0.6051164,0,0,0,0,0,0,0,0,0,0,0
0,0,0,0,0,0,0,0.7290625,0.7101786,0,0,0.7586347,0.7788053,0.79729,0.7534328,0.8371584,1,0.9787656,0.7403418,0,0,0,0,0,0,0,0,0,0,0,0,0,0,0,0,0,0,0.650911,0.677963,0,0,0.6703936,0,0,0,0.6454305,0.6819256,0.7648691,0.955322,1,0.8871986,0,0,0,0,0,0,0,0,0,0,0,0,0,0,0
0.7313249,0.7161846,0.7723209,0.8118575,0.760886,0.706542,0.7368865,0.7186101,0,0,0,0,0,0.7031043,0.7050962,0.7936491,1,0.9923499,0.7676463,0,0,0,0,0,0,0,0,0,0,0,0,0,0,0.7461417,0.6243933,0.6231769,0,0.6332315,0.6390287,0.6937079,0.7126123,0.6645862,0.6480517,0.6174502,0.6394723,0.6220859,0,0.696148,0.9439687,1,0.8966846,0,0,0,0,0,0,0,0,0,0,0,0,0,0,0
0,0,0,0.6697582,0.6953065,0,0,0.6734,0.7057479,0.6956876,0,0.6519314,0.6664156,0,0,0.8464118,1,0.9884369,0.8048736,0.6659651,0,0,0,0,0,0,0,0,0,0,0,0,0,0.6779481,0.6930475,0.6936902,0.6963135,0.6887857,0.6741631,0.6871914,0.6456185,0.7013659,0.741614,0.7353037,0.7503613,0.7500672,0.7257536,0.6303407,0.9386103,1,0.881719,0.7040475,0.6239113,0.6194084,0,0,0,0,0,0,0,0,0,0,0,0
0,0,0,0,0,0,0,0,0,0,0,0,0,0,0.6922757,0.8048126,1,0.9813999,0.76174,0.7173679,0.7619771,0.77148,0.7305694,0,0,0,0,0,0,0,0,0,0,0,0,0,0,0,0,0,0,0,0,0,0,0,0.7064595,0.6962961,0.9564467,1,0.8844589,0.7267675,0.7192327,0.7491159,0.7704518,0.7210359,0.6719691,0.6868189,0.6673386,0,0,0,0,0,0,0
0,0,0,0,0,0,0,0,0,0,0,0,0,0,0.6260597,0.87694,1,0.9762978,0.7671932,0.6562623,0.6490068,0.7247828,0.683109,0.6916171,0.7174523,0.6367492,0,0,0,0,0,0,0,0,0,0,0,0,0,0,0,0,0,0,0,0,0,0,0.9362451,1,0.8843489,0,0.5936,0.6596357,0.6523636,0.6949642,0.688069,0.7003059,0.6939442,0.6775712,0.6437643,0.6469402,0.6458451,0.6146364,0.597423,0.664416
0,0,0,0,0,0,0,0,0,0,0,0,0,0,0,0.8012432,1,0.9803076,0.8613898,0.7839747,0.7714193,0.7569626,0.816721,0.8724201,0.8039762,0.7045654,0,0,0.7275288,0.7453347,0,0.7639081,0.7139366,0.6197792,0.6199276,0,0,0,0,0,0,0,0,0,0,0,0,0,0.9368181,1,0.8901457,0,0,0,0,0,0.6426632,0,0.6424892,0.6307454,0,0,0.645386,0,0.6435924,0.6269693
0,0,0,0,0,0,0,0,0,0,0,0,0,0,0,0.8503591,1,0.988463,0.8873138,0.8079352,0.8483056,0.7246232,0.7387241,0.7151555,0.8370042,0.8216164,0.8009426,0.76082,0.7320445,0.6919474,0.7524459,0.7820661,0.7612962,0,0,0,0,0,0,0,0,0,0,0,0,0,0,0,0.9416578,1,0.8911094,0,0,0.6371784,0.6130673,0.6397266,0.6321598,0.604471,0.6040519,0.6511653,0,0.6459161,0.688468,0.6693753,0.6024246,0
0,0,0,0,0,0,0,0,0,0.6681955,0.6989123,0,0.7223041,0.7456321,0.6688703,0.8111784,0.9885456,1,0.8616045,0.6531621,0.6992947,0.6448761,0.6428003,0.6532489,0,0,0,0,0,0,0,0,0,0,0,0,0,0,0,0,0,0.6175408,0.6349596,0,0,0,0,0.6597148,0.9451493,1,0.8791797,0.7243111,0,0.609477,0,0,0,0,0,0,0,0,0,0,0,0
0.6191798,0.6712033,0.6685623,0.7015463,0.7051966,0.6946375,0.7153238,0.6748507,0.6866314,0.7751863,0.7748134,0.7245362,0.6812269,0.6738179,0.7556877,0.7784258,1,0.986794,0.8749662,0.8727081,0.7070243,0,0,0,0,0,0,0,0,0,0,0,0,0,0.6568596,0.7077105,0.716626,0.6830612,0.6031835,0.6804576,0.6627433,0.6937941,0,0,0,0,0.5976356,0.6832213,0.9494143,1,0.8249696,0.8032185,0.6985583,0,0,0,0,0,0,0,0,0,0,0,0,0
0.6593305,0.6942888,0.714895,0,0.6443113,0.7487643,0.7482306,0.7069804,0,0.7170128,0.7584522,0.7022133,0.7636312,0.7377651,0.6531745,0.766399,0.9922777,1,0.9103401,0.9303653,0.7982309,0,0,0,0,0.634626,0.6473292,0.6404737,0.6331504,0,0,0.664254,0.6604932,0,0.6222124,0,0,0.6657267,0.671385,0.6906574,0.6232221,0.6568563,0.6712565,0.6257931,0.6593385,0.6299593,0,0.662989,0.9380791,1,0.8956924,0.7297766,0.6595412,0,0,0,0,0,0,0,0,0,0,0,0,0
0,0,0.6740144,0,0,0.675657,0,0.6779168,0.6922655,0.728714,0.71263,0.6781697,0.7175958,0.7450955,0,0.8491218,1,0.9843188,0.8907905,0.9091473,0.7249978,0,0,0,0,0,0,0,0,0,0,0,0,0.6362978,0,0,0,0,0.6285097,0,0,0,0,0,0,0.6708093,0.6654903,0.6653144,0.9345185,1,0.9075387,0,0.6194052,0,0,0,0,0,0,0,0,0,0,0,0,0
0,0,0,0,0,0,0,0,0,0,0,0,0,0,0,0.7800202,1,0.9582147,0.9580238,0.9047059,0,0,0,0,0,0,0,0,0,0,0,0,0,0,0,0,0,0,0,0,0,0,0,0,0,0,0,0.7187423,0.9453458,1,0.882713,0.7423829,0.7127402,0,0,0,0,0,0,0,0,0,0,0,0,0
0,0,0,0,0,0,0,0,0,0,0,0,0.5843754,0.572971,0.6694125,0.8855172,1,0.9588319,0.7785709,0.6628833,0.6366437,0.6234426,0.6704952,0.6525749,0.6007928,0.6006558,0,0,0.6277977,0.6645253,0.6158772,0,0.5909256,0,0,0,0,0,0,0,0,0,0,0,0,0,0,0.5537114,0.9248155,1,0.905876,0.5508108,0.5369023,0.5324158,0.5399646,0,0,0,0.610841,0.681172,0.6090287,0.5802277,0,0.5975085,0.6592791,0.6052735
0,0,0,0,0,0,0,0,0,0,0,0,0,0,0,0.8042046,1,0.9960467,0.8115453,0.7612584,0.6860123,0,0,0.6704467,0.6563358,0,0.6967757,0.6637916,0,0.6552074,0.7138219,0.7148771,0.7497661,0,0,0,0,0,0,0,0,0,0,0,0,0,0,0,0.9381645,1,0.8637304,0.659919,0,0,0.638944,0,0.6420031,0.6495373,0.61784,0.6132736,0.6212342,0.6738332,0.6566782,0,0.6071586,0
0,0,0,0,0,0,0,0,0,0,0,0,0,0,0,0.8543371,1,0.9318035,0.799307,0,0.7037624,0,0,0,0.7170673,0,0,0,0.6303642,0.6539912,0,0,0,0,0,0,0,0,0,0,0,0,0,0,0,0,0,0.5781326,0.9353671,1,0.8966644,0,0.6248654,0.5975972,0.6089759,0.6617541,0.6349364,0,0,0,0,0,0,0,0,0
0,0,0,0,0,0,0,0,0,0,0,0,0,0,0.6643411,0.8838753,1,0.9674992,0.5934266,0.7589443,0.7771131,0.7465356,0.6226602,0.6357953,0.6344771,0,0,0,0,0,0,0,0,0,0,0,0,0,0,0,0,0,0,0,0,0,0,0.7128481,0.9494326,1,0.8622952,0.6891791,0.7144648,0.5894532,0.5516943,0,0,0,0,0,0,0,0,0,0,0
0,0,0,0,0,0,0,0,0,0,0,0,0,0,0.7899308,0.8972983,1,0.9913777,0,0.7718155,0,0,0,0,0,0,0,0,0,0,0,0,0,0,0,0,0,0,0,0,0,0,0,0,0,0,0,0,0.9433876,1,0.9088116,0,0,0,0,0,0,0,0,0,0,0,0,0,0,0
