GestureName: rectangle
Duration(ms): 1175
Handedness: right

SpeakerAngles: 2
55
-55

InterpretedPoints: 25
0,0
0,0
0,0
0,0
1.6134145682232,1.12972504292725
0.806707284111599,1.69458756439087
-4.84024370466959,-2.25945008585449
-0.806707284111598,-12.9918379936633
0,-11.2972504292725
0,0
0,0
-3.22682913644639,-11.2972504292725
0,0
-3.2268291364464,-2.25945008585449
1.6134145682232,9.03780034341798
8.87378012522759,6.21348773609986
0,13.556700515127
0,13.556700515127
0,13.556700515127
0,13.556700515127
8.87378012522758,7.34321277902711
12.100609261674,-0.564862521463624
3.22682913644639,-4.51890017170899
1.6134145682232,-1.12972504292725
0,0

StrokePoints: 26
177.666666666667,130.277777777778
177.666666666667,130.277777777778
177.666666666667,130.277777777778
177.666666666667,130.277777777778
177.666666666667,130.277777777778
176.053252098443,129.148052734851
175.246544814332,127.45346517046
180.086788519001,129.712915256314
180.893495803113,142.704753249978
180.893495803113,154.00200367925
180.893495803113,154.00200367925
180.893495803113,154.00200367925
184.120324939559,165.299254108522
184.120324939559,165.299254108522
187.347154076006,167.558704194377
185.733739507783,158.520903850959
176.859959382555,152.307416114859
176.859959382555,138.750715599732
176.859959382555,125.194015084605
176.859959382555,111.637314569478
176.859959382555,98.0806140543513
167.986179257327,90.7374012753242
155.885569995653,91.3022637967878
152.658740859207,95.8211639684968
151.045326290984,96.950889011424
151.045326290984,96.950889011424

Velocities: 25
0,0
0,0
0,0
0,0
2,0
2,1
-5,1
-12,-11
-10,-10
0,0
0,0
-12,-8
0,0
-4,0
9,7
11,0
12,12
12,12
12,12
12,12
12,1
7,-8
-2,-6
0,-2
0,0

InverseVelocities: 25
0,0
0,0
0,0
0,0
0,0
0,0
0,-1
1,0
0,0
0,0
0,0
1,0
0,0
0,0
0,0
0,0
0,0
0,0
0,0
0,-5
0,-7
-1,0
0,0
0,0
0,0

RawData: 25
0,0,0,0,0,0,0,0,0,0,0,0,0,0,0,0.8244614,1,0.9730785,0.6896159,0,0,0,0,0,0,0,0,0,0,0,0,0,0,0,0,0,0,0,0,0,0,0,0,0,0,0,0,0.6165182,0.9386213,1,0.8720056,0,0,0,0,0,0,0,0,0,0,0,0,0,0,0
0,0,0,0,0,0,0,0,0,0,0,0,0,0,0,0.8221885,1,0.9813853,0.7373032,0,0,0,0,0,0,0,0,0,0,0,0,0,0,0,0,0,0,0,0,0,0,0,0,0,0,0,0,0,0.941341,1,0.8898607,0,0,0,0,0,0,0,0,0,0,0,0,0,0,0
0,0,0,0,0,0,0,0,0,0,0,0,0,0,0,0.833915,1,0.9858976,0,0,0,0,0,0,0,0,0,0,0,0,0,0,0,0,0,0,0,0,0,0,0,0,0,0,0,0,0,0,0.9493486,1,0.8967484,0,0,0,0,0,0,0,0,0,0,0,0,0,0,0
0,0,0,0,0,0,0,0,0,0,0,0,0,0,0,0.8062515,0.9813913,1,0.8585541,0,0,0,0,0,0,0,0,0,0,0,0,0,0,0,0,0,0,0,0,0,0,0,0,0,0,0,0,0,0.9342412,1,0.8853544,0,0,0,0,0,0,0,0,0,0,0,0,0,0,0
0,0,0,0,0,0,0,0,0,0,0,0,0,0,0,0,0.9607953,0.9023594,1,0.965794,0.8765643,0.7306309,0,0,0,0,0,0,0,0,0,0,0,0,0,0,0,0,0,0,0,0,0,0,0,0,0,0,0.9340077,1,0.8892956,0,0,0,0,0,0,0,0,0,0,0,0,0,0,0
0,0,0,0,0,0,0,0,0,0,0,0,0,0,0,0.8690043,1,0.9614962,0.8950144,0.8456701,0.8383713,0.8297681,0,0,0,0,0,0,0,0,0,0,0,0,0,0,0,0,0,0,0,0,0,0,0,0,0,0.6885453,0.9437777,1,0.8745248,0.7725113,0.7869646,0.733738,0,0,0,0,0,0,0,0,0,0,0,0
0,0,0,0,0,0,0,0,0.7485078,0.7854492,0.7994996,0.8058825,0.7784611,0.7276911,0.7273196,0.8158512,0.9877799,1,0.8698587,0,0,0,0,0,0,0,0,0,0,0,0,0,0,0,0,0,0,0,0,0,0,0,0,0,0,0.6938915,0.7222793,0.7434138,0.9396231,1,0.8857552,0.6556328,0,0.6632211,0,0,0,0,0,0,0,0,0,0,0,0
0.7092053,0.7474114,0.7984741,0.8195576,0.7882692,0.7240166,0.7006839,0.7724499,0.6658825,0.7223021,0.7176352,0.7348813,0.6867445,0.7975233,0.7853476,0.8401026,1,0.993802,0.8458741,0.8108422,0.7300453,0,0,0,0,0,0,0,0,0,0,0,0,0,0,0.6509717,0.6239383,0.608888,0.6873572,0.6999506,0.6474952,0.6199468,0.651448,0.6634647,0.6075555,0.6410937,0.6746035,0.6597865,0.9347411,1,0.8897204,0.639813,0,0,0,0,0,0,0,0,0,0,0,0,0,0
0,0,0,0.790591,0.7944598,0,0,0,0,0.8405573,0.8621551,0.8331621,0,0,0,0,1,0.9788141,0.7898341,0.7966154,0,0,0,0,0,0,0,0,0,0,0,0,0,0,0,0,0.6840618,0.6832782,0,0,0,0,0,0,0,0,0.7077454,0.7486109,0.9357277,1,0.8930398,0.787321,0.6960809,0,0,0,0,0,0,0,0,0,0,0,0,0
0,0,0,0,0,0,0,0,0,0,0,0,0,0,0.8096175,0.9180396,1,0.9545146,0.9471967,0.8738083,0,0,0,0,0,0,0,0,0,0,0,0,0,0,0,0,0,0,0,0,0,0,0,0,0,0,0,0,0.9420981,1,0.8920482,0.7548941,0.7223338,0,0,0,0,0,0,0,0,0,0,0,0,0
0,0,0,0,0,0,0,0,0,0,0,0,0,0,0,0.8183643,0.9631564,1,0.8201178,0.8197194,0,0,0,0,0,0,0,0,0,0,0,0,0,0,0,0,0,0,0,0,0,0,0,0,0,0,0,0.7523146,0.9346973,1,0.8937202,0.7961664,0.778915,0,0,0,0,0,0,0,0,0,0,0,0,0
0,0.7280235,0.734148,0,0,0,0,0,0,0,0,0,0,0,0,0.8878861,1,0.9148389,0.8385914,0.789448,0.7164997,0,0,0,0,0,0,0,0,0,0,0,0,0,0,0,0,0,0.6941028,0.700403,0,0.6829686,0.6831647,0,0,0,0.667855,0.725273,0.940794,1,0.8675458,0.7526479,0.7184154,0,0,0,0,0,0,0,0,0,0,0,0,0
0,0,0,0,0,0,0,0,0,0,0,0,0,0,0,0.8334947,1,0.9978961,0.8618448,0,0,0,0,0,0,0,0,0,0,0,0,0,0,0,0,0,0,0,0,0,0,0,0,0,0,0,0,0,0.9600077,1,0.876067,0,0,0,0,0,0,0,0,0,0,0,0,0,0,0
0,0,0,0,0,0,0,0,0,0.7482592,0.7568021,0,0,0.7741848,0.8099254,0.84052,1,0.994086,0.8223214,0.7513663,0,0,0,0,0,0,0,0,0,0,0,0,0,0,0,0,0,0,0,0,0,0,0,0,0,0,0.6411195,0.6868978,0.9389506,1,0.9177673,0.6467842,0,0,0,0,0,0,0,0,0,0,0,0,0,0
0,0,0,0,0,0,0,0,0,0,0,0,0,0,0,0.8403151,1,0.9823366,0.800785,0.7230676,0.7453474,0.6960995,0.7213552,0.7001231,0.7061238,0.6923011,0.6919107,0.6319003,0.5913342,0,0,0,0,0,0,0,0,0,0,0,0,0,0,0,0,0,0,0.6371195,0.943021,1,0.875585,0.5713297,0,0.5770569,0.6323792,0.6303431,0.6359652,0.6300634,0.6238006,0.5702397,0,0,0,0,0,0
0,0,0,0,0,0,0,0,0,0,0,0,0,0,0,0.8753956,1,0.9927391,0.8575683,0,0,0,0,0,0,0,0,0,0.7316678,0.7749164,0.7543411,0,0,0,0,0,0,0,0,0,0,0,0,0,0,0,0,0.7290341,0.9533494,1,0.8908312,0,0,0,0,0,0,0,0,0,0,0,0,0,0,0
0,0,0,0,0,0,0,0,0,0,0,0,0,0,0.7936352,0.894841,0.9876394,1,0,0,0,0.6820185,0.6700078,0.6632679,0.7324994,0,0,0,0,0,0,0.7940028,0.7658858,0,0,0,0,0,0,0,0,0,0,0,0,0,0,0.7012362,0.926934,1,0.8801953,0.5914313,0,0,0,0.5734783,0.5991701,0.5806369,0.5901396,0.5879338,0.6141894,0.6189935,0,0,0.5759141,0.6398342
0,0,0,0,0,0,0,0,0,0,0,0,0,0,0.77717,0.9498639,1,0.9220462,0.712024,0,0,0,0.6520919,0.726827,0.7845073,0.8045548,0.7972603,0.7549505,0.7517626,0.8062902,0.8266664,0.8172401,0.7556901,0,0,0,0,0,0,0,0,0,0,0,0,0,0,0.7783549,0.9508501,1,0.8871115,0,0,0,0,0,0.6593915,0,0,0.6572344,0.6187497,0.6978996,0.7609746,0.7469323,0.7085155,0.6817586
0,0,0,0,0,0,0,0,0,0,0,0,0,0,0.792872,0.9010863,0.9521183,1,0.8622125,0,0,0,0.7877267,0.810286,0.8149263,0,0,0,0,0,0,0.8199727,0,0,0,0,0,0,0,0,0,0,0,0,0,0,0,0.7316772,0.9356079,1,0.8923972,0.7170118,0,0,0.7304211,0.7761792,0.6992019,0,0,0,0.721347,0.7420746,0.7326088,0,0.7333126,0
0,0,0,0,0,0,0,0,0,0,0,0,0,0,0,0,1,0.9919466,0.9234059,0.8464555,0.8300871,0.741238,0,0.8676106,0.8647399,0.7789792,0.8807034,0.8791168,0.7681008,0,0.8098143,0.8063615,0.7536311,0,0,0,0,0,0,0,0,0.6153877,0.6636838,0,0,0,0,0,0.9277084,1,0.9142161,0.7971271,0.7600611,0.7220133,0.747471,0.7637408,0.6096765,0.7136391,0.7055169,0.7234291,0.7197749,0.6448228,0,0,0.6139947,0.6269525
0,0,0,0,0,0,0,0,0,0,0,0,0,0,0,0.8708213,1,0.990366,0.8894243,0.8311116,0.9018569,0.9020114,0.8043455,0.8618132,0.8572775,0.8374519,0,0.7840903,0.7832301,0.7679421,0.7582972,0.7596476,0,0,0,0,0,0,0,0.7035159,0.7066998,0,0.7944495,0.8595917,0.8473993,0.7614264,0.721835,0.8047062,0.9643541,1,0.8722538,0.7440454,0.7110247,0.6900088,0,0,0,0,0,0,0,0,0,0,0,0
0,0,0,0,0,0,0,0,0,0,0,0,0.7741005,0.8063443,0.7999029,0.8478084,1,0.9409925,0.7943478,0.8512951,0.8633498,0.7892691,0.6540985,0.7709818,0,0.692453,0.6695518,0,0,0,0,0,0,0,0,0,0,0,0.6619754,0.6783294,0.659783,0.6987701,0.6881368,0.7887642,0.8112102,0.7869861,0.7447543,0.7820739,0.9061825,1,0.8979882,0.6127934,0.6000849,0,0,0,0,0,0,0,0,0,0,0,0,0
0,0,0,0,0,0,0,0,0,0,0,0.6729191,0.817058,0.8554081,0.841428,0.8618135,0.9868848,1,0.8086513,0,0,0,0,0,0,0,0,0,0,0,0,0,0,0,0,0,0,0,0,0,0.5968032,0.6990319,0.7498637,0.7072897,0.7090043,0.7356789,0.6266614,0.7214813,0.9362047,1,0.8884566,0,0,0,0,0,0,0,0,0,0,0,0,0,0,0
0,0,0,0,0,0,0,0,0,0,0,0,0,0.860088,0.9292891,0.9370283,1,0.9848872,0.8080944,0,0,0,0,0,0,0,0,0,0,0,0,0,0,0,0,0,0,0,0,0,0,0,0,0,0.7358278,0.7999799,0.836764,0.8499568,0.9643374,1,0.8961346,0,0,0,0,0,0,0,0,0,0,0,0,0,0,0
0,0,0,0,0,0,0,0,0,0,0,0,0,0,0.8000209,0.92451,1,0.9834418,0.8386582,0.7340997,0,0,0,0,0,0,0,0,0,0,0,0,0,0,0,0,0,0,0,0,0,0,0,0,0,0,0.6862285,0.7366061,0.9455919,1,0.897412,0.6812901,0,0,0,0,0,0,0,0,0,0,0,0,0,0
