GestureName: star
Duration(ms): 1410
Handedness: right

SpeakerAngles: 2
55
-55

InterpretedPoints: 30
0,0
0,0
0.806707284111599,0.564862521463624
0.806707284111599,0.564862521463624
1.6134145682232,9.03780034341798
-1.6134145682232,12.4269754721997
4.03353642055799,9.6026628648816
0,13.556700515127
4.03353642055799,8.47293782195435
6.45365827289279,1.12972504292725
12.100609261674,-5.08376269317261
11.2939019775624,-5.64862521463624
9.68048740933918,0
-1.6134145682232,12.4269754721997
2.4201218523348,11.8621129507361
-5.64695098878119,8.47293782195435
-12.9073165457856,-1.12972504292725
0,-7.90807530049073
0,1.12972504292725
-0.806707284111599,10.7323879078088
0,13.556700515127
0.806707284111598,12.9918379936633
2.4201218523348,5.08376269317261
11.2939019775624,-5.64862521463624
5.64695098878119,2.82431260731812
5.64695098878119,2.82431260731812
-1.6134145682232,2.25945008585449
0,0
0,0
0,0

StrokePoints: 31
177.666666666667,130.277777777778
177.666666666667,130.277777777778
177.666666666667,130.277777777778
176.859959382555,129.712915256314
176.053252098443,129.148052734851
174.43983753022,120.110252391433
176.053252098443,107.683276919233
172.019715677885,98.0806140543513
172.019715677885,84.5239135392243
167.986179257327,76.0509757172699
161.532520984435,74.9212506743427
149.431911722761,80.0050133675153
138.138009745198,85.6536385821516
128.457522335859,85.6536385821516
130.070936904082,73.2266631099518
127.650815051748,61.3645501592158
133.297766040529,52.8916123372614
146.205082586314,54.0213373801886
146.205082586314,61.9294126806794
146.205082586314,60.7996876377521
147.011789870426,50.0672997299433
147.011789870426,36.5105992148163
146.205082586314,23.518761221153
143.78496073398,18.4349985279804
132.491058756417,24.0836237426166
126.844107767636,21.2593111352985
121.197156778855,18.4349985279804
122.810571347078,16.1755484421259
122.810571347078,16.1755484421259
122.810571347078,16.1755484421259
122.810571347078,16.1755484421259

Velocities: 30
0,0
0,0
1,0
1,0
9,7
10,12
11,6
12,12
10,5
5,-3
3,-12
2,-12
6,-6
10,12
12,9
4,11
-9,7
-7,-7
1,1
9,10
12,12
12,11
6,3
2,-12
6,-1
6,-1
1,3
0,0
0,0
0,0

InverseVelocities: 30
0,0
0,0
0,0
0,0
0,0
0,-2
0,0
0,0
-4,-10
-12,0
-12,0
-12,0
-12,2
0,0
0,0
-9,0
0,-9
0,0
0,0
0,0
0,-4
-8,-12
-12,-12
-12,0
-2,8
-7,12
-7,0
0,0
0,0
0,0

RawData: 30
0,0,0,0,0,0,0,0,0,0,0,0,0,0,0,0.8377787,1,0.9863225,0.731211,0,0,0,0,0,0,0,0,0,0,0,0,0,0,0,0,0,0,0,0,0,0,0,0,0,0,0,0,0,0.9344397,1,0.9116082,0,0,0,0,0,0,0,0,0,0,0,0,0,0,0
0,0,0,0,0,0,0,0,0,0,0,0,0,0,0,0.8019223,1,0.9895711,0.766713,0,0,0,0,0,0,0,0,0,0,0,0,0,0,0,0,0,0,0,0,0,0,0,0,0,0,0,0,0.6028789,0.9426603,1,0.8583673,0.5932463,0,0,0,0,0,0,0,0,0,0,0,0,0,0
0,0,0,0,0,0,0,0,0,0,0,0,0,0,0,0.8026526,1,0.9880629,0.7345565,0.5927913,0.5958537,0,0,0,0,0,0,0,0,0,0,0,0,0,0,0,0,0,0,0,0,0,0,0,0,0,0,0.6341709,0.9425337,1,0.8859228,0.5451586,0,0,0,0,0,0,0,0,0,0,0,0,0,0
0,0,0,0,0,0,0,0,0,0,0,0,0,0,0,0.8519003,1,0.9758853,0.6978668,0.6832067,0.6832585,0,0,0,0,0,0,0,0,0,0,0,0,0,0,0,0,0,0,0,0,0,0,0,0,0,0,0,0.9440464,1,0.9066356,0.7548609,0.726423,0,0,0,0,0,0,0,0,0,0,0,0,0
0,0,0,0,0,0,0,0,0,0,0,0,0,0,0,0.8809119,1,0.9684807,0.6956993,0,0,0,0,0,0,0,0,0.6665578,0.6818293,0,0,0,0,0,0,0,0,0,0,0,0,0,0,0,0,0,0,0,0.9443794,1,0.894791,0,0.6168955,0.6261632,0,0.6406858,0.699523,0.6650995,0.6391277,0.6460686,0,0,0,0,0,0
0,0,0,0,0,0,0,0,0,0,0,0,0,0,0,0.6524493,0.9983456,1,0.7584919,0.7175936,0.7349766,0.7460344,0,0,0.6887278,0.7002961,0,0.6699231,0.7552984,0.6924953,0,0,0,0,0,0,0,0,0,0,0,0,0,0,0.5577834,0.6154907,0.6493192,0.7265903,0.9503536,1,0.8812943,0.573321,0,0.6350095,0.5969833,0.5748128,0.6412444,0.6612908,0.6062476,0.6517743,0.5524569,0.5763714,0,0.6399719,0.5896955,0
0,0,0,0,0,0,0,0,0,0,0,0,0,0,0,0.9248893,1,0.9540385,0.7680113,0,0,0,0.7808211,0.7539626,0.76162,0,0.7667581,0.7839062,0,0.8017887,0.7662805,0,0,0,0,0,0,0,0,0,0,0,0,0,0,0,0,0.7297791,0.9398489,1,0.8968429,0,0.7108573,0.7235674,0,0,0,0.7404071,0.7080802,0,0,0,0,0,0,0
0,0,0,0,0,0,0,0,0,0,0,0,0,0,0,0.8166776,1,0.975216,0,0.7032752,0.7599026,0.7836013,0.7360484,0,0,0,0,0,0.7471781,0.7417867,0.8338873,0.8603339,0.8632992,0,0,0,0,0,0,0,0,0,0,0,0,0,0,0.6873819,0.938365,1,0.8976392,0.7338635,0.6538242,0,0.7345265,0.7375811,0.6563238,0.6931863,0.6670843,0.6282244,0.6819096,0.7420157,0.7536186,0.7370884,0.6932636,0
0,0,0,0,0,0,0,0,0,0.6789171,0.7468087,0.7555016,0,0,0,0,0.9798243,1,0.9182522,0.8700719,0.80923,0.7907743,0.799953,0.7944865,0.7262096,0.6790909,0.732354,0.6934394,0,0.6888807,0,0,0,0,0,0,0.6248485,0.6253324,0,0,0,0.6217949,0.6707277,0.6763796,0,0,0.6342364,0.7159603,0.9474267,1,0.8799974,0.7462257,0.7211509,0.6948848,0.671137,0.6586178,0,0.6258182,0,0,0,0,0,0,0,0
0,0.8035169,0.8482853,0.8209667,0,0,0.7819309,0.7856563,0.7754351,0.7997534,0.7948105,0.7510516,0.7928027,0.7389795,0.7462171,0.8325216,1,0.9916598,0.8870119,0.8038775,0.8160083,0.7773935,0.819984,0.81211,0.8005349,0,0,0,0,0,0,0,0.7559915,0.7063206,0,0,0,0,0,0,0,0,0,0.7166007,0.7080103,0.704003,0,0,0.9453997,1,0.8904812,0.7442688,0.6677574,0,0,0,0,0,0,0,0,0,0,0,0,0
0,0.7730668,0,0,0,0,0,0.7619662,0.7665285,0,0,0,0.7512443,0.7995024,0.7824663,0.8628584,1,0.9878299,0.8630043,0.7664028,0,0.8165982,0.8012216,0,0,0,0,0,0,0,0,0,0.7632561,0.7827237,0.707076,0,0,0,0,0,0,0.6862563,0.6947516,0,0,0,0,0.6889337,0.9533087,1,0.894962,0.7678474,0.7124385,0,0,0,0,0,0,0,0,0,0,0,0,0
0.7826294,0.7911513,0.8111053,0.7909664,0.7603676,0.7900026,0.7791864,0.7117174,0.7411728,0.7073767,0,0.7531803,0.7330638,0.7296918,0.6306887,0.745218,0.984998,1,0.8938637,0.8403545,0,0.6202338,0,0,0,0,0,0,0,0,0,0,0,0.6314692,0.6269801,0,0.6437501,0.5753794,0,0.5920727,0.5668871,0.6100272,0.6435779,0.5881063,0.6301855,0.6652614,0,0.6307793,0.9328892,1,0.8863102,0.7288105,0.6725792,0,0,0,0,0,0,0,0,0,0,0,0,0
0,0.6090997,0.6523656,0.6819518,0.6935369,0.716239,0.7557864,0.7682413,0.7764364,0.7699787,0.7786517,0.7908989,0.7855729,0.7242661,0.7079901,0.8643321,1,0.9631546,0.8961874,0.89171,0.7941849,0.6708056,0.7340444,0.6574408,0.6417453,0.6224442,0,0,0,0,0,0,0,0,0,0,0,0,0,0,0.5785297,0.5930559,0.5972281,0.6414689,0.6924607,0.6991951,0.741606,0.7304085,0.9438121,1,0.8854889,0.6908329,0.5678466,0.6119198,0.6146137,0,0,0,0,0,0,0,0,0,0,0
0,0,0,0,0,0,0,0,0,0,0,0,0,0,0.7732247,0.9116188,0.9929652,1,0,0,0,0.7973333,0,0,0,0,0,0,0.7606074,0.7735919,0,0,0,0,0,0,0,0,0,0,0,0,0,0,0,0,0.7233425,0.755366,0.9406968,1,0.8935929,0.6709529,0,0.6605522,0,0,0.6810434,0.6979358,0.7043729,0,0,0,0,0,0.7180731,0.738161
0,0,0,0,0,0,0,0,0,0,0,0,0,0,0.6529232,0.8985346,1,0.9667661,0.739712,0.6989688,0,0.6945912,0.7060041,0.6516446,0,0,0.6677807,0.6619234,0,0.7172711,0.7332181,0.6657332,0,0,0,0,0,0,0,0,0,0,0,0,0,0,0,0.6797358,0.9403206,1,0.8966445,0.6102582,0.6206316,0,0,0.6090549,0.6319361,0,0.5881814,0.6317177,0.6588637,0.6465249,0,0,0,0
0,0,0,0,0.7552924,0.7384647,0.7644482,0.7851057,0.7982596,0.7999827,0.7453461,0,0.7420418,0.7661842,0.7668809,0.8680975,1,0.976972,0.8568817,0.8071159,0.7785439,0.7778793,0.7800735,0.7521213,0,0,0,0,0,0,0,0,0,0,0,0,0,0,0,0,0,0,0,0,0,0,0,0.7123863,0.9429764,1,0.9044429,0.7076378,0,0.6664323,0.6795486,0,0,0.6923625,0.6803472,0.6673926,0,0.6794929,0.728179,0.6690925,0,0
0,0,0,0,0.7118354,0.7044182,0.7091601,0.7576156,0,0,0,0,0,0.7018851,0.7375002,0.8284907,1,0.965243,0,0.7175685,0,0,0,0,0,0,0,0,0,0,0,0,0,0,0,0,0,0.6107138,0.687589,0.747137,0.7206703,0,0,0.6855288,0.7372656,0.7145475,0.6425997,0.7318848,0.9501768,1,0.9038249,0.7189754,0,0,0,0,0,0,0,0.6065205,0,0,0,0,0,0
0,0,0,0,0,0,0.7232259,0.737161,0.7272602,0.7296361,0.706538,0,0,0.7541965,0.7788826,0.7974373,0.9976904,1,0.8557442,0,0,0,0,0,0,0,0,0,0,0,0,0,0,0,0,0,0,0,0,0.6989027,0.7760487,0.7934589,0.7892818,0.7409284,0.6664395,0,0.6378446,0.6416813,0.9434971,1,0.8858432,0.6542768,0,0,0,0,0,0,0,0,0,0,0,0,0,0
0,0,0,0,0,0,0,0,0,0,0,0,0,0,0.7097083,0.831099,1,0.980845,0.8048058,0.8222414,0.7145385,0,0,0,0,0,0,0,0,0,0,0,0,0,0,0,0,0,0,0,0,0,0,0,0,0,0,0.7031426,0.9460443,1,0.8900551,0.737793,0.6767504,0.6220564,0,0,0,0,0,0,0,0,0,0,0,0
0,0,0,0,0,0,0,0,0,0,0,0,0,0,0,0.8756657,1,0.957675,0.9148839,0.8815436,0.7303779,0.767661,0.879559,0.9054666,0.8764084,0.8363126,0.8041373,0.7571128,0.7000691,0,0,0,0,0,0,0,0,0,0,0,0,0,0,0,0,0,0,0.7127351,0.9426221,1,0.8864633,0.6929682,0.6277229,0.7280768,0.6812596,0,0.6536195,0.6726348,0.6402798,0.6588079,0.6602528,0.6200425,0.5975342,0,0,0
0,0,0,0,0,0,0,0,0,0,0,0,0,0,0,0.8966817,0.9287597,1,0.814038,0.7761343,0.780644,0.8695989,0.9064602,0.7891287,0.7129653,0,0.7699556,0.8393293,0.8550423,0.8304887,0.8084453,0.7766647,0.7688875,0,0,0,0,0,0,0,0,0,0.5678773,0.5893449,0,0,0,0.5892326,0.9365637,1,0.8858467,0.5895872,0.6405833,0,0.6913991,0.7091197,0.6808318,0.7009525,0.6479752,0.6045533,0.6764635,0.6518695,0.612657,0,0.6085207,0.5845363
0,0,0,0,0,0.6879653,0.689586,0.6811011,0.7185368,0.7007223,0,0.7303239,0.7480045,0.7024838,0.6869756,0.8541356,1,0.9718455,0.8092177,0.7281888,0.7694442,0.7664806,0.7408239,0.8182836,0.8018042,0.7378311,0,0.6863961,0,0.7714593,0.7898951,0.7788926,0.6759001,0.6962811,0.6644408,0.6101113,0,0,0.6491398,0.6981986,0.6764503,0.6490014,0.7082061,0.7406826,0.654496,0.7050476,0.7340214,0.6588515,0.9390627,1,0.8903664,0.7110253,0.7182508,0.7550337,0.718026,0.6605205,0.6825971,0.6114534,0.6046478,0,0,0,0.5972503,0.599153,0,0
0.8004985,0.8202021,0.7432861,0.8588301,0.8378851,0.7154722,0.7250376,0.7062846,0.7069656,0.8397566,0.8188578,0.8220423,0.8320714,0.7866482,0.760061,0.8605082,1,0.9454054,0.8275749,0.7180298,0.7268767,0.7060557,0,0,0.6563895,0.6909246,0,0,0,0,0,0,0,0,0.7024278,0.7035846,0,0.673824,0.6509923,0.5771294,0.6647542,0.6283691,0.6762555,0.6633538,0,0.6375234,0,0,0.9391124,1,0.8704082,0.6809288,0.6039643,0,0,0.602156,0,0,0,0,0,0,0,0,0,0
0,0.7063488,0.7377257,0.8175089,0.8586355,0.861544,0.8267007,0.7270535,0.7714182,0.8150259,0.720664,0.6625054,0.7292548,0,0,0.7967632,0.992931,1,0.7931951,0,0.6639605,0.7187743,0,0,0,0,0,0,0,0,0,0,0,0.6817648,0.6779782,0.7299302,0.7549244,0.7502802,0.7191918,0.6862152,0.691921,0.7147583,0.7195022,0.7226733,0.7168064,0.6994508,0.5823002,0.6847049,0.9380762,1,0.895115,0.6042248,0,0,0,0,0,0,0,0,0,0,0,0,0,0
0,0,0,0,0,0,0,0,0,0,0,0.7930305,0.8037196,0.7832591,0.9066759,0.912035,1,0.8337716,0.9050089,0.9097618,0.8924012,0,0.8020956,0.8143599,0.8236338,0.8058783,0,0,0,0,0,0,0,0,0,0,0,0,0,0,0,0,0,0,0,0.6386755,0.6601428,0.6762443,0.9449729,1,0.8880246,0,0.6943938,0.7434019,0.744645,0.722827,0.6502903,0.6260968,0.6398832,0.6380767,0.6321549,0,0,0,0,0
0,0,0,0,0,0,0.7070491,0.7542053,0.7519413,0,0.7262372,0.7643604,0,0.6906912,0.7524138,0.8208662,0.9631134,1,0.950027,0.8874423,0.7556074,0.7698677,0.7258837,0,0.7472861,0.6974306,0,0,0,0,0,0,0,0,0,0,0,0,0,0,0,0,0,0,0,0.6546193,0.66488,0.6414925,0.9477769,1,0.8992493,0.7037821,0,0.7025797,0.6283568,0.7014974,0.6425288,0.6191241,0.686309,0.723912,0.6929429,0.6341178,0.6615974,0.6805505,0.6292358,0
0,0,0,0,0,0,0.7213078,0.7736825,0,0,0,0,0.7361989,0.7836527,0.7465686,0.8307704,1,0.999189,0.8191361,0.7324833,0.7692891,0,0,0,0,0,0,0,0,0,0,0,0,0,0,0,0,0,0,0,0,0,0,0,0,0,0.6154203,0.6530049,0.9226906,1,0.9074665,0.6868943,0,0,0,0.6316746,0,0,0,0,0,0,0,0,0,0
0,0,0,0,0,0,0,0,0,0,0,0,0,0,0,0.7856416,1,0.983244,0.7920487,0.7733449,0,0,0,0,0,0,0,0,0,0,0,0,0,0,0,0,0,0,0,0,0,0,0,0,0,0,0,0,0.9515303,1,0.8678167,0,0,0,0,0,0,0,0,0,0,0,0,0,0,0
0,0,0,0,0,0,0,0,0,0,0,0,0,0,0.7760981,0.845593,1,0.9801261,0.8169705,0,0,0,0,0,0,0,0,0,0,0,0,0,0,0,0,0,0,0,0,0,0,0,0,0,0,0,0,0,0.9486873,1,0.9137098,0.7301117,0,0,0,0,0,0,0,0,0,0,0,0,0,0
0,0,0,0,0,0,0,0,0,0,0,0,0,0,0.717355,0.8900501,1,0.9664072,0.7541326,0,0,0,0,0,0,0,0,0,0,0,0,0,0,0,0,0,0,0,0,0,0,0,0,0,0,0,0,0.7727814,0.9404595,1,0.889298,0.6632785,0,0,0,0,0,0,0,0,0,0,0,0,0,0
