GestureName: zigzag
Duration(ms): 1128
Handedness: right

SpeakerAngles: 2
55
-55

InterpretedPoints: 24
1.6134145682232,-10.1675253863452
1.6134145682232,-3.38917512878174
-1.6134145682232,1.12972504292725
1.6134145682232,12.4269754721997
0,13.556700515127
-0.806707284111598,12.9918379936633
-8.06707284111599,6.77835025756348
-1.6134145682232,-6.77835025756348
0,-13.556700515127
2.4201218523348,-11.8621129507361
0,-13.556700515127
0,13.556700515127
0,13.556700515127
-4.03353642055799,10.7323879078088
0,6.77835025756348
2.4201218523348,0.564862521463624
10.4871946934508,-2.82431260731812
18.5542675345668,-0.564862521463623
0.806707284111598,-12.9918379936633
6.45365827289279,-4.51890017170899
-7.26036555700439,6.21348773609986
-4.84024370466959,10.1675253863452
-1.6134145682232,7.90807530049073
2.4201218523348,5.08376269317261

StrokePoints: 25
177.666666666667,130.277777777778
176.053252098443,140.445303164123
174.43983753022,143.834478292905
176.053252098443,142.704753249978
174.43983753022,130.277777777778
174.43983753022,116.721077262651
175.246544814332,103.729239268987
183.313617655448,96.950889011424
184.927032223671,103.729239268987
184.927032223671,117.285939784114
182.506910371336,129.148052734851
182.506910371336,142.704753249978
182.506910371336,129.148052734851
182.506910371336,115.591352219724
186.540446791894,104.858964311915
186.540446791894,98.0806140543513
184.120324939559,97.5157515328876
173.633130246109,100.340064140206
155.078862711542,100.904926661669
154.27215542743,113.896764655333
147.818497154538,118.415664827042
155.078862711542,112.202177090942
159.919106416211,102.034651704597
161.532520984435,94.1265764041059
159.1123991321,89.0428137109333

Velocities: 24
-8,-10
-2,-4
0,2
12,10
12,12
11,12
1,11
-7,-5
-12,-12
-9,-12
-12,-12
12,12
12,12
7,12
6,6
2,-1
4,-9
11,-12
-11,-12
0,-8
1,10
6,12
6,8
6,3

InverseVelocities: 24
3,0
1,0
0,0
-2,0
0,0
-4,-11
-11,-4
0,0
12,0
12,1
0,0
0,0
0,0
-11,-5
-10,-11
-5,0
-7,6
-9,4
0,0
0,0
0,0
-9,-6
0,0
-1,-4

RawData: 24
0,0,0,0,0,0.6388044,0.6990303,0.779295,0.7868355,0.7768818,0.6748727,0.7522753,0.7051774,0.6043816,0.7510659,0.7726383,0.9948846,1,0.7535736,0.7773966,0.7006451,0.6264813,0.5881273,0,0,0,0,0,0,0,0,0,0,0,0,0,0.5691012,0.6952136,0.7191323,0,0.6866271,0.7308232,0.679077,0.6243346,0.6143554,0.6934862,0.6564152,0.5634462,0.9223387,1,0.8908429,0.6469894,0.6201401,0,0,0,0,0,0,0,0,0,0,0,0,0
0,0,0,0,0,0,0,0,0,0,0,0.8193359,0.9052439,0.9343682,0.8844052,0.8682144,1,0.8980023,0.8886079,0.7877235,0.7219005,0,0,0,0,0,0,0,0,0,0,0,0,0,0,0,0,0,0,0,0,0,0.6779337,0.6430007,0,0.6605544,0.7495272,0.7343485,0.9259658,1,0.8684059,0.7627144,0.7334804,0,0,0,0,0,0,0,0,0,0,0,0,0
0,0,0,0,0,0,0,0,0,0,0,0,0,0.7300975,0.8306876,0.7270774,1,0.9867761,0.7625758,0.776713,0,0,0,0,0,0,0,0,0,0,0,0,0,0,0,0,0,0,0,0,0,0,0,0,0,0,0,0.6661413,0.9493892,1,0.9008178,0.7423068,0.7019099,0.6817312,0.6765356,0,0,0,0,0,0,0,0,0,0,0
0,0,0,0,0,0,0,0,0,0,0,0.7173766,0.7259283,0.7500333,0.7460497,0.9024946,1,0.9927133,0.8499529,0.7751405,0.8727571,0.764874,0.8313066,0.8737518,0.8877045,0.8994411,0.9038032,0.9103011,0.8991401,0.878963,0.8478525,0.8063094,0.7573869,0,0,0,0,0,0,0,0,0,0,0,0,0,0,0.7233202,0.9392973,1,0.8980432,0,0.7465656,0.7732206,0.8063786,0.8204253,0.7857159,0.7409739,0.7130944,0.6763701,0,0.6335985,0.6385335,0,0,0
0,0,0,0,0,0,0,0,0,0,0,0,0,0,0.787997,0.8344927,0.9946538,1,0.8527032,0.7147021,0.7969832,0,0.7221919,0,0.7530707,0,0.7138954,0,0.8619816,0.78622,0.8569028,0.7303532,0,0,0,0,0,0,0,0,0,0,0,0,0,0,0,0,0.9399714,1,0.8815139,0.6232511,0,0.6779429,0.7504896,0.7015975,0.6919006,0.6556168,0.6568462,0.6224259,0.6823078,0.7107658,0,0.7120079,0.7729835,0.7174444
0,0,0,0,0,0,0,0,0,0.643876,0.7504159,0.6672842,0,0.703235,0.7057716,0.8265523,1,0.9872542,0.8120672,0.7128707,0.6340882,0.669801,0.6935904,0.7242778,0.7213172,0.6790075,0,0.7094229,0.7388839,0.7088183,0.6917942,0,0.7232243,0.6012663,0,0.6209399,0.586459,0,0.6072137,0.6064936,0.6020499,0.5866163,0.5858329,0.5918431,0,0,0.6226501,0.6584048,0.9409881,1,0.8781728,0.5820048,0.641633,0.6147332,0.618022,0,0.5906805,0.5869442,0,0,0,0.6655434,0.6860605,0.7055229,0.6982611,0.6978185
0.6687996,0,0.6467822,0.6734651,0.6922212,0.6619762,0,0.7031035,0.7509543,0.7633045,0.7780424,0,0.6792722,0.7166865,0.7728035,0.8312778,1,0.9930187,0.8415871,0.7378709,0.6975122,0,0,0,0,0,0,0,0,0,0,0,0,0,0,0,0,0,0,0,0,0,0.6824572,0.6812922,0.6514134,0.6909023,0.6431519,0.6676928,0.9319069,1,0.8885796,0.6538002,0.6343609,0,0,0,0,0.6881757,0.7152648,0.7056077,0.65244,0,0.6336864,0.6359944,0,0.6165033
0,0,0,0,0,0,0.7251894,0.7341923,0,0,0,0.7846199,0.7760071,0,0.780312,0.7813895,1,0.960218,0.8704534,0.8026192,0,0,0,0,0,0,0,0,0,0,0,0,0,0,0,0,0,0,0,0,0,0.6937616,0.715629,0.7003379,0.6756457,0.6849435,0,0.6765479,0.9500084,1,0.886346,0.7121907,0,0,0,0,0,0,0,0,0,0,0,0,0,0
0.6172438,0.6356521,0.693068,0.6644459,0.6254297,0.7423941,0.7361649,0.7053432,0.7259519,0.6183457,0.7133302,0.6211629,0.6430526,0.6201102,0.7074411,0.7911603,1,0.9768792,0.846164,0,0,0.7110733,0.6650911,0,0,0,0.6399376,0.6153768,0.6547247,0.6783627,0.6694849,0.6128643,0.610022,0.6678663,0.6601412,0.6219912,0.6532943,0.6275025,0.693953,0.7061164,0.6912857,0.6580358,0.5997198,0.6384558,0.6355559,0.6281024,0.6158853,0.7166345,0.9473352,1,0.8788921,0.6235554,0.6319233,0,0,0,0,0,0,0,0,0,0,0,0,0
0.6526552,0,0,0,0.7177451,0.7470339,0.7266755,0.6772986,0.7451898,0.7604513,0.7499145,0.7861301,0.7729285,0.7889423,0.7497587,0.8107321,1,0.9907686,0.8734101,0.7830522,0.680393,0,0.6251975,0.6346339,0.6689423,0,0,0.727256,0.7612448,0.7403873,0.7045255,0.7916511,0.8314913,0.6847667,0.6447577,0,0.6167029,0,0.5496283,0.5752849,0.6143532,0.5641845,0,0,0,0.6134022,0.5751956,0.5853748,0.9159922,1,0.914633,0.693082,0.6015667,0.5833942,0,0,0,0,0,0,0,0,0,0,0,0
0.8002927,0.8034976,0.7927538,0.7852601,0.7629077,0.7606124,0.7295306,0.7167756,0.7565854,0.7290955,0.725456,0.7679045,0,0.7066906,0.7977622,0.8675411,0.9993015,1,0.9164746,0.8014535,0,0,0,0,0,0,0,0,0,0,0,0,0,0.7126606,0.6915708,0.6637409,0.6306591,0,0,0.6815838,0,0,0,0,0,0,0.7270755,0.7978248,0.9618914,1,0.8303239,0.7610573,0,0,0,0,0,0,0,0,0,0,0,0,0,0
0,0,0,0,0,0,0,0,0,0,0,0,0,0.838112,0.917459,0.8815309,1,0.989785,0.8294432,0.8618203,0.8160192,0.8764226,0.8663142,0.8528519,0.872145,0.8789701,0.8722298,0.8723804,0.8753676,0.833919,0.8235391,0.8028038,0.8270874,0,0,0,0,0,0,0,0,0,0,0,0,0,0.7325983,0.7715095,0.9570479,1,0.890117,0.7412769,0,0,0.6692377,0.6537297,0,0,0.6654751,0.6729964,0.667002,0.6592498,0.6995558,0.69517,0.7244496,0.7150874
0,0,0,0,0,0,0,0,0,0,0,0,0,0.7271001,0.7871397,0.83292,1,0.9788491,0.8885411,0.7253548,0.7213843,0.7358093,0,0,0,0.7132084,0,0.7386399,0.7127811,0,0,0.7261585,0.7958841,0,0,0,0,0,0,0,0,0,0,0,0,0,0.6397328,0.7342379,0.9274468,1,0.9049189,0.6335818,0.6510776,0.6623208,0.6332619,0.6524066,0.6171693,0,0.5984409,0.6124189,0.6168069,0.6449621,0,0.6153191,0.6979203,0
0,0,0.7132891,0.6739988,0,0,0,0.771046,0.7898679,0.695646,0,0,0,0.6736946,0.7957667,0.8401101,0.9660081,1,0.8629395,0.7595932,0.7781487,0.7907081,0.8100422,0.8121666,0.8239089,0.7937473,0.734005,0,0,0,0,0,0.6940045,0,0,0,0,0,0,0,0,0.5991329,0.6308837,0.6421115,0.65947,0.6753636,0,0.7206671,0.9279144,1,0.90624,0.6820599,0.6592514,0.6784587,0.7017592,0.6957073,0.7376519,0.6632316,0.6612472,0.672544,0.6435114,0.6436989,0.6082754,0.6862456,0.661738,0
0.7493759,0,0,0.7839479,0.7810582,0.7805867,0,0.8252107,0.8185031,0.7544546,0,0.8118403,0.8112233,0.7572764,0,0.8171046,0.9352074,0.981958,1,0.8157971,0.797848,0.7473956,0.7584989,0.7779464,0.8031575,0.7523949,0,0,0,0,0,0,0,0,0,0.6879335,0.7134891,0.6443535,0,0.6198657,0.6318969,0,0,0.6445953,0.7052622,0,0.6314016,0.6298004,0.9336311,1,0.8773683,0.712873,0.637487,0,0,0.6848004,0.6943126,0,0.6332437,0,0,0,0,0,0,0
0,0,0,0,0,0,0,0,0.6972422,0.7339679,0.7003131,0.7990407,0.7109784,0,0,0,0.9199628,1,0.9356813,0,0.6957558,0.6774999,0,0,0,0,0,0,0,0,0,0,0,0,0,0,0,0,0,0,0,0,0,0,0,0.7010783,0.7707741,0.7736995,0.9652892,1,0.8595135,0.7484217,0,0,0,0,0,0,0,0,0,0,0,0,0,0
0,0,0,0,0,0,0.7561028,0.8334214,0.8378778,0.7766496,0.7892928,0.8082896,0.7811853,0.7150356,0.7452496,0.8589684,1,0.9532591,0.9522475,0.9131401,0.796094,0,0.7126961,0.6861927,0,0,0,0,0,0,0,0,0,0,0,0,0,0.648884,0.6846835,0.6854398,0,0,0.6253114,0.6341475,0,0,0.7163355,0.7147432,0.9332221,1,0.8867454,0.7051855,0,0.6738846,0.6199796,0.6440027,0.6604012,0.6588388,0.6489427,0,0,0,0,0,0,0
0,0,0,0,0.644994,0.7083396,0.7163015,0.7257047,0.714009,0.6587204,0.6524377,0.7130977,0.7545344,0.6357507,0,0.8442199,1,0.9703996,0.6841725,0.7856879,0.7168666,0,0,0.651346,0.6833814,0.6325588,0,0,0,0.655799,0.6629018,0,0,0.6207802,0.6750463,0.6961682,0.6027478,0.5837674,0.6468675,0.6407534,0,0,0,0.6414148,0.6314225,0.646957,0.6122866,0.5977024,0.9340627,1,0.9012978,0.7422556,0.6300365,0.6331253,0.6689041,0.6437308,0.5861503,0,0,0,0,0,0,0,0,0
0,0,0.7189955,0.7247986,0,0,0,0,0,0,0,0,0,0,0,0.8030763,0.9809457,1,0.871098,0,0,0,0,0,0,0,0,0,0,0,0,0,0,0,0.73263,0.7100996,0,0,0,0,0,0,0,0,0,0.6681209,0.6718711,0,0.9366236,1,0.9013385,0,0.6865148,0,0,0,0,0,0,0,0,0,0,0,0,0
0,0,0,0,0,0,0,0,0,0,0,0,0,0,0,0.8313231,1,0.9837087,0.8109195,0,0,0,0,0,0,0,0,0,0,0,0,0,0,0,0,0,0,0,0.6236722,0.6256728,0.6199703,0.6345162,0.6292394,0.6406042,0.6187155,0.6322584,0.6622898,0.68664,0.9386386,1,0.8694975,0.7382392,0,0,0,0,0,0,0,0,0,0,0,0,0,0
0,0,0,0,0,0,0,0,0,0,0,0,0,0,0.8313392,0.8241267,1,0.9900724,0.7942357,0.7620849,0.7723976,0,0,0,0,0,0,0,0,0,0,0,0,0,0,0,0,0,0,0,0,0,0,0,0,0,0,0.7615463,0.935895,1,0.8917112,0.6207415,0,0,0.6553029,0.6159028,0.6109629,0,0,0,0,0.6903151,0.6839283,0,0,0
0,0,0,0,0.6588226,0.6644881,0.6374811,0.6412124,0.5975755,0.6162271,0.651638,0.6380185,0.6595914,0.7741174,0.8846236,0.9388567,1,0.954686,0.6675888,0,0.6797266,0,0,0,0.6318808,0.6384804,0,0,0,0,0,0,0,0,0,0,0,0,0,0,0.5455578,0.5413111,0.5704141,0.5640168,0.6186619,0.5673165,0.6170584,0.7783303,0.9618867,1,0.8687571,0.6524892,0.6121995,0.5604966,0.6534034,0.637421,0.5793241,0.5436764,0.6068327,0,0.6244887,0.5971203,0.5784456,0.5943439,0.5432036,0.5585124
0,0,0,0,0,0,0,0,0,0,0,0,0,0.7912122,0.9239995,0.9030015,0.9642809,1,0.8561965,0,0,0.8033093,0.8120651,0,0,0.8078343,0,0,0,0,0,0,0,0,0,0,0,0,0,0,0,0,0,0,0,0,0,0.7391772,0.9507352,1,0.8871267,0.7108445,0,0,0,0,0,0.7053965,0,0,0.732613,0,0,0,0,0
0,0,0,0,0,0,0,0,0,0,0,0,0.7207509,0.7242072,0.871866,0.9476851,0.9501377,1,0.8794045,0.8740772,0.8655029,0.8287725,0.8204458,0.7829961,0.7744654,0.732716,0,0,0,0,0,0,0,0,0,0,0,0,0,0,0,0,0.6353167,0.6536148,0.638421,0,0,0.671911,0.9386106,1,0.9038354,0.7244896,0.7287573,0.7196746,0.6449276,0.6342863,0,0,0,0,0,0,0,0,0,0
