GestureName: caret
Duration(ms): 799
Handedness: right

SpeakerAngles: 5
55
-55
0
0
110

SpeakerElevations: 5
-10
-10
-10
0
30

InterpretedPoints: 17
0,0,0
1.6417761571743,2.92974026503536,1.47905546699921
-4.01935562608244,10.2552956558788,-1.43107448733702
8.95177449484311,1.66585930507478,4.63175911166535
6.51038145079499,12.7987115421196,2.2635182233307
0,4.92403876506104,-0.868240888334652
-3.2268291364464,2.25945008585449,-0.694592710667721
-0.806707284111599,-3.54967027447583,0.347296355333861
-1.6417761571743,-7.88416352407198,-0.958110933998418
-7.33126952938214,-20.2596934758645,-1.35338826899446
-8.15215760796929,-31.5605658727067,-0.443258314658228
-8.15215760796929,-32.6902909156339,-0.0959619593243675
-7.34545032385769,-32.1254283941703,-0.269610136991298
-7.33126952938214,-20.5343358087068,-0.832443735993671
-4.86860529362069,-8.02908081398702,-0.784462756331487
-0.806707284111599,-2.54967027447583,0.347296355333861
0,0,0

StrokePoints: 18
0,0,0
0,0,0
1.6417761571743,2.92974026503536,1.47905546699921
-2.37757946890815,13.1850359209141,0.0479809796621842
6.57419502593496,14.8508952259889,4.67974009132753
13.08457647673,27.6496067681085,6.94325831465823
13.08457647673,32.5736455331695,6.07501742632358
9.85774734028356,34.833095619024,5.38042471565586
9.05104005617196,31.2834253445482,5.72772107098972
7.40926389899766,23.3992618204762,4.7696101369913
0.0779943696155252,3.13956834461165,3.41622186799684
-8.07416323835376,-28.420997528095,2.97296355333861
-16.226320846323,-61.111288443729,2.87700159401424
-23.5717711701807,-93.2367168378993,2.60739145702294
-30.9030406995629,-113.771052646606,1.77494772102927
-35.7716459931836,-121.800133460593,0.990484964697785
-36.5783532772952,-124.349803735069,1.33778132003165
-36.5783532772952,-124.349803735069,1.33778132003165

Velocities: 17
0,0,0
0,2,1
0,7,7
0,0,5
2,2,6
0,0,5
0,4,0
-1,0,-1
0,-2,-4
-6,-7,-8
-9,-11,-12
-10,-12,-12
-9,-12,-12
-8,-9,-7
-3,-1,-3
-1,0,-1
0,0,0

InverseVelocities: 17
0,0,0
0,0,0
0,0,0
0,0,0
0,0,0
0,0,0
0,0,0
0,0,0
0,0,0
0,0,0
0,0,0
0,0,0
0,0,0
0,0,0
0,0,0
0,0,0
0,0,0

RawData: 17
0,0,0,0,0,0,0,0,0,0,0,0,0,0,0,0.8924707,1,0.8887864,0,0,0,0,0,0,0,0,0,0,0,0,0,0,0,0,0,0,0,0,0,0,0,0,0,0,0,0,0,0,0.7345039,1,0.996358,0.7439651,0.7382248,0,0,0,0,0,0,0,0,0,0,0,0,0,0,0,0,0,0,0,0,0,0,0,0,0,0,0,0,0.9217457,1,0.8749689,0.6647653,0,0,0,0,0,0,0,0,0,0,0,0,0,0,0,0,0,0,0,0,0,0,0,0,0,0,0,0,0,0.8062171,1,0.9779618,0.7467293,0,0,0,0,0,0,0,0,0,0,0,0,0,0,0,0,0,0,0,0,0,0,0,0,0,0,0,0,0,0,0.9465471,1,0.8129476,0,0,0,0,0,0,0,0,0,0,0,0,0,0
0,0,0,0,0,0,0,0,0,0,0,0,0,0,0,0.8959773,1,0.9084174,0.6955758,0.6158794,0,0,0,0,0,0,0,0,0,0,0,0,0,0,0,0,0,0,0,0,0,0,0,0,0,0,0,0,0.7520574,1,0.9778655,0,0.7133697,0.7507239,0.6885878,0,0,0,0,0,0,0,0,0,0,0,0,0,0,0,0,0,0,0,0,0,0,0,0,0,0,0.9186872,1,0.8817644,0.7218507,0.6134536,0.6260095,0,0,0,0,0,0,0,0,0,0,0,0,0,0,0,0,0,0,0,0,0,0,0,0,0,0,0,0.8153152,1,0.9768423,0.767249,0.7155434,0.646397,0.5920147,0,0,0,0,0,0,0,0,0,0,0,0,0,0,0,0,0,0,0,0,0,0,0,0,0,0,0,0.9049533,1,0.8860667,0.6802722,0.7322514,0.780527,0.7344014,0.6623926,0,0,0,0,0,0,0,0,0
0,0,0,0,0,0,0,0,0,0,0,0,0,0,0,0.9032192,1,0.9300401,0.7340267,0.6907299,0,0,0,0,0,0,0,0,0,0,0,0,0,0,0,0,0,0,0,0,0,0,0,0,0,0,0,0,0.8516673,1,0.9928851,0,0,0.8224381,0,0,0,0,0.8269629,0.8723712,0,0,0,0,0,0,0,0,0,0,0,0,0,0,0,0,0,0,0,0,0,0.9324176,1,0.8888484,0.6642955,0.7006182,0.6926063,0,0,0,0.7009911,0.7233438,0.657879,0,0,0,0,0,0,0,0,0,0,0,0,0,0,0,0,0,0,0,0,0,0.8324754,1,0.9751331,0.7548442,0.6947724,0,0,0,0,0,0,0,0,0,0,0,0,0,0,0,0,0,0,0,0,0,0,0,0,0,0,0,0,0,0.9093391,1,0.9291021,0,0,0.758355,0,0,0,0,0,0,0,0,0,0,0
0,0,0,0,0,0,0,0,0,0,0,0,0,0,0,0.915592,1,0.9153737,0,0,0,0,0,0,0,0,0,0,0,0,0,0,0,0,0,0,0,0,0,0,0,0,0,0,0,0,0,0,0,1,0.9519273,0.9472063,0.953601,0,0,0,0,0,0,0,0,0,0,0,0,0,0,0,0,0,0,0,0,0,0,0,0,0,0,0,0,0.9365637,1,0.9214073,0.7805292,0.7620145,0.7480354,0,0,0,0.7455695,0,0,0,0,0,0,0,0,0,0,0,0,0,0,0,0,0,0,0,0,0,0,0,0.8482501,1,0.9891792,0.8352133,0,0,0,0,0,0,0,0,0,0,0,0,0,0,0,0,0,0,0,0,0,0,0,0,0,0,0,0,0,0,0.9588621,1,0,0,0,0,0,0,0,0,0,0,0.8859167,0.8765109,0.8731026,0,0
0,0,0,0,0,0,0,0,0,0,0,0,0,0,0,0.9029223,1,0.9267771,0.8206712,0.7897334,0.7741987,0.7571464,0,0,0,0,0,0,0,0,0,0,0,0,0,0,0,0,0,0,0,0,0,0,0,0,0,0,0,0.9622871,1,0.9281393,0.8918864,0.8299912,0.845561,0,0,0,0,0,0,0,0,0,0,0,0,0,0,0,0,0,0,0,0,0,0,0,0,0,0,0.9359181,1,0.9160123,0.7660623,0.7361941,0,0,0,0.7331773,0.7370484,0.7284322,0,0,0,0,0,0,0,0,0,0,0,0,0,0,0,0,0,0,0,0,0,0,0.8303759,1,0.9829879,0.7855005,0.7535495,0.7615572,0,0,0,0,0.770274,0.7606257,0,0,0,0,0,0,0,0,0,0,0,0,0,0,0,0,0,0,0,0,0,0,0.9957514,1,0.8657921,0.8398398,0.857706,0,0,0,0,0,0.8764866,0.8401012,0,0,0,0,0
0,0,0,0,0,0,0,0,0,0,0,0,0,0,0,0.8912542,1,0.9317611,0.7822418,0,0,0,0,0,0,0,0,0,0,0,0,0,0,0,0,0,0,0,0,0,0,0,0,0,0,0,0,0,0,1,0.9964125,0.9068332,0,0,0,0,0,0,0,0,0,0,0,0,0,0,0,0,0,0,0,0,0,0,0,0,0,0,0,0,0,0.9246774,1,0.8880335,0,0,0,0,0,0,0.7373018,0,0,0,0,0,0,0,0,0,0,0,0,0,0,0,0,0,0,0,0,0,0,0,0.8181821,1,0.9519981,0.8475325,0.8053014,0,0,0,0,0,0,0,0,0,0,0,0,0,0,0,0,0,0,0,0,0,0,0,0,0,0,0,0,0,0.9551381,1,0.8975698,0,0,0,0,0,0,0,0,0,0,0,0,0,0
0,0,0,0,0,0,0,0,0,0,0,0,0,0,0,0.9210382,1,0.8958348,0,0,0,0,0,0,0,0,0,0,0,0,0,0,0,0,0,0,0,0,0,0,0,0,0,0,0,0,0,0,0,0.9965562,1,0.9012128,0.8542591,0,0,0.8170473,0.8080424,0,0,0,0,0,0,0,0,0,0,0,0,0,0,0,0,0,0,0,0,0,0,0,0,0.9203935,1,0.9170145,0,0,0,0,0,0,0,0,0,0,0,0,0,0,0,0,0,0,0,0,0,0,0,0,0,0,0,0,0,0,0.8584006,1,0.9696637,0.814679,0,0,0,0,0,0,0,0,0,0,0,0,0,0,0,0,0,0,0,0,0,0,0,0,0,0,0,0,0,0,0.9221977,1,0.8445899,0.8017107,0,0,0,0,0,0,0,0,0,0,0,0,0
0,0,0,0,0,0,0,0,0,0,0,0,0.7679561,0.8301021,0.8023421,0.8913583,1,0.9071399,0,0,0,0,0,0,0,0,0,0,0,0,0,0,0,0,0,0,0,0,0,0,0,0,0,0,0,0,0,0.7821767,0.80175,1,0.980206,0,0.7175981,0,0,0,0,0,0,0,0,0,0,0,0,0,0,0,0,0,0,0,0,0,0,0,0,0,0.6242089,0.7529255,0.7110288,0.9582618,1,0.8518332,0.6728804,0.6253563,0,0,0,0,0,0,0,0,0,0,0,0,0,0,0,0,0,0,0,0,0,0,0,0,0.6581439,0.7662206,0.8042717,0.8459748,0.8642228,1,0.961966,0.7379316,0,0,0,0,0,0,0,0,0,0,0,0,0,0,0,0,0,0,0,0,0,0,0,0,0,0,0,0.6877382,0.8194008,0,0.9669694,1,0.8846465,0.7199656,0,0,0,0,0,0,0,0,0,0,0,0,0
0,0,0,0,0,0,0,0,0,0,0,0,0,0.7297126,0.7727259,0.9463606,1,0.8746932,0,0,0,0,0,0,0,0,0,0,0,0,0,0,0,0,0,0,0,0,0,0,0,0,0,0,0.8246199,0.8777713,0.8623022,0.8177556,0.8756725,1,0.9673955,0,0,0,0,0,0,0,0,0,0,0,0,0,0,0,0,0,0,0,0,0,0,0,0,0.6824006,0.7407761,0.7192956,0.7383999,0.8250589,0.8097702,0.9500714,1,0.881421,0.6732401,0,0,0,0,0,0,0,0,0,0,0,0,0,0,0,0,0,0,0,0,0,0,0,0.747178,0.7515998,0.8122992,0.8039954,0.7376239,0.7252297,0.8664144,1,0.9569893,0,0,0,0,0,0,0,0,0,0,0,0,0,0,0,0,0,0,0,0,0,0,0,0,0.7672424,0.86118,0.8785591,0.8121255,0.898643,0.9255566,0.7632443,1,0.9963162,0.853837,0,0,0,0,0,0,0,0,0,0,0,0,0,0
0,0,0,0,0,0,0,0.7274662,0.7274253,0.7196254,0.709707,0,0.6952326,0.7601014,0.7011038,0.9231892,1,0.8847664,0,0,0,0,0,0,0,0,0,0,0,0,0,0,0,0,0,0,0,0,0,0.7280353,0.8129855,0.8258579,0.8303497,0.7347521,0.8641426,0.8942346,0.8429236,0.8365221,0.8542274,1,0.9764998,0.7316285,0,0,0,0,0,0,0,0,0,0,0,0,0,0,0,0,0,0,0,0.6111789,0.6327931,0,0.6774693,0.7715322,0.7974671,0.7261533,0.6925523,0.6094773,0,0.9463707,1,0.8936711,0.666047,0,0,0,0,0,0,0,0,0,0,0,0,0,0,0,0,0,0,0,0.6371251,0.6759394,0.7591622,0.7698227,0.705461,0.7671331,0.7103504,0.6377468,0.7202594,0.7300289,0.8539465,1,0.9485472,0.6525201,0,0,0,0,0,0,0,0,0,0,0,0,0,0,0,0,0,0.7160136,0.7148802,0.7889019,0.790896,0,0,0.8387383,0.8668416,0.8673679,0.8450274,0.7077962,0.7882321,0.762167,0.9606186,1,0.8862524,0.6985435,0,0,0,0,0,0,0,0,0,0,0,0,0
0,0,0,0,0.715574,0.7469513,0,0.695915,0.7421074,0.7643545,0.7015994,0,0.6230938,0.6445601,0.6304941,0.9311442,1,0.8823664,0,0,0,0,0,0,0,0,0,0,0,0,0,0,0,0,0,0.6886011,0.7871042,0.8265329,0.870661,0.8249956,0.8882602,0.8735375,0.8447872,0.783639,0.839882,0.8484867,0.7130846,0.7051068,0.8667693,1,0.9591937,0.6468941,0.6813815,0,0,0,0,0,0,0,0,0,0,0,0,0,0,0.6283656,0.7374547,0.7370642,0.7222906,0.7057852,0.7083345,0.6938662,0,0.5634816,0.7311591,0.7026805,0,0.603107,0.6194396,0.9514672,1,0.8478057,0.608609,0.5892874,0,0,0,0,0,0,0,0,0,0,0,0,0,0,0.6180884,0.687879,0.7208189,0.7474378,0.6076122,0.6642042,0.7129149,0.6835316,0.57851,0.662934,0.634378,0,0.6262047,0.5698521,0.865862,1,0.9554893,0.7065198,0,0,0,0,0,0,0,0,0,0,0,0,0,0,0,0.7714037,0.8661739,0.8980761,0.8886579,0.8591469,0.8197721,0.8401117,0.8735435,0.8144011,0.71728,0.7548702,0.8143231,0.7030477,0.7113361,0.8106715,0.9126553,1,0.8503653,0.6659953,0,0,0,0,0,0,0,0,0,0,0,0,0
0,0,0,0.7292491,0.8047729,0.8842289,0.9263099,0.9303662,0.8758824,0.6930381,0,0,0,0,0,0.9117413,1,0.8715297,0.6010339,0,0,0,0,0,0,0,0,0,0,0,0,0,0,0.6739678,0.6834476,0.7706946,0.7985395,0.6612241,0.8886755,0.9136311,0.8390395,0.740528,0.7734462,0.6941843,0.761924,0.8046496,0.7176357,0.7445139,0.8640487,1,0.9460301,0.7449495,0.6970903,0,0,0,0,0,0,0,0,0,0,0,0,0,0.6104227,0.6154153,0.6818192,0.7472728,0.7939238,0.8090176,0.8316149,0.8083356,0.7443648,0.7363057,0.6754116,0.5506808,0.5811873,0,0,0.9479151,1,0.8527021,0.5578586,0,0,0,0,0,0,0,0,0,0,0,0,0,0,0.629993,0.5662193,0.7205098,0.7781227,0.8228211,0.8215341,0.7833387,0.7965411,0.8255686,0.7515911,0.708325,0.6070766,0.6508437,0.6403683,0.5960904,0.8435214,1,0.9575644,0.6410565,0,0,0,0,0,0,0,0,0,0,0,0,0,0,0.8219865,0.7751172,0.817008,0.7919354,0.8478754,0.91562,0.8463945,0.8642983,0.9417557,0.8747454,0.7166891,0.7097529,0.815863,0.7451422,0.788577,0.9077691,0.9446664,1,0.8480787,0,0,0,0,0,0,0,0,0,0,0,0,0,0
0,0,0,0,0.7160763,0,0.725084,0.8287676,0.8077072,0.8826536,0.8766367,0.7497693,0,0,0.7332255,0.9174275,1,0.891274,0,0,0,0,0,0,0,0,0,0,0,0,0,0,0,0,0.7615411,0.7941446,0,0.8889992,0.9188087,0.7883803,0.7495788,0.7346202,0,0.7357607,0.7792085,0,0,0.7939815,0.8167669,1,0.9801952,0,0,0,0,0,0,0,0,0,0,0,0,0,0,0,0.676313,0.720055,0.7054838,0.6579269,0.750493,0.7210857,0.7730026,0.7928912,0,0.7184222,0.7195369,0,0,0,0.6782712,0.9544263,1,0.8767936,0,0,0,0,0,0,0,0,0,0,0,0,0,0,0,0,0.6711224,0.6469893,0.6712736,0.7221146,0.7035719,0.7199619,0.7966645,0.7127795,0.7268291,0.7148262,0.6531472,0,0.668981,0.7379283,0.8629584,1,0.9573542,0.6599466,0,0,0,0,0,0,0,0,0,0,0,0,0,0,0.8527358,0.8739226,0.7998744,0.8928913,0.9147423,0.8484855,0,0.9304451,0.9226537,0.8614132,0,0,0,0,0.817215,0.8990074,0.9196725,1,0.8317304,0,0,0,0,0,0,0,0,0,0,0,0,0,0
0,0,0,0,0,0.6481067,0.6747605,0.6943501,0.7802851,0.8379133,0.8255312,0.665212,0,0,0,0.9298826,1,0.8904686,0,0,0,0,0,0,0,0,0,0,0,0,0,0,0,0,0,0,0,0.6888589,0,0.7570852,0.8347629,0.821847,0.7025005,0.7550299,0.7648273,0,0.7460983,0.684818,0.885905,1,0.9695948,0.7195177,0,0,0,0,0,0,0,0,0,0,0,0,0,0,0,0,0,0,0,0,0.6635554,0.7233351,0,0.7211344,0.718854,0.6388895,0.6540685,0.6562634,0.6735997,0.9583811,1,0.8693841,0,0,0,0,0,0,0,0,0,0,0,0,0,0,0,0,0,0,0,0,0,0.6549229,0.7054905,0.6609954,0.7601295,0.7745442,0.711971,0.680458,0.6963124,0.6240668,0.9032943,1,0.9376059,0.6051509,0,0,0,0,0,0,0,0,0,0,0,0,0,0,0,0,0,0.7393911,0.7493266,0.7206877,0,0.7350248,0.7772522,0,0.813905,0.7978989,0,0.8006101,0.7676325,0.8683988,1,0.9713629,0.7641191,0,0,0,0,0,0,0,0,0,0,0,0,0,0
0,0,0,0,0,0,0,0,0,0,0.7115384,0.796965,0.8485625,0.8255866,0,0.9308496,1,0.8912818,0,0,0,0,0,0,0,0,0,0,0,0,0,0,0,0,0,0,0,0,0,0,0,0,0,0,0,0.7111807,0.6842902,0.7479674,0.899364,1,0.9600613,0,0,0,0,0,0,0,0,0,0,0,0,0,0,0,0,0,0,0,0,0,0,0,0,0,0.665896,0.712717,0.7188973,0.6589433,0,0.9465473,1,0.873428,0,0,0,0,0,0,0,0,0,0,0,0,0,0,0,0,0,0,0,0,0,0,0,0,0.6192289,0,0.6926906,0.6977886,0.7200149,0.6442021,0.9095951,1,0.9401544,0.6142531,0,0,0,0,0,0,0,0,0,0,0,0,0,0,0,0,0,0,0,0,0,0,0,0.7327324,0.7757897,0.6947463,0,0,0.754502,0.7614533,0.9926211,1,0.7884727,0,0,0,0,0,0,0,0,0,0,0,0,0,0
0,0,0,0,0,0,0,0,0,0,0,0,0.6540215,0.7976855,0.8847167,0.8462446,1,0.8887137,0,0,0,0,0,0,0,0,0,0,0,0,0,0,0,0,0,0,0,0,0,0,0,0,0,0,0,0,0,0.6843691,0.8878966,1,0.9408595,0.6281218,0,0,0,0,0,0,0,0,0,0,0,0,0,0,0,0,0,0,0,0,0,0,0,0,0,0,0.5538062,0.6963531,0.777266,0.9594389,1,0.858051,0,0,0,0,0,0,0,0,0,0,0,0,0,0,0,0,0,0,0,0,0,0,0,0,0,0,0,0.6094756,0.7001454,0.6658879,0.6325082,1,0.9830427,0.6316136,0,0,0,0,0,0,0,0,0,0,0,0,0,0,0,0,0,0,0,0,0,0,0,0,0,0,0,0,0.7557681,0.8988932,1,0.9893194,0.7849333,0,0,0,0,0,0,0,0,0,0,0,0,0,0
0,0,0,0,0,0,0,0,0,0,0,0,0,0,0.7133933,0.9588344,1,0.8471636,0.5553414,0,0,0,0,0,0,0,0,0,0,0,0,0,0,0,0,0,0,0,0,0,0,0,0,0,0,0,0,0.6979595,0.9413906,0.9701372,1,0.6708805,0,0,0,0,0,0,0,0,0,0,0,0,0,0,0,0,0,0,0,0,0,0,0,0,0,0,0,0,0.5971218,0.9510003,1,0.8606787,0.513036,0,0,0,0,0,0,0,0,0,0,0,0,0,0,0,0,0,0,0,0,0,0,0,0,0,0,0,0,0.6399932,0.9082795,1,0.9366583,0.6386393,0,0,0,0,0,0,0,0,0,0,0,0,0,0,0,0,0,0,0,0,0,0,0,0,0,0,0,0,0,0.8335984,0.9120618,1,0.844197,0,0,0,0,0,0,0,0,0,0,0,0,0,0
