GestureName: star
Duration(ms): 1410
Handedness: right

SpeakerAngles: 5
55
-55
0
0
110

SpeakerElevations: 5
-10
-10
-10
0
30

InterpretedPoints: 30
-3.18428675301974,12.9252002262684,0.0479809796621837
10.4871946934508,0.145302898706299,0.520944533000791
-0.785436092398274,4.34047119370084,0.458110933998418
2.40594105785925,-11.1559551069271,0.736481776669304
-7.34545032385769,-32.1254283941703,-0.269610136991298
-9.76557217619249,-33.8200159585612,0.251334396009493
-9.76557217619249,-33.8200159585612,0.251334396009493
-8.15215760796929,-32.6902909156339,-0.0959619593243675
-0.0212711917133253,-15.1343993070434,0.757426309670094
0.806707284111599,-1.54967027447583,0.347296355333861
8.10252482730486,0.213596900760752,1.97905546699921
1.6417761571743,7.89935577105978,1.13175911166535
10.4942850906886,18.299845160984,-3.66755626400633
8.88087052246536,10.2530865329585,-0.541889066001582
7.28872714595549,3.73067355834077,2.17364817766693
1.60632417098542,4.71614336427461,-0.5
1.65595695164985,4.32215175259552,2.30540728933228
6.51747184803277,13.4717433066267,1.72162915732911
5.73203575563449,14.4382316185336,3.39527733499604
-8.84541853627649,2.65548354098433,2.69459271066772
-4.82606291019404,-13.8670385982943,1.52094453300079
0.00709039723777527,-30.8766635706569,5.53579715234098
-1.64886655441207,-15.5116185476157,0.104722665003955
0,-5.09934054895166,0.694592710667721
-0.00709039723777505,2.84586840720186,-0.847296355333861
2.43430264681035,-2.02753374398842,0.82635182233307
2.4201218523348,-4.67939531740308,0.694592710667721
0,0,0
0,0,0
-2.4201218523348,-7.64901082342749,1.04188906600158

StrokePoints: 31
0,0,0
-3.18428675301974,12.9252002262684,0.0479809796621837
7.30290794043104,13.0705031249747,0.568925512662975
6.51747184803277,17.4109743186755,1.02703644666139
8.92341290589201,6.25501921174841,1.7635182233307
1.57796258203432,-25.8704091824219,1.4939080863394
-8.18760959415816,-59.6904251409831,1.74524248234889
-17.9531817703507,-93.5104410995443,1.99657687835838
-26.1053393783199,-126.200732015178,1.90061491903402
-26.1266105700333,-141.335131322222,2.65804122870411
-25.3199032859217,-142.884801596697,3.00533758403797
-17.2173784586168,-142.671204695937,4.98439305103718
-15.5756023014425,-134.771848924877,6.11615216270253
-5.08131721075395,-116.472003763893,2.4485958986962
3.79955331171142,-106.218917230934,1.90670683269462
11.0882804576669,-102.488243672594,4.08035501036155
12.6946046286523,-97.772100308319,3.58035501036155
14.3505615803022,-93.4499485557235,5.88576229969383
20.8680334283349,-79.9782052490968,7.60739145702294
26.6000691839694,-65.5399736305632,11.002668792019
17.7546506476929,-62.8844900895789,13.6972615026867
12.9285877374989,-76.7515286878732,15.2182060356875
12.9356781347367,-107.62819225853,20.7540031880285
11.2868115803246,-123.139810806146,20.8587258530324
11.2868115803246,-128.239151355098,21.5533185637001
11.2797211830868,-125.393282947896,20.7060222083663
13.7140238298972,-127.420816691884,21.5323740306994
16.134145682232,-132.100212009287,22.2269667413671
16.134145682232,-132.100212009287,22.2269667413671
16.134145682232,-132.100212009287,22.2269667413671
13.7140238298972,-139.749222832715,23.2688558073687

Velocities: 30
1,11,5
4,-9,2
0,4,2
0,-5,-5
-9,-12,-12
-12,-12,-12
-12,-12,-12
-10,-12,-12
-3,-6,-4
0,-1,-1
4,-1,0
0,2,3
12,0,12
9,-1,-2
5,0,-6
1,-2,1
-1,3,2
5,6,5
2,7,6
-12,3,5
-6,2,1
-10,-9,-10
-3,-6,-6
-1,-1,-2
1,0,1
1,0,0
0,-3,-1
0,0,0
0,0,0
-3,0,-3

InverseVelocities: 30
0,0,0
0,0,0
0,0,-1
0,0,0
0,0,0
0,0,0
0,0,0
0,0,0
0,0,0
0,0,0
0,12,0
0,0,0
0,0,0
0,0,0
0,0,3
0,0,0
0,0,0
0,0,0
-6,0,-6
0,0,-12
0,-9,-12
0,0,0
0,0,0
0,0,0
0,0,0
0,0,0
0,1,0
0,0,0
0,0,0
0,0,0

RawData: 30
0,0,0,0,0,0,0,0,0,0,0,0,0,0,0,0.9050934,1,0.9109724,0,0.7105417,0.7744263,0,0,0,0,0,0,0,0,0,0,0,0,0,0,0,0,0,0,0,0,0,0,0,0,0,0,0,0.841512,1,0.9933767,0.8927529,0.9131545,0,0.8374662,0,0,0.9084296,0.9528672,0.8680267,0.892913,0.9475309,0.8968824,0.8588063,0,0,0,0,0,0,0,0,0,0,0,0,0,0,0,0,0.6959451,0.9524878,1,0.86495,0,0.6716054,0.7617207,0.6893201,0,0,0.6750926,0,0,0,0,0,0,0,0,0,0,0,0,0,0,0,0,0,0,0,0,0,0,0,0.847257,1,0.9803758,0.8225785,0.7501689,0.7003733,0.8049598,0.699647,0,0,0,0,0,0,0,0,0,0,0,0,0,0,0,0,0,0,0,0,0,0,0,0,0,0,0.9896239,1,0,0.7989587,0,0.8045607,0,0,0,0.8085262,0,0,0,0,0,0,0
0,0,0,0,0,0,0,0,0,0,0,0,0,0,0.7749647,0.9420146,1,0.8964816,0,0,0,0,0.7919502,0.7752707,0,0,0,0,0,0,0,0,0,0,0,0,0,0.8768919,0.8794024,0,0,0,0,0,0,0.8847399,0.8933651,0.8974091,0.932286,1,0.9475921,0,0,0,0,0,0,0,0,0,0,0,0,0,0,0,0,0,0,0,0,0,0,0,0,0,0,0,0,0,0,0.9522973,1,0.8736614,0.7947751,0.7910591,0,0.7503627,0,0,0,0,0,0,0,0,0,0,0,0,0,0,0,0,0,0,0,0,0,0,0,0,0,0,0.8783653,1,0.9414741,0.7985658,0.8317459,0.804789,0,0,0,0,0,0,0,0,0,0,0,0,0,0,0,0,0,0,0,0,0,0,0,0,0,0,0,0.8350244,0.9751934,1,0.8636939,0,0,0,0,0,0,0,0,0,0,0,0,0,0
0,0,0,0,0,0,0,0,0,0,0,0,0,0.7253477,0.7496921,0.9450635,1,0.8729733,0.6996906,0,0,0,0,0,0,0,0,0,0,0,0,0,0,0,0,0,0,0,0,0,0,0,0,0,0,0,0.8597851,0.8477603,1,0.9949958,0.9897994,0.9924249,0.935517,0.8616838,0,0.8493387,0.8682699,0,0,0,0,0,0,0,0,0,0,0,0,0,0,0,0,0,0,0,0,0,0.6931533,0.713689,0.7248471,0.963208,1,0.8963533,0.7152947,0.7674266,0.7708912,0.6959885,0,0,0,0,0,0,0,0,0,0,0,0,0,0,0,0,0,0,0,0,0,0,0,0.7050876,0.7473837,0.8004361,0.8911967,1,0.9544746,0.7625224,0.7152282,0.6798828,0,0,0,0,0,0,0,0,0,0,0,0,0,0,0,0,0,0,0,0,0,0,0,0,0,0,0,0,0.9613239,1,0.8808812,0.8911934,0.8570346,0.7728862,0.7638237,0,0,0,0,0,0,0,0,0,0
0,0,0,0,0,0,0,0,0,0,0,0,0,0,0,0.9475895,1,0.9209853,0,0,0,0,0,0,0,0,0,0,0,0,0,0,0,0,0,0,0,0,0,0,0,0.9380339,0.9703069,0.9489763,0,0.9795852,0.9851623,0.9429406,0.9768286,0.9834542,1,0,0,0,0,0,0,0,0,0,0,0,0,0,0,0,0,0,0,0,0,0,0,0,0.8216354,0.8214559,0,0,0,0,0,0.9630535,1,0.893703,0,0,0,0,0,0,0,0,0,0,0,0,0,0,0,0,0,0,0,0,0,0,0,0,0.8320354,0.8070021,0,0,0,0.8034888,0.8945536,1,0.9630957,0,0,0,0,0,0,0,0,0,0,0,0,0,0,0,0,0,0,0,0,0,0,0,0,0,0,0.8615897,0.8578689,0,0,0,0.9656286,1,0.9373299,0.868117,0,0,0,0,0,0,0,0,0,0,0,0,0
0,0,0,0,0.6543322,0.7177848,0.6753243,0.7028458,0.6426238,0,0,0,0.6906425,0.7345209,0.6767615,0.9172449,1,0.9109032,0,0,0,0,0,0,0,0,0,0,0,0,0,0,0,0,0.7489486,0.7998918,0.8535204,0.8382966,0.8515084,0.8443214,0.8114074,0.8243297,0.8835567,0.9087508,0.8268444,0,0.7204047,0.790458,0.7078627,1,0.9993796,0.736754,0,0,0,0,0,0,0,0,0,0,0,0,0,0,0.6596407,0.6777592,0.6889989,0.6692154,0.682355,0.7495536,0.7465844,0.7683187,0.8066338,0.771956,0.6704261,0,0,0.6539421,0.6232488,0.9472671,1,0.8788854,0.6047666,0.6183935,0,0,0,0,0,0,0,0,0,0,0,0,0,0.6390418,0.6602149,0.7084,0.7155311,0.7182825,0.7272012,0.628024,0.7636566,0.7644165,0.682322,0,0.6448939,0.6670092,0,0.6278211,0.8802837,1,0.956656,0.7294474,0,0,0,0,0,0,0,0,0,0,0,0,0,0,0,0.7327175,0.785154,0.826515,0.828145,0.8328711,0.8760119,0.8781163,0.7791065,0.8203245,0.8125292,0.7205282,0.7094274,0,0,0,0.9487178,1,0.8815262,0,0,0,0,0,0,0,0,0,0,0,0,0,0
0.6128594,0.6170422,0.6775305,0.7216637,0.6966676,0.7019362,0.7215807,0.6921986,0.6251392,0,0,0,0,0.6307989,0.6456784,0.9352829,1,0.8713467,0.5905603,0,0,0,0,0,0,0,0,0,0,0,0,0,0,0.6898228,0.7165811,0.622779,0.8155705,0.8167597,0.6369004,0.7263874,0.7290818,0.661995,0.6376829,0,0,0,0,0.66383,0.7945564,1,0.9787445,0.7462936,0.6317841,0,0,0,0,0,0,0,0,0,0,0,0,0,0.7064602,0.6553781,0.746856,0.7237422,0.6006857,0,0.6480388,0.6635959,0.5881808,0.577232,0,0,0,0,0.5564882,0.9437719,1,0.8799192,0.5454692,0,0,0,0,0,0,0,0,0,0,0,0,0,0,0.7263884,0.6918332,0.7810905,0.7203124,0.626231,0.7382303,0.7165681,0.602863,0.5733477,0.6362795,0.6429148,0.5885127,0.6263584,0.5572464,0,0.8674445,1,0.9481964,0.6754355,0.5980735,0,0,0,0,0,0,0,0,0,0,0,0,0,0.9167814,0.8991571,0.905452,0.7202761,0.7827934,0.8684094,0.7886176,0.7474909,0.8197566,0.7340639,0,0.7015106,0.6673396,0.7777151,0.8230799,0.6815227,0.9935144,1,0.8345451,0.728388,0,0,0,0,0,0,0,0,0,0,0,0,0
0.6365538,0.5883088,0.708762,0.7551557,0.6939216,0.7711357,0.8334044,0.8307699,0.6802375,0.588984,0.6418152,0,0,0.6282703,0.6851681,0.9181726,1,0.8742139,0,0,0,0,0,0,0,0,0,0,0,0,0,0,0,0.8144491,0.7488121,0.736742,0.7920569,0.8079335,0.706133,0,0.6369021,0.6375422,0.6395497,0,0.5825301,0.6310006,0.6870888,0.7083205,0.8334433,1,0.9789158,0.7329619,0,0,0,0,0,0,0,0,0,0,0,0,0,0,0.6185112,0.7020954,0.7860843,0.7975265,0.7454419,0,0.6479241,0.57779,0,0,0,0,0.6232562,0.6290949,0.5260118,0.9427587,1,0.8698001,0.546891,0,0,0,0,0,0,0,0,0,0,0,0,0,0,0.7225689,0.7529557,0.7885622,0.8018625,0.7652603,0.6240541,0.673373,0.6486165,0.6569827,0.6095055,0.6310767,0.551316,0.5672794,0.5614465,0.6938106,0.8773186,1,0.944131,0.6152934,0,0,0,0,0,0,0,0,0,0,0,0,0,0,0.8133522,0.818593,0.8532415,0.8907899,0.8808345,0.8101704,0.7493372,0.742913,0.7010577,0.6486508,0.7212195,0.6727705,0.6554016,0.7060119,0,0,0.9574217,1,0.7988706,0.642753,0,0,0,0,0,0,0,0,0,0,0,0,0
0,0,0,0.5842633,0,0.6799578,0.6918609,0.7154372,0.5712901,0.644593,0.645192,0.6078871,0,0,0.6749542,0.9364509,1,0.8885995,0,0,0,0,0,0,0,0,0,0,0,0,0,0,0,0.7501691,0.5940143,0.7081123,0.6861091,0.6895739,0.6122436,0,0.6794242,0.6395839,0.633511,0.6633086,0,0.6071801,0.6826338,0,0.8726984,1,0.9510271,0.5894171,0,0,0,0,0,0,0,0,0,0,0,0,0,0,0,0.6034583,0.6428089,0.6089399,0.6360449,0.6817365,0.6671371,0.6409388,0.5927008,0.6447249,0.64521,0.5540985,0,0.5861471,0.7338752,0.9545736,1,0.8633645,0,0,0,0,0,0,0,0,0,0,0,0,0,0,0,0.5608668,0.5981175,0.5970706,0.6105744,0.6616122,0.7095067,0.7027231,0.6933179,0,0.6859172,0,0.5942693,0.6434895,0.6413747,0.6881182,0.8336648,1,0.9556093,0.6465868,0,0,0,0,0,0,0,0,0,0,0,0,0,0,0,0.6733494,0.6975199,0,0,0,0,0.6270642,0.6806666,0,0,0.6289145,0.6698471,0.6285838,0.603307,0.7335835,0.9723009,1,0.8293406,0.6013166,0,0,0,0,0,0,0,0,0,0,0,0,0
0,0,0,0,0,0,0,0,0,0,0.6192985,0.6765085,0.6954844,0.7010166,0.6125987,0.9123538,1,0.8984471,0,0,0,0,0,0,0,0,0,0,0,0,0,0,0,0,0,0,0,0,0,0,0.6694959,0,0,0.6686972,0.6714395,0.6829217,0,0,0.8608747,1,0.9440203,0.6349359,0,0,0,0,0,0,0,0,0,0,0,0,0,0,0,0,0,0,0,0,0,0,0,0.6518523,0.7027456,0.6907651,0.7163247,0.6712012,0.5976189,0.9587078,1,0.8599416,0,0,0,0,0,0,0,0,0,0,0,0,0,0,0,0,0,0,0,0,0,0.5839509,0.5998073,0,0.6388,0.7257228,0.725867,0.7125091,0.6257661,0.6332765,0.8493155,1,0.9551848,0.6247461,0,0,0,0,0,0,0,0,0,0,0,0,0,0,0,0,0,0,0,0,0,0,0,0,0.6844954,0.6753429,0.6416087,0.6521088,0.6781151,0.817689,0.9893829,1,0.8354791,0,0,0,0,0,0,0,0,0,0,0,0,0,0
0,0,0,0,0,0,0,0,0,0,0,0,0,0.6202022,0,0.9200782,1,0.905117,0,0,0,0,0,0,0,0,0,0,0,0,0,0,0,0,0,0,0,0,0,0,0,0,0,0,0,0.7294635,0.717129,0.7350401,0.9602818,1,0.9644309,0.7216644,0,0,0,0,0,0,0,0,0,0,0,0,0,0,0,0,0,0,0,0,0,0,0,0,0,0,0.6431241,0.7180169,0.8009119,0.9692616,1,0.871505,0.5704223,0,0,0,0,0,0,0,0,0,0,0,0,0,0,0,0,0,0,0,0,0,0,0,0,0,0,0,0,0.6205401,0.8776883,1,0.9472189,0.6335142,0,0,0,0,0,0,0,0,0,0,0,0,0,0,0,0,0,0,0,0,0,0,0,0,0,0,0,0.7013089,0,0.7682503,0.9847456,1,0.8134423,0,0,0,0,0,0,0,0,0,0,0,0,0,0
0,0,0,0,0,0,0,0,0,0,0,0,0,0,0.7098667,0.9491896,1,0.8826225,0,0,0,0,0.671334,0.6784266,0,0,0,0,0,0,0,0,0,0,0,0,0,0,0,0,0,0,0,0,0,0.7615853,0,0.8497721,0.9711816,1,0.9600576,0.8224375,0,0,0,0,0,0,0,0,0,0,0.7790096,0.7724574,0.7856144,0,0,0,0,0,0,0,0,0,0,0,0,0,0,0,0,0.949998,1,0.8732071,0.6693434,0,0,0,0,0,0,0,0,0,0,0,0,0,0,0,0,0,0,0,0,0,0,0,0,0,0,0,0,0.7465601,0.8985534,1,0.952539,0,0,0,0,0,0,0,0,0,0,0,0,0,0,0,0,0,0,0,0,0,0,0,0,0,0,0,0,0,0.7957619,0.8541067,0.9274573,1,0.856734,0,0,0,0,0.7820228,0.7676511,0,0,0,0,0,0,0,0
0,0,0,0,0,0,0,0,0,0,0,0,0,0,0.6878523,0.9304205,1,0.8958548,0,0,0,0,0,0,0,0,0,0,0,0,0,0,0,0,0,0,0,0,0,0,0,0,0,0,0,0,0,0,0.9413846,1,0.9886676,0.7717026,0.7860767,0.8304458,0.7825758,0,0,0,0,0,0,0,0,0,0,0.7708002,0,0,0,0,0,0,0,0,0,0,0,0,0,0,0,0.9473861,1,0.8673669,0.6772009,0,0,0.6231042,0.6338622,0,0,0,0,0,0,0,0,0,0,0,0,0,0,0,0,0,0,0,0,0,0,0,0,0,0.8851232,1,0.944766,0.6180353,0.6410092,0.6436483,0.6681634,0.6712947,0.6744291,0.6250023,0,0,0,0,0,0,0,0,0,0,0,0,0,0,0,0,0,0,0,0,0,0,0,0.737596,0.9788435,1,0.7803625,0.681472,0.6801485,0,0,0.7131629,0,0,0,0,0,0,0,0,0
0,0,0,0,0,0,0,0,0,0,0,0,0,0,0.6824641,0.9329823,1,0.8933616,0,0,0,0,0,0,0,0,0,0,0,0.6549073,0.6518875,0.6722109,0.6860726,0,0,0,0,0,0,0,0,0,0,0,0,0,0,0,0.8399387,1,0.9971058,0.8144627,0,0,0,0,0,0,0,0,0,0,0,0,0,0,0,0,0,0,0,0,0,0,0,0,0,0,0,0.6552023,0.7739599,0.9556432,1,0.8581083,0.6609408,0,0,0,0,0,0,0,0,0,0,0,0,0.6337117,0.6458706,0,0,0,0,0,0,0,0,0,0,0,0,0,0,0,0.875403,1,0.9523978,0,0,0,0,0,0,0,0,0,0,0,0,0,0,0.6844703,0,0,0,0,0,0,0,0,0,0,0,0,0,0,0,0.7337739,0.9706457,1,0.8438683,0.7056434,0.7116539,0,0,0,0,0,0,0,0,0,0,0,0
0,0,0,0,0,0,0,0,0,0,0,0,0,0,0.7015036,0.9302055,1,0.9224932,0,0,0,0,0,0,0,0,0.720494,0.7185977,0.7115729,0,0,0,0.7136941,0,0,0,0,0,0,0,0,0,0,0,0,0.7759665,0.8043646,0.7768915,0.8427586,1,0.970088,0.7727021,0,0,0,0,0,0,0,0,0,0,0,0,0,0,0,0,0,0,0,0,0,0,0,0,0,0.682518,0.6881719,0,0.7176564,0.941231,1,0.9122437,0,0,0,0,0,0,0,0,0,0,0,0,0,0,0,0,0,0,0,0,0,0,0,0,0,0,0,0,0,0,0.8561782,1,0.9722546,0.7646568,0,0,0,0,0,0,0,0.6898994,0.6897417,0,0,0,0,0,0,0,0,0,0,0,0,0.7721546,0.7809191,0,0,0,0,0,0,0.8050645,0.9820004,1,0.8196779,0,0.7706102,0,0,0,0,0,0,0,0,0,0,0,0
0,0,0,0,0,0,0,0,0,0,0,0,0,0,0.691083,0.9153448,1,0.9084271,0.6761214,0,0.7040606,0.6594301,0,0.6521015,0.6543673,0,0,0,0,0,0,0,0,0,0,0,0,0,0,0,0,0,0,0,0,0,0.706625,0.7578483,0.8113989,1,0.995851,0.7994474,0,0,0,0,0,0,0,0,0,0,0,0,0,0,0,0,0,0,0,0,0,0.638671,0.6491024,0.6336535,0,0,0.6632251,0.719492,0.7252728,0.9251765,1,0.8882818,0.7469689,0.730882,0.6843464,0.6771733,0.633816,0,0,0,0,0,0,0,0,0,0,0,0,0,0,0,0,0.6404018,0.6429734,0,0,0,0,0.6456391,0.7021969,0.6849566,0.8533035,1,0.9706645,0.7644475,0.6533046,0,0,0,0,0,0,0.6417684,0.6492497,0,0,0,0,0,0,0,0,0,0,0,0,0,0,0,0,0,0,0,0,0,0.9285598,1,0.8770037,0.7435462,0.7470825,0.7544737,0.7062029,0.721126,0,0,0,0,0,0,0,0,0
0,0,0,0,0,0,0,0,0,0,0,0,0,0,0.6295982,0.913778,1,0.9397736,0.7879177,0.7117505,0.6388549,0,0,0,0,0,0,0,0,0,0,0,0,0,0,0,0,0,0,0,0,0,0,0,0.6337247,0.659753,0.6780902,0.6644304,0.8069251,1,0.9880867,0.7250448,0,0,0,0,0,0,0,0,0,0,0,0,0,0,0,0,0,0,0,0,0,0,0,0,0,0,0,0.6331581,0.6239479,0.9285384,1,0.897292,0.6323529,0.6715711,0.6634741,0,0,0,0,0,0,0,0,0,0,0,0,0,0,0,0,0,0,0,0,0,0,0,0,0,0,0.6740488,0.8252549,1,0.9643223,0.8061196,0.7704271,0.6747153,0.6060329,0.6019622,0.5972576,0,0,0,0,0,0,0,0,0,0,0,0,0,0,0,0,0,0,0,0,0,0.6782637,0.7571777,0.8036086,0.8251004,0.9464793,1,0.8443961,0.6820219,0,0,0,0,0,0,0,0,0,0,0,0,0
0,0,0,0,0,0,0,0,0,0,0,0,0.6376233,0.6688114,0.6862572,0.9032086,1,0.8893428,0.7928956,0.7742712,0,0,0,0,0,0,0,0,0,0,0,0,0,0,0,0,0,0,0,0,0,0,0,0,0,0,0,0,0.78171,0.9977505,1,0.7586957,0.776864,0.7456447,0.7142054,0.6863956,0,0,0,0,0,0,0,0,0,0,0,0,0,0,0,0,0,0,0,0,0,0,0,0,0,0.9295803,1,0.8957217,0.7429467,0.7215711,0.6743966,0.6617352,0,0,0,0,0,0,0,0,0,0,0,0,0,0,0,0,0,0,0,0,0,0,0,0,0,0,0.827711,1,0.9861105,0.8497726,0.760051,0.7724159,0.6965878,0.6805788,0,0,0,0,0,0,0,0,0,0,0,0,0,0,0,0,0,0,0,0,0,0,0,0,0,0,0.936801,1,0.9006273,0.7286407,0.7165648,0.7750509,0.7732199,0.7276766,0.7259653,0.6783342,0,0,0,0,0,0,0
0,0,0,0,0,0,0,0,0,0,0,0,0,0.6915125,0.7366331,0.9192269,1,0.9250054,0.7821776,0.791485,0.764024,0.6834454,0.6537886,0.6962959,0.6467002,0,0,0,0,0,0,0,0,0,0,0,0,0,0,0,0,0,0,0,0,0,0,0,0.8093634,0.9985536,1,0.7878138,0.8225636,0.8195928,0.7386734,0,0.7186962,0.7679343,0.7151524,0,0,0,0,0,0,0,0,0,0,0,0,0,0,0,0,0,0,0,0,0,0,0.9353171,1,0.8807908,0.6615252,0.6843975,0,0.6951186,0.7091956,0.6939237,0.6681145,0,0,0,0,0,0,0,0,0,0,0,0,0,0,0,0,0,0,0,0.6372172,0.6586882,0,0,0.8048227,0.9959422,1,0.8887148,0.7717674,0.720359,0.7332565,0.7300261,0.7472547,0.6888679,0,0,0,0,0,0,0,0,0,0,0,0,0,0,0,0,0,0,0,0,0,0,0,0,0.9392366,1,0.8890539,0.8413441,0.8460322,0.8301793,0.7497423,0.7308694,0.7655657,0.7325886,0.7609919,0.7434652,0.711414,0,0,0,0
0,0,0,0,0,0,0,0.6401062,0.6263878,0.7287346,0.7635655,0.7001808,0.6886966,0.7195744,0,0.8895689,1,0.9395519,0.7072602,0,0.6008378,0.6408401,0,0,0,0,0,0,0,0,0,0,0,0,0,0,0,0,0,0,0,0,0,0,0,0,0,0,0.8288478,1,0.9468137,0.7211767,0.7994385,0,0.800151,0.7806351,0.7186928,0.7899548,0.747097,0.6904885,0,0,0,0,0,0,0,0,0,0,0,0,0,0.5909474,0.616758,0.6555995,0.6836947,0.5863371,0.617678,0.6459762,0.6776946,0.9304802,1,0.9032158,0.7106127,0.6982194,0,0.6191732,0,0.6209141,0.6253812,0.5732774,0,0,0,0,0,0,0,0,0,0,0,0,0,0,0,0,0,0,0.7332838,0.734005,0.7540733,0.7243749,0.8197926,1,0.9733235,0.7330287,0.5935122,0.697789,0.6050946,0,0.6036853,0.7062572,0.6404841,0.5927321,0,0,0,0,0,0,0,0,0,0,0,0,0,0,0,0,0,0,0.7312578,0.7442571,0.7902784,0.8230721,0.9948818,1,0,0.8632864,0.9010782,0.7618254,0.7650957,0.818626,0.8626781,0.8873067,0.8633295,0.8191646,0.7621242,0.7682195,0.7110006,0.6856068,0
0.6659537,0.6540888,0.6343603,0,0.6388595,0.6959759,0.7067464,0.6395546,0.6790946,0.7149316,0.7047186,0,0,0,0,0.9079398,1,0.9236937,0,0,0,0,0,0,0,0,0,0,0,0,0,0,0,0,0,0,0,0,0,0,0,0,0,0,0,0,0,0.7370734,0.7610668,0.9932567,1,0.8497335,0.7881768,0.7322254,0.83978,0.8292019,0,0,0,0,0,0,0,0,0,0,0.6211632,0.6402361,0,0.645012,0.6804131,0.6368957,0,0,0,0,0.6388372,0.6690734,0.6305362,0.6497151,0,0.9297683,1,0.9101185,0,0.6109399,0.6049554,0.6235303,0,0,0.6105129,0,0,0,0,0,0,0,0,0,0,0,0.6416404,0.6586491,0.7042518,0,0,0,0,0.6719471,0.6811993,0,0,0.6731356,0.8198167,1,0.9727272,0.7648005,0,0,0.6491637,0.6350564,0.6318267,0,0,0,0,0,0,0,0,0,0,0,0,0.6904976,0.6911021,0.6931034,0.7176251,0,0,0,0,0.7165866,0.7050848,0.7034536,0,0.7015305,0.9188934,1,0.9220234,0.7884297,0,0.7710031,0.7338051,0.7684175,0,0,0,0,0,0,0,0,0
0,0,0,0,0,0,0,0.7023752,0.7112079,0,0,0,0,0,0,0.9131854,1,0.88403,0.7275649,0,0,0,0,0,0,0,0,0,0,0,0,0,0,0,0,0,0,0.7286913,0.7920721,0.7902079,0,0.7852514,0.7628686,0.7550846,0,0.8102987,0.7911502,0.7507238,0.8350754,0.9836435,1,0.8690583,0,0,0.7526921,0,0,0,0,0,0,0,0,0,0,0,0,0.6518144,0,0,0,0.6910644,0,0.6499135,0.6898179,0,0,0,0,0.6576106,0.6744941,0.9249685,1,0.9024634,0.6986089,0.6867986,0.6916337,0,0,0,0,0,0,0,0,0,0,0,0,0,0.686123,0.6771569,0.7127305,0.7043827,0.7379788,0.7218271,0.670985,0,0,0,0,0.7594313,0.7575909,0,0.842556,1,0.9706584,0.7658351,0.7382969,0,0,0,0,0,0,0,0,0,0,0,0,0,0.7196641,0.7300149,0.7373911,0,0.7982082,0,0.7818265,0.8068568,0.8136745,0,0,0,0,0,0,0.7188203,0.9405665,1,0.8780062,0,0.7982113,0.7403096,0,0,0,0,0,0,0,0,0,0,0
0,0,0,0.6526912,0.6961454,0.7045584,0,0,0,0,0,0,0,0,0,0.8961714,1,0.9198541,0,0,0,0,0,0,0,0,0,0,0,0,0,0,0,0,0,0,0,0.7628517,0.8825855,0.9299952,0.9479999,0.9564413,0.8899803,0.8339457,0.8914955,0.8454418,0.8213211,0.7394,0.7385476,0.98003,1,0.8471323,0,0,0,0,0,0,0,0,0,0,0,0,0,0,0,0,0,0.639789,0.7284972,0.7985076,0.811752,0.7793469,0.7875698,0.786607,0.7822061,0.6955048,0.6416529,0.696455,0,0.9367685,1,0.8833833,0.6523743,0,0,0,0,0,0,0,0,0,0,0,0,0,0,0,0,0,0.6865239,0.745415,0.8006923,0.8312954,0.8212597,0.6605977,0.8097869,0.76251,0.6596183,0.7101713,0.6925419,0.683706,0.8592478,1,0.9686889,0.7008399,0,0,0,0,0,0,0,0,0,0,0,0,0,0,0,0,0.7251838,0.8110101,0.8547842,0.8752142,0.886861,0.8906074,0.8468609,0.8002335,0.8610138,0.8801368,0.8153769,0.7410758,0,0,0.9139102,1,0.9107166,0.712896,0.7028186,0,0,0,0,0,0,0,0,0,0,0,0
0,0,0,0,0,0,0,0,0,0,0.7408121,0.8350176,0.881306,0.8559976,0.7806082,0.9133024,1,0.9063421,0,0,0,0,0,0,0,0,0,0,0,0,0,0,0,0,0,0,0,0,0,0,0.8396776,0.8696901,0.8835449,0.8896795,0.8811558,0.9829185,0.962772,0,0,1,0.9814663,0.8481114,0,0,0,0,0,0,0,0,0,0,0,0,0,0,0,0,0,0,0,0,0,0.7128819,0.7413869,0.7575602,0.8157172,0.8289025,0.8546346,0.8381813,0.7108181,0.9364564,1,0.889486,0.6615624,0,0,0,0,0,0,0,0,0,0,0,0,0,0,0,0,0,0,0,0,0,0.7270648,0.7687151,0.7866924,0.7693331,0.820624,0.8718171,0.8850106,0.8393193,0.8568538,1,0.9822774,0.7917864,0,0,0,0,0,0,0,0,0,0,0,0,0,0,0,0,0,0,0,0,0,0,0.8134632,0.8320647,0.8868751,0.9194807,0.9339319,0.959529,0.9154313,0,0.971904,1,0.8566605,0,0,0,0,0,0,0,0,0,0,0,0,0,0
0,0,0,0,0,0,0,0,0,0,0,0,0.6963204,0.8056422,0.8758476,0.9678302,1,0.8298718,0,0,0,0,0,0,0,0,0,0,0,0,0,0,0,0,0,0,0,0,0,0,0,0,0,0,0,0.7952346,0.8718879,0.9389204,0.9434529,1,0.8769647,0.704888,0,0,0,0,0,0,0,0,0,0,0,0,0,0,0,0,0,0,0,0,0,0,0,0,0,0.6571509,0.7454054,0.8130357,0.816522,0.9618734,1,0.8511474,0,0,0,0,0,0,0,0,0,0,0,0,0,0,0,0,0,0,0,0,0,0,0,0,0,0,0.6479478,0.7467528,0.8408748,0.8947151,0.9375826,1,0.9240675,0,0,0,0,0,0,0,0,0,0,0,0,0,0,0,0,0,0,0,0,0,0,0,0,0,0,0,0,0.7539877,0.9083896,0.9719993,1,0.9704894,0.7901266,0,0,0,0,0,0,0,0,0,0,0,0,0,0
0,0,0,0,0,0,0,0,0,0,0,0,0,0,0.7338793,0.918915,1,0.9139252,0.6773276,0.7324828,0.6660436,0,0,0,0,0,0,0,0,0,0,0,0,0,0,0,0,0,0,0,0,0,0,0,0,0,0.7836077,0.7826669,0.921918,1,0.9830751,0.8144009,0.7673565,0,0,0,0,0,0,0,0,0,0,0,0,0,0,0,0,0,0,0,0,0,0,0,0,0,0,0,0.6825198,0.9469388,1,0.8910072,0,0.661861,0.6273931,0,0,0,0,0,0,0,0,0,0,0,0,0,0,0,0,0,0,0,0,0,0,0,0,0,0,0.6756341,0.8089474,1,0.9705998,0.7848725,0.6606675,0.6520715,0,0,0,0,0,0,0,0,0,0,0,0,0,0,0,0,0,0,0,0,0,0,0,0,0.6609831,0.7214663,0.7896011,0.7813486,0.9496084,1,0.882632,0.7386128,0,0,0,0,0,0,0,0,0,0,0,0,0
0,0,0,0,0,0,0,0,0,0,0,0,0,0,0,0.9141967,1,0.8975689,0.7366765,0.7463462,0.7202699,0,0,0,0,0,0,0,0,0,0,0,0,0,0,0,0,0,0,0,0,0,0,0,0,0,0.765161,0.7439179,0.9011335,1,0.9824836,0,0,0,0,0,0,0,0,0,0,0,0,0,0,0,0,0,0,0,0,0,0,0,0,0,0,0,0,0,0.6903062,0.9407786,1,0.853902,0.7732788,0.6868647,0,0,0,0,0,0,0,0,0,0,0,0,0,0,0,0,0,0,0,0,0,0,0,0,0.6791569,0.6837339,0,0,0.8979864,1,0.9352555,0.720274,0.6722233,0,0,0,0,0,0,0,0,0,0,0,0,0,0,0,0,0,0,0,0,0,0,0,0,0,0,0,0,0.7772216,0.9666252,1,0.9007429,0.8216235,0.7810832,0.7152787,0,0,0,0,0,0,0,0,0,0,0
0,0,0,0,0,0,0,0,0,0,0,0,0,0,0,0.9155144,1,0.8931786,0,0,0,0,0,0,0,0,0,0,0,0,0,0,0,0,0,0,0,0,0,0,0,0,0,0.7289556,0.7350294,0.7486595,0.7696649,0.7673043,0.8234206,1,0.9740166,0.7732558,0.7864383,0.7603719,0,0,0,0,0,0,0,0,0,0,0,0,0,0,0,0,0,0,0,0,0,0,0,0,0.6527871,0.6601903,0,0.9525691,1,0.8620104,0.694597,0.6736149,0,0,0,0,0,0,0,0,0,0,0,0,0,0,0,0,0,0,0,0,0,0,0,0,0.6629219,0,0,0,0.8344044,1,0.9597535,0.671773,0,0,0,0,0,0,0,0,0,0,0,0,0,0,0,0,0,0,0,0,0,0,0,0,0,0,0,0,0,0.711418,0.991495,1,0.7816499,0,0,0,0,0,0,0,0,0,0,0,0,0,0
0,0,0,0,0,0,0,0,0,0,0,0,0,0,0,0.9388341,1,0.913888,0,0,0,0,0,0,0,0,0,0,0,0,0,0,0,0,0,0,0,0,0,0,0,0,0,0,0,0,0,0,0.8923036,1,0.9531458,0,0,0,0,0,0,0,0,0,0,0,0,0,0,0,0,0,0,0,0,0,0,0,0,0,0,0,0,0,0.7542746,0.9652785,1,0.8922958,0,0,0,0,0,0,0,0,0,0,0,0,0,0,0,0,0,0,0,0,0,0,0,0,0,0,0,0,0,0,0.8874438,1,0.9666646,0.7764748,0,0,0,0,0,0,0,0,0,0,0,0,0,0,0,0,0,0,0,0,0,0,0,0,0,0,0,0,0.7885599,0.8615134,0.9895434,1,0.8550637,0,0,0,0,0,0,0,0,0,0,0,0,0,0
0,0,0,0,0,0,0,0,0,0,0,0,0,0,0,0.9360939,1,0.8794109,0,0,0,0,0,0,0,0,0,0,0,0,0,0,0,0,0,0,0,0,0,0,0,0,0,0,0,0,0,0,0.9001014,1,0.9420386,0,0,0,0,0,0,0,0,0,0,0,0,0,0,0,0,0,0,0,0,0,0,0,0,0,0,0,0,0,0,0.9449162,1,0.8772731,0,0,0,0,0,0,0,0,0,0,0,0,0,0,0,0,0,0,0,0,0,0,0,0,0,0,0,0,0.7703247,0.771094,0.866913,1,0.9410372,0,0,0,0,0,0,0,0,0,0,0,0,0,0,0,0,0,0,0,0,0,0,0,0,0,0,0,0,0,0,0,0.9614574,1,0.8624538,0,0,0,0,0,0,0,0,0,0,0,0,0,0
0,0,0,0,0,0,0,0,0,0,0.7269861,0.7488557,0,0,0.7461255,0.9518812,1,0.8538894,0,0,0,0,0,0,0,0,0,0,0,0,0,0,0,0,0,0,0,0,0,0,0,0,0,0,0,0,0.7845179,0.8346373,0.8906111,1,0.9997928,0,0,0,0,0,0,0,0,0,0,0,0,0,0,0,0,0,0,0,0,0,0,0,0,0,0.6788118,0.7153333,0.7244899,0.7563363,0.7884565,0.9592973,1,0.8678343,0,0,0,0,0,0,0,0,0,0,0,0,0,0,0,0,0,0,0,0,0,0,0,0,0,0.7190301,0.7392452,0.7286781,0.7661532,0.7620781,0.8886407,1,0.9510464,0,0,0,0,0,0,0,0,0,0,0,0,0,0,0,0,0,0,0,0,0,0,0,0,0,0,0,0,0,0,0,0.993735,1,0,0,0,0,0,0,0,0,0,0,0,0,0,0,0
