GestureName: y
Duration(ms): 1410
Handedness: right

SpeakerAngles: 5
55
-55
0
0
110

SpeakerElevations: 5
-10
-10
-10
0
30

InterpretedPoints: 30
-7.29581754319326,-15.6721136933098,-0.589870045663766
-3.27646191711082,-17.9040300351759,-0.721629157329114
-4.06898840674687,-0.519009336369881,-2.5
0.778345695160498,-7.62432782942623,-0.958110933998418
-1.62759536269875,-0.39241148756016,-0.82635182233307
0,0,0
0,0,0
0.00709039723777505,0.2686643887376,0.32635182233307
0.827978475824924,2.22593839776138,0.979055466999209
0.835068873062699,5.4642182925234,0.958110933998418
0.835068873062699,8.4642182925234,0.958110933998418
2.46266423576145,9.84143753309577,1.61081457866456
4.88278608809624,15.7802829363533,0.221629157329114
2.46266423576145,12.1008876189503,0.916221867996835
3.26228112263527,11.267360708749,0.763518223330696
4.06189800950909,4.20476820666891,1.65270364466614
-0.0283615889511002,-9.01388856699923,-0.610814578664557
-0.842159270300473,-10.8322232302127,-0.589870045663766
-0.835068873062699,-11.5635588414751,-0.263518223330696
-0.827978475824924,-8.31008669972526,-0.110814578664557
-1.62050496546097,-3.23827989476202,0.0209445330007911
0,0,0
0,0,0
1.62759536269875,1.39241148756016,0.82635182233307
1.6417761571743,5.04427306097482,0.958110933998418
3.26228112263527,11.4122779986641,0.589870045663766
4.88278608809624,14.7954751833411,0.395277334996044
4.89696688257179,15.3328039608163,1.04798097966218
4.07607880398464,10.1008876189503,0.916221867996835
0.0141807944755503,4.65186157341465,0.131759111665348

StrokePoints: 31
0,0,0
-7.29581754319326,-15.6721136933098,-0.589870045663766
-10.5722794603041,-33.5761437284857,-1.31149920299288
-14.641267867051,-34.0951530648556,-3.81149920299288
-13.8629221718905,-41.7194808942818,-4.7696101369913
-15.4905175345892,-42.111892381842,-5.59596195932437
-15.4905175345892,-42.111892381842,-5.59596195932437
-15.4905175345892,-42.111892381842,-5.59596195932437
-15.4834271373514,-41.8432279931044,-5.2696101369913
-14.6554486615265,-39.617289595343,-4.29055466999209
-13.8203797884638,-34.1530713028196,-3.33244373599367
-12.9853109154011,-25.6888530102962,-2.37433280199525
-10.5226466796397,-15.8474154772005,-0.763518223330697
-5.63986059154341,-0.0671325408471191,-0.541889066001583
-3.17719635578197,12.0337550781031,0.374332801995253
0.0850847668533024,23.3011157868522,1.13785102532595
4.1469827763624,27.5058839935211,2.79055466999209
4.1186211874113,18.4919954265219,2.17974009132753
3.27646191711082,7.65977219630919,1.58987004566376
2.44139304404812,-3.90378664516587,1.32635182233307
1.6134145682232,-12.2138733448911,1.21553724366851
-0.00709039723777205,-15.4521532396531,1.2364817766693
-0.00709039723777205,-15.4521532396531,1.2364817766693
-0.00709039723777205,-15.4521532396531,1.2364817766693
1.62050496546098,-14.059741752093,2.06283359900237
3.26228112263527,-9.01546869111816,3.02094453300079
6.52456224527054,2.39680930754591,3.61081457866456
11.4073483333668,17.192284490887,4.0060919136606
16.3043152159386,32.5250884517034,5.05407289332278
20.3803940199232,42.6259760706537,5.97029476131962
20.3945748143988,47.2778376440683,6.10205387298497

Velocities: 30
-4,0,-7
-3,-6,-7
0,0,0
0,-5,-1
0,0,-1
0,0,0
0,0,0
0,1,0
0,2,1
0,3,3
0,3,3
0,3,5
5,5,6
2,5,5
2,3,5
0,-1,3
0,-4,-4
-1,-5,-5
-1,-4,-5
-1,-3,-4
-1,0,-2
0,0,0
0,0,0
0,0,1
1,3,2
3,4,4
5,5,5
5,7,5
3,4,5
1,3,1

InverseVelocities: 30
0,0,0
0,0,0
0,0,0
0,0,0
0,0,0
0,0,0
0,0,0
0,0,0
0,0,0
0,0,0
0,0,0
0,0,0
0,0,0
0,0,0
0,0,0
0,0,-3
0,0,0
0,0,0
0,0,0
0,0,0
0,0,0
0,0,0
0,0,0
0,0,0
0,0,0
0,0,0
0,0,0
0,0,0
0,0,0
0,-1,-1

RawData: 30
0,0,0,0,0,0,0,0,0,0.6341803,0.7275243,0.6781435,0.6696655,0.6623143,0,0.9217402,1,0.8763422,0,0,0,0,0,0,0,0,0,0,0,0,0,0,0,0,0,0,0,0,0,0,0,0,0,0,0,0,0.7251438,0.8315429,0.8731414,1,0.9695941,0.7132564,0,0,0,0,0,0,0,0,0,0,0,0,0,0,0,0,0,0,0,0,0.6761514,0.7043493,0,0.6942682,0.7912461,0.7026454,0.7653859,0,0.7621878,0.9482072,1,0.843658,0.6315796,0,0,0,0,0,0,0,0,0,0,0,0,0,0,0,0,0,0,0,0.628747,0.7306736,0.7850683,0.8350237,0.8282111,0.8073765,0.7561045,0.7821206,0.723411,0,0.8331769,1,0.948759,0,0,0,0,0,0,0,0,0,0,0,0,0,0,0,0,0,0,0,0,0,0,0,0.7059232,0.8072592,0.7998363,0.7920845,0.8267872,0.8001289,0.7871855,0,0.9771408,1,0.811752,0,0,0,0,0,0,0,0,0,0,0,0,0,0
0,0,0,0,0,0,0,0,0,0,0.6473139,0,0.6582969,0,0,0.9314249,1,0.8630267,0.6580065,0,0,0,0,0,0,0,0,0,0,0,0,0,0,0,0,0,0,0,0,0,0.7528942,0.7349789,0.7215349,0,0,0,0,0.7289475,0,1,0.9990549,0.7828451,0,0,0,0,0,0,0,0,0,0,0,0,0,0,0,0,0,0,0,0,0.6418713,0.6569657,0.6583098,0.645104,0.6851514,0.7787099,0.6988766,0.7473296,0.7900468,0.939122,1,0.8689995,0,0,0,0,0,0,0,0,0,0,0,0,0,0,0,0,0,0,0,0,0.6352884,0.6665968,0.683207,0.7015083,0,0.6949565,0.7977104,0.8235862,0.7790908,0.7588154,0.8733658,1,0.9459625,0,0,0,0,0,0,0,0,0,0,0,0,0,0,0,0,0,0,0,0,0,0.6861007,0.6667826,0.6526747,0.7377797,0,0.7188745,0.8319618,0.8679953,0.8628253,0.7810494,0.9650494,1,0.8264616,0,0,0,0,0,0,0,0,0,0,0,0,0,0
0,0,0,0,0,0,0,0,0,0,0,0,0,0,0,0.9370409,1,0.8980139,0,0,0,0,0,0,0,0,0,0,0,0,0,0,0,0,0,0,0,0,0,0,0,0,0,0,0,0,0,0,0,1,0.9787531,0,0,0,0,0,0,0,0,0,0,0,0,0,0,0,0,0,0,0,0,0,0,0,0,0,0,0,0,0.8074478,0.8690479,0.9706045,1,0.8779604,0,0,0,0,0,0,0,0,0,0,0,0,0,0,0,0,0,0,0,0,0,0,0,0,0,0,0.7745452,0,0,0.7929481,0.8992301,1,0.9616612,0,0,0,0,0,0,0,0,0,0,0,0,0,0,0,0,0,0,0,0,0,0,0,0.8208049,0.8285732,0,0,0,0,0,0,0.966953,1,0.8544675,0,0,0,0,0,0,0,0,0,0,0,0,0,0
0,0,0,0,0,0,0,0,0,0,0,0,0,0.6168246,0.7727554,0.9021013,1,0.8731216,0,0,0,0,0,0,0,0,0,0,0,0,0,0,0,0,0,0,0,0,0,0,0,0.7141495,0.7334206,0,0,0,0.7280431,0.8926095,0.808386,0.9988973,1,0.8162602,0,0,0,0,0,0,0,0,0,0,0,0,0,0,0,0,0,0,0,0,0,0,0,0,0,0,0.6082504,0.6665692,0.8427491,0.9754264,1,0.8072544,0.625747,0.5905039,0,0,0,0,0,0,0,0,0,0,0,0,0,0,0,0,0,0,0,0,0,0.6119095,0.6448963,0.6360205,0,0.6311418,0.6349705,0.8200755,0.9332352,1,0.9243171,0,0,0,0,0,0,0,0,0,0,0,0,0,0,0,0,0,0,0,0,0,0,0,0,0.6219663,0.6243801,0.6374671,0,0.7695692,0.8665301,0.8816662,0.9697337,1,0.8160571,0.6481826,0,0,0,0,0,0,0,0,0,0,0,0,0
0,0,0,0,0,0,0,0,0,0,0,0,0,0.7722101,0.8396527,0.9090167,1,0.8902655,0,0,0,0,0,0,0,0,0,0,0,0,0,0,0,0,0,0,0,0,0,0,0,0,0,0,0,0,0,0.8558506,0.8613063,1,0.9815947,0,0,0,0,0,0,0,0,0,0,0,0,0,0,0,0,0,0,0,0,0,0,0,0,0,0,0,0.7255517,0.8062598,0.8709701,0.9252735,1,0.8725737,0,0,0,0,0,0,0,0,0,0,0,0,0,0,0,0,0,0,0,0,0,0,0,0,0,0,0,0,0.7740098,0.7585902,0.8285152,1,0.9640656,0,0,0,0,0,0,0,0,0,0,0,0,0,0,0,0,0,0,0,0,0,0,0,0,0,0,0.7463794,0,0.7701555,0.8417633,0.7829483,0.9850743,1,0.7531549,0,0,0,0,0,0,0,0,0,0,0,0,0,0
0,0,0,0,0,0,0,0,0,0,0,0,0,0,0.8146949,0.9531143,1,0.8780863,0,0,0,0,0,0,0,0,0,0,0,0,0,0,0,0,0,0,0,0,0,0,0,0,0,0,0,0,0,0.7468203,0.9263866,1,0.9133471,0,0,0,0,0,0,0,0,0,0,0,0,0,0,0,0,0,0,0,0,0,0,0,0,0,0,0,0,0.7002247,0.7729167,0.9732648,1,0.8546146,0,0,0,0,0,0,0,0,0,0,0,0,0,0,0,0,0,0,0,0,0,0,0,0,0,0,0,0,0,0.8113535,0.9432812,1,0.930928,0.649565,0,0,0,0,0,0,0,0,0,0,0,0,0,0,0,0,0,0,0,0,0,0,0,0,0,0,0,0.6445661,0.6848419,0.7778974,0.9835865,1,0.8534797,0,0,0,0,0,0,0,0,0,0,0,0,0,0
0,0,0,0,0,0,0,0,0,0,0,0,0,0,0.6886662,0.9225097,1,0.8923668,0,0,0,0,0,0,0,0,0,0,0,0,0,0,0,0,0,0,0,0,0,0,0,0,0,0,0,0,0,0,0.8314309,1,0.9514471,0.7569677,0,0,0,0,0,0,0,0,0,0,0,0,0,0,0,0,0,0,0,0,0,0,0,0,0,0,0,0,0.6815254,0.9259323,1,0.8673854,0,0,0,0,0,0,0,0,0,0,0,0,0,0,0,0,0,0,0,0,0,0,0,0,0,0,0,0,0,0.7641209,0.821712,1,0.9760695,0.7076141,0,0,0,0,0,0,0,0,0,0,0,0,0,0,0,0,0,0,0,0,0,0,0,0,0,0,0,0,0,0,0.950516,1,0.8873067,0,0,0,0,0,0,0,0,0,0,0,0,0,0
0,0,0,0,0,0,0,0,0,0,0,0,0,0,0,0.9352267,1,0.8670623,0,0,0,0,0,0,0,0,0,0,0,0,0,0,0,0,0,0,0,0,0,0,0,0,0,0,0,0,0,0,0.7984509,1,0.9475721,0.9032992,0.8750535,0.763586,0,0,0,0,0,0,0,0,0,0,0,0,0,0,0,0,0,0,0,0,0,0,0,0,0,0,0.6979828,0.9628003,1,0.7963783,0.7191392,0,0,0,0,0,0,0,0,0,0,0,0,0,0,0,0,0,0,0,0,0,0,0,0,0,0,0,0,0,0.8631096,1,0.9311432,0.8237826,0.6944043,0,0,0,0,0,0,0,0,0,0,0,0,0,0,0,0,0,0,0,0,0,0,0,0,0,0,0,0,0.7354299,1,0.9911098,0.9452544,0.8654898,0.7289341,0,0,0,0,0,0,0,0,0,0,0,0
0,0,0,0,0,0,0,0,0,0,0,0,0,0,0,0.9173135,1,0.9299801,0.8065129,0.6882657,0,0,0,0,0,0,0,0,0,0,0,0,0,0,0,0,0,0,0,0,0,0,0,0,0,0,0,0,0.8142548,1,0.94573,0.854724,0.7319943,0.8512286,0.7342158,0,0,0,0,0,0,0,0,0,0,0,0,0,0,0,0,0,0,0,0,0,0,0,0,0,0.6412055,0.946091,1,0.9087042,0.7148557,0.7170798,0.6359035,0,0,0,0,0,0,0,0,0,0,0,0,0,0,0,0,0,0,0,0,0,0,0,0,0,0,0,0.8426452,1,0.9937957,0.8787948,0.8244523,0.6909576,0,0,0,0,0,0,0,0,0,0,0,0,0,0,0,0,0,0,0,0,0,0,0,0,0,0,0,0.6735369,0.9538878,1,0.8765938,0.8365179,0.8020362,0.6530444,0.6407033,0,0,0,0,0,0,0,0,0,0
0,0,0,0,0,0,0,0,0,0,0,0,0,0,0,0.9313496,1,0.8730587,0.7629975,0.6948842,0,0,0,0,0,0,0,0,0,0,0,0,0,0,0,0,0,0,0,0,0,0,0,0,0,0,0,0,0.8331391,1,0.9905772,0.8152131,0.807519,0,0.8771629,0.7803313,0,0,0,0,0,0,0,0,0,0,0,0,0,0,0,0,0,0,0,0,0,0,0,0,0.6663503,0.9556586,1,0.8892547,0.8150944,0.7346879,0.714845,0.7035494,0.6207767,0,0,0,0,0,0,0,0,0,0,0,0,0,0,0,0,0,0,0,0,0,0,0,0,0,0.8609794,1,0.9568087,0.9164741,0.9056709,0.7770044,0.7342303,0,0,0,0,0,0,0,0,0,0,0,0,0,0,0,0,0,0,0,0,0,0,0,0,0,0,0.7114193,0.9690832,1,0.878475,0.8786166,0.9374942,0.8907964,0.8191344,0.7233403,0,0,0,0,0,0,0,0,0
0,0,0,0,0,0,0,0,0,0,0,0,0,0,0,0.9299682,1,0.8856211,0,0,0,0,0,0,0,0,0,0,0,0,0,0,0,0,0,0,0,0,0,0,0,0,0,0,0,0,0,0,0,1,0.9785476,0,0.8442866,0.9582273,0.9178001,0.7755561,0,0,0,0,0,0,0,0,0,0,0,0,0,0,0,0,0,0,0,0,0,0,0,0,0.6732276,0.9532388,1,0.8787012,0.7719455,0.7115806,0.6885361,0.7381482,0.6522331,0,0,0,0,0,0,0,0,0,0,0,0,0,0,0,0,0,0,0,0,0,0,0,0,0,0.8767511,1,0.9543644,0.8535768,0.8844107,0.7673012,0.7206369,0.7326934,0.6577502,0.6180834,0,0,0,0,0,0,0,0,0,0,0,0,0,0,0,0,0,0,0,0,0,0,0,0.7332708,0.97025,1,0.8390202,0.8073897,0.9512826,0.9681438,0.9096473,0.790337,0,0,0,0,0,0,0,0,0
0,0,0,0,0,0,0,0,0,0,0,0,0,0,0,0.9255065,1,0.8794307,0.6727563,0.719787,0,0,0,0,0,0,0,0,0,0,0,0,0,0,0,0,0,0,0,0,0,0,0,0,0,0,0,0,0.8269905,1,0.9735076,0,0.8256902,0.9296846,0.8975942,0.7899762,0,0,0,0,0,0,0,0,0,0,0,0,0,0,0,0,0,0,0,0,0,0,0,0,0.6808767,0.952817,1,0.846718,0.8146436,0.7914734,0.6495287,0,0.7032908,0.6813196,0.6336027,0,0,0,0,0,0,0,0,0,0,0,0,0,0,0,0,0,0,0,0,0,0,0,0.877124,1,0.9376345,0.8055413,0.8879935,0.8058666,0,0.696151,0.7046546,0.6873762,0,0,0,0,0,0,0,0,0,0,0,0,0,0,0,0,0,0,0,0,0,0,0,0.7359351,0.9735484,1,0.7841371,0.84767,0.8780465,0.8340569,0.7178781,0.7101644,0.7738765,0.7764555,0,0,0,0,0,0,0
0,0,0,0,0,0,0,0,0,0,0,0,0,0,0,0.9077736,1,0.9096856,0,0.7423763,0.8164194,0.7412408,0.7530121,0.7244911,0.6630436,0,0,0,0,0,0,0,0,0,0,0,0,0,0,0,0,0,0,0,0,0,0,0,0.7640685,0.9784766,1,0.8271447,0.7663662,0.8529607,0.8883771,0.911624,0.8358831,0.7607654,0,0,0,0,0,0,0,0,0,0,0,0,0,0,0,0,0,0,0,0,0,0,0,0.9249219,1,0.8827693,0.7102883,0.689396,0.6787735,0.7881298,0.8133574,0.7229848,0.678021,0.6445338,0,0,0,0,0,0,0,0,0,0,0,0,0,0,0,0,0,0,0,0,0,0,0.8207304,1,0.9723509,0.7406188,0.7665608,0.8261786,0.7954695,0.7472076,0.8112943,0.7333628,0.6865308,0,0,0,0,0,0,0,0,0,0,0,0,0,0,0,0,0,0,0,0,0,0,0,0.9536445,1,0.8579897,0,0.8627706,0.9319193,0.849038,0.8172284,0.8652625,0.7572423,0,0,0,0,0,0,0
0,0,0,0,0,0,0,0,0,0,0,0,0,0,0,0.9182252,1,0.9414266,0.7939527,0.7835622,0.8682375,0.8240417,0,0,0,0,0,0,0,0,0,0,0,0,0,0,0,0,0,0,0,0,0,0,0,0,0,0,0.8958836,1,0.966774,0,0,0.8804399,0,0.8653355,0.9361181,0.881496,0,0,0,0,0,0,0,0,0,0,0,0,0,0,0,0,0,0,0,0,0,0,0,0.9485655,1,0.9078163,0,0.8155106,0.8272118,0.8111417,0.8478017,0.8625342,0.7825361,0,0,0,0,0,0,0,0,0,0,0,0,0,0,0,0,0,0,0,0,0,0,0,0.8712708,1,0.9748565,0.8092144,0.8021049,0.8248837,0.8987439,0.8787947,0.8689892,0.8066177,0,0,0,0,0,0,0,0,0,0,0,0,0,0,0,0,0,0,0,0,0,0,0,0,0.9446735,1,0.8672811,0.8525578,0.8822523,0.8900843,0.9586277,0.9503233,0.9272692,0.8164602,0,0,0,0,0,0,0
0,0,0,0,0,0,0,0,0,0,0,0,0,0,0,0.8955224,1,0.9115333,0,0.6754842,0.6893995,0.6231991,0,0,0,0,0,0,0,0,0,0,0,0,0,0,0,0,0,0,0,0,0,0,0,0,0,0,0.7936029,1,0.9739013,0.9200264,0.9141107,0.8926523,0.9170121,0.8452635,0,0,0,0,0,0,0,0,0,0,0,0,0,0,0,0,0,0,0,0,0,0,0,0,0.603153,0.9054155,1,0.9208542,0.7854483,0.7462707,0.8276272,0.8370315,0.7956198,0.7513552,0.6083857,0,0,0,0,0,0,0,0,0,0,0,0,0,0,0,0,0,0,0,0,0,0,0,0.8100853,1,0.9865201,0.8690654,0.7904679,0.8486372,0.884655,0.8870379,0.8569173,0.7513226,0,0,0,0,0,0,0,0,0,0,0,0,0,0,0,0,0,0,0,0,0,0,0,0.802362,0.9942685,1,0.8042746,0.8642902,0.7984262,0.8679199,0.8884053,0.906505,0.7989763,0,0,0,0,0,0,0,0
0,0,0,0,0,0,0,0,0,0,0,0,0,0,0.6709833,0.9072643,1,0.9156226,0.7317821,0,0,0,0,0,0,0,0,0,0,0,0,0,0,0,0,0,0,0,0,0,0,0,0,0,0,0.6977216,0.8126621,0.9016186,0.9156014,0.9612709,1,0.832941,0.7181389,0,0,0,0,0,0,0,0,0,0,0,0,0,0,0,0,0,0,0,0,0,0,0,0.5736543,0.6262891,0.6804041,0.7725886,0.7901148,0.9072139,1,0.9032704,0.6562964,0.6793348,0.7253885,0.701279,0.6015081,0,0,0,0,0,0,0,0,0,0,0,0,0,0,0,0,0,0,0,0,0,0.6507533,0.690432,0.755505,0.7913854,0.8641015,1,0.9665222,0.6989725,0.7756987,0.7808783,0.6817849,0.6469063,0,0,0,0,0,0,0,0,0,0,0,0,0,0,0,0,0,0,0,0,0,0.6059607,0.6767339,0.7512709,0.7960618,0.8210459,0.920677,1,0.8735573,0.7347437,0.80526,0.7159559,0.6262884,0.6245834,0,0,0,0,0,0,0,0,0
0,0,0,0,0,0,0,0,0,0,0,0,0,0,0,0.8904354,1,0.9304386,0.71093,0.6992326,0,0,0,0,0,0,0,0,0,0,0,0,0,0,0,0,0,0,0,0,0,0,0.776408,0.8875384,0.9225372,0.9393312,0.9713069,1,0.8529235,0.9921424,0.9810562,0.7984513,0,0,0,0,0,0,0,0,0,0,0,0,0,0,0,0,0,0,0,0,0,0,0,0.7562449,0.7817408,0.7850941,0.8322182,0.880363,0.8572916,0.9377158,1,0.8592783,0.7566923,0,0,0,0,0,0,0,0,0,0,0,0,0,0,0,0,0,0,0,0,0,0,0,0.689298,0.7508681,0.7208495,0.8085576,0.7858824,0.7961964,0.8706427,1,0.9792133,0.7755015,0.6813254,0,0,0,0,0,0,0,0,0,0,0,0,0,0,0,0,0,0,0,0,0,0,0.7710905,0.8280955,0.7932193,0.8424062,0.8919764,0.8772909,0.8152139,0.910592,1,0.88471,0,0,0,0,0,0,0,0,0,0,0,0,0,0
0,0,0,0,0,0,0,0,0,0,0,0,0.6876722,0.7389045,0.7410807,0.8929006,1,0.9306667,0,0,0,0,0,0,0,0,0,0,0,0,0,0,0,0,0,0,0,0,0,0,0,0.8377001,0.9497544,0.9800875,0.8672139,0.9156426,0.9793745,0.8318225,0.8679225,1,0.9668784,0,0,0,0,0,0,0,0,0,0,0,0,0,0,0,0,0,0,0,0,0,0,0,0.7615865,0.839351,0.7976578,0.7576316,0.8724161,0.7909068,0.7247812,0.9402136,1,0.8907961,0,0,0,0,0,0,0,0,0,0,0,0,0,0,0,0,0,0,0,0,0,0,0,0,0.8059171,0.797439,0,0.8503738,0.8213492,0,0.7329927,1,0.9881968,0.7407155,0,0,0,0,0,0,0,0,0,0,0,0,0,0,0,0,0,0,0,0,0,0,0.7244465,0.8460456,0.8774287,0.8334918,0,0.804207,0.7963206,0.8605036,0.9440734,1,0.9029035,0,0,0,0,0,0,0,0,0,0,0,0,0,0
0,0,0,0,0,0,0,0,0,0,0,0,0.6836587,0.6987077,0,0.9000403,1,0.9110288,0,0,0,0,0,0,0,0,0,0,0,0,0,0,0,0,0,0,0,0,0,0,0,0,0.8033245,0,0.9473606,0.89818,0.8890668,0,0.8354892,1,0.9972638,0,0,0,0,0,0,0,0,0,0,0,0,0,0,0,0,0,0,0,0,0,0,0,0.6362558,0.6892024,0.6911399,0.637174,0.8359689,0.7959195,0.6795991,0.9116785,1,0.8919818,0,0,0,0,0,0,0,0,0,0,0,0,0,0,0,0,0,0,0,0,0,0,0,0.6463006,0.7165989,0.6820135,0.7083753,0.7480787,0.7326041,0,0.8230615,1,0.9754564,0,0,0,0,0,0,0,0,0,0,0,0,0,0,0,0,0,0,0,0,0,0,0,0,0.7914217,0.8003788,0.828708,0.7776527,0.8390065,0.7849727,0,0.9204621,1,0.8631992,0.6899334,0,0,0,0,0,0,0,0,0,0,0,0,0
0,0,0,0,0,0,0,0,0,0,0,0,0.7262667,0.7921525,0.6813326,0.8951409,1,0.9152319,0,0,0,0,0,0,0,0,0,0,0,0,0,0,0,0,0,0,0,0,0,0,0,0,0,0.7429854,0.8509672,0.8779477,0.8393929,0,0.8774207,1,0.960311,0,0,0,0,0,0,0,0,0,0,0,0,0,0,0,0,0,0,0,0,0,0,0,0,0.6406814,0.7186079,0.7622062,0.6514095,0.7425468,0.680012,0.9277848,1,0.885977,0,0,0,0,0,0,0,0,0,0,0,0,0,0,0,0,0,0,0,0,0,0,0,0,0,0.6402151,0.6877615,0.6943855,0.8154962,0.7972727,0.8221065,1,0.9815254,0.7553251,0,0,0,0,0,0,0,0,0,0,0,0,0,0,0,0,0,0,0,0,0,0,0,0,0.726788,0.7076942,0.7912048,0.8366729,0.8619219,0.8186916,0.9404407,1,0.8832161,0,0,0,0,0,0,0,0,0,0,0,0,0,0
0,0,0,0,0,0,0,0,0,0,0,0,0.6253471,0.7870318,0.8646133,0.9298909,1,0.9127257,0,0,0,0,0,0,0,0,0,0,0,0,0,0,0,0,0,0,0,0,0,0,0,0,0,0,0,0,0.8709551,0.9806998,0.9617223,1,0.9695194,0.7193589,0,0,0,0,0,0,0,0,0,0,0,0,0,0,0,0,0,0,0,0,0,0,0,0,0,0.6003494,0,0.6935532,0.7627811,0.9288477,1,0.8962633,0,0,0,0,0,0,0,0,0,0,0,0,0,0,0,0,0,0,0,0,0,0,0,0,0,0,0,0.6867833,0.851355,0.9019798,0.7315348,1,0.9674971,0.6643782,0,0,0,0,0,0,0,0,0,0,0,0,0,0,0,0,0,0,0,0,0,0,0,0,0,0,0.674074,0,0.8650752,0.8720925,0.9456862,1,0.8238831,0,0,0,0,0,0,0,0,0,0,0,0,0,0
0,0,0,0,0,0,0,0,0,0,0,0,0,0.6582705,0.811289,0.9542298,1,0.8808549,0,0,0,0,0,0,0,0,0,0,0,0,0,0,0,0,0,0,0,0,0,0,0,0,0,0,0,0,0.7048983,0.8858763,0.9869089,1,0.9871913,0,0,0,0,0,0,0,0,0,0,0,0,0,0,0,0,0,0,0,0,0,0,0,0,0,0,0,0,0,0.7308185,0.9267246,1,0.8618804,0,0,0,0,0,0,0,0,0,0,0,0,0,0,0,0,0,0,0,0,0,0,0,0,0,0,0,0,0.6892319,0.843316,0.8570946,1,0.9703791,0.6686213,0,0,0,0,0,0,0,0,0,0,0,0,0,0,0,0,0,0,0,0,0,0,0,0,0,0,0,0,0.763801,0.8866636,1,0.9998559,0.8089586,0,0,0,0,0,0,0,0,0,0,0,0,0,0
0,0,0,0,0,0,0,0,0,0,0,0,0,0,0,0.9275462,1,0.8958201,0.6612962,0,0,0,0,0,0,0,0,0,0,0,0,0,0,0,0,0,0,0,0,0,0,0,0,0,0,0,0,0,0,0.9424882,1,0.9134629,0.7613527,0,0,0,0,0,0,0,0,0,0,0,0,0,0,0,0,0,0,0,0,0,0,0,0,0,0,0,0,0.9351501,1,0.9006606,0.6612608,0,0,0,0,0,0,0,0,0,0,0,0,0,0,0,0,0,0,0,0,0,0,0,0,0,0,0,0,0,0.9005359,1,0.9309614,0.8481009,0.7059188,0,0,0,0,0,0,0,0,0,0,0,0,0,0,0,0,0,0,0,0,0,0,0,0,0,0,0,0,0,1,0.984286,0.9155258,0.847329,0,0,0,0,0,0,0,0,0,0,0,0,0
0,0,0,0,0,0,0,0,0,0,0,0,0,0,0,0.9360206,1,0.8547714,0.8073168,0,0,0,0,0,0,0,0,0,0,0,0,0,0,0,0,0,0,0,0,0,0,0,0,0,0,0,0,0,0.8505184,1,0.9381418,0.926774,0.8973462,0,0,0,0,0,0,0,0,0,0,0,0,0,0,0,0,0,0,0,0,0,0,0,0,0,0,0,0.6969,0.9612916,1,0.8052392,0.8239409,0.7670941,0.687807,0,0,0,0,0,0,0,0,0,0,0,0,0,0,0,0,0,0,0,0,0,0,0,0,0,0,0,0.8628274,1,0.9918209,0.9388676,0.8564346,0.66768,0,0,0,0,0,0,0,0,0,0,0,0,0,0,0,0,0,0,0,0,0,0,0,0,0,0,0,0.6986912,0.9507139,1,0.9760453,0.9705215,0.8981102,0.7912614,0,0,0,0,0,0,0,0,0,0,0
0,0,0,0,0,0,0,0,0,0,0,0,0,0,0,0.9296801,1,0.8856916,0.7879043,0.793189,0.7079441,0,0,0,0,0,0,0,0,0,0,0,0,0,0,0,0,0,0,0,0,0,0,0,0,0,0,0,0.8462197,1,0.9470393,0,0.8531984,0.9151789,0.8936143,0.7740721,0,0,0,0,0,0,0,0,0,0,0,0,0,0,0,0,0,0,0,0,0,0,0,0,0.6970133,0.9604488,1,0.8459198,0.7093443,0.7598311,0.830905,0.7502095,0,0,0,0,0,0,0,0,0,0,0,0,0,0,0,0,0,0,0,0,0,0,0,0,0,0,0.8830436,1,0.9463307,0.8260698,0.8534506,0.8245832,0.7941298,0,0,0,0,0,0,0,0,0,0,0,0,0,0,0,0,0,0,0,0,0,0,0,0,0,0,0.7047861,0.9522753,1,0.9044354,0.8673502,0.7192509,0.8827929,0.8460063,0.7301352,0,0,0,0,0,0,0,0,0
0,0,0,0,0,0,0,0,0,0,0,0,0,0,0,0.9242522,1,0.9024842,0,0,0.7207534,0.7364815,0.7094356,0,0,0,0,0,0,0,0,0,0,0,0,0,0,0,0,0,0,0,0,0,0,0,0,0,0.8243347,1,0.990796,0.8096964,0.796629,0.8131892,0.8452111,0.8649426,0.7696374,0,0,0,0,0,0,0,0,0,0,0,0,0,0,0,0,0,0,0,0,0,0,0,0.6695913,0.9557016,1,0.8773336,0.7145265,0.8162265,0.7743411,0.7652872,0.7719091,0.7603025,0,0,0,0,0,0,0,0,0,0,0,0,0,0,0,0,0,0,0,0,0,0,0,0,0.8537763,1,0.9579634,0,0.8196793,0.8335615,0.7660828,0.8232923,0.7918587,0.7479076,0,0,0,0,0,0,0,0,0,0,0,0,0,0,0,0,0,0,0,0,0,0,0,0.8044915,0.980235,1,0,0.8861034,0.9032956,0.8523535,0.831567,0.8699255,0.7809421,0,0,0,0,0,0,0,0
0,0,0,0,0,0,0,0,0,0,0,0,0,0,0,0.9298393,1,0.9034911,0.6947914,0,0,0,0.7893578,0.8101059,0.7141698,0,0,0,0,0,0,0,0,0,0,0,0,0,0,0,0,0,0,0,0,0,0,0,0.8707689,1,0.9618871,0.8485402,0.8957105,0.850139,0.7132169,0.8224439,0.877501,0.8008695,0,0,0,0,0,0,0,0,0,0,0,0,0,0,0,0,0,0,0,0,0,0,0.6339034,0.9552102,1,0.8777133,0.782876,0.7911439,0.6568894,0.6432522,0.8181943,0.8496968,0.7571526,0,0,0,0,0,0,0,0,0,0,0,0,0,0,0,0,0,0,0,0,0,0,0,0.8813891,1,0.9609801,0.8295765,0.8776122,0.8613534,0.7493204,0.772945,0.875218,0.8538796,0.7301646,0,0,0,0,0,0,0,0,0,0,0,0,0,0,0,0,0,0,0,0,0,0,0.7676431,0.9802117,1,0.7875144,0.8999048,0.8732221,0.7695965,0.872571,0.9418737,0.9525364,0.8748004,0,0,0,0,0,0,0
0,0,0,0,0,0,0,0,0,0,0,0,0,0,0,0.9312914,1,0.8864027,0.6946381,0.6793951,0,0,0,0.7462513,0.7455175,0,0,0,0,0,0,0,0,0,0,0,0,0,0,0,0,0,0,0,0,0,0,0,0.8408262,1,0.9032682,0,0.9046847,0.8450692,0,0.7556657,0.7967132,0.8161597,0.8236111,0.758448,0,0,0,0,0,0,0,0,0,0,0,0,0,0,0,0,0,0,0,0,0.6479138,0.9534301,1,0.8414008,0.6687869,0.7796216,0.8057593,0.7260352,0.7110503,0.7003631,0.7264032,0,0,0,0,0,0,0,0,0,0,0,0,0,0,0,0,0,0,0,0,0,0.6856263,0.7349162,0.8620702,1,0.9678082,0.8604857,0.8353311,0.8793328,0.8408597,0.7946374,0.6672339,0.7640321,0.751842,0,0,0,0,0,0,0,0,0,0,0,0,0,0,0,0,0,0,0,0,0,0,0,0.9750294,1,0.8491361,0.9064352,0.8010294,0.9168444,0.8299688,0,0.783444,0.8147643,0.8177531,0.7191716,0,0,0,0,0
0,0,0,0,0,0,0,0,0,0,0,0,0,0,0.7726772,0.9331335,1,0.8930117,0.7468839,0.7585999,0.7661505,0.797958,0.7788821,0,0,0,0,0,0,0,0,0,0,0,0,0,0,0,0,0,0,0,0,0,0,0,0,0.8390976,0.912159,1,0.9755977,0.9364583,0.9711578,0.9478211,0,0.901074,0.8503097,0,0,0,0,0,0,0,0,0,0,0,0,0,0,0,0,0,0,0,0,0,0,0,0.7506927,0.9597498,1,0.8724687,0.8456995,0.8242371,0.768824,0.7515154,0.7410148,0,0.709234,0,0,0,0,0,0,0,0,0,0,0,0,0,0,0,0,0,0,0,0,0,0.7726081,0.7911225,0.8734972,1,0.9074944,0.9042817,0.8829177,0.8662342,0.8825217,0.8340402,0,0,0,0,0,0,0,0,0,0,0,0,0,0,0,0,0,0,0,0,0,0,0,0.859732,0.8950394,0.8442093,0.9610351,1,0.8927783,0.8850143,0.8481708,0.9012012,0.8706575,0,0,0.8006158,0,0,0,0,0,0,0
0,0,0,0,0,0,0,0,0,0,0,0,0,0,0,0.9284266,1,0.9106601,0,0,0.7458001,0,0,0,0,0,0,0,0,0,0,0,0,0,0,0,0,0,0,0,0,0,0,0,0,0.8463684,0.8779102,0.8364539,0.8978277,0.9870394,1,0.9158606,0,0.814689,0.8101458,0.793774,0,0,0,0,0,0,0,0,0,0,0,0,0,0,0,0,0,0,0,0,0,0,0.7295409,0.7729691,0.7768425,0.9367165,1,0.9134084,0.7976406,0.7738173,0.7615951,0,0,0,0,0,0,0,0,0,0,0,0,0,0,0,0,0,0,0,0,0,0,0,0,0.7760015,0.8147818,0.7792498,0.8738881,1,0.9765044,0.8490819,0.7744053,0.802508,0.8022211,0,0,0,0,0,0,0,0,0,0,0,0,0,0,0,0,0,0,0,0,0,0,0,0.8560745,0.9215216,0.8851992,0.8674275,0.9947341,1,0.9263116,0,0.8531401,0.8875701,0,0,0,0,0,0,0,0,0,0,0
