GestureName: z
Duration(ms): 987
Handedness: right

SpeakerAngles: 5
55
-55
0
0
110

SpeakerElevations: 5
-10
-10
-10
0
30

InterpretedPoints: 21
0,0,0
0.813797681349374,1.68860962028618,0.32635182233307
3.24810032815972,6.66107587629776,1.15270364466614
11.3435347582268,11.530047153382,1.93716640099763
2.43430264681035,6.9268895150482,0.305407289332279
0.813797681349374,1.68860962028618,0.32635182233307
2.43430264681035,1.95727400902378,0.652703644666139
1.66304734888762,7.97999127011486,1.58987004566377
-7.25327515976661,13.2460813529957,-2.45201902033782
-8.83123774180094,6.43707015732624,2.47905546699921
-3.2835523143486,-13.8139037891073,-2.43716640099763
-2.46975463299922,-4.12529416882116,-2.11081457866456
0,0,0
1.6984993350765,22.942325152046,2.52703644666139
9.76557217619249,33.8200159585612,-0.251334396009493
10.5155562824019,18.2881452910503,-0.604722665003955
3.18428675301974,-8.58978890547493,0.125667198004746
-3.24810032815972,-21.3026959109711,2.4939080863394
-0.806707284111599,-3.54967027447583,0.347296355333861
0,0,0
0,0,0

StrokePoints: 22
0,0,0
0,0,0
0.813797681349374,1.68860962028618,0.32635182233307
4.06189800950909,8.34968549658394,1.47905546699921
15.4054327677359,19.8797326499659,3.41622186799684
17.8397354145462,26.8066221650141,3.72162915732911
18.6535330958956,28.4952317853003,4.04798097966218
21.087835742706,30.4525057943241,4.70068462432832
22.7508830915936,38.4324970644389,6.29055466999209
15.497607931827,51.6785784174346,3.83853564965427
6.66637019002604,58.1156485747608,6.31759111665348
3.38281787567745,44.3017447856535,3.88042471565586
0.913063242678227,40.1764506168323,1.7696101369913
0.913063242678227,40.1764506168323,1.7696101369913
2.61156257775473,63.1187757688784,4.29664658365269
12.3771347539472,96.9387917274395,4.0453121876432
22.8926910363491,115.22693701849,3.44058952263924
26.0769777893688,106.637148113015,3.56625672064399
22.8288774612091,85.3344522020437,6.06016480698339
22.0221701770975,81.7847819275679,6.40746116231725
22.0221701770975,81.7847819275679,6.40746116231725
22.0221701770975,81.7847819275679,6.40746116231725

Velocities: 21
0,0,0
0,0,1
1,0,1
5,-2,6
1,0,3
0,0,1
1,0,1
2,7,2
0,10,7
-10,7,6
0,-4,-5
0,-4,-4
0,0,0
0,10,10
12,12,12
12,3,0
1,-9,-10
-7,-6,-10
-1,0,-1
0,0,0
0,0,0

InverseVelocities: 21
0,0,0
0,0,0
0,0,0
0,0,0
0,0,0
0,0,0
0,0,0
0,0,0
0,0,-1
0,-4,-12
0,0,0
0,0,0
0,0,0
0,0,0
0,0,0
0,0,0
-3,0,3
0,0,0
0,0,0
0,0,0
0,0,0

RawData: 21
0,0,0,0,0,0,0,0,0,0,0,0,0,0,0,0.8917135,1,0.9215601,0,0,0,0,0,0,0,0,0,0,0,0,0,0,0,0,0,0,0,0,0,0,0,0,0,0,0,0,0,0,0,0.9141212,1,0,0,0,0,0,0,0,0,0,0,0,0,0,0,0,0,0,0,0,0,0,0,0,0,0,0,0,0,0,0,0.9100825,1,0.9090524,0,0,0,0,0,0,0,0,0,0,0,0,0,0,0,0,0,0,0,0,0,0,0,0,0,0,0,0,0,0,0.7722124,0.9897655,1,0.8658046,0,0,0,0,0,0,0,0,0,0,0,0,0,0,0,0,0,0,0,0,0,0,0,0,0,0,0,0,0,0,0.8770329,1,0.9497204,0,0,0,0,0,0,0,0,0,0,0,0,0,0
0,0,0,0,0,0,0,0,0,0,0,0,0,0,0,0.8745843,1,0.8778408,0.759827,0.6554136,0,0,0,0,0,0,0,0,0,0,0,0,0,0,0,0,0,0,0,0,0,0,0,0,0,0,0,0,0.7979888,0.9795827,1,0.8644321,0,0,0,0,0,0,0,0,0,0,0,0,0,0,0,0,0,0,0,0,0,0,0,0,0,0,0,0,0,0.9021083,1,0.9125741,0.8112725,0.7592769,0.6336355,0,0,0,0,0,0,0,0,0,0,0,0,0,0,0,0,0,0,0,0,0,0,0,0,0,0,0,0.8282924,1,0.9501623,0.844568,0.8884122,0.8013184,0,0,0,0,0,0,0,0,0,0,0,0,0,0,0,0,0,0,0,0,0,0,0,0,0,0,0,0,0.9829521,1,0.9112166,0.8236606,0.8273356,0,0,0,0,0,0,0,0,0,0,0,0
0,0,0,0,0,0,0,0,0,0,0,0,0,0,0.6598688,0.8982087,1,0.8877026,0.6778712,0.7384871,0.6979676,0,0,0,0,0,0,0,0,0,0,0,0,0,0,0,0,0,0,0,0,0,0,0,0,0,0,0,0.6949168,1,0.9624692,0.9129096,0.7640432,0,0,0,0,0,0,0,0,0,0,0,0,0,0,0,0,0,0,0,0,0,0,0,0,0,0,0,0.5929365,0.9168691,1,0.9057671,0.6761804,0.6388741,0.7066833,0,0,0,0,0,0,0,0,0,0,0,0,0,0,0,0,0,0,0,0,0,0,0,0,0,0,0.6927165,0.6492925,1,0.9884319,0.8453456,0,0.7606393,0.8035383,0.6932075,0,0.6198524,0.6199252,0,0,0,0,0,0,0,0,0,0,0,0,0,0,0,0,0,0,0,0,0,0,0.7930301,0.9118685,1,0.8926376,0.7367458,0.7043471,0.8768078,0.8642083,0,0,0,0,0,0,0,0,0,0
0,0,0,0,0,0,0,0,0,0,0,0,0,0,0.6552413,0.9182753,1,0.8808561,0,0.6738238,0.6975341,0.7311472,0.6551609,0.6663468,0.6661767,0,0,0,0,0,0,0,0,0,0,0,0,0,0,0,0,0,0,0,0.6327926,0.6379128,0,0.7097044,0.9137046,1,0.9429842,0.656194,0,0,0,0,0,0,0,0,0,0,0,0,0,0,0,0,0,0,0,0,0,0,0,0,0,0,0,0,0.7126271,0.95753,1,0.8545206,0.6670442,0.6064965,0.7703892,0.7556157,0.6368124,0.6119736,0.6926634,0.6009836,0,0,0,0,0,0,0,0,0,0,0,0,0,0,0,0,0,0,0,0,0,0,0.8765926,1,0.9329557,0.6464102,0.7173389,0.7830535,0.8308797,0.7326869,0,0.7227626,0.711365,0,0,0,0,0,0,0,0,0,0,0,0,0,0,0,0,0,0,0,0,0.7236282,0.7392131,0.9016038,1,0.9891613,0.7856944,0,0.7315137,0.8695015,0.8906123,0,0.674054,0.7374091,0.674338,0,0,0,0,0,0
0,0,0,0,0,0,0,0,0,0,0,0,0,0,0,0.9297422,1,0.8969632,0,0.8450577,0.822856,0,0,0,0,0,0,0,0,0,0,0,0,0,0,0,0,0,0,0,0,0,0,0,0,0,0,0.8687134,0.8017858,1,0.9518702,0,0,0,0,0,0,0,0,0,0,0,0,0,0,0,0,0,0,0,0,0,0,0,0,0,0,0,0,0,0,0.9574922,1,0.8373905,0.7659121,0.7748715,0.8542397,0,0.7806904,0,0,0,0,0,0,0,0,0,0,0,0,0,0,0,0,0,0,0,0,0,0,0,0,0,0.8747619,1,0.9566733,0.7471565,0.8530002,0.8730968,0.7895193,0.7754833,0.8007918,0,0,0,0,0,0,0,0,0,0,0,0,0,0,0,0,0,0,0,0,0,0,0,0.8581687,0.9187034,1,0.996755,0,0,0.9107707,0.8872222,0,0,0,0,0,0,0,0,0,0,0
0,0,0,0,0,0,0,0,0,0,0,0,0,0,0,0.9134855,1,0.8816809,0.817619,0.7802286,0,0,0,0,0,0,0,0,0,0,0,0,0,0,0,0,0,0,0,0,0,0,0,0,0,0,0,0,0.8116294,1,0.994945,0.8426733,0,0,0,0,0,0,0,0,0,0,0,0,0,0,0,0,0,0,0,0,0,0,0,0,0,0,0,0,0.7715577,0.947657,1,0.9002391,0.8382258,0.7388341,0.7977092,0,0,0,0,0,0,0,0,0,0,0,0,0,0,0,0,0,0,0,0,0,0,0,0,0,0,0,0.8453918,1,0.9420295,0.8245284,0.9230013,0.8783305,0,0,0,0,0,0,0,0,0,0,0,0,0,0,0,0,0,0,0,0,0,0,0,0,0,0,0,0,0.8843543,1,0.8942226,0.8768968,0.9257205,0,0,0,0,0,0,0,0,0,0,0,0
0,0,0,0,0,0,0,0,0,0,0,0,0,0,0,0.9283295,1,0.8637958,0.7895189,0.7979016,0.7321349,0,0,0,0,0,0,0,0,0,0,0,0,0,0,0,0,0,0,0,0,0,0,0,0,0,0,0,0.7698137,1,0.954488,0,0,0,0,0,0,0,0,0,0,0,0,0,0,0,0,0,0,0,0,0,0,0,0,0,0,0,0,0,0,0.933832,1,0.8121021,0.790087,0.8063331,0.7352461,0,0,0,0,0,0,0,0,0,0,0,0,0,0,0,0,0,0,0,0,0,0,0,0,0,0,0,0.863241,1,0.9240021,0.8219143,0.858267,0.7273825,0,0,0,0,0,0,0,0,0,0,0,0,0,0,0,0,0,0,0,0,0,0,0,0,0,0,0,0.7593122,0.9983329,1,0.8398558,0.8924459,0.8932967,0.7360207,0,0,0,0,0,0,0,0,0,0,0
0,0,0,0,0,0,0,0,0,0,0,0,0,0,0,0.9105459,1,0.8676502,0.8006167,0.677264,0.7566138,0.7140917,0,0,0,0,0,0,0,0,0,0,0,0,0,0,0,0,0,0,0,0,0,0,0,0,0,0,0.8015546,1,0.9589249,0,0,0.7930607,0.7325674,0,0,0,0.7546315,0.703545,0,0,0,0,0,0,0,0,0,0,0,0,0,0,0,0,0,0,0,0,0.6520396,0.9401614,1,0.9055721,0.6881279,0.6849731,0.7020668,0.6316544,0,0,0,0,0,0,0,0,0,0,0,0,0,0,0,0,0,0,0,0,0,0,0,0,0,0.6796057,0.8579056,1,0.9480851,0.7819616,0.7348306,0.7297902,0.6813986,0.6769392,0,0,0,0,0,0,0,0,0,0,0,0,0,0,0,0,0,0,0,0,0,0,0,0,0,0.7626582,0.9899495,1,0.8102036,0.6988332,0.7842549,0,0,0,0,0.7616411,0.7262504,0,0,0,0,0,0
0,0,0,0,0,0,0,0,0,0,0,0,0,0,0,0.9429627,1,0.8946805,0,0.8086137,0,0,0,0,0,0,0,0,0,0,0,0,0,0,0,0,0,0,0,0,0,0,0,0,0,0,0,0,0.8823068,1,0.9501946,0,0.8503538,0.8876947,0.8233994,0,0,0.8165459,0.8320136,0.8105816,0,0.798527,0.8164218,0,0,0,0,0,0,0,0,0,0,0,0,0,0,0,0.784313,0.8115985,0.7693861,0.9632865,1,0.8517297,0.772223,0.8347524,0.8081527,0,0,0,0,0.7547834,0.7634553,0,0,0,0,0,0,0,0,0,0,0,0,0,0,0,0,0,0,0,0.8476631,0.829239,0.8273286,1,0.9808342,0.8435328,0.8737735,0.8803813,0,0,0,0,0,0,0,0,0,0,0,0,0,0,0,0,0,0,0,0,0,0,0,0,0,0,0,0.8783501,0.9915627,1,0.9404107,0.9510601,0.9376058,0,0,0,0,0,0,0,0,0,0,0,0
0,0,0,0.6690211,0.685758,0.6609851,0.7261225,0.7356182,0.698438,0.7030618,0.710794,0.7006353,0.7194868,0.6990603,0.6779225,0.9173996,1,0.8789584,0,0,0,0,0,0,0,0,0,0,0,0,0,0,0,0,0,0,0,0,0,0,0,0,0.7687408,0.8261225,0.8792398,0.8544598,0.859119,0.9198091,0.8113751,1,0.9891028,0.8590325,0.8584282,0,0.7659374,0,0,0,0,0.6944191,0,0,0,0,0,0,0.6422557,0.6334934,0.6315549,0.7402115,0.7053998,0,0,0.7213445,0.7653093,0.7868983,0.8088776,0.7474686,0.7313858,0.8059254,0.7540849,0.9506033,1,0.8651534,0.7638621,0.6734591,0.7007296,0.7095144,0.7031211,0,0.6643269,0.6331583,0,0,0,0,0,0,0,0.732992,0.7070569,0,0.7288859,0.8090346,0.7813628,0.7107316,0.6920077,0.7493474,0.7978215,0.7873475,0.7002563,0.7494366,0.7709972,0.7952288,0.8924448,1,0.9438613,0.7589853,0.7161643,0.6598479,0.7311547,0.6940191,0.6512518,0,0,0,0,0,0,0,0,0,0.7835197,0.782488,0.8105173,0.8256899,0.8720821,0.8731785,0.8622239,0.7910723,0.8037761,0.9154914,0.920846,0.8485658,0.931627,0.9765363,0.9941503,0.9738221,1,0.9754145,0.9137988,0.998671,0.9036323,0.8608738,0.8460792,0.7811959,0.8588676,0.8560067,0,0,0,0,0,0,0
0,0,0,0,0,0,0,0,0,0,0,0,0,0,0,0.9360418,1,0.8866016,0,0,0,0,0,0,0,0,0,0,0,0,0,0,0,0,0,0,0,0,0,0,0,0,0.8829409,0,0,0.9092936,0,0,0,1,0.9931071,0,0,0,0,0,0,0,0,0,0,0,0,0,0,0,0,0,0,0,0,0,0,0,0.7461428,0,0,0,0,0,0,0.9537015,1,0.8607899,0,0,0,0,0,0,0,0,0,0,0,0,0,0,0,0,0,0,0,0.7571282,0.7823203,0,0,0,0,0,0,0,0,0,0.8672606,1,0.953477,0,0,0,0,0,0,0,0,0,0,0,0,0,0,0,0,0,0,0,0,0.9598253,0.9898463,0.9674313,0.959404,0,0.9622831,0.950608,0,0.9388787,0,0,0,1,0,0,0,0,0,0,0,0,0,0,0,0,0,0,0
0,0,0,0,0,0,0,0,0,0,0,0,0,0,0,0.9118119,1,0.8739768,0,0,0,0,0,0,0,0,0,0,0,0,0,0,0,0,0,0,0,0,0,0,0,0,0.7697047,0.8416808,0.8602129,0.8526297,0.8500283,0.7988484,0.8543333,1,0.9525887,0.7611711,0,0,0,0,0,0,0,0,0,0,0,0,0,0,0,0,0,0,0,0,0,0,0,0.7471209,0.7873586,0.7493866,0.6855952,0,0.7221578,0.9518812,1,0.8652251,0,0,0,0,0,0,0,0,0,0,0,0,0,0,0,0,0,0,0,0,0,0,0,0,0,0,0,0,0,0,0.8489217,1,0.9502785,0,0,0,0,0,0,0,0,0,0,0,0,0,0,0,0,0,0,0,0,0,0.8381906,0.8320128,0.8490652,0,0,0.8056495,0.8113822,0.856876,0,0.8388655,0.9604904,1,0.8095478,0,0,0,0,0,0,0,0,0,0,0,0,0,0
0,0,0,0,0,0,0,0,0,0,0,0,0,0,0,0.942045,1,0.9066253,0,0,0,0,0,0,0,0,0,0,0,0,0,0,0,0,0,0,0,0,0,0,0,0,0,0,0,0,0,0,0,1,0.9693761,0,0,0,0,0,0,0,0,0,0,0,0,0,0,0,0,0,0,0,0,0,0,0,0,0,0,0,0,0,0,0.9608473,1,0.889242,0,0,0,0,0,0,0,0,0,0,0,0,0,0,0,0,0,0,0,0,0,0,0,0,0,0,0,0,0,0,0.9052119,1,0.9561715,0,0,0,0,0,0,0,0,0,0,0,0,0,0,0,0,0,0,0,0,0,0,0,0,0,0,0,0,0,0,0,0.9980328,1,0,0,0,0,0,0,0,0,0,0,0,0,0,0,0
0,0,0,0,0,0,0,0,0,0,0,0,0,0,0,0.9223159,1,0.9073954,0,0,0,0,0,0,0,0,0,0,0,0,0,0,0,0,0,0,0,0,0,0,0,0,0,0,0,0,0,0,0.8448986,1,0.9713309,0,0,0,0.8126841,0.827405,0.9046484,0.9177939,0.9069387,0.870643,0.7903818,0.8202716,0.7792296,0,0,0,0,0,0,0,0,0,0,0,0,0,0,0,0,0,0.6911349,0.9597992,1,0.8757408,0,0,0,0,0,0.7585952,0.740852,0.7769186,0.7191408,0,0.7301335,0.722342,0,0,0,0,0,0,0,0,0,0,0,0,0,0,0,0,0,0,0.8865495,1,0.945841,0,0,0,0,0,0,0.7213956,0.740862,0.7819806,0.7391664,0.7237763,0.7431713,0.6944344,0,0,0,0,0,0,0,0,0,0,0,0,0,0,0,0,0,0,0.9676093,1,0.8273643,0,0,0,0,0,0.8346561,0.8649097,0.903492,0.9129952,0.9058124,0.9042901,0.85994,0.7803367,0
0,0,0,0,0,0,0,0,0,0,0,0,0,0,0.6607181,0.9292501,1,0.8727579,0,0,0,0,0,0,0.6334002,0.6579889,0.6151194,0.6305539,0.6313869,0.6554064,0.6787911,0.7039775,0.7148095,0,0,0,0,0,0,0,0,0,0,0,0,0,0,0,0.8297759,1,0.9919945,0.8393576,0.8318375,0.8874609,0.9229814,0.9064612,0.8393593,0.8213849,0.7374239,0.6958196,0.8441953,0.8241925,0,0.6966529,0.7456474,0.7223903,0,0,0,0,0,0,0,0,0,0,0,0,0,0,0.5743966,0.9445612,1,0.8633493,0.6174777,0.6721956,0.6683587,0.6958737,0.5738364,0.6617911,0.6478368,0.62946,0.6944321,0.7109106,0.6915317,0.7145527,0.7169327,0.6611986,0.574278,0,0,0,0,0,0,0,0,0,0,0,0,0,0,0,0.8657846,1,0.9440323,0,0,0,0,0,0.6896065,0.6795183,0.6039216,0.635504,0.6568062,0.5927978,0.6692897,0.6706131,0.6500022,0,0,0,0,0,0,0,0,0,0,0,0,0,0,0,0,0.7650957,0.9849277,1,0.8300494,0.6516044,0.7319864,0.7858483,0.7368788,0.7539717,0.8518085,0.7749804,0.7306843,0,0.8187962,0.7634079,0.8127789,0.7215701,0.7213344
0,0,0,0,0,0,0,0,0,0,0,0,0,0,0,0.9169115,1,0.9053897,0,0,0,0,0,0,0,0,0,0.7279533,0.7328252,0.7584544,0.750035,0.7378546,0.763918,0,0,0,0,0,0,0,0,0,0,0,0,0,0,0.8564605,0.8938407,1,0.9886389,0.8462051,0,0,0,0.8733963,0,0,0,0,0,0,0,0,0,0,0,0,0,0,0,0,0,0,0,0,0,0,0,0,0.7224077,0.9387237,1,0.8741241,0,0,0,0,0,0,0,0,0,0,0,0,0,0,0.7032548,0,0,0,0,0,0,0,0,0,0,0,0,0,0,0,0.8538324,1,0.9631638,0.7587177,0.7355151,0.7370184,0,0,0,0,0,0,0,0,0,0.7338758,0,0,0,0,0,0,0,0,0,0,0,0,0,0,0,0,0,0,0.907615,1,0.8983424,0.8198197,0.8152942,0,0,0.8219604,0,0,0,0,0,0,0,0,0
0,0,0,0,0,0,0,0,0,0,0.8058765,0.8262094,0.7864832,0.7331086,0.7376891,0.8767935,1,0.9089521,0.7731072,0.7648233,0.6813276,0,0,0,0,0,0,0,0,0,0,0,0,0,0,0,0,0.8105052,0.8258574,0.8289288,0.8253395,0.8169674,0,0.8279729,0.8629582,0.8629763,0,0.8548357,0.8603342,1,0.9731376,0,0,0,0,0,0,0,0,0,0,0,0,0,0,0,0,0,0,0.6550616,0.6510186,0,0,0,0,0.7039813,0.7894998,0.7067853,0,0.7035559,0.7178929,0.9379448,1,0.8755478,0.6754559,0.6623402,0.6841969,0.7017468,0.6549124,0,0,0,0,0,0,0,0,0,0,0,0,0,0,0,0,0,0,0,0.7350144,0.7514659,0.8113977,0.7218608,0.7633709,0.7358064,0.8480704,1,0.9670674,0,0,0.7139983,0.7321541,0.6800124,0.6640822,0,0,0,0,0,0,0,0,0,0,0,0,0,0,0,0,0.8329325,0.8291764,0,0,0,0,0.8967148,0.9232919,0.8138116,0.9873466,1,0.8317848,0.877722,0,0,0,0,0,0,0,0,0,0,0,0,0
0,0,0,0,0,0,0.60123,0.6485527,0.66041,0.7018486,0.822218,0.8844441,0.8100837,0.7136101,0.6556438,0.9054492,1,0.8973668,0,0,0,0,0,0,0,0,0,0,0,0,0,0,0,0,0,0,0,0,0,0,0.6691696,0,0,0.6870368,0,0.705846,0.6705561,0.7563815,0.8509822,1,0.9951949,0.8087705,0,0,0,0,0,0,0,0,0,0,0,0,0,0,0,0,0,0.5634165,0,0.5623248,0.5807937,0,0.6137474,0.7216645,0.7808538,0.8132468,0.7302656,0.6671875,0.6224709,0.926059,1,0.8970329,0.5724238,0,0,0,0,0,0,0,0,0,0,0,0,0,0,0,0,0,0,0,0,0,0,0.5958749,0.6550947,0.8244684,0.8926426,0.8511197,0.7804432,0.7860583,0.7893392,1,0.9806937,0.7694027,0.6035003,0,0,0,0,0,0,0,0,0,0,0,0,0,0,0,0,0,0,0,0,0,0,0,0.8775745,0.9813665,1,0.9204203,0.8244047,0.856693,0.9387358,0.9950546,0,0.7256925,0,0,0,0,0,0,0,0,0,0,0,0,0
0,0,0,0,0,0,0,0,0,0,0,0,0.8392776,0.9094738,0.857057,0.9104154,1,0.9136275,0,0,0,0,0,0,0,0,0,0,0,0,0,0,0,0,0,0,0,0,0,0,0,0,0,0,0,0,0.824483,0.8182136,0.8202974,1,0.9887297,0.801101,0,0,0,0,0,0,0,0,0,0,0,0,0,0,0,0,0,0,0,0,0,0,0,0,0,0,0.7799984,0.8412308,0.8231131,0.9311584,1,0.8983372,0,0,0,0,0,0,0,0,0,0,0,0,0,0,0,0,0,0,0,0,0,0,0,0,0,0,0.7650518,0.8224984,0.8793248,0.8619475,0.8564801,1,0.9677731,0,0,0,0,0,0,0,0,0,0,0,0,0,0,0,0,0,0,0,0,0,0,0,0,0,0,0,0,0.8567768,0.8315685,0,0.9652184,1,0.9063035,0,0,0,0,0,0,0,0,0,0,0,0,0,0
0,0,0,0,0,0,0,0,0,0,0,0,0,0.7446474,0.8906866,0,1,0.9335828,0,0,0,0,0,0,0,0,0,0,0,0,0,0,0,0,0,0,0,0,0,0,0,0,0,0,0,0,0,0,0.8980311,0.9876014,1,0.8509727,0,0,0,0,0,0,0,0,0,0,0,0,0,0,0,0,0,0,0,0,0,0,0,0,0,0,0,0.7334061,0.8513067,0.9341658,1,0.8908358,0,0,0,0,0,0,0,0,0,0,0,0,0,0,0,0,0,0,0,0,0,0,0,0,0,0,0,0,0.6707747,0.8146649,0.9097663,1,0.9615964,0.7429073,0,0,0,0,0,0,0,0,0,0,0,0,0,0,0,0,0,0,0,0,0,0,0,0,0,0,0,0,0,0.8097185,0.9478925,1,0.8949127,0,0,0,0,0,0,0,0,0,0,0,0,0,0
0,0,0,0,0,0,0,0,0,0,0,0,0,0,0,0.9363739,1,0.9276391,0,0,0,0,0,0,0,0,0,0,0,0,0,0,0,0,0,0,0,0,0,0,0,0,0,0,0,0,0,0,0,0,0,0,0,0,0,0,0,0,0,0,0,0,0,0,0,0,0,0,0,0,0,0,0,0,0,0,0,0,0,0,0,0.9443598,1,0.9110208,0,0,0,0,0,0,0,0,0,0,0,0,0,0,0,0,0,0,0,0,0,0,0,0,0,0,0,0,0,0,0.8639307,1,0.9953028,0.824315,0,0,0,0,0,0,0,0,0,0,0,0,0,0,0,0,0,0,0,0,0,0,0,0,0,0,0,0,0,0,0.9429133,1,0,0,0,0,0,0,0,0,0,0,0,0,0,0,0
