GestureName: arrow
Duration(ms): 1410
Handedness: right

SpeakerAngles: 2
55
-55

InterpretedPoints: 30
0,0
1.6134145682232,1.12972504292725
0,4.51890017170899
0.806707284111599,3.95403765024536
-4.03353642055799,5.08376269317261
-3.2268291364464,5.64862521463624
-8.87378012522759,-3.95403765024536
-10.4871946934508,-6.21348773609986
0,-7.90807530049073
0,-1.12972504292725
0,0
1.6134145682232,3.38917512878174
0.806707284111599,10.7323879078088
2.4201218523348,11.8621129507361
4.03353642055799,5.08376269317261
3.2268291364464,2.25945008585449
-1.6134145682232,-1.12972504292725
2.4201218523348,-3.95403765024536
0.806707284111599,0.564862521463624
2.4201218523348,1.69458756439087
-2.4201218523348,3.95403765024536
-1.6134145682232,5.64862521463624
-2.4201218523348,2.82431260731812
-3.2268291364464,-7.90807530049073
0,-5.64862521463624
1.6134145682232,-3.38917512878174
4.03353642055799,-6.21348773609986
4.84024370466959,-10.1675253863452
4.84024370466959,-10.1675253863452
2.4201218523348,-5.08376269317261

StrokePoints: 31
177.666666666667,130.277777777778
177.666666666667,130.277777777778
176.053252098443,129.148052734851
176.053252098443,124.629152563142
175.246544814332,120.675114912896
179.28008123489,115.591352219724
182.506910371336,109.942727005087
191.380690496564,113.896764655333
201.867885190015,120.110252391433
201.867885190015,128.018327691923
201.867885190015,129.148052734851
201.867885190015,129.148052734851
200.254470621791,125.758877606069
199.44776333768,115.02648969826
197.027641485345,103.164376747524
192.994105064787,98.0806140543513
189.767275928341,95.8211639684968
191.380690496564,96.950889011424
188.960568644229,100.904926661669
188.153861360117,100.340064140206
185.733739507783,98.6454765758149
188.153861360117,94.6914389255695
189.767275928341,89.0428137109333
192.187397780675,86.2185011036152
195.414226917122,94.1265764041059
195.414226917122,99.7752016187421
193.800812348899,103.164376747524
189.767275928341,109.377864483624
184.927032223671,119.545389869969
180.086788519001,129.712915256314
177.666666666667,134.796677949487

Velocities: 30
0,0
2,0
4,4
4,3
2,7
3,7
-9,2
-12,1
-7,-7
-1,-1
0,0
4,2
10,9
12,9
7,2
4,0
-2,0
-2,-5
1,0
3,0
2,5
4,6
1,4
-9,-5
-5,-5
-2,-4
-3,-8
-6,-12
-6,-12
-3,-6

InverseVelocities: 30
0,0
0,0
0,0
0,0
-3,-3
-5,-2
0,-5
0,-6
0,0
0,0
0,0
0,0
0,0
0,0
-7,0
0,0
0,0
1,0
0,0
0,0
-3,0
-7,0
-10,-6
0,0
0,0
2,0
4,4
6,1
5,0
2,0

RawData: 30
0,0,0,0,0,0,0,0,0,0,0,0,0,0,0,0.8206451,1,0.9786748,0.856033,0,0,0,0,0,0,0,0,0,0,0,0,0,0,0,0,0,0,0,0,0,0,0,0,0,0,0,0,0,0.9255063,1,0.8889055,0,0,0,0,0,0,0,0,0,0,0,0,0,0,0
0,0,0,0,0,0,0,0,0,0,0,0,0,0,0,0.7930268,1,0.9782125,0.7512181,0.799197,0.8602859,0.8138629,0,0,0,0,0,0,0,0,0,0,0,0,0,0,0,0,0,0,0,0,0,0,0,0,0,0,0.9310811,1,0.9039874,0,0,0,0,0,0,0,0,0,0,0,0,0,0,0
0,0,0,0,0,0,0,0,0,0,0,0,0,0,0,0.7868034,0.9952335,1,0.8380517,0,0.791899,0.7099391,0.7608119,0.7767281,0,0,0,0,0,0,0,0,0,0,0,0,0,0,0,0,0,0,0,0,0,0,0,0.6340367,0.9255717,1,0.8262483,0.8343065,0.7729273,0.6939754,0.6954399,0.7143324,0.6639711,0,0,0,0,0,0,0,0,0
0,0,0,0,0,0,0,0,0,0,0,0,0,0,0.737263,0.8643825,1,0.9597502,0.8316036,0.7891245,0.7888688,0,0.8124586,0.765487,0,0,0,0,0,0,0,0,0,0,0,0,0,0,0,0,0,0,0,0,0,0,0,0.7487201,0.94836,1,0.9187342,0.8363149,0,0,0.7483692,0.7370154,0,0,0,0,0,0,0,0,0,0
0,0,0,0,0,0,0,0,0,0,0.6994837,0.7704568,0.7349987,0.7369304,0.8027976,0.8844732,1,0.9897267,0.883487,0.8041561,0.7904154,0.7288113,0,0,0,0,0,0,0,0,0,0,0,0,0,0,0,0,0,0,0,0,0,0.6695828,0.6767794,0,0,0,0.9336143,1,0.8691735,0.6701487,0.7650838,0.781124,0.7253806,0,0,0,0.6915228,0.6515423,0,0,0,0,0,0
0,0,0,0,0,0,0,0,0.7523728,0.7646802,0.8423026,0.8119143,0.8663969,0.9184163,0.8726918,0,0.9995347,1,0.8844943,0.9005514,0.832657,0.7763916,0.7402737,0,0,0,0,0,0,0,0,0,0,0,0,0,0,0,0,0,0,0,0,0,0.7034829,0.7206677,0,0.8017086,0.9576931,1,0.8775114,0.7433253,0.7903194,0.7588937,0.6928951,0,0,0,0.754314,0.7265127,0,0,0,0,0,0
0,0,0,0,0.7436749,0.8228052,0.7537603,0.8735383,0.8378695,0.8521892,0.911772,0.7525707,0.8586247,0.8316233,0.777733,0.8121422,0.9879879,1,0.840606,0.7213767,0,0,0,0,0,0,0,0,0,0,0,0,0,0,0,0,0,0,0,0,0,0.6498457,0.6979212,0,0.7189049,0.7512321,0.8019533,0.7982114,0.9293668,1,0.9194831,0.8215875,0,0.7647271,0.6318627,0,0,0,0,0,0,0,0,0,0,0
0,0.6460796,0.6908398,0.6516956,0.7336462,0.7071209,0.6919951,0.6378797,0.7217656,0.8564224,0.8004516,0.788148,0.8051258,0.8097838,0.7515942,0.8254904,1,0.9654088,0.6640304,0,0,0,0,0,0,0,0,0,0,0,0,0,0,0,0,0,0,0,0,0,0.6467689,0.7031034,0.7876599,0.6143755,0.7958132,0.6991966,0.6845667,0.8147701,0.9394237,1,0.9121035,0.8286083,0.7778701,0.7047397,0,0,0,0,0,0,0,0,0,0,0,0
0,0,0,0,0,0,0.7230774,0.7267451,0.7384962,0.8404623,0.9066954,0.9058936,0.9331087,0.8586543,0.9049636,0.7868559,1,0.9858268,0,0,0,0,0,0,0,0,0,0,0,0,0,0,0,0,0,0,0,0,0,0.7065169,0.7134926,0.7663257,0.8079835,0.7351233,0.8632146,0.9175993,0.8718403,0.8095223,0.9420032,1,0.8883935,0,0,0,0,0,0,0,0,0,0,0,0,0,0,0
0,0,0,0,0,0,0,0,0,0,0,0,0.8536183,0.9124818,0.8981597,0.8206735,0.9957489,1,0,0,0,0,0,0,0,0,0,0,0,0,0,0,0,0,0,0,0,0,0,0,0,0,0,0,0,0.8207156,0.8041106,0.8273728,0.9852582,1,0.7573385,0,0,0,0,0,0,0,0,0,0,0,0,0,0,0
0,0,0,0,0,0,0,0,0,0,0,0,0,0,0,0,1,0.9800745,0,0,0,0,0,0,0,0,0,0,0,0,0,0,0,0,0,0,0,0,0,0,0,0,0,0,0,0,0,0,0.8809558,1,0.8936055,0,0,0,0,0,0,0,0,0,0,0,0,0,0,0
0,0,0,0,0,0,0,0,0,0,0,0,0,0,0,0.817481,1,0.9607925,0.6827789,0.7777036,0.7798428,0.8012594,0.8249781,0.6834829,0,0,0,0,0,0,0,0,0,0,0,0,0,0,0,0,0,0,0,0,0,0,0,0,0.9255116,1,0.8717511,0.7264088,0.7466698,0.7254508,0.7028579,0,0,0,0,0,0,0,0,0,0,0
0,0,0,0,0,0,0,0,0,0,0,0,0,0,0,0.7966738,1,0.9867297,0.7653594,0,0,0.8248258,0.8542588,0,0.7741255,0.8581401,0.7943615,0.7660735,0.7715551,0.726225,0,0,0,0,0,0,0,0,0,0,0,0,0,0,0,0,0,0,0.9346905,1,0.874607,0.8035555,0.7552542,0.7256594,0.8095492,0.7828166,0.784445,0.8077227,0.781665,0.774769,0.7549129,0.7021018,0,0,0,0
0,0,0,0,0,0,0,0,0,0,0,0,0,0,0,0.8485165,1,0.9807941,0.7553515,0.8217126,0.834703,0.7863558,0.8231919,0.8764505,0.8606489,0.9072209,0.8869261,0.7364456,0.6422581,0,0.708505,0.6803073,0,0,0,0,0,0,0,0,0,0,0,0,0,0,0,0.73257,0.9436018,1,0.9072078,0.7229829,0.738267,0.8314735,0.8817716,0.8335667,0.7103997,0.7839357,0,0,0.7293846,0.6991457,0,0,0,0
0,0,0,0,0,0,0.8019911,0.7842859,0,0,0,0,0,0,0,0.7914405,1,0.9789917,0,0,0.824109,0.7960791,0.7946017,0.8781181,0.8190964,0,0.7823448,0,0,0,0,0,0.7912176,0,0,0,0,0,0,0,0,0,0,0,0,0,0.8534415,0.8485463,0.9211698,1,0,0,0,0,0.8768846,0,0,0,0,0,0,0,0,0,0,0
0,0,0,0,0,0,0,0,0,0,0,0,0,0,0,0,0.9898165,1,0.9002977,0.8611565,0,0.7559183,0,0.753032,0,0,0,0,0,0,0,0,0,0,0,0,0,0,0,0,0,0,0,0,0,0,0,0.8210555,0.9543587,1,0.8927774,0,0,0,0,0,0,0,0,0,0,0,0,0,0,0
0,0,0,0,0,0,0,0,0,0,0,0.8226923,0.8327971,0.800675,0.8442866,0.9039122,1,0.9836177,0.8482277,0.8251137,0,0,0,0,0,0,0,0,0,0,0,0,0,0,0,0,0,0,0,0,0,0,0,0,0,0,0,0.8427831,0.960875,1,0.9091429,0,0,0,0,0,0,0,0,0,0,0,0,0,0,0
0,0,0,0,0,0,0,0,0,0,0,0.5897997,0.5965582,0.726309,0.8378993,0.9148945,1,0.9670416,0.7790122,0.7072804,0.6328734,0,0,0,0,0,0,0,0,0,0,0,0,0,0,0,0,0,0,0,0,0.5944057,0.6275104,0.6030959,0.6572263,0.6420106,0.7360952,0.7187905,0.9394402,1,0.8788429,0.6020072,0,0,0,0,0,0,0,0,0,0,0,0,0,0
0,0,0,0,0,0,0,0,0,0,0,0,0,0,0,0.7758709,0.998059,1,0.8404177,0.733288,0.5974762,0,0,0,0,0,0,0,0,0,0,0,0,0,0,0,0,0,0,0,0,0,0,0,0,0,0,0,0.9222341,1,0.8842274,0.6308281,0.5994742,0,0,0,0,0,0,0,0,0,0,0,0,0
0,0,0,0,0,0,0,0,0,0,0,0,0,0.5815121,0.7502118,0.8837309,1,0.935553,0.8950519,0.7925187,0.6908656,0.7009308,0.6531811,0,0,0,0,0,0,0,0,0,0,0,0,0,0,0,0,0,0,0,0,0,0,0,0,0.7186071,0.9470837,1,0.8289629,0.7505226,0,0,0,0,0,0,0,0,0,0,0,0,0,0
0,0,0,0,0,0,0,0,0,0,0.7064722,0.728214,0,0.7592269,0.8067955,0.8761775,0.9824944,1,0.9297301,0.8007013,0.7784258,0.7510856,0,0,0,0,0,0,0,0,0,0,0,0,0,0,0,0,0,0,0,0,0,0,0,0,0,0.7366996,0.9349608,1,0.8870031,0.8367181,0.7516227,0.6891381,0,0.6664025,0.7368294,0.7084051,0,0,0,0,0,0,0,0
0,0,0,0,0,0,0.6437904,0.6298279,0.7441422,0.8638148,0.9194638,0.9458616,0.9220566,0.9141568,0.8309857,0.8607694,1,0.9889753,0.8218485,0.647291,0.7782019,0.7162694,0.7101094,0.624851,0,0,0,0,0,0,0,0,0,0,0,0,0,0,0,0,0,0,0,0,0,0,0.6729631,0.755827,0.9352359,1,0.8824547,0.7716753,0.8019598,0.6944468,0.6230244,0.6752084,0.7244588,0.6975093,0.5698156,0,0,0,0,0,0,0
0,0,0,0.6902259,0.6774095,0.682851,0.8045479,0.867011,0.8977544,0.8770696,0.8417825,0.8847832,0.8381916,0.6386957,0.8727557,0.863938,1,0.9590757,0.7014353,0.6649208,0.6438038,0,0,0,0,0,0,0,0,0,0,0,0,0,0,0,0,0,0,0,0.5950297,0.6106248,0.619985,0.7406019,0.7594219,0.6918627,0.8134016,0.7951949,0.9457059,1,0.870158,0.6807761,0.8229383,0.8112888,0.730554,0.6345401,0.5855653,0,0,0,0,0,0,0,0,0
0,0,0,0,0.7781627,0.7855987,0.8363853,0.8441582,0.8452918,0.9040534,0.8387553,0.8624424,0,0.9211309,0.9185765,0.8459292,0.9886147,1,0.8662457,0.7472411,0,0,0,0,0,0,0,0,0,0,0,0,0,0,0,0,0,0,0,0,0,0.7490513,0.7804661,0.80028,0.8716451,0.8834058,0.8950777,0.8762298,0.9494082,1,0.8953856,0.7475253,0,0,0,0,0,0,0,0,0,0,0,0,0,0
0,0,0,0,0,0,0,0,0.6859556,0.7641908,0.7798467,0,0.8665906,0.9078479,0.7913541,0.9128878,1,0.9611661,0.7684579,0,0,0,0,0,0,0,0,0,0,0,0,0,0,0,0,0,0,0,0,0,0,0.7186584,0.7947845,0.7985972,0.8058274,0.8463559,0.7938666,0.7504446,0.9342009,1,0.9102936,0,0,0,0,0,0,0,0,0,0,0,0,0,0,0
0,0,0,0,0,0,0,0,0,0,0,0.7904543,0.8229958,0.861749,0.9637424,0.8449668,1,0.9766411,0.8463849,0.8708999,0.8418881,0.7793489,0,0,0,0,0,0,0,0,0,0,0,0,0,0,0,0,0,0,0,0,0.7059085,0.7127816,0.8101814,0.8006467,0.7718499,0.868611,0.9525653,1,0.9054296,0,0,0,0,0,0,0,0,0,0,0,0,0,0,0
0,0,0,0,0,0,0,0,0,0,0.6574527,0.7264954,0.8083108,0.8288854,0.9703795,0.97424,1,0.9654042,0.8528581,0.793493,0.9010091,0.8135251,0.7764631,0.7352622,0,0,0,0,0,0,0,0,0,0,0,0,0,0,0.6478183,0.6773829,0.6394085,0.7496902,0.837854,0.8461052,0.7901697,0.7487901,0.8310024,0.8798389,0.9444668,1,0.8875361,0.6696842,0.649587,0.6481161,0.6370642,0.6095526,0.5990853,0,0,0,0,0,0,0,0,0
0,0,0,0,0,0,0,0.6640772,0.6956269,0.7438866,0,0.7913467,0.8409548,0.7707284,0.8568214,0.9264348,1,0.9895844,0.8888001,0.825595,0,0,0,0.6923389,0.6651268,0.6739866,0,0,0,0,0,0,0,0,0.6827645,0.7215763,0.7837992,0.7905203,0.7241482,0.849474,0.8057332,0.8240296,0.8432918,0.8582363,0.876058,0.7743751,0.7486908,0.8772896,0.950374,1,0.90132,0.7550657,0.7735261,0.7368103,0,0,0,0,0,0,0,0,0,0,0,0
0,0,0,0,0,0,0,0.5878057,0.6819857,0.7459541,0.6912749,0.7224301,0.7439967,0.63989,0.6111019,0.8452967,1,0.9837108,0.744134,0.7410623,0.6553181,0.6492642,0.5497817,0,0.5463199,0,0,0,0,0,0,0,0,0,0.6117321,0.5972302,0.6975347,0.7436849,0.6724414,0.6945425,0.7878202,0.7345403,0.7620367,0.6955034,0.8312559,0.8166416,0.7578241,0,0.9197749,1,0.8715929,0,0.6365066,0,0,0,0,0,0,0,0,0,0,0,0,0
0,0,0,0,0,0,0,0,0,0,0.5925385,0,0.6338815,0.7002541,0.7138948,0.8639053,1,0.9766096,0.8270259,0.6114821,0,0.6102502,0,0,0,0,0,0,0,0,0,0,0,0,0,0,0,0,0,0,0.6411377,0.6835139,0.6912156,0.6677838,0.7983909,0.8223943,0.7778534,0.6994399,0.9645958,1,0.8409171,0.7201605,0,0,0,0,0,0,0,0,0,0,0,0,0,0
