GestureName: caret
Duration(ms): 1081
Handedness: right

SpeakerAngles: 2
55
-55

InterpretedPoints: 23
0,0
0,0
0,0
0,0
0,0
0,0
0,0
0,0
0,2.25945008585449
-1.6134145682232,5.64862521463624
-1.6134145682232,10.1675253863452
0.806707284111598,12.9918379936633
1.6134145682232,12.4269754721997
0,9.03780034341798
1.6134145682232,5.64862521463624
2.4201218523348,2.82431260731812
11.2939019775624,-5.64862521463624
0,-13.556700515127
0,-13.556700515127
1.6134145682232,-12.4269754721997
-1.6134145682232,-9.03780034341798
0,-3.38917512878174
0,0

StrokePoints: 24
177.666666666667,130.277777777778
177.666666666667,130.277777777778
177.666666666667,130.277777777778
177.666666666667,130.277777777778
177.666666666667,130.277777777778
177.666666666667,130.277777777778
177.666666666667,130.277777777778
177.666666666667,130.277777777778
177.666666666667,130.277777777778
177.666666666667,128.018327691923
179.28008123489,122.369702477287
180.893495803113,112.202177090942
180.086788519001,99.2103390972785
178.473373950778,86.7833636250788
178.473373950778,77.7455632816608
176.859959382555,72.0969380670246
174.43983753022,69.2726254597065
163.145935552658,74.9212506743427
163.145935552658,88.4779511894697
163.145935552658,102.034651704597
161.532520984435,114.461627176796
163.145935552658,123.499427520214
163.145935552658,126.888602648996
163.145935552658,126.888602648996

Velocities: 23
0,0
0,0
0,0
0,0
0,0
0,0
0,0
0,0
2,2
4,6
8,10
12,11
12,10
8,8
6,4
4,1
2,-12
-12,-12
-12,-12
-10,-12
-9,-7
-3,-3
0,0

InverseVelocities: 23
0,0
0,0
0,0
0,0
0,0
0,0
0,0
0,0
0,0
0,0
0,0
0,0
0,0
0,0
0,0
-3,-5
-5,0
0,0
2,1
0,0
1,0
0,0
0,0

RawData: 23
0,0,0,0,0,0,0,0,0,0,0,0,0,0,0,0.8410059,1,0.9944946,0.8195487,0,0,0,0,0,0,0,0,0,0,0,0,0,0,0,0,0,0,0,0,0,0,0,0,0,0,0,0,0,0.9450784,1,0.8956932,0,0,0,0,0,0,0,0,0,0,0,0,0,0,0
0,0,0,0,0,0,0,0,0,0,0,0,0,0,0,0.832019,0.999337,1,0.8328907,0,0,0,0,0,0,0,0,0,0,0,0,0,0,0,0,0,0,0,0,0,0,0,0,0,0,0,0,0,0.9460436,1,0.8904198,0,0,0,0,0,0,0,0,0,0,0,0,0,0,0
0,0,0,0,0,0,0,0,0,0,0,0,0,0,0,0.8285079,1,0.9952534,0.8371239,0,0,0,0,0,0,0,0,0,0,0,0,0,0,0,0,0,0,0,0,0,0,0,0,0,0,0,0,0.6144984,0.9420808,1,0.8877189,0,0,0,0,0,0,0,0,0,0,0,0,0,0,0
0,0,0,0,0,0,0,0,0,0,0,0,0,0,0,0.8369802,1,0.9422421,0.7628167,0,0,0,0,0,0,0,0,0,0,0,0,0,0,0,0,0,0,0,0,0,0,0,0,0,0,0,0,0.6118908,0.9472058,1,0.8735645,0,0,0,0,0,0,0,0,0,0,0,0,0,0,0
0,0,0,0,0,0,0,0,0,0,0,0,0,0,0,0.7992743,0.9918431,1,0.8529768,0,0,0,0,0,0,0,0,0,0,0,0,0,0,0,0,0,0,0,0,0,0,0,0,0,0,0,0,0.5742351,0.9428241,1,0.8706767,0.5682151,0,0,0,0,0,0,0,0,0,0,0,0,0,0
0,0,0,0,0,0,0,0,0,0,0,0,0,0,0,0.8155371,0.9924677,1,0.8713101,0,0,0,0,0,0,0,0,0,0,0,0,0,0,0,0,0,0,0,0,0,0,0,0,0,0,0,0,0,0.9386172,1,0.9052567,0,0,0,0,0,0,0,0,0,0,0,0,0,0,0
0,0,0,0,0,0,0,0,0,0,0,0,0,0,0,0.8280416,1,0.9399585,0.8360679,0.6288531,0,0,0,0,0,0,0,0,0,0,0,0,0,0,0,0,0,0,0,0,0,0,0,0,0,0,0,0.5735266,0.9317832,1,0.8996801,0,0,0,0,0,0,0,0,0,0,0,0,0,0,0
0,0,0,0,0,0,0,0,0,0,0,0,0,0,0,0.82454,1,0.9948473,0.8132022,0.7502983,0,0,0,0,0,0,0,0,0,0,0,0,0,0,0,0,0,0,0,0,0,0,0,0,0,0,0,0.5968106,0.9423293,1,0.8853331,0.6784356,0,0,0,0,0,0,0,0,0,0,0,0,0,0
0,0,0,0,0,0,0,0,0,0,0,0,0,0,0,0.8357623,1,0.9669157,0.8480507,0.8553122,0.7479339,0.5958586,0,0,0,0,0,0,0,0,0,0,0,0,0,0,0,0,0,0,0,0,0,0,0,0,0,0,0.9442179,1,0.8769204,0.784882,0.7340569,0.6746274,0.6262912,0,0,0,0,0,0,0,0,0,0,0
0,0,0,0,0,0,0,0,0,0,0,0,0,0,0,0.8617464,1,0.9770333,0.7678738,0.7548488,0.8816125,0.8229361,0.7081151,0.6880631,0,0,0,0,0,0,0,0,0,0,0,0,0,0,0,0,0,0,0,0,0,0,0,0.7120538,0.955299,1,0.9011877,0.7046193,0.7754639,0.7926981,0.7819284,0.7602395,0.7218361,0.678793,0.644667,0,0,0,0,0,0,0
0,0,0,0,0,0,0,0,0,0,0,0,0,0,0,0.8650945,0.9956864,1,0.8045222,0.8510425,0.7751707,0.8597819,0.8772469,0.9378256,0.8933913,0.883627,0.8681254,0.7939042,0,0,0,0,0,0,0,0,0,0,0,0,0,0,0,0,0,0,0,0.7163169,0.9441366,1,0.8931047,0,0.6403673,0.6529712,0.7311028,0.8187934,0.8411055,0.8659672,0.7849439,0.7305934,0.8102565,0.8057393,0.7266434,0,0,0
0,0,0,0,0,0,0,0,0,0,0,0,0,0,0.7409291,0.8990965,1,0.9746765,0.6568651,0.6255453,0.6856374,0.7944672,0.9174738,0.9563967,0.8318983,0.8139307,0.8020493,0.8162857,0.7503631,0.6253023,0.6592469,0.6720295,0.6791407,0,0,0,0,0,0,0,0,0,0,0,0,0,0,0.6937196,0.9300211,1,0.8887456,0.7367676,0.6732834,0.6881051,0.7772433,0.8530904,0.843523,0.7623663,0.8488037,0.8542722,0.9010558,0.9026748,0.7973857,0.6473041,0,0
0,0,0,0,0,0,0,0,0,0,0,0,0,0,0.6996706,0.7307184,1,0.9895687,0.7758299,0.6781587,0.7348086,0.8385342,0.911335,0.9151489,0.702233,0,0.7396443,0,0,0,0.6921725,0.7021931,0.6884256,0,0,0,0,0,0,0,0,0,0,0,0,0,0,0,0.9543604,1,0.8489853,0.8304608,0.739327,0.7848647,0.8606222,0.8607774,0.8398896,0.7740306,0.7132941,0.7983256,0.8401636,0.744949,0.692152,0,0,0
0,0,0,0,0,0,0,0,0,0,0,0,0,0,0,0.865539,1,0.977178,0.7771615,0,0.7973511,0.8516814,0.7641038,0.7980117,0.7253363,0.7625145,0.7547021,0.6636948,0,0,0,0,0,0,0,0,0,0,0,0,0,0,0,0,0,0,0,0.6889276,0.9320981,1,0.9841541,0.9344748,0.8716455,0.8048691,0.8978484,0.8615798,0.6942956,0.729714,0.7463555,0.6893698,0.6969897,0,0,0,0,0
0,0,0,0,0,0,0,0,0,0,0,0,0,0,0,0.8259054,1,0.9800098,0.8781555,0.8876172,0.8769519,0.7138212,0.5857471,0.593949,0.6071019,0.6135723,0,0,0,0,0,0,0,0,0,0,0,0,0,0,0,0,0,0,0,0,0.6885594,0.7670769,0.9523136,1,0.9593013,0.8851394,0.7898616,0.7430072,0.7339658,0.7315961,0.6612761,0,0,0,0,0,0,0,0,0
0,0,0,0,0,0,0,0,0,0,0.5663942,0.6380547,0.6447226,0.6312983,0.709461,0.7750478,0.9541945,1,0.9439114,0.9037591,0.884212,0.7781135,0.6033422,0.549511,0,0,0,0,0,0,0,0,0,0,0,0,0,0,0,0,0,0.6805189,0.759361,0.7807442,0.7761729,0.78083,0.8229875,0.9055369,0.9132175,1,0.8673866,0.7340527,0.5843229,0.6317508,0,0,0,0,0,0,0,0,0,0,0,0
0,0,0,0,0,0,0,0,0.7725034,0.8330803,0.8104452,0.8702227,0.8964657,0.8741078,0.8165874,0.8871171,1,0.9513157,0.8327751,0.7825306,0.7764835,0.7334843,0,0,0,0,0,0,0,0,0,0,0,0,0.6542962,0.7038571,0.7515242,0.7497285,0.7309747,0.848722,0.8787286,0.8579305,0.8727511,0.9248149,0.9141794,0.8500026,0.8391359,0.8283105,0.9365533,1,0.8945881,0.771684,0,0,0,0,0,0,0,0,0,0,0,0,0,0
0.7229332,0.7122825,0.6991287,0.6874996,0.7741407,0.8245141,0.8169508,0.8516535,0.8486236,0.8540562,0.7675912,0.7891428,0.8553889,0.8342561,0.8401278,0.8386758,1,0.968025,0.6971734,0,0,0,0,0,0,0,0,0,0,0,0,0,0,0,0.6906664,0.7742988,0.8348785,0.866663,0.818886,0.8235528,0.7706128,0.8172352,0.6723536,0.685008,0.7239889,0,0,0.6998012,0.9486161,1,0.8854965,0,0,0,0,0,0,0,0,0,0,0,0,0,0,0
0.5855516,0.5992785,0.710609,0.8367579,0.8461965,0.8092293,0.8077971,0.7978444,0.8232785,0.7617733,0.7198848,0.6426771,0.6101281,0.7154914,0.7681407,0.7982211,1,0.9978184,0.827045,0.7280521,0.6362274,0.6254573,0,0,0,0,0,0,0,0,0,0,0,0.658988,0.7244752,0.6972327,0.6412373,0.7781453,0.7193759,0.6934547,0,0.5912387,0.7397338,0.7528625,0.7119526,0,0.5674098,0.6189247,0.9358336,1,0.8966289,0.6632556,0.5875551,0.5847803,0,0,0,0,0,0,0,0,0,0,0,0
0,0,0,0.7829478,0.8509049,0.8530357,0.8698799,0.8723561,0.8224618,0.8356218,0.8644421,0.8086373,0.7214923,0.7720092,0.6741587,0.8481071,1,0.9931608,0.8299705,0.6728294,0,0,0,0,0,0,0,0,0,0,0,0,0,0.693455,0.7918757,0.8252482,0.8101152,0.7248302,0,0.7362009,0.7049229,0.6897967,0.6777551,0,0,0,0,0.686314,0.9421194,1,0.8718883,0,0,0,0,0,0,0,0,0,0,0,0,0,0,0
0,0,0,0,0.6690359,0.7534959,0.684705,0.7846121,0.8183231,0.8141637,0.7835083,0.7585104,0.8022839,0.8044956,0.8717512,0.8699359,1,0.9795368,0.6571086,0.7083817,0.6660326,0,0,0,0,0,0,0,0,0,0,0,0,0,0,0,0,0,0,0.6821219,0.7766676,0.8163461,0.7923874,0.6399932,0.6525581,0.6270242,0.7359281,0.797627,0.9489612,1,0.8995444,0.6985331,0.6335505,0,0,0,0,0,0,0,0,0,0,0,0,0
0,0,0,0,0,0,0,0,0,0,0.702436,0.7269014,0.7497385,0.7484525,0.6948897,0.870481,1,0.9769185,0.7614745,0,0,0,0,0,0,0,0,0,0,0,0,0,0,0,0,0,0,0,0,0,0,0,0,0.6745672,0.7061116,0,0.7440236,0.6775033,0.9362863,1,0.8868256,0.6660857,0,0,0,0,0,0,0,0,0,0,0,0,0,0
0,0,0,0,0,0,0,0,0,0,0,0,0,0,0,0.8119714,1,0.9780863,0.7493864,0,0,0,0,0,0,0,0,0,0,0,0,0,0,0,0,0,0,0,0,0,0,0,0,0,0,0,0,0,0.9538417,1,0.8848304,0,0,0,0,0,0,0,0,0,0,0,0,0,0,0
