GestureName: y
Duration(ms): 1316
Handedness: right

SpeakerAngles: 2
55
-55

InterpretedPoints: 28
0,0
0,0
0,0
0,0
0,0
0,0
0,0
0,0
0,0
0,0
1.6134145682232,4.51890017170899
1.6134145682232,4.51890017170899
2.4201218523348,9.6026628648816
1.6134145682232,6.77835025756348
-2.4201218523348,3.95403765024536
0,2.25945008585449
10.4871946934508,-5.08376269317261
10.4871946934508,-5.08376269317261
5.64695098878119,-2.82431260731812
3.2268291364464,-2.25945008585449
-0.806707284111599,1.69458756439087
-0.806707284111599,1.69458756439087
0.806707284111599,11.8621129507361
3.22682913644639,11.2972504292725
3.22682913644639,11.2972504292725
3.2268291364464,5.64862521463624
1.6134145682232,-3.38917512878174
0,0

StrokePoints: 29
177.666666666667,130.277777777778
177.666666666667,130.277777777778
177.666666666667,130.277777777778
177.666666666667,130.277777777778
177.666666666667,130.277777777778
177.666666666667,130.277777777778
177.666666666667,130.277777777778
177.666666666667,130.277777777778
177.666666666667,130.277777777778
177.666666666667,130.277777777778
177.666666666667,130.277777777778
176.053252098443,125.758877606069
174.43983753022,121.23997743436
172.019715677886,111.637314569478
170.406301109662,104.858964311915
172.826422961997,100.904926661669
172.826422961997,98.6454765758149
162.339228268546,103.729239268987
151.852033575096,108.81300196216
146.205082586314,111.637314569478
142.978253449868,113.896764655333
143.78496073398,112.202177090942
144.591668018091,110.507589526551
143.78496073398,98.6454765758149
140.558131597533,87.3482261465424
137.331302461087,76.05097571727
134.10447332464,70.4023505026337
132.491058756417,73.7915256314155
132.491058756417,73.7915256314155

Velocities: 28
0,0
0,0
0,0
0,0
0,0
0,0
0,0
0,0
0,0
0,0
5,3
5,3
10,7
7,5
2,5
2,2
2,-11
2,-11
1,-6
0,-4
1,2
1,2
11,10
12,8
12,8
7,3
-2,-4
0,0

InverseVelocities: 28
0,0
0,0
0,0
0,0
0,0
0,0
0,0
0,0
0,0
0,0
0,0
-2,-2
-2,-5
-3,0
-1,0
-6,-7
-12,0
-10,0
-4,0
0,0
0,0
0,0
-4,0
-2,0
0,0
-5,-5
0,0
0,0

RawData: 28
0,0,0,0,0,0,0,0,0,0,0,0,0,0,0,0.7878668,1,0.9905327,0.7627704,0.7881505,0,0,0,0,0,0,0,0,0,0,0,0,0,0,0,0,0,0,0,0,0,0,0,0,0,0,0,0.7075799,0.959143,1,0.8755144,0,0,0,0,0,0,0,0,0,0,0,0,0,0,0
0,0,0,0,0,0,0,0,0,0,0,0,0,0,0,0.8072413,0.9914271,1,0.9242743,0.7754977,0,0,0,0,0,0,0,0,0,0,0,0,0,0,0,0,0,0,0,0,0,0,0,0,0,0,0,0.6476476,0.9418124,1,0.8957717,0,0,0,0,0,0,0,0,0,0,0,0,0,0,0
0,0,0,0,0,0,0,0,0,0,0,0,0,0,0,0.8234234,1,0.9944839,0.9094747,0.6844342,0,0,0,0,0,0,0,0,0,0,0,0,0,0,0,0,0,0,0,0,0,0,0,0,0,0,0,0,0.9377043,1,0.8868926,0,0,0,0,0,0,0,0,0,0,0,0,0,0,0
0,0,0,0,0,0,0,0,0,0,0,0,0,0,0,0.8281073,1,0.9928607,0.8896807,0,0,0,0,0,0,0,0,0,0,0,0,0,0,0,0,0,0,0,0,0,0,0,0,0,0,0,0,0,0.945457,1,0.8757337,0,0,0,0,0,0,0,0,0,0,0,0,0,0,0
0,0,0,0,0,0,0,0,0,0,0,0,0,0,0,0.8105071,1,0.9709423,0.7803994,0,0,0,0,0,0,0,0,0,0,0,0,0,0,0,0,0,0,0,0,0,0,0,0,0,0,0,0,0,0.9331353,1,0.8938114,0,0,0,0,0,0,0,0,0,0,0,0,0,0,0
0,0,0,0,0,0,0,0,0,0,0,0,0,0,0,0.8309953,1,0.9846852,0.7456104,0,0,0,0,0,0,0,0,0,0,0,0,0,0,0,0,0,0,0,0,0,0,0,0,0,0,0,0,0,0.9320614,1,0.8944907,0,0,0,0,0,0,0,0,0,0,0,0,0,0,0
0,0,0,0,0,0,0,0,0,0,0,0,0,0,0,0.8111572,1,0.9970972,0.8078735,0,0,0,0,0,0,0,0,0,0,0,0,0,0,0,0,0,0,0,0,0,0,0,0,0,0,0,0,0,0.9384022,1,0.8881069,0,0,0,0,0,0,0,0,0,0,0,0,0,0,0
0,0,0,0,0,0,0,0,0,0,0,0,0,0,0,0.8458144,1,0.9951907,0.8256529,0,0,0,0,0,0,0,0,0,0,0,0,0,0,0,0,0,0,0,0,0,0,0,0,0,0,0,0,0,0.9511974,1,0.8986028,0,0,0,0,0,0,0,0,0,0,0,0,0,0,0
0,0,0,0,0,0,0,0,0,0,0,0,0,0,0,0.832404,1,0.9964378,0.8298763,0,0,0,0,0,0,0,0,0,0,0,0,0,0,0,0,0,0,0,0,0,0,0,0,0,0,0,0,0,0.9435592,1,0.9049805,0,0,0,0,0,0,0,0,0,0,0,0,0,0,0
0,0,0,0,0,0,0,0,0,0,0,0,0,0,0.7117984,0.8450238,1,0.9720745,0.7322533,0.7251,0,0,0,0,0,0,0,0,0,0,0,0,0,0,0,0,0,0,0,0,0,0,0,0,0,0,0.6518564,0.7674162,0.951323,1,0.8935047,0,0,0,0,0,0,0,0,0,0,0,0,0,0,0
0,0,0,0,0,0,0,0,0,0,0,0,0,0.6118044,0.6932545,0.8520785,1,0.9915524,0.8202672,0.7764717,0.7213289,0.7197814,0.7234791,0.6799665,0.5998725,0,0,0,0,0,0,0,0,0,0,0,0,0,0,0,0,0,0,0,0,0,0.7077452,0.6878226,0.9243535,1,0.8889741,0,0,0,0.5820947,0.6071044,0,0,0,0,0,0,0,0,0,0
0,0,0,0,0,0,0,0,0,0,0,0.687331,0.6750699,0.6954207,0.7025414,0.794444,0.9953907,1,0.8030686,0.7912049,0.786101,0.7914986,0.7694008,0,0.7242875,0,0,0,0,0,0,0,0,0,0,0,0,0,0,0,0,0,0,0,0.6460144,0.7594249,0.7982449,0.7976099,0.9381573,1,0.8877618,0.7513655,0.7317014,0.7090419,0.7475957,0.7014164,0,0,0,0,0,0,0,0,0,0
0,0,0,0,0,0,0,0,0,0,0,0.5659021,0.6511856,0.5605298,0.7386025,0.8774451,1,0.96474,0.7208619,0.7401307,0.7328103,0.7393198,0.6715548,0.6652786,0.7051533,0.7133807,0.647953,0.5964603,0.6247444,0.5700322,0,0,0,0,0,0,0,0,0,0,0,0.5491339,0.5691909,0,0,0.5698975,0.6172774,0.6887676,0.9433311,1,0.8960671,0.6739909,0.5520068,0.6273991,0.7060609,0.6477517,0.6492712,0.5499341,0.5715806,0.5581333,0,0,0,0,0,0
0,0,0,0,0,0,0,0,0,0,0.7350435,0.7591798,0,0.7038357,0.7972828,0.82254,0.9970152,1,0.8675007,0.7194933,0.7907637,0.7216164,0.7232687,0.6957479,0,0,0.7299926,0,0,0,0,0,0,0,0,0,0,0,0,0,0,0,0,0,0,0,0,0,0.9465312,1,0.8829719,0,0.7657824,0.8063158,0.7295409,0.7135242,0.736624,0.7032287,0,0,0,0,0,0,0,0
0,0,0,0,0,0,0,0,0,0,0,0,0.7650226,0.7824582,0.8839337,0.7806733,1,0.9369215,0.8728601,0.9057488,0.8812487,0.7779481,0,0,0,0,0,0,0,0,0,0,0,0,0,0,0,0,0,0,0,0,0,0,0,0,0,0.750801,0.9546946,1,0.8678308,0,0.7660556,0.7553223,0,0.7299177,0.7048085,0.6745655,0,0,0,0,0,0,0,0
0,0,0,0,0,0,0,0.7313768,0.7928746,0.7891182,0.748431,0,0.6783,0.8640847,0.8663623,0.7690107,1,0.993943,0.8524451,0.6851662,0.6759844,0.6592947,0,0,0,0,0,0,0,0,0,0,0,0,0,0,0,0,0,0.6506429,0.6656121,0.6611869,0,0,0,0.649085,0.632226,0.7094516,0.9400661,1,0.9163907,0.7630439,0.6622828,0.6877872,0.6528427,0,0,0,0,0,0,0,0,0,0,0
0,0.6793938,0.7540542,0.699894,0.651057,0.7210766,0.8004256,0.7846678,0.6670691,0.7737202,0.7999355,0.7811813,0.7540267,0.7467434,0.6508905,0.8581778,1,0.98273,0.8046278,0.774969,0,0.6589124,0,0,0,0,0,0,0,0,0,0,0,0,0,0.6285092,0.6914075,0.7357137,0.6368335,0,0.6273304,0.6834552,0.6570159,0.7048714,0.7435568,0.7310362,0.689476,0.692891,0.9332542,1,0.89011,0.6660727,0.6286612,0,0,0,0,0,0,0,0,0,0,0,0,0
0,0,0,0.7858198,0.7676927,0,0.688648,0.7179972,0,0,0.8096527,0.7803677,0,0.7506143,0,0.8056899,1,0.9872021,0.8549164,0.7524613,0.7482984,0.7398363,0,0,0,0,0,0,0,0,0,0,0,0,0,0.6450845,0,0.7151783,0.7476727,0.7098641,0.740665,0.7294308,0.7057889,0.6344747,0.6574851,0.7537476,0.7327805,0.6984313,0.9457202,1,0.9046019,0.7460805,0,0,0,0,0,0,0,0,0,0,0,0,0,0
0,0,0,0,0,0,0,0,0,0.7296101,0.7163041,0.7024413,0.7468538,0,0.7684566,0.8023192,0.995847,1,0.8448372,0.7272298,0.722467,0,0,0,0,0,0,0,0,0,0,0,0,0,0,0,0,0,0,0,0.6631265,0,0.6430401,0.7322451,0.746239,0.7014741,0.7662805,0.8024051,0.9400204,1,0.9262592,0.7172245,0.6873645,0,0,0,0,0,0,0,0,0,0,0,0,0
0,0,0,0,0,0,0,0,0,0,0,0,0,0.6574625,0.6700173,0.8230343,1,0.9827812,0.7536981,0,0,0,0,0,0,0,0,0,0,0,0,0,0,0,0,0,0,0,0,0,0,0,0.6624017,0.6807347,0.6537634,0.6999044,0.6522806,0.7391214,0.943311,1,0.8682969,0.7028031,0.5944747,0,0,0,0,0,0,0,0,0,0,0,0,0
0,0,0,0,0,0,0,0,0,0,0,0,0,0,0,0.8051438,1,0.9930039,0.8165916,0.7201739,0.6728049,0,0,0,0,0,0,0,0,0,0,0,0,0,0,0,0,0,0,0,0,0,0,0,0,0,0,0.6110943,0.9480358,1,0.883296,0.7010887,0.6743242,0.6036956,0.6369045,0,0,0,0,0,0,0,0,0,0,0
0,0,0,0,0,0,0,0,0,0,0,0,0,0.7111822,0.7240473,0.8354298,0.9938896,1,0.8613671,0.7557046,0.799259,0,0,0,0,0,0,0,0,0,0,0,0,0,0,0,0,0,0,0,0,0,0,0,0,0,0,0,0.9507098,1,0.8513201,0.7257329,0.703401,0.7143917,0.7291761,0,0,0,0,0,0,0,0,0,0,0
0,0,0,0,0,0,0,0,0,0.7174863,0.8028139,0.8348761,0.8255122,0.810322,0.7901866,0.8567429,1,0.9249029,0.8490689,0.7363396,0.8185316,0.7635071,0.7518351,0.8465465,0.7619395,0,0,0,0,0.779283,0.7274345,0,0,0,0,0,0,0,0,0,0,0,0,0,0,0,0,0.6421235,0.9387128,1,0.8903167,0.7831203,0.8281569,0.82244,0.7531642,0.6734984,0.6214088,0.5983835,0.6977833,0.7289997,0.697113,0.6470622,0.6081926,0,0,0
0,0,0,0,0,0,0,0,0,0,0,0.7810366,0,0,0,0.7788148,1,0.9970538,0.7731481,0.8070877,0.8566969,0.8371011,0.8809759,0.8824301,0.8093274,0.7717045,0.8061174,0.8439142,0.7896255,0,0.7421667,0.7720866,0.7530847,0,0,0,0,0,0,0,0,0,0,0,0,0,0,0,0.9430572,1,0.8580852,0.7011375,0.6842684,0.6838514,0.7411236,0.7455548,0,0,0.6810066,0.7244484,0.7127048,0,0,0,0,0
0,0,0,0,0,0,0,0,0,0,0,0,0,0,0,0.8445272,1,0.9770249,0,0.8441148,0.8803034,0,0.847807,0.7947202,0.7907164,0.794279,0,0,0,0,0.7840772,0.7499922,0,0,0,0,0,0,0,0,0,0,0,0,0,0,0,0,0.9400798,1,0.8918694,0,0.7338744,0.7467803,0.7214515,0,0,0,0,0,0.7002813,0,0,0,0,0
0,0,0,0,0,0,0,0,0.6298113,0.7277659,0.7380539,0.6369532,0,0.639128,0.6842296,0.7879294,0.9946944,1,0.8558828,0.6703512,0.7353256,0.7795284,0.7513126,0.6136801,0,0.6825916,0.6497628,0,0,0,0,0,0,0,0,0,0,0,0,0,0,0.6339121,0.6266278,0,0,0,0.6333869,0.7283862,0.9499615,1,0.8774515,0.6347035,0.6803406,0.7114372,0.7149135,0.6556396,0,0,0,0,0,0,0,0,0,0
0,0,0,0,0,0,0,0,0,0,0,0.6185117,0,0.6806608,0.7621902,0.8046982,1,0.9504253,0.7282635,0.6285774,0,0,0,0,0,0,0,0,0,0,0,0,0,0,0,0,0,0,0,0,0,0,0.5725084,0.6178479,0.6631438,0.6769168,0.700097,0.7501,0.9429013,1,0.8783264,0.5840203,0,0,0,0,0,0,0,0,0,0,0,0,0,0
0,0,0,0,0,0,0,0,0,0,0,0,0,0,0,0.8453387,1,0.9982323,0.8611352,0,0,0,0,0,0,0,0,0,0,0,0,0,0,0,0,0,0,0,0,0,0,0,0,0,0,0,0,0,0.9316142,1,0.9011993,0,0,0,0,0,0,0,0,0,0,0,0,0,0,0
