GestureName: zigzag
Duration(ms): 1410
Handedness: right

SpeakerAngles: 2
55
-55

InterpretedPoints: 30
0,0
0.806707284111599,1.69458756439087
0.806707284111599,6.21348773609986
1.6134145682232,10.1675253863452
0,13.556700515127
1.6134145682232,12.4269754721997
2.4201218523348,11.8621129507361
0,1.12972504292725
-1.6134145682232,-12.4269754721997
-1.6134145682232,-11.2972504292725
-0.806707284111598,-12.9918379936633
-3.2268291364464,-10.1675253863452
0,-4.51890017170899
0,5.64862521463624
0.806707284111599,10.7323879078088
0,13.556700515127
-0.806707284111598,12.9918379936633
-2.4201218523348,10.7323879078088
0,1.12972504292725
1.6134145682232,-9.03780034341798
0.806707284111599,-9.6026628648816
1.6134145682232,-12.4269754721997
1.6134145682232,-11.2972504292725
1.6134145682232,-6.77835025756348
1.6134145682232,1.12972504292725
-1.6134145682232,9.03780034341798
-2.4201218523348,11.8621129507361
-2.4201218523348,11.8621129507361
-4.03353642055799,8.47293782195435
4.03353642055799,-0.564862521463623

StrokePoints: 31
177.666666666667,130.277777777778
177.666666666667,130.277777777778
176.859959382555,128.583190213387
176.053252098443,122.369702477287
174.43983753022,112.202177090942
174.43983753022,98.6454765758149
172.826422961997,86.2185011036152
170.406301109662,74.3563881528791
170.406301109662,73.2266631099518
172.019715677885,85.6536385821515
173.633130246109,96.950889011424
174.43983753022,109.942727005087
177.666666666667,120.110252391433
177.666666666667,124.629152563142
177.666666666667,118.980527348505
176.859959382555,108.248139440696
176.859959382555,94.6914389255695
177.666666666667,81.6996009319062
180.086788519001,70.9672130240973
180.086788519001,69.8374879811701
178.473373950778,78.8752883245881
177.666666666667,88.4779511894697
176.053252098443,100.904926661669
174.43983753022,112.202177090942
172.826422961997,118.980527348505
171.213008393774,117.850802305578
172.826422961997,108.81300196216
175.246544814332,96.950889011424
177.666666666667,85.0887760606879
181.700203087225,76.6158382387336
177.666666666667,77.1807007601972

Velocities: 30
0,0
2,1
6,5
10,8
12,12
12,10
12,9
1,1
-12,-10
-11,-9
-12,-11
-11,-7
-4,-4
5,5
10,9
12,12
11,12
8,11
1,1
-7,-9
-8,-9
-10,-12
-9,-11
-5,-7
2,0
7,9
9,12
9,12
5,10
2,-3

InverseVelocities: 30
0,0
0,0
0,0
0,0
0,0
0,0
0,0
-3,-1
0,0
0,0
0,0
1,0
1,0
0,0
0,0
0,0
0,0
-2,0
-3,-6
0,0
0,0
0,0
1,0
1,0
0,0
-1,-2
0,0
0,0
-2,-1
-2,0

RawData: 30
0,0,0,0,0,0,0,0,0,0,0,0,0,0,0,0.8519604,1,0.9867342,0.7834138,0,0,0,0,0,0,0,0,0,0,0,0,0,0,0,0,0,0,0,0,0,0,0,0,0,0,0,0,0.7055961,0.9218795,1,0.9058473,0,0,0,0,0,0,0,0,0,0,0,0,0,0,0
0,0,0,0,0,0,0,0,0,0,0,0,0,0,0.5270406,0.7849606,1,0.9907315,0.8191537,0.5799678,0.5101423,0.5002584,0,0,0,0,0,0,0,0,0,0,0,0,0,0,0,0,0,0,0,0,0,0,0,0,0,0.6648504,0.9485834,1,0.8987224,0.7064454,0.6359652,0.5033285,0,0,0,0,0,0,0,0,0,0,0,0
0,0,0,0,0,0,0,0,0,0,0,0,0,0,0.5786323,0.8285712,1,0.9851952,0.8757591,0.8203495,0.7458049,0.668853,0.5874192,0.5978912,0.5869711,0.5944718,0,0,0,0,0,0,0,0,0,0,0,0,0,0,0,0,0,0,0,0,0,0.5795542,0.9481242,1,0.911892,0.8629773,0.8514549,0.8338446,0.81038,0.7627364,0.6834431,0.6097113,0,0,0,0,0,0,0,0
0,0,0,0,0,0,0,0,0,0,0,0,0,0,0.669766,0.8573534,1,0.9742112,0.784632,0.778059,0.8174925,0.7571129,0.7451692,0.7703552,0.7013403,0.7757882,0.8195611,0.8254207,0.7975189,0.6927192,0,0,0,0,0,0,0,0,0,0,0,0,0,0,0,0,0,0,0.9375165,1,0.8897564,0.6340943,0,0.6370715,0.8115054,0.8654731,0.8757725,0.8637096,0.8279273,0.767438,0.700913,0,0,0,0,0
0,0,0,0,0,0,0,0,0,0,0,0,0,0,0.7259235,0.7925957,1,0.9889619,0.7860997,0.706022,0.7913935,0.8208783,0.7896547,0.7880881,0.7937633,0,0.7254614,0,0.816902,0.8613989,0.847304,0.8387817,0.7985805,0,0,0,0,0,0,0,0,0,0,0,0,0,0,0.6915292,0.9498375,1,0.8840633,0.6943517,0,0.7118484,0.7577827,0.7936285,0.774872,0.7428545,0.7759378,0,0.7334585,0,0.7299808,0.7727467,0.7770106,0.7525858
0,0,0,0,0,0,0,0,0,0,0,0,0,0,0,0.8478112,1,0.9867521,0.8297336,0.80352,0.7931472,0,0,0.8023708,0,0.8526535,0.8467699,0.8039413,0.8451757,0.9052345,0.9231041,0.8236514,0.8650939,0,0,0,0,0,0,0,0,0,0,0,0,0,0,0,0.9532157,1,0.906633,0,0.780155,0.7622321,0.8052504,0.76215,0.8344911,0.8280054,0.7700071,0,0,0.8079321,0.7836039,0,0,0
0,0,0,0,0,0,0,0,0,0,0,0,0,0.6295767,0.668785,0.860592,1,0.960986,0.7061783,0.7881958,0.8327707,0.8250248,0.7942269,0.7206189,0.6807416,0.8226328,0.8643445,0.8435203,0.8119214,0.8102421,0.8040151,0.766009,0.7154972,0,0,0,0,0,0,0,0,0,0,0,0,0,0,0.6473666,0.930721,1,0.9056996,0.7899038,0.6770755,0.7584926,0.7614781,0.6242886,0.7461082,0.7364821,0.6562159,0,0.6350594,0.6481844,0,0,0,0
0,0,0,0,0,0,0,0,0,0,0.7885007,0.8717779,0.9301671,0.9350131,0.9284952,0.9306278,0.9818477,1,0.8565945,0.8056685,0.7612786,0,0,0,0,0,0,0,0,0,0,0,0,0,0,0,0,0,0,0,0,0,0,0,0,0.7897938,0.8472956,0.8641904,0.9662007,1,0.9011168,0.7875517,0.7608409,0.711774,0,0,0,0,0,0,0,0,0,0,0,0
0.683574,0.6820199,0,0.6834673,0.6683707,0,0.8412349,0.8637816,0.8354065,0.8198405,0.8084033,0.8312398,0.9561293,0.9050348,0.8038,0.8460504,1,0.9938864,0.7804563,0,0,0,0,0,0,0,0,0,0,0,0,0,0,0,0,0,0.670308,0.6266448,0.6579516,0,0.657654,0.7465278,0.7920129,0.8045987,0.739829,0.8316519,0.8497326,0.7823436,0.9372307,1,0.8882393,0,0,0,0,0,0,0,0,0,0,0,0,0,0,0
0,0,0.7283102,0.7937979,0.8718963,0.8599581,0.915656,0.921787,0.7693386,0.7670263,0.9130168,0.8448902,0.8470796,0.8147471,0.8100596,0.8340178,1,0.9894732,0.785506,0,0,0,0,0,0,0,0,0,0,0,0,0,0,0,0,0,0,0.6903078,0,0.7304449,0.7793459,0.7274298,0.7123349,0.7807889,0.8284664,0.704414,0.694145,0.7103838,0.9470359,1,0.9033598,0,0,0,0,0,0,0,0,0,0,0,0,0,0,0
0,0.7812746,0.8475397,0.8967971,0.8848743,0.8700507,0.9476754,0.8733284,0.8905533,0.911454,0.872987,0.8513058,0.8388676,0.8233416,0.8048201,0.8093967,1,0.9559167,0.7718754,0,0,0,0,0,0,0,0,0,0,0,0,0,0,0,0,0.6825861,0.7382247,0.703457,0.7276766,0.7823139,0.7188675,0.723173,0.7330928,0.7707322,0.7571911,0.7609317,0.703531,0,0.9372194,1,0.9032843,0.6944545,0,0,0,0,0,0,0,0,0,0,0,0,0,0
0,0,0.7264918,0.7754904,0.767213,0,0.83248,0.8607407,0.7837877,0,0,0.867928,0.8844438,0.8779563,0.8618867,0.7547678,0.9917119,1,0.8772687,0.8068755,0.7223859,0,0,0,0,0,0,0,0,0,0,0,0,0,0,0,0,0,0,0.7252384,0.7235935,0.7342976,0.783598,0.7561198,0.732171,0.7322878,0.7420738,0.7420516,0.9339312,1,0.8720644,0,0,0,0,0,0,0,0,0,0,0,0,0,0,0
0,0,0,0,0,0,0,0,0,0.5671759,0.6621169,0.6981378,0.6268606,0.7183742,0.7766979,0.8423516,1,0.9628041,0.6455222,0.6542885,0.5914547,0,0,0,0,0,0,0,0,0,0,0,0,0,0,0,0,0,0,0,0,0,0.5956566,0.6729834,0.7174887,0.7563069,0.7867428,0.7740481,0.9309995,1,0.8938798,0.5831118,0,0,0,0,0,0,0,0,0,0,0,0,0,0
0,0,0,0,0,0,0,0,0,0,0,0,0,0,0.6508806,0.8241212,1,0.9999455,0.773271,0.7931744,0.7086093,0.7931327,0.7000781,0.6527013,0.656152,0,0,0,0,0,0,0,0,0,0,0,0,0,0,0,0,0,0,0,0,0,0,0.7191827,0.9452732,1,0.910877,0.7566196,0.7632161,0.7117033,0.6485999,0,0.6454725,0.6446725,0,0,0,0,0,0,0,0
0,0,0,0,0,0,0,0,0,0,0,0,0,0.6808671,0.7137011,0.8660763,1,0.9816922,0.7507036,0.8213861,0.6952908,0.8114421,0.8292704,0.8110129,0.8012065,0.6800434,0.7751871,0.7464741,0.6846737,0.6606709,0,0,0,0,0,0,0,0,0,0,0,0,0,0,0,0,0.6048479,0.7077896,0.9452709,1,0.87919,0.7943542,0.8099518,0.7563763,0.6933032,0.6487513,0.7098311,0.7593057,0.7010684,0.6533211,0.67337,0.6748634,0,0,0,0
0,0,0,0,0,0,0,0,0,0,0,0,0,0.6521721,0.5499058,0.8233863,1,0.9753989,0.7350156,0.7485253,0.8254168,0.6896039,0.6841795,0.8696931,0.8740733,0.8052248,0.7168712,0.7231182,0.7083473,0.7193242,0.7375036,0.6366401,0.5676373,0,0,0,0,0,0,0,0,0,0,0,0,0,0.5347401,0.535943,0.9237305,1,0.9001657,0.6258258,0.6685428,0.5996332,0.6044739,0.5527707,0.6631724,0.7015371,0.7286013,0.6235554,0.7441687,0.7911888,0.7376011,0.6315764,0.6543809,0.6501052
0,0,0,0,0,0,0,0,0,0,0,0,0,0.6760107,0.7034656,0.8451962,1,0.9986086,0.8818422,0.7436373,0,0.7396224,0.7981017,0.861639,0.8085099,0.8341452,0.8540609,0.8152928,0,0.7227356,0.6812028,0,0,0,0,0,0,0,0,0,0,0,0,0,0,0,0.6290219,0.7291995,0.9445952,1,0.9053382,0.7789918,0.7552019,0.7041203,0.7982411,0.8120381,0.7444274,0.6799476,0.7792166,0.6944547,0.8015596,0.7429436,0.706329,0.7658762,0.7594419,0.6826693
0,0,0,0,0,0,0,0,0,0,0,0.6342584,0.7150233,0.7861426,0.8575515,0.9478539,1,0.9784079,0.934835,0.8694215,0.8777202,0.8525453,0.7598891,0.6344236,0.6909126,0.6211115,0.6517361,0.6534495,0,0,0,0,0,0,0,0,0,0,0,0,0,0,0,0,0,0,0,0.7434759,0.9441828,1,0.9274854,0.865258,0.8054169,0.783573,0.8530605,0.8555679,0.7881718,0.7740612,0.778839,0.7298511,0.663272,0.6760109,0.6320962,0.5661729,0,0
0,0,0,0,0,0,0,0,0,0,0.7417139,0.6972106,0.8522681,0.8915014,0.9512689,0.9547065,1,0.9741535,0.8274571,0.7360361,0.6624197,0,0,0,0,0,0,0,0,0,0,0,0,0,0,0,0,0,0,0,0.6039755,0.6575047,0.701671,0.716517,0.6954135,0.7988446,0.6284317,0.8289347,0.9062241,1,0.8895091,0.8064179,0.7441611,0.6243126,0,0,0,0,0,0,0,0,0,0,0,0
0,0,0,0,0,0,0.7360003,0.7372787,0.8126006,0.8045173,0.8574198,0.9510195,0.9494039,0.7958393,0.9389849,0.852896,1,0.9875523,0.8030218,0,0,0,0,0,0,0,0,0,0,0,0,0,0,0,0,0,0,0.7110037,0.7489862,0.7262015,0,0.7304205,0.7883059,0.8553396,0.8693913,0.8953392,0.9170242,0.8693089,0.9592994,1,0.8775847,0,0,0,0,0,0,0,0,0,0,0,0,0,0,0
0,0,0,0,0,0.717513,0.7874477,0.8092681,0,0.8562464,0.8520148,0.7543629,0.7062157,0.7748737,0.788721,0.8594331,0.9979383,1,0.8493406,0.6771953,0,0,0,0,0,0,0,0,0,0,0,0,0,0,0,0,0,0.7273576,0.7150103,0.8290088,0.8203975,0.7402098,0.8404321,0.7915832,0.7209222,0.7109008,0.7820649,0.7496101,0.9510528,1,0.8693727,0,0,0,0,0,0,0,0,0,0,0,0,0,0,0
0,0,0,0.6925192,0.8288599,0.8207637,0.7538292,0.8652955,0.815444,0.806102,0.7828852,0.7678178,0.7528083,0.7231264,0.7415561,0.8446153,1,0.9682624,0.8136885,0.6904372,0,0,0,0,0,0,0,0,0,0,0,0,0,0,0.687718,0.7441272,0.733629,0.6160009,0.7666164,0.7662364,0.689602,0.8276686,0.7738383,0.6718001,0,0.673337,0.6370908,0.633639,0.9386865,1,0.9019349,0.635482,0.6113586,0,0,0,0,0,0,0,0,0,0,0,0,0
0,0,0,0,0.758162,0.7961197,0.7220594,0.8079929,0.8573767,0.7940107,0.7650629,0.8069482,0.8659592,0.8731253,0.8353565,0.8660129,1,0.9749548,0.801699,0.7316024,0.695757,0,0,0,0,0,0,0,0,0,0,0,0,0,0,0.6826918,0.7159675,0.6803169,0.7081717,0.7449535,0.8177072,0.8435809,0.8135925,0.7542596,0.8191119,0.6924112,0.7685933,0.6887766,0.9435513,1,0.8976582,0.7101631,0,0,0,0,0,0,0,0,0,0,0,0,0,0
0,0,0,0,0,0,0,0,0.6277442,0.6230293,0.6564363,0.7359381,0.8078851,0.8186136,0.8423358,0.8861485,1,0.9669513,0.7285834,0.6751548,0.6459053,0,0,0,0,0,0,0,0,0,0,0,0,0,0,0,0,0,0,0.6009666,0.6575861,0.6548696,0.6862228,0.7501718,0.7669992,0.7436825,0.7845173,0.8026456,0.9513848,1,0.886639,0.6214678,0,0,0,0,0,0,0,0,0,0,0,0,0,0
0,0,0,0,0,0,0,0,0,0,0,0,0,0,0.7258641,0.8196036,1,0.9911636,0.7581254,0.8271153,0.7500592,0.6883083,0,0,0,0,0,0,0,0,0,0,0,0,0,0,0,0,0,0,0,0,0,0,0,0,0.6719604,0.7252824,0.9379047,1,0.8817997,0.7278894,0.6506525,0,0,0,0,0,0,0,0,0,0,0,0,0
0,0,0,0,0,0,0,0,0,0,0,0,0.7118577,0.7614377,0.7891909,0.8833021,0.9473252,1,0.8133272,0.9054451,0.8329392,0.7664148,0.7186549,0.8752277,0.8621104,0.7728355,0.7118405,0,0,0,0,0,0,0,0,0,0,0,0,0,0,0,0,0,0.647937,0.6760378,0.682712,0.7506775,0.9558306,1,0.8711885,0.7967008,0.7868719,0.8055368,0.8295015,0.8359813,0.7984374,0.7487943,0,0.658929,0.677412,0.6431069,0,0,0,0
0,0,0,0,0,0,0,0,0,0,0,0,0,0,0.6787591,0.8346972,1,0.9730266,0.8575534,0.8625047,0.8388854,0.8593659,0.879189,0.8276365,0.8491456,0.783142,0.7500913,0.7937868,0.7056147,0,0,0,0,0,0,0,0,0,0,0,0,0,0,0,0,0,0,0.6295941,0.9120169,1,0.8847705,0.6034507,0.6135044,0.6626328,0.7598678,0.7088208,0.8087822,0.7090895,0.7501526,0.7415512,0.6294292,0.7229918,0.6836954,0.720741,0.7008434,0.6198874
0,0,0,0,0,0,0,0,0,0,0,0,0,0,0,0.8563448,1,0.9762068,0.7921006,0,0,0.7763197,0.8132556,0,0.8113941,0.7847571,0.7708825,0.7724302,0.7325752,0,0,0,0,0,0,0,0,0,0,0,0,0,0,0,0,0,0.7483171,0.7769804,0.9533724,1,0.8821901,0.7493166,0.7932123,0.8008735,0.7472209,0,0.8614265,0.8753883,0.8005841,0.7748743,0.8073827,0,0.7629207,0,0.7436981,0.7308871
0,0,0,0,0,0,0,0,0,0,0,0.7006349,0.8083488,0.7613487,0.7802302,0.8222657,1,0.9831671,0.7789807,0.788183,0.6127102,0.7283785,0.7989817,0.7842721,0.7181455,0,0,0,0,0,0,0,0,0,0,0,0,0,0,0,0,0,0,0,0,0.7302061,0.7782309,0.7962049,0.9454539,1,0.8754103,0.8142416,0.8423216,0.7687065,0.6742743,0.7694188,0.7181112,0.7023194,0.7407966,0.7212874,0.6983151,0.7020828,0.6508622,0,0,0
0,0,0,0,0,0,0,0,0,0,0,0.7400995,0.754895,0.8419174,0.8890297,0.825606,0.996716,1,0.8206595,0.8028103,0.8044421,0.74677,0,0,0,0,0,0,0,0,0,0,0,0,0,0,0,0,0,0,0,0,0,0.6662819,0.7416865,0.8667333,0.9231126,0.861118,0.9285264,1,0.8944335,0.6734648,0,0,0,0,0,0,0,0,0,0,0,0,0,0
