GestureName: c
Duration(ms): 1410
Handedness: right

SpeakerAngles: 2
55
-55

InterpretedPoints: 30
0,1.12972504292725
0.806707284111599,1.69458756439087
0.806707284111599,0.564862521463624
0.806707284111599,0.564862521463624
0.806707284111599,0.564862521463624
0.806707284111599,0.564862521463624
0,0
0.806707284111599,0.564862521463624
0.806707284111599,0.564862521463624
1.6134145682232,1.12972504292725
1.6134145682232,1.12972504292725
4.03353642055799,0.564862521463623
6.45365827289279,0
5.64695098878119,-2.82431260731812
2.4201218523348,-8.47293782195435
0,-9.03780034341798
-0.806707284111599,-8.47293782195435
-3.2268291364464,-9.03780034341798
0,-6.77835025756348
-0.806707284111599,-5.08376269317261
-0.806707284111599,-2.82431260731812
-0.806707284111599,-0.564862521463624
-1.6134145682232,-1.12972504292725
-1.6134145682232,0
0.806707284111599,1.69458756439087
-0.806707284111599,0.564862521463624
-1.6134145682232,1.12972504292725
-0.806707284111599,-0.564862521463624
0,0
0,0

StrokePoints: 31
177.666666666667,130.277777777778
177.666666666667,129.148052734851
176.859959382555,127.45346517046
176.053252098443,126.888602648996
175.246544814332,126.323740127532
174.43983753022,125.758877606069
173.633130246109,125.194015084605
173.633130246109,125.194015084605
172.826422961997,124.629152563142
172.019715677885,124.064290041678
170.406301109662,122.934564998751
168.792886541439,121.804839955823
164.759350120881,121.23997743436
158.305691847988,121.23997743436
152.658740859207,124.064290041678
150.238619006872,132.537227863632
150.238619006872,141.57502820705
151.045326290984,150.047966029005
154.27215542743,159.085766372423
154.27215542743,165.864116629986
155.078862711542,170.947879323159
155.885569995653,173.772191930477
156.692277279765,174.33705445194
158.305691847988,175.466779494868
159.919106416211,175.466779494868
159.1123991321,173.772191930477
159.919106416211,173.207329409013
161.532520984435,172.077604366086
162.339228268546,172.64246688755
162.339228268546,172.64246688755
162.339228268546,172.64246688755

Velocities: 30
1,1
2,1
1,0
1,0
1,0
1,0
0,0
1,0
1,0
2,0
2,0
3,-2
4,-4
1,-6
-6,-9
-8,-8
-8,-7
-10,-6
-6,-6
-5,-4
-3,-2
-1,0
-2,0
-1,1
2,1
0,1
0,2
-1,0
0,0
0,0

InverseVelocities: 30
0,0
0,0
0,0
0,0
0,0
0,0
0,0
0,0
0,0
0,0
0,0
0,0
0,0
0,0
0,0
0,0
0,0
0,0
0,0
0,0
0,0
0,0
0,0
0,0
0,0
0,0
0,0
0,0
0,0
0,0

RawData: 30
0,0,0,0,0,0,0,0,0,0,0,0,0,0,0,0.7947373,1,0.9867423,0.7714834,0.807983,0.6964718,0,0,0,0,0,0,0,0,0,0,0,0,0,0,0,0,0,0,0,0,0,0,0,0,0,0,0.5215001,0.9377274,1,0.8749498,0.7780609,0.7718593,0.6003769,0,0,0,0,0,0,0,0,0,0,0,0
0,0,0,0,0,0,0,0,0,0,0,0,0,0,0,0.8165729,1,0.9911072,0.7069743,0.7888551,0.7061116,0.6720031,0,0,0,0,0,0,0,0,0,0,0,0,0,0,0,0,0,0,0,0,0,0,0,0,0,0.6224442,0.9434569,1,0.9148834,0.745151,0.816017,0.6856064,0,0,0,0,0,0,0,0,0,0,0,0
0,0,0,0,0,0,0,0,0,0,0,0,0,0,0,0.8634138,1,0.9862701,0.8178125,0.8144811,0.7992663,0,0,0,0,0,0,0,0,0,0,0,0,0,0,0,0,0,0,0,0,0,0,0,0,0,0,0,0.9529838,1,0.9379711,0.9012148,0.8494251,0,0,0,0,0,0,0,0,0,0,0,0,0
0,0,0,0,0,0,0,0,0,0,0,0,0,0,0,0.8286282,1,0.9757097,0.8470263,0.8216178,0.6236253,0,0,0,0,0,0,0,0,0,0,0,0,0,0,0,0,0,0,0,0,0,0,0,0,0,0,0.6314467,0.9543903,1,0.894817,0.8595335,0.7104762,0,0,0,0,0,0,0,0,0,0,0,0,0
0,0,0,0,0,0,0,0,0,0,0,0,0,0,0,0.8124653,0.9988539,1,0.8915651,0.8366244,0.660705,0,0,0,0,0,0,0,0,0,0,0,0,0,0,0,0,0,0,0,0,0,0,0,0,0,0,0.6911437,0.934752,1,0.9554912,0.9041965,0.7184558,0,0,0,0,0,0,0,0,0,0,0,0,0
0,0,0,0,0,0,0,0,0,0,0,0,0,0,0,0.8127223,1,0.9850069,0.8402282,0.7910473,0.5731165,0,0,0,0,0,0,0,0,0,0,0,0,0,0,0,0,0,0,0,0,0,0,0,0,0,0,0.5978593,0.9349604,1,0.8536831,0.942818,0.7023082,0,0,0,0,0,0,0,0,0,0,0,0,0
0,0,0,0,0,0,0,0,0,0,0,0,0,0,0,0.8265957,1,0.9996523,0.8918735,0.7655469,0,0,0,0,0,0,0,0,0,0,0,0,0,0,0,0,0,0,0,0,0,0,0,0,0,0,0,0.6221904,0.9711515,1,0.981257,0.9559535,0.6636152,0,0,0,0,0,0,0,0,0,0,0,0,0
0,0,0,0,0,0,0,0,0,0,0,0,0,0,0,0.8516018,1,0.9668496,0.8679863,0.7827722,0.6874886,0,0,0,0,0,0,0,0,0,0,0,0,0,0,0,0,0,0,0,0,0,0,0,0,0,0,0,0.920092,1,0.9814504,0.8732983,0,0,0,0,0,0,0,0,0,0,0,0,0,0
0,0,0,0,0,0,0,0,0,0,0,0,0,0,0,0.8315598,1,0.9760029,0.9035382,0.9064385,0.7593933,0,0,0,0,0,0,0,0,0,0,0,0,0,0,0,0,0,0,0,0,0,0,0,0,0,0,0,0.9494532,1,0.8647372,0.7738906,0.7155795,0,0,0,0,0,0,0,0,0,0,0,0,0
0,0,0,0,0,0,0,0,0,0,0,0,0,0,0,0.8013629,1,0.9874731,0.8498041,0.8419927,0.7795341,0.5697746,0,0,0,0,0,0,0,0,0,0,0,0,0,0,0,0,0,0,0,0,0,0,0,0,0,0.6866838,0.9730884,1,0.8326947,0.8126159,0.6841034,0,0,0,0,0,0,0,0,0,0,0,0,0
0,0,0,0,0,0,0,0,0,0,0,0,0,0,0,0.8286008,1,0.9896612,0.8481204,0.7286969,0.8192444,0.7885979,0,0,0,0,0,0,0,0,0,0,0,0,0,0,0,0,0,0,0,0,0,0,0,0,0.6039559,0.7309719,0.9270126,1,0.927416,0.7570955,0,0,0,0,0,0,0,0,0,0,0,0,0,0
0,0,0,0,0,0,0,0,0,0,0,0,0,0,0,0.8327925,1,0.9856842,0.8893666,0.9821789,0.9792938,0.8735583,0.6641781,0,0,0,0,0,0,0,0,0,0,0,0,0,0,0,0,0,0,0,0,0,0.6878505,0.7267618,0.7498996,0.7710604,0.9335212,1,0.8988039,0.6245518,0,0,0,0,0,0,0,0,0,0,0,0,0,0
0,0,0,0,0,0,0,0,0,0,0,0,0,0,0.6529158,0.889915,1,0.9459089,0.9517435,0.931722,0.9225002,0.8824401,0.7920537,0.6840631,0,0,0,0,0,0,0,0,0,0,0,0,0,0,0,0,0,0,0.6137503,0.6574059,0.6224234,0.7635566,0.7780371,0.8553661,0.9596459,1,0.8955864,0.6113905,0,0,0,0,0,0,0,0,0,0,0,0,0,0
0,0,0,0,0,0,0,0,0,0,0,0,0,0.913348,0.9886783,1,0.8735257,0.9285169,0.7856466,0.8057647,0.7885175,0,0,0,0,0,0,0,0,0,0,0,0,0,0,0,0,0,0,0,0.6937779,0.7140323,0,0.7136018,0.7570415,0.8147929,0.8331018,0.8182052,0.9573048,1,0.8957516,0.6591311,0,0,0,0,0,0,0,0,0,0,0,0,0,0
0,0,0,0,0,0,0,0.6731886,0.7173458,0.7637337,0.7903618,0.823866,0.928318,0.9720145,0.9741118,0.8876256,1,0.9996382,0.8382655,0.6276894,0,0,0,0,0,0,0,0,0,0,0,0,0,0,0,0,0,0.5533887,0.5837626,0.666868,0,0.6994487,0.6285395,0.6818809,0.7225185,0.7055786,0.6591268,0.6387568,0.9382904,1,0.8873124,0,0,0,0,0,0,0,0,0,0,0,0,0,0,0
0,0,0,0,0,0.7274421,0.7573262,0.7687473,0.7892284,0.8135403,0.8767982,0.9124948,0.9589505,0.9287952,0.8923717,0.8484367,1,0.995879,0.7709589,0,0,0,0,0,0,0,0,0,0,0,0,0,0,0,0,0,0,0,0.6321496,0,0.7278101,0.6955121,0.7894052,0.8167383,0.7933641,0.7584556,0.7068769,0.7045556,0.9485402,1,0.8957529,0,0,0,0,0,0,0,0,0,0,0,0,0,0,0
0,0,0,0,0,0.6817692,0,0.7605403,0.8840245,0.9117934,0.83437,0.8467625,0.8809478,0.8596511,0.8140646,0.9027144,1,0.9741172,0.734782,0,0,0,0,0,0,0,0,0,0,0,0,0,0,0,0,0,0,0,0,0.7524251,0.8522621,0.8526318,0.8155979,0.832621,0.7001335,0,0.7250621,0.744371,0.9382801,1,0.9013292,0,0,0,0,0,0,0,0,0,0,0,0,0,0,0
0,0,0,0.6622217,0.6842779,0.6379975,0,0.7306367,0.7904504,0.7419976,0.9237307,0.8815279,0.8166899,0.7626089,0.6807716,0.8618166,1,0.990393,0.7878877,0,0,0,0,0,0,0,0,0,0,0,0,0,0,0,0,0,0,0,0,0,0.7721513,0.8427356,0.8352103,0.7761323,0.6811247,0.7111946,0.7039699,0.6286574,0.9381796,1,0.8903684,0.5863476,0,0,0,0,0,0,0,0,0,0,0,0,0,0
0,0,0,0,0,0,0,0.6633257,0.8194986,0.9058392,0.9478378,0.9238747,0.8498173,0.7940404,0.6788647,0.8241484,1,0.9964599,0.7464549,0,0,0,0,0,0,0,0,0,0,0,0,0,0,0,0,0,0,0,0,0,0.5731972,0.627341,0.7343398,0.7849795,0.7466965,0.5844859,0.6613701,0.7038602,0.935011,1,0.8878009,0,0,0,0,0,0,0,0,0,0,0,0,0,0,0
0,0,0,0,0,0,0,0,0.6986972,0.7444891,0.7855005,0.8085504,0.8977246,0.8083792,0.8018742,0.7782373,1,0.9871284,0.7591266,0,0,0,0,0,0,0,0,0,0,0,0,0,0,0,0,0,0,0,0,0,0,0,0.6260239,0,0.7427616,0.6568235,0.6882827,0.7158703,0.9423377,1,0.8872824,0.6118537,0,0,0,0,0,0,0,0,0,0,0,0,0,0
0,0,0,0,0,0,0,0,0,0,0.7723238,0.8508638,0.8227988,0.8330898,0.8570256,0.7290922,1,0.9862565,0.7226374,0,0,0,0,0,0,0,0,0,0,0,0,0,0,0,0,0,0,0,0,0,0,0,0,0,0.6923723,0.7225148,0.7051042,0.69083,0.9448842,1,0.8875887,0,0,0,0,0,0,0,0,0,0,0,0,0,0,0
0,0,0,0,0,0,0,0,0,0,0,0,0.7933313,0.8549026,0.8257187,0.8679487,1,0.9688979,0.6888294,0,0,0,0,0,0,0,0,0,0,0,0,0,0,0,0,0,0,0,0,0,0,0,0,0,0,0,0.6818212,0.7670126,0.9575573,1,0.8955156,0.6145231,0,0,0,0,0,0,0,0,0,0,0,0,0,0
0,0,0,0,0,0,0,0,0,0,0,0.6784272,0.7648153,0.8006862,0.8738986,0.8842098,1,0.9749449,0.7344356,0,0,0,0,0,0,0,0,0,0,0,0,0,0,0,0,0,0,0,0,0,0,0,0,0,0,0,0.6094218,0.6414738,0.9393568,1,0.8794135,0.6804822,0,0,0,0,0,0,0,0,0,0,0,0,0,0
0,0,0,0,0,0,0,0,0,0,0,0,0.6847941,0.7493137,0.8067583,0.8214327,1,0.9961004,0.7722166,0,0,0,0,0,0,0,0,0,0,0,0,0,0,0,0,0,0,0,0,0,0,0,0,0,0,0,0,0.6785275,0.9510425,1,0.8968733,0.7175227,0.7636174,0.7196459,0,0,0,0,0,0,0,0,0,0,0,0
0,0,0,0,0,0,0,0,0,0,0,0,0,0.7612662,0.8450488,0.7265056,1,0.9883435,0,0.7301637,0.6428995,0.6089828,0,0,0,0,0,0,0,0,0,0,0,0,0,0,0,0,0,0,0,0,0,0,0,0,0,0,0.9321852,1,0.889212,0.7008396,0.7650495,0.6921282,0,0,0,0,0,0,0,0,0,0,0,0
0,0,0,0,0,0,0,0,0,0,0,0,0,0,0.849614,0.838171,1,0.9771881,0,0,0,0,0,0,0,0,0,0,0,0,0,0,0,0,0,0,0,0,0,0,0,0,0,0,0,0,0,0.7664598,0.9556339,1,0.9049061,0.7360502,0.7606385,0.7703382,0,0,0,0,0,0,0,0,0,0,0,0
0,0,0,0,0,0,0,0,0,0,0,0,0,0.7328101,0.7607817,0.8923891,1,0.9804097,0.8053398,0,0,0,0,0,0,0,0,0,0,0,0,0,0,0,0,0,0,0,0,0,0,0,0,0,0,0,0.6193871,0.7114192,0.9394803,1,0.9100317,0.7664516,0.7118233,0.6180561,0.6177528,0,0,0,0,0,0,0,0,0,0,0
0,0,0,0,0,0,0,0,0,0,0,0,0.7026259,0.6922308,0.8157887,0.8526145,1,0.9923581,0.7655692,0.6391569,0,0,0,0,0,0,0,0,0,0,0,0,0,0,0,0,0,0,0,0,0,0,0,0,0,0,0.5644085,0.6184285,0.9414217,1,0.8955982,0.7141766,0.646746,0,0,0,0,0,0,0,0,0,0,0,0,0
0,0,0,0,0,0,0,0,0,0,0,0,0,0,0.7378588,0.8709667,1,0.9630012,0.7415228,0,0,0,0,0,0,0,0,0,0,0,0,0,0,0,0,0,0,0,0,0,0,0,0,0,0,0,0,0,0.9430221,1,0.9011309,0.7286646,0.6369245,0,0,0,0,0,0,0,0,0,0,0,0,0
0,0,0,0,0,0,0,0,0,0,0,0,0,0,0,0,0.9950197,1,0.8274809,0,0,0,0,0,0,0,0,0,0,0,0,0,0,0,0,0,0,0,0,0,0,0,0,0,0,0,0,0,0.9480501,1,0.9065448,0.7105475,0,0,0,0,0,0,0,0,0,0,0,0,0,0
