GestureName: circle
Duration(ms): 1410
Handedness: right

SpeakerAngles: 2
55
-55

InterpretedPoints: 30
0,0
0,0
0,0
0,0
-0.806707284111599,-0.564862521463624
-0.806707284111599,-1.69458756439087
-1.6134145682232,-3.38917512878174
-0.806707284111599,-5.08376269317261
-3.2268291364464,-5.64862521463624
0,-7.90807530049073
-2.4201218523348,-6.21348773609986
1.6134145682232,-4.51890017170899
1.6134145682232,-4.51890017170899
1.6134145682232,-4.51890017170899
2.4201218523348,-2.82431260731812
1.6134145682232,-2.25945008585449
0.806707284111599,-0.564862521463624
1.6134145682232,-1.12972504292725
0.806707284111599,-0.564862521463624
2.4201218523348,0.564862521463624
2.4201218523348,1.69458756439087
1.6134145682232,0
0.806707284111599,0.564862521463624
0.806707284111599,0.564862521463624
0.806707284111599,0.564862521463624
1.6134145682232,1.12972504292725
1.6134145682232,4.51890017170899
0.806707284111599,7.34321277902711
0.806707284111599,8.47293782195435
0.806707284111599,10.7323879078088

StrokePoints: 31
177.666666666667,130.277777777778
177.666666666667,130.277777777778
177.666666666667,130.277777777778
177.666666666667,130.277777777778
177.666666666667,130.277777777778
178.473373950778,130.842640299241
179.28008123489,132.537227863632
180.893495803113,135.926402992414
181.700203087225,141.010165685587
184.927032223671,146.658790900223
184.927032223671,154.566866200714
187.347154076006,160.780353936813
185.733739507783,165.299254108522
184.12032493956,169.818154280231
182.506910371336,174.33705445194
180.086788519002,177.161367059259
178.473373950778,179.420817145113
177.666666666667,179.985679666577
176.053252098444,181.115404709504
175.246544814332,181.680267230968
172.826422961997,181.115404709504
170.406301109662,179.420817145113
168.792886541439,179.420817145113
167.986179257328,178.855954623649
167.179471973216,178.291092102186
166.372764689104,177.726229580722
164.759350120881,176.596504537795
163.145935552658,172.077604366086
162.339228268546,164.734391587059
161.532520984435,156.261453765105
160.725813700323,145.529065857296

Velocities: 30
0,0
0,0
0,0
0,0
-1,0
-2,-1
-4,-2
-5,-4
-7,-3
-7,-7
-7,-4
-3,-5
-3,-5
-3,-5
-1,-4
-1,-3
0,-1
0,-2
0,-1
2,-1
3,0
1,-1
1,0
1,0
1,0
2,0
5,3
7,6
8,7
10,9

InverseVelocities: 30
0,0
0,0
0,0
0,0
0,0
1,0
0,0
0,0
0,0
0,0
0,0
0,0
0,0
1,0
0,0
0,0
0,0
0,0
0,0
0,0
0,0
0,0
0,0
0,0
0,0
0,0
0,0
0,0
0,0
0,0

RawData: 30
0,0,0,0,0,0,0,0,0,0,0,0,0,0,0,0.79436,0.9971495,1,0.785414,0,0,0,0,0,0,0,0,0,0,0,0,0,0,0,0,0,0,0,0,0,0,0,0,0,0,0,0,0.6230358,0.9397575,1,0.8971137,0.5652479,0,0,0,0,0,0,0,0,0,0,0,0,0,0
0,0,0,0,0,0,0,0,0,0,0,0,0,0,0.6248072,0.7723282,0.998046,1,0.8603063,0,0,0,0,0,0,0,0,0,0,0,0,0,0,0,0,0,0,0,0,0,0,0,0,0,0,0,0,0.6297826,0.9429064,1,0.9035882,0.6070241,0,0,0,0,0,0,0,0,0,0,0,0,0,0
0,0,0,0,0,0,0,0,0,0,0,0,0,0,0.6737273,0.8753944,1,0.9493322,0.8446405,0,0,0,0,0,0,0,0,0,0,0,0,0,0,0,0,0,0,0,0,0,0,0,0,0,0,0,0,0.6404249,0.9501405,1,0.8718309,0.7540716,0.6161823,0,0,0,0,0,0,0,0,0,0,0,0,0
0,0,0,0,0,0,0,0,0,0,0,0,0,0,0.7784272,0.8830888,1,0.9828675,0.7851344,0.6286523,0,0,0,0,0,0,0,0,0,0,0,0,0,0,0,0,0,0,0,0,0,0,0,0,0,0,0,0.6472256,0.9476334,1,0.8882478,0.7915577,0.6623715,0,0,0,0,0,0,0,0,0,0,0,0,0
0,0,0,0,0,0,0,0,0,0,0,0,0.5640376,0.6166794,0.7520837,0.8285052,1,0.9754654,0.7072086,0.5725254,0,0,0,0,0,0,0,0,0,0,0,0,0,0,0,0,0,0,0,0,0,0,0,0,0,0,0,0.5626441,0.9365079,1,0.9023394,0.5200995,0.6016915,0,0,0,0,0,0,0,0,0,0,0,0,0
0,0,0,0,0,0,0,0,0,0,0,0.5858369,0.7474581,0.8140832,0.8157424,0.8177567,1,0.9817826,0.7151718,0.5847357,0.5497078,0,0,0,0,0,0,0,0,0,0,0,0,0,0,0,0,0,0,0,0,0,0,0,0,0.5420412,0.6909944,0.7709958,0.9557326,1,0.8781961,0.688625,0.6537905,0,0,0,0,0,0,0,0,0,0,0,0,0
0,0,0,0,0,0,0,0,0,0.5809345,0.5763038,0.7433928,0.8537137,0.8500708,0.8071818,0.854072,1,0.9753622,0.7609146,0,0,0,0,0,0,0,0,0,0,0,0,0,0,0,0,0,0,0,0,0,0,0,0,0,0.6170061,0.6533432,0.7804205,0.8793994,0.9333531,1,0.8902833,0.6574812,0.6177717,0,0,0,0,0,0,0,0,0,0,0,0,0
0,0,0,0,0,0,0,0,0.6176419,0.624243,0.7921242,0.9048414,0.9199017,0.7780579,0.7956876,0.753047,0.9871178,1,0.7941061,0,0,0,0,0,0,0,0,0,0,0,0,0,0,0,0,0,0,0,0,0,0,0,0.6653474,0.6746256,0.7383128,0.7832991,0.8345011,0.8094689,0.9334973,1,0.8876523,0.5745988,0.5893264,0,0,0,0,0,0,0,0,0,0,0,0,0
0,0,0,0,0,0,0.6349596,0.6556166,0.6676064,0,0.83947,0.9518452,0.9037759,0.8764803,0.8302175,0.8088163,1,0.9967722,0.7669041,0,0,0,0,0,0,0,0,0,0,0,0,0,0,0,0,0,0,0,0,0,0,0,0,0.7667992,0.8604625,0.9045632,0.8523644,0.791509,0.9464633,1,0.897988,0.5797425,0,0,0,0,0,0,0,0,0,0,0,0,0,0
0,0,0,0,0,0,0.620634,0.6741036,0.6251633,0,0.7569807,0.9003906,0.8921871,0.7846553,0.8221988,0.846148,1,0.9871289,0.7590838,0,0,0,0,0,0,0,0,0,0,0,0,0,0,0,0,0,0,0,0,0.5776998,0.6097956,0.5830458,0.6666381,0.7179582,0.8413349,0.8292038,0.6617571,0.7666073,0.9473357,1,0.8957396,0,0,0,0,0,0,0,0,0,0,0,0,0,0,0
0,0,0,0,0,0,0.6870343,0,0,0.6761103,0.778255,0.7114837,0.674545,0.6765272,0.7099181,0.8724421,1,0.9846479,0.7806618,0,0,0,0,0,0,0,0,0,0,0,0,0,0,0,0,0,0,0,0,0,0,0,0.6976001,0.8013617,0.7878058,0.7830267,0.7315874,0.7191958,0.9445737,1,0.9015658,0,0,0,0,0,0,0,0,0,0,0,0,0,0,0
0,0,0,0,0,0,0,0,0,0,0.7152412,0,0.7956792,0.7769433,0.6876473,0.8591924,1,0.9836231,0.7719654,0,0,0,0,0,0,0,0,0,0,0,0,0,0,0,0,0,0,0,0,0,0,0.6874707,0.822916,0.8736511,0.8096057,0.7392646,0.6817885,0.706916,0.9495532,1,0.9019166,0,0,0,0,0,0,0,0,0,0,0,0,0,0,0
0,0,0,0,0,0,0,0,0,0,0.693751,0.7810091,0.8318716,0.8134897,0.7308851,0.8714794,1,0.9695924,0.6991727,0,0,0,0,0,0,0,0,0,0,0,0,0,0,0,0,0,0,0,0,0,0,0.6712407,0.7601973,0.8350221,0.8532662,0.7811941,0,0.7121322,0.9462358,1,0.8998358,0,0,0,0,0,0,0,0,0,0,0,0,0,0,0
0,0,0,0,0,0,0,0,0,0,0.5433552,0.6027364,0.6943439,0.7553949,0.737632,0.8076409,1,0.9787928,0.7170702,0.5805382,0.5610389,0,0,0,0,0,0,0,0,0,0,0,0,0,0,0,0,0,0,0,0,0.5380589,0.7436968,0.8234936,0.7724268,0.7718667,0.7107949,0.5919352,0.939351,1,0.8868207,0.5146154,0,0,0,0,0,0,0,0,0,0,0,0,0,0
0,0,0,0,0,0,0,0,0,0,0,0,0.6045664,0.7516087,0.7105225,0.8281639,1,0.983137,0.7458631,0.6003939,0,0,0,0,0,0,0,0,0,0,0,0,0,0,0,0,0,0,0,0,0,0,0.6769314,0.7393157,0.6866685,0.7919512,0.7541447,0.7056428,0.9445328,1,0.8942009,0,0,0,0,0,0,0,0,0,0,0,0,0,0,0
0,0,0,0,0,0,0,0,0,0,0,0,0.6401274,0.738808,0.7959811,0.8575035,1,0.9879707,0.7578305,0.6315082,0,0,0,0,0,0,0,0,0,0,0,0,0,0,0,0,0,0,0,0,0,0,0,0.67462,0.7096767,0.7576959,0.7786304,0.6827868,0.9447861,1,0.8985023,0,0,0,0,0,0,0,0,0,0,0,0,0,0,0
0,0,0,0,0,0,0,0,0,0,0,0,0,0.5767884,0.6322877,0.849631,1,0.9952094,0.8366396,0.5704354,0,0,0,0,0,0,0,0,0,0,0,0,0,0,0,0,0,0,0,0,0,0,0,0,0,0.7697602,0.7628597,0.6483597,0.943333,1,0.8855757,0,0,0,0,0,0,0,0,0,0,0,0,0,0,0
0,0,0,0,0,0,0,0,0,0,0,0,0,0,0,0.8511248,1,0.9732693,0.7981125,0.7926564,0,0,0,0,0,0,0,0,0,0,0,0,0,0,0,0,0,0,0,0,0,0,0,0,0.7047735,0.8070349,0.8043599,0.7514758,0.9546099,1,0.8957425,0,0,0,0,0,0,0,0,0,0,0,0,0,0,0
0,0,0,0,0,0,0,0,0,0,0,0,0,0,0,0.7988645,1,0.9919302,0.7409126,0.7416868,0,0,0,0,0,0,0,0,0,0,0,0,0,0,0,0,0,0,0,0,0,0,0,0,0,0.7245008,0.7251096,0.7561449,0.9544458,1,0.8951282,0.7251465,0,0,0,0,0,0,0,0,0,0,0,0,0,0
0,0,0,0,0,0,0,0,0,0,0,0,0,0.6536127,0.6677678,0.8100907,1,0.9997255,0.8230281,0.7444467,0.7025774,0.6048625,0,0,0,0,0,0,0,0,0,0,0,0,0,0,0,0,0,0,0,0,0,0,0,0.6285641,0.6834894,0.5971822,0.9488522,1,0.886681,0,0,0,0,0,0,0,0,0,0,0,0,0,0,0
0,0,0,0,0,0,0,0,0,0,0,0,0,0.5865261,0.6638598,0.8129972,1,0.9901818,0.7997151,0.7154295,0.6337109,0.6166393,0.6177242,0,0,0,0,0,0,0,0,0,0,0,0,0,0,0,0,0,0,0,0,0,0,0,0.6518065,0.7249436,0.937281,1,0.8849189,0,0,0,0,0,0,0,0,0,0,0,0,0,0,0
0,0,0,0,0,0,0,0,0,0,0,0,0,0,0,0.8155116,1,0.9852253,0.7956016,0.7596648,0.6739125,0,0,0,0,0,0,0,0,0,0,0,0,0,0,0,0,0,0,0,0,0,0,0,0,0.6313064,0.658522,0.6062578,0.9414642,1,0.9057676,0.6512337,0,0,0,0,0,0,0,0,0,0,0,0,0,0
0,0,0,0,0,0,0,0,0,0,0,0,0,0,0,0.8173516,1,0.9779329,0.8284633,0.8888844,0.7680693,0,0,0,0,0,0,0,0,0,0,0,0,0,0,0,0,0,0,0,0,0,0,0,0,0,0,0.7293987,0.9550149,1,0.8946131,0,0,0,0,0,0,0,0,0,0,0,0,0,0,0
0,0,0,0,0,0,0,0,0,0,0,0,0,0,0,0.852257,1,0.9839004,0.8085181,0.8712891,0.7822724,0,0,0,0,0,0,0,0,0,0,0,0,0,0,0,0,0,0,0,0,0,0,0,0,0,0,0,0.9460106,1,0.9018891,0.8027555,0.7506894,0,0,0,0,0,0,0,0,0,0,0,0,0
0,0,0,0,0,0,0,0,0,0,0,0,0,0,0,0.8555058,0.9998173,1,0.8743084,0.8557965,0.8673326,0,0,0,0,0,0,0,0,0,0,0,0,0,0,0,0,0,0,0,0,0,0,0,0,0,0,0,0.9548907,1,0.9028673,0.8831704,0.8363386,0,0,0,0,0,0,0,0,0,0,0,0,0
0,0,0,0,0,0,0,0,0,0,0,0,0,0,0,0.8563386,1,0.9924176,0.8510591,0.8061928,0.862843,0.8046268,0,0,0,0,0,0,0,0,0,0,0,0,0,0,0,0,0,0,0,0,0,0,0,0,0,0,0.9556623,1,0.8944704,0.8750582,0.848626,0,0,0,0,0,0,0,0,0,0,0,0,0
0,0,0,0,0,0,0,0,0,0,0,0,0,0,0,0.8463872,1,0.9880691,0.8254841,0.8139147,0.8272994,0.8090259,0.7762238,0.7824599,0.6595305,0,0,0,0,0,0,0,0,0,0,0,0,0,0,0,0,0,0,0,0,0,0,0,0.9430181,1,0.906148,0.7388715,0.7958112,0.8354064,0.8011616,0.7104007,0,0,0,0,0,0,0,0,0,0
0,0,0,0,0,0,0,0,0,0,0,0,0,0,0,0.8189662,1,0.9775108,0.7048802,0.7674095,0.7915739,0.7513919,0.8604088,0.9339717,0.9207473,0.8220472,0.6629905,0,0,0,0,0,0,0,0,0,0,0,0,0,0,0,0,0,0,0,0,0.6233237,0.9463461,1,0.8854367,0.6680325,0.6835214,0.797368,0.8071529,0.6455952,0.7479576,0.7126615,0.5996643,0,0,0,0,0,0,0
0,0,0,0,0,0,0,0,0,0,0,0,0,0,0,0.8486826,1,0.9824454,0.7824687,0,0.8306059,0.844743,0.8578703,0.9239486,0.6667197,0.8935781,0.7875586,0.6455204,0,0,0,0,0,0,0,0,0,0,0,0,0,0,0,0,0,0,0,0,0.9422448,1,0.8937809,0.7221567,0.6972068,0.7621581,0.7497169,0.6423233,0.6708768,0.7410652,0.7329473,0.6333616,0,0,0,0,0,0
0,0,0,0,0,0,0,0,0,0,0,0,0,0,0.6268829,0.8050516,1,0.9789481,0.7388008,0.6259828,0.705667,0.8615953,0.8509979,0.8795531,0.8036783,0.8844284,0.8045691,0.7302999,0.7193824,0.6983429,0,0,0,0,0,0,0,0,0,0,0,0,0,0,0,0,0,0,0.9381374,1,0.8839443,0.6889162,0.6351149,0.7561268,0.7503647,0.7318061,0.7227764,0.6444373,0.6889796,0.6196341,0.6578922,0.5821585,0,0,0,0
