GestureName: p
Duration(ms): 1222
Handedness: right

SpeakerAngles: 2
55
-55

InterpretedPoints: 26
0,0
0,0
0,0
-0.806707284111599,0.564862521463624
0.806707284111599,2.82431260731812
0,1.12972504292725
-0.806707284111599,-0.564862521463624
-0.806707284111599,-0.564862521463624
0.806707284111599,-2.82431260731812
0,-2.25945008585449
0.806707284111599,-2.82431260731812
2.4201218523348,-5.08376269317261
1.6134145682232,-3.38917512878174
0.806707284111599,-2.82431260731812
0.806707284111599,-1.69458756439087
0.806707284111599,-0.564862521463624
0,0
0,0
1.6134145682232,1.12972504292725
0,2.25945008585449
0.806707284111599,3.95403765024536
0,5.64862521463624
0.806707284111599,7.34321277902711
-0.806707284111599,6.21348773609986
-0.806707284111599,1.69458756439087
0,0

StrokePoints: 27
177.666666666667,130.277777777778
177.666666666667,130.277777777778
177.666666666667,130.277777777778
177.666666666667,130.277777777778
178.473373950778,129.712915256314
177.666666666667,126.888602648996
177.666666666667,125.758877606069
178.473373950778,126.323740127532
179.28008123489,126.888602648996
178.473373950778,129.712915256314
178.473373950778,131.972365342169
177.666666666667,134.796677949487
175.246544814332,139.880440642659
173.633130246109,143.269615771441
172.826422961997,146.093928378759
172.019715677885,147.78851594315
171.213008393774,148.353378464614
171.213008393774,148.353378464614
171.213008393774,148.353378464614
169.599593825551,147.223653421687
169.599593825551,144.964203335832
168.792886541439,141.010165685587
168.792886541439,135.36154047095
167.986179257327,128.018327691923
168.792886541439,121.804839955823
169.599593825551,120.110252391433
169.599593825551,120.110252391433

Velocities: 26
0,0
0,0
0,0
0,1
3,2
1,1
-1,0
-1,0
-2,-3
-2,-2
-2,-3
-3,-6
-2,-4
-2,-3
-1,-2
0,-1
0,0
0,0
2,0
2,2
4,3
5,5
7,6
5,6
1,2
0,0

InverseVelocities: 26
0,0
0,0
0,0
0,0
0,0
0,0
0,0
0,0
0,0
1,1
1,0
1,0
1,0
0,0
0,0
0,0
0,0
0,0
0,0
0,0
0,0
0,-2
-2,-1
-5,-3
-2,-2
0,0

RawData: 26
0,0,0,0,0,0,0,0,0,0,0,0,0,0,0,0.8873394,1,0.9769809,0,0,0,0,0,0,0,0,0,0,0,0,0,0,0,0,0,0,0,0,0,0,0,0,0,0,0,0,0,0,0.9669244,1,0.9175434,0,0,0,0,0,0,0,0,0,0,0,0,0,0,0
0,0,0,0,0,0,0,0,0,0,0,0,0,0,0,0.784918,0.9774414,1,0.8840657,0.6135282,0,0,0,0,0,0,0,0,0,0,0,0,0,0,0,0,0,0,0,0,0,0,0,0,0,0,0,0,0.9300318,1,0.932363,0.7218745,0,0,0,0,0,0,0,0,0,0,0,0,0,0
0,0,0,0,0,0,0,0,0,0,0,0,0,0,0,0.8018119,1,0.9408779,0.9022418,0.7444701,0,0,0,0,0,0,0,0,0,0,0,0,0,0,0,0,0,0,0,0,0,0,0,0,0,0,0,0.5896122,0.9497287,1,0.8467393,0.7973291,0.6621148,0,0,0,0,0,0,0,0,0,0,0,0,0
0,0,0,0,0,0,0,0,0,0,0,0,0,0,0,0.8894664,1,0.9886257,0.8547661,0.8033592,0,0,0,0,0,0,0,0,0,0,0,0,0,0,0,0,0,0,0,0,0,0,0,0,0,0,0,0,0.9503789,1,0.9032041,0.8245386,0.8334746,0.7650596,0,0,0,0,0,0,0,0,0,0,0,0
0,0,0,0,0,0,0,0,0,0,0,0,0,0,0,0,0.9947693,1,0.8479527,0.6679302,0.65785,0.6305486,0.6106001,0,0,0,0,0,0,0,0,0,0,0,0,0,0,0,0,0,0,0,0,0,0,0,0,0.6632296,0.9428045,1,0.9226505,0.8698544,0.8672957,0.7795911,0.5969508,0,0,0,0,0,0,0,0,0,0,0
0,0,0,0,0,0,0,0,0,0,0,0,0,0.632194,0.6173204,0.898863,1,0.9604259,0.7571487,0.6901017,0.6313294,0,0,0,0,0,0,0,0,0,0,0,0,0,0,0,0,0,0,0,0,0,0,0,0,0,0,0.6214862,0.9467163,1,0.9052113,0.8210101,0,0.6838445,0,0,0,0,0,0,0,0,0,0,0,0
0,0,0,0,0,0,0,0,0,0,0,0,0.6208318,0.6962965,0.7822081,0.8597417,1,0.9950565,0.7934499,0,0,0,0,0,0,0,0,0,0,0,0,0,0,0,0,0,0,0,0,0,0,0,0,0,0,0,0,0.6873338,0.9443794,1,0.9224129,0.7851248,0.6432337,0,0,0,0,0,0,0,0,0,0,0,0,0
0,0,0,0,0,0,0,0,0,0,0,0,0.6539844,0.6201692,0.8326496,0.8558273,1,0.9852157,0.7448456,0,0,0,0,0,0,0,0,0,0,0,0,0,0,0,0,0,0,0,0,0,0,0,0,0,0,0,0.6543401,0.6843238,0.9359978,1,0.8792461,0.7472003,0,0,0,0,0,0,0,0,0,0,0,0,0,0
0,0,0,0,0,0,0,0,0,0,0,0.6047345,0.6031463,0.6277517,0.8176678,0.9252917,1,0.9849561,0.7825973,0,0,0,0,0,0,0,0,0,0,0,0,0,0,0,0,0,0,0,0,0,0,0,0,0.5671177,0.591966,0.7062927,0.7184232,0.6846661,0.942903,1,0.8990537,0.5895818,0.6755768,0,0,0,0,0,0,0,0,0,0,0,0,0
0,0,0,0,0,0,0,0,0,0,0,0.5844205,0.6500905,0.5803275,0.8254452,0.9212446,1,0.9805562,0.7573948,0.6663684,0.5670676,0,0,0,0,0,0,0,0,0,0,0,0,0,0,0,0,0,0,0,0,0,0,0,0.5950084,0.6396285,0.7158492,0.7068017,0.9443626,1,0.8774298,0.727569,0.6641762,0.5834946,0,0,0,0,0,0,0,0,0,0,0,0
0,0,0,0,0,0,0,0,0,0,0,0.7453218,0.7367702,0.7501808,0.7890758,0.7686215,1,0.9903102,0.768315,0.7017573,0.6538061,0,0,0,0,0,0,0,0,0,0,0,0,0,0,0,0,0,0,0,0,0,0,0.6614499,0.696484,0.8054917,0.8141079,0.746044,0.9464288,1,0.9018548,0.6281032,0.680396,0,0,0,0,0,0,0,0,0,0,0,0,0
0,0,0,0,0,0,0,0,0,0,0.627672,0.624826,0.6467227,0.7665647,0.5698296,0.8928596,1,0.9754757,0.8134312,0.6855427,0.6058738,0,0,0,0,0,0,0,0,0,0,0,0,0,0,0,0,0,0,0,0.5607502,0.5875936,0.5888354,0.653207,0,0.7451199,0.7967141,0.752738,0.9444971,1,0.9025841,0.7048878,0,0,0,0,0,0,0,0,0,0,0,0,0,0
0,0,0,0,0,0,0,0,0,0,0,0.6916433,0.6626168,0.7594379,0.7908931,0.7562077,1,0.9964132,0.7806116,0.7228159,0.62668,0,0,0,0,0,0,0,0,0,0,0,0,0,0,0,0,0,0,0,0,0,0.5820975,0.6868308,0.7222306,0.6658365,0.6605582,0.7240144,0.9220175,1,0.8967407,0.6248063,0,0,0,0,0,0,0,0,0,0,0,0,0,0
0,0,0,0,0,0,0,0,0,0,0,0.6210037,0.7775965,0.7664836,0.8437197,0.864437,1,0.9785525,0.7564294,0.6593065,0,0,0,0,0,0,0,0,0,0,0,0,0,0,0,0,0,0,0,0,0,0,0,0.6734169,0.7278531,0.8016449,0.8341295,0.8110431,0.9408822,1,0.885913,0.6190131,0,0,0,0,0,0,0,0,0,0,0,0,0,0
0,0,0,0,0,0,0,0,0,0,0,0,0.7176809,0.8158057,0.7265682,0.8746749,1,0.9859613,0.7734266,0,0,0,0,0,0,0,0,0,0,0,0,0,0,0,0,0,0,0,0,0,0,0,0,0,0.7350386,0.7766143,0.7758117,0.8629134,0.9526488,1,0.8839558,0.6702753,0,0,0,0,0,0,0,0,0,0,0,0,0,0
0,0,0,0,0,0,0,0,0,0,0,0,0,0.6123071,0.7329644,0.8862801,1,0.9843839,0.7825071,0.6074036,0,0,0,0,0,0,0,0,0,0,0,0,0,0,0,0,0,0,0,0,0,0,0,0,0,0.6696044,0.7229726,0.7800573,0.9549992,1,0.8925942,0,0,0,0,0,0,0,0,0,0,0,0,0,0,0
0,0,0,0,0,0,0,0,0,0,0,0,0,0,0.6474682,0.8180115,1,0.9890863,0.7883432,0,0,0,0,0,0,0,0,0,0,0,0,0,0,0,0,0,0,0,0,0,0,0,0,0,0,0,0,0,0.9292989,1,0.9103345,0,0,0,0,0,0,0,0,0,0,0,0,0,0,0
0,0,0,0,0,0,0,0,0,0,0,0,0,0,0,0.8577719,1,0.9928657,0.8509963,0,0,0,0,0,0,0,0,0,0,0,0,0,0,0,0,0,0,0,0,0,0,0,0,0,0,0,0,0,0.942766,1,0.8949395,0,0,0,0,0,0,0,0,0,0,0,0,0,0,0
0,0,0,0,0,0,0,0,0,0,0,0,0,0,0.617412,0.8178439,1,0.9739681,0.8776613,0.7661837,0.6822405,0.6542698,0,0,0,0,0,0,0,0,0,0,0,0,0,0,0,0,0,0,0,0,0,0,0,0,0,0.5817364,0.9441574,1,0.871941,0.672861,0.627245,0,0,0,0,0,0,0,0,0,0,0,0,0
0,0,0,0,0,0,0,0,0,0,0,0,0,0,0,0.8227825,1,0.974899,0.8266702,0.8909418,0.8275572,0.7039496,0,0,0,0,0,0,0,0,0,0,0,0,0,0,0,0,0,0,0,0,0,0,0,0,0,0.6390892,0.9380195,1,0.9106918,0.7322311,0.6758012,0.7050221,0.6196637,0,0,0,0,0,0,0,0,0,0,0
0,0,0,0,0,0,0,0,0,0,0,0,0,0,0,0.8269494,1,0.9880728,0.7582026,0.7877221,0.8221838,0.7826405,0.7087908,0.6790165,0,0,0,0,0,0,0,0,0,0,0,0,0,0,0,0,0,0,0,0,0,0,0,0.7317498,0.9544368,1,0.8956396,0.7318116,0.759959,0,0.7221273,0.6892096,0,0,0,0,0,0,0,0,0,0
0,0,0,0,0,0,0,0,0,0,0,0,0,0.695627,0.7815496,0.7535692,1,0.989226,0.8207381,0.8720042,0.8213345,0.7230991,0.7409178,0.7313262,0.6863158,0,0,0,0,0,0,0,0,0,0,0,0,0,0,0,0,0,0,0,0.6597945,0.6510839,0.6057184,0.6013182,0.9355906,1,0.8851321,0.7814917,0.7872317,0.7247413,0.7218971,0.727348,0.7085487,0.6415685,0,0,0,0,0,0,0,0
0,0,0,0,0,0,0,0,0,0,0,0.7067487,0.773955,0.8172646,0.8296396,0.8736842,1,0.9800997,0.7857076,0.8663102,0.8556843,0.8365015,0.8508972,0.802684,0.775725,0.7518685,0.7024183,0,0,0,0,0,0,0,0,0,0,0,0,0,0,0,0,0,0,0.6928568,0,0.6908647,0.9532747,1,0.8821858,0.7909192,0.7591203,0.8057061,0.8014998,0.7690088,0,0.7116575,0.734161,0,0,0,0,0,0,0
0,0,0,0,0,0,0,0,0.6848846,0.6648727,0,0.7185608,0.7413354,0.7043473,0.7801654,0.8730547,1,0.9861305,0.739776,0.7358031,0.7597795,0.6906081,0.7713774,0.7515998,0.7011048,0,0,0,0,0,0,0,0,0,0,0,0,0,0,0,0,0,0,0.6532321,0.6286469,0,0.602661,0.749712,0.9275979,1,0.8895859,0.7374214,0.7636285,0,0.6725654,0,0.6823903,0.703697,0.6059456,0,0,0,0,0,0,0
0,0,0,0,0,0,0,0,0,0,0,0.6883433,0.758204,0.7758333,0.836044,0.8872954,1,0.9908637,0.7130533,0.6974772,0.6596858,0,0,0,0,0,0,0,0,0,0,0,0,0,0,0,0,0,0,0,0,0,0,0,0.6901218,0.7161607,0.7214409,0.7775499,0.9542788,1,0.8767668,0.6150271,0.6720595,0.6428447,0.6115299,0,0,0,0,0,0,0,0,0,0,0
0,0,0,0,0,0,0,0,0,0,0,0,0,0,0.6426988,0.802991,1,0.9823377,0.7744114,0,0,0,0,0,0,0,0,0,0,0,0,0,0,0,0,0,0,0,0,0,0,0,0,0,0,0,0,0.6602126,0.9406697,1,0.8922259,0,0,0,0,0,0,0,0,0,0,0,0,0,0,0
