GestureName: s
Duration(ms): 1081
Handedness: right

SpeakerAngles: 2
55
-55

InterpretedPoints: 23
0,0
0,0
0,0
0,0
0,0
0,0
0,0
1.6134145682232,0
1.6134145682232,-1.12972504292725
0.806707284111599,0.564862521463624
0,0
0.806707284111599,1.69458756439087
-0.806707284111599,1.69458756439087
-1.6134145682232,1.12972504292725
-3.2268291364464,0
-4.84024370466959,0
-1.6134145682232,0
0.806707284111599,2.82431260731812
0,2.25945008585449
4.03353642055799,3.95403765024536
2.4201218523348,2.82431260731812
1.6134145682232,1.12972504292725
0,0

StrokePoints: 24
177.666666666667,130.277777777778
177.666666666667,130.277777777778
177.666666666667,130.277777777778
177.666666666667,130.277777777778
177.666666666667,130.277777777778
177.666666666667,130.277777777778
177.666666666667,130.277777777778
177.666666666667,130.277777777778
176.053252098443,130.277777777778
174.43983753022,131.407502820705
173.633130246109,130.842640299241
173.633130246109,130.842640299241
172.826422961997,129.148052734851
173.633130246109,127.45346517046
175.246544814332,126.323740127532
178.473373950778,126.323740127532
183.313617655448,126.323740127532
184.927032223671,126.323740127532
184.120324939559,123.499427520214
184.120324939559,121.23997743436
180.086788519001,117.285939784114
177.666666666667,114.461627176796
176.053252098443,113.331902133869
176.053252098443,113.331902133869

Velocities: 23
0,0
0,0
0,0
0,0
0,0
0,0
0,0
1,-1
0,-2
1,0
0,0
2,1
1,2
0,2
-2,2
-3,3
-1,1
3,2
2,2
6,1
4,1
2,0
0,0

InverseVelocities: 23
0,0
0,0
0,0
0,0
0,0
0,0
0,0
0,0
0,0
0,0
0,0
0,0
0,0
0,0
0,-1
0,-3
0,-1
0,-1
0,0
0,-1
0,0
0,0
0,0

RawData: 23
0,0,0,0,0,0,0,0,0,0,0,0,0,0,0.6511202,0.8346316,1,0.9862391,0.7013158,0.6498659,0,0,0,0,0,0,0,0,0,0,0,0,0,0,0,0,0,0,0,0,0,0,0,0,0,0,0,0.7128398,0.9367353,1,0.8545892,0.6106684,0,0,0,0,0,0,0,0,0,0,0,0,0,0
0,0,0,0,0,0,0,0,0,0,0,0,0,0,0.7017557,0.8409598,1,0.9904898,0.766226,0.6582864,0,0,0,0,0,0,0,0,0,0,0,0,0,0,0,0,0,0,0,0,0,0,0,0,0,0,0,0.7180488,0.9323296,1,0.9078216,0,0,0,0,0,0,0,0,0,0,0,0,0,0,0
0,0,0,0,0,0,0,0,0,0,0,0,0,0,0,0.8266096,1,0.9915401,0.7904111,0,0,0,0,0,0,0,0,0,0,0,0,0,0,0,0,0,0,0,0,0,0,0,0,0,0,0,0,0.687021,0.9565907,1,0.8744709,0,0,0,0,0,0,0,0,0,0,0,0,0,0,0
0,0,0,0,0,0,0,0,0,0,0,0,0,0,0,0.8268887,1,0.9952039,0.8046318,0,0,0,0,0,0,0,0,0,0,0,0,0,0,0,0,0,0,0,0,0,0,0,0,0,0,0,0,0.7108893,0.9477524,1,0.884766,0,0,0,0,0,0,0,0,0,0,0,0,0,0,0
0,0,0,0,0,0,0,0,0,0,0,0,0,0,0,0.8517945,1,0.9893036,0.8410988,0,0,0,0,0,0,0,0,0,0,0,0,0,0,0,0,0,0,0,0,0,0,0,0,0,0,0,0,0,0.9428915,1,0.9124798,0,0,0,0,0,0,0,0,0,0,0,0,0,0,0
0,0,0,0,0,0,0,0,0,0,0,0,0,0.632549,0.6824043,0.8145824,1,0.9848358,0.8367102,0.6871419,0,0,0,0,0,0,0,0,0,0,0,0,0,0,0,0,0,0,0,0,0,0,0,0,0,0,0.6480843,0.7441739,0.9228878,1,0.8940001,0.6177603,0,0,0,0,0,0,0,0,0,0,0,0,0,0
0,0,0,0,0,0,0,0,0,0,0,0,0,0,0,0.869352,1,0.9957763,0.8439369,0,0,0,0,0,0,0,0,0,0,0,0,0,0,0,0,0,0,0,0,0,0,0,0,0,0,0,0,0.8660916,0.974147,1,0.9165223,0,0,0,0,0,0,0,0,0,0,0,0,0,0,0
0,0,0,0,0,0,0,0,0,0,0,0,0,0.6180736,0.6817639,0.8678226,1,0.9745362,0.7187244,0.6285385,0.6130921,0,0,0,0,0,0,0,0,0,0,0,0,0,0,0,0,0,0,0,0,0,0,0,0,0.5982786,0.7111031,0.776658,0.919377,1,0.9038042,0.5940008,0,0,0,0,0,0,0,0,0,0,0,0,0,0
0,0,0,0,0,0,0,0,0,0,0,0,0,0,0.6428462,0.8212727,1,0.9796243,0.7794411,0.6630185,0,0,0,0,0,0,0,0,0,0,0,0,0,0,0,0,0,0,0,0,0,0,0,0,0.5867473,0.5964379,0.702009,0.7490538,0.9585513,1,0.8823622,0.5539026,0,0,0,0,0,0,0,0,0,0,0,0,0,0
0,0,0,0,0,0,0,0,0,0,0,0,0,0,0,0.8538237,1,0.977256,0.7484934,0.7525683,0.657186,0,0,0,0,0,0,0,0,0,0,0,0,0,0,0,0,0,0,0,0,0,0,0,0,0,0.7093902,0.7666453,0.9469984,1,0.8848199,0,0,0,0,0,0,0,0,0,0,0,0,0,0,0
0,0,0,0,0,0,0,0,0,0,0,0,0,0,0,0.8808283,1,0.9967383,0.8456594,0.8422809,0,0,0,0,0,0,0,0,0,0,0,0,0,0,0,0,0,0,0,0,0,0,0,0,0,0,0,0,0.960189,1,0.9181677,0,0,0,0,0,0,0,0,0,0,0,0,0,0,0
0,0,0,0,0,0,0,0,0,0,0,0,0,0,0.6404539,0.8071902,1,0.9716155,0.828819,0.7694103,0.7970293,0.7431894,0,0,0,0,0,0,0,0,0,0,0,0,0,0,0,0,0,0,0,0,0,0,0,0,0,0.6049156,0.9279448,1,0.9321461,0.7864437,0.6941757,0.699773,0,0,0,0,0,0,0,0,0,0,0,0
0,0,0,0,0,0,0,0,0,0,0,0,0,0.6313285,0.7054912,0.8666174,1,0.9940455,0.8741099,0.7079577,0.7111135,0,0,0,0,0,0,0,0,0,0,0,0,0,0,0,0,0,0,0,0,0,0,0,0,0,0,0.7473778,0.9537136,1,0.9203374,0.8336293,0.7661492,0.757978,0.7334766,0,0,0,0,0,0,0,0,0,0,0
0,0,0,0,0,0,0,0,0,0,0,0,0,0,0,0.8637905,1,0.9698693,0.8024195,0.7810987,0,0,0,0,0,0,0,0,0,0,0,0,0,0,0,0,0,0,0,0,0,0,0,0,0,0,0,0,0.9510288,1,0.8485763,0.8501544,0.7682583,0.7914662,0.799925,0,0,0,0,0,0,0,0,0,0,0
0,0,0,0,0,0,0,0,0,0,0,0.7375103,0.7731782,0.8076503,0.7357179,0.8244095,1,0.9969539,0.8111429,0.6745284,0,0,0,0,0,0,0,0,0,0,0,0,0,0,0,0,0,0,0,0,0,0,0,0,0,0.6517864,0.6553,0.6528296,0.9458414,1,0.9140159,0.8396253,0.7979798,0.757891,0.663655,0,0,0,0,0,0,0,0,0,0,0
0,0,0,0,0,0,0,0,0,0,0.6286137,0.6965348,0.6654437,0.7607048,0.7912711,0.8416021,1,0.9879637,0.7663532,0.6096604,0,0,0,0,0,0,0,0,0,0,0,0,0,0,0,0,0,0,0,0,0,0,0,0.6105275,0.6132039,0.6508518,0.6036268,0.6623808,0.9412572,1,0.894408,0.7670266,0.7613607,0.6349671,0.6656836,0.5709214,0,0,0,0,0,0,0,0,0,0
0,0,0,0,0,0,0,0,0,0,0,0,0.6978776,0.7014154,0.7269738,0.8290378,1,0.9899737,0.8348127,0.7192757,0,0,0,0,0,0,0,0,0,0,0,0,0,0,0,0,0,0,0,0,0,0,0,0,0,0.7563257,0.7298828,0.7737626,0.9588276,1,0.8606844,0.7903811,0.7399734,0.7531393,0,0,0,0,0,0,0,0,0,0,0,0
0,0,0,0,0,0,0,0,0,0,0,0,0,0,0.6430832,0.8040555,1,0.9786392,0.7761726,0.8261931,0.7656055,0.6995282,0.6202942,0,0,0,0,0,0,0,0,0,0,0,0,0,0,0,0,0,0,0,0,0,0,0.7095061,0.7797579,0.7689279,0.9220953,1,0.9348986,0.8315538,0.8481001,0.8118867,0.7453702,0,0,0,0,0,0,0,0,0,0,0
0,0,0,0,0,0,0,0,0,0,0,0,0,0,0,0.8596976,1,0.9960293,0.8611549,0.8144115,0.844267,0.7987677,0,0,0,0,0,0,0,0,0,0,0,0,0,0,0,0,0,0,0,0,0,0,0,0,0,0.8300572,0.9680535,1,0.8664968,0,0.8311341,0.8377667,0.8006363,0,0,0,0,0,0,0,0,0,0,0
0,0,0,0,0,0,0,0,0,0,0,0,0,0.5470644,0.6088216,0.824713,1,0.9842402,0.8010187,0.6987051,0.6815876,0.5920179,0.70398,0.5481671,0.5788883,0.6001292,0,0,0,0,0,0,0,0,0,0,0,0,0,0,0,0,0,0,0,0.6251634,0.6396818,0.5845562,0.9355384,1,0.8963821,0.7091842,0.7076211,0.7457447,0,0,0,0,0,0,0,0,0,0,0,0
0,0,0,0,0,0,0,0,0,0,0,0,0,0,0,0.842334,1,0.9833382,0.8223687,0.7823259,0.7160148,0.7578948,0.7485554,0.6809829,0,0,0,0,0,0,0,0,0,0,0,0,0,0,0,0,0,0,0,0,0,0,0.6944921,0.7634982,0.9363952,1,0.8385447,0.7672653,0.7537502,0.7124488,0,0,0,0,0,0,0,0,0,0,0,0
0,0,0,0,0,0,0,0,0,0,0,0,0,0,0,0.8313254,1,0.9870673,0.811439,0.7635127,0.7380149,0.6267588,0,0,0,0,0,0,0,0,0,0,0,0,0,0,0,0,0,0,0,0,0,0,0,0,0.7593545,0.8550255,0.9236928,1,0.9044669,0,0.6279001,0,0,0,0,0,0,0,0,0,0,0,0,0
0,0,0,0,0,0,0,0,0,0,0,0,0,0,0,0.8293985,1,0.9827935,0.7209536,0,0,0,0,0,0,0,0,0,0,0,0,0,0,0,0,0,0,0,0,0,0,0,0,0,0,0,0,0.7691558,0.9585707,1,0.8799472,0,0,0,0,0,0,0,0,0,0,0,0,0,0,0
