GestureName: z
Duration(ms): 1222
Handedness: right

SpeakerAngles: 2
55
-55

InterpretedPoints: 26
0,0
0,0
0,0
0,0
0,0
-2.4201218523348,-0.564862521463624
-4.03353642055799,0.564862521463623
-3.2268291364464,0
-2.4201218523348,-0.564862521463624
-0.806707284111599,-1.69458756439087
0,0
0.806707284111599,0.564862521463624
1.6134145682232,4.51890017170899
2.4201218523348,5.08376269317261
1.6134145682232,5.64862521463624
5.64695098878119,5.08376269317261
4.84024370466959,5.64862521463624
4.84024370466959,-1.12972504292725
0,0
-1.6134145682232,1.12972504292725
-4.03353642055799,3.95403765024536
-0.806707284111599,6.21348773609986
-4.03353642055799,6.21348773609986
-0.806707284111599,2.82431260731812
-2.4201218523348,-0.564862521463624
0,0

StrokePoints: 27
177.666666666667,130.277777777778
177.666666666667,130.277777777778
177.666666666667,130.277777777778
177.666666666667,130.277777777778
177.666666666667,130.277777777778
177.666666666667,130.277777777778
180.086788519001,130.842640299241
184.120324939559,130.277777777778
187.347154076006,130.277777777778
189.767275928341,130.842640299241
190.573983212452,132.537227863632
190.573983212452,132.537227863632
189.767275928341,131.972365342169
188.153861360117,127.45346517046
185.733739507783,122.369702477287
184.120324939559,116.721077262651
178.473373950778,111.637314569478
173.633130246109,105.988689354842
168.792886541439,107.118414397769
168.792886541439,107.118414397769
170.406301109662,105.988689354842
174.43983753022,102.034651704597
175.246544814332,95.8211639684967
179.28008123489,89.6076762323969
180.086788519001,86.7833636250787
182.506910371336,87.3482261465424
182.506910371336,87.3482261465424

Velocities: 26
0,0
0,0
0,0
0,0
0,0
-2,1
-2,3
-2,2
-2,1
-2,-1
0,0
1,0
5,3
6,3
6,4
8,1
8,2
2,-4
0,0
0,2
1,6
5,6
3,8
2,3
-2,1
0,0

InverseVelocities: 26
0,0
0,0
0,0
0,0
0,0
1,0
1,-1
0,0
0,0
0,0
0,0
0,0
0,0
0,0
0,0
0,-1
-3,-6
-2,0
0,0
0,0
0,0
-2,0
-9,-6
-8,-5
0,-2
0,0

RawData: 26
0,0,0,0,0,0,0,0,0,0,0,0,0,0,0,0,0.9964627,1,0,0,0,0,0,0,0,0,0,0,0,0,0,0,0,0,0,0,0,0,0,0,0,0,0,0,0,0,0,0,0.9255385,1,0.9014419,0,0,0,0,0,0,0,0,0,0,0,0,0,0,0
0,0,0,0,0,0,0,0,0,0,0,0,0,0,0,0.8459113,1,0.9846864,0.7608566,0,0,0,0,0,0,0,0,0,0,0,0,0,0,0,0,0,0,0,0,0,0,0,0,0,0,0,0,0.6683006,0.9501045,1,0.8874149,0,0,0,0,0,0,0,0,0,0,0,0,0,0,0
0,0,0,0,0,0,0,0,0,0,0,0,0,0,0,0.8904173,1,0.9770445,0.7859313,0,0,0,0,0,0,0,0,0,0,0,0,0,0,0,0,0,0,0,0,0,0,0,0,0,0,0,0,0.725323,0.9590383,1,0.906869,0,0,0,0,0,0,0,0,0,0,0,0,0,0,0
0,0,0,0,0,0,0,0,0,0,0,0,0,0,0,0.8417383,1,0.9783981,0.7370502,0,0,0,0,0,0,0,0,0,0,0,0,0,0,0,0,0,0,0,0,0,0,0,0,0,0,0,0,0.6073658,0.9454096,1,0.8826105,0,0,0,0,0,0,0,0,0,0,0,0,0,0,0
0,0,0,0,0,0,0,0,0,0,0,0,0,0,0,0.8151684,1,0.9970191,0.8182328,0,0,0,0,0,0,0,0,0,0,0,0,0,0,0,0,0,0,0,0,0,0,0,0,0,0,0,0,0.5999904,0.942397,1,0.9023568,0.6280612,0,0,0,0,0,0,0,0,0,0,0,0,0,0
0,0,0,0,0,0,0,0,0,0,0,0.5522834,0.5385101,0.5835317,0.6022044,0.8281916,1,0.9685649,0.6935202,0.6417947,0.6062385,0,0,0,0,0,0,0,0,0,0,0,0,0,0,0,0,0,0,0,0,0,0,0,0,0,0.5047776,0.5909854,0.9294611,1,0.8984768,0.7412753,0.6738367,0.5447457,0,0,0,0,0,0,0,0,0,0,0,0
0,0,0,0,0,0,0,0,0,0,0,0.5846698,0,0,0,0.8274992,1,0.9886787,0.8154052,0.6995558,0.5756358,0,0,0,0,0,0,0,0,0,0,0,0,0,0,0,0,0,0,0,0,0,0,0,0,0.5453745,0.5525452,0.6560189,0.9517384,1,0.8901626,0.6995549,0.6346387,0.6838895,0.6594207,0.5591416,0,0,0,0,0,0,0,0,0,0
0,0,0,0,0,0,0,0,0,0,0,0.6721937,0.7077835,0.8123996,0.8064131,0.9011254,1,0.9737301,0.7557785,0.6447574,0,0,0,0,0,0,0,0,0,0,0,0,0,0,0,0,0,0,0,0,0,0,0,0,0,0,0.6212307,0.6543261,0.9477043,1,0.9068455,0.7543958,0.7384307,0.7369388,0.6556326,0,0,0,0,0,0,0,0,0,0,0
0,0,0,0,0,0,0,0,0,0,0,0.6943672,0.7259837,0.8364995,0.9196271,0.9412066,1,0.9891176,0.798825,0.7150335,0,0,0,0,0,0,0,0,0,0,0,0,0,0,0,0,0,0,0,0,0,0,0,0,0,0,0,0.7447077,0.9572416,1,0.8937192,0,0.6617929,0.679522,0,0,0,0,0,0,0,0,0,0,0,0
0,0,0,0,0,0,0,0,0,0,0,0.6553826,0.6385209,0.742312,0.745414,0.8190818,1,0.990431,0.7450105,0,0,0,0,0,0,0,0,0,0,0,0,0,0,0,0,0,0,0,0,0,0,0,0,0,0,0.5791838,0.6364369,0.7460023,0.9189467,1,0.8941947,0.6571102,0.6149218,0,0,0,0,0,0,0,0,0,0,0,0,0
0,0,0,0,0,0,0,0,0,0,0,0,0,0.6938493,0.7728692,0.8894556,1,0.9732209,0.7635726,0,0,0,0,0,0,0,0,0,0,0,0,0,0,0,0,0,0,0,0,0,0,0,0,0,0,0,0,0.7325233,0.955447,1,0.8874449,0.6435845,0.5710275,0,0,0,0,0,0,0,0,0,0,0,0,0
0,0,0,0,0,0,0,0,0,0,0,0,0,0,0.6422918,0.8460104,1,0.988039,0.8121129,0.7222021,0.6615531,0,0,0,0,0,0,0,0,0,0,0,0,0,0,0,0,0,0,0,0,0,0,0,0,0,0,0.5924878,0.9436155,1,0.8921775,0.6346943,0,0,0,0,0,0,0,0,0,0,0,0,0,0
0,0,0,0,0,0,0,0,0,0,0,0,0,0,0,0.8438582,1,0.989826,0.8458698,0.7804856,0.7709861,0.6512524,0.6695777,0.6593522,0.6438048,0,0,0,0,0,0,0,0,0,0,0,0,0,0,0,0,0,0,0,0,0,0,0,0.9394766,1,0.8966824,0.7393818,0.6966517,0.6608313,0.611213,0.5756888,0,0,0,0,0,0,0,0,0,0
0,0,0,0,0,0,0,0,0,0,0,0,0,0,0.612269,0.8089541,1,0.987354,0.6608573,0.6893031,0.8090483,0.8385063,0.800429,0.6894315,0.7174501,0.6170788,0,0,0,0,0,0,0,0,0,0,0,0,0,0,0,0,0,0,0,0,0,0.7196863,0.9534442,1,0.9025871,0.7724392,0.6439351,0.6759031,0.6552607,0.6569172,0,0,0,0,0,0,0,0,0,0
0,0,0,0,0,0,0,0,0,0,0,0,0,0,0.6580238,0.81999,1,0.9897137,0.7543324,0.8288339,0.8118258,0.7374272,0.7183,0.6921347,0.6650909,0.681118,0,0,0,0,0,0,0,0,0,0,0,0,0,0,0,0,0,0,0,0,0.6109198,0.6738662,0.9493511,1,0.8923789,0.7328297,0.778767,0.7601824,0.7316133,0.7004295,0.6406742,0,0,0,0,0,0,0,0,0
0,0,0,0,0,0,0,0,0,0,0,0,0,0.7542779,0.7712253,0.8527254,1,0.9876109,0.8148517,0.6910754,0.7805977,0.796578,0.7726082,0.7339558,0.759193,0.7517252,0.6680368,0.6594557,0,0,0,0,0,0,0,0,0,0,0,0,0,0,0,0,0,0.7458619,0.7727624,0.7648954,0.9297706,1,0.9022568,0.6026662,0.6998826,0.6056806,0,0,0,0,0,0,0,0,0,0,0,0
0,0,0,0,0,0,0,0,0,0,0.59239,0.6113912,0.7335623,0.7555569,0.6900467,0.8261781,1,0.9987926,0.8671185,0.8046249,0.744415,0.6839485,0.6376926,0.5671707,0,0.5914751,0,0.5675485,0,0,0,0,0,0,0,0,0,0,0,0,0.541358,0.5991088,0.6733038,0.6741111,0.57157,0.7013372,0.6502431,0.6888747,0.9460019,1,0.8930946,0.6822369,0.5959261,0.5890956,0.5420055,0,0,0,0,0,0,0,0,0,0,0
0,0,0,0,0,0,0,0,0,0,0,0.6162518,0.6924861,0.7978973,0.830308,0.8401356,1,0.9796368,0.6168005,0.667093,0.6738148,0.6465266,0,0,0,0,0,0,0,0,0,0,0,0,0,0,0,0,0,0,0,0,0.5382942,0.5795044,0,0.6178271,0.7396773,0.7588802,0.9472017,1,0.885574,0,0,0,0,0,0,0,0,0,0,0,0,0,0,0
0,0,0,0,0,0,0,0,0,0,0,0,0,0,0.7751864,0.8974768,1,0.9821872,0.8195899,0,0,0,0,0,0,0,0,0,0,0,0,0,0,0,0,0,0,0,0,0,0,0,0,0,0,0,0,0.7465447,0.944411,1,0.9003994,0,0,0,0,0,0,0,0,0,0,0,0,0,0,0
0,0,0,0,0,0,0,0,0,0,0,0,0,0,0,0.8093932,1,0.9778488,0.8304397,0.7533991,0,0,0,0,0,0,0,0,0,0,0,0,0,0,0,0,0,0,0,0,0,0,0,0,0,0,0,0.6141856,0.9430782,1,0.8936764,0.6566368,0.6617749,0.6263905,0.5628144,0,0,0,0,0,0,0,0,0,0,0
0,0,0,0,0,0,0,0,0,0,0,0,0,0,0,0.8019794,0.9954742,1,0.8238783,0.8361577,0.8051495,0,0,0,0,0,0,0,0,0,0,0,0,0,0,0,0,0,0,0,0,0,0,0,0,0,0,0.6466843,0.9450877,1,0.8932683,0.7115834,0.6895361,0.6180295,0.643582,0.7526589,0.7504212,0.7020797,0.6161233,0,0,0,0,0,0,0
0,0,0,0,0,0,0,0,0,0,0,0.6399457,0.6601783,0.6650976,0.641901,0.8349755,1,0.9733568,0.7718913,0.8430397,0.8415488,0.7756553,0.6830251,0.6549742,0.6334842,0,0,0,0,0,0,0,0,0,0,0,0,0,0,0,0,0,0,0,0,0,0,0.654332,0.9443034,1,0.8905999,0.6577905,0.6644341,0.7011954,0.7307507,0.6995723,0.7623966,0.73182,0.679316,0,0,0,0,0,0,0
0,0,0,0,0.528305,0.5090396,0.4915573,0,0,0.5843059,0.6104254,0.6673462,0.7302138,0.7627833,0.732859,0.8550156,1,0.9787555,0.7505155,0.6222579,0.6023983,0.5172049,0.6103651,0,0,0,0,0,0,0,0,0,0,0,0,0,0,0,0,0,0.4790734,0.4764012,0.5232323,0,0.6194489,0.6298121,0.5759476,0.714585,0.9461979,1,0.8792872,0.7619315,0.7948674,0.7731418,0.7451814,0.7478569,0.7037253,0.6258742,0.5849192,0.5041744,0.4975024,0,0,0,0,0
0,0,0,0,0,0.5571718,0.593583,0,0.6053089,0.6829857,0.7540151,0.7795952,0.8084573,0.7343541,0.7020419,0.7830164,1,0.992598,0.7729477,0,0.573938,0.592295,0,0,0,0,0,0,0,0,0,0,0,0,0,0,0,0,0,0,0,0.5451382,0,0,0.6016094,0.6814929,0.7643499,0.7661717,0.9410051,1,0.8871091,0.6857781,0.7130273,0.624108,0.5673597,0.5583326,0,0,0,0,0,0,0,0,0,0
0,0,0,0,0,0,0,0,0,0,0,0.6479275,0.7359309,0.7581512,0.7332676,0.8346203,1,0.9850888,0.7656143,0,0,0,0,0,0,0,0,0,0,0,0,0,0,0,0,0,0,0,0,0,0,0,0,0,0.6033732,0.6237236,0.7116914,0.7880133,0.9568516,1,0.8805222,0.6310688,0.5776476,0.5717699,0,0,0,0,0,0,0,0,0,0,0,0
0,0,0,0,0,0,0,0,0,0,0,0,0,0,0,0.8811484,1,0.9854211,0.8052554,0,0,0,0,0,0,0,0,0,0,0,0,0,0,0,0,0,0,0,0,0,0,0,0,0,0,0,0,0.7914259,0.9404153,1,0.9170172,0,0,0,0,0,0,0,0,0,0,0,0,0,0,0
