GestureName: c
Duration(ms): 893
Handedness: right

SpeakerAngles: 2
55
-55

InterpretedPoints: 19
0,-4.51890017170899
1.6134145682232,-6.77835025756348
0.806707284111599,-6.21348773609986
6.45365827289279,2.25945008585449
2.4201218523348,2.82431260731812
4.03353642055799,3.95403765024536
4.84024370466959,4.51890017170899
14.5207311140088,1.12972504292725
12.9073165457856,0
10.4871946934508,-2.82431260731812
-0.806707284111599,-8.47293782195435
-2.4201218523348,-6.21348773609986
-0.806707284111599,-0.564862521463624
-8.06707284111599,2.25945008585449
-5.64695098878119,1.69458756439087
-2.4201218523348,3.95403765024536
-1.6134145682232,6.77835025756348
0,4.51890017170899
-1.6134145682232,3.38917512878174

StrokePoints: 20
177.666666666667,130.277777777778
177.666666666667,134.796677949487
176.053252098443,141.57502820705
175.246544814332,147.78851594315
168.792886541439,145.529065857296
166.372764689104,142.704753249978
162.339228268546,138.750715599732
157.498984563877,134.231815428023
142.978253449868,133.102090385096
130.070936904082,133.102090385096
119.583742210632,135.926402992414
120.390449494743,144.399340814368
122.810571347078,150.612828550468
123.61727863119,151.177691071932
131.684351472306,148.918240986077
137.331302461087,147.223653421687
139.751424313421,143.269615771441
141.364838881645,136.491265513878
141.364838881645,131.972365342169
142.978253449868,128.583190213387

Velocities: 19
-4,-4
-5,-7
-5,-6
6,-2
4,1
6,1
7,1
10,-8
8,-8
4,-9
-8,-7
-7,-4
-1,0
-3,7
-2,5
2,5
5,7
4,4
2,4

InverseVelocities: 19
3,2
3,3
6,4
0,3
0,0
0,0
0,0
0,0
-6,0
-9,1
0,0
0,0
2,0
4,-1
2,0
0,0
0,0
0,0
0,0

RawData: 19
0,0,0,0,0,0,0,0,0,0.7067662,0.753938,0.728884,0,0,0,0.8644671,1,0.9775273,0.7328399,0.7524718,0.7724661,0.694474,0.7175229,0,0,0,0,0,0,0,0,0,0,0,0,0,0,0,0,0,0,0,0.7471488,0.7952542,0.7290176,0.7648021,0.8305771,0.8055215,0.9412849,1,0.8965675,0.7549213,0.7309346,0.7108974,0.7378015,0,0,0,0,0,0,0,0,0,0,0
0,0,0,0,0,0,0,0,0.6403945,0.6054646,0.6351579,0.6527961,0.690672,0.7102468,0.6458294,0.8331457,1,0.982944,0.7418767,0.771195,0.7374195,0.7022939,0.7231471,0,0,0,0,0,0,0,0,0,0,0,0,0,0,0,0,0.5880424,0.6557905,0.7102833,0.7269268,0.6323266,0.755094,0.8074148,0.7802025,0.849797,0.9263479,1,0.8948683,0.6469862,0,0.7276499,0.7610435,0.6922126,0,0,0,0,0,0,0,0,0,0
0,0,0,0,0,0,0,0,0.5749491,0.5810003,0.6582556,0.700467,0.6873433,0.7601428,0.7358855,0.6609954,0.9880884,1,0.8250862,0.6215837,0.6162907,0.6924594,0.6405509,0.6858128,0.623324,0.6475701,0,0,0,0,0,0,0,0,0,0,0,0,0,0,0.5809148,0,0,0.6464393,0.8008022,0.8498318,0.845215,0.8337302,0.9203082,1,0.8683352,0.756274,0,0.6693003,0.6848422,0.6831408,0.6202627,0,0,0,0,0,0,0,0,0
0,0,0,0,0,0,0,0,0,0,0,0,0,0.6050701,0.6743854,0.8151845,1,0.9726548,0.8355303,0.7357157,0.788158,0.7595839,0,0,0.6585526,0.6808338,0,0,0,0,0,0,0,0,0,0,0,0,0,0,0,0,0,0,0.6493954,0.7043194,0.7427091,0.7909413,0.9372007,1,0.8895686,0.7271142,0.7606091,0.6461243,0,0.5850374,0,0,0,0,0,0,0,0,0,0
0,0,0,0,0,0,0,0,0,0,0,0,0,0,0,0.8418886,1,0.9807088,0.8237288,0.8084285,0.8226713,0.8051004,0.8286423,0.706576,0,0,0,0,0,0,0,0,0,0,0,0,0,0,0,0,0,0,0,0,0,0,0.7265381,0.6878964,0.945842,1,0.903437,0.7772604,0.8031599,0.7380919,0,0,0,0,0,0,0,0,0,0,0,0
0,0,0,0,0,0,0,0,0,0,0,0,0,0,0,0.8438549,0.9964611,1,0.870531,0.7421271,0.7201498,0.8048736,0.8746712,0.8490542,0.7346048,0.6949026,0,0,0,0,0,0,0,0,0,0,0,0,0,0,0,0,0,0,0,0,0,0.7773514,0.9840838,1,0.9307414,0.8874443,0.8283944,0.7711502,0,0,0,0,0,0,0,0,0,0,0,0
0,0,0,0,0,0,0,0,0,0,0,0,0,0,0,0.8519609,1,0.9895535,0.7949511,0,0,0.8593038,0.8755232,0.8760115,0.9018549,0.866563,0.7769758,0,0,0,0,0,0,0,0,0,0,0,0,0,0,0,0,0,0,0,0,0.804333,0.9387533,1,0.9716781,0.9010645,0.8533407,0.7938277,0,0,0,0,0,0,0,0,0,0,0,0
0,0,0,0,0,0,0,0,0,0,0,0,0,0.6876333,0.7234545,0.8074535,1,0.9923823,0.8738115,0.8691913,0.8898613,0.9193396,0.9204171,0.8010288,0.8453838,0.8244873,0.7051457,0.7555152,0.733022,0.6281526,0,0,0,0,0,0,0,0,0.6401399,0.6336061,0,0.6652536,0.6686081,0.6228864,0.6852897,0.7592096,0.7672039,0.821287,0.9189866,1,0.8676826,0.7257364,0,0,0,0,0,0,0,0,0,0,0,0,0,0
0,0,0,0,0,0,0,0.7128912,0.7265907,0.7695475,0,0.8226404,0.8526417,0.8709968,0.8604898,0.9486632,1,0.9410743,0.8279263,0.7928733,0.8605961,0.8368296,0.822488,0.8120546,0.8103784,0.701032,0.7271861,0.7022275,0,0,0,0,0,0,0,0,0,0,0.7014863,0.8248703,0.9009526,0.8589442,0.7792227,0.7948408,0.7881383,0.7257556,0.765524,0.8109608,0.9413429,1,0.8652488,0.7254676,0,0,0,0,0,0,0,0,0,0,0,0,0,0
0,0,0,0,0.6073615,0.712739,0.7254743,0.7436416,0.8503971,0.8885083,0.7742122,0.7956038,0.8378897,0.8874254,0.922569,0.9411467,1,0.9709868,0.7740971,0.7504672,0.7523808,0.7164719,0,0.6519071,0,0,0,0,0,0,0,0,0,0,0,0,0,0.6546357,0.7249392,0.7647555,0.8816867,0.8630134,0,0.6891229,0.600679,0.6012625,0.6223909,0.7431175,0.9525476,1,0.8775752,0.6353367,0.673113,0.6126118,0,0,0,0,0,0,0,0,0,0,0,0
0,0,0,0,0,0.7845268,0.7977496,0.8388262,0.8513976,0.8494011,0.8403702,0,0,0,0.7957256,0.7777572,0.9904406,1,0.8319346,0,0,0,0,0,0,0,0,0,0,0,0,0,0,0,0,0,0,0,0,0.7632411,0,0,0,0,0.778927,0.7797111,0,0.7805513,0.9465534,1,0.8983684,0,0,0,0,0,0,0,0,0,0,0,0,0,0,0
0,0,0,0,0,0,0.6936889,0.6932057,0.6918594,0.7608613,0.7341676,0,0.727591,0.779779,0.8229319,0.8818297,1,0.9817627,0.7488052,0,0,0,0,0,0,0,0,0,0,0,0,0,0,0,0,0,0,0,0,0,0,0,0.6665514,0.7193768,0.7646323,0.7832904,0.7481939,0.7818996,0.9579822,1,0.8948606,0.7009749,0,0,0,0,0,0,0,0,0,0,0,0,0,0
0,0,0,0,0,0,0,0,0,0,0,0,0.7128794,0.7099065,0,0.8474709,1,0.9986153,0.8507968,0.7216349,0.7190829,0.7234741,0,0,0,0,0,0,0,0,0,0,0,0,0,0,0,0,0,0,0,0,0,0,0,0,0,0.762924,0.9210902,1,0.9077895,0,0,0,0,0,0,0,0,0,0,0,0,0,0,0
0,0,0,0,0,0,0,0,0,0,0.5805053,0.6095127,0.6855772,0.6858189,0.6497889,0.8415446,1,0.9630848,0.6463783,0.6581945,0.6867856,0.6768603,0.5376697,0.5420291,0,0,0,0,0,0,0,0,0,0,0,0,0,0,0,0,0,0,0,0,0,0.5314229,0.6638695,0.7456784,0.8970913,1,0.8912842,0.5996267,0.6976904,0.6736168,0,0.6432691,0.7285266,0.6551366,0.5485364,0.5923088,0,0,0,0,0,0
0,0,0,0,0,0,0,0,0,0,0,0.6425945,0.7107334,0.7277466,0.7045545,0.8433173,1,0.9822336,0.8042489,0.6954472,0.6947443,0.6444771,0,0,0,0,0,0,0,0,0,0,0,0,0,0,0,0,0,0,0,0,0,0,0,0,0,0,0.9419899,1,0.8800616,0,0.7191542,0,0.7423493,0.6819578,0,0.6710038,0,0,0,0,0,0,0,0
0,0,0,0,0,0,0,0,0,0,0,0,0,0.618264,0.5735381,0.8231954,1,0.9828249,0.772419,0.7142805,0.7102845,0.6656963,0,0,0,0,0,0,0,0,0,0,0,0,0,0,0,0,0,0,0,0,0,0,0,0,0.5878639,0.6995765,0.9484295,1,0.8842496,0.6456878,0.6823693,0,0.6847208,0.6991631,0.6267283,0.60605,0,0,0,0,0,0,0,0
0,0,0,0,0,0,0,0,0,0,0,0,0,0.5654582,0.5521024,0.8012054,1,0.9914104,0.7630786,0.7003242,0.6692104,0.5621328,0.5436441,0.6339793,0.5838757,0,0,0,0,0,0,0,0,0,0,0,0,0,0,0,0,0,0,0,0,0,0,0.6666616,0.9461436,1,0.8793393,0.5632261,0.6916369,0.7265051,0.6864143,0.6067864,0.5832078,0,0.5523438,0.607888,0,0,0,0,0,0
0,0,0,0,0,0,0,0,0,0,0,0,0,0,0.6773198,0.8379452,1,0.9952434,0.8017594,0.7724782,0.7535439,0,0.7117934,0.7505401,0,0,0,0,0,0,0,0,0,0,0,0,0,0,0,0,0,0,0,0,0,0,0,0.7180026,0.9515186,1,0.8938899,0.6743538,0.7140608,0,0.6794929,0.6847866,0.7064844,0,0,0,0,0,0,0,0,0
0,0,0,0,0,0,0,0,0,0,0,0,0,0,0,0.8406323,1,0.9764644,0.7352942,0.7874915,0.7774224,0.6853086,0,0,0,0,0,0,0,0,0,0,0,0,0,0,0,0,0,0,0,0,0,0,0,0,0,0.6471024,0.9351966,1,0.89669,0.7434025,0.6678561,0,0.661238,0.6710581,0.6539553,0,0,0,0,0,0,0,0,0
