GestureName: check
Duration(ms): 1128
Handedness: right

SpeakerAngles: 2
55
-55

InterpretedPoints: 24
4.03353642055799,0.564862521463623
5.64695098878119,0.564862521463624
0.806707284111599,2.82431260731812
1.6134145682232,1.12972504292725
2.4201218523348,2.82431260731812
3.2268291364464,3.38917512878174
2.4201218523348,1.69458756439087
1.6134145682232,1.12972504292725
-4.03353642055799,-3.95403765024536
-3.2268291364464,-3.38917512878174
-3.22682913644639,-4.51890017170899
-1.6134145682232,-4.51890017170899
0,-2.25945008585449
0,0
0,0
0,0
0,0
-0.806707284111599,1.69458756439087
-4.84024370466959,4.51890017170899
-4.84024370466959,4.51890017170899
0,0
5.64695098878119,-9.6026628648816
-0.806707284111598,-12.9918379936633
1.6134145682232,-12.4269754721997

StrokePoints: 25
177.666666666667,130.277777777778
173.633130246109,129.712915256314
167.986179257328,129.148052734851
167.179471973216,126.323740127532
165.566057404993,125.194015084605
163.145935552658,122.369702477287
159.919106416212,118.980527348505
157.498984563877,117.285939784114
155.885569995654,116.156214741187
159.919106416212,120.110252391433
163.145935552658,123.499427520214
166.372764689104,128.018327691923
167.986179257327,132.537227863632
167.986179257327,134.796677949487
167.986179257327,134.796677949487
167.986179257327,134.796677949487
167.986179257327,134.796677949487
167.986179257327,134.796677949487
168.792886541439,133.102090385096
173.633130246109,128.583190213387
178.473373950778,124.064290041678
178.473373950778,124.064290041678
172.826422961997,133.66695290656
173.633130246109,146.658790900223
172.019715677886,159.085766372423

Velocities: 24
3,-2
4,-3
3,2
2,0
4,1
5,1
3,0
2,0
-6,-1
-5,-1
-6,-2
-5,-3
-2,-2
0,0
0,0
0,0
0,0
1,2
1,7
1,7
0,0
-5,-12
-12,-11
-10,-12

InverseVelocities: 24
0,0
0,1
0,0
0,0
0,0
0,0
0,0
-4,0
0,0
0,0
0,0
0,0
0,0
0,0
0,0
0,0
0,0
0,0
0,0
0,0
0,0
3,3
4,3
0,0

RawData: 24
0,0,0,0,0,0,0,0,0,0,0,0,0,0,0,0.8637953,1,0.9869367,0.8736504,0.8561442,0.7512773,0.7980208,0.7665172,0,0,0,0,0,0,0,0,0,0,0,0,0,0,0,0,0,0,0,0,0,0.7627689,0.7655765,0,0.7830166,0.95472,1,0.9082806,0.7794699,0,0,0,0,0,0,0,0,0,0,0,0,0,0
0,0,0,0,0,0,0,0,0,0,0,0,0,0,0,0.8110023,1,0.9892639,0.7633808,0.8580612,0.8108718,0.7418405,0.7159873,0.6429517,0,0,0,0,0,0,0,0,0,0,0,0,0,0,0,0,0,0,0,0.6517591,0.6787708,0,0.7299734,0.7426255,0.9483705,1,0.8657165,0.6859453,0.6914213,0.638311,0,0,0,0,0,0,0,0,0,0,0,0
0,0,0,0,0,0,0,0,0,0,0,0,0,0,0.6367723,0.8252079,1,0.9877185,0.6854635,0.7518258,0.7979212,0.8211842,0.7693707,0,0,0,0,0,0,0,0,0,0,0,0,0,0,0,0,0,0,0,0,0,0,0,0.6696584,0.781059,0.9502888,1,0.8531442,0.8267667,0.7263803,0.6549644,0.6574659,0,0,0,0,0,0,0,0,0,0,0
0,0,0,0,0,0,0,0,0,0,0,0,0,0,0,0.8248432,1,0.9861924,0.8663176,0.8501349,0.8663197,0.8061746,0,0,0,0,0,0,0,0,0,0,0,0,0,0,0,0,0,0,0,0,0,0,0,0,0,0.6549752,0.9356298,1,0.9235989,0.8295076,0.6673793,0,0,0,0,0,0,0,0,0,0,0,0,0
0,0,0,0,0,0,0,0,0,0,0,0,0,0,0,0.8126657,1,0.9885675,0.8631928,0.9743109,0.9828922,0.8503813,0.6352659,0.6339611,0,0,0,0,0,0,0,0,0,0,0,0,0,0,0,0,0,0,0,0,0,0,0,0,0.9413303,1,0.8999669,0.7514996,0.7020794,0.6615842,0,0,0,0,0,0,0,0,0,0,0,0
0,0,0,0,0,0,0,0,0,0,0,0,0,0,0,0.8241572,0.9877887,0.9542816,0.9025154,1,0.9734024,0.8255616,0.6535069,0.6225196,0.6360922,0,0,0,0,0,0,0,0,0,0,0,0,0,0,0,0,0,0,0,0,0,0,0,0.9477063,1,0.8919387,0.8307278,0.7810324,0.6586017,0,0,0,0,0,0,0,0,0,0,0,0
0,0,0,0,0,0,0,0,0,0,0,0,0,0,0,0.7451348,0.9512427,1,0.9015976,0.8428074,0.7506493,0.6869434,0.6037813,0,0,0,0,0,0,0,0,0,0,0,0,0,0,0,0,0,0,0,0,0,0,0,0,0.6520243,0.9389674,1,0.9445072,0.8386773,0.7009432,0,0,0,0,0,0,0,0,0,0,0,0,0
0,0,0,0,0,0,0,0,0,0.550625,0.5841134,0.6051744,0.6695781,0.7606811,0.8478318,0.8855666,0.9774211,1,0.9126624,0.7769578,0.6042148,0.5590447,0,0,0,0,0,0,0,0,0,0,0,0,0,0,0,0,0,0,0,0,0,0,0,0,0,0.6037488,0.9493626,1,0.8347521,0.6910505,0,0,0,0,0,0,0,0,0,0,0,0,0,0
0,0,0,0,0,0,0,0.6903325,0.7138367,0.7407963,0.7918043,0.7571394,0.7803908,0.8606767,0.8977306,0.9522104,1,0.8759722,0.8881876,0.7087548,0,0,0,0,0,0,0,0,0,0,0,0,0,0,0,0,0,0,0,0,0,0,0,0,0,0.7165338,0.7573518,0.7570748,0.9195323,1,0.9110135,0.6909787,0,0,0,0,0,0,0,0,0,0,0,0,0,0
0,0,0,0,0,0,0,0,0.695944,0.6869158,0.812413,0.8084443,0.8113654,0,0.7222143,0.8610759,1,0.9795864,0.7082441,0,0,0,0,0,0,0,0,0,0,0,0,0,0,0,0,0,0,0,0,0,0,0,0,0,0,0.6590639,0.7656896,0.7632824,0.946058,1,0.891808,0,0,0,0,0,0,0,0,0,0,0,0,0,0,0
0,0,0,0,0,0,0,0.6915436,0.7642189,0.8310161,0.8898956,0.8784146,0.7522661,0.7323459,0.7819145,0.8576034,1,0.9779267,0.7537667,0.6031628,0,0,0,0,0,0,0,0,0,0,0,0,0,0,0,0,0,0,0,0,0,0,0,0,0.5994478,0.6514886,0.7206209,0.8196533,0.9197647,1,0.8975737,0.6206114,0.6796435,0,0,0,0,0,0,0,0,0,0,0,0,0
0,0,0,0,0,0,0,0,0.6982138,0.7470089,0.7810015,0.7674562,0.8629835,0.825479,0.8195099,0.899816,1,0.9590009,0.7525284,0.6714703,0,0,0,0,0,0,0,0,0,0,0,0,0,0,0,0,0,0,0,0,0,0,0,0.6429334,0.615429,0.6705781,0.7306317,0.7700334,0.9365503,1,0.8888521,0,0,0,0,0,0,0,0,0,0,0,0,0,0,0
0,0,0,0,0,0,0,0,0,0,0,0.6572112,0.72295,0.807462,0.8386238,0.8808857,1,0.9963474,0.821163,0,0,0,0,0,0,0,0,0,0,0,0,0,0,0,0,0,0,0,0,0,0,0,0,0,0.591002,0.7027307,0.7164966,0.7166317,0.9509179,1,0.8750562,0.7206972,0.6559872,0,0,0,0,0,0,0,0,0,0,0,0,0
0,0,0,0,0,0,0,0,0,0,0,0,0,0.676438,0.7396563,0.7880031,1,0.9920273,0.7706118,0,0,0,0,0,0,0,0,0,0,0,0,0,0,0,0,0,0,0,0,0,0,0,0,0,0,0,0,0.6633767,0.9489311,1,0.8909471,0,0,0,0,0,0,0,0,0,0,0,0,0,0,0
0,0,0,0,0,0,0,0,0,0,0,0,0,0,0.6609717,0.8848472,1,0.9703999,0.7457775,0,0,0,0,0,0,0,0,0,0,0,0,0,0,0,0,0,0,0,0,0,0,0,0,0,0,0,0,0.6794139,0.9263915,1,0.89414,0,0,0,0,0,0,0,0,0,0,0,0,0,0,0
0,0,0,0,0,0,0,0,0,0,0,0,0,0,0,0.8361204,1,0.9869413,0.7889333,0,0,0,0,0,0,0,0,0,0,0,0,0,0,0,0,0,0,0,0,0,0,0,0,0,0,0,0,0.7499979,0.9527503,1,0.9052929,0.7042283,0,0,0,0,0,0,0,0,0,0,0,0,0,0
0,0,0,0,0,0,0,0,0,0,0,0,0,0,0,0.8448175,1,0.9906238,0.8277006,0.6913405,0,0,0,0,0,0,0,0,0,0,0,0,0,0,0,0,0,0,0,0,0,0,0,0,0,0,0,0,0.9405649,1,0.8642037,0.7827532,0.7572438,0,0,0,0,0,0,0,0,0,0,0,0,0
0,0,0,0,0,0,0,0,0,0,0,0,0,0.6196495,0.6764455,0.7917901,1,0.9931459,0.8154938,0.635578,0.5992357,0,0,0,0,0,0,0,0,0,0,0,0,0,0,0,0,0,0,0,0,0,0,0,0,0,0.6592885,0.7356511,0.9515638,1,0.8711006,0.6915422,0.5927727,0.7190423,0.6204726,0,0,0,0,0,0,0,0,0,0,0
0,0,0,0,0,0,0,0,0,0,0,0,0,0.6397801,0.6547001,0.8129607,1,0.9899976,0.8010769,0.7074356,0.5985557,0,0,0,0,0,0,0,0,0,0,0,0,0,0,0,0,0,0,0,0,0,0,0,0,0,0,0.6575785,0.9377173,1,0.9176316,0.7954934,0.7167838,0.7003251,0.6448278,0.5810069,0.6135981,0.6077057,0.6562627,0.5932142,0,0,0,0,0,0
0,0,0,0,0,0,0,0,0,0,0,0,0,0.6355539,0.6969694,0.825043,1,0.9895122,0.800593,0.6900049,0.6825655,0,0,0,0,0,0,0,0,0,0,0,0,0,0,0,0,0,0,0,0,0,0,0,0,0,0,0.6583878,0.9388963,1,0.8991505,0.7119507,0.7846706,0.7387463,0.7126237,0.6643659,0.6454321,0,0.6838925,0.6750088,0,0,0,0,0,0
0,0,0,0,0,0,0,0,0,0,0,0,0,0.7006276,0.7346919,0.8490881,1,0.9796246,0.7609653,0.7413213,0,0,0,0,0,0,0,0,0,0,0,0,0,0,0,0,0,0,0,0,0,0,0,0,0,0,0,0.739678,0.9512448,1,0.9025851,0.7652954,0.7157999,0,0,0,0,0,0,0,0,0,0,0,0,0
0,0,0,0,0,0,0,0,0.5720389,0.5491788,0.6391728,0.5523509,0.582213,0,0.5828586,0.8286706,1,0.9801934,0.7213898,0.6245601,0.6317788,0.6155257,0.6471053,0,0,0,0,0,0,0,0,0,0,0.641504,0.6787288,0.6502381,0.6516038,0.6876994,0.6286276,0,0,0,0.6362782,0.6591119,0.6556395,0.6898011,0.7209533,0.739176,0.9437588,1,0.8557143,0.644377,0.7067567,0.7046018,0.6383889,0.590092,0,0,0,0,0,0,0,0,0,0
0.6454344,0.6849496,0.6794452,0.6297325,0.6308423,0,0,0,0,0,0.6344238,0,0.6404496,0,0.6382815,0.8214044,1,0.9962333,0.808477,0,0.6204368,0.6516201,0.6676518,0.6636025,0,0,0,0,0,0,0,0,0,0,0,0.6499683,0.6370955,0.7027541,0,0,0,0,0.661226,0.652974,0,0.6429986,0.6581227,0.7003523,0.9373702,1,0.9045635,0.6577491,0,0,0.7140687,0.6342096,0,0,0,0,0,0,0,0,0,0
0,0,0,0.616999,0.6440943,0.6158782,0.6222802,0.6628377,0.6570784,0.6717059,0,0,0,0,0.7177491,0.8124957,1,0.9921163,0.8068457,0,0,0,0,0,0,0,0,0,0,0,0,0,0,0.6556985,0.671085,0.6852068,0.7058002,0.7239228,0.7306799,0.7087207,0.6483464,0,0.6225986,0,0.6953321,0.7145587,0.6966755,0.7327371,0.9410946,1,0.8897602,0,0,0,0,0,0,0,0,0,0,0,0,0,0,0
