GestureName: circle
Duration(ms): 1128
Handedness: right

SpeakerAngles: 2
55
-55

InterpretedPoints: 24
1.6134145682232,2.25945008585449
0.806707284111599,1.69458756439087
0.806707284111599,1.69458756439087
1.6134145682232,3.38917512878174
0,1.12972504292725
-1.6134145682232,2.25945008585449
-4.03353642055799,-0.564862521463623
-4.84024370466959,-1.12972504292725
-8.06707284111599,-1.12972504292725
-4.84024370466959,-2.25945008585449
-0.806707284111599,-3.95403765024536
-2.4201218523348,-1.69458756439087
-3.2268291364464,-1.12972504292725
-0.806707284111599,-0.564862521463624
-0.806707284111599,-2.82431260731812
4.03353642055799,-3.95403765024536
4.03353642055799,-3.95403765024536
7.26036555700439,2.82431260731812
7.26036555700439,3.95403765024537
3.22682913644639,4.51890017170899
0,3.38917512878174
0.806707284111599,6.21348773609986
1.6134145682232,6.77835025756348
0,9.03780034341798

StrokePoints: 25
177.666666666667,130.277777777778
176.053252098443,128.018327691923
175.246544814332,126.323740127532
174.43983753022,124.629152563142
172.826422961997,121.23997743436
172.826422961997,120.110252391433
174.43983753022,117.850802305578
178.473373950778,118.415664827042
183.313617655448,119.545389869969
191.380690496564,120.675114912896
196.220934201233,122.934564998751
197.027641485345,126.888602648996
199.44776333768,128.583190213387
202.674592474126,129.712915256314
203.481299758238,130.277777777778
204.288007042349,133.102090385096
200.254470621791,137.056128035341
196.220934201233,141.010165685587
188.960568644229,138.185853078269
181.700203087225,134.231815428023
178.473373950778,129.712915256314
178.473373950778,126.323740127532
177.666666666667,120.110252391433
176.053252098444,113.331902133869
176.053252098444,104.294101790451

Velocities: 24
3,1
2,1
2,1
4,2
1,1
1,3
-3,2
-4,2
-6,4
-5,1
-4,-3
-3,0
-3,1
-1,0
-3,-2
-1,-6
-1,-6
7,-2
8,-1
6,2
3,3
6,5
7,5
8,8

InverseVelocities: 24
-3,-1
-2,-1
-1,-2
0,-1
0,0
-2,-1
0,0
0,-2
1,-3
1,-4
0,0
0,0
0,0
2,0
1,0
4,0
6,1
0,0
-3,1
-1,0
0,0
-3,0
0,-1
-3,0

RawData: 24
0,0,0,0,0,0,0,0,0,0,0.6617615,0.6755132,0,0.7411165,0.7733044,0.75253,1,0.9994857,0.8331828,0.7969002,0.7466621,0.7617078,0.7284271,0,0,0,0,0,0,0,0,0,0,0,0,0,0,0,0,0,0,0,0,0,0,0.6865531,0.7137186,0.7236619,0.9268038,1,0.8734542,0.6406275,0.7009989,0.663774,0,0,0,0,0,0,0,0,0,0,0,0
0,0,0,0,0,0,0,0,0,0,0,0.7204651,0.7521769,0.7492864,0.7675831,0.8181973,1,0.9743075,0.8230528,0.8478608,0.815336,0.7354506,0,0,0,0,0,0,0,0,0,0,0,0,0,0,0,0,0,0,0,0,0,0,0,0.7339474,0.7897597,0.771998,0.9296154,1,0.9206929,0.7882203,0.7584397,0.7205838,0,0,0,0,0,0,0,0,0,0,0,0
0,0,0,0,0,0,0,0,0,0,0,0,0.6420276,0.7429966,0.7810191,0.8483768,1,0.9733064,0.8614904,0.8208917,0.7967335,0.6987974,0,0,0,0,0,0,0,0,0,0,0,0,0,0,0,0,0,0,0,0,0,0,0.6524916,0.7344111,0.7668715,0.7226133,0.9615142,1,0.9140807,0.8448634,0.8068818,0.6944603,0,0,0,0,0,0,0,0,0,0,0,0
0,0,0,0,0,0,0,0,0,0,0,0,0,0.5486454,0.5969582,0.8220286,0.9939477,1,0.8972406,0.8357848,0.7488786,0.6507931,0.6237907,0.5921169,0,0,0,0,0,0,0,0,0,0,0,0,0,0,0,0,0,0,0,0,0,0.6327007,0.5887988,0.7277304,0.9241212,1,0.7640151,0.8393059,0.8070856,0.6061068,0.652266,0,0,0,0,0,0,0,0,0,0,0
0,0,0,0,0,0,0,0,0,0,0,0,0,0.6551294,0.7397287,0.8851256,1,0.9698427,0.7172563,0.7062111,0.6670685,0,0,0,0,0,0,0,0,0,0,0,0,0,0,0,0,0,0,0,0,0,0,0,0,0,0,0,0.9252182,1,0.9619381,0.8842687,0.792468,0.6591316,0,0,0,0,0,0,0,0,0,0,0,0
0,0,0,0,0,0,0,0,0,0,0,0.646363,0.7589672,0.8440328,0.8713671,0.7673702,1,0.9772034,0.6692861,0,0.5583973,0,0,0,0,0,0,0,0,0,0,0,0,0,0,0,0,0,0,0,0,0,0,0,0,0.5486653,0.6370978,0.6222531,0.9304822,1,0.9718303,0.9515833,0.9040799,0.832455,0.7095152,0.5432866,0,0,0,0,0,0,0,0,0,0
0,0,0,0,0,0,0,0,0,0,0.7560368,0.7397205,0.8496311,0.8331924,0.8504853,0.8723547,1,0.9849623,0.749205,0,0,0,0,0,0,0,0,0,0,0,0,0,0,0,0,0,0,0,0,0,0,0,0,0,0,0,0.8094988,0.7634109,0.94121,1,0.9719359,0.9803644,0.9106737,0.9225972,0.7800577,0,0,0,0,0,0,0,0,0,0,0
0,0,0,0,0,0,0,0,0,0.7859075,0.7151933,0.8048561,0,0.7183512,0.7885068,0.8908391,1,0.9877895,0.8016202,0,0,0,0,0,0,0,0,0,0,0,0,0,0,0,0,0,0,0,0,0,0,0,0,0,0.7372323,0.7368479,0.8314343,0.9017344,0.9796039,1,0.9364336,0.9032223,0.8552667,0.7388396,0.721934,0,0,0,0,0,0,0,0,0,0,0
0,0,0,0,0,0,0,0.6245672,0.6716939,0.7403434,0.782232,0.7891192,0.7509059,0.7460788,0.6436714,0.794626,1,0.9894963,0.750679,0.6194641,0.6145805,0,0,0,0,0,0,0,0,0,0,0,0,0,0,0,0,0,0,0,0,0,0,0.6103845,0.715453,0.6335898,0.779211,0.8396401,0.9099043,1,0.9129874,0.7599717,0.5870907,0.6480997,0.644283,0.5859632,0.6039107,0,0,0,0,0,0,0,0,0
0,0,0,0,0,0,0,0,0.6440867,0.6195556,0.6934774,0,0.629356,0,0.7209851,0.8051862,1,0.9990816,0.8286985,0,0.653882,0,0,0,0,0,0,0,0,0,0,0,0,0,0,0,0,0,0,0,0,0,0.6969051,0.6438869,0.6923838,0.6643994,0.623484,0.7069346,0.9447846,1,0.8852763,0.6289728,0,0.6266548,0,0,0,0,0,0,0,0,0,0,0,0
0,0,0,0,0,0,0,0,0,0.7158611,0.7427566,0.7700562,0.751893,0.708863,0,0.8377401,1,0.9825213,0.7430682,0,0,0,0,0,0,0,0,0,0,0,0,0,0,0,0,0,0,0,0,0,0,0,0,0.6943002,0.6590947,0.6719075,0,0.6770416,0.9495695,1,0.8682737,0,0,0,0,0,0,0,0,0,0,0,0,0,0,0
0,0,0,0,0,0,0,0,0,0,0.6739689,0.6471631,0,0,0,0.8461676,1,0.9860098,0.7761132,0.6586828,0,0,0,0,0,0,0,0,0,0,0,0,0,0,0,0,0,0,0,0,0,0,0,0,0,0,0,0.6890125,0.9395791,1,0.9104932,0,0,0,0,0,0,0,0,0,0,0,0,0,0,0
0,0,0,0,0,0,0,0,0,0,0.591665,0,0.6711649,0.7121767,0.7417532,0.853176,1,0.9841818,0.7612687,0,0,0,0,0,0,0,0,0,0,0,0,0,0,0,0,0,0,0,0,0,0,0,0,0,0,0,0,0.6272221,0.9418628,1,0.8971233,0.6951476,0.6213032,0.6354014,0,0,0,0,0,0,0,0,0,0,0,0
0,0,0,0,0,0,0,0,0,0,0,0,0.6662162,0.6877028,0.7785717,0.8213438,1,0.9884785,0.8050845,0,0.6862952,0.667766,0,0,0,0,0,0,0,0,0,0,0,0,0,0,0,0,0,0,0,0,0,0,0,0,0,0,0.9471268,1,0.87083,0.7030194,0,0,0,0,0,0,0,0,0,0,0,0,0,0
0,0,0,0,0,0,0,0,0,0,0.5833356,0.6076943,0.7017999,0.595337,0.7047693,0.8061233,1,0.9814212,0.7229356,0.6673406,0.6390268,0,0,0,0,0,0,0,0,0,0,0,0,0,0,0,0,0,0,0,0,0,0,0,0.6270124,0.6590835,0.6110646,0.7473785,0.9281318,1,0.8738372,0.6879928,0.6212035,0,0,0,0,0,0,0,0,0,0,0,0,0
0,0,0,0,0,0,0,0,0,0,0,0,0.5992637,0.6607255,0.6683214,0.8318611,1,0.984157,0.7283711,0.7821817,0.7603382,0.6989006,0.7421941,0.6939423,0,0,0,0,0,0,0,0,0,0,0,0,0,0,0,0,0.5798552,0.6440446,0.6842633,0.7115346,0.6493708,0.6425582,0.6804996,0.7828051,0.9369367,1,0.8832912,0.6525514,0.6406199,0,0,0,0,0,0,0,0,0,0,0,0,0
0,0,0,0,0,0,0,0,0,0,0,0,0.6561095,0.7026572,0.7469767,0.7836108,1,0.9857053,0.7470723,0.7291057,0.6509706,0.6329535,0.674317,0.7402636,0.6481122,0.6029748,0,0,0,0,0,0,0,0,0,0,0,0,0,0,0.6163375,0.6911455,0.6686926,0.689429,0.6556394,0.6852047,0.6958538,0.7142389,0.9384401,1,0.8872716,0.6734619,0.6824804,0.5824955,0,0,0,0,0,0,0,0,0,0,0,0
0,0,0,0,0,0,0,0,0,0,0,0,0,0.6713876,0.7670807,0.8147066,1,0.9956855,0.8443604,0.7003586,0,0,0.687476,0.7083439,0.6903271,0.6643267,0.6584412,0,0,0,0,0,0,0,0,0,0,0,0,0,0,0,0,0,0.6460232,0.7107372,0.7254544,0.7638596,0.9581965,1,0.8819959,0.7040867,0,0,0,0,0,0,0,0,0,0,0,0,0,0
0,0,0,0,0,0,0,0,0,0,0.6742298,0.7152332,0.7272642,0,0,0.8094203,1,0.9852918,0.8202544,0.7931571,0.7402776,0,0,0.6869231,0,0.6732057,0.6738801,0.6634692,0,0,0,0,0,0,0,0,0,0,0,0,0,0,0,0,0,0.7269108,0.7606859,0.7655674,0.9453192,1,0.9141595,0.8433718,0.7751695,0.7253745,0,0,0,0,0,0,0,0,0,0,0,0
0,0,0,0,0,0,0,0,0,0,0,0,0.6758035,0.7421646,0.7885451,0.8456189,1,0.9822626,0.8175777,0.7399551,0.754939,0.7543502,0.703771,0.6796173,0,0.6643714,0,0,0,0,0,0,0,0,0,0,0,0,0,0,0,0,0,0,0,0,0,0,0.9293931,1,0.9350463,0.766728,0.7347836,0.7574176,0.738803,0,0,0,0,0,0,0,0,0,0,0
0,0,0,0,0,0,0,0,0,0,0,0,0,0,0.6847423,0.8492388,1,0.9908457,0.8699203,0.7748099,0.7353942,0.7581457,0.7253961,0,0,0,0,0,0,0,0,0,0,0,0,0,0,0,0,0,0,0,0,0,0,0,0,0,0.944232,1,0.8553762,0.8270017,0.7987583,0,0.732329,0.7139509,0,0,0,0,0,0,0,0,0,0
0,0,0,0,0,0,0,0,0,0,0.6187053,0.6306446,0.5931463,0,0.6326102,0.837263,1,0.9789777,0.8059998,0.7383354,0.6497453,0.6405627,0.717766,0.7262217,0.6940213,0.6287481,0,0,0,0,0,0,0,0,0,0,0,0,0,0,0,0,0,0,0,0,0.6718036,0.6613464,0.9350995,1,0.901868,0.7220475,0.6184619,0.6649453,0,0.7023476,0.6730229,0.6239694,0,0,0,0,0,0,0,0
0,0,0,0,0,0,0,0,0,0,0,0,0,0,0.7402949,0.8596218,1,0.9879906,0.8278669,0.6885009,0.7863077,0.7834544,0.7578331,0.6767232,0.6770462,0.7626356,0.7082248,0,0,0,0,0,0,0,0,0,0,0,0,0,0,0,0,0,0,0.7001441,0.7059057,0,0.950421,1,0.8836194,0.7272646,0,0,0,0.7503179,0.7656156,0.721298,0,0,0,0,0,0,0,0
0,0,0,0,0,0,0,0,0,0,0.7005841,0.7226071,0.7533301,0.6707602,0.7258307,0.7988203,1,0.990283,0.8352212,0.8706138,0.7949039,0.6930931,0.7705305,0.7655613,0.7445244,0.6999533,0.6963964,0.6739514,0,0,0,0,0,0,0,0,0,0,0,0,0,0,0,0,0,0,0,0,0.9435526,1,0.8712565,0,0,0.7403542,0.8057432,0.6835839,0.8220628,0.7553289,0,0.7411304,0.7054282,0,0,0,0,0
