GestureName: w
Duration(ms): 1081
Handedness: right

SpeakerAngles: 2
55
-55

InterpretedPoints: 23
0.806707284111599,2.82431260731812
0.806707284111599,2.82431260731812
4.03353642055799,5.08376269317261
4.03353642055799,3.95403765024536
5.64695098878119,8.47293782195435
4.84024370466959,10.1675253863452
1.6134145682232,9.03780034341798
5.64695098878119,6.21348773609986
4.03353642055799,10.7323879078088
0.806707284111599,10.7323879078088
0,4.51890017170899
-11.2939019775624,-5.64862521463624
-1.6134145682232,-10.1675253863452
-0.806707284111599,-1.69458756439087
-0.806707284111599,-1.69458756439087
0.806707284111599,-2.82431260731812
-0.806707284111599,-7.34321277902711
-2.4201218523348,-8.47293782195435
4.03353642055799,1.69458756439087
10.4871946934508,-0.564862521463623
12.100609261674,-5.08376269317261
8.06707284111599,-4.51890017170899
4.03353642055799,-3.95403765024536

StrokePoints: 24
177.666666666667,130.277777777778
176.859959382555,127.45346517046
176.053252098443,124.629152563142
172.019715677885,119.545389869969
167.986179257327,115.591352219724
162.339228268546,107.118414397769
157.498984563877,96.950889011424
155.885569995653,87.913088668006
150.238619006872,81.6996009319062
146.205082586314,70.9672130240973
145.398375302203,60.2348251162885
145.398375302203,55.7159249445795
156.692277279765,61.3645501592157
158.305691847988,71.5320755455609
159.1123991321,73.2266631099518
159.919106416211,74.9212506743427
159.1123991321,77.7455632816608
159.919106416211,85.0887760606879
162.339228268546,93.5617138826423
158.305691847988,91.8671263182514
147.818497154538,92.431988839715
135.717887892864,97.5157515328876
127.650815051748,102.034651704597
123.61727863119,105.988689354842

Velocities: 23
3,2
3,2
7,2
6,1
11,4
12,6
9,7
9,2
12,7
10,9
4,4
-12,2
-10,-8
-2,-1
-2,-1
-2,-3
-7,-6
-9,-6
4,-1
6,-7
3,-12
1,-9
-1,-6

InverseVelocities: 23
0,-2
0,-1
0,0
0,0
-1,-1
-5,-2
-5,0
0,0
-4,-2
-9,-5
-12,-9
0,-12
0,0
6,3
12,9
12,12
12,12
4,10
0,10
-6,12
-6,10
-6,0
0,0

RawData: 23
0,0,0,0,0,0,0,0,0,0,0,0,0,0.6721749,0,0.8447941,1,0.9702116,0.7819238,0.8135498,0.7928094,0,0.6603556,0,0,0,0,0,0,0,0,0,0,0,0,0,0,0,0,0,0,0,0,0,0.6986964,0.7783986,0.761424,0.6531835,0.9405803,1,0.8830702,0.7922449,0.7884615,0,0.6666379,0,0,0,0,0,0,0,0,0,0,0
0,0,0,0,0,0,0,0,0,0,0,0,0,0,0,0.8126745,0.9958689,1,0.8441312,0.618454,0.6778919,0.7915184,0.7234347,0,0,0,0,0,0,0,0,0,0,0,0,0,0,0,0,0,0,0,0,0,0,0.6186057,0.6625507,0.6622527,0.942097,1,0.9049283,0.8530234,0.8424581,0.6993638,0.6367965,0,0,0,0,0,0,0,0,0,0,0
0,0,0,0,0,0,0,0,0,0,0,0,0,0,0,0.8198022,1,0.9765793,0.6792608,0.6351989,0.631644,0.7451499,0.796334,0.7136881,0,0.5383344,0.5660853,0,0,0,0,0,0,0,0,0,0,0,0,0,0,0,0,0,0,0,0,0.5239562,0.9261031,1,0.9029903,0.8082,0.8327708,0.6969821,0.6009958,0,0,0,0,0,0,0,0,0,0,0
0,0,0,0,0,0,0,0,0,0,0,0,0,0,0.715394,0.8270976,1,0.9893059,0.8105807,0.6628681,0.6766585,0.8054635,0.716552,0.7589893,0.7616408,0.7143725,0,0,0,0,0,0,0,0,0,0,0,0,0,0,0,0,0,0,0,0,0,0,0.9434783,1,0.8709491,0.804635,0.7736672,0.7137033,0,0,0,0,0,0,0,0,0,0,0,0
0,0,0,0,0,0,0,0,0,0,0,0,0.5976334,0.6278756,0.7759131,0.78089,1,0.9828337,0.7706246,0.7052589,0.7752957,0.797967,0.8007923,0.6981635,0.6923754,0.7234403,0.6319292,0,0.6726906,0.6489463,0.5996661,0,0,0,0,0,0,0,0,0,0,0,0,0,0,0.5886407,0.635556,0.6543311,0.9481231,1,0.8911619,0.6746347,0.6335137,0,0,0.676343,0.6305494,0,0,0,0,0,0,0,0,0
0,0,0,0,0,0,0,0,0.6019018,0.5957813,0.6703381,0.6551498,0.8072249,0.8240979,0.7438757,0.8046562,1,0.9803569,0.8199114,0.7563863,0.6410052,0.6716169,0.7651193,0.7485965,0.6830221,0.6181989,0.6557432,0.6264929,0.6441036,0.5906766,0.6231409,0.6283116,0,0,0,0,0,0,0,0,0,0,0,0,0.6217625,0.7106045,0.718801,0.6182279,0.9421833,1,0.8592353,0.6174229,0.6876496,0.7454117,0,0.6606009,0,0.629373,0.6173123,0,0,0,0,0,0,0
0,0,0,0,0,0,0,0,0.5910386,0.6756021,0.7306597,0.7542148,0.7927529,0.7876664,0.6475822,0.8507743,1,0.9784327,0.7681302,0.6747576,0.6399376,0.7366786,0.7541408,0.6694686,0.5865856,0,0,0.6332443,0.5980385,0,0,0,0.5926958,0,0,0,0,0,0,0,0,0,0,0,0,0,0.6399245,0.67583,0.9162591,1,0.9403519,0.7914802,0.7530499,0.8002028,0.7843269,0.6949961,0.615413,0.6323653,0.6475461,0.6069072,0,0,0,0,0,0
0,0,0,0,0,0,0,0,0,0,0,0,0,0.6516643,0.6867343,0.741667,1,0.9968967,0.8576087,0.784923,0.8193883,0.8576642,0.8280789,0.6953923,0.7101604,0.7183392,0.7031103,0.6921272,0.6399694,0,0,0,0,0,0,0,0,0,0,0,0,0,0,0,0,0,0,0.7263957,0.9578417,1,0.8960713,0.8433013,0.8055737,0.7871637,0.719039,0,0,0,0,0,0,0,0,0,0,0
0,0,0,0,0,0,0,0,0,0.5338728,0.5904829,0.5539942,0,0.7149114,0.7117527,0.8175107,1,0.9854422,0.7591377,0.7577757,0.7667212,0.8628274,0.8703316,0.8339002,0.6638377,0.7766002,0.6892335,0.774655,0.8336577,0.7800087,0.6658642,0.5764768,0,0,0,0,0,0,0,0,0,0,0,0,0.5521473,0.6398969,0,0.7462102,0.9369497,1,0.8794985,0.6451929,0.6810293,0.7016549,0.6536793,0.6146221,0.6666788,0.650428,0.6081849,0.5755935,0,0,0,0,0,0
0,0,0,0,0.6668112,0.6413654,0.6307733,0.6485541,0.6994935,0.684583,0.7235805,0.750587,0.7419527,0.7202004,0.7194871,0.8053285,1,0.9781049,0.7123031,0.8157696,0.8545622,0.7915871,0.6739507,0.7928866,0.7948221,0.7545124,0.6235943,0.7383903,0.7671569,0.7189768,0,0,0,0,0,0,0,0,0,0,0,0.6332644,0.6694096,0,0.6507265,0.6977322,0.6590271,0.7081422,0.9445047,1,0.8815826,0.6965493,0.6693698,0.6703656,0.7615901,0.6849347,0.6718017,0.7401103,0.718045,0,0.6534404,0.6235861,0,0,0,0
0.6993189,0.7716271,0.8177007,0.8528702,0.8548121,0.8306523,0.7498993,0.6852092,0.755854,0.7261669,0.6729972,0.6578947,0.7209538,0.6860518,0.7014244,0.7931649,1,0.9865782,0.7325191,0.6967691,0,0.5901228,0,0.5998393,0,0,0,0,0,0,0,0,0,0,0,0,0,0.640144,0.6746258,0.6172296,0.6129676,0.6915582,0.6794617,0.6493222,0.7353782,0.6793463,0.6783561,0.7854008,0.9552023,1,0.8810611,0.6877766,0.6768486,0.7136778,0.704829,0.6645762,0.6192286,0,0,0,0,0,0,0,0,0
0.7732956,0.7879633,0.5672049,0.7359409,0.8293952,0.6901134,0.7606354,0.6491132,0.5761108,0.6270548,0.5952197,0.5824839,0.6955863,0.6443045,0.6519244,0.8096845,0.9951448,1,0.8308872,0,0,0,0,0,0,0,0,0,0,0,0,0,0,0.6166424,0.6012409,0.6160761,0.5479527,0.6408325,0.7469339,0.7300828,0.6083738,0.6654734,0.7048631,0.6443087,0.6544387,0,0,0.6488175,0.9252733,1,0.8999153,0.6742715,0.5588219,0,0.5434017,0,0,0,0,0,0,0,0,0,0,0
0,0,0,0.746116,0.800246,0.8459029,0.8715159,0.8869991,0.9034163,0.8946865,0.8614638,0.8200588,0.8159702,0.7570159,0.7929746,0.8917668,1,0.9641843,0.8672217,0,0,0,0,0,0,0,0,0,0,0,0,0,0,0,0,0,0,0,0.7012677,0.7517177,0.7875324,0.8163679,0.8204017,0.78259,0.7306721,0.7169838,0.7155139,0.6914247,0.9453812,1,0.915332,0,0,0,0,0,0,0,0,0,0,0,0,0,0,0
0,0,0,0,0,0,0,0,0,0,0,0.6773789,0.7605354,0.6906509,0.636537,0.8771293,1,0.9867247,0.8892395,0.8634105,0.8525061,0.8189692,0.7909949,0.7379234,0.679972,0.6191349,0,0,0,0,0,0,0,0,0,0,0,0,0,0,0,0,0,0,0,0.6295317,0.6456621,0.7338935,0.9284873,1,0.8952734,0.773844,0.7708709,0.7548606,0.7225397,0.6624538,0,0,0,0,0,0,0,0,0,0
0,0,0,0,0,0,0,0,0,0,0,0.6774282,0.7660108,0.7279226,0.7568982,0.8329644,1,0.9957483,0.8407174,0.7251508,0.7699601,0.7318583,0.7559138,0.7392902,0.7032028,0.7513508,0.6963109,0.7385978,0.74606,0,0.7064139,0.7163798,0.6953883,0,0,0,0,0,0,0,0,0,0,0,0,0.694191,0.6561182,0.6885711,0.9545901,1,0.8983195,0.7317621,0.7477285,0.795812,0.6501803,0.7232612,0.7925754,0.8027442,0.8073115,0.7876893,0.772579,0.689815,0,0,0,0
0,0,0,0,0,0,0,0,0,0,0,0.6101181,0.6875275,0.7243094,0,0.8124082,1,0.9966158,0.7416997,0,0.6055114,0.6619475,0.5470328,0.6262982,0.6776642,0.693558,0.6540633,0.7340554,0.7566474,0.7342353,0.5260295,0.7081269,0.6691452,0,0,0,0,0,0,0,0,0,0,0.6192912,0.6230141,0.6593171,0.6780562,0.6955703,0.9432654,1,0.8666492,0.6901917,0.6774722,0.6871719,0.5957437,0.6211597,0.6546481,0.7106881,0.7445847,0.7175503,0.7216277,0.5983663,0.5700118,0.6374394,0.6593216,0.6116215
0,0,0,0,0,0,0.5963432,0.664684,0.7355554,0.7205029,0.7275352,0.7217886,0.7053788,0.6841219,0.7912689,0.8788769,1,0.9817227,0.7910025,0.6899448,0.6651936,0.7064688,0.6553152,0.621601,0,0,0,0.6447439,0,0,0.6011705,0.6671867,0.6252696,0,0,0,0,0,0,0,0.7020016,0.7367677,0.6648484,0,0.6639954,0.6361205,0.6831984,0.7547839,0.9355019,1,0.8888828,0.6756581,0.7118547,0.7214,0.6767033,0.6253918,0.6607344,0.6248156,0.7559821,0.7066158,0,0.6703925,0,0.6543171,0.6256885,0.627319
0,0,0,0,0.6374479,0.641058,0.6457518,0,0.6677439,0,0,0.6711962,0.7045438,0.7301111,0.6343856,0.8460898,1,0.9817088,0.7773814,0.6943498,0.6760999,0.6871965,0.6314191,0.6415663,0,0,0,0,0,0,0,0,0,0,0,0,0,0,0,0,0.7499419,0.7964327,0.7794595,0.73511,0.710784,0.7647672,0.7586199,0.6809251,0.9463278,1,0.8891202,0.7423663,0.788671,0.7004046,0.7441058,0.715801,0.764896,0.7172521,0,0,0.6823932,0.7148085,0.6692799,0,0,0
0,0,0,0,0,0,0,0,0,0,0,0,0,0,0,0.8266967,1,0.9932125,0.8353413,0.7559608,0.7070534,0,0.694482,0.6891633,0,0,0,0,0,0,0,0,0,0,0,0,0,0,0,0,0,0,0,0,0,0.7211509,0.7338871,0.7531261,0.9507093,1,0.8959261,0.7853938,0.8020603,0.8071225,0.7551959,0,0.7419032,0.7282787,0.7552749,0.7421336,0.7392288,0.7182455,0.7195479,0,0,0
0,0,0,0,0,0,0,0.5754356,0.6092145,0,0.5679311,0.6010919,0,0.5905145,0.6579263,0.7925547,0.9984379,1,0.8302808,0,0,0.7043268,0.5794466,0.6191873,0.6582559,0.5920166,0,0,0,0,0,0,0,0,0,0,0,0,0,0.5941778,0.6278806,0,0,0,0.6752671,0.7274902,0.6230788,0.7299595,0.9462152,1,0.849507,0.750949,0.7149613,0.8197829,0.8264528,0.7454966,0.7255979,0.6724758,0.6631196,0.7327091,0.6430148,0.6555108,0.6506955,0.6607385,0.6365499,0.6047652
0,0,0,0,0,0,0,0.6229644,0.612269,0.6583368,0.646136,0.5973514,0.6448545,0,0.6076125,0.8154028,1,0.9878366,0.7399004,0.6497299,0.6361371,0.6122195,0.6036943,0,0,0,0,0,0,0,0,0,0,0.6510544,0.656058,0,0,0,0,0.6452713,0.6850778,0.6718597,0.6406571,0.6262585,0.73779,0.7012107,0.6381528,0.6700596,0.9341514,1,0.8846265,0,0.6722636,0.6665701,0.7125234,0.7239898,0.6996865,0.6635044,0,0.6379181,0.6525447,0.6351402,0.6320721,0,0,0
0,0,0,0,0,0,0,0.6482898,0,0.6594388,0.6116794,0,0,0,0.6567016,0.8250501,1,0.9831488,0.7364141,0.708427,0.6880827,0,0,0,0,0,0,0,0,0,0,0,0,0.7120459,0,0,0,0.655837,0.6613215,0.6427223,0.6598345,0.6699785,0,0.6485525,0.6683824,0,0.6338862,0,0.9343227,1,0.8848348,0.7005762,0.6430932,0,0,0,0,0,0,0,0,0,0,0,0,0
0,0,0,0,0,0,0,0,0,0,0,0,0.6736426,0.6532679,0,0.8526062,1,0.9788718,0.7725617,0,0,0,0,0,0,0,0,0,0,0,0,0,0,0,0,0,0,0,0,0,0.7156569,0.7431149,0.7149287,0,0,0,0,0,0.939266,1,0.8963392,0,0,0,0,0,0,0,0,0,0,0,0,0,0,0
