GestureName: y
Duration(ms): 1128
Handedness: right

SpeakerAngles: 2
55
-55

InterpretedPoints: 24
-4.03353642055799,-2.82431260731812
0,0
0,0
0,0
0.806707284111599,2.82431260731812
0,4.51890017170899
0,4.51890017170899
1.6134145682232,6.77835025756348
-0.806707284111599,6.21348773609986
-7.26036555700439,0.564862521463623
-0.806707284111599,-7.34321277902711
-2.4201218523348,-9.6026628648816
0,-10.1675253863452
-0.806707284111599,-7.34321277902711
0,-3.38917512878174
-1.6134145682232,-2.25945008585449
0.806707284111599,2.82431260731812
4.03353642055799,5.08376269317261
-0.806707284111599,8.47293782195435
1.6134145682232,10.1675253863452
-1.6134145682232,11.2972504292725
2.4201218523348,9.6026628648816
-3.2268291364464,9.03780034341798
1.6134145682232,6.77835025756348

StrokePoints: 25
177.666666666667,130.277777777778
181.700203087225,133.102090385096
181.700203087225,133.102090385096
181.700203087225,133.102090385096
181.700203087225,133.102090385096
180.893495803113,130.277777777778
180.893495803113,125.758877606069
180.893495803113,121.23997743436
179.28008123489,114.461627176796
180.086788519001,108.248139440696
187.347154076006,107.683276919233
188.153861360117,115.02648969826
190.573983212452,124.629152563142
190.573983212452,134.796677949487
191.380690496564,142.139890728514
191.380690496564,145.529065857296
192.994105064787,147.78851594315
192.187397780675,144.964203335832
188.153861360117,139.880440642659
188.960568644229,131.407502820705
187.347154076006,121.23997743436
188.960568644229,109.942727005087
186.540446791894,100.340064140206
189.767275928341,91.3022637967878
188.153861360117,84.5239135392243

Velocities: 24
-5,0
0,0
0,0
0,0
3,2
4,4
4,4
7,5
5,6
-4,5
-7,-6
-10,-7
-9,-9
-7,-6
-3,-3
-3,-1
3,2
7,2
7,8
10,8
9,11
10,7
6,10
7,5

InverseVelocities: 24
0,0
0,0
0,0
0,0
0,0
0,0
-2,0
-3,-2
-2,0
0,0
0,0
0,0
1,0
0,0
0,0
0,0
0,0
0,0
0,0
0,-1
-2,0
-2,-5
-3,-6
-4,-5

RawData: 24
0,0,0,0,0,0,0,0,0.7530894,0.755806,0,0.7549,0.7530404,0,0.7777092,0.8663979,1,0.9784285,0,0,0,0,0,0,0,0,0,0,0,0,0,0,0,0,0,0,0,0,0,0,0,0,0,0,0,0,0,0.8000103,0.9595526,1,0.8908919,0,0,0,0,0,0,0,0,0,0,0,0,0,0,0
0,0,0,0,0,0,0,0,0,0,0,0,0,0,0,0.8925045,1,0.9934968,0,0,0,0,0,0,0,0,0,0,0,0,0,0,0,0,0,0,0,0,0,0,0,0,0,0,0,0,0,0,0.9565642,1,0.9060211,0,0,0,0,0,0,0,0,0,0,0,0,0,0,0
0,0,0,0,0,0,0,0,0,0,0,0,0,0.7167104,0.7612548,0.8641135,1,0.9886561,0.7604132,0,0,0,0,0,0,0,0,0,0,0,0,0,0,0,0,0,0,0,0,0,0,0,0,0,0,0,0.7360141,0.8213807,0.9479774,1,0.9011834,0,0,0,0,0,0,0,0,0,0,0,0,0,0,0
0,0,0,0,0,0,0,0,0,0,0,0,0,0,0.6509687,0.8325206,1,0.9788921,0.7612384,0.6327553,0,0,0,0,0,0,0,0,0,0,0,0,0,0,0,0,0,0,0,0,0,0,0,0,0,0,0,0.722273,0.9411045,1,0.9033372,0,0,0,0,0,0,0,0,0,0,0,0,0,0,0
0,0,0,0,0,0,0,0,0,0,0,0,0,0,0,0.8380666,1,0.9951581,0.8838047,0.7792935,0.7178421,0.7081816,0.6811865,0,0,0,0,0,0,0,0,0,0,0,0,0,0,0,0,0,0,0,0,0,0,0,0,0.6769273,0.9567381,1,0.8730298,0.7237136,0.7065821,0.7053732,0.6582714,0,0,0,0,0,0,0,0,0,0,0
0,0,0,0,0,0,0,0,0,0,0,0,0,0.6572531,0.6734946,0.8688807,1,0.9799178,0.852125,0.8468975,0.759409,0.6494274,0.706402,0.7165871,0,0,0,0,0,0,0,0,0,0,0,0,0,0,0,0,0,0,0,0,0,0,0,0.6336011,0.9349578,1,0.9014826,0.6238657,0.6584316,0.6996069,0.6249296,0.6905554,0.6374263,0,0,0,0,0,0,0,0,0
0,0,0,0,0,0,0,0,0,0,0,0.6941364,0.7021083,0.7059397,0.7042693,0.7839723,0.9984082,1,0.8222249,0.7436045,0.7994151,0.706988,0.7769244,0.779332,0,0,0,0,0,0,0,0,0,0,0,0,0,0,0,0,0,0,0,0,0,0,0,0.667543,0.9462941,1,0.8758163,0.795594,0.8034101,0.7417196,0,0.6760994,0.7066507,0,0,0,0,0,0,0,0,0
0,0,0,0,0,0,0,0,0,0,0.6279606,0.6727312,0.65672,0.6719013,0.6111333,0.8126348,1,0.9866521,0.6992924,0.6912856,0.7513852,0.7556822,0.632744,0.6052867,0.6374952,0.6828167,0.6859224,0,0,0,0,0,0,0,0,0,0,0,0,0,0,0,0,0,0.6060315,0.5797983,0,0.6231002,0.9376744,1,0.8803561,0.6856399,0.6761131,0.6823274,0.6882136,0.7267489,0.6608448,0.6135782,0,0,0,0,0,0,0,0
0,0,0,0,0,0,0,0,0,0,0,0.6514376,0,0,0,0.8439506,1,0.9827832,0.7465435,0.8056164,0.7859727,0.7115502,0.7226349,0.6880143,0.6729501,0,0,0,0,0,0,0,0,0,0,0,0,0,0,0,0,0,0,0,0,0,0,0.6825963,0.9393632,1,0.9039539,0.749439,0.7734622,0.7703753,0.7908608,0.7899258,0.7732932,0.7922928,0.7454482,0,0,0,0,0,0,0
0,0,0,0,0,0,0,0,0,0.56993,0.5782053,0.7030234,0.7475014,0.7464239,0.7497823,0.8636277,1,0.985707,0.8013126,0.5851138,0,0,0,0,0,0,0,0,0,0,0,0,0,0,0,0,0,0,0,0,0,0,0,0,0,0,0.6914839,0.7397592,0.9437912,1,0.8881799,0.7083601,0.6829283,0.6698308,0.6964297,0.6438552,0.6431116,0.5875342,0,0,0,0,0,0,0,0
0,0,0,0,0,0,0.672231,0.7663946,0.8216687,0.8235062,0.8371811,0.8417203,0.8298478,0.7716427,0.7257602,0.7903695,1,0.9891971,0.743881,0.6213728,0,0,0,0,0,0,0,0,0,0,0,0,0,0,0,0,0,0,0,0,0.6428414,0.7390321,0.7463626,0.7311965,0.7659742,0.7578998,0,0.7715724,0.9509128,1,0.8857865,0,0.6562039,0,0,0,0,0,0,0,0,0,0,0,0,0
0,0,0,0.6920542,0.7329772,0.6450379,0.6147358,0.7849085,0.817663,0.7311053,0,0.6786465,0.7251381,0.7563493,0.7205115,0.8338649,1,0.9729882,0.8152729,0.653312,0,0,0,0,0,0,0,0,0,0,0,0,0,0,0,0,0,0,0,0.7213068,0.7949838,0.84036,0.7985322,0.7860737,0.7598677,0.6393092,0,0.7121911,0.9377034,1,0.8755714,0.5988042,0,0,0,0,0,0,0,0,0,0,0,0,0,0
0,0,0,0,0.6575232,0.6779968,0.6920519,0.7935291,0.7488745,0.7470512,0.6909244,0.6663651,0.6807333,0.6500478,0,0.8393957,1,0.979017,0.7312493,0.7223492,0.6959423,0,0,0,0,0,0,0,0,0,0,0,0,0,0,0,0,0.6735572,0.7233947,0.754199,0.8383854,0.8345525,0.6958771,0.7668186,0,0.6863121,0.6661523,0,0.944921,1,0.8857104,0.6547416,0.6940079,0,0,0,0,0,0,0,0,0,0,0,0,0
0,0,0,0,0,0,0.5621058,0.716199,0.7779983,0.7984738,0.7655297,0.7428719,0.7150939,0.6493132,0.5624965,0.8126206,1,0.9894296,0.7675971,0,0,0,0,0,0,0,0,0,0,0,0,0,0,0,0,0,0,0,0,0,0.603993,0.738634,0.8056044,0.7975362,0.7205209,0.6015616,0.575606,0.6071522,0.92825,1,0.8712385,0.6237562,0.6379483,0,0,0,0,0,0,0,0,0,0,0,0,0
0,0,0,0,0,0,0,0,0,0,0.6726497,0.7710348,0.8280777,0.8618345,0.8447706,0.8070459,1,0.9846298,0.7475856,0,0,0,0,0,0,0,0,0,0,0,0,0,0,0,0,0,0,0,0,0,0,0,0,0.6463442,0.6736849,0.6228308,0.7324693,0.740661,0.9443738,1,0.8913564,0,0,0,0,0,0,0,0,0,0,0,0,0,0,0
0,0,0,0,0,0,0,0,0,0,0.5712268,0,0.5971668,0.6248938,0.7157816,0.8283632,1,0.9863926,0.7498163,0.5683336,0,0,0,0,0,0,0,0,0,0,0,0,0,0,0,0,0,0,0,0,0,0,0,0,0,0.6120532,0.6623091,0.7111802,0.9430723,1,0.8784118,0.5587479,0,0,0,0,0,0,0,0,0,0,0,0,0,0
0,0,0,0,0,0,0,0,0,0,0,0,0,0,0,0.8232698,1,0.9900307,0.720369,0.8116114,0.7853946,0.7681139,0.7019897,0,0,0,0,0,0,0,0,0,0,0,0,0,0,0,0,0,0,0,0,0,0,0,0,0,0.9492084,1,0.8913098,0.7040755,0,0.6711974,0.6765247,0,0,0,0,0,0,0,0,0,0,0
0,0,0,0,0,0,0,0,0,0,0,0,0,0,0,0.8285619,1,0.984886,0.7324324,0.6310635,0.7606293,0.8528205,0.8578503,0.79806,0.7170858,0.6334783,0.6046099,0,0,0,0,0,0,0,0,0,0,0,0,0,0,0,0,0,0,0,0,0.6728688,0.9376434,1,0.8914862,0.6159416,0.7447563,0.8184202,0.784628,0,0,0,0,0,0,0,0,0,0,0
0,0,0,0,0,0,0,0,0,0,0,0,0,0,0,0.7827329,1,0.9959372,0.7778376,0.6183887,0.7145107,0.7148504,0.7532259,0.6591199,0.7605134,0.7056644,0.6417143,0,0,0,0,0,0,0,0,0,0,0,0,0,0,0,0,0,0,0,0.5965459,0.6196901,0.9379935,1,0.8702165,0.6724896,0.6113287,0.7238415,0.8087111,0.8021729,0.6973104,0.736138,0.6511417,0.5752712,0.6183338,0,0,0,0,0
0,0,0,0,0,0,0,0,0,0,0,0,0,0.6475205,0.6182489,0.8343127,1,0.9866788,0.7658145,0.6143638,0.6765158,0.7103534,0.6359975,0.7222292,0.741976,0.6723501,0.7049279,0.6294829,0.6641678,0.6375935,0,0,0,0,0,0,0,0,0,0,0,0,0,0,0,0.6236527,0.6441826,0.7323663,0.9374679,1,0.8871478,0,0.6815225,0.7044295,0.7066619,0.7929816,0.8232859,0.7077764,0.7012088,0.6594578,0.6411276,0,0,0,0,0
0,0,0,0,0,0,0,0,0,0,0,0.5906379,0.6423097,0.6918831,0.7284845,0.8105009,1,0.9756097,0.7191778,0.7635761,0.7287931,0.7149618,0.7660508,0.7612925,0.6974254,0.5898492,0.7725987,0.7731966,0.6977028,0,0,0,0,0,0,0,0,0,0,0,0,0,0,0,0,0,0.6489982,0.6088573,0.9459947,1,0.8692173,0.6347049,0.6613838,0,0.6811371,0,0.7062749,0.5925141,0.738566,0.6921343,0.7410948,0.7293113,0.661527,0.5987674,0,0
0,0,0,0,0,0,0,0,0,0,0,0.6529146,0.6922522,0.7296881,0.6565478,0.8447241,1,0.9850078,0.8411232,0.8102103,0.7576753,0.7263407,0.793299,0,0.6494362,0,0.7153265,0.6577662,0.6357209,0.6593688,0,0,0,0,0,0,0,0,0,0,0,0.647229,0.6877438,0.6929317,0.7067616,0.714896,0.7216713,0,0.9420478,1,0.8791799,0.6419522,0,0.6648271,0.6569324,0.7288153,0.7974604,0.80106,0.7501827,0.7216941,0,0,0,0,0,0
0,0,0,0,0,0,0,0,0,0,0.6617368,0.7670411,0.7749858,0.7801744,0,0.8202181,1,0.9652222,0.8297474,0.7975789,0.7890756,0.7647501,0.8117411,0.7365581,0.6654622,0.7239566,0,0,0,0,0,0,0,0,0,0,0,0,0,0,0.6435323,0.7014114,0.7481748,0.7553238,0.6276364,0.6057399,0.6451845,0.7343199,0.92571,1,0.9037051,0.7920008,0.7589036,0,0.6199826,0.6866978,0.6401844,0.6370366,0.6941591,0.6853408,0.6616735,0.6057885,0.6292932,0,0,0
0,0,0,0,0,0,0,0,0,0.6117144,0.6547868,0.7715878,0.7772549,0.790965,0.7754211,0.8380004,1,0.9866341,0,0.735626,0.7091883,0.6992328,0.707893,0.6889637,0,0.6248142,0.5654263,0,0,0,0,0,0,0,0,0,0,0,0,0,0,0.6146042,0.6611766,0.6942834,0.5615356,0.7382153,0.7674718,0.7170551,0.9352176,1,0.8746589,0.7961586,0.7820003,0.6623566,0,0.6097904,0,0.5927858,0,0,0,0,0,0,0,0
