GestureName: zigzag
Duration(ms): 1316
Handedness: right

SpeakerAngles: 2
55
-55

InterpretedPoints: 28
0,0
0.806707284111599,0.564862521463624
1.6134145682232,5.64862521463624
2.4201218523348,10.7323879078088
0,13.556700515127
0.806707284111598,12.9918379936633
1.6134145682232,9.03780034341798
-2.4201218523348,2.82431260731812
0,1.12972504292725
-0.806707284111599,-10.7323879078088
-0.806707284111598,-12.9918379936633
3.2268291364464,-7.90807530049073
4.03353642055799,0.564862521463623
-2.4201218523348,11.8621129507361
-2.4201218523348,11.8621129507361
-3.22682913644639,11.2972504292725
-10.4871946934508,-3.95403765024536
3.2268291364464,-6.77835025756348
-1.6134145682232,-2.25945008585449
0,-2.25945008585449
-0.806707284111599,-1.69458756439087
2.4201218523348,-3.95403765024536
2.4201218523348,-5.08376269317261
3.2268291364464,-3.38917512878174
-3.2268291364464,2.25945008585449
-5.64695098878119,1.69458756439087
6.45365827289279,-7.90807530049073
0,0

StrokePoints: 29
177.666666666667,130.277777777778
177.666666666667,130.277777777778
176.859959382555,129.712915256314
175.246544814332,124.064290041678
172.826422961997,113.331902133869
172.826422961997,99.7752016187421
172.019715677885,86.7833636250788
170.406301109662,77.7455632816608
172.826422961997,74.9212506743427
172.826422961997,73.7915256314155
173.633130246109,84.5239135392243
174.43983753022,97.5157515328876
171.213008393774,105.423826833378
167.179471973216,104.858964311915
169.599593825551,92.9968513611787
172.019715677886,81.1347384104426
175.246544814332,69.8374879811701
185.733739507783,73.7915256314155
182.506910371336,80.569875888979
184.12032493956,82.8293259748335
184.12032493956,85.0887760606879
184.927032223671,86.7833636250788
182.506910371336,90.7374012753242
180.086788519002,95.8211639684968
176.859959382555,99.2103390972785
180.086788519002,96.9508890114241
185.733739507783,95.2563014470332
179.28008123489,103.164376747524
179.28008123489,103.164376747524

Velocities: 28
0,0
1,0
6,4
11,8
12,12
12,11
9,7
1,4
1,1
-10,-9
-12,-11
-5,-9
3,-2
9,12
9,12
8,12
-10,3
-4,-8
-3,-1
-2,-2
-2,-1
-2,-5
-3,-6
-1,-5
0,4
-2,5
-3,-11
0,0

InverseVelocities: 28
0,0
0,0
0,0
0,0
0,0
0,0
-1,0
-3,0
-7,-4
0,0
2,0
0,0
0,5
0,0
0,0
-9,-8
0,-8
0,0
0,0
1,2
2,3
2,2
0,0
0,0
0,0
1,0
2,0
0,0

RawData: 28
0,0,0,0,0,0,0,0,0,0,0,0,0,0,0.6924432,0.8434919,1,0.988444,0.8731303,0,0,0,0,0,0,0,0,0,0,0,0,0,0,0,0,0,0,0,0,0,0,0,0,0,0,0,0,0,0.9450408,1,0.9160261,0.7349707,0,0,0,0,0,0,0,0,0,0,0,0,0,0
0,0,0,0,0,0,0,0,0,0,0,0,0,0,0,0.8136706,1,0.9908716,0.8663975,0.7880011,0.6131229,0,0,0,0,0,0,0,0,0,0,0,0,0,0,0,0,0,0,0,0,0,0,0,0,0,0,0.6399454,0.9568985,1,0.8938457,0.8037304,0.6859162,0,0,0,0,0,0,0,0,0,0,0,0,0
0,0,0,0,0,0,0,0,0,0,0,0,0,0,0,0.813067,1,0.9857506,0.7421847,0.8611912,0.873084,0.8205037,0.7424164,0.7514685,0.7095159,0.6656412,0,0,0,0,0,0,0,0,0,0,0,0,0,0,0,0,0,0,0,0,0,0.6701958,0.9509213,1,0.8831663,0.8605366,0.8271536,0.7037649,0.7225256,0.7165508,0.666616,0,0,0,0,0,0,0,0,0
0,0,0,0,0,0,0,0,0,0,0,0,0,0,0.6605527,0.8357013,1,0.9861485,0.7393566,0.683557,0.6898165,0.7522658,0.7712211,0.7339749,0.755523,0,0.7443697,0.7234889,0.7858848,0.793169,0.7385218,0,0,0,0,0,0,0,0,0,0,0,0,0,0,0,0,0.7016624,0.9418714,1,0.9010556,0.7811512,0.847957,0.8018159,0.829621,0.8367977,0.7962936,0,0.645716,0.7036492,0.6741652,0,0,0,0,0
0,0,0,0,0,0,0,0,0,0,0,0,0,0,0.6793979,0.8407921,1,0.982823,0.7654045,0.6647562,0,0,0.6824297,0.7064695,0.7261266,0.7828369,0.7167478,0.7469353,0.7606161,0.7825748,0.8321687,0.8082632,0.774577,0,0,0,0,0,0,0,0,0,0,0,0,0,0,0.6960468,0.9483178,1,0.8804279,0.7507577,0.77549,0.7949473,0.7913647,0.7033836,0.733772,0.7563281,0.6710191,0,0.7292827,0.6987814,0,0.7043458,0.6940195,0
0,0,0,0,0,0,0,0,0,0,0,0,0,0.7355851,0.7727627,0.8292913,1,0.987966,0.827145,0.7619165,0.7522683,0.7778398,0,0.8445327,0.8658122,0.8509607,0.7692385,0.8655067,0.8657987,0.8388134,0.8368003,0.7504183,0,0,0,0,0,0,0,0,0,0,0,0,0,0,0,0,0.9505924,1,0.8924667,0,0,0,0.7070833,0,0.7141211,0.7281333,0.7231545,0,0,0.7476746,0.7421401,0.7199897,0,0
0,0,0,0,0,0,0,0,0,0,0,0,0.7302969,0.7567633,0.8024287,0.8083186,0.9733084,1,0.908285,0.8534728,0.8066761,0.7248165,0.7493181,0.8126711,0.8195595,0.7913786,0.7404566,0.712109,0.6661395,0,0,0,0,0,0,0,0,0,0,0,0,0,0,0,0,0,0.6795862,0.711489,0.9361374,1,0.9159141,0.7971039,0.7985145,0.8214309,0.8284912,0.7724149,0,0,0.7075607,0.6960524,0,0,0,0,0,0
0,0,0,0,0,0,0,0,0,0,0.6494253,0.681673,0.7027209,0.756292,0.7830196,0.9145661,1,0.9390883,0.6943529,0.6616617,0.7253033,0,0,0,0,0,0,0,0,0,0,0,0,0,0,0,0,0,0,0,0,0,0,0,0,0,0.7058635,0.7533696,0.9433376,1,0.8671671,0.7067546,0.8272187,0.8018132,0.736848,0.6627106,0.6034866,0,0,0,0,0,0,0,0,0
0,0,0,0,0,0,0.6471364,0.7115347,0.7577604,0.8005025,0.7675838,0.6732858,0.6714031,0.7209797,0.7945588,0.9027585,1,0.9731039,0.8081142,0.7479544,0.6577872,0,0,0,0,0,0,0,0,0,0,0,0,0,0,0,0,0,0,0,0,0,0.7151971,0.7790383,0.7812264,0.7531591,0.7832759,0.7825083,0.9451491,1,0.9180844,0.7376937,0.6599959,0.6200234,0,0,0,0,0,0,0,0,0,0,0,0
0,0,0,0.7116996,0.7397559,0.6961135,0.7473592,0.7622049,0.7294499,0.8054079,0.7282988,0.6649454,0.6917433,0.7407618,0.6940354,0.6800995,1,0.9966808,0.7992229,0,0,0,0,0,0,0,0,0,0,0,0,0,0,0,0,0,0,0.6594591,0.7022936,0.7030324,0.6716189,0,0.7160818,0.7545279,0,0.642648,0.7310778,0.7555555,0.9380323,1,0.9035913,0.6727155,0.6606054,0,0,0,0,0,0,0,0,0,0,0,0,0
0,0.6836988,0.7442942,0.7743242,0.7365556,0.6472958,0,0.6994434,0.6779513,0.7452431,0.7081735,0.6640047,0.7536222,0.7729012,0.6989505,0.8451031,1,0.9853845,0.7821999,0,0.6360529,0.6958298,0,0,0,0,0,0,0,0,0,0,0,0,0,0.653313,0.7015297,0.7721166,0.789268,0,0.7143354,0,0.6574593,0.7365715,0.7238356,0.7680963,0.6928642,0.7051694,0.9486192,1,0.8929186,0,0,0,0,0,0,0,0,0,0,0,0,0,0,0
0,0,0,0,0,0,0,0,0.6681587,0.6974673,0.7741982,0.7795461,0.7258102,0.7103742,0.7068338,0.8578416,1,0.9834676,0.773025,0,0,0,0,0,0,0,0,0,0,0,0,0,0,0,0,0,0,0.6896491,0.7250082,0.7743547,0.7924573,0.7971821,0.8097399,0.811271,0.8159778,0.7388904,0.7417096,0.7951043,0.9302268,1,0.8800239,0.7726301,0.6607493,0,0,0,0,0,0,0,0,0,0,0,0,0
0,0,0,0,0,0,0,0,0,0,0,0,0,0.691092,0.713773,0.858133,1,0.9839303,0.766116,0.6258278,0,0.6382551,0.6430853,0,0,0,0,0,0,0,0,0,0,0,0,0,0,0,0,0,0,0,0,0,0.6182786,0.6887494,0.7228203,0.7566557,0.9348641,1,0.9098138,0.8134164,0.7765503,0.7332648,0.7157564,0.7028403,0.6642191,0.6296706,0,0,0,0,0,0,0,0
0,0,0,0,0,0,0,0,0,0,0,0,0,0.6812415,0.7207081,0.7782406,1,0.9932758,0.7406215,0.69237,0.7152,0.7038215,0.7578676,0.6972975,0,0.674621,0.7422662,0.7116665,0.6756744,0,0,0,0,0,0,0,0,0,0,0,0,0,0,0,0,0,0,0.7036231,0.9393491,1,0.8940748,0.7441319,0.7237298,0.7672721,0.7642854,0.7933918,0.7922913,0.7826162,0.652209,0.6802006,0.742177,0.7689341,0.772937,0.7608584,0.7223387,0.6454745
0,0,0,0,0,0,0,0,0,0,0,0,0,0.6281058,0,0.8452003,1,0.9834064,0.7330659,0.6848728,0.7263238,0,0,0.6467753,0.6963989,0.7350917,0.6539586,0.6817451,0.6572301,0,0,0,0,0,0,0,0,0,0,0,0,0,0,0,0,0,0,0.7379326,0.9595694,1,0.8680287,0.7020277,0.7107386,0.6645396,0.6546003,0.6749533,0.6429279,0.6922641,0.7110289,0.6335977,0.6270217,0.6481904,0.6584176,0.692753,0.6854772,0.7063805
0,0,0,0,0.5117867,0.5154205,0.5305777,0.5138844,0.6119386,0.6707585,0.6402333,0.5307057,0.6653866,0.6623864,0.5651917,0.8225103,1,0.9873762,0.7732735,0.5949382,0.5486141,0.5890399,0.5955999,0,0.5459642,0.5201946,0.5060608,0.5047189,0,0,0,0,0,0,0,0,0,0,0.5179935,0.534678,0,0,0,0,0,0,0,0.627566,0.9421164,1,0.8655218,0.6465316,0.5518221,0.6083796,0.6717492,0.6363894,0.5175495,0,0.6320227,0,0.6121091,0.6344416,0.5544999,0,0.5172843,0.5126738
0,0,0,0.64771,0.6296353,0.6260472,0,0,0,0,0.7070229,0.6388938,0.6358737,0.6714342,0.6918956,0.8176771,1,0.9874059,0.8001347,0,0,0,0,0,0,0,0,0,0,0,0,0,0,0,0,0,0,0,0.6354857,0.6756031,0.6524572,0.6612563,0.7115233,0.724393,0.682108,0,0.6818858,0.7193685,0.9391199,1,0.9023702,0,0,0,0,0.6214824,0,0,0,0,0,0,0,0,0,0
0,0,0,0,0,0,0,0,0,0.6901069,0.6670743,0.6835133,0,0.7071778,0.7113393,0.860409,1,0.9757717,0.7487012,0,0,0,0,0,0,0,0,0,0,0,0,0,0,0,0,0,0,0,0.6542329,0.6758277,0,0.6763606,0.6619573,0.6741067,0.6850341,0,0.6502664,0.7424546,0.9404177,1,0.8939936,0.6338094,0,0,0,0,0,0,0,0,0,0,0,0,0,0
0,0,0,0,0,0,0,0,0,0,0.6039829,0.6356422,0.7139286,0.7504742,0.7836681,0.8662843,1,0.979947,0.7536516,0,0,0,0,0,0,0,0,0,0,0,0,0,0,0,0,0,0,0,0,0,0,0,0,0,0,0.6723383,0.6619986,0.6368695,0.9420223,1,0.891941,0,0,0,0,0,0,0,0,0,0,0,0,0,0,0
0,0,0,0,0,0,0,0,0,0,0,0.620656,0.6829194,0.7087979,0.7161535,0.8581035,1,0.9858537,0.7780927,0.5966521,0.5915344,0,0,0,0,0,0,0,0,0,0,0,0,0,0,0,0,0,0,0,0,0,0,0,0.674014,0.6656301,0.5950349,0.6454246,0.9417315,1,0.8714562,0.6345492,0.6422027,0.6443266,0.5799999,0,0,0,0,0,0,0,0,0,0,0
0,0,0,0,0,0,0,0,0,0,0,0.666136,0.7813716,0.8123887,0.7078341,0.8529416,1,0.9824476,0.7691346,0,0.7053689,0.7063317,0,0,0,0,0,0,0,0,0,0,0,0,0,0,0,0,0,0,0,0,0,0,0,0.6674898,0,0.7286366,0.9528328,1,0.9114233,0.6409678,0,0,0.6580921,0.6324264,0,0,0,0,0,0,0,0,0,0
0,0,0,0,0,0,0,0,0,0,0,0.7185824,0.6743337,0.6717153,0.7876855,0.834304,1,0.973964,0.6883616,0,0,0.650134,0,0,0,0,0,0,0,0,0,0,0,0,0,0,0,0,0,0,0,0.611576,0.605996,0.6321767,0.6678993,0.6993728,0,0.6818637,0.923888,1,0.9077543,0.6394123,0.6763589,0.6500692,0.6306358,0,0,0,0,0,0,0,0,0,0,0
0,0,0,0,0,0,0,0,0,0,0.6924925,0.7024022,0.7199491,0.768558,0.7389075,0.8458701,1,0.9883097,0.7913102,0,0,0,0,0,0,0,0,0,0,0,0,0,0,0,0,0,0,0,0,0,0.7244385,0.7144337,0,0.7500021,0.7640868,0,0,0,0.9477084,1,0.8878422,0,0,0,0,0,0,0,0,0,0,0,0,0,0,0
0,0,0,0,0,0,0,0,0,0,0,0,0.5944015,0.6734823,0.7455462,0.7787092,0.9960655,1,0.8278099,0,0,0,0,0,0,0,0,0,0,0,0,0,0,0,0,0,0,0,0,0,0,0.6365383,0.6395258,0,0.6334916,0.6995348,0.7386332,0.7767798,0.9090885,1,0.9053699,0.6106881,0,0,0,0,0,0,0,0,0,0,0,0,0,0
0,0,0,0,0,0,0,0,0,0,0,0,0,0.5917155,0.5831483,0.8546604,1,0.9779532,0.704977,0.6439345,0,0,0,0,0,0,0,0,0,0,0,0,0,0,0,0,0,0,0,0,0,0,0,0,0,0,0,0.6891075,0.9487047,1,0.8725499,0.7201294,0.7238509,0.6902891,0.6584836,0.6187721,0.6439148,0,0,0,0,0,0,0,0,0
0,0,0,0,0,0,0,0,0,0,0,0.6106921,0.6399461,0.7057858,0.7055809,0.8476934,1,0.9809005,0.7745968,0.7168807,0.6217637,0,0,0,0,0,0,0,0,0,0,0,0,0,0,0,0,0,0,0,0,0,0,0,0,0,0,0.6532095,0.949591,1,0.8787432,0.6917005,0.6941374,0.6722757,0,0,0.6738819,0.6836009,0,0,0,0,0,0,0,0
0,0,0,0,0,0,0,0,0,0,0.682531,0.6620386,0.6709819,0.6830277,0.6070269,0.8373481,1,0.9801166,0.7474363,0.580197,0.6413624,0.634325,0,0,0,0,0,0,0,0,0,0,0,0,0,0.5961729,0.595723,0.6308673,0.6351643,0,0.625429,0.6311277,0.644278,0.632775,0.6145606,0,0.6267543,0.7137039,0.9404666,1,0.8873411,0.602958,0,0,0,0,0,0,0,0,0,0,0,0,0,0
0,0,0,0,0,0,0,0,0,0,0,0,0,0,0,0.8526253,1,0.9890668,0.8297071,0,0,0,0,0,0,0,0,0,0,0,0,0,0,0,0,0,0,0,0,0,0,0,0,0,0,0,0,0,0.9532877,1,0.9108081,0,0,0,0,0,0,0,0,0,0,0,0,0,0,0
