GestureName: triangle
Duration(ms): 1410
Handedness: right

SpeakerAngles: 5
55
-55
0
0
110

SpeakerElevations: 5
-10
-10
-10
0
30

InterpretedPoints: 30
0,0,0
0,0,0
0,0,0
0,0,0
0,0,0
0,0,0
0,-1.98480775301221,0.17364817766693
-7.30290794043104,-17.2002281679019,-0.221629157329114
-7.30290794043104,-26.933001684502,2.38309350767484
-8.95886489208089,-32.1254283941703,-0.269610136991298
-9.76557217619249,-33.8200159585612,0.251334396009493
-0.085084766853301,-27.0416657009977,-1.83244373599367
-0.0212711917133253,-7.74522417826163,-0.284462756331487
0,0,0
1.6701377461254,13.8980520910712,1.56892551266297
8.95177449484311,29.7270389625055,0.29055466999209
12.9782205181633,29.8935120523042,0.13785102532595
15.4054327677359,23.2537155317598,2.20068462432832
2.4201218523348,2.29022018862134,0.347296355333861
0,0,0
1.62050496546097,3.25347214174981,0.152703644666139
0.0141807944755501,12.8657349183058,-1.08377813200316
4.11153079017352,24.5131656176143,1.5060919136606
7.34545032385769,29.0260878452186,0.96420284765902
0.884701653727124,16.2992922727232,2.72162915732911
0.842159270300473,6.732882681261,1.28446275633149
0,0,0
0,0,0
0,0,0
0,0,0

StrokePoints: 31
0,0,0
0,0,0
0,0,0
0,0,0
0,0,0
0,0,0
0,0,0
0,-1.98480775301221,0.17364817766693
-7.30290794043104,-19.1850359209141,-0.0479809796621839
-14.6058158808621,-46.1180376054162,2.33511252801266
-23.564680772943,-78.2434659995865,2.06550239102136
-33.3302529491354,-112.063481958148,2.31683678703085
-33.4153377159887,-139.105147659145,0.484393051037181
-33.4366089077021,-146.850371837407,0.199930294705694
-33.4366089077021,-146.850371837407,0.199930294705694
-31.7664711615767,-132.952319746336,1.76885580736867
-22.8146966667336,-103.22528078383,2.05941047736076
-9.83647614857023,-73.3317687315261,2.19726150268671
5.56895661916567,-50.0780531997662,4.39794612701503
7.98907847150046,-47.7878330111449,4.74524248234889
7.98907847150046,-47.7878330111449,4.74524248234889
9.60958343696143,-44.5343608693951,4.89794612701503
9.62376423143698,-31.6686259510893,3.81416799501187
13.7352950216105,-7.15546033347496,5.32025990867247
21.0807453454682,21.8706275117437,6.28446275633149
21.9654469991953,38.1699197844669,9.0060919136606
22.8076062694958,44.9028024657279,10.2905546699921
22.8076062694958,44.9028024657279,10.2905546699921
22.8076062694958,44.9028024657279,10.2905546699921
22.8076062694958,44.9028024657279,10.2905546699921
22.8076062694958,44.9028024657279,10.2905546699921

Velocities: 30
0,0,0
0,0,0
0,0,0
0,0,0
0,0,0
0,0,0
0,0,-1
-6,-3,-7
-12,-9,-10
-10,-11,-12
-12,-12,-12
0,-12,-12
0,-3,-4
0,0,0
0,6,8
9,9,12
11,5,12
9,1,9
0,-3,1
0,0,0
1,0,1
3,5,4
4,10,9
8,11,10
0,10,6
0,4,3
0,0,0
0,0,0
0,0,0
0,0,0

InverseVelocities: 30
0,0,0
0,0,0
0,0,0
0,0,0
0,0,0
0,0,0
0,0,0
0,0,0
0,0,0
0,0,0
0,0,0
0,0,0
0,0,0
0,0,0
0,0,0
0,0,0
0,0,0
0,-3,-5
0,0,-2
0,0,0
0,0,0
0,0,0
0,0,0
0,0,0
0,0,-1
0,0,0
0,0,0
0,0,0
0,0,0
0,0,0

RawData: 30
0,0,0,0,0,0,0,0,0,0,0,0,0,0,0,0.893317,1,0.9554599,0.7425237,0,0,0,0,0,0,0,0,0,0,0,0,0,0,0,0,0,0,0,0,0,0,0,0,0,0,0,0,0,0.8695902,1,0.9906346,0.815693,0,0,0,0,0,0,0,0,0,0,0,0,0,0,0,0,0,0,0,0,0,0,0,0,0,0,0,0,0,0.9311051,1,0.9185192,0.7401423,0,0,0,0,0,0,0,0,0,0,0,0,0,0,0,0,0,0,0,0,0,0,0,0,0,0,0,0,0,0.8642041,1,0.9336834,0.8227476,0,0,0,0,0,0,0,0,0,0,0,0,0,0,0,0,0,0,0,0,0,0,0,0,0,0,0,0,0,0.7327054,0.9662635,1,0.8374802,0,0,0,0,0,0,0,0,0,0,0,0,0,0
0,0,0,0,0,0,0,0,0,0,0,0,0,0,0,0.9245524,1,0.8422007,0.68764,0,0,0,0,0,0,0,0,0,0,0,0,0,0,0,0,0,0,0,0,0,0,0,0,0,0,0,0,0,0.917741,0.9853616,1,0.8832422,0,0,0,0,0,0,0,0,0,0,0,0,0,0,0,0,0,0,0,0,0,0,0,0,0,0,0,0,0.613104,0.9176499,1,0.9287527,0.6776108,0,0,0,0,0,0,0,0,0,0,0,0,0,0,0,0,0,0,0,0,0,0,0,0,0,0,0,0,0.58935,0.8387659,1,0.9858647,0.8382775,0,0,0,0,0,0,0,0,0,0,0,0,0,0,0,0,0,0,0,0,0,0,0,0,0,0,0,0,0,0.659682,0.9630643,1,0.862601,0,0,0,0,0,0,0,0,0,0,0,0,0,0
0,0,0,0,0,0,0,0,0,0,0,0,0,0,0,0.9267372,1,0.9106706,0.7022976,0,0,0,0,0,0,0,0,0,0,0,0,0,0,0,0,0,0,0,0,0,0,0,0,0,0,0,0,0,0.8399166,1,0.9557724,0,0,0,0,0,0,0,0,0,0,0,0,0,0,0,0,0,0,0,0,0,0,0,0,0,0,0,0,0,0.7182096,0.9735963,1,0.8268484,0.6796603,0,0,0,0,0,0,0,0,0,0,0,0,0,0,0,0,0,0,0,0,0,0,0,0,0,0,0,0,0,0.8804917,1,0.9768047,0.8331236,0,0,0,0,0,0,0,0,0,0,0,0,0,0,0,0,0,0,0,0,0,0,0,0,0,0,0,0,0,0.763398,0.980379,1,0.8689328,0,0,0,0,0,0,0,0,0,0,0,0,0,0
0,0,0,0,0,0,0,0,0,0,0,0,0,0,0,0.9243634,1,0.9193398,0.7068507,0,0,0,0,0,0,0,0,0,0,0,0,0,0,0,0,0,0,0,0,0,0,0,0,0,0,0,0,0,0.866752,1,0.9587428,0,0,0,0,0,0,0,0,0,0,0,0,0,0,0,0,0,0,0,0,0,0,0,0,0,0,0,0,0,0.7018017,0.9626762,1,0.886824,0.6414911,0,0,0,0,0,0,0,0,0,0,0,0,0,0,0,0,0,0,0,0,0,0,0,0,0,0,0,0,0,0.8984408,1,0.9187188,0.8558671,0,0,0,0,0,0,0,0,0,0,0,0,0,0,0,0,0,0,0,0,0,0,0,0,0,0,0,0,0,0.7659906,1,0.9871078,0.8282288,0,0,0,0,0,0,0,0,0,0,0,0,0,0
0,0,0,0,0,0,0,0,0,0,0,0,0,0,0,0.9261785,1,0.8755373,0,0,0,0,0,0,0,0,0,0,0,0,0,0,0,0,0,0,0,0,0,0,0,0,0,0,0,0,0,0,0.8667678,1,0.9438566,0.7091263,0,0,0,0,0,0,0,0,0,0,0,0,0,0,0,0,0,0,0,0,0,0,0,0,0,0,0,0,0.653109,0.9446635,1,0.8907196,0,0,0,0,0,0,0,0,0,0,0,0,0,0,0,0,0,0,0,0,0,0,0,0,0,0,0,0,0,0,0.8123773,1,0.9886755,0.7805569,0,0,0,0,0,0,0,0,0,0,0,0,0,0,0,0,0,0,0,0,0,0,0,0,0,0,0,0,0,0.6609022,0.9537897,1,0.8676874,0,0,0,0,0,0,0,0,0,0,0,0,0,0
0,0,0,0,0,0,0,0,0,0,0,0,0,0,0,0.9264973,1,0.8817274,0,0,0,0,0,0,0,0,0,0,0,0,0,0,0,0,0,0,0,0,0,0,0,0,0,0,0,0,0,0,0.8593509,1,0.9042469,0.7163234,0,0,0,0,0,0,0,0,0,0,0,0,0,0,0,0,0,0,0,0,0,0,0,0,0,0,0,0,0.61777,0.9501893,1,0.866394,0,0,0,0,0,0,0,0,0,0,0,0,0,0,0,0,0,0,0,0,0,0,0,0,0,0,0,0,0,0.5805742,0.8429471,1,0.9741342,0.7494391,0,0,0,0,0,0,0,0,0,0,0,0,0,0,0,0,0,0,0,0,0,0,0,0,0,0,0,0,0,0.6324462,0.9561263,1,0.8637189,0,0,0,0,0,0,0,0,0,0,0,0,0,0
0,0,0,0,0,0,0,0,0,0,0,0,0,0.6531599,0.6610956,0.9139767,1,0.8935917,0,0,0,0,0,0,0,0,0,0,0,0,0,0,0,0,0,0,0,0,0,0,0,0,0,0,0,0,0,0,0.8252024,1,0.9562473,0,0,0,0,0,0,0,0,0,0,0,0,0,0,0,0,0,0,0,0,0,0,0,0,0,0,0,0.6272942,0.7117191,0.7703744,0.9679189,1,0.8392402,0,0,0,0,0,0,0,0,0,0,0,0,0,0,0,0,0,0,0,0,0,0,0,0,0,0,0,0.6554382,0.7284104,0.8054609,0.9330584,1,0.9323686,0.6499715,0,0,0,0,0,0,0,0,0,0,0,0,0,0,0,0,0,0,0,0,0,0,0,0,0,0,0,0.705605,0.7917966,0.9067536,1,0.984499,0.8286421,0,0,0,0,0,0,0,0,0,0,0,0,0,0
0,0,0,0,0,0,0,0.6466877,0.733682,0.7744348,0.8222231,0.8564191,0.8628149,0.8372976,0.7598986,0.9206008,1,0.8806453,0,0,0,0,0,0,0,0,0,0,0,0,0,0,0,0,0,0,0,0,0,0,0,0,0,0.65973,0.7360151,0.7013764,0.6759929,0.7046504,0.8510738,1,0.9980686,0.8482289,0,0,0,0,0,0,0,0,0,0,0,0,0,0,0,0,0,0,0,0,0.6377506,0.6814429,0.6911687,0.754733,0.820756,0.8065242,0.8011845,0.8164726,0.781725,0.9405503,1,0.8632766,0.6106608,0,0,0,0,0,0,0,0,0,0,0,0,0,0,0,0,0,0,0,0,0.6144426,0.7299827,0.8200219,0.8580014,0.8716581,0.8838782,0.8986479,0.9106231,0.8503523,0.8689386,1,0.9459196,0.6498582,0,0,0,0,0,0,0,0,0,0,0,0,0,0,0,0,0,0,0,0,0,0.7826161,0.8245792,0.8681533,0.9292869,0.9732816,0.9555377,0.8901303,0.9814922,0.8541534,0.9842409,1,0.7887906,0.8035177,0,0,0,0,0,0,0,0,0,0,0,0,0
0,0.6896167,0.7222393,0.7062616,0.730572,0.7532247,0.7795792,0.7730265,0,0.7559789,0.706186,0.7562926,0,0.6833755,0,0.9116405,1,0.9057188,0,0,0,0,0,0,0,0,0,0,0,0,0,0,0,0,0,0,0,0.6885555,0.7422312,0.7374692,0.7369951,0,0.7845407,0.8735778,0.914629,0.8947749,0.8629019,0.8382456,0.8628445,1,0.9722832,0.7407354,0,0,0,0,0,0,0,0,0,0,0,0,0,0,0,0,0,0.7487841,0.7894163,0.7595741,0.7134944,0,0.8168889,0.7667373,0.8467948,0.8850162,0.8643555,0.8241938,0.8609124,0.8935313,1,0.892742,0,0,0,0,0,0,0,0,0,0,0,0,0,0,0,0,0,0,0,0,0,0.751936,0.7811667,0.9012586,0.8530313,0.8153807,0.8492616,0.8446598,0.7894767,0.680976,0.8289466,1,0.9767877,0.712996,0,0,0,0,0,0,0,0,0,0,0,0,0,0,0,0,0,0,0,0,0,0.7499629,0,0.7692168,0.7150844,0.8200516,0.7652546,0.8263295,0.866058,0.8374719,0.9956787,1,0.858692,0,0,0,0,0,0,0,0,0,0,0,0,0,0
0,0,0,0.7820892,0.8248358,0.8106489,0.8267585,0.7922661,0,0.763783,0,0,0,0,0,0.9360664,1,0.8775824,0,0,0,0,0,0,0,0,0,0,0,0,0,0,0,0,0,0.7848451,0.8566826,0.87039,0.7992096,0.7833749,0.8165975,0.8719288,0.8362056,0.8362257,0.7757443,0,0,0,0.8764836,1,0.9530035,0,0,0,0,0,0,0,0,0,0,0,0,0,0,0,0,0.7765189,0.8654838,0.8847982,0.8357875,0.8375936,0.8219101,0.8051497,0.7963615,0.8261387,0,0,0,0,0,0.9444942,1,0.8795661,0,0,0,0,0,0,0,0,0,0,0,0,0,0,0,0.7564994,0.8056967,0.7928143,0.8358979,0.8864764,0.8980193,0.89556,0.8476686,0,0.7786762,0,0,0,0,0,0.9217582,1,0.9202563,0,0,0,0,0,0,0,0,0,0,0,0,0,0,0,0,0.7431673,0.7484711,0,0,0.7929893,0.7940959,0.8002563,0.8217871,0.7867893,0,0,0,0.7516418,0.8036547,0.7551507,0.9626173,1,0.8700034,0,0,0,0,0,0,0,0,0,0,0,0,0,0
0,0.7186186,0.6754576,0.6756559,0.7746548,0.8069846,0.8287047,0.8106564,0.7616453,0.6862589,0,0,0,0,0,0.9307417,1,0.8839567,0,0,0,0,0,0,0,0,0,0,0,0,0,0,0,0.866025,0.966148,0.9531643,0.8702108,0.7673721,0.761425,0.7287421,0.7755803,0.8973466,0.751274,0.8300338,0.7926534,0,0,0,0.7516397,1,0.977379,0,0,0,0,0,0,0,0,0,0,0,0,0,0,0,0,0.7646809,0.7786521,0.6950925,0.7999987,0.8150402,0.809078,0.7758756,0.7167809,0,0,0.6673612,0.703879,0.6998111,0.7408141,0.9611759,1,0.866994,0.6747987,0,0,0,0,0,0,0,0,0,0,0,0,0,0,0.7802407,0.8034992,0.7156899,0.7614596,0.747481,0.7005592,0.8089804,0.7746924,0.7224868,0,0,0,0,0,0,0.8610048,1,0.9541045,0.7538699,0,0,0,0,0,0,0,0,0,0,0,0,0,0,0.7804701,0.8582383,0.8080389,0.7909784,0.686011,0.7713146,0.8248812,0.7999902,0.7489176,0.6925513,0.6774611,0,0.7145209,0.718549,0.7166715,0.820385,0.9790994,1,0.8085105,0.665521,0,0,0,0,0,0,0,0,0,0,0,0,0
0,0,0,0,0,0,0,0,0,0,0,0,0,0,0,0.9175968,1,0.8650094,0,0,0,0,0,0,0,0,0,0,0,0,0,0,0,0,0.8895029,0.9499395,0.9522733,0.9529948,0.9594778,0.9657032,0.9675766,0.9455079,0.8939465,0.8593822,0,0,0,0,0.860357,1,0.948655,0,0,0,0,0,0,0,0,0,0,0,0,0,0,0,0.8271118,0.842461,0.8513793,0.8414648,0.8263708,0.753346,0.8167331,0.7897714,0.7202004,0.7313284,0,0,0,0,0,0.9508927,1,0.8556995,0,0,0,0,0,0,0,0,0,0,0,0,0,0,0,0.7184245,0.716178,0,0.688796,0.7499515,0.7192078,0.7054088,0.7248557,0,0,0,0,0,0,0,0.8713904,1,0.9596654,0.6737271,0,0,0,0,0,0,0,0,0,0,0,0,0,0,0.8849209,0.8518343,0,0,0.8248839,0.8342638,0.7933905,0.8000359,0.7710212,0.7496953,0,0,0,0,0,0,0.9419804,1,0.8570759,0,0,0,0,0,0,0,0,0,0,0,0,0,0
0,0,0,0,0,0,0,0,0,0,0,0,0,0,0,0.9206567,1,0.882607,0,0,0,0,0,0,0,0,0,0,0,0,0,0,0,0,0,0,0,0,0,0,0,0,0,0.9881217,1,0,0,0,0,0,0,0,0,0,0,0,0,0,0,0,0,0,0,0,0,0,0,0,0,0,0,0,0,0,0,0.8314015,0,0,0,0,0,0.9576325,1,0.8433816,0,0,0,0,0,0,0,0,0,0,0,0,0,0,0,0,0,0,0,0,0,0,0,0,0,0.7906451,0.7913793,0,0,0,0.8597585,1,0.9647624,0,0,0,0,0,0,0,0,0,0,0,0,0,0,0,0,0,0,0,0,0,0,0,0,0,0.879913,0.8724316,0,0,0,0,0.9672616,1,0,0,0,0,0,0,0,0,0,0,0,0,0,0,0
0,0,0,0,0,0,0,0,0,0,0,0,0,0,0,0.9382854,1,0.8547626,0,0,0,0,0,0,0,0,0,0,0,0,0,0,0,0,0,0,0,0,0,0,0,0,0,0,0,0,0,0,0.9517475,1,0.9685831,0,0,0,0,0,0,0,0,0,0,0,0,0,0,0,0,0,0,0,0,0,0,0,0,0,0,0,0,0.7863742,0.8050703,0.9468942,1,0.8866076,0,0,0,0,0,0,0,0,0,0,0,0,0,0,0,0,0,0,0,0,0,0,0,0,0,0,0,0,0,0,0.8663468,1,0.9454048,0,0,0,0,0,0,0,0,0,0,0,0,0,0,0,0,0,0,0,0,0,0,0,0,0,0,0,0,0,0,0.8351623,0.9836698,1,0.8188429,0,0,0,0,0,0,0,0,0,0,0,0,0,0
0,0,0,0,0,0,0,0,0,0,0,0,0,0,0.6760514,0.922785,1,0.892274,0.7184024,0.6856049,0,0,0,0,0,0,0,0,0,0,0,0,0,0,0,0,0,0,0,0,0,0,0,0,0,0,0,0,0.8121224,1,0.8998141,0.9196531,0,0.9673392,0.9754198,0.8277666,0.929844,0.9166676,0.79688,0,0,0,0,0,0,0,0,0,0,0,0,0,0,0,0,0,0,0,0,0,0.6809368,0.9444734,1,0.8519979,0.7142442,0.7830977,0.7768531,0.7440131,0.7112512,0.7266103,0.6881385,0,0.7023097,0.6711553,0,0,0,0,0,0,0,0,0,0,0,0,0,0,0,0,0,0,0,0,0.8877212,1,0.9354697,0.750792,0,0,0,0.7273859,0.7244881,0.688253,0,0,0,0,0,0,0,0,0,0,0,0,0,0,0,0,0,0,0,0,0,0,0.677211,0.8318644,0.9860606,1,0.8844284,0.7925091,0.7325081,0.6724508,0.7750916,0.7985423,0.760343,0.7582867,0.7435068,0.68345,0,0,0,0,0
0,0,0,0,0,0,0,0,0,0,0,0,0,0,0.6892555,0.8801097,1,0.9174557,0,0,0.6785483,0.707988,0.7047031,0.6663321,0.6607304,0,0.6447588,0.6391408,0.6454597,0,0,0,0,0,0,0,0,0,0,0,0,0,0,0,0,0,0,0,0.8086357,1,0.9605214,0.9934062,0.9299518,0.858015,0.9437039,0.9770045,0.9463286,0.9756045,0.9598432,0.9318684,0.8741223,0.765169,0,0,0,0,0,0,0,0,0,0,0,0,0,0,0,0,0,0.640441,0.6062112,0.9341794,1,0.8879138,0,0,0.6867929,0.7612056,0.7641552,0.7665501,0.7724106,0.7379233,0.7400433,0.7127275,0,0,0,0.6296489,0.6064494,0,0,0,0,0,0,0,0,0,0,0,0,0,0.6427362,0.7160831,0.8290679,1,0.9735137,0.6607615,0.6329073,0,0.7580447,0.7522128,0.6589159,0,0.6261196,0.7163398,0.737554,0.6429787,0.7189613,0.6884732,0,0,0,0,0,0,0,0,0,0,0,0,0,0,0,0,0.6984653,0.7023466,0.9433252,1,0.8743616,0.6231095,0.6490434,0,0.7552739,0.7054127,0.7192466,0.7881284,0.7569069,0.7642655,0.6921456,0.6586639,0.61799,0,0
0,0,0,0,0,0,0,0,0,0,0,0,0,0,0,0.8949377,1,0.9095211,0.7736863,0,0,0,0.7304198,0,0.772705,0.8234349,0.768241,0.7288969,0.7828837,0.7835257,0.7499343,0,0,0,0,0,0,0,0,0,0,0,0,0,0,0,0,0,0.7902719,0.9788404,1,0.8572797,0.8239785,0.8728327,0.8505333,0.7956331,0.8893709,0.8579186,0,0,0,0,0,0,0,0,0,0,0,0,0,0,0,0,0,0,0,0,0,0,0,0.9262158,1,0.8928583,0.7655314,0.7804687,0.753718,0,0.7693483,0.7687107,0.7222173,0.6779698,0,0.7678135,0.7484739,0,0.6809843,0.6969233,0.7124166,0,0,0,0,0,0,0,0,0,0,0,0,0,0,0.7764996,0.8708884,1,0.9754057,0,0.8079355,0,0.8103001,0.8281096,0.7219614,0.7209402,0.7359677,0,0.7648186,0.832619,0.7385116,0.7099716,0.7487549,0.7738748,0,0,0,0,0,0,0,0,0,0,0,0,0,0,0.71558,0.7999704,0.953802,1,0.8984729,0.792721,0.7434733,0.7609713,0.8025215,0.7411027,0.7400062,0.7693449,0.7250828,0,0.6783371,0.7271085,0,0,0
0,0,0,0,0,0,0,0,0,0,0,0,0,0,0,0.9088219,1,0.9266462,0,0,0,0.7119975,0.7736334,0.784691,0.8018419,0.6912751,0.6709124,0,0.6719675,0,0,0,0,0,0,0,0,0,0,0,0,0,0,0.7663808,0.8461795,0.9155307,0.8444825,0.8702235,0.9271038,0.8310149,1,0.9104098,0.8046609,0.760763,0,0,0,0,0,0,0,0,0,0,0,0,0,0,0,0,0,0,0,0,0.6869075,0.6824641,0.6903071,0.7263999,0.6771909,0.7042298,0.7241423,0.9351455,1,0.8969074,0.7637704,0.6459911,0.7193116,0,0.6817654,0,0.6731669,0.7049225,0.6800972,0.7591302,0.7090294,0,0,0,0,0,0,0,0,0,0,0,0,0.6937733,0.7327278,0.7863606,0.7493504,0,0,0,0.8040236,1,0.9675213,0.7858169,0.790611,0,0.7042392,0.7591819,0.6874157,0,0.7410863,0,0.8516786,0.8440879,0.7124841,0.7209011,0.7067516,0,0,0,0,0,0,0,0,0,0,0.7142205,0.7310051,0.8005973,0.7988587,0.7312444,0.7266991,0.7549243,0.9446625,1,0.9649916,0.8398657,0.7817021,0,0,0,0.7439246,0.7428764,0.7016874,0.760619,0.769775,0.7258861,0.7251551,0,0
0,0,0,0,0,0,0,0,0,0,0,0,0,0,0,0.8744656,1,0.8899593,0.8152471,0.7715609,0,0,0,0,0,0,0,0,0,0,0,0,0,0,0,0,0,0,0,0,0,0,0,0.7956602,0.8351908,0.8411425,0.888079,0.92035,0.8947309,1,0.8452868,0,0,0,0,0,0,0,0,0,0,0,0,0,0,0,0,0,0,0,0,0,0,0,0,0,0,0.7085598,0,0.751469,0.7702575,0.8950625,1,0.9072705,0,0,0.6787969,0,0,0,0,0,0,0,0,0,0,0,0,0,0,0,0,0,0,0,0,0,0,0,0,0,0,0,0.7757766,1,0.948772,0.7205065,0.7472532,0,0,0.7444128,0,0,0,0,0,0,0,0,0,0,0,0,0,0,0,0,0,0,0,0,0,0,0,0.7406695,0,0.7523828,0.9377195,1,0.9618045,0.7927421,0,0,0,0,0,0,0,0,0,0,0,0,0
0,0,0,0,0,0,0,0,0,0,0,0,0,0,0,0.882076,1,0.9271978,0.7783741,0,0,0,0,0,0,0,0,0,0,0,0,0,0,0,0,0,0,0,0,0,0,0,0,0,0,0,0,0.9556078,0.9680433,0.9240834,1,0,0,0,0,0,0,0,0,0,0,0,0,0,0,0,0,0,0,0,0,0,0,0,0,0,0,0,0,0,0,0.8921173,1,0.9072021,0,0,0,0,0,0,0,0,0,0,0,0,0,0,0,0,0,0,0,0,0,0,0,0,0,0,0,0,0,0,0.8602256,1,0.9504765,0,0,0,0,0,0,0,0,0,0,0,0,0,0,0,0,0,0,0,0,0,0,0,0,0,0,0,0,0,0,0.7415155,0.9347653,1,0.8662177,0,0,0,0,0,0,0,0,0,0,0,0,0,0
0,0,0,0,0,0,0,0,0,0,0,0,0,0,0,0.9216339,1,0,0.9237286,0.8505903,0.7513449,0,0,0,0,0,0,0,0,0,0,0,0,0,0,0,0,0,0,0,0,0,0,0,0,0,0,0,0.7821429,1,0.9924297,0.8389008,0,0,0,0,0,0,0,0,0,0,0,0,0,0,0,0,0,0,0,0,0,0,0,0,0,0,0,0,0,0.9335271,1,0.8655391,0.9376584,0.8638999,0.75963,0,0,0,0,0,0,0,0,0,0,0,0,0,0,0,0,0,0,0,0,0,0,0,0,0,0,0,0.7951841,0.9812279,1,0.921156,0.8698571,0.7952935,0.678367,0,0,0,0,0,0,0,0,0,0,0,0,0,0,0,0,0,0,0,0,0,0,0,0,0,0,0,0.9511625,1,0.8019254,0.780951,0.763058,0,0,0,0,0,0,0,0,0,0,0,0
0,0,0,0,0,0,0,0,0,0,0,0,0,0,0,0.9069665,1,0.9311033,0.7871882,0.8957319,0.8767142,0.8291904,0.7921034,0,0,0,0,0,0,0,0,0,0,0,0,0,0,0,0,0,0,0,0,0,0,0,0,0,0.8890509,1,0.9802423,0.9195947,0.865034,0.8504447,0.8319343,0.7800754,0.8222592,0.8063426,0,0,0,0,0,0,0,0,0,0,0,0,0,0,0,0,0,0,0,0,0,0,0.7583886,0.9355943,1,0.9207662,0.8001841,0.7440423,0.8325198,0.8227619,0.8045295,0.7418253,0,0,0,0,0,0,0,0,0,0,0,0,0,0,0,0,0,0,0,0,0,0,0,0,0.8652977,1,0.9693908,0.8265321,0,0.8600699,0.811864,0.7737013,0.775589,0.7812198,0,0,0,0,0,0,0,0,0,0,0,0,0,0,0,0,0,0,0,0,0,0,0,0,0.9658316,1,0.8331689,0.8270989,0.8031298,0.8114083,0,0,0,0,0,0,0,0,0,0,0
0,0,0,0,0,0,0,0,0,0,0,0,0,0,0,0.9175051,1,0.9258282,0.7892757,0,0.7770925,0.81861,0.8341736,0.7673079,0,0,0,0,0,0,0,0,0,0,0,0,0,0,0,0,0,0,0,0,0,0,0,0,0.9094272,1,0.9407621,0,0.7956994,0.7644066,0.7601333,0.7679793,0,0.8313359,0.826118,0.7800579,0.8954432,0.9063308,0.8323557,0,0,0,0,0,0,0,0,0,0,0,0,0,0,0,0,0,0.7087229,0.9556952,1,0.8866029,0.6439312,0.7823784,0.8198354,0.8056692,0.7632575,0.6431247,0.7104802,0,0.7182692,0.7273638,0.678486,0,0,0,0,0,0,0,0,0,0,0,0,0,0,0,0,0,0,0,0.8441319,1,0.9616728,0.7895656,0.829262,0.8236619,0.8751426,0.8788717,0.828817,0.7647426,0.6950277,0,0,0,0.6973047,0.6695596,0,0,0,0,0,0,0,0,0,0,0,0,0,0,0,0,0,0.726541,0.9548008,1,0.8437451,0.8619955,0.8068758,0,0.8794723,0.860427,0.7540211,0,0.7787412,0.8323994,0.7744497,0.7830778,0.7938653,0,0
0,0,0,0,0,0,0,0,0,0,0,0,0,0,0.6352577,0.8972994,1,0.9434059,0.8288572,0.7696944,0.7641285,0.7772623,0.6232435,0.678965,0,0,0.6860343,0.6422861,0,0,0,0,0,0,0,0,0,0,0,0,0,0,0,0,0,0,0,0,0.8890054,0.8291988,0.8414689,0.7933595,0.7515094,0.7892234,0.7792491,0.7315602,0,0.759928,0.9288862,0.8468431,0.9708561,1,0.8664469,0.7531123,0,0,0,0,0,0,0,0,0,0,0,0,0,0,0,0,0.6138614,0.9354421,1,0.9120615,0.825875,0.7969757,0.6913265,0.6499649,0,0,0.6648102,0.7396677,0.7208365,0.7569476,0.7663918,0.6972353,0,0,0,0,0,0,0,0,0,0,0,0,0,0,0,0,0,0,0.8800038,1,0.9717556,0.8233467,0.8059797,0.7944428,0.7193604,0.7712139,0.7140737,0.6372203,0.6690335,0.7143528,0.7132336,0.7487866,0.767851,0.7441661,0.6719198,0,0,0,0,0,0,0,0,0,0,0,0,0,0,0,0.7416544,0.8322058,0.9310938,1,0.7203891,0.9253785,0.8729503,0,0.8336966,0.7411249,0.699904,0,0.8471885,0.8220276,0.7981617,0.8880651,0.9432005,0.8995141,0.7660918
0,0,0,0,0,0,0,0,0,0,0,0,0,0,0,0.9226025,1,0.8483973,0.7847099,0.7714698,0,0,0,0,0,0,0,0,0,0,0,0,0,0,0,0,0,0,0,0,0,0,0,0,0,0,0.7794475,0.7754172,0.9071556,0.9353048,0.9008311,0,0,0.7737961,0,0.8685613,0.9466996,0.9915548,1,0.9462312,0.8653829,0.8491992,0.7621781,0,0,0,0,0,0,0,0,0,0,0,0,0,0,0,0.6575334,0.7071068,0.78342,0.9538693,1,0.8565463,0.7594153,0.7506907,0.6729608,0,0.7466564,0.7259252,0.6908035,0.6759402,0,0,0,0,0,0,0,0,0,0,0,0,0,0,0,0,0,0,0,0,0.6917138,0.7454745,0.8206187,0.9964526,1,0.8733122,0.7742549,0,0,0.6934327,0.7729322,0,0.7399131,0.789517,0.7430588,0,0,0,0,0,0,0,0,0,0,0,0,0,0,0,0,0,0,0,0.6928213,0.8297858,0.9898596,1,0.8268857,0.7648072,0,0.7795442,0.7364958,0,0.7912582,0.7889811,0.8404214,0.849471,0.7580878,0.7232738,0.691788,0,0
0,0,0,0,0,0,0,0,0,0,0,0,0,0,0,0.909134,1,0.9064974,0.7477962,0,0,0,0,0,0,0,0,0,0,0,0,0,0,0,0,0,0,0,0,0,0,0,0,0,0,0,0,0,0,0.9475821,0.9310721,0,0.9737548,1,0.9625483,0.9133342,0.8473188,0,0,0,0,0,0,0,0,0,0,0,0,0,0,0,0,0,0,0,0,0,0,0,0.7416242,0.9332779,1,0.8636733,0.8089944,0.8466915,0.848478,0.8053509,0.7469598,0,0,0,0,0,0,0,0,0,0,0,0,0,0,0,0,0,0,0,0,0,0,0,0,0,0.8802738,1,0.9089816,0,0.8188425,0.822632,0.8303075,0.8054582,0,0,0,0,0,0,0,0,0,0,0,0,0,0,0,0,0,0,0,0,0,0,0,0,0.7505976,0.7819746,0.9725661,1,0.8455806,0.7776846,0.8149315,0.8235095,0.8171943,0.7699894,0.7766529,0,0,0,0,0,0,0,0
0,0,0,0,0,0,0,0,0,0,0,0,0,0,0.7900204,0.9487916,1,0.8624018,0,0,0,0,0,0,0,0,0,0,0,0,0,0,0,0,0,0,0,0,0,0,0,0,0,0,0,0,0,0,0.9347984,1,0.9655476,0.9811277,0.9226669,0,0,0,0,0,0,0,0,0,0,0,0,0,0,0,0,0,0,0,0,0,0,0,0,0,0,0,0.7742237,0.9798499,1,0.7880476,0.840169,0.7278026,0,0,0,0,0,0,0,0,0,0,0,0,0,0,0,0,0,0,0,0,0,0,0,0,0,0,0,0,0.8856509,1,0.9661306,0.8818319,0.7790638,0,0,0,0,0,0,0,0,0,0,0,0,0,0,0,0,0,0,0,0,0,0,0,0,0,0,0,0,0.7291732,0.9241559,1,0.8948596,0.7935114,0,0,0,0,0,0,0,0,0,0,0,0,0
0,0,0,0,0,0,0,0,0,0,0,0,0,0,0,0.9319599,1,0.878502,0,0,0,0,0,0,0,0,0,0,0,0,0,0,0,0,0,0,0,0,0,0,0,0,0,0,0,0,0,0,0.9112641,1,0.939196,0,0,0,0,0,0,0,0,0,0,0,0,0,0,0,0,0,0,0,0,0,0,0,0,0,0,0,0,0,0,0.9401222,1,0.8934203,0,0,0,0,0,0,0,0,0,0,0,0,0,0,0,0,0,0,0,0,0,0,0,0,0,0,0,0,0,0,0.8937962,1,0.9676097,0,0,0,0,0,0,0,0,0,0,0,0,0,0,0,0,0,0,0,0,0,0,0,0,0,0,0,0,0,0,0.8218679,1,0.9923561,0.7935328,0,0,0,0,0,0,0,0,0,0,0,0,0,0
0,0,0,0,0,0,0,0,0,0,0,0,0,0,0.7311271,0.9617216,1,0.8648077,0,0,0,0,0,0,0,0,0,0,0,0,0,0,0,0,0,0,0,0,0,0,0,0,0,0,0,0,0,0.8723381,1,0.9891716,0.8516437,0,0,0,0,0,0,0,0,0,0,0,0,0,0,0,0,0,0,0,0,0,0,0,0,0,0,0,0,0.687246,0.7916114,0.9451154,1,0.8585448,0,0,0,0,0,0,0,0,0,0,0,0,0,0,0,0,0,0,0,0,0,0,0,0,0,0,0,0,0,0,0.8991812,1,0.9289556,0,0,0,0,0,0,0,0,0,0,0,0,0,0,0,0,0,0,0,0,0,0,0,0,0,0,0,0,0,0.7002252,0.8669999,1,0.9843577,0.7842519,0,0,0,0,0,0,0,0,0,0,0,0,0,0
0,0,0,0,0,0,0,0,0,0,0,0,0,0,0.7299886,0.9064658,1,0.8809477,0,0,0,0,0,0,0,0,0,0,0,0,0,0,0,0,0,0,0,0,0,0,0,0,0,0,0,0,0,0.8317517,1,0.9962885,0.8546211,0,0,0,0,0,0,0,0,0,0,0,0,0,0,0,0,0,0,0,0,0,0,0,0,0,0,0,0,0.7798874,0.8606666,0.9818652,1,0.8507153,0,0,0,0,0,0,0,0,0,0,0,0,0,0,0,0,0,0,0,0,0,0,0,0,0,0,0,0,0,0.7679656,0.8574713,1,0.9510939,0,0,0,0,0,0,0,0,0,0,0,0,0,0,0,0,0,0,0,0,0,0,0,0,0,0,0,0,0,0.7804641,0.8989758,0.8832867,1,0.8413351,0,0,0,0,0,0,0,0,0,0,0,0,0,0
