GestureName: z
Duration(ms): 1410
Handedness: right

SpeakerAngles: 5
55
-55
0
0
110

SpeakerElevations: 5
-10
-10
-10
0
30

InterpretedPoints: 30
0,0,0
0,0,0
0,0,0
0,0,0
0.813797681349374,-0.296198132726024,0.5
1.62050496546097,1.25347214174981,0.152703644666139
4.86151489638292,3.79080091922501,0.805407289332278
8.11670562178041,11.1249085600299,1.41622186799684
11.3577155527024,16.0521836838694,2.41622186799684
16.1908688601342,13.7835192951318,2.08987004566377
12.9640397236878,11.6689864991923,2.61081457866456
8.08834403282931,5.35604904947989,1.32635182233307
0.799616886873824,-0.80314241622564,0.194592710667721
0,0,0
0.849249667538249,11.2154204148897,0.395277334996045
1.6701377461254,17.1726944239135,1.04798097966218
-6.41111588946614,8.1468499687049,2.13175911166535
-4.81897251295627,-9.61356645654453,1.67364817766693
-2.40594105785925,-22.4097036928073,3.77837084267089
-5.66822218049452,-12.4246194956647,0.410129954336234
-0.0141807944755501,-5.49175203651182,-0.131759111665348
2.44139304404812,0.111405601821928,1.5
9.76557217619249,25.0720501949733,2.17974009132753
12.9924013126389,31.5605658727067,0.443258314658228
17.0259377331969,22.5375721674852,2.70068462432832
7.30290794043104,11.971162576023,1.2635182233307
0.778345695160498,-13.792624433354,0.778370842670886
-4.06189800950909,-6.73886062536569,-0.437166400997627
-0.806707284111599,-1.54967027447583,0.347296355333861
0,0,0

StrokePoints: 31
0,0,0
0,0,0
0,0,0
0,0,0
0,0,0
0.813797681349374,-0.296198132726024,0.5
2.43430264681035,0.957274009023784,0.652703644666139
7.29581754319326,4.74807492824879,1.45811093399842
15.4125231649737,15.8729834882787,2.87433280199525
26.770238717676,31.9251671721481,5.29055466999209
42.9611075778102,45.7086864672798,7.38042471565585
55.925147301498,57.3776729664721,9.99123929432041
64.0134913343273,62.733722015952,11.3175911166535
64.8131082212011,61.9305795997264,11.5121838273212
64.8131082212011,61.9305795997264,11.5121838273212
65.6623578887394,73.1460000146161,11.9074611623172
67.3324956348648,90.3186944385296,12.9554421419794
60.9213797453986,98.4655444072345,15.0872012536448
56.1024072324424,88.85197795069,16.7608494313117
53.6964661745831,66.4422742578827,20.5392202739826
48.0282439940886,54.017654762218,20.9493502283188
48.014063199613,48.5259027257061,20.8175911166535
50.4554562436612,48.6373083275281,22.3175911166535
60.2210284198536,73.7093585225013,24.497331207981
73.2134297324925,105.269924395208,24.9405895226392
90.2393674656894,127.807496562693,27.6412741469676
97.5422754061204,139.778659138716,28.9047923702983
98.3206211012809,125.986034705362,29.6831632129691
94.2587230917718,119.247174079997,29.2459968119715
93.4520158076602,117.697503805521,29.5932931673054
93.4520158076602,117.697503805521,29.5932931673054

Velocities: 30
0,0,0
0,0,0
0,0,0
0,0,0
0,0,0
1,0,1
3,0,1
7,4,1
5,0,7
8,-4,7
5,-3,6
2,-5,4
0,-2,-2
0,0,0
2,7,6
2,8,7
-7,7,5
-6,3,2
-6,-1,-9
-5,-1,-5
0,-2,-3
0,0,0
6,6,10
12,8,12
10,1,8
4,1,5
-2,-7,-7
-4,-3,-2
-1,0,-1
0,0,0

InverseVelocities: 30
0,0,0
0,0,0
0,0,0
0,0,0
0,0,0
0,0,0
0,0,0
0,-1,0
0,0,0
0,1,-2
0,0,-5
0,0,-6
0,0,0
0,0,0
0,0,-2
-1,0,-4
0,0,-8
0,-2,-9
0,0,0
0,0,0
0,0,0
0,0,0
0,0,0
0,-1,0
0,-4,0
-1,-7,-6
0,0,0
0,0,0
0,0,0
0,0,0

RawData: 30
0,0,0,0,0,0,0,0,0,0,0,0,0,0.7536204,0.7966443,0.9046911,1,0.8874054,0,0,0,0,0,0,0,0,0,0,0,0,0,0,0,0,0,0,0,0,0,0,0,0,0,0,0,0,0,0,0.9029985,0.968435,0.9981223,1,0,0,0,0,0,0,0,0,0,0,0,0,0,0,0,0,0,0,0,0,0,0,0,0,0,0,0,0.763373,0.8096265,0.9761146,1,0.7436013,0,0,0,0,0,0,0,0,0,0,0,0,0,0,0,0,0,0,0,0,0,0,0,0,0,0,0,0,0.6610494,0.7498744,0.8570246,1,0.9518673,0.6406791,0,0,0,0,0,0,0,0,0,0,0,0,0,0,0,0,0,0,0,0,0,0,0,0,0,0,0,0,0.7985501,0.7719216,0.8717439,1,0.9252915,0.7586,0,0,0,0,0,0,0,0,0,0,0,0,0
0,0,0,0,0,0,0,0,0,0,0,0,0,0,0,0.9291633,1,0.9019995,0,0,0,0,0,0,0,0,0,0,0,0,0,0,0,0,0,0,0,0,0,0,0,0,0,0,0,0,0,0,0,0.9966351,1,0,0,0,0,0,0,0,0,0,0,0,0,0,0,0,0,0,0,0,0,0,0,0,0,0,0,0,0,0,0,0.9193507,1,0.8905848,0,0,0,0,0,0,0,0,0,0,0,0,0,0,0,0,0,0,0,0,0,0,0,0,0,0,0,0,0,0.7203323,0.91118,1,0.9416739,0,0,0,0,0,0,0,0,0,0,0,0,0,0,0,0,0,0,0,0,0,0,0,0,0,0,0,0,0,0,0.8987006,1,0.9954516,0.8454977,0,0,0,0,0,0,0,0,0,0,0,0,0,0
0,0,0,0,0,0,0,0,0,0,0,0,0,0,0.736157,0.9542028,1,0.894617,0,0,0,0,0,0,0,0,0,0,0,0,0,0,0,0,0,0,0,0,0,0,0,0,0,0,0,0,0,0,0.999265,1,0.8970801,0,0,0,0,0,0,0,0,0,0,0,0,0,0,0,0,0,0,0,0,0,0,0,0,0,0,0,0,0,0.8396591,0.9722412,1,0.8800473,0,0,0,0,0,0,0,0,0,0,0,0,0,0,0,0,0,0,0,0,0,0,0,0,0,0,0,0,0,0.7531742,0.9441485,1,0.9473137,0,0,0,0,0,0,0,0,0,0,0,0,0,0,0,0,0,0,0,0,0,0,0,0,0,0,0,0,0,0,0.8847067,1,0.9722506,0.7690325,0,0,0,0,0,0,0,0,0,0,0,0,0,0
0,0,0,0,0,0,0,0,0,0,0,0,0,0,0.6645,0.9121321,1,0.9097459,0,0,0,0,0,0,0,0,0,0,0,0,0,0,0,0,0,0,0,0,0,0,0,0,0,0,0,0,0,0,0.918679,1,0.9387007,0.7382763,0,0,0,0,0,0,0,0,0,0,0,0,0,0,0,0,0,0,0,0,0,0,0,0,0,0,0,0,0.7526792,0.9581163,1,0.8923151,0.6107708,0,0,0,0,0,0,0,0,0,0,0,0,0,0,0,0,0,0,0,0,0,0,0,0,0,0,0,0,0.7108678,0.8981786,0.9395351,1,0.8348727,0,0,0,0,0,0,0,0,0,0,0,0,0,0,0,0,0,0,0,0,0,0,0,0,0,0,0,0,0,0.8584482,1,0.9820358,0.6618509,0,0,0,0,0,0,0,0,0,0,0,0,0,0
0,0,0,0,0,0,0,0,0,0,0,0,0,0,0,0.9043694,1,0.9126015,0.6628164,0,0,0,0,0,0,0,0,0,0,0,0,0,0,0,0,0,0,0,0,0,0,0,0,0,0,0,0,0,0.8492386,1,0.9645744,0.849803,0.6851495,0,0,0,0,0,0,0,0,0,0,0,0,0,0,0,0,0,0,0,0,0,0,0,0,0,0,0,0,0.9305489,1,0.8844353,0.7388495,0,0,0,0,0,0,0,0,0,0,0,0,0,0,0,0,0,0,0,0,0,0,0,0,0,0,0,0,0,0.8683797,1,0.9096826,0.9134488,0.7632443,0,0,0,0,0,0,0,0,0,0,0,0,0,0,0,0,0,0,0,0,0,0,0,0,0,0,0,0,0.6782895,0.8420417,1,0.9652696,0.8223572,0.6202531,0,0,0,0,0,0,0,0,0,0,0,0
0,0,0,0,0,0,0,0,0,0,0,0,0,0,0,0.9104261,1,0.894055,0.8672878,0.8490041,0.7703142,0,0,0,0,0,0,0,0,0,0,0,0,0,0,0,0,0,0,0,0,0,0,0,0,0,0,0,0.7684696,1,0.9892146,0.9405311,0.8844182,0,0,0,0,0,0,0,0,0,0,0,0,0,0,0,0,0,0,0,0,0,0,0,0,0,0,0,0.6795096,0.939783,1,0.9403256,0.9021388,0.8143856,0.7201436,0,0,0,0,0,0,0,0,0,0,0,0,0,0,0,0,0,0,0,0,0,0,0,0,0,0,0,0.8631424,1,0.9804305,0.8078575,0.8148552,0,0,0,0,0,0,0,0,0,0,0,0,0,0,0,0,0,0,0,0,0,0,0,0,0,0,0,0,0.7149655,0.9304147,1,0.8613535,0.8724354,0.7468833,0,0,0,0,0,0,0,0,0,0,0,0
0,0,0,0,0,0,0,0,0,0,0,0,0,0,0,0.9063942,1,0.9063064,0.8386996,0.8476108,0.8006961,0.7474308,0.759123,0,0,0,0,0,0,0,0,0,0,0,0,0,0,0,0,0,0,0,0,0,0,0,0,0,0.8539209,0.9927622,1,0.9372941,0.8261671,0,0,0,0,0,0,0,0,0,0,0,0,0,0,0,0,0,0,0,0,0,0,0,0,0,0,0,0.7042066,0.9230122,1,0.949312,0.7094945,0.8563909,0.8328522,0,0,0,0,0,0,0,0,0,0,0,0,0,0,0,0,0,0,0,0,0,0,0,0,0,0,0,0.8720846,1,0.9824759,0.8332339,0.8690605,0.8851623,0.8029029,0,0,0,0,0,0,0,0,0,0,0,0,0,0,0,0,0,0,0,0,0,0,0,0,0,0.7750563,0.824532,0.9709633,1,0.9552836,0.9226194,0.9183136,0.9185572,0.7619296,0,0,0,0,0,0,0,0,0,0
0,0,0,0,0,0,0,0,0,0,0,0,0,0,0,0.9005246,1,0.9429545,0.8066905,0.7886704,0.8191774,0.6425546,0,0.7987904,0.8159404,0.7364778,0.6273361,0,0,0,0,0,0,0,0,0,0,0,0,0,0,0,0,0,0,0.6904142,0.7144054,0,0.825789,1,0.9735869,0.7858873,0.8199409,0.8277764,0.7991623,0.7317141,0.6980217,0,0,0,0,0,0,0,0,0,0,0,0,0,0,0,0,0,0,0,0,0,0,0.656403,0.6658954,0.9224225,1,0.8872051,0.6695582,0.6804894,0.7738933,0,0,0,0,0,0,0,0,0,0,0,0,0,0,0,0,0,0,0,0,0,0,0,0,0,0,0,0.8526686,1,0.9672133,0.667801,0.8364075,0.7862886,0.860352,0.7109879,0,0.7581287,0.7178258,0,0,0,0,0,0,0,0,0,0,0,0,0,0,0,0,0,0,0,0,0,0,0.7213066,0.9454582,1,0.9367646,0.8249245,0.8491637,0.9161942,0.7879901,0.6972132,0,0.7713276,0.6890701,0,0,0,0,0,0
0,0,0,0,0,0,0,0,0,0,0,0,0,0,0,0.917443,1,0.9270423,0.8528394,0.8659644,0.8393927,0.8463665,0.8063239,0.8525726,0.8681656,0,0,0,0,0,0,0,0,0,0,0,0,0,0,0,0,0,0,0,0,0,0,0,0.9227464,1,0.9951445,0,0,0,0,0,0,0,0,0,0,0,0,0,0,0,0,0,0,0,0,0,0,0,0,0,0,0,0,0,0.7227685,0.9430705,1,0.9211234,0.7082086,0.7981355,0.7159012,0.7988183,0.8191403,0.8514092,0.8770655,0.8408945,0.7476451,0,0,0,0,0,0,0,0,0,0,0,0,0,0,0,0,0,0,0,0,0,0,1,0.9517493,0.9076641,0.9621881,0.9149088,0.8385516,0.9084007,0.9100186,0.9870425,0.9669641,0.9125513,0.8556049,0.8024001,0,0,0,0,0,0,0,0,0,0,0,0,0,0,0,0,0,0,0,0,0.9350601,1,0.9323503,0.904541,0.9088825,0.8197942,0,0.7637172,0.7416716,0.8283882,0.7389474,0.7233405,0.7190214,0,0,0,0
0,0,0,0,0,0,0,0,0,0,0,0,0,0,0,0.9087115,1,0.9052306,0.8383439,0.8704829,0.8441136,0.8452072,0.7406188,0.7710903,0.8216299,0.8156256,0.757841,0.6726829,0,0,0,0,0,0,0,0,0,0,0,0,0,0,0.7200781,0.7543023,0,0.7541206,0.9297088,0.913045,0.9356135,1,0.9647064,0.7363467,0.7467154,0.7151111,0,0,0,0,0,0,0,0,0,0,0,0,0,0,0,0,0,0,0,0,0,0,0,0.6496964,0.6823229,0.7748451,0.8142892,0.9244392,1,0.8760448,0,0.7320225,0.7207281,0.7418352,0.7064484,0.8242705,0.8670241,0.770203,0.6347451,0,0,0,0,0,0,0,0,0,0,0,0,0,0,0,0,0,0,0.7389287,0.7476338,0.8037629,0.7395564,0.9835144,1,0.8797296,0.8030664,0.8453966,0.7659074,0.8480735,0.8527669,0.9630156,0.8959904,0.7405336,0,0,0,0,0,0,0,0,0,0,0,0,0,0,0,0,0,0,0.6739745,0.744066,0.7460614,0.8441117,0.954303,1,0.9125044,0.7047738,0.806196,0.7865844,0.7610834,0.7658424,0.7438101,0.7859232,0.7144861,0.6701528,0,0,0,0,0
0,0,0,0,0,0,0,0,0,0,0,0,0,0,0,0.8668419,1,0.9463743,0.7701002,0.864191,0.887712,0.8357368,0.7798742,0.7441768,0.7282722,0,0,0,0,0,0,0,0,0,0,0,0,0,0,0,0,0,0,0.7703197,0.768439,0.9156219,0.9679295,0.9696661,0.9069538,1,0.9936805,0,0.7276936,0,0,0,0,0,0,0,0,0,0,0,0,0,0,0,0,0,0,0,0,0,0.6388387,0.7050263,0,0.7155453,0.7595736,0.7899542,0.7784359,0.9252103,1,0.8600114,0.7877913,0.7499306,0.7743238,0.739827,0.7574315,0.7586185,0.7560878,0.6944708,0,0,0,0,0,0,0,0,0,0,0,0,0,0,0,0.6417895,0.644142,0.6728387,0,0,0.7022133,0.6501349,0.84613,1,0.9721383,0,0.7440345,0.6654066,0.7125286,0.7762272,0.666588,0.7722908,0.7475487,0.6722439,0,0,0,0,0,0,0,0,0,0,0,0,0,0,0.7412928,0.699935,0.7250714,0.7105747,0.7319661,0.7078013,0.7774999,0.7770588,0.9387058,1,0.7647291,0.8147724,0.8609335,0.8710368,0.9084671,0.8774713,0,0.749741,0.7539774,0.711928,0,0,0,0,0
0,0,0,0,0,0,0,0,0,0,0,0,0,0.7020263,0.7805058,0.9295995,1,0.9159587,0.757115,0.695039,0.749487,0.6940199,0,0,0,0,0,0,0,0,0,0,0,0,0,0,0,0,0,0,0,0.7765005,0.7955626,0.7390116,0.800176,0.7623748,0.8145801,0.8359079,0.7735475,0.9686793,1,0.8272566,0,0,0,0,0,0,0,0,0,0,0,0,0,0,0,0,0,0,0,0,0,0.680191,0.6930602,0,0.678487,0.7041088,0.7027718,0.6898314,0.7914476,0.951166,1,0.9317788,0.7648932,0.7354396,0.6928024,0,0.6736942,0.6391253,0,0,0,0,0,0,0,0,0,0,0,0,0,0,0,0,0.6527866,0.6802849,0,0.6662654,0.6708792,0,0.6751402,0.7810253,0.780916,1,0.9894699,0.8669689,0.8097858,0.7713957,0,0.6723251,0.725853,0,0,0,0,0,0,0,0,0,0,0,0,0,0,0,0,0,0.7761889,0.7457438,0.7810904,0.768787,0.7997397,0.8183624,0.9347783,0.9497309,1,0.9948905,0,0.7904257,0.7753403,0.7569182,0.7269629,0,0,0,0,0,0,0,0,0,0
0,0,0,0,0,0,0,0,0,0,0,0,0,0.6910034,0.8639418,0.9579444,1,0.8852617,0.6402894,0.6180423,0,0,0,0,0,0,0,0,0,0,0,0,0,0,0,0,0,0,0,0,0,0,0,0,0.6480078,0.6370046,0,0.6683362,0.7700954,0.9963064,1,0.8009322,0,0,0,0,0,0,0,0,0,0,0,0,0,0,0,0,0,0,0,0,0,0,0,0,0,0.5968385,0.6329094,0.6182238,0.8680924,0.8726222,1,0.921223,0.7267058,0,0,0,0,0,0,0,0,0,0,0,0,0,0,0,0,0,0,0,0,0,0,0,0,0,0.5962274,0.6639401,0.7601651,0.8437625,0.8803729,1,0.951461,0.6773651,0.6079689,0.6203641,0.6336597,0,0,0,0,0,0,0,0,0,0,0,0,0,0,0,0,0,0,0,0,0,0,0,0.753778,0.8103086,0.8679523,0.9165211,0.9716865,1,0.8580549,0.6905054,0,0,0,0,0,0,0,0,0,0,0,0,0
0,0,0,0,0,0,0,0,0,0,0,0,0,0,0,0.9469143,1,0.9372946,0.8494387,0.7455732,0,0,0,0,0,0,0,0,0,0,0,0,0,0,0,0,0,0,0,0,0,0,0,0,0,0,0,0,0.7909762,0.9972351,1,0.8560181,0,0,0,0,0,0,0,0,0,0,0,0,0,0,0,0,0,0,0,0,0,0,0,0,0,0,0,0,0,0.9497384,1,0.9428737,0.8420907,0.752502,0,0,0,0,0,0,0,0,0,0,0,0,0,0,0,0,0,0,0,0,0,0,0,0,0,0,0,0,0.9008461,1,0.9394798,0.8809701,0.8193792,0,0,0,0,0,0,0,0,0,0,0,0,0,0,0,0,0,0,0,0,0,0,0,0,0,0,0,0,0,0.9723598,1,0.8634366,0.8138961,0,0,0,0,0,0,0,0,0,0,0,0,0
0,0,0,0,0,0,0,0,0,0,0,0,0,0.7170665,0.7483941,0.9237229,1,0.9056563,0.7287778,0.7678875,0.7766626,0.749189,0,0,0,0,0,0,0,0,0,0,0,0,0,0,0,0,0,0,0,0,0,0,0,0,0,0,0.8226703,1,0.9731676,0.8524654,0,0.884751,0.9137987,0.839102,0,0.8060949,0.8585683,0.805644,0,0,0,0,0,0,0,0,0,0,0,0,0,0,0,0,0,0.7478784,0.7372674,0.7518458,0.7960874,0.9821134,1,0.9045946,0.835443,0.7845976,0.779594,0.7172372,0,0.7367448,0.7639583,0.7365023,0,0,0,0,0,0,0,0,0,0,0,0,0,0,0,0,0,0,0.6797446,0.7094578,0.6811258,0.7959576,0.9147782,1,0.9645978,0.92952,0.8872468,0.8185254,0.7193897,0,0,0,0,0,0,0,0,0,0,0,0,0,0,0,0,0,0,0,0,0,0,0,0,0,0.7619247,0.7104238,0.938186,1,0.9358001,0.8149841,0.7469133,0.7430362,0.725225,0.7133937,0.7383239,0.7120546,0,0,0,0,0,0,0
0,0,0,0,0,0,0,0,0,0,0,0,0.7623179,0.813006,0.8218164,0.9266241,1,0.8826262,0.7335646,0.7218333,0.7058973,0.6521868,0,0,0,0,0,0,0,0,0,0,0,0,0,0,0,0,0,0,0,0,0,0,0,0,0,0,0.8027834,1,0.9620231,0.818816,0.826155,0.9179662,0.7966872,0.8976927,0.8856541,0.8745692,0.8900989,0.8483937,0.7370431,0,0,0,0,0,0,0,0,0,0,0,0,0,0,0.6197819,0.6193588,0.722365,0.7673999,0.8832167,0.9064364,0.9378021,1,0.7878168,0.6820459,0.8185037,0.816069,0.7779242,0.6572895,0.7084137,0.658646,0.6406265,0.6538727,0,0,0,0,0,0,0,0,0,0,0,0,0,0,0,0,0.7020959,0.7409524,0.7238981,0.7970828,0.9095346,0.9440935,1,0.9418964,0.7069764,0.7264277,0.6423342,0.7188119,0.7651199,0.6077097,0.7056889,0.6621508,0.6138556,0,0,0,0,0,0,0,0,0,0,0,0,0,0,0,0,0,0.7201588,0.7621051,0.750698,0.8112705,0.8548488,0.9341825,1,0.8519756,0,0.6689797,0.7367424,0.6411948,0.7462557,0.6466979,0.7783789,0.7423131,0.6762433,0,0,0,0,0
0,0,0,0,0,0,0.7131926,0.7551865,0.7466735,0.7374911,0.7861956,0.7665706,0,0.7150826,0.7642055,0.9203758,1,0.8932892,0,0,0,0,0,0,0,0,0,0,0,0,0,0,0,0,0,0,0,0,0,0,0,0,0,0,0,0,0,0,0,1,0.9528296,0.9167554,0.9511007,0.8508219,0.9331158,0.9420845,0.8610707,0.8936796,0.8534319,0.7631769,0,0,0,0,0,0,0,0,0,0,0,0.6896953,0.7630824,0.7959075,0.7298841,0.7768871,0.8647184,0.8988602,0.8651674,0.8179271,0,0.9578937,1,0.8976578,0.8417923,0.8200786,0.7226998,0.7516477,0.7329954,0.7556986,0.7294347,0,0,0,0,0,0,0,0,0,0,0,0,0,0.7124578,0.7822693,0.8333576,0.7654168,0.8466534,0.9161208,0.9172705,0.8367547,0.8042957,0.7919708,0.8652171,1,0.9780737,0.8316448,0.7784559,0.7096094,0.7350091,0.8110544,0.7995268,0.7185083,0,0,0,0,0,0,0,0,0,0,0,0,0,0,0.8259269,0.8253493,0.7525747,0.8227773,0.8889311,0.8947762,0.9282199,0.9080185,0.860537,0.828917,1,0.9763808,0.9603775,0.9363918,0.8391671,0.8224623,0.8730637,0.8380212,0.828125,0.7668446,0,0,0,0,0,0,0
0,0,0,0,0,0,0,0.7331872,0.6865292,0.7187295,0.686852,0,0,0,0,0.9416839,1,0.8827806,0,0,0,0,0,0,0,0,0,0,0,0,0,0,0,0,0,0,0,0,0,0,0,0,0,0,0.7406191,0.8183842,0.8444704,0.8139722,0.9187646,1,0.9499508,0.7089718,0.8154256,0.7499744,0.6875924,0.7047839,0,0,0,0,0,0,0,0,0,0,0,0,0,0,0.6907892,0.6921273,0.7293444,0.7451599,0.6932353,0.6779646,0.7358554,0.7254944,0.835355,0.8389661,0.8016088,0.9332857,1,0.905787,0,0,0,0.6563311,0,0,0,0,0,0,0,0,0,0,0,0,0,0,0,0.7403367,0.7618281,0.704045,0.790657,0.7819824,0.7619654,0.743874,0.7497284,0.7856045,0.8822434,0.845153,0.897018,1,0.9133154,0.6827326,0.7048106,0,0,0,0,0,0,0,0,0,0,0,0,0,0,0,0,0,0,0.7755728,0.7628195,0,0.7117037,0.7416218,0,0,0.8578563,0.9010451,0.9025125,0.8524359,0.9015406,1,0.9415347,0.8040225,0.730238,0,0.6925047,0,0,0,0,0,0,0,0,0,0
0,0,0,0,0,0,0,0.7021216,0.7730784,0.7902002,0.8005452,0.6448739,0,0.662317,0.6829807,0.9273323,1,0.8892872,0,0,0,0,0,0,0,0,0,0,0,0,0,0,0,0,0,0,0,0,0,0,0,0,0,0,0,0.8447472,0.8059538,0.8805738,0.9150313,1,0.9763057,0.780654,0,0,0,0,0,0,0,0,0,0,0,0,0,0,0,0,0,0,0.6352668,0,0.6627125,0.6752385,0.6457726,0.7470219,0.7109131,0.6526612,0.7245676,0.7627485,0.8302191,0.9703056,1,0.858619,0.6715516,0,0,0,0,0,0,0,0,0,0,0,0,0,0,0,0,0,0,0.6828586,0.7179008,0,0.6656091,0.6768174,0.7796109,0.7654302,0.7158213,0.8154982,0.6919989,0.7733569,0.8079583,1,0.9644628,0.7636709,0.653829,0,0,0,0,0,0,0,0,0,0,0,0,0,0,0,0,0,0.6980836,0.7762462,0.7484215,0.7323073,0,0.8097438,0.8956314,0.9020449,0.8518326,0.8556474,0.7234272,0.8541226,1,0.9968629,0.8379579,0.7802991,0.7017851,0.7389193,0,0,0,0,0,0,0,0,0,0,0
0,0,0,0,0,0,0,0,0.7462909,0.8399972,0.8611393,0.805181,0,0,0,0.9356505,1,0.9131875,0,0,0,0,0,0,0,0,0,0,0,0,0,0,0,0,0,0,0,0,0,0,0,0,0,0,0,0.9103144,0.9010909,0.8730522,0.9027938,1,0.9584438,0,0,0,0,0,0,0,0,0,0,0,0,0,0,0,0,0,0,0,0,0,0,0,0.7507429,0.8059642,0.7293668,0.797278,0.8225177,0.7356467,0.7776892,0.9676989,1,0.8584911,0,0,0,0,0,0,0,0,0,0,0,0,0,0,0,0,0,0,0,0,0,0,0,0.7360007,0.8352993,0.8513505,0.7427326,0.7063828,0.707689,0,0.8477486,1,0.9815235,0.8121796,0,0,0,0,0,0,0,0,0,0,0,0,0,0,0,0,0,0,0,0,0,0,0,0,0.8533886,0.932657,0.8392231,0,0.8481961,0.8539152,1,0.940224,0.9183392,0.8562027,0,0,0,0,0,0,0,0,0,0,0,0,0
0,0,0,0,0,0,0,0,0,0,0,0,0,0.6942782,0.7265564,0.9324651,1,0.8919691,0,0,0,0,0,0,0,0,0,0,0,0,0,0,0,0,0,0,0,0,0,0,0,0,0,0,0.7402454,0.8509402,0.9471566,1,0.9887648,0.9957979,0.9574341,0.7807812,0,0,0,0,0,0,0,0,0,0,0,0,0,0,0,0,0,0,0,0,0,0,0,0,0.6455854,0.7240148,0.740736,0.7521489,0.7691181,0.9427198,1,0.8761474,0.6390549,0,0,0,0,0,0,0,0,0,0,0,0,0,0,0,0,0,0,0,0,0,0,0,0,0,0.6688576,0.6927158,0.6828902,0.7491874,0.8959565,1,0.9525301,0.6582288,0,0,0,0,0,0,0,0,0,0,0,0,0,0,0,0,0,0,0,0,0,0,0,0,0,0.7269946,0.8312986,0.875612,0.865502,0.7534165,0.9676967,1,0.8503164,0,0,0,0,0,0,0,0,0,0,0,0,0,0
0,0,0,0,0,0,0,0,0,0,0,0,0,0,0,0.9425494,1,0.9083276,0,0,0,0,0,0,0,0,0,0,0,0,0,0,0,0,0,0,0,0,0,0,0,0,0,0,0,0,0,0,0.9541704,1,0.9527926,0,0,0,0,0,0,0,0,0,0,0,0,0,0,0,0,0,0,0,0,0,0,0,0,0,0,0,0,0,0,0.966947,1,0.8754644,0.8043894,0,0,0,0,0,0,0,0,0,0,0,0,0,0,0,0,0,0,0,0,0,0,0,0,0,0,0,0,0,0.9014057,1,0.9517255,0,0.8275234,0.8198949,0,0,0,0,0,0,0,0,0,0,0,0,0,0,0,0,0,0,0,0,0,0,0,0,0,0,0,0.8696097,0.9828185,1,0.8883576,0.9523138,0.9604871,0.9451274,0.9066913,0,0,0,0,0,0,0,0,0,0
0,0,0,0,0,0,0,0,0,0,0,0,0,0,0.6376106,0.941871,1,0.8707313,0.6206918,0.6736653,0.6394433,0.7414649,0.7436242,0.6482244,0.6640373,0.6450066,0,0,0,0,0,0,0,0,0,0,0,0,0,0,0,0,0,0,0,0,0.7619708,0.9310774,0.9371777,1,0.9879171,0,0.7899315,0.9115409,0,0.9098762,0.7309666,0.7972159,0.7556251,0,0,0,0,0,0,0,0,0,0,0,0,0,0,0,0,0,0,0,0,0,0.7159933,0.9532138,1,0.8775952,0,0.7121439,0.7371621,0,0.7317798,0.7602524,0.7193277,0.6595776,0.6489582,0.6257238,0.626004,0.6203664,0,0,0,0,0,0,0,0,0,0,0,0,0,0,0,0,0,0,0.8839496,1,0.9385772,0.6561176,0.6323059,0.7476919,0.7802547,0.7318091,0.8223875,0.8108468,0.7542213,0.6909475,0.6682788,0.6434493,0.6709066,0.6669455,0.627239,0,0,0,0,0,0,0,0,0,0,0,0,0,0,0.7126534,0.6968412,0.7265877,0.8566011,1,0.8901542,0.7383272,0.7519431,0.8671871,0.8948369,0.8432904,0.8793901,0.7506062,0.7540686,0.7795574,0.6771945,0.6666746,0.7279099,0.7381759,0.7022068
0,0,0,0,0,0,0,0,0,0,0,0,0,0,0,0.9074502,1,0.8888924,0,0,0,0,0,0.6726285,0.6955556,0.6931288,0.6863747,0,0.7061644,0.7456279,0.6537117,0.6766154,0.6501336,0,0,0,0,0,0,0,0,0,0,0,0,0.7320553,0.7764332,0.8624438,0.8436922,0.9986437,1,0.8689718,0.948649,0.958785,0.9703671,0.9273805,0.7681063,0.8955157,0.8810539,0.7653942,0.7297696,0,0,0,0,0,0,0,0,0,0,0,0,0,0,0,0,0,0,0.7129825,0.7744092,0.9579049,1,0.8665306,0,0.7599974,0.680986,0.8057181,0.7743035,0.7689267,0.7817366,0.6704205,0.6677199,0.7344643,0.6470107,0,0.6580775,0.6432524,0.6196705,0,0,0,0,0,0,0,0,0,0,0,0,0,0,0.7546906,0.9028177,1,0.9343028,0.6351233,0.7631484,0.7635744,0.7376175,0.8021159,0,0.771991,0.6890749,0.6313323,0.6991211,0.6854275,0.625796,0.6885247,0.6139617,0.6902896,0,0,0,0,0,0,0,0,0,0,0,0,0,0.663506,0,0.7880937,0.9656634,1,0.8706243,0.7747135,0.8492309,0.8275498,0.8572009,0.8477705,0.6454462,0.7661121,0,0,0.7330307,0,0.6814347,0.6679782,0
0,0,0,0,0,0,0,0,0,0,0,0,0,0,0,0.9335414,1,0.919928,0,0,0,0.7972892,0.7678727,0,0.796623,0.7829176,0,0,0.7872289,0.7800781,0,0,0,0,0,0,0,0,0,0,0,0,0.8077283,0.8375019,0.8194447,0,0.7884738,0.8100121,0.93001,1,0.9296753,0.8393126,0.8265464,0.8004138,0,0,0,0,0,0,0,0,0,0,0,0,0,0,0,0,0,0,0,0,0,0,0,0,0,0.7671709,0,0.9333017,1,0.849411,0.8367996,0,0.7889526,0.7905536,0.7972414,0.791026,0,0.8183001,0.829397,0.7961355,0,0,0,0,0,0,0,0,0,0,0,0,0,0,0,0,0,0,0,0,0.8393153,1,0.9689662,0,0.7976335,0.7765274,0.7782439,0.8049076,0.7865267,0.833369,0,0.8540033,0.8793222,0.8725296,0.8617516,0.8394578,0.8050634,0.7649728,0,0,0,0,0,0,0,0,0,0,0,0,0,0,0,0.8746989,1,0.9871389,0.7664455,0.7727346,0.7723243,0,0.7798529,0,0.8024296,0.7789441,0.772644,0.8016812,0.8084484,0.7979653,0.7995717,0.7887747,0
0,0,0,0,0,0,0,0,0,0,0,0,0.764055,0.8040043,0.7232371,0.8992429,1,0.8699779,0.8207539,0.8042644,0.7544667,0.7589493,0.7588786,0.7141502,0,0,0,0,0,0,0,0,0,0,0,0,0,0,0,0.6825819,0.7926876,0.8477849,0.8172085,0.6638303,0.8066481,0,0.7236894,0.700285,0.860214,1,0.9787353,0.7132908,0.7011639,0.6768245,0,0,0,0,0,0,0,0,0,0,0,0,0,0,0,0,0,0,0,0.7271031,0.7463222,0.6421285,0,0,0.7607222,0.7821472,0.7376257,0.9513493,1,0.8456561,0.8501009,0.7779233,0.6494209,0,0.6884817,0.6351062,0.7087225,0,0,0,0,0,0,0,0,0,0,0,0,0,0,0.6296156,0.6808925,0.6723936,0.6764109,0.7246304,0.7350025,0.6800715,0.7097862,0.6641807,0.8599718,1,0.9902536,0.8494312,0.7440219,0.6313086,0.7195908,0.7286634,0.7084558,0.6990302,0.675497,0,0,0,0,0,0,0,0,0,0,0,0,0,0,0,0,0.7601553,0.7325036,0.7198823,0.834879,0.8173802,0,0.8309796,1,0.9861959,0.7782972,0.8038407,0.7251503,0,0,0.6604328,0.680517,0.712124,0,0,0,0,0,0,0
0,0,0,0,0,0,0,0,0,0,0,0.6994392,0.8508417,0.8842343,0.7911806,0.934373,1,0.9178339,0,0,0,0,0,0,0,0,0,0,0,0,0,0,0,0,0,0,0,0,0,0.7339226,0.7643119,0.810127,0.8288833,0.8097898,0.8321109,0,0.7652361,0.7462675,0.7330695,0.9832048,1,0.8150842,0,0,0,0,0,0,0,0,0,0,0,0,0,0,0,0,0,0,0,0,0.6740121,0.6873962,0.6971378,0,0,0.7212395,0.8571402,0.8224037,0.7685105,0.9355683,1,0.9166872,0,0,0,0,0,0,0,0,0,0,0,0,0,0,0,0,0,0,0,0,0,0,0,0,0,0.7747869,0.8076156,0.8517655,0.8960629,0.8545155,0.8659399,1,0.9720518,0.8162186,0,0,0,0,0,0,0,0,0,0,0,0,0,0,0,0,0,0,0,0,0,0,0,0.7158622,0.7399849,0,0,0.8330894,0.7915243,0,0.9231727,1,0.9238316,0,0,0,0,0,0,0,0,0,0,0,0,0,0
0,0,0,0,0,0,0,0,0,0.573485,0.6003036,0.7076771,0.8536974,0.9214175,0.8597327,0.905978,1,0.9155578,0.6634113,0,0,0,0,0,0,0,0,0,0,0,0,0,0,0,0,0,0,0,0,0,0,0,0,0.6473995,0.6991652,0.8070669,0.8813565,0.8863654,0.6822252,0.9951767,1,0.8244683,0,0,0,0,0,0,0,0,0,0,0,0,0,0,0,0,0,0,0,0,0,0,0,0,0,0.7428375,0.8640425,0.8956032,0.8364422,0.9352931,1,0.8580965,0.650965,0,0,0,0,0,0,0,0,0,0,0,0,0,0,0,0,0,0,0,0,0,0,0,0,0,0.6651545,0.8308088,0.8701019,0.7907994,0.8300596,1,0.9638868,0.8165067,0.6160902,0,0,0,0,0,0,0,0,0,0,0,0,0,0,0,0,0,0,0,0,0,0,0.6127738,0.6865836,0.699146,0.6996971,0.8019558,0.7970849,0.6339636,0.9212693,1,0.8908135,0.6732289,0,0,0,0,0,0,0,0,0,0,0,0,0
0,0,0,0,0,0,0,0,0,0,0,0,0.7022528,0.8255097,0.8929539,0.9556084,1,0.912473,0,0,0,0,0,0,0,0,0,0,0,0,0,0,0,0,0,0,0,0,0,0,0,0,0,0,0,0,0,0.7699551,0.8566814,0.9262485,1,0.8942451,0,0,0,0,0,0,0,0,0,0,0,0,0,0,0,0,0,0,0,0,0,0,0,0,0,0,0.6708761,0.7272584,0.7508628,0.9530804,1,0.9070008,0,0,0,0,0,0,0,0,0,0,0,0,0,0,0,0,0,0,0,0,0,0,0,0,0,0,0,0,0,0.7239178,0.8258548,1,0.971522,0.7608511,0,0,0,0,0,0,0,0,0,0,0,0,0,0,0,0,0,0,0,0,0,0,0,0,0,0,0,0,0.7672207,0.8378345,0.923264,1,0.9122283,0,0,0,0,0,0,0,0,0,0,0,0,0,0
0,0,0,0,0,0,0,0,0,0,0,0,0,0,0,0.8720451,1,0.9442748,0,0,0,0,0,0,0,0,0,0,0,0,0,0,0,0,0,0,0,0,0,0,0,0,0,0,0,0,0,0,0,1,0.9745966,0,0,0,0,0,0,0,0,0,0,0,0,0,0,0,0,0,0,0,0,0,0,0,0,0,0,0,0,0,0,0.9355194,1,0.9098836,0,0,0,0,0,0,0,0,0,0,0,0,0,0,0,0,0,0,0,0,0,0,0,0,0,0,0,0,0,0,0.8725213,1,0.9929146,0.8570141,0,0,0,0,0,0,0,0,0,0,0,0,0,0,0,0,0,0,0,0,0,0,0,0,0,0,0,0,0,0.7910544,0.9820752,1,0.8196987,0.7834041,0,0,0,0,0,0,0,0,0,0,0,0,0
