GestureName: arrow
Duration(ms): 1410
Handedness: right

SpeakerAngles: 2
55
-55

InterpretedPoints: 30
0,7.90807530049073
-1.6134145682232,11.2972504292725
-2.4201218523348,10.7323879078088
-2.4201218523348,6.21348773609986
-1.6134145682232,0
0,0
0,0
0,0
0,0
4.84024370466959,0
8.06707284111599,1.12972504292725
8.87378012522759,1.69458756439087
8.06707284111599,1.12972504292725
5.64695098878119,0.564862521463624
0.806707284111599,0.564862521463624
0.806707284111599,0.564862521463624
0,0
0.806707284111599,2.82431260731812
-0.806707284111599,2.82431260731812
-0.806707284111599,1.69458756439087
-8.87378012522759,-3.95403765024536
0.806707284111599,-7.34321277902711
0,-4.51890017170899
0,0
0,0
0,0
1.6134145682232,1.12972504292725
1.6134145682232,0
2.4201218523348,-9.6026628648816
2.4201218523348,-9.6026628648816

StrokePoints: 31
177.666666666667,130.277777777778
177.666666666667,122.369702477287
179.28008123489,111.072452048015
181.700203087225,100.340064140206
184.120324939559,94.1265764041059
185.733739507783,94.1265764041059
185.733739507783,94.1265764041059
185.733739507783,94.1265764041059
185.733739507783,94.1265764041059
185.733739507783,94.1265764041059
180.893495803113,94.1265764041059
172.826422961997,92.9968513611787
163.952642836769,91.3022637967878
155.885569995653,90.1725387538605
150.238619006872,89.6076762323969
149.431911722761,89.0428137109333
148.625204438649,88.4779511894697
148.625204438649,88.4779511894697
147.818497154537,85.6536385821515
148.625204438649,82.8293259748334
149.431911722761,81.1347384104426
158.305691847988,85.0887760606879
157.498984563877,92.431988839715
157.498984563877,96.950889011424
157.498984563877,96.950889011424
157.498984563877,96.950889011424
157.498984563877,96.950889011424
155.885569995653,95.8211639684968
154.27215542743,95.8211639684968
151.852033575096,105.423826833378
149.431911722761,115.02648969826

Velocities: 30
7,7
9,11
8,11
4,7
-1,1
0,0
0,0
0,0
0,0
3,-3
6,-4
7,-4
6,-4
4,-3
1,0
1,0
0,0
3,2
2,3
1,2
-9,2
-6,-7
-4,-4
0,0
0,0
0,0
2,0
1,-1
-7,-10
-7,-10

InverseVelocities: 30
0,0
0,0
0,0
-1,0
0,-1
0,0
0,0
0,0
0,0
0,1
0,3
0,3
0,3
0,2
0,0
0,0
0,0
-3,-2
-7,-3
-9,-5
0,-7
0,0
0,0
0,0
0,0
0,0
0,0
0,0
0,0
0,0

RawData: 30
0,0,0,0,0,0,0,0,0,0,0,0,0,0.63081,0.6793952,0.8263296,1,0.9908851,0.7721917,0.709207,0.6401979,0.8083914,0.8123069,0.7708799,0.6508479,0.622996,0.6806034,0,0,0,0,0,0,0,0,0,0,0,0,0,0,0,0,0,0,0,0,0.5959548,0.9419373,1,0.884136,0.6335481,0,0.6467358,0.7471152,0.7935508,0.7981957,0.780958,0.7399445,0.6428216,0,0,0,0,0,0
0,0,0,0,0,0,0,0,0,0,0,0,0,0.6888999,0.6411197,0.7935826,1,0.999344,0.8302352,0.7585608,0.8226982,0.8188871,0.6984212,0,0.6482616,0.6527638,0.7509285,0.7462722,0.6452019,0,0,0,0,0,0,0,0,0,0,0,0,0,0,0,0,0,0,0,0.9399824,1,0.8833717,0.6588767,0.6805434,0.6282526,0.6306607,0,0.7066445,0.7469227,0.7344058,0.7439163,0.7548453,0.7537473,0.719785,0.6570736,0,0
0,0,0,0,0,0,0,0,0,0,0,0,0,0.739585,0.7591039,0.7495676,1,0.9880461,0.8194532,0.8112527,0.7852756,0.7395999,0.8021833,0.7329831,0,0,0.7054479,0.7025266,0,0,0,0,0,0,0,0,0,0,0,0,0,0,0,0,0,0,0,0,0.9434839,1,0.891054,0.6628217,0.672179,0.7134324,0.6810163,0.6953382,0,0,0,0.6737398,0.7227364,0.6531664,0.665731,0.6652451,0,0
0,0,0,0,0,0,0,0,0,0,0,0,0.7047666,0.7598597,0.7410918,0.8873636,1,0.9716311,0.8255714,0.7368295,0.7127659,0,0.6931594,0.6805534,0,0,0,0,0,0,0,0,0,0,0,0,0,0,0,0,0,0,0,0,0,0,0,0.7026494,0.9546352,1,0.8883365,0.7555018,0.7334189,0.7004586,0.7442642,0.7233467,0.6255379,0,0,0.6185029,0,0,0,0,0,0
0,0,0,0,0,0,0,0,0,0,0,0,0.7588509,0.7703082,0.7653943,0.8347751,1,0.9727287,0.7155908,0,0,0,0,0,0,0,0,0,0,0,0,0,0,0,0,0,0,0,0,0,0,0,0,0,0,0.6106132,0.7193985,0.7821306,0.9329272,1,0.9055775,0.7013848,0.6885611,0.6581977,0,0,0,0,0,0,0,0,0,0,0,0
0,0,0,0,0,0,0,0,0,0,0,0,0,0.7990047,0.8753754,0.8804864,0.9627849,1,0.8628619,0,0,0,0,0,0,0,0,0,0,0,0,0,0,0,0,0,0,0,0,0,0,0,0,0,0,0,0.7103472,0.7163788,0.9467902,1,0.9024749,0.7522385,0.6427073,0,0,0,0,0,0,0,0,0,0,0,0,0
0,0,0,0,0,0,0,0,0,0,0,0,0,0,0.82623,0.8625402,1,0.9855423,0,0,0,0,0,0,0,0,0,0,0,0,0,0,0,0,0,0,0,0,0,0,0,0,0,0,0,0,0,0.6741536,0.9404004,1,0.8915409,0.6833087,0,0,0,0,0,0,0,0,0,0,0,0,0,0
0,0,0,0,0,0,0,0,0,0,0,0,0,0,0.6659765,0.8237036,1,0.9868622,0.7956437,0,0,0,0,0,0,0,0,0,0,0,0,0,0,0,0,0,0,0,0,0,0,0,0,0,0,0,0,0,0.9335374,1,0.8701067,0.6954572,0.601575,0,0,0,0,0,0,0,0,0,0,0,0,0
0,0,0,0,0,0,0,0,0,0,0,0,0,0,0,0.8876871,1,0.9800186,0.8515431,0,0,0,0,0,0,0,0,0,0,0,0,0,0,0,0,0,0,0,0,0,0,0,0,0,0,0,0,0,0.9509599,1,0.9310507,0.797249,0,0,0,0,0,0,0,0,0,0,0,0,0,0
0,0,0,0,0,0,0,0,0,0,0,0,0,0,0,0.8380103,1,0.9920517,0.8467234,0.6893707,0.7551789,0.7884861,0.7269636,0,0,0,0,0,0,0,0,0,0,0,0,0,0,0,0,0,0,0,0,0.6323858,0.620657,0.621707,0.7084095,0.7570148,0.9478995,1,0.8850418,0.6608811,0.7188071,0.6948376,0,0,0,0,0,0,0,0,0,0,0,0
0,0,0,0,0,0,0,0,0,0,0,0,0,0,0,0.8388556,1,0.9701554,0.8054445,0.8708199,0.8294033,0.7428973,0.8066006,0.7574238,0.723784,0.6823906,0,0,0,0,0,0,0,0,0,0,0,0,0,0,0,0,0.6417288,0.6711741,0.7159436,0.7359356,0.7755169,0.6877201,0.9416024,1,0.9146889,0.8173308,0.7928434,0.7356429,0.7022701,0.6636673,0,0,0,0,0,0,0,0,0,0
0,0,0,0,0,0,0,0,0,0,0,0,0,0,0,0.8751796,1,0.9797609,0.8081288,0,0.8531117,0.7547686,0.8037374,0.8783759,0.8681089,0.8087762,0.7199509,0,0,0,0,0,0,0,0,0,0,0,0,0,0,0,0.7109154,0.7244789,0.7413231,0.7888283,0,0.8284009,0.9544655,1,0.8984773,0.8077006,0.750824,0.7547058,0.7898053,0.7574961,0,0,0,0,0,0,0,0,0,0
0,0,0,0,0,0,0,0,0,0,0,0,0,0,0.7155113,0.7668213,1,0.990961,0.7973404,0.7147676,0.7704139,0.8307238,0.8871471,0,0.778837,0.6844197,0,0,0,0,0,0,0,0,0,0,0,0,0,0,0,0,0.5948125,0.6549911,0.6849743,0.6617029,0.7312827,0.6116659,0.9369465,1,0.9059435,0,0.6700653,0,0.690786,0.612339,0,0,0,0,0,0,0,0,0,0
0,0,0,0,0,0,0,0,0,0,0,0,0,0.651352,0.7136015,0.6987028,0.9812903,1,0.9112369,0.8471113,0.8205805,0.8390323,0.7870909,0.6553871,0,0,0,0,0,0,0,0,0,0,0,0,0,0,0,0,0,0,0,0.5448416,0,0.5482586,0.6441845,0.6908334,0.9475515,1,0.8651331,0.6858352,0.597304,0.5290506,0.5493723,0,0,0,0,0,0,0,0,0,0,0
0,0,0,0,0,0,0,0,0,0,0,0,0,0,0,0.8720597,1,0.9718479,0.8508846,0.8176631,0.7024563,0,0,0,0,0,0,0,0,0,0,0,0,0,0,0,0,0,0,0,0,0,0,0,0,0,0,0,0.93865,1,0.9038551,0,0,0,0,0,0,0,0,0,0,0,0,0,0,0
0,0,0,0,0,0,0,0,0,0,0,0,0,0,0,0.8041233,0.9982383,1,0.8574159,0.6344669,0.6400924,0,0,0,0,0,0,0,0,0,0,0,0,0,0,0,0,0,0,0,0,0,0,0,0,0,0,0,0.9386758,1,0.8768773,0.6525495,0,0,0,0,0,0,0,0,0,0,0,0,0,0
0,0,0,0,0,0,0,0,0,0,0,0,0,0.6957152,0.7439481,0.8429361,0.9999758,1,0.8802122,0.7539448,0,0,0,0,0,0,0,0,0,0,0,0,0,0,0,0,0,0,0,0,0,0,0,0,0,0,0,0,0.9485152,1,0.9060899,0.7894118,0.7359524,0,0,0,0,0,0,0,0,0,0,0,0,0
0,0,0,0,0,0,0,0,0,0,0.5219604,0.681403,0.8186462,0.9111658,0.9240281,0.844328,1,0.9661405,0.8115489,0.704862,0.511557,0.5554221,0.5204678,0,0,0,0,0,0,0,0,0,0,0,0,0,0,0,0,0,0,0,0,0,0.4761275,0.5026105,0.6107554,0.568631,0.9252511,1,0.8511844,0.8196409,0.8414099,0.7628158,0.5930839,0,0,0,0,0,0,0,0,0,0,0
0,0,0,0,0,0,0.6057678,0.6825218,0.7102021,0.7555863,0.7656915,0,0.6405842,0.8000785,0.8706875,0.7078882,1,0.9936754,0.7773236,0.6713521,0.6133076,0.6492749,0,0,0,0,0,0,0,0,0,0,0,0,0,0,0,0,0,0,0,0,0,0.5744678,0.5869348,0.6537169,0.7254485,0.6626979,0.9313565,1,0.8769121,0.7665957,0.5942686,0.8267914,0.7902533,0.6523789,0,0,0,0,0,0,0,0,0,0
0,0,0,0,0.6976612,0.7473204,0.5936344,0.6709605,0.6866969,0.6633513,0.759151,0.7666135,0.7026436,0.7725239,0.775433,0.8091275,1,0.9684364,0.6950426,0.6948528,0.6300216,0,0,0,0,0,0,0,0,0,0,0,0,0,0,0,0,0,0,0,0,0.626973,0.6706131,0.7416096,0.7490463,0,0.6552021,0.7601608,0.9341944,1,0.8742837,0.6723818,0.7199254,0.6964367,0.7071997,0,0,0,0,0,0,0,0,0,0,0
0,0,0,0,0.6638629,0.7404844,0.7262876,0.622674,0.7233773,0.7651463,0.7492521,0.7805892,0.6761335,0.6337081,0.6595296,0.8305779,1,0.9779653,0.7318056,0.6655538,0,0,0,0,0,0,0,0,0,0,0,0,0,0,0,0,0,0,0,0.6653469,0.7702065,0.8017249,0.7623858,0.8046757,0.8246983,0.7550215,0.7455926,0.7834297,0.9597027,1,0.8480638,0.7102901,0.6833534,0.6468461,0.6153838,0,0,0,0,0,0,0,0,0,0,0
0,0,0,0,0,0,0,0.6640775,0.7347048,0.8101457,0.7868091,0.6926817,0.7475091,0.7349157,0.7280514,0.8448852,1,0.9888649,0.7753223,0,0,0,0,0,0,0,0,0,0,0,0,0,0,0,0,0,0,0,0,0.6249827,0.7093074,0.5931839,0.7362206,0.7152826,0.6733751,0.8029642,0.6498988,0.6143692,0.9364293,1,0.8806085,0,0,0,0,0,0,0,0,0,0,0,0,0,0,0
0,0,0,0,0,0,0,0,0,0.6844651,0.6923705,0,0.7916884,0.7979171,0.6902903,0.7920254,1,0.9980903,0.8100673,0,0,0,0,0,0,0,0,0,0,0,0,0,0,0,0,0,0,0,0,0,0,0,0.682256,0.7462057,0.7894685,0.7916535,0.7523459,0.6639845,0.9368753,1,0.8897502,0,0,0,0,0,0,0,0,0,0,0,0,0,0,0
0,0,0,0,0,0,0,0,0,0,0,0,0,0,0,0.8413572,1,0.9906688,0.7669311,0,0,0,0,0,0,0,0,0,0,0,0,0,0,0,0,0,0,0,0,0,0,0,0,0,0,0,0.7062558,0.7956105,0.958285,1,0.8815017,0,0,0,0,0,0,0,0,0,0,0,0,0,0,0
0,0,0,0,0,0,0,0,0,0,0,0,0,0,0,0.7729139,0.9934508,1,0.7962082,0,0,0,0,0,0,0,0,0,0,0,0,0,0,0,0,0,0,0,0,0,0,0,0,0,0,0,0,0,0.9303053,1,0.8790239,0,0,0,0,0,0,0,0,0,0,0,0,0,0,0
0,0,0,0,0,0,0,0,0,0,0,0,0,0,0,0.8263603,1,0.9718557,0.8361433,0,0,0,0,0,0,0,0,0,0,0,0,0,0,0,0,0,0,0,0,0,0,0,0,0,0,0,0,0,0.9378,1,0.893681,0,0,0,0,0,0,0,0,0,0,0,0,0,0,0
0,0,0,0,0,0,0,0,0,0,0,0,0,0,0,0.8137158,1,0.994956,0.8585361,0.7396823,0.6795608,0.6174657,0,0,0,0,0,0,0,0,0,0,0,0,0,0,0,0,0,0,0,0,0,0,0,0,0,0,0.919037,1,0.9066336,0.6180838,0,0,0,0,0,0,0,0,0,0,0,0,0,0
0,0,0,0,0,0,0,0,0,0,0,0,0,0,0,0.8224064,1,0.9943628,0.8553453,0.7994375,0.7616743,0,0,0,0,0,0,0,0,0,0,0,0,0,0,0,0,0,0,0,0,0,0,0,0,0.7304494,0.7537129,0.7611914,0.9534643,1,0.8848605,0.7012069,0,0,0,0,0,0,0,0,0,0,0,0,0,0
0,0,0,0,0,0,0.5905144,0.5766916,0.6503429,0.6553128,0.687212,0.6747795,0.6376217,0.6925246,0.6339961,0.8554444,1,0.9760155,0.7378787,0.6255635,0,0,0,0,0,0,0,0,0,0,0,0,0,0,0,0,0.5689099,0.6026921,0.614564,0.6125726,0.6542251,0.6289135,0,0.6839076,0.6381938,0.6320371,0.6831619,0.6951559,0.9384856,1,0.8927617,0.6060989,0,0,0,0,0,0,0,0,0,0,0,0,0,0
0,0,0,0,0,0,0.6691675,0.6694911,0.6559472,0.7522928,0.6945982,0.7168204,0.6784486,0.6420463,0.7019668,0.8262419,1,0.9920007,0.7748227,0,0,0,0,0,0,0,0,0,0,0,0,0,0,0,0,0,0.6831849,0.6451073,0.6524407,0,0,0.6149729,0,0.6021959,0.6202778,0,0,0.6874267,0.9394935,1,0.8836524,0,0,0,0,0,0,0,0,0,0,0,0,0,0,0
