GestureName: circle
Duration(ms): 1269
Handedness: right

SpeakerAngles: 2
55
-55

InterpretedPoints: 27
-0.806707284111599,-0.564862521463624
-0.806707284111599,-0.564862521463624
0.806707284111599,-0.564862521463624
0,0
0,1.12972504292725
-0.806707284111599,2.82431260731812
0.806707284111599,1.69458756439087
0.806707284111599,0.564862521463624
0.806707284111599,0.564862521463624
0,0
-0.806707284111599,2.82431260731812
-3.2268291364464,0
-0.806707284111599,-3.95403765024536
1.6134145682232,-5.64862521463624
0.806707284111599,-7.34321277902711
1.6134145682232,-7.90807530049073
4.84024370466959,-5.64862521463624
4.03353642055799,-6.21348773609986
4.84024370466959,-4.51890017170899
0.806707284111599,-1.69458756439087
4.03353642055799,2.82431260731812
1.6134145682232,7.90807530049073
1.6134145682232,10.1675253863452
1.6134145682232,11.2972504292725
2.4201218523348,11.8621129507361
-1.6134145682232,12.4269754721997
0.806707284111599,6.21348773609986

StrokePoints: 28
177.666666666667,130.277777777778
178.473373950778,130.842640299241
179.28008123489,131.407502820705
178.473373950778,131.972365342169
178.473373950778,131.972365342169
178.473373950778,130.842640299241
179.28008123489,128.018327691923
178.473373950778,126.323740127532
177.666666666667,125.758877606069
176.859959382555,125.194015084605
176.859959382555,125.194015084605
177.666666666667,122.369702477287
180.893495803113,122.369702477287
181.700203087225,126.323740127532
180.086788519001,131.972365342169
179.28008123489,139.315578121196
177.666666666667,147.223653421687
172.826422961997,152.872278636323
168.792886541439,159.085766372423
163.952642836769,163.604666544132
163.145935552658,165.299254108522
159.1123991321,162.474941501204
157.498984563877,154.566866200714
155.885569995653,144.399340814368
154.27215542743,133.102090385096
151.852033575096,121.23997743436
153.465448143319,108.81300196216
152.658740859207,102.59951422606

Velocities: 27
-1,0
-1,0
0,-1
0,0
1,1
2,3
2,1
1,0
1,0
0,0
2,3
-2,2
-4,-3
-4,-6
-6,-7
-6,-8
-2,-8
-3,-8
-1,-7
-1,-2
5,0
8,6
10,8
11,9
12,9
10,12
6,5

InverseVelocities: 27
0,0
0,0
0,0
0,0
0,0
0,0
0,0
0,0
0,0
0,0
-1,0
0,0
0,0
0,0
0,0
0,0
0,0
0,0
1,0
1,0
0,0
0,0
0,0
0,0
0,0
0,0
0,0

RawData: 27
0,0,0,0,0,0,0,0,0,0,0,0,0.7283846,0.8415516,0.9053561,0.9021034,1,0.9739713,0.7468434,0,0,0,0,0,0,0,0,0,0,0,0,0,0,0,0,0,0,0,0,0,0,0,0,0,0,0,0.7613118,0.8813779,0.9277906,1,0.8801851,0,0,0,0,0,0,0,0,0,0,0,0,0,0,0
0,0,0,0,0,0,0,0,0,0,0,0,0.6461406,0.8274097,0.9051885,0.8980032,1,0.9913917,0.7457563,0,0,0,0,0,0,0,0,0,0,0,0,0,0,0,0,0,0,0,0,0,0,0,0,0,0,0,0.6526232,0.8521261,0.9003376,1,0.8838345,0,0,0,0,0,0,0,0,0,0,0,0,0,0,0
0,0,0,0,0,0,0,0,0,0,0,0,0,0.6117387,0.8247818,0.9435434,1,0.9584119,0.7207979,0,0,0,0,0,0,0,0,0,0,0,0,0,0,0,0,0,0,0,0,0,0,0,0,0,0,0.6103282,0.698768,0.8735104,0.9756669,1,0.8774103,0,0,0,0,0,0,0,0,0,0,0,0,0,0,0
0,0,0,0,0,0,0,0,0,0,0,0,0,0,0.7908213,0.8951459,1,0.9908852,0.8348196,0.7574589,0,0,0,0,0,0,0,0,0,0,0,0,0,0,0,0,0,0,0,0,0,0,0,0,0,0,0.6254763,0.7884407,0.9340996,1,0.8472652,0.7425243,0,0,0,0,0,0,0,0,0,0,0,0,0,0
0,0,0,0,0,0,0,0,0,0,0,0,0,0,0,0.8146621,1,0.9862371,0.9154793,0.8614987,0.7845214,0,0,0,0,0,0,0,0,0,0,0,0,0,0,0,0,0,0,0,0,0,0,0,0,0,0,0.7112945,0.9521592,1,0.9097073,0.8825063,0.8861492,0.7944667,0,0,0,0,0,0,0,0,0,0,0,0
0,0,0,0,0,0,0,0,0,0,0,0,0,0,0,0.8365808,0.999622,1,0.9469474,0.919212,0.8499754,0.7593359,0,0,0,0,0,0,0,0,0,0,0,0,0,0,0,0,0,0,0,0,0,0,0,0,0,0,0.9370268,1,0.9001358,0.8522806,0.9409514,0.8751046,0.6863703,0.6123804,0,0,0,0,0,0,0,0,0,0
0,0,0,0,0,0,0,0,0,0,0,0,0,0,0,0.8044974,0.9972357,1,0.8914706,0.6642194,0.6480355,0.6234772,0,0,0,0,0,0,0,0,0,0,0,0,0,0,0,0,0,0,0,0,0,0,0,0,0,0,0.9394326,1,0.8713613,0.9062804,0.9046727,0.798807,0,0,0,0,0,0,0,0,0,0,0,0
0,0,0,0,0,0,0,0,0,0,0,0,0,0,0,0.8339264,1,0.978094,0.817085,0.7141287,0.6434502,0,0,0,0,0,0,0,0,0,0,0,0,0,0,0,0,0,0,0,0,0,0,0,0,0,0,0.597515,0.9335999,1,0.9561856,0.8718192,0.7298128,0,0,0,0,0,0,0,0,0,0,0,0,0
0,0,0,0,0,0,0,0,0,0,0,0,0,0,0,0.8278711,1,0.989449,0.8706934,0.7926188,0.7051924,0,0,0,0,0,0,0,0,0,0,0,0,0,0,0,0,0,0,0,0,0,0,0,0,0,0,0,0.954262,1,0.9138173,0.8317216,0.7284344,0,0,0,0,0,0,0,0,0,0,0,0,0
0,0,0,0,0,0,0,0,0,0,0,0,0,0,0,0.7752002,1,0.9901509,0.8530145,0,0,0,0,0,0,0,0,0,0,0,0,0,0,0,0,0,0,0,0,0,0,0,0,0,0,0,0,0,0.9337727,1,0.9317128,0.8341727,0,0,0,0,0,0,0,0,0,0,0,0,0,0
0,0,0,0,0,0,0,0,0,0,0,0,0.6539255,0.722761,0.7695319,0.8292068,1,0.9830467,0.8160671,0.7758378,0.7184188,0.6006311,0,0,0,0,0,0,0,0,0,0,0,0,0,0,0,0,0,0,0,0,0,0,0,0,0,0.6387898,0.9632514,1,0.8235585,0.9499221,0.863672,0.7378106,0.7030625,0.6195219,0,0,0,0,0,0,0,0,0,0
0,0,0,0,0,0,0,0,0,0,0,0.776807,0.8104439,0.7955455,0.7798319,0.8044223,1,0.9928631,0.830304,0.7062348,0,0,0,0,0,0,0,0,0,0,0,0,0,0,0,0,0,0,0,0,0,0,0,0,0,0,0.6918912,0.7530779,0.9100674,1,0.9116547,0.8563715,0.8824527,0.8204117,0.6577762,0,0,0,0,0,0,0,0,0,0,0
0,0,0,0,0,0,0,0,0,0.771506,0.8160038,0.8348321,0.7601478,0.7838309,0,0.8050202,1,0.9876246,0.7724889,0,0,0,0,0,0,0,0,0,0,0,0,0,0,0,0,0,0,0,0,0,0,0,0,0.7538164,0.771708,0.7963143,0.788111,0,0.9527684,1,0.8514857,0.7572635,0,0,0,0,0,0,0,0,0,0,0,0,0,0
0,0,0,0,0,0,0,0,0,0.7770648,0.7548174,0.7755743,0.7633385,0.7299517,0.7414415,0.8090288,1,0.9841133,0.759084,0,0,0,0,0,0,0,0,0,0,0,0,0,0,0,0,0,0,0,0,0,0.7393805,0.8106421,0.6926898,0.7761416,0.8040501,0.8218834,0.8027537,0.772324,0.9360327,1,0.8884044,0.6409776,0,0,0,0,0,0,0,0,0,0,0,0,0,0
0,0,0,0,0,0,0,0.737623,0.8095462,0.8078851,0,0.6823611,0.6964487,0.7058785,0.6952118,0.6949772,1,0.9998009,0.7885817,0,0,0,0,0,0,0,0,0,0,0,0,0,0,0,0,0,0,0,0,0.7256451,0.81089,0.7777728,0.7039905,0.691911,0.6667998,0.6902591,0.6256514,0.6758257,0.9351369,1,0.8831891,0.6240363,0,0,0,0,0,0,0,0,0,0,0,0,0,0
0,0,0,0,0,0,0,0.6686512,0,0,0,0,0.6854621,0.6808971,0.7585757,0.8121828,1,0.9892257,0.7549608,0,0,0,0,0,0,0,0,0,0,0,0,0,0,0,0,0,0,0,0.6292894,0.677038,0.7454191,0.6477986,0.7312927,0,0.6957583,0.7077256,0.6573355,0.7396165,0.9453121,1,0.8763859,0,0,0,0,0,0,0,0,0,0,0,0,0,0,0
0,0,0,0,0,0,0,0,0,0,0,0.7025437,0.7326038,0.7356557,0.6537627,0.8931091,1,0.9594051,0.7042776,0,0,0,0,0,0,0,0,0,0,0,0,0,0,0,0,0,0,0,0.7228948,0.7692751,0.7646185,0.6956903,0.7199386,0,0.6765632,0,0.6651733,0.7083686,0.9433191,1,0.87212,0,0,0,0,0,0,0,0,0,0,0,0,0,0,0
0,0,0,0,0,0,0,0,0,0,0.6669409,0.7210687,0.6498858,0.7067227,0.6647152,0.7656999,1,0.9970134,0.7435394,0,0,0,0,0,0,0,0,0,0,0,0,0,0,0,0,0,0,0,0.626322,0.664259,0.6283326,0,0.6848573,0.6365917,0.6630514,0,0,0,0.9344733,1,0.8844554,0,0,0,0,0,0,0,0,0,0,0,0,0,0,0
0,0,0,0,0,0,0,0,0,0,0,0,0.6424487,0,0.6533314,0.8472151,1,0.9913102,0.8478964,0.7717429,0.6868461,0,0,0,0,0,0,0,0,0,0,0,0,0,0,0,0,0,0,0.6599135,0.7404066,0.756386,0.7369953,0,0.6382799,0,0,0,0.9392496,1,0.8756664,0,0,0,0,0,0,0,0,0,0,0,0,0,0,0
0,0,0,0,0,0,0,0,0,0,0,0,0.6044798,0.6893103,0.7223774,0.8272198,1,0.9717839,0.7582072,0.7544078,0.6944299,0,0,0,0,0,0,0,0,0,0,0,0,0,0,0,0,0,0,0,0,0,0,0,0.5812662,0.6946054,0.6918542,0,0.9351899,1,0.8621536,0.5875733,0.6597312,0,0,0,0,0,0,0,0,0,0,0,0,0
0,0,0,0,0,0,0,0,0,0,0,0,0,0,0,0.8265437,1,0.9902273,0.8118323,0.800482,0,0,0.7322038,0.7667647,0.7247807,0,0,0,0,0,0,0,0,0,0,0,0,0,0,0,0,0,0,0,0,0,0,0,0.9295496,1,0.9033433,0.733704,0.7534146,0,0,0,0,0,0,0,0,0,0,0,0,0
0,0,0,0,0,0,0,0,0,0,0,0,0,0,0,0.7846081,1,0.9916973,0.7293975,0.6862794,0.6636707,0.6914705,0.7650959,0.7948453,0.7440221,0.6770575,0.7606526,0.7238832,0,0,0,0,0,0,0,0,0,0,0,0,0,0,0,0,0,0,0,0,0.932052,1,0.8562286,0.6737278,0.7172716,0.7928644,0.7721251,0.6436954,0.668249,0.735091,0.6633511,0,0,0,0,0,0,0
0,0,0,0,0,0,0,0,0,0,0,0,0,0,0,0.8125941,1,0.9861202,0.7281696,0,0,0.7261993,0.8278191,0.8369318,0.7889738,0.8576341,0.7752756,0.7980562,0.8204086,0.6873011,0,0,0,0,0,0,0,0,0,0,0,0,0,0,0,0,0,0.7074402,0.9501132,1,0.8824904,0.7462237,0.7629936,0.7058862,0.7807291,0.7943829,0.7544748,0.7768654,0.7764385,0.7739628,0.6786166,0,0,0,0,0
0,0,0,0,0,0,0,0,0,0,0,0,0,0,0,0.8339955,1,0.9872131,0.8001056,0.6660029,0,0.6911587,0.7461261,0.6728323,0.8045364,0.8606309,0.6801347,0.8331037,0.884419,0.831717,0.7244193,0,0,0,0,0,0,0,0,0,0,0,0,0,0,0,0,0,0.9322898,1,0.89076,0.6472048,0.7184615,0.7022269,0.6610382,0.7827744,0.719863,0.7786639,0.8285,0.8084745,0.7947537,0.74862,0,0,0,0
0,0,0,0,0,0,0,0,0,0,0,0,0,0.6716838,0.6816322,0.8198764,1,0.9771156,0.6686524,0,0,0.6225853,0.8200952,0.8590682,0.8195529,0.7062733,0.9378139,0.9264401,0.7901037,0.8207023,0.6591136,0.6201189,0.6152701,0,0,0,0,0,0,0,0,0,0,0,0,0,0,0.6048029,0.9253576,1,0.8866998,0,0,0,0.700067,0.7945657,0.770197,0.8089676,0.8039518,0.61397,0.6926244,0.6921695,0,0,0,0
0,0,0,0,0,0,0,0,0,0,0,0,0,0.5996583,0.6944804,0.7679435,1,0.9945887,0.8188902,0.7020996,0.7434785,0.8387625,0.8692354,0.9344498,0.9544147,0.9565414,0.9085786,0.7277134,0.7166108,0.6693532,0,0,0.5677566,0,0,0,0,0,0,0,0,0,0,0,0,0,0.5597056,0.6051114,0.9347121,1,0.8657579,0.6074713,0.6725062,0,0.7594265,0.7545465,0.7765385,0.7396219,0.7125168,0.5834789,0,0.5488436,0,0.5754016,0.550648,0
0,0,0,0,0,0,0,0,0,0,0,0,0,0,0.7797005,0.9273832,1,0.9387643,0.8285712,0.8529101,0.8464699,0.7813964,0.7227902,0.6995983,0.7361864,0.6884801,0,0,0,0,0,0,0,0,0,0,0,0,0,0,0,0,0,0,0,0,0,0.6900901,0.9446224,1,0.8776307,0.8254933,0.8640787,0.8638953,0.7792991,0.7092754,0.7212054,0.7084231,0,0,0,0,0,0,0,0
