GestureName: mu
Duration(ms): 1175
Handedness: right

SpeakerAngles: 2
55
-55

InterpretedPoints: 25
0,-4.51890017170899
0.806707284111599,-1.69458756439087
0,0
0,1.12972504292725
-1.6134145682232,3.38917512878174
2.4201218523348,7.34321277902711
-0.806707284111599,10.7323879078088
0,12.4269754721997
1.6134145682232,10.1675253863452
4.03353642055799,5.08376269317261
8.87378012522759,-2.82431260731812
8.87378012522759,-5.08376269317261
8.87378012522759,-5.08376269317261
-5.64695098878119,-5.08376269317261
-3.2268291364464,-3.38917512878174
-0.806707284111599,-0.564862521463624
0,0
0,0
3.22682913644639,4.51890017170899
0,10.1675253863452
0,13.556700515127
0,13.556700515127
6.45365827289279,9.03780034341798
0,0
0,0

StrokePoints: 26
177.666666666667,130.277777777778
177.666666666667,134.796677949487
176.859959382555,136.491265513878
176.859959382555,136.491265513878
176.859959382555,135.36154047095
178.473373950778,131.972365342169
176.053252098443,124.629152563142
176.859959382555,113.896764655333
176.859959382555,101.469789183133
175.246544814332,91.3022637967878
171.213008393774,86.2185011036152
162.339228268546,89.0428137109333
153.465448143319,94.1265764041059
144.591668018091,99.2103390972785
150.238619006872,104.294101790451
153.465448143319,107.683276919233
154.27215542743,108.248139440697
154.27215542743,108.248139440697
154.27215542743,108.248139440697
151.045326290984,103.729239268988
151.045326290984,93.5617138826423
151.045326290984,80.0050133675153
151.045326290984,66.4483128523884
144.591668018091,57.4105125089704
144.591668018091,57.4105125089704
144.591668018091,57.4105125089704

Velocities: 25
-4,-4
-1,-2
0,0
1,1
2,4
8,5
9,10
11,11
10,8
7,2
3,-8
1,-10
1,-10
-8,-1
-5,-1
-1,0
0,0
0,0
6,2
9,9
12,12
12,12
12,4
0,0
0,0

InverseVelocities: 25
0,0
0,0
0,0
0,0
0,0
0,0
0,0
0,0
0,0
-2,-1
-4,0
-7,0
-9,0
0,0
0,0
0,0
0,0
0,0
0,0
0,0
0,0
-2,-1
0,0
0,0
0,0

RawData: 25
0,0,0,0,0,0,0,0,0,0.6827331,0.7384965,0.8209356,0.8731619,0.7985805,0,0.7611209,1,0.9880368,0.7519692,0,0,0,0,0,0,0,0,0,0,0,0,0,0,0,0,0,0,0,0,0,0,0,0.6750354,0.6760161,0.6771873,0.7701566,0.7302828,0.694353,0.9420147,1,0.8674328,0,0,0,0,0,0,0,0,0,0,0,0,0,0,0
0,0,0,0,0,0,0,0,0,0,0,0,0.7258583,0.6881738,0.7332186,0.8123153,1,0.9771361,0.7275587,0,0,0,0,0,0,0,0,0,0,0,0,0,0,0,0,0,0,0,0,0,0,0,0,0,0.6801203,0.7483885,0.8349499,0.8274302,0.9489352,1,0.8771879,0,0,0,0,0,0,0,0,0,0,0,0,0,0,0
0,0,0,0,0,0,0,0,0,0,0,0,0,0,0.6660756,0.842532,1,0.9767227,0.7237874,0,0,0,0,0,0,0,0,0,0,0,0,0,0,0,0,0,0,0,0,0,0,0,0,0,0,0,0.6335446,0.7353618,0.942549,1,0.9065276,0.6427034,0,0,0,0,0,0,0,0,0,0,0,0,0,0
0,0,0,0,0,0,0,0,0,0,0,0,0,0,0,0.7928917,0.9982476,1,0.8447972,0.7138714,0.5850018,0,0,0,0,0,0,0,0,0,0,0,0,0,0,0,0,0,0,0,0,0,0,0,0,0,0,0.6531933,0.944797,1,0.8538541,0.7892168,0.7436594,0.578245,0,0,0,0,0,0,0,0,0,0,0,0
0,0,0,0,0,0,0,0,0,0,0,0,0,0,0,0.8408603,1,0.9894317,0.8339123,0.8117346,0.776648,0.7947448,0,0,0,0,0,0,0,0,0,0,0,0,0,0,0,0,0,0,0,0,0,0,0,0,0,0,0.9419338,1,0.9047843,0,0.8100231,0.862802,0.8487101,0.7673525,0.7376246,0,0,0,0,0,0,0,0,0
0,0,0,0,0,0,0,0,0,0,0,0,0,0,0,0.8428243,1,0.9814713,0.7833902,0.6917815,0.7346104,0.7143649,0.7185274,0.706941,0.7181421,0.7010559,0.6798865,0.6275217,0,0,0,0,0,0,0,0,0,0,0,0,0,0,0,0,0,0,0,0.615441,0.938119,1,0.8790264,0.6489715,0.7002567,0.6816075,0.8008672,0.8371731,0.8068279,0.6836486,0,0,0,0,0,0,0,0
0,0,0,0,0,0,0,0,0,0,0,0,0,0,0,0.8284498,1,0.9846424,0.7971104,0.6584598,0,0,0.6703222,0.7251934,0.7110254,0.7383361,0.7677417,0.7441366,0.6308755,0,0,0,0,0,0,0,0,0,0,0,0,0,0,0,0,0,0,0.6100259,0.9341152,1,0.8832483,0.6586214,0,0.6666631,0,0,0.7655064,0.7897536,0.7476253,0.6081523,0.6151835,0.6648097,0.6931995,0,0,0
0,0,0,0,0,0,0,0,0,0,0,0,0,0,0,0.8421499,1,0.9780806,0.7328041,0,0,0.6540249,0.6300771,0.6571304,0.7376491,0.7700784,0.764555,0.7512339,0.7473672,0.7322419,0.6770949,0,0,0,0,0,0,0,0,0,0,0,0,0,0,0,0,0.6990821,0.9443105,1,0.8745649,0.6079729,0.6337999,0,0,0.6825329,0.7126694,0.7221793,0.6329775,0.6348557,0.6889606,0,0.7320402,0.70931,0,0
0,0,0,0,0,0,0,0,0,0,0,0,0,0,0.66728,0.8161272,1,0.9871807,0.7557444,0,0.635928,0.6963318,0.7712148,0.7599884,0.8004259,0.8206469,0.6670437,0.718392,0.7623464,0.6859006,0,0,0,0,0,0,0,0,0,0,0,0,0,0,0,0,0,0.6368895,0.9458575,1,0.8599198,0.7567967,0.6921536,0.7168276,0.7582341,0.7449505,0.6304052,0.708081,0.6928978,0.6583855,0.6336712,0,0,0,0,0
0,0,0,0,0,0,0,0,0,0,0,0.6384866,0.6469472,0,0.6729276,0.8389836,1,0.9799576,0.709451,0.8151202,0.8089945,0.7896287,0.657277,0.7331323,0.739131,0.7210469,0.6804014,0,0,0,0,0,0,0,0,0,0,0,0,0,0,0,0,0,0,0.6999458,0.7405905,0.7431554,0.9339324,1,0.891189,0.6960681,0.6325082,0.6825507,0.6724989,0,0,0,0,0,0,0,0,0,0,0
0,0,0,0,0,0,0,0,0,0.6618565,0.7347713,0.7792283,0.7991219,0.8067564,0.7911366,0.7052308,0.9994346,1,0.7092848,0.6352177,0.6474909,0,0.5943351,0,0,0,0,0,0,0,0,0,0,0,0,0,0,0,0.6374483,0.6892518,0.7076169,0.7409631,0.7559982,0.7348095,0.7854089,0.7934037,0.7072444,0.595287,0.9374031,1,0.8772032,0.6107316,0,0,0,0,0,0,0,0,0,0,0,0,0,0
0,0,0,0,0,0,0.7417336,0.7419987,0,0.7976674,0.8130638,0.7417833,0.7594258,0.7996045,0.7404662,0.8368604,1,0.9887758,0.7824892,0.6863751,0.6820821,0,0,0,0,0,0,0,0,0,0,0,0,0,0,0,0.6831074,0.7415856,0.7011734,0.7705091,0,0,0.6842081,0.7651321,0.7136208,0.7343038,0,0,0.9404885,1,0.8901074,0,0,0,0,0,0,0,0,0,0,0,0,0,0,0
0,0,0,0,0.6640793,0.6884079,0.6651614,0.7350203,0.7239329,0.6713387,0.7844031,0.790714,0.6546949,0.6937153,0.7507256,0.8314392,1,0.9772692,0.7181602,0,0.6829169,0,0,0,0,0,0,0,0,0,0,0,0,0,0,0,0.681074,0.7070732,0.6646615,0.7519017,0.7291268,0,0.6973135,0.7760661,0.7606266,0.7289571,0.730207,0.6955311,0.9383497,1,0.9012757,0,0,0,0,0,0,0,0,0,0,0,0,0,0,0
0,0,0,0,0,0.7469009,0.7441008,0.7473316,0,0.7634054,0.7677515,0.8382221,0.8413281,0.7832748,0,0.825747,1,0.98712,0.8063351,0,0,0,0,0,0,0,0,0,0,0,0,0,0,0,0,0,0,0,0,0,0,0,0,0,0,0.7946667,0.7670985,0.7611644,0.9513668,1,0.8984879,0,0,0,0,0,0,0,0,0,0,0,0,0,0,0
0,0,0,0,0,0,0,0,0.6230791,0.7102748,0.6928031,0.739557,0.858983,0.8438177,0.7969882,0.8362126,1,0.9966897,0.8156928,0,0,0,0,0,0,0,0,0,0,0,0,0,0,0,0,0,0,0,0,0,0,0,0,0,0,0.7680063,0.8063143,0.7117203,0.9391403,1,0.8844362,0,0,0,0,0,0,0,0,0,0,0,0,0,0,0
0,0,0,0,0,0,0,0,0,0,0,0,0.7454225,0.8680636,0.9045208,0,1,0.9863046,0.7601033,0,0,0,0,0,0,0,0,0,0,0,0,0,0,0,0,0,0,0,0,0,0,0,0,0,0,0,0.7924089,0.8180541,0.9568559,1,0.8812791,0,0,0,0,0,0,0,0,0,0,0,0,0,0,0
0,0,0,0,0,0,0,0,0,0,0,0,0,0,0.7355056,0.8741047,1,0.9677162,0.6586497,0,0,0,0,0,0,0,0,0,0,0,0,0,0,0,0,0,0,0,0,0,0,0,0,0,0,0,0,0,0.9401211,1,0.8872684,0,0,0,0,0,0,0,0,0,0,0,0,0,0,0
0,0,0,0,0,0,0,0,0,0,0,0,0,0,0,0.8202082,0.997873,1,0.8622425,0,0,0,0,0,0,0,0,0,0,0,0,0,0,0,0,0,0,0,0,0,0,0,0,0,0,0,0,0,0.9331518,1,0.9151017,0.789602,0.7493601,0,0,0,0,0,0,0,0,0,0,0,0,0
0,0,0,0,0,0,0,0,0,0,0,0,0,0,0.6367264,0.8187335,1,0.9827784,0.758311,0.7015371,0.6679963,0.6601124,0,0.7037407,0.7688813,0.6782547,0,0,0,0,0,0,0,0,0,0,0,0,0,0,0,0,0,0,0,0,0,0.6356282,0.9388044,1,0.8680321,0,0.7954581,0.816625,0.7705662,0,0,0,0,0,0,0,0,0,0,0
0,0,0,0,0,0,0,0,0,0,0,0,0,0,0,0.8409488,1,0.9903447,0.8127988,0.6807927,0.6244086,0.7339742,0.8249452,0.841082,0.6300552,0.7659864,0.722315,0.7479167,0.7432126,0,0,0,0,0,0,0,0,0,0,0,0,0,0,0,0,0,0,0.6352521,0.9437352,1,0.883926,0.639155,0,0.8084703,0.83226,0.8305625,0.7496268,0,0,0,0.6501272,0.655508,0,0,0,0
0,0,0,0,0,0,0,0,0,0,0,0,0,0,0.6272109,0.832234,1,0.9754853,0.7335013,0,0.6981636,0.7033036,0.6861272,0.7260587,0.8008041,0.8113039,0.7299889,0.6909544,0.7019393,0,0.6669726,0.702758,0.6788577,0,0,0,0,0,0,0,0,0,0,0,0,0,0,0.6353506,0.9281791,1,0.8838981,0,0,0,0.7356611,0.7706648,0.7873806,0.7084602,0.7181523,0.7154369,0.7056572,0.6820117,0.6564626,0.6262463,0.6608704,0
0,0,0,0,0,0,0,0,0,0,0,0.7077714,0.7493382,0.7405293,0.7856537,0.809065,1,0.9911001,0.8165038,0.7376847,0,0.705981,0.6637838,0.6618777,0.6664088,0.7799932,0.7384773,0,0,0.747512,0.7940866,0.7287867,0.7196901,0,0,0,0,0,0,0,0,0,0,0,0,0.6502834,0.6443548,0.674377,0.9400986,1,0.8900227,0,0,0,0.7210067,0.7529905,0.7119126,0.6768814,0.6802921,0.6758379,0.6917816,0.6555005,0.6412286,0.6663648,0.6516386,0
0,0,0,0,0,0,0,0,0,0,0,0,0,0.8254809,0.8350363,0,1,0.9940557,0.7637014,0,0,0,0.7338691,0,0,0.7297191,0.7310587,0,0,0,0,0.7251112,0,0,0,0,0,0,0,0,0,0,0,0,0,0,0,0,0.9346575,1,0.8890085,0,0,0.695932,0.6876726,0,0.6884262,0,0,0,0,0,0,0,0,0
0,0,0,0,0,0,0,0,0,0,0,0,0,0,0,0,1,0.9986118,0,0,0,0,0,0,0,0,0,0,0,0,0,0,0,0,0,0,0,0,0,0,0,0,0,0,0,0,0,0,0.9463378,1,0.9086329,0,0,0,0,0,0,0,0,0,0,0,0,0,0,0
0,0,0,0,0,0,0,0,0,0,0,0,0,0,0,0.7748613,1,0.9914545,0.7659057,0,0,0,0,0,0,0,0,0,0,0,0,0,0,0,0,0,0,0,0,0,0,0,0,0,0,0,0,0,0.9420093,1,0.8765147,0,0,0,0,0,0,0,0,0,0,0,0,0,0,0
