GestureName: star
Duration(ms): 1410
Handedness: right

SpeakerAngles: 2
55
-55

InterpretedPoints: 30
-1.6134145682232,-12.4269754721997
-0.806707284111598,-12.9918379936633
-0.806707284111598,-12.9918379936633
-0.806707284111599,-10.7323879078088
0.806707284111599,-5.08376269317261
4.03353642055799,0.564862521463623
-3.2268291364464,2.25945008585449
0,13.556700515127
-9.68048740933918,6.77835025756348
-5.64695098878119,7.34321277902711
-6.45365827289279,2.25945008585449
0,2.25945008585449
1.6134145682232,3.38917512878174
4.03353642055799,6.21348773609986
3.2268291364464,5.64862521463624
8.06707284111599,-2.25945008585449
9.68048740933919,-2.25945008585449
-1.6134145682232,-5.64862521463624
0.806707284111599,-5.08376269317261
0,-2.25945008585449
-0.806707284111599,-0.564862521463624
0,1.12972504292725
-2.4201218523348,0.564862521463624
-8.87378012522759,-2.82431260731812
0,0
-0.806707284111599,-8.47293782195435
0,-6.77835025756348
-0.806707284111599,-0.564862521463624
0,0
0,0

StrokePoints: 31
177.666666666667,130.277777777778
179.28008123489,142.704753249978
180.086788519001,155.696591243641
180.893495803113,168.688429237304
181.700203087225,179.420817145113
180.893495803113,184.504579838286
176.859959382555,183.939717316822
180.086788519001,181.680267230968
180.086788519001,168.123566715841
189.767275928341,161.345216458277
195.414226917122,154.00200367925
201.867885190015,151.742553593396
201.867885190015,149.483103507541
200.254470621791,146.093928378759
196.220934201233,139.880440642659
192.994105064787,134.231815428023
184.927032223671,136.491265513878
175.246544814332,138.750715599732
176.859959382555,144.399340814368
176.053252098443,149.483103507541
176.053252098443,151.742553593396
176.859959382555,152.307416114859
176.859959382555,151.177691071932
179.28008123489,150.612828550468
188.153861360118,153.437141157786
188.153861360118,153.437141157786
188.960568644229,161.910078979741
188.960568644229,168.688429237304
189.767275928341,169.253291758768
189.767275928341,169.253291758768
189.767275928341,169.253291758768

Velocities: 30
-12,-10
-12,-11
-12,-11
-10,-9
-4,-5
3,-2
0,4
12,12
0,12
3,10
-2,6
2,2
4,2
8,3
7,3
3,-7
4,-8
-6,-4
-4,-5
-2,-2
-1,0
1,1
-1,2
-8,3
0,0
-8,-7
-6,-6
-1,0
0,0
0,0

InverseVelocities: 30
0,0
0,0
0,0
0,0
0,0
0,0
0,0
-2,0
0,0
0,0
0,0
0,0
0,-1
0,-1
-1,-5
0,0
-7,0
0,0
0,0
0,0
0,0
0,-1
0,0
0,0
0,0
0,0
0,0
0,0
0,0
0,0

RawData: 30
0,0.7424885,0.8455978,0.8941443,0.9145799,0.8935801,0.7208791,0.8637272,0.8185546,0.7757747,0.7859149,0.6488312,0.7118761,0.672188,0.7310967,0.8476315,1,0.9912257,0.7999914,0,0,0,0,0,0,0,0,0,0,0,0,0,0,0,0,0,0.6821845,0.7604049,0.798182,0.7890415,0.7450366,0.7393082,0,0,0.7401141,0.7396169,0,0,0.9354285,1,0.8822097,0,0,0,0,0,0,0,0,0,0,0,0,0,0,0
0.8218138,0.9024587,0.9032602,0.8279449,0.8166382,0.7451987,0.7703989,0.8068069,0.7700445,0,0,0,0,0,0,0.8193394,1,0.9961181,0.8178198,0,0,0,0,0,0,0,0,0,0,0,0,0,0,0,0,0.7813632,0.8146944,0.7577001,0.7454159,0.7532073,0.7781779,0.8065554,0.8237596,0.8314886,0.7676535,0.7475458,0,0,0.9416035,1,0.898953,0,0,0,0,0,0,0,0,0,0,0,0,0,0,0
0.769331,0.7053058,0.6703001,0.7890708,0.7909964,0.7106683,0.7383121,0.6733655,0.6707159,0.7398932,0.7284428,0,0,0,0.7353464,0.8634225,1,0.9781836,0.699074,0,0,0,0,0,0,0,0,0,0,0,0,0,0,0,0,0.7445214,0.7876351,0.7992778,0.8468675,0.8752043,0.8069274,0.7769067,0.8051136,0.7749685,0,0.6894614,0.7405571,0.7544215,0.9307726,1,0.9055433,0,0,0,0,0,0,0,0,0,0,0,0,0,0,0
0,0,0,0.6598257,0.7591551,0.8162094,0.8056239,0.7662416,0.6851883,0,0,0,0,0,0.6500266,0.8134997,1,0.9947531,0.7958063,0,0,0,0,0,0,0,0,0,0,0,0,0,0,0,0,0,0,0.6528891,0.7782636,0.8274715,0.8465999,0.8594859,0.787549,0.6889704,0.6865751,0,0.7091434,0.7322751,0.9425791,1,0.8487889,0,0,0,0,0,0,0,0,0,0,0,0,0,0,0
0,0,0,0,0,0,0,0,0,0.7065987,0.7224126,0.7547767,0.7561101,0.7898096,0.7561103,0.7567131,1,0.9971043,0.7603281,0,0,0,0,0,0,0,0,0,0,0,0,0,0,0,0,0,0,0,0,0,0,0.6213397,0.6902564,0.7434061,0.809539,0.7440998,0.6861209,0.729428,0.9346252,1,0.8624753,0,0,0,0,0,0,0,0,0,0,0,0,0,0,0
0,0,0,0,0,0,0,0,0,0,0,0,0,0,0.6304002,0.794858,1,0.9877898,0.7037477,0.6652995,0.6548578,0.6386881,0.6134194,0,0,0,0,0,0,0,0,0,0,0,0,0,0,0,0,0,0,0,0,0,0.6477926,0.6767172,0.7781676,0.7871358,0.9089592,1,0.8836375,0.7042632,0,0,0,0,0,0,0,0,0,0,0,0,0,0
0,0,0,0,0,0,0,0,0,0,0,0,0,0,0,0.8657389,1,0.9798971,0.8013999,0,0,0,0,0,0,0,0,0,0,0,0,0,0,0,0,0,0,0,0,0,0,0,0,0,0,0,0,0,0.942324,1,0.901662,0,0,0,0,0.8215219,0.8277863,0,0,0,0,0,0,0,0,0
0,0,0,0,0,0,0,0,0,0,0,0.5836367,0.6271886,0.5823619,0.6739694,0.8292472,1,0.9712028,0.7008371,0,0,0.6442417,0.6178488,0.5819613,0.5836239,0,0.7005736,0.6034448,0.5934792,0.6633213,0.697066,0.6877747,0.6622774,0,0,0,0,0,0,0,0,0,0,0,0,0,0,0.7322973,0.9417884,1,0.8796383,0.6764035,0.7011892,0.6785688,0.6511495,0.5937042,0.6333483,0,0.6133572,0.5831462,0.6748359,0.7229557,0.6853446,0.6099627,0.6884965,0.6940644
0,0,0,0,0,0,0,0,0,0,0,0,0,0,0.7364807,0.8713877,1,0.9840829,0.7857567,0.7452857,0,0,0,0,0,0,0,0,0,0,0,0,0,0,0,0,0,0,0,0,0,0,0,0,0,0,0,0,0.9473631,1,0.9019826,0,0,0.6991869,0,0,0,0,0,0,0,0.7017094,0,0.7184011,0.7827809,0.8160058
0,0,0,0,0,0,0,0,0,0,0,0,0,0,0,0.774128,1,0.9999248,0.7885265,0.7503082,0.7671713,0.7361316,0.7170529,0,0,0,0,0,0,0,0,0,0,0,0,0,0,0,0,0,0,0,0,0,0,0,0.6990702,0.7803464,0.958379,1,0.8860523,0,0,0,0.7194443,0.6937371,0.6865962,0,0,0,0,0.6840069,0.6920964,0,0,0.7291234
0,0,0,0,0,0,0,0,0,0,0,0.6598735,0.6944246,0.712184,0.6627666,0.8743464,1,0.9745436,0.7315336,0,0,0,0,0,0,0,0,0,0,0,0,0,0,0,0,0,0,0,0,0,0,0,0,0,0,0,0,0.6673357,0.9380288,1,0.8854887,0.6801171,0.7347153,0.7916526,0.7174235,0.7515332,0.7617718,0.7123201,0.6472465,0,0,0,0,0,0,0
0,0,0,0,0,0,0,0,0,0,0,0,0,0,0.656456,0.8621984,1,0.9837335,0.8359063,0.7896271,0.7286589,0.6092069,0,0,0,0,0,0,0,0,0,0,0,0,0,0,0,0,0,0,0,0,0,0,0,0,0.581138,0.6239206,0.9454687,1,0.8923361,0.8154282,0.8466873,0.7698319,0.5807804,0,0,0,0,0,0,0,0,0,0,0
0,0,0,0,0,0,0,0,0,0,0,0,0,0,0,0.8638296,1,0.9718365,0.6773188,0.7644759,0.8386496,0.8022937,0.6938401,0.6277006,0,0,0,0,0,0,0,0,0,0,0,0,0,0,0,0,0,0,0,0,0,0.6160753,0.6719162,0.7005687,0.9396542,1,0.8694407,0.8181405,0.847152,0.7585277,0.6808041,0,0,0,0,0,0,0,0,0,0,0
0,0,0,0,0,0,0,0,0,0,0,0,0,0.5969372,0.6613541,0.8252313,1,0.9803015,0.6862758,0.769597,0.7112924,0.7718031,0.7534367,0.6747404,0.6317003,0.7269388,0.6902069,0.6004982,0,0,0,0,0,0,0,0,0,0,0,0,0,0,0,0,0,0.6887065,0.7558373,0.7061641,0.9133216,1,0.9074514,0.6474665,0.8008958,0.7582673,0.7414842,0.6725747,0,0,0,0,0,0,0,0,0,0
0,0,0,0,0,0,0,0,0,0,0,0,0.6712558,0.6532532,0,0.8225511,1,0.9927837,0.7920222,0.8307235,0.7637895,0.7914187,0.7096834,0.7502098,0.6937433,0.6008896,0.5810614,0,0,0,0,0,0,0,0,0,0,0,0,0,0,0.6879647,0.7345681,0.7691386,0.7538168,0,0.7206655,0.7847334,0.9513527,1,0.8974152,0.7699151,0.7406801,0.6774925,0.6545396,0.5843492,0,0,0,0,0,0,0,0,0,0
0,0,0,0,0,0,0,0,0,0,0,0,0,0.7649623,0.7835801,0.8660288,1,0.9756166,0.798658,0.7596298,0.747313,0.7416978,0.7680719,0,0,0,0,0,0,0,0,0,0,0,0,0,0,0,0,0.7537721,0.8011892,0.8009787,0.754073,0.7303044,0,0.7671775,0.747027,0,0.9519486,1,0.8840374,0,0,0,0,0,0,0,0,0,0,0,0,0,0,0
0,0,0,0,0,0,0.5757604,0.6982321,0.7868927,0.7647583,0.7297502,0.7984695,0.7341897,0.6079125,0.6400127,0.7805705,1,0.9795908,0.7066113,0,0.6269906,0.5916041,0.6181763,0.5737964,0,0,0,0,0,0,0,0,0,0,0,0,0,0,0.5679853,0.6519173,0.7687458,0.7971388,0.7563103,0.5645388,0.6962032,0.6623429,0.5771167,0.6370347,0.9194296,1,0.878315,0,0,0,0,0,0,0,0,0,0,0,0,0,0,0
0,0,0,0,0,0,0,0.7154571,0.8658475,0.9268957,0.8461114,0.8214316,0.7022746,0.7411826,0.7559384,0.8500924,1,0.9845365,0.7982032,0,0,0,0,0,0,0,0,0,0,0,0,0,0,0,0,0,0,0,0,0,0,0,0.8055384,0.812993,0,0.6911922,0.6858196,0,0.9392763,1,0.9018769,0,0,0,0,0,0,0,0,0,0,0,0,0,0,0
0,0,0,0,0,0,0,0,0,0.8190335,0.9201015,0.9278802,0.7743751,0.760253,0.6967316,0.7930709,1,0.9904655,0.746373,0,0,0,0,0,0,0,0,0,0,0,0,0,0,0,0,0,0,0,0,0,0,0.6503413,0.7573973,0.8307132,0.7963,0.7424261,0.7184949,0.6741582,0.9498721,1,0.8692557,0,0,0,0,0,0,0,0,0,0,0,0,0,0,0
0,0,0,0,0,0,0,0,0,0,0,0.8427705,0.8891552,0.8536397,0.797936,0.8352689,1,0.9972188,0.8057967,0,0,0,0,0,0,0,0,0,0,0,0,0,0,0,0,0,0,0,0,0,0,0,0,0,0.7546721,0.7950331,0.8082204,0.7635406,0.9516878,1,0.8879579,0,0,0,0,0,0,0,0,0,0,0,0,0,0,0
0,0,0,0,0,0,0,0,0,0,0,0,0.5972067,0.7119619,0.8127112,0.8577153,1,0.9841541,0.7448903,0,0,0,0,0,0,0,0,0,0,0,0,0,0,0,0,0,0,0,0,0,0,0,0,0,0,0,0.7132177,0.748694,0.9258124,1,0.8894901,0,0,0,0,0,0,0,0,0,0,0,0,0,0,0
0,0,0,0,0,0,0,0,0,0,0,0,0,0.6831865,0.8109937,0.7567664,0.9910115,1,0.7526812,0.7250521,0.6639988,0,0,0,0,0,0,0,0,0,0,0,0,0,0,0,0,0,0,0,0,0,0,0,0,0.650437,0.6379755,0.6618817,0.9403349,1,0.8675904,0.6817982,0.6841641,0.6417249,0,0,0,0,0,0,0,0,0,0,0,0
0,0,0,0,0,0,0,0,0,0,0,0,0.6853273,0.7378186,0,0.8612363,1,0.9516691,0.6893328,0,0,0,0,0,0,0,0,0,0,0,0,0,0,0,0,0,0,0,0,0,0,0,0,0,0,0,0,0.6905146,0.9477029,1,0.8917215,0.6819855,0.6916918,0.6969063,0.6925558,0,0,0,0,0,0,0,0,0,0,0
0,0,0,0,0,0.6661113,0.6864522,0,0,0.6872072,0.7359902,0.6740193,0.7038665,0.7013524,0,0.8608935,1,0.9745575,0.7596986,0,0,0,0,0,0,0,0,0,0,0,0,0,0,0,0,0,0,0,0,0,0,0,0,0,0,0,0,0.7111071,0.9460023,1,0.9020605,0.7505414,0.69866,0.7075028,0.7642054,0.7233889,0,0,0,0,0,0,0,0,0,0
0,0,0,0,0,0,0,0,0,0,0,0,0,0,0,0.8546707,1,0.9874429,0,0,0,0,0,0,0,0,0,0,0,0,0,0,0,0,0,0,0,0,0,0,0,0,0,0,0,0,0,0,0.9509715,1,0.9004211,0,0,0,0,0,0,0,0,0,0,0,0,0,0,0
0,0,0,0,0,0.7417381,0.7912015,0.8138455,0.7428282,0,0.6971639,0.7324157,0,0,0,0.8634665,1,0.9807742,0.7475492,0,0,0,0,0,0,0,0,0,0,0,0,0,0,0,0,0,0,0,0,0.7073187,0.692535,0.7005797,0,0,0,0.7093462,0.6744014,0.7002397,0.9519553,1,0.873115,0,0,0,0,0,0,0,0,0,0,0,0,0,0,0
0,0,0,0,0,0,0,0.6519426,0.7597314,0.7243774,0.6901741,0.7377793,0,0,0,0,0.9740565,1,0.8153429,0,0,0,0,0,0,0,0,0,0,0,0,0,0,0,0,0,0,0,0,0,0.6683131,0.7022645,0,0.6928122,0.6474525,0.6385102,0.6750858,0.7850768,0.9512657,1,0.8541605,0.651905,0,0,0,0,0,0,0,0,0,0,0,0,0,0
0,0,0,0,0,0,0,0,0,0,0,0,0.6352397,0.6978921,0.719119,0.8443062,1,0.9750307,0.6766053,0,0,0,0,0,0,0,0,0,0,0,0,0,0,0,0,0,0,0,0,0,0,0,0,0,0,0,0.7064409,0.7625052,0.9235975,1,0.8695536,0.6626683,0,0,0,0,0,0,0,0,0,0,0,0,0,0
0,0,0,0,0,0,0,0,0,0,0,0,0,0.7069286,0.6538767,0.8393207,1,0.9841452,0.7564619,0,0,0,0,0,0,0,0,0,0,0,0,0,0,0,0,0,0,0,0,0,0,0,0,0,0,0,0.6519314,0.7214192,0.9391067,1,0.8952841,0,0,0,0,0,0,0,0,0,0,0,0,0,0,0
0,0,0,0,0,0,0,0,0,0,0,0,0,0,0.7470591,0.8827834,1,0.9691823,0.7051361,0,0,0,0,0,0,0,0,0,0,0,0,0,0,0,0,0,0,0,0,0,0,0,0,0,0,0,0,0.7374537,0.9523756,1,0.8844917,0,0,0,0,0,0,0,0,0,0,0,0,0,0,0
