GestureName: w
Duration(ms): 1128
Handedness: right

SpeakerAngles: 2
55
-55

InterpretedPoints: 24
0.806707284111599,0.564862521463624
0,0
1.6134145682232,1.12972504292725
0.806707284111599,0.564862521463624
0,3.38917512878174
1.6134145682232,1.12972504292725
-0.806707284111599,3.95403765024536
0.806707284111599,8.47293782195435
-0.806707284111598,12.9918379936633
0.806707284111599,0.564862521463624
-1.6134145682232,4.51890017170899
-0.806707284111599,3.95403765024536
0,1.12972504292725
2.4201218523348,-3.95403765024536
0.806707284111599,-0.564862521463624
1.6134145682232,1.12972504292725
1.6134145682232,3.38917512878174
-1.6134145682232,4.51890017170899
-5.64695098878119,6.21348773609986
-6.45365827289279,5.64862521463624
-1.6134145682232,-5.64862521463624
-2.4201218523348,-7.34321277902711
0,0
0,0

StrokePoints: 25
177.666666666667,130.277777777778
176.859959382555,129.712915256314
176.859959382555,129.712915256314
175.246544814332,128.583190213387
174.43983753022,128.018327691923
174.43983753022,124.629152563142
172.826422961997,123.499427520214
173.633130246109,119.545389869969
172.826422961997,111.072452048015
173.633130246109,98.0806140543512
172.826422961997,97.5157515328876
174.43983753022,92.9968513611786
175.246544814332,89.0428137109333
175.246544814332,87.913088668006
172.826422961997,91.8671263182514
172.019715677885,92.431988839715
170.406301109662,91.3022637967878
168.792886541439,87.913088668006
170.406301109662,83.394188496297
176.053252098443,77.1807007601972
182.506910371336,71.5320755455609
184.120324939559,77.1807007601972
186.540446791894,84.5239135392243
186.540446791894,84.5239135392243
186.540446791894,84.5239135392243

Velocities: 24
1,0
0,0
2,0
1,0
3,3
2,0
3,4
8,7
11,12
1,0
3,5
3,4
1,1
-2,-5
0,-1
2,0
4,2
3,5
2,9
1,9
-6,-4
-8,-5
0,0
0,0

InverseVelocities: 24
0,0
0,0
0,0
0,0
0,-1
0,0
0,0
0,0
0,0
0,0
-3,-4
-8,-10
-9,-8
0,0
0,0
0,0
0,0
-2,-1
-2,-3
-6,-5
0,0
0,0
0,0
0,0

RawData: 24
0,0,0,0,0,0,0,0,0,0,0,0,0,0,0,0.8029469,1,0.9970393,0.8058279,0.6817489,0.7096673,0,0,0,0,0,0,0,0,0,0,0,0,0,0,0,0,0,0,0,0,0,0,0,0,0,0,0,0.930437,1,0.9128754,0.6463743,0.7167861,0,0,0,0,0,0,0,0,0,0,0,0,0
0,0,0,0,0,0,0,0,0,0,0,0,0,0,0,0.8296893,1,0.9847511,0.8073313,0,0,0,0,0,0,0,0,0,0,0,0,0,0,0,0,0,0,0,0,0,0,0,0,0,0,0,0,0,0.9547979,1,0.9061695,0.8640264,0.8237851,0,0,0,0,0,0,0,0,0,0,0,0,0
0,0,0,0,0,0,0,0,0,0,0,0,0,0,0,0.8396487,1,0.9697095,0.8221864,0.8404025,0.7485482,0.6957532,0,0,0,0,0,0,0,0,0,0,0,0,0,0,0,0,0,0,0,0,0,0,0,0,0,0.6490574,0.9318367,1,0.9054327,0.8526259,0.7806579,0,0,0,0,0,0,0,0,0,0,0,0,0
0,0,0,0,0,0,0,0,0,0,0,0,0,0,0,0.8611366,1,0.9907384,0.851602,0.8456663,0.8671908,0,0,0,0,0,0,0,0,0,0,0,0,0,0,0,0,0,0,0,0,0,0,0,0,0,0,0,0.9434447,1,0.9150683,0.8620515,0,0,0,0,0,0,0,0,0,0,0,0,0,0
0,0,0,0,0,0,0,0,0,0,0,0,0,0,0.6719547,0.8040178,1,0.995295,0.7902871,0.6695961,0.662492,0.6545172,0.6110418,0,0,0,0,0,0,0,0,0,0,0,0,0,0,0,0,0,0,0,0,0,0,0.6860339,0.6831291,0,0.9301911,1,0.8494689,0.8493754,0.8597926,0.7843736,0.7170954,0.6214364,0,0,0,0,0,0,0,0,0,0
0,0,0,0,0,0,0,0,0,0,0,0,0,0,0,0.8309186,1,0.9963154,0.862807,0,0,0.8269745,0,0,0,0,0,0,0,0,0,0,0,0,0,0,0,0,0,0,0,0,0,0,0,0,0,0,0.9467869,1,0.8828719,0.8930838,0,0,0,0,0,0,0,0,0,0,0,0,0,0
0,0,0,0,0,0,0,0,0,0,0,0,0,0,0,0.8369901,1,0.9815618,0.7596753,0.7095432,0.7610769,0.8007907,0.7656203,0,0,0,0,0,0,0,0,0,0,0,0,0,0,0,0,0,0,0,0,0,0,0,0,0.7204462,0.9429694,1,0.8687127,0.8007813,0.7908164,0.8198153,0.8310552,0.8258374,0.785933,0,0,0,0,0,0,0,0,0
0,0,0,0,0,0,0,0,0,0,0,0,0,0,0,0.8356165,1,0.9883811,0.7724349,0,0,0.7294968,0.8449756,0.8582319,0.835875,0.8188539,0.8075638,0.749387,0,0,0,0,0,0,0,0,0,0,0,0,0,0,0,0,0,0,0,0.7053821,0.9593304,1,0.892211,0,0,0,0.7102806,0.7392237,0,0.7454798,0.760895,0.7619483,0,0,0,0,0,0
0,0,0,0,0,0,0,0,0,0,0,0,0,0.66256,0.7079075,0.8370341,1,0.9764362,0.7317798,0.6770743,0.6871848,0.6800926,0.7728323,0.7463664,0.677548,0,0.7344379,0.7963307,0.6938238,0.6837958,0.7112038,0,0,0,0,0,0,0,0,0,0,0,0,0,0,0,0,0,0.9326656,1,0.8631305,0,0.6843644,0.6852564,0,0,0,0,0.6866596,0.7003655,0.6625155,0.7167332,0.7491678,0.7227076,0.6751053,0.669657
0,0,0,0,0,0,0,0,0,0,0,0,0,0.7741362,0.8205468,0.8909946,1,0.9852076,0.8271578,0.7579704,0.7778862,0,0,0,0,0,0,0,0,0,0,0,0,0,0,0,0,0,0,0,0,0,0,0,0,0,0,0.7785431,0.9590939,1,0.9014298,0,0,0,0,0,0,0,0,0,0,0,0,0,0,0
0,0,0,0,0,0,0,0,0,0,0.7713977,0.8358343,0.7952631,0.7507513,0.8227741,0.8217413,0.9949687,1,0.8483525,0,0.7332425,0.7720103,0.7442693,0,0,0,0,0,0,0,0,0,0,0,0,0,0,0,0,0,0,0,0.7498149,0.7848697,0,0,0,0,0.937263,1,0.9153018,0.8166428,0.7382823,0.7452589,0.7737527,0.7737556,0.8206593,0.7845586,0,0,0,0,0,0,0,0
0,0,0,0,0,0.6734709,0.6905388,0,0,0.7481145,0.8495765,0.8475916,0.7864436,0.8804284,0.8735699,0.8464265,1,0.9469381,0.7162136,0.7256799,0.6938605,0.6158165,0.5951512,0,0,0,0,0,0,0,0,0,0,0,0,0,0.5928885,0.6183818,0,0,0,0.7422504,0.6482821,0.7190133,0.688735,0.7354701,0.6838249,0.792562,0.9446883,1,0.8695201,0.7374364,0.802237,0.8056647,0.7575378,0.6179885,0.609318,0,0,0,0,0,0,0,0,0
0,0,0,0,0.6673887,0.6615371,0.7185414,0.7743417,0.7860282,0.7988704,0.7585652,0.8182604,0.8847451,0.8476753,0.8650943,0.8441113,1,0.9905778,0.8326281,0.7611097,0.7134857,0,0,0,0,0,0,0,0,0,0,0,0,0,0,0,0,0,0.6640645,0.7491544,0.7846968,0.7011415,0.7571322,0.7702855,0.7730483,0.6820448,0.7526619,0.7431612,0.9338233,1,0.8955889,0,0.6611899,0.6417946,0,0,0,0,0,0,0,0,0,0,0,0
0,0,0,0,0,0,0,0,0,0,0,0.7227179,0.8441345,0.869111,0.8307133,0.7195475,1,0.9899604,0.721709,0.7009395,0,0,0,0,0,0,0,0,0,0,0,0,0,0,0,0,0,0,0,0,0,0.7189504,0.7558559,0.7493442,0.7220201,0.7522874,0.7319592,0.7665758,0.9495056,1,0.8926089,0,0,0,0,0,0,0,0,0,0,0,0,0,0,0
0,0,0,0,0,0,0,0,0,0,0,0,0,0.783553,0.8510152,0.9281775,1,0.9776503,0.8050349,0,0,0,0,0,0,0,0,0,0,0,0,0,0,0,0,0,0,0,0,0,0,0,0,0,0,0.7564335,0.812259,0.7970646,0.9400122,1,0.8976316,0,0,0,0,0,0,0,0,0,0,0,0,0,0,0
0,0,0,0,0,0,0,0,0,0,0,0,0,0,0.6311364,0.8470622,0.9988517,1,0.8524518,0.7480168,0.6130104,0.6027431,0,0,0,0,0,0,0,0,0,0,0,0,0,0,0,0,0,0,0,0,0,0,0,0,0.6555791,0.7317342,0.9377016,1,0.8711815,0.6646649,0,0,0,0,0,0,0,0,0,0,0,0,0,0
0,0,0,0,0,0,0,0,0,0,0,0,0,0,0.699714,0.7234401,0.9928337,1,0.8403035,0.7811236,0.7693693,0.7834406,0.6771227,0.6379293,0,0,0,0,0,0,0,0,0,0,0,0,0,0,0,0,0,0,0,0,0,0,0,0.5982181,0.9375628,1,0.8935359,0.6935847,0.668868,0.6732961,0.6137601,0,0,0,0,0,0,0,0,0,0,0
0,0,0,0,0,0,0,0,0,0,0,0.6423653,0.7684926,0.8356422,0.8639034,0.7841166,1,0.9856527,0.8441055,0.832656,0.8389481,0.8271162,0.7148582,0,0,0,0,0,0,0,0,0,0,0,0,0,0,0,0,0,0,0,0,0,0,0.6085069,0.6237192,0,0.9277459,1,0.8970085,0.6976796,0,0.6275375,0.6769611,0.7234749,0.6805428,0.6179559,0,0,0,0,0,0,0,0
0,0,0,0,0,0,0,0,0,0,0,0.698172,0.805526,0.8245627,0.8309109,0.8420262,1,0.9844299,0.8055925,0.7339835,0,0.7368881,0,0,0,0,0,0,0,0,0,0,0,0,0,0,0,0,0,0,0,0,0,0.6637355,0.7197661,0.7430552,0.7470199,0,0.9419883,1,0.8795073,0.682015,0.7295132,0.7391386,0.7130372,0.7300845,0.7215544,0.6698723,0.7019919,0.6719649,0.6684272,0.6748295,0,0,0,0
0,0,0,0,0,0,0,0.7412506,0.7953535,0.7674674,0.7315038,0.7451215,0.8134778,0.8326684,0.7375721,0.8319551,1,0.9878969,0.7985169,0.7426501,0.6824344,0,0,0,0,0,0,0,0,0,0,0,0,0,0,0,0,0,0,0,0,0.6746566,0.660833,0,0.7109528,0.7910243,0.7878059,0.6716139,0.9403417,1,0.8921899,0.6971813,0.7236564,0.6771128,0,0.6578707,0.6785132,0,0.6834273,0.6734979,0.6548451,0.6614582,0,0,0,0
0,0,0,0,0,0,0,0.7347858,0.7451931,0.7358789,0.7707274,0.774576,0.7180328,0,0.7687211,0.8032107,1,0.9872403,0.785312,0,0,0,0,0,0,0,0,0,0,0,0,0,0,0,0,0,0,0,0,0,0,0,0.7542953,0.7927809,0.7935386,0.7072254,0,0,0.9542032,1,0.8873941,0,0,0,0,0,0,0,0,0,0,0,0,0,0,0
0,0,0,0,0,0.714708,0.7630354,0.7111638,0,0,0,0.7577593,0.7723948,0.7734315,0.7652248,0.8192754,1,0.9822249,0.7686139,0,0,0,0,0,0,0,0,0,0,0,0,0,0,0,0,0,0,0,0,0,0,0.7149948,0.7622073,0.7872083,0.7431176,0,0.6990123,0.7819765,0.9339073,1,0.8882363,0,0,0,0,0,0,0,0,0,0,0,0,0,0,0
0,0,0,0,0,0,0,0,0,0,0,0,0,0,0,0.8663828,1,0.9717309,0,0,0,0,0,0,0,0,0,0,0,0,0,0,0,0,0,0,0,0,0,0,0,0,0,0,0,0,0,0,0.9489061,1,0.8868141,0,0,0,0,0,0,0,0,0,0,0,0,0,0,0
0,0,0,0,0,0,0,0,0,0,0,0,0,0,0,0,0.9993905,1,0.7923828,0,0,0,0,0,0,0,0,0,0,0,0,0,0,0,0,0,0,0,0,0,0,0,0,0,0,0,0,0.7716104,0.9470242,1,0.9015249,0,0,0,0,0,0,0,0,0,0,0,0,0,0,0
