GestureName: x
Duration(ms): 940
Handedness: right

SpeakerAngles: 2
55
-55

InterpretedPoints: 20
1.6134145682232,1.12972504292725
1.6134145682232,1.12972504292725
0.806707284111599,2.82431260731812
0,2.25945008585449
0,3.38917512878174
0,1.12972504292725
-5.64695098878119,-2.82431260731812
1.6134145682232,-3.38917512878174
4.84024370466959,-5.64862521463624
9.68048740933918,-3.38917512878174
4.84024370466959,-6.77835025756348
0.806707284111599,-7.34321277902711
-0.806707284111599,-1.69458756439087
-0.806707284111599,3.95403765024536
0,13.556700515127
0,13.556700515127
0,13.556700515127
0,13.556700515127
0,0
0,0

StrokePoints: 21
177.666666666667,130.277777777778
176.053252098443,129.148052734851
174.43983753022,128.018327691923
173.633130246109,125.194015084605
173.633130246109,122.934564998751
173.633130246109,119.545389869969
173.633130246109,118.415664827042
179.28008123489,121.23997743436
177.666666666667,124.629152563142
172.826422961997,130.277777777778
163.145935552658,133.66695290656
158.305691847988,140.445303164123
157.498984563877,147.78851594315
158.305691847988,149.483103507541
159.1123991321,145.529065857296
159.1123991321,131.972365342169
159.1123991321,118.415664827042
159.1123991321,104.858964311915
159.1123991321,91.3022637967878
159.1123991321,91.3022637967878
159.1123991321,91.3022637967878

Velocities: 20
2,0
2,0
3,2
2,2
3,3
1,1
-6,1
-2,-4
-2,-8
3,-9
-3,-9
-6,-7
-2,-1
3,4
12,12
12,12
12,12
12,12
0,0
0,0

InverseVelocities: 20
0,0
0,0
-2,0
-5,-2
-6,-4
-6,-6
0,-5
0,0
3,0
0,0
0,0
0,0
2,0
0,0
0,0
0,0
0,0
-1,0
0,0
0,0

RawData: 20
0,0,0,0,0,0,0,0,0,0,0,0,0,0,0,0.8352197,1,0.98555,0.8143196,0.9242615,0.9154027,0.8161672,0,0,0,0,0,0,0,0,0,0,0,0,0,0,0,0,0,0,0,0,0,0,0,0,0,0,0.9401281,1,0.8725968,0.7490984,0.7305069,0,0,0,0,0,0,0,0,0,0,0,0,0
0,0,0,0,0,0,0,0,0,0,0,0,0,0,0,0.7910131,1,0.9955907,0.960124,0.9147559,0.8264223,0.7216115,0,0,0,0,0,0,0,0,0,0,0,0,0,0,0,0,0,0,0,0,0,0,0,0,0,0,0.940465,1,0.9092676,0.7784463,0,0,0,0,0,0,0,0,0,0,0,0,0,0
0,0,0,0,0,0,0,0,0,0,0,0.6341063,0.6171986,0,0.6919386,0.8040184,1,0.9986656,0.7958764,0.5816709,0.7031007,0.6968781,0.6076382,0,0,0,0,0,0,0,0,0,0,0,0,0,0,0,0,0,0,0,0,0,0,0,0.5682171,0.5710729,0.9246715,1,0.9071492,0.7659464,0.7630237,0.6677874,0.6014725,0,0,0,0,0,0,0,0,0,0,0
0,0,0,0,0,0,0,0,0.5762779,0.6376503,0.7585856,0.8186418,0.8168188,0.817663,0.8169448,0.8422826,1,0.985584,0.7848939,0.7154763,0.6984948,0.6578065,0,0,0,0,0,0,0,0,0,0,0,0,0,0,0,0,0,0,0,0,0,0,0.6169311,0.6318637,0.6540431,0.7173702,0.9537657,1,0.851197,0.747726,0.7950646,0.7277389,0.6415495,0,0,0,0,0,0,0,0,0,0,0
0,0,0,0,0,0,0,0.6535184,0.7058941,0.7501647,0.8178449,0.7362998,0.8013915,0.8539335,0.8581215,0.6418083,1,0.9871376,0.733177,0,0.6658724,0.6688988,0.56495,0,0,0,0,0,0,0,0,0,0,0,0,0,0,0,0,0,0,0,0.5419107,0.6098006,0.5392252,0.6212546,0.6618323,0.7511114,0.9465449,1,0.8714646,0.6901907,0.7562079,0.7105681,0.6303484,0.5432343,0,0,0,0,0,0,0,0,0,0
0,0,0,0,0,0,0,0.7456145,0.6926807,0.7689157,0.8009679,0.7740393,0.8209427,0.7247017,0.7893087,0.8628391,1,0.9896474,0.8369826,0.7581939,0.6668849,0,0,0,0,0,0,0,0,0,0,0,0,0,0,0,0,0,0,0,0.5837955,0.6441232,0.5899642,0,0.6782188,0.7056573,0.686361,0.7035968,0.9325691,1,0.8895912,0.747484,0.6333368,0.5866305,0,0,0,0,0,0,0,0,0,0,0,0
0,0,0,0,0,0,0,0.7721387,0.8527581,0.8602055,0.7927991,0,0.8224004,0.7515998,0.7298459,0.8304751,1,0.9817472,0.8228586,0.7117699,0,0,0,0,0,0,0,0,0,0,0,0,0,0,0,0,0,0,0,0,0,0.6506155,0,0,0,0.7129864,0.6659658,0.7678611,0.9522018,1,0.8932133,0,0,0.6549096,0,0,0,0,0,0,0,0,0,0,0,0
0,0,0,0,0,0,0,0,0,0,0,0.7449111,0.8315624,0.8360457,0.8279774,0.8185789,1,0.9658898,0.7726541,0,0,0,0,0,0,0,0,0,0,0,0,0,0,0,0,0,0,0,0,0,0,0,0.7016547,0.7869279,0.7585367,0.6765704,0.7605944,0.7862585,0.9480879,1,0.8980561,0,0,0,0,0,0,0,0,0,0,0,0,0,0,0
0,0,0,0,0,0,0,0,0,0,0,0.646822,0.6711485,0.8308453,0.7048248,0.8500802,1,0.9885666,0.8369274,0.7605599,0,0.6161105,0.6568457,0,0,0,0,0,0,0,0,0,0,0,0,0,0,0,0.5489956,0.6086843,0.6217724,0,0.575493,0.5642217,0.7273149,0.7651345,0.7638221,0.6870142,0.9387463,1,0.8778592,0.6033272,0.581466,0,0,0,0,0,0,0,0,0,0,0,0,0
0,0,0,0,0,0,0,0,0,0,0,0,0,0.7797189,0.7541258,0.7734201,0.9907771,1,0.8881316,0.8175009,0.7784379,0.7461829,0.722347,0,0,0,0,0,0,0,0,0,0,0,0,0,0,0.6657382,0.6773756,0.719477,0.7776701,0.6852204,0.659249,0.6678632,0.6727495,0,0.651101,0.6535383,0.9480418,1,0.8953391,0.6568264,0,0,0,0,0,0,0,0,0,0,0,0,0,0
0,0,0,0,0,0,0,0,0,0,0.8393746,0.814437,0,0,0,0.8840038,1,0.980186,0.8194473,0,0,0,0,0,0,0,0,0,0,0,0,0,0,0,0,0,0,0.7709141,0,0.8174996,0.8175508,0.7785544,0.8051434,0.7842771,0,0,0,0,0.9515587,1,0.9103951,0,0,0,0,0,0,0,0,0,0,0,0,0,0,0
0,0,0,0,0,0,0,0.6392045,0.7672507,0.8353475,0.8360767,0.7611753,0.6814558,0.7719027,0.7602155,0.8642999,1,0.9945304,0.8476131,0.7158113,0,0,0,0,0,0,0,0,0,0,0,0,0,0,0,0,0,0,0,0.6324883,0.7168642,0.7788206,0.8008535,0.7597411,0.7338126,0.7399932,0.7654753,0.7540978,0.9447099,1,0.8691381,0.7298302,0.6416991,0,0,0,0,0,0,0,0,0,0,0,0,0
0,0,0,0,0,0,0,0,0,0,0,0.6711483,0.7458854,0.8162423,0.8886224,0.8393553,1,0.9967701,0.8701481,0.7927569,0.6959054,0.6735778,0,0,0,0,0,0,0,0,0,0,0,0,0,0,0,0,0,0,0,0,0,0,0,0.7075733,0.7654965,0.7241491,0.9371616,1,0.9002216,0,0,0,0,0,0,0,0,0,0,0,0,0,0,0
0,0,0,0,0,0,0,0,0,0,0,0,0,0,0.6054962,0.7730475,1,0.9659315,0.8072834,0.8817253,0.8921182,0.8253664,0.6727932,0,0,0,0,0,0,0,0,0,0,0,0,0,0,0,0,0,0,0,0,0,0,0,0,0,0.9403049,1,0.8815878,0.696942,0.6870263,0.703954,0.7041731,0.6702513,0.6054269,0,0,0,0,0,0,0,0,0
0,0,0,0,0,0,0,0,0,0,0,0,0,0,0.6584614,0.8351821,1,0.9976249,0.8499368,0.7004665,0.6073169,0.7348101,0.809828,0.7373793,0.6435811,0.7617753,0.7337388,0.7276657,0.7394317,0.7374455,0.7178417,0.6363034,0,0,0,0,0,0,0,0,0,0,0,0,0,0,0,0.5696782,0.9365736,1,0.8965849,0.6111169,0.6851069,0.6670365,0.6835437,0.7088562,0,0.677325,0.6547911,0.6276485,0.67273,0.6673172,0.631527,0.5934459,0.5689145,0
0,0,0,0,0,0,0,0,0,0,0,0,0,0,0.6423907,0.6817853,0.9903671,1,0.7983429,0.6924875,0.6536912,0,0,0.8091622,0.7260653,0.8242859,0.8044424,0.8283554,0.8433353,0.8664473,0.9413003,0.9488273,0.90443,0,0,0,0,0,0,0,0,0,0,0,0,0,0,0.641448,0.9425974,1,0.8938914,0.6128039,0,0.6012762,0.657703,0.7285419,0.7346162,0.6534799,0.6137517,0,0.7037963,0.764909,0.7076706,0.7934587,0.7484531,0.7095878
0,0,0,0,0,0,0,0,0,0,0,0,0,0,0.8014531,0.8710322,1,0.9850222,0.7576314,0.7778063,0.780736,0.7907059,0.8185065,0.7605115,0.8521221,0.815977,0.7114465,0.7250873,0.7861459,0.7921778,0.8981606,0.8245782,0.9015585,0,0,0,0,0,0,0,0,0,0,0,0,0,0,0,0.9508126,1,0.8858388,0,0,0,0,0,0.6964503,0.7041804,0.7137032,0.7047123,0.731901,0.8313762,0.7719499,0.8339037,0.7963367,0.6763114
0,0,0,0,0,0,0,0,0,0,0,0,0.7416368,0.8024247,0.846317,0.8671943,1,0.9527188,0.7582358,0.8438261,0.8322254,0,0.7328278,0.8152339,0.7498795,0.6880965,0.7221864,0.6539645,0.7079641,0.7449532,0.7709261,0.7504245,0.6784266,0,0,0,0,0,0,0,0,0,0,0,0,0,0,0.6536927,0.9412122,1,0.8795556,0.6297517,0.6935773,0.6710182,0.7426715,0.8015798,0.8059882,0.7392425,0.7024778,0.7355422,0.7983168,0.8445209,0.8368386,0.7902036,0.7566653,0.725144
0,0,0,0,0,0,0,0,0,0,0,0,0,0,0,0.8981345,1,0.9575098,0,0,0,0,0,0,0,0,0,0,0,0,0,0,0,0,0,0,0,0,0,0,0,0,0,0,0,0,0,0,0.9657221,1,0.91777,0,0,0,0,0,0,0,0,0,0,0,0,0,0,0
0,0,0,0,0,0,0,0,0,0,0,0,0,0,0,0.7555673,1,0.9995465,0.7925404,0,0,0,0,0,0,0,0,0,0,0,0,0,0,0,0,0,0,0,0,0,0,0,0,0,0,0,0,0,0.9454898,1,0.8834562,0.6884027,0,0,0,0,0,0,0,0,0,0,0,0,0,0
