GestureName: arrow
Duration(ms): 1316
Handedness: right

SpeakerAngles: 2
55
-55

InterpretedPoints: 28
0,0
0,2.25945008585449
0.806707284111599,6.21348773609986
-1.6134145682232,6.77835025756348
3.2268291364464,2.25945008585449
1.6134145682232,1.12972504292725
-5.64695098878119,-0.564862521463624
-4.03353642055799,-1.69458756439087
-2.4201218523348,0.564862521463624
5.64695098878119,6.21348773609986
3.22682913644639,11.2972504292725
2.4201218523348,7.34321277902711
2.4201218523348,6.21348773609986
8.06707284111599,6.77835025756348
0,1.12972504292725
-1.6134145682232,2.25945008585449
-4.03353642055799,-2.82431260731812
-1.6134145682232,-9.03780034341798
3.2268291364464,-7.90807530049073
-1.6134145682232,-5.64862521463624
-0.806707284111599,-0.564862521463624
-0.806707284111599,-0.564862521463624
0,0
3.2268291364464,-2.25945008585449
2.4201218523348,-1.69458756439087
0.806707284111599,-0.564862521463624
-0.806707284111599,0.564862521463624
-0.806707284111599,0.564862521463624

StrokePoints: 29
177.666666666667,130.277777777778
177.666666666667,130.277777777778
177.666666666667,128.018327691923
176.859959382555,121.804839955823
178.473373950778,115.02648969826
175.246544814332,112.767039612405
173.633130246109,111.637314569478
179.28008123489,112.202177090942
183.313617655448,113.896764655333
185.733739507783,113.331902133869
180.086788519001,107.118414397769
176.859959382555,95.8211639684967
174.43983753022,88.4779511894696
172.019715677886,82.2644634533698
163.95264283677,75.4861131958063
163.95264283677,74.356388152879
165.566057404993,72.0969380670245
169.599593825551,74.9212506743427
171.213008393774,83.9590510177606
167.986179257328,91.8671263182514
169.599593825551,97.5157515328876
170.406301109662,98.0806140543512
171.213008393774,98.6454765758149
171.213008393774,98.6454765758149
167.986179257328,100.904926661669
165.566057404993,102.59951422606
164.759350120881,103.164376747524
165.566057404993,102.59951422606
166.372764689104,102.034651704597

Velocities: 28
0,0
2,2
6,5
5,7
4,0
2,0
-4,3
-4,1
-1,2
9,2
12,8
8,5
7,4
11,1
1,1
1,3
-5,0
-9,-7
-5,-9
-6,-4
-1,0
-1,0
0,0
0,-4
0,-3
0,-1
0,1
0,1

InverseVelocities: 28
0,0
0,0
0,0
0,0
0,0
-2,0
0,-1
3,-1
3,0
0,0
-1,-1
0,-2
0,0
0,0
0,0
-4,-1
0,0
0,0
0,0
0,0
0,0
1,0
0,0
0,0
0,0
0,0
0,0
0,0

RawData: 28
0,0,0,0,0,0,0,0,0,0,0,0,0,0,0,0.8552749,1,0.9705054,0.8300239,0.7735726,0,0,0,0,0,0,0,0,0,0,0,0,0,0,0,0,0,0,0,0,0,0,0,0,0,0,0,0,0.9419647,1,0.880095,0.8546471,0.797738,0,0,0,0,0,0,0,0,0,0,0,0,0
0,0,0,0,0,0,0,0,0,0,0,0,0,0,0,0.8043567,1,0.9881393,0.7822793,0.7917032,0.7763491,0.7322227,0,0,0,0,0,0,0,0,0,0,0,0,0,0,0,0,0,0,0,0,0,0,0,0,0,0,0.9408452,1,0.8770887,0.783417,0.8064234,0.7939967,0.7490032,0,0,0,0,0,0,0,0,0,0,0
0,0,0,0,0,0,0,0,0,0,0,0,0,0,0,0.8080701,1,0.992133,0.8025542,0.7811933,0.8009933,0.6912783,0.7288519,0,0.7362957,0.6998328,0,0,0,0,0,0,0,0,0,0,0,0,0,0,0,0,0,0,0,0,0,0,0.9374154,1,0.89395,0,0.7415566,0.7776313,0.7269537,0.7943433,0.7772019,0.7120045,0,0,0,0,0,0,0,0
0,0,0,0,0,0,0,0,0,0,0,0,0,0,0,0.8541961,1,0.9828815,0.7580855,0,0.7193081,0.8001913,0.7151535,0.6862676,0.7154363,0,0,0,0,0,0,0,0,0,0,0,0,0,0,0,0,0,0,0,0,0,0,0.6835731,0.9358471,1,0.8883725,0,0.6847304,0.7845829,0.7367241,0.6768804,0,0,0.6364218,0.6428279,0,0,0,0,0,0
0,0,0,0,0,0,0,0,0,0,0,0,0,0,0,0.8552793,1,0.9704264,0.7377188,0.7368367,0.7460139,0.7026435,0.7288595,0.729619,0,0,0,0,0,0,0,0,0,0,0,0,0,0,0,0,0,0,0,0,0,0,0,0,0.9393711,1,0.8817179,0,0.6610697,0,0,0,0,0,0,0,0,0,0,0,0,0
0,0,0,0,0,0,0,0,0,0,0,0.7445523,0.7315387,0.7248272,0,0.8207583,1,0.9837533,0.7800595,0.8104081,0.8316378,0.7207409,0,0,0,0,0,0,0,0,0,0,0,0,0,0,0,0,0,0,0,0,0,0,0,0,0,0,0.9414122,1,0.8885623,0,0,0,0,0,0,0,0,0,0,0,0,0,0,0
0,0,0,0,0,0,0,0,0,0.6954231,0.7611496,0.7262412,0,0.7302061,0.6948308,0.7757905,0.9980401,1,0.8475812,0.7322271,0,0,0,0,0,0,0,0,0,0,0,0,0,0,0,0,0,0,0,0,0,0,0,0,0,0.6667941,0.6871834,0.7134695,0.9320839,1,0.8821454,0.7022341,0,0.6988664,0.6834441,0.652108,0,0,0,0,0,0,0,0,0,0
0,0,0,0,0,0,0,0,0,0.5643576,0,0.6079413,0.6417693,0.6166632,0.6606461,0.7110513,0.9910786,1,0.8074141,0.6840796,0.6445729,0.6156898,0.5649708,0,0,0,0,0,0,0,0,0,0,0,0,0,0,0,0,0,0,0,0,0,0,0.580943,0.6591877,0.7246382,0.9378389,1,0.8703954,0.6302181,0.6465436,0.6143371,0,0,0,0,0,0,0,0,0,0,0,0
0,0,0,0,0,0,0,0,0,0,0,0,0.6924232,0,0.6932224,0.8309662,1,0.9578808,0.8451437,0.8286847,0.8194471,0.8377997,0.8145577,0,0,0,0,0,0,0,0,0,0,0,0,0,0,0,0,0,0,0,0,0,0,0,0,0,0.9415935,1,0.8951145,0.6593868,0.7472774,0.7597105,0.6848376,0,0,0,0,0,0,0,0,0,0,0
0,0,0,0,0,0,0,0,0,0,0,0,0,0,0,0.8436859,1,0.9771831,0.713706,0.6838109,0.7481768,0.7584104,0.7865097,0.7267806,0.6883611,0,0.6826371,0.6830444,0.6337484,0,0,0,0,0,0,0,0,0,0,0,0,0,0,0,0,0,0,0,0.9402727,1,0.8601345,0.6106293,0.6852406,0,0.6534124,0,0,0,0,0,0,0,0,0,0,0
0,0,0,0,0,0,0,0,0,0,0,0,0.6670946,0.6576262,0,0.7907251,1,0.9873015,0.7038972,0,0,0.6809416,0,0,0,0,0.64324,0.6678327,0.7359697,0.7452301,0,0.6696162,0.6467224,0,0,0,0,0,0,0,0,0,0,0,0,0.6186301,0.6763054,0.6747959,0.938171,1,0.8875678,0.6707484,0.644866,0.6169306,0.6823364,0.66324,0,0,0,0.6580651,0.6177147,0,0,0,0,0
0,0,0,0,0,0,0,0,0,0,0,0,0,0,0,0.8443769,1,0.9845961,0.7419191,0.7805955,0.764181,0,0.6553093,0.6542165,0.734065,0.7615348,0.7552435,0.6975627,0,0,0,0,0,0,0,0,0,0,0,0,0,0,0,0,0.6453734,0.6964028,0.6904757,0.6626211,0.9384182,1,0.88216,0.6886801,0.6892154,0,0.6540207,0,0.6838608,0.6680389,0,0,0,0,0,0,0,0
0,0,0,0,0,0,0,0,0,0,0,0,0,0,0,0.8277514,1,0.9705941,0,0.7737889,0,0,0.6980438,0.6685386,0.6446581,0,0.6425422,0,0,0,0,0,0,0,0,0,0,0,0,0,0,0,0,0,0,0,0.6289614,0.636097,0.9305547,1,0.8892114,0.6769487,0.6705431,0.6684058,0.6435971,0,0.6284959,0,0,0,0,0,0,0,0,0
0,0,0,0,0,0,0,0,0,0,0,0,0,0.6002763,0.6694035,0.8348293,1,0.9655576,0.8176849,0.8318998,0.7755561,0.6571907,0,0,0.6399127,0.6346753,0.6111473,0.6151651,0.6290973,0.6075911,0.5752616,0,0,0,0,0,0,0,0,0,0,0,0,0,0,0,0.600564,0.6962687,0.9450861,1,0.8839005,0.6476129,0.5914381,0.5793197,0,0,0,0,0,0,0,0,0,0,0,0
0,0,0,0,0,0,0,0,0,0,0,0,0,0,0.7033116,0.7713064,0.9994166,1,0.8176276,0.7181569,0.6730942,0,0,0,0,0,0,0,0,0,0,0,0,0,0,0,0,0,0,0,0,0,0,0,0,0,0,0,0.9353161,1,0.8845007,0.7979769,0.7122609,0.6362286,0,0,0,0,0,0,0,0,0,0,0,0
0,0,0,0,0,0,0,0,0,0.6137817,0.7053922,0.721801,0.705362,0.6235449,0.6409626,0.7925448,1,0.9953279,0.7362381,0.699669,0.6562479,0,0,0,0,0,0,0,0,0,0,0,0,0,0,0,0,0,0,0,0,0,0,0,0,0.6210017,0.6383654,0.6670271,0.9324565,1,0.8580071,0,0.7150865,0.7163089,0.6691018,0.6259606,0,0,0,0,0,0,0,0,0,0
0,0,0,0,0,0,0,0,0.8108761,0.8156748,0.7165765,0.722993,0,0,0,0.8236398,1,0.9821417,0.726231,0,0,0,0,0,0,0,0,0,0,0,0,0,0,0,0,0,0,0,0,0,0,0,0,0,0,0,0,0,0.9439766,1,0.8820502,0.7315695,0,0,0,0,0,0,0,0,0,0,0,0,0,0
0,0,0,0,0.6663235,0.7014261,0.6804509,0.7571159,0.7911195,0.6770792,0.642793,0.6417852,0.7314678,0.7331007,0.6592685,0.7774979,1,0.9870934,0.7488611,0.6241732,0,0,0,0,0,0,0,0,0,0,0,0,0,0,0,0,0,0,0,0.6176264,0.611171,0,0,0,0,0,0.65044,0.6384081,0.9343737,1,0.8658354,0.6648292,0,0,0,0,0,0,0,0,0,0,0,0,0,0
0,0,0,0,0,0,0,0,0.7777827,0.7582198,0.7379466,0.7563038,0.7726781,0.7192894,0.7712525,0.8157363,0.9996653,1,0.8526402,0.6937968,0,0,0,0,0,0,0,0,0,0,0,0,0,0,0,0,0,0.6874897,0.7344719,0.6780852,0,0.7263946,0.7355646,0.6899858,0.6672114,0,0.6844134,0,0.9397888,1,0.8951077,0,0,0,0,0,0,0,0,0,0,0,0,0,0,0
0,0,0,0,0,0,0,0.6313803,0.6483774,0.6626211,0.6620093,0.6487665,0.7795628,0.7904542,0.7979648,0.7865441,1,0.9845636,0.7219419,0,0,0,0,0,0,0,0,0,0,0,0,0,0,0,0,0,0,0,0,0,0,0,0.6210002,0.7199563,0.6496021,0.6330121,0.7031934,0.6494958,0.9309515,1,0.8815,0,0,0,0,0,0,0,0,0,0,0,0,0,0,0
0,0,0,0,0,0,0,0,0,0,0,0,0.7752886,0.8026575,0,0.866721,1,0.9771619,0.7247798,0,0,0,0,0,0,0,0,0,0,0,0,0,0,0,0,0,0,0,0,0,0,0,0,0,0,0,0,0,0.9494027,1,0.8761451,0,0,0,0,0,0,0,0,0,0,0,0,0,0,0
0,0,0,0,0,0,0,0,0,0,0,0,0.7146195,0,0,0.7879626,1,0.9942943,0.8104536,0.7100802,0.6746154,0,0,0,0,0,0,0,0,0,0,0,0,0,0,0,0,0,0,0,0,0,0,0,0,0,0,0,0.9325817,1,0.8808295,0,0,0,0,0,0,0,0,0,0,0,0,0,0,0
0,0,0,0,0,0,0,0,0,0,0,0,0,0,0,0.8455993,1,0.9829211,0.7828935,0,0,0,0,0,0,0,0,0,0,0,0,0,0,0,0,0,0,0,0,0,0,0,0,0,0,0,0,0,0.9454323,1,0.8912941,0,0,0,0,0,0,0,0,0,0,0,0,0,0,0
0,0,0,0,0,0,0,0,0,0,0,0,0,0,0.6300793,0.8294117,1,0.9731117,0.6302829,0,0,0,0,0,0,0,0,0,0,0,0,0,0,0,0,0,0,0,0,0,0,0,0.6494753,0.7133784,0.6401032,0,0,0.6368139,0.9318261,1,0.8795466,0,0,0,0,0,0,0,0,0,0,0,0,0,0,0
0,0,0,0,0,0,0,0,0,0,0,0,0,0,0.7438158,0.8323542,1,0.994812,0.8210132,0,0,0,0,0,0,0,0,0,0,0,0,0,0,0,0,0,0,0,0,0,0,0,0,0.7622121,0,0,0,0,0.9462083,1,0.8925716,0,0,0,0,0,0,0,0,0,0,0,0,0,0,0
0,0,0,0,0,0,0,0,0,0,0,0,0,0.711031,0.7154269,0.8358614,1,0.9779443,0.7325501,0,0,0,0,0,0,0,0,0,0,0,0,0,0,0,0,0,0,0,0,0,0,0,0,0,0,0.7179887,0.7597747,0.7704819,0.945489,1,0.8704351,0,0,0,0,0,0,0,0,0,0,0,0,0,0,0
0,0,0,0,0,0,0,0,0,0,0,0,0,0.686498,0.6907477,0.8189938,1,0.9840989,0.7630761,0,0,0,0,0,0,0,0,0,0,0,0,0,0,0,0,0,0,0,0,0,0,0,0,0,0,0,0,0,0.9470137,1,0.8769581,0.7763312,0.762073,0.6830466,0,0,0,0,0,0,0,0,0,0,0,0
0,0,0,0,0,0,0,0,0,0,0,0,0,0,0,0.828393,1,0.9911294,0.808116,0,0,0,0,0,0,0,0,0,0,0,0,0,0,0,0,0,0,0,0,0,0,0,0,0,0,0,0,0.6804914,0.9447342,1,0.8833935,0.7017924,0.7630703,0.7722892,0,0,0,0,0,0,0,0,0,0,0,0
