GestureName: star
Duration(ms): 1410
Handedness: right

SpeakerAngles: 5
55
-55
0
0
110

SpeakerElevations: 5
-10
-10
-10
0
30

InterpretedPoints: 30
4.88987648533402,17.9192222821637,0.895277334996045
0.813797681349374,12.0474002550923,-1.06283359900237
3.23391953368417,-1.96040120314131,1.36824088833465
0.813797681349374,-2.49487923062935,1.88918542133544
-10.543917871353,-1.33318956960759,-1.74257369032991
-8.95177449484311,2.36452518890081,-4.28446275633149
-4.06898840674687,-4.51900933636988,-2.5
0,0,0
0,3,0
0.813797681349374,0.703801867273976,0.5
8.95886489208089,13.8585624588734,4.08987004566377
8.95177449484311,11.6050903171236,3.93716640099763
-0.742893708971622,10.8764962911875,1.54798097966218
1.63468575993652,-2.32373187671445,1.32635182233307
0.813797681349374,0.703801867273976,0.5
0.820888078587149,15.9958455700243,-0.736481776669304
2.44139304404812,8.08102110784635,1.15270364466614
3.2551907253975,12.7544384811447,1.30540728933228
5.59731820811677,11.7987445962399,-2.97905546699921
-0.0496327806644254,6.23388207477626,-2.80540728933228
0,1.01519224698779,0.17364817766693
0.813797681349374,-0.296198132726024,0.5
0.835068873062699,-5.45982047253764,1.82635182233307
0.0212711917133248,-3.35411637069003,0.979055466999209
-0.799616886873824,-5.18166533678657,-0.0209445330007911
1.62759536269875,-5.59239626545205,1
-0.813797681349374,-9.64303287932281,0.194592710667721
-1.62050496546097,-4.10855485183477,-0.32635182233307
0,0,0
0,0,0

StrokePoints: 31
0,0,0
4.88987648533402,17.9192222821637,0.895277334996045
5.70367416668339,29.966622537256,-0.167556264006328
8.93759370036756,28.0062213341147,1.20068462432832
9.75139138171694,25.5113421034854,3.08987004566377
-0.79252648963605,24.1781525338778,1.34729635533386
-9.74430098447916,26.5426777227786,-2.93716640099763
-13.813289391226,22.0236683864087,-5.43716640099763
-13.813289391226,22.0236683864087,-5.43716640099763
-13.813289391226,25.0236683864087,-5.43716640099763
-12.9994917098767,25.7274702536827,-4.93716640099763
-4.04062681779577,39.5860327125561,-0.84729635533386
4.91114767704734,51.1911230296797,3.08987004566377
4.16825396807572,62.0676193208672,4.63785102532595
5.80293972801224,59.7438874441527,5.96420284765902
6.61673740936162,60.4476893114267,6.46420284765902
7.43762548794876,76.443534881451,5.72772107098972
9.87901853199689,84.5245559892973,6.88042471565585
13.1342092573944,97.2789944704421,8.18583200498813
18.7315274655111,109.077739066682,5.20677653798892
18.6818946848467,115.311621141458,2.40136924865665
18.6818946848467,116.326813388446,2.57501742632358
19.4956923661961,116.03061525572,3.07501742632358
20.3307612392588,110.570794783182,4.90136924865665
20.3520324309721,107.216678412492,5.88042471565586
19.5524155440983,102.035013075706,5.85948018265506
21.180010906797,96.4426168102537,6.85948018265506
20.3662132254477,86.7995839309309,7.05407289332279
18.7457082599867,82.6910290790961,6.72772107098972
18.7457082599867,82.6910290790961,6.72772107098972
18.7457082599867,82.6910290790961,6.72772107098972

Velocities: 30
4,5,6
3,3,3
0,-3,-2
-2,-2,-4
-5,0,-8
0,0,-7
0,0,0
0,0,0
0,0,0
0,0,0
0,1,10
0,0,9
0,10,7
0,1,0
0,0,0
1,2,7
0,0,2
0,0,4
5,-9,1
1,-6,1
0,0,-1
0,0,0
0,3,-2
-1,2,2
0,2,1
0,0,0
0,0,-4
0,1,-2
0,0,0
0,0,0

InverseVelocities: 30
0,0,0
0,0,0
0,0,0
1,0,0
1,0,0
0,0,0
0,0,0
0,0,0
0,0,0
0,0,0
0,0,0
0,0,0
0,0,-1
0,0,0
0,0,0
0,-2,-1
0,0,0
0,0,0
0,0,-4
0,0,-6
0,0,0
0,0,0
0,0,1
0,0,0
0,0,-1
0,0,0
0,0,0
0,-1,0
0,0,0
0,0,0

RawData: 30
0,0,0,0,0,0,0,0,0,0,0,0,0,0,0,0.8521456,1,0.9239995,0,0,0.7745764,0.7930852,0.7422241,0.8017201,0,0,0,0,0,0,0,0,0,0,0,0,0,0,0,0,0,0,0,0,0,0,0,0,0.7663323,0.9856182,1,0.8291394,0.6947926,0.7698654,0.7918071,0.7787763,0.8072044,0.700866,0,0,0,0,0,0,0,0,0,0,0,0,0,0,0,0,0,0,0,0,0,0,0.6783938,0.9565676,1,0.8279845,0.7321908,0.7472407,0,0.7823729,0.7259545,0.7253597,0.7579005,0.6724294,0,0,0,0,0,0,0,0,0,0,0,0,0,0,0,0,0,0,0,0,0,0,0.8976296,1,0.9555302,0.836632,0.8161395,0.7463763,0.6891288,0.7572018,0.7598783,0.8495784,0.8445257,0.7641773,0.742953,0.7117068,0,0,0,0,0,0,0,0,0,0,0,0,0,0,0,0,0,0,0,0.6994629,0.9441342,1,0.8932773,0.7631184,0,0.6756297,0.801514,0.8287843,0.7222312,0.7536814,0.7443058,0,0,0,0,0,0
0,0,0,0,0,0,0,0,0,0,0,0,0,0,0,0.8750347,1,0.9541621,0.8703657,0.8508204,0.8160056,0.7375795,0.733324,0,0,0,0,0,0,0,0,0,0,0,0,0,0,0,0,0,0,0,0,0,0,0,0,0,0.7721381,0.9934693,1,0.8381958,0.7564926,0.7218567,0.704982,0.6452548,0,0,0,0,0,0,0,0,0,0,0,0,0,0,0,0,0,0,0,0,0,0,0,0,0,0.8898203,1,0.876711,0.841495,0.8092077,0,0.6684217,0.680968,0,0,0,0,0,0,0,0,0,0,0,0,0,0,0,0,0,0,0,0,0,0,0,0,0,0.7261059,0.9598533,0.8495632,1,0.988067,0.8806993,0.822435,0.8367132,0.8237934,0.7464237,0.7100357,0,0,0,0,0,0,0,0,0,0,0,0,0,0,0,0,0,0,0,0,0,0.6848183,0.8280795,0.7638561,0.9410759,1,0.9455423,0.7813081,0,0,0,0,0,0,0,0,0,0,0,0
0,0,0,0,0,0,0,0,0,0,0,0,0,0,0,0.9418765,1,0,0.8024119,0,0,0,0,0,0,0,0,0,0,0,0,0,0,0,0,0,0,0,0,0,0,0,0,0.7111757,0.7329322,0.7227566,0.6908029,0.7006838,0.7458361,1,0.9905104,0,0.7075044,0,0,0,0,0,0,0,0,0,0,0,0,0,0,0,0,0,0,0,0,0,0,0,0,0.7056366,0.6996192,0,0,0.916298,1,0.8428549,0.8134007,0,0,0,0,0,0,0,0,0,0,0,0,0,0,0,0,0,0,0,0,0,0,0,0,0,0,0,0,0.7329955,0.8423995,0.9819683,1,0.8073403,0.9030756,0.8186142,0.6971817,0,0,0,0,0,0,0,0,0,0,0,0,0,0,0,0,0,0,0,0,0,0,0,0.7882072,0.831897,0.7598249,0.8245375,0.8209147,0.9973975,1,0.848933,0.7251751,0,0,0,0,0,0,0,0,0,0,0,0
0,0,0,0,0,0,0,0,0,0,0,0.7339579,0.7715942,0.7823639,0.8188034,0.8306171,1,0.9368451,0,0.8379234,0.7533835,0,0,0,0,0,0,0,0,0,0,0,0,0,0,0,0,0,0,0,0,0,0,0,0.7117602,0.7254737,0,0,0.7785577,1,0.9885992,0.7137059,0,0,0,0,0,0,0,0,0,0,0,0,0,0,0,0,0,0,0,0,0,0,0,0.6360449,0.6729856,0,0.7246345,0.6585183,0,0.886019,1,0.9538304,0.7650441,0,0,0,0,0,0,0,0,0,0,0,0,0,0,0,0,0,0,0,0,0,0,0,0,0,0.6733615,0.8027471,0.8015603,0,0.7719743,0.9735358,1,0.8547072,0.6361582,0.7111013,0,0.6454826,0.6277912,0,0,0,0,0,0,0,0,0,0,0,0,0,0,0,0,0.7281773,0.7261124,0.7142795,0.6485837,0.6808747,0,0.6905413,0.6646605,0.8121126,0.9222286,1,0.9451257,0.6836812,0.6581236,0,0,0,0,0,0,0,0,0,0,0,0
0,0,0,0,0,0,0,0,0.7705083,0.7406802,0,0.7434042,0.7884036,0.7245423,0,0.8935983,1,0.8656867,0.7793131,0,0.7315174,0,0,0,0,0,0,0,0,0,0,0,0,0,0,0,0,0,0,0,0,0,0,0,0,0,0.6912377,0.6739312,0.7735029,0.9892881,1,0.8273006,0,0,0,0,0,0,0,0,0,0,0,0,0,0,0,0,0,0,0,0.6973602,0.6875694,0.747832,0.7458947,0,0.6730719,0,0.7510952,0,0.6932539,0.9663498,1,0.8277695,0.7632853,0,0,0,0,0,0,0,0,0,0,0,0,0,0,0,0,0,0,0.6886636,0.7265949,0.7100017,0.6796615,0.6912956,0.6505039,0.656108,0.7712675,0.7759537,0.8260672,0.8338525,0.7872136,0.9751447,1,0.8677719,0,0.7851057,0.803266,0.7522935,0.6332312,0,0.6599897,0.6760412,0,0,0,0,0,0,0,0,0,0,0,0.7979283,0.8298097,0.7407599,0.7409626,0.7135412,0,0.7831675,0,0.7573524,0.8671747,0.9214557,0.9692182,0.9812848,1,0.7596383,0,0,0,0,0,0,0,0,0,0,0,0,0
0,0,0,0,0,0,0,0,0,0,0,0,0,0,0,0.8703731,1,0.9172135,0,0,0,0,0,0,0,0,0,0,0,0,0,0,0,0,0,0,0,0,0,0,0,0,0,0,0,0,0,0,0.787816,1,0.9939308,0.7381327,0,0,0,0,0,0,0,0,0,0,0,0,0,0,0,0,0,0,0,0,0.6811284,0.7465038,0.7289575,0,0.6892514,0.679126,0,0,0,0.9258748,1,0.9160596,0,0,0,0,0,0,0,0,0,0,0,0,0,0,0,0,0,0,0.750515,0.8815994,0.9423526,0.8834614,0.7922642,0.8356928,0.8775867,0.852604,0.8471781,0.8096522,0.7614355,0.8009648,0.8790478,0.958313,1,0.9181316,0.7546429,0,0,0,0,0,0.7483,0,0,0,0,0,0,0,0,0,0.7147884,0.7556971,0.7384854,0.7352701,0,0.7281129,0.7446028,0.7555246,0,0,0,0,0,0.8176379,0.9334106,1,0.9278533,0,0,0,0,0,0,0,0,0,0,0,0,0,0
0,0,0,0,0,0,0,0,0,0,0,0,0,0,0,0.8949988,1,0.9261741,0,0,0,0,0,0,0,0,0,0,0,0,0,0,0,0,0,0,0,0,0,0,0,0,0,0,0,0,0,0,0.8103206,1,0.9750308,0,0,0,0,0,0,0,0,0,0,0,0,0,0,0,0,0,0,0,0,0,0,0,0,0,0,0,0,0,0,0.9115204,1,0.9201976,0,0,0,0,0,0,0,0,0,0,0,0,0,0,0,0,0,0,0,0,0,0,0.8378565,0.8192723,0,0,0,0,0,0.8124962,0.8483673,0.9821079,1,0.8726916,0,0,0,0,0,0,0,0,0,0,0,0,0,0,0,0,0,0,0,0,0,0,0.7411553,0.7317896,0.7460977,0.7739533,0.743101,0,0,0.7354202,0.9541591,1,0.8941053,0,0,0,0,0,0,0,0,0,0,0,0,0,0
0,0,0,0,0,0,0,0,0,0,0,0,0,0,0,0.9168981,1,0.9124017,0,0,0,0,0,0,0,0,0,0,0,0,0,0,0,0,0,0,0,0,0,0,0,0,0,0,0,0,0,0,0.7952763,1,0.9888791,0,0,0,0,0,0,0,0,0,0,0,0,0,0,0,0,0,0,0,0,0,0,0,0,0,0,0,0,0,0,0.9421239,1,0.8897855,0,0,0,0,0,0,0,0,0,0,0,0,0,0,0,0,0,0,0,0,0,0,0,0,0,0,0,0,0,0.7997908,0.8762942,0.9902904,1,0.9126259,0.8115561,0,0,0,0,0,0,0,0,0,0,0,0,0,0,0,0,0,0,0,0,0,0,0,0,0,0,0,0,0,0.906568,1,0.9015796,0,0,0,0,0,0,0,0,0,0,0,0,0,0
0,0,0,0,0,0,0,0,0,0,0,0,0,0,0,0.930491,1,0.8890278,0,0,0,0,0,0,0,0,0,0,0,0,0,0,0,0,0,0,0,0,0,0,0,0,0,0,0,0,0,0,0.7862827,1,0.9978747,0.7952654,0,0,0,0,0,0,0,0,0,0,0,0,0,0,0,0,0,0,0,0,0,0,0,0,0,0,0,0,0,0.9566848,1,0.8867656,0,0,0,0,0,0,0,0,0,0,0,0,0,0,0,0,0,0,0,0,0,0,0,0,0,0,0,0,0,0.939363,0.9857274,0,1,0,0,0,0.9859154,0.9520176,0,0,0,0,0,0,0,0,0,0,0,0,0,0,0,0,0,0,0,0,0,0,0,0,0,0.8378693,0.9822007,1,0.8748394,0,0,0,0,0,0,0,0,0,0,0,0,0,0
0,0,0,0,0,0,0,0,0,0,0,0,0,0,0,0.9370117,1,0,0,0,0,0,0,0,0,0,0,0,0,0,0,0,0,0,0,0,0,0,0,0,0,0,0,0,0,0,0,0,0.8794665,1,0.9791862,0,0,0,0,0,0,0,0,0,0,0,0,0,0,0,0,0,0,0,0,0,0,0,0,0,0,0,0,0,0,0.9529456,1,0.8984725,0,0,0,0,0,0,0,0,0,0,0,0,0,0,0,0,0,0,0,0,0,0,0,0,0,0,0,0,0,0,0.9443911,1,0,0.9046732,0.9634928,0.9343989,0,0,0,0,0,0,0,0,0,0,0,0,0,0,0,0,0,0,0,0,0,0,0,0,0,0,0,0.9162081,1,0.956924,0,0.8143592,0.7919542,0,0,0,0,0,0,0,0,0,0,0,0
0,0,0,0,0,0,0,0,0,0,0,0,0,0,0,0.9190686,1,0.8757697,0,0,0,0,0,0,0,0,0,0,0,0,0,0,0,0,0,0,0,0,0,0,0,0,0,0,0,0,0,0,0,1,0.9792808,0.7386635,0.736375,0.7392642,0,0,0,0,0,0,0,0,0,0,0,0,0,0,0,0,0,0,0,0,0,0,0,0,0,0,0.8361996,0.9602959,1,0.8802443,0,0,0,0,0,0,0,0,0.6996073,0.6975365,0.7295721,0.7283069,0,0,0,0,0,0,0,0,0,0,0,0.6994325,0.7015194,0.7128273,0,0,0,0,0.8670669,1,0.9546723,0.8336939,0.7344662,0.7570304,0.7386464,0.7398679,0.7320381,0,0.7327392,0.7577551,0,0,0,0,0,0,0,0,0,0,0,0,0,0,0,0,0,0,0.7218453,0.7359507,0.6924953,0.9679719,1,0.8446585,0.7180627,0.7648991,0.7278714,0,0,0.7557902,0.7270246,0.711362,0.6921313,0.7424996,0.7736747,0.7500443,0.8322555,0.8135546,0
0,0,0,0,0,0,0,0,0,0,0,0,0,0,0,0.884482,1,0.9053512,0,0,0,0,0,0,0,0,0,0,0,0,0,0,0,0,0,0,0,0,0,0,0,0,0,0,0,0,0.7219106,0.783606,0.8548684,1,0.9684933,0.7722386,0,0,0,0,0,0,0,0,0,0,0,0,0,0,0,0,0,0,0,0,0,0,0,0,0,0,0,0,0.7445828,0.978124,1,0.8301045,0,0,0,0,0,0,0,0.7002647,0.6883384,0.7391523,0.7379788,0,0,0,0,0,0,0,0,0,0,0,0.6866993,0.6894609,0.6749946,0.6839917,0.7043101,0.7518402,0.7636323,0.823844,0.8830531,1,0.9644318,0.7815146,0,0,0.7814981,0.7262753,0.6711704,0.7459316,0.6921011,0,0,0,0,0,0,0,0,0,0,0,0,0,0,0,0,0,0,0,0,0.7733059,0.7662075,0.8181716,1,0.9741475,0.8028075,0.6755775,0.6871275,0,0.7095279,0.7442276,0.7484557,0.7119656,0.6889326,0,0.7366009,0.7855641,0.7374538,0,0
0,0,0,0,0,0,0,0,0,0,0,0,0,0,0,0.9462467,1,0.8245575,0.753238,0,0,0,0,0,0,0,0,0,0,0,0,0,0,0,0,0,0,0,0,0,0,0,0,0,0,0,0,0,0.8433015,1,0.9781287,0.7641547,0.7642002,0.7819536,0.6881164,0,0,0,0,0,0,0.6652714,0.6495766,0,0,0,0,0,0,0,0,0,0,0,0,0,0,0,0.73481,0.7687774,0,0.9408337,1,0.8499041,0.7656608,0.7121848,0,0,0,0,0,0,0.6910438,0,0,0,0,0,0,0,0,0,0,0,0,0,0,0.7277254,0.7505782,0.7260726,0,0.6526236,0.7486595,0.7649745,0.893051,1,0.945238,0.7264745,0.645567,0.6646014,0,0,0,0,0,0,0,0,0,0,0,0,0,0,0,0,0,0,0,0,0,0,0,0.6242401,0.6527402,0.6591415,0.671677,0.8300898,0.9613003,1,0.8888242,0.7659207,0.7350196,0.6609686,0.7123749,0.7089171,0.6359692,0.7018695,0.6814179,0.6213419,0.6741153,0,0,0,0
0,0,0,0,0,0,0,0,0,0,0,0,0,0,0.846769,0.9463307,1,0.8848796,0,0,0,0,0,0,0,0,0,0,0,0,0,0,0,0,0,0,0,0,0,0,0,0,0,0,0,0,0,0,0.8226762,1,0.9832371,0,0.8503786,0.8089325,0,0,0,0,0,0,0,0,0,0,0,0,0,0,0,0,0,0,0,0,0,0,0,0,0,0,0,0.9546741,1,0.8981981,0,0.7845489,0,0,0,0,0,0,0,0,0,0,0,0,0,0,0,0,0,0,0,0,0,0,0,0,0.6995447,0.7314621,0.8091398,0.8397036,0.8426598,1,0.9681779,0.7401989,0,0,0,0,0,0,0,0,0,0,0,0,0,0,0,0,0,0,0,0,0,0,0,0,0,0,0,0,0.7601834,0.8235229,0.9460854,1,0.9377474,0.8358921,0.7998791,0.8108382,0.7708881,0,0,0,0,0,0,0,0,0,0
0,0,0,0,0,0,0,0,0,0,0,0,0,0,0.7494187,0.8990491,1,0.9105666,0.7966338,0.7473897,0,0,0,0,0,0,0,0,0,0,0,0,0,0,0,0,0,0,0,0,0,0,0,0,0,0,0.7157946,0.8256704,0.9130146,1,0.9697769,0.7577085,0,0,0,0,0,0,0,0,0,0,0,0,0,0,0,0,0,0,0,0,0,0,0,0,0,0,0,0.7587224,0.7934808,0.930146,1,0.8628061,0.7023283,0,0,0,0,0,0,0,0,0,0,0,0,0,0,0,0,0,0,0,0,0,0,0,0,0,0,0,0,0.6136901,0.8721234,1,0.9504746,0.761712,0.7455962,0.6529704,0,0,0,0,0,0,0,0,0,0,0,0,0,0,0,0,0,0,0,0,0,0,0,0,0.6816717,0.6854915,0.7313439,0.7761348,0.9302476,1,0.8852919,0.77708,0.6808615,0,0,0,0,0,0,0,0,0,0,0,0
0,0,0,0,0,0,0,0,0,0,0,0,0,0,0,0.9171699,1,0.8924391,0.6897139,0.7615804,0.6971288,0,0,0,0,0,0,0,0,0,0,0,0,0,0,0,0,0,0,0,0,0,0,0,0.7603849,0.7979993,0.840224,0.8835055,0.9331936,1,0.937202,0,0.7793933,0.7824537,0.7254683,0,0,0,0,0,0,0,0,0,0,0,0,0,0,0,0,0,0,0,0,0,0,0,0.7186936,0.7292225,0,0.9360566,1,0.8801449,0.7880828,0.7910085,0.7072005,0,0,0.7269905,0.7545891,0.7355205,0.6928971,0,0,0,0,0,0,0,0,0,0,0,0,0,0,0,0,0.6280441,0.6482878,0.6572497,0,0,0.8291913,1,0.9576659,0.7936705,0.8176892,0.6938132,0,0.7198177,0.7280161,0,0,0.6662005,0.6724615,0,0,0,0,0,0,0,0,0,0,0,0,0,0,0,0.731481,0.800501,0.8809159,0.9371164,0.9377409,0.7963657,0.9585958,1,0.9056699,0.778847,0.8080454,0.6879668,0,0,0,0,0,0,0,0,0,0,0
0,0,0,0,0,0,0,0,0,0,0,0,0,0,0,0.9284692,1,0.8962895,0,0,0,0,0,0,0,0,0,0,0,0,0,0,0,0,0,0,0,0,0,0,0,0,0,0,0,0,0,0,0.8312982,1,0.9904942,0,0,0,0,0,0,0,0,0,0,0,0,0,0,0,0,0,0,0,0,0,0,0,0,0,0,0,0,0,0,0.9443726,1,0.867792,0,0,0.8188476,0.8060552,0,0,0,0,0,0,0,0,0,0,0,0,0,0,0,0,0,0,0,0,0,0,0,0,0,0,0.9017988,1,0.9506684,0.8123432,0.8368635,0.7839131,0.7540499,0,0.8144139,0.7518948,0.7475018,0.7608045,0,0,0,0,0,0,0,0,0,0,0,0,0,0,0,0.8850567,0.9323355,0.9784935,0.9215584,0,0.9462788,0.9567892,1,0.9335386,0,0.8901995,0.9247165,0.9808579,0.9310849,0,0,0,0,0,0,0,0,0,0
0,0,0,0,0,0,0,0,0,0,0,0,0,0,0,0.9296176,1,0.918982,0.8304286,0.814065,0,0,0,0,0,0,0,0,0,0,0,0,0,0,0,0,0,0,0,0,0,0,0,0,0,0,0,0,0.8133685,1,0.9681705,0,0,0,0,0,0,0,0,0,0,0,0,0,0,0,0,0,0,0,0,0,0,0,0,0,0,0,0,0,0,0.9398508,1,0.8884652,0,0.7099785,0.7498946,0.7176659,0.7388287,0.7238751,0,0,0,0,0,0,0,0,0,0,0,0,0,0,0,0,0,0,0,0,0.704372,0.7210736,0.7400312,0,0.8836561,1,0.923503,0.7836304,0.7402433,0.7293731,0.7576667,0.8180222,0.780799,0.6947278,0.7056156,0.7696451,0.8020308,0.7782143,0.6853553,0,0,0,0,0,0,0,0,0,0,0,0.8088886,0.8215228,0.7852914,0.8170865,0.7728576,0.8106022,0.8347029,0.9062865,0.8537081,1,0.943711,0,0,0.7780504,0.861807,0.7855709,0,0,0,0,0,0,0,0,0
0,0,0,0,0,0,0,0,0,0,0,0,0,0,0,0.8918968,1,0.8993922,0.8370988,0.8565292,0.8185669,0,0.7718344,0.8021321,0.7948905,0,0,0,0,0,0,0,0,0,0,0,0,0.7077722,0.7052969,0,0,0,0.6961247,0.7381799,0.714092,0,0,0,0.8559584,1,0.9600509,0.7173934,0,0,0,0,0,0,0,0,0,0,0,0,0,0,0,0,0,0,0,0,0,0,0,0.6965485,0.6820743,0,0,0,0.6735206,0.923589,1,0.9150835,0.7454088,0.6773025,0.6941931,0,0,0,0,0,0,0,0,0,0,0,0,0,0,0,0,0,0,0,0,0,0,0,0,0.7312484,0.7419147,0.657432,0.8560159,1,0.9581131,0.8145176,0.7905501,0.7270995,0.632979,0.629054,0,0,0.6634402,0.708611,0,0.6916076,0.7071931,0.6490325,0,0,0,0,0,0,0,0,0.7842491,0.8622369,0.8433257,0,0.7480305,0,0.757789,0.7312434,0.7653787,0.7310231,1,0.9778476,0.7892159,0.737457,0,0,0,0,0,0,0,0,0,0,0,0,0
0,0,0,0,0,0,0,0,0,0,0,0,0,0.7768919,0.8555428,0.9694817,1,0.8589416,0.7447009,0.7446929,0.7333678,0,0,0,0,0,0,0,0,0,0,0,0,0,0,0,0,0,0,0,0.7107131,0.7297028,0.7488363,0.7530697,0.7971544,0.7557523,0.6954983,0,0.7863761,1,0.9506729,0.7260342,0.7325438,0,0,0,0,0,0,0,0,0,0,0,0,0,0,0,0,0,0,0,0,0.6676678,0.6883617,0,0,0,0.7041183,0.6996207,0.7595415,0.9304914,1,0.8904083,0.8104945,0.7112169,0.6553124,0,0,0,0,0,0,0,0,0,0,0,0,0,0,0,0,0,0,0,0,0,0.6303837,0.6760346,0.6589484,0.6696345,0.6614316,0.7770927,0.8790888,1,0.9349677,0.7630992,0.8448715,0.8158108,0.7842229,0.728211,0,0.6343161,0.6517248,0,0,0,0,0,0,0,0,0,0,0,0,0,0.7242642,0.7310854,0,0.7826955,0.7785228,0.7496255,0,0.8198366,0.8586755,0.8158826,0.968628,1,0.8501862,0,0.6951779,0.6769857,0,0,0,0,0,0,0,0,0,0,0
0,0,0,0,0,0,0,0,0,0,0,0,0,0,0,0.8865075,1,0.9016283,0.8010508,0,0,0,0,0,0,0,0,0,0,0,0,0,0,0,0,0,0,0,0,0,0,0,0,0,0,0,0.7191181,0.7570439,0.8385201,1,0.9762732,0.7578527,0,0,0,0,0,0,0,0,0,0,0,0,0,0,0,0,0,0,0,0,0,0,0,0,0,0,0.6584685,0.6661674,0,0.9529121,1,0.8689049,0.7255263,0,0,0,0,0,0,0,0,0,0,0,0,0,0,0,0,0,0,0,0,0,0,0,0,0,0,0,0.6551914,0.665831,0.8935636,1,0.9254354,0.8493168,0.7981975,0.7366201,0.6403443,0,0,0,0,0,0,0,0,0,0,0,0,0,0,0,0,0,0,0,0,0,0,0,0,0.7603827,0.8314629,0.8923902,0.8929659,1,0.9267546,0.778649,0,0,0,0,0,0,0,0,0,0,0,0,0
0,0,0,0,0,0,0,0,0,0,0,0,0,0,0,0.9436777,1,0.8955264,0,0,0,0,0,0,0,0,0,0,0,0,0,0,0,0,0,0,0,0,0,0,0,0,0,0,0,0,0,0,0.8702075,1,0.9768119,0,0,0,0,0,0,0,0,0,0,0,0,0,0,0,0,0,0,0,0,0,0,0,0,0,0,0,0,0,0.7883849,0.9698065,1,0.8755956,0,0,0,0,0,0,0,0,0,0,0,0,0,0,0,0,0,0,0,0,0,0,0,0,0,0,0,0,0,0.842819,0.9137601,0.9991144,1,0.7732845,0,0,0,0,0,0,0,0,0,0,0,0,0,0,0,0,0,0,0,0,0,0,0,0,0,0,0,0,0,0.9021149,1,0.9800646,0.8566911,0.8821228,0.8412263,0,0,0,0,0,0,0,0,0,0,0,0
0,0,0,0,0,0,0,0,0,0,0,0,0,0,0.8092675,0.8239624,1,0.9700636,0.8410477,0.7496663,0,0,0,0,0,0,0,0,0,0,0,0,0,0,0,0,0,0,0,0,0,0,0,0,0,0,0.7276181,0.7922482,0,0.9994866,1,0.728346,0,0.7193625,0.7223189,0.6988358,0,0,0,0,0,0,0,0,0,0,0,0,0,0,0,0,0,0,0,0,0,0.6796008,0.737655,0.8100722,0.8295786,0.9181328,1,0.8700256,0.6780032,0.7040611,0.7085553,0,0,0,0,0,0,0,0,0,0,0,0,0,0,0,0,0,0,0,0,0,0.6872156,0.680079,0,0.742444,0.8100036,0.8783026,0.9112259,1,0.9947801,0.8064222,0.6778859,0.6697569,0,0,0,0,0,0,0,0,0,0,0,0,0,0,0,0,0,0,0,0,0,0,0,0,0,0,0,0.8026595,0.9066679,1,0.894092,0.8350548,0.8688687,0.8625374,0.8160793,0.6860697,0,0,0,0,0,0,0,0,0
0,0,0,0,0,0,0,0,0,0,0,0,0.8412777,0.9256362,0.9530686,0.9774388,1,0.892804,0,0,0,0,0,0,0,0,0,0,0,0,0,0,0,0,0,0,0,0,0,0,0,0,0,0,0,0,0,0,0.8639674,1,0.9916409,0.8455538,0,0,0.7997689,0,0,0,0,0,0,0,0,0,0,0,0,0,0,0,0,0,0,0,0,0,0,0,0,0,0.7892258,0.9404618,1,0.8106518,0.7507706,0.8024337,0.8637673,0.8045403,0,0,0,0,0,0,0,0,0,0,0,0,0,0,0,0,0,0,0,0.7084531,0.7729769,0.8162749,0.8051943,0,0.8130892,0.7922008,0.8552406,0.9831088,1,0.8734228,0.8127035,0.7436044,0.7141393,0,0,0,0,0,0,0,0,0,0,0,0,0,0,0,0,0,0,0,0,0,0,0,0,0.8341558,0.8721867,0.9034413,0.9900422,1,0.9539683,0.8358911,0.8844917,0.9004488,0.8551499,0,0,0,0,0,0,0,0,0,0
0,0,0,0,0,0,0,0,0,0,0,0,0,0,0,0.8546498,1,0.89728,0,0,0,0,0,0,0,0,0,0,0,0,0,0,0,0,0,0,0,0,0,0,0,0,0,0,0,0,0,0.7692888,0.7553087,1,0.998275,0,0,0,0.7371188,0,0,0,0,0,0,0,0,0,0,0,0,0,0,0,0,0,0,0,0,0,0,0,0.7052691,0.719765,0.7303228,0.9222515,1,0.9129793,0,0,0.7378748,0,0,0,0,0,0,0,0,0,0,0,0,0,0,0,0,0,0,0.7494217,0.8275083,0.8293622,0.7531806,0,0.7389786,0.8634318,0.9326009,0.837731,0.9017839,0.9595778,1,0.9009014,0.8106144,0,0,0,0,0,0,0,0,0,0,0,0,0,0,0,0,0,0,0,0,0,0,0,0,0,0,0,0.8331485,0.8523,0.9753617,1,0.9591942,0.9197399,0.766251,0,0,0,0,0,0,0,0,0,0,0,0
0,0,0,0,0,0,0,0,0,0,0,0,0,0,0,0,1,0.8784002,0,0,0,0,0,0,0,0,0,0,0,0,0,0,0,0,0,0,0,0,0,0,0,0,0,0,0,0,0.7980716,0.8461664,0.8400858,0.986577,1,0.8238197,0.8038093,0,0,0,0,0,0,0,0,0,0,0,0,0,0,0,0,0,0,0,0,0,0,0,0,0,0,0,0.7891743,0.9135339,1,0.9055547,0,0,0,0,0,0,0,0,0,0,0,0,0,0,0,0,0,0,0,0,0,0,0,0.7799845,0,0,0,0,0.7601227,0.7867036,0.8539196,0.979271,1,0.9150455,0,0,0,0,0,0,0,0,0,0,0,0,0,0,0,0,0,0,0,0,0,0,0,0,0,0.7662719,0.79101,0.8587936,0.9226736,0.8808448,0.9183971,1,0.8813522,0.844692,0.8492869,0.7974722,0,0,0,0,0,0,0,0,0,0,0
0,0,0,0,0,0,0,0,0,0,0,0,0,0,0,0.9127994,1,0.9361254,0,0,0,0,0,0,0,0,0,0,0,0,0,0,0,0,0,0,0,0,0,0,0,0,0,0,0,0,0.8932053,0,0.9200996,1,0.9632947,0,0,0,0,0,0,0,0,0,0,0,0,0,0,0,0,0,0,0,0,0,0,0,0,0.7623698,0.7715234,0,0,0.7892603,0.8000284,0.9229791,1,0.9366698,0,0,0,0,0,0,0,0,0,0,0,0,0,0,0,0,0,0,0,0,0,0,0.7369923,0.7329506,0,0,0,0,0,0.7663724,0.8388946,0.9896321,1,0.874399,0,0,0,0,0,0,0,0,0,0,0,0,0,0,0,0,0,0,0,0,0,0,0,0,0,0,0.9000762,0.9506914,0.8581433,0.8333262,0.9768381,1,0.8660632,0,0,0,0,0,0,0,0,0,0,0,0,0,0
0,0,0,0,0,0,0,0,0,0,0,0,0,0,0,0.9021747,1,0.9260091,0,0,0,0,0,0,0,0,0,0,0,0,0,0,0,0,0,0,0,0,0,0,0,0,0,0,0,0.7997074,0.882185,0.8713554,0.872349,0.9974252,1,0.784458,0.75504,0.7353023,0,0,0,0,0,0,0,0,0,0,0,0,0,0,0,0,0,0,0,0,0,0,0,0.6482825,0.6966972,0.7270257,0.7892916,0.9428434,1,0.8668925,0,0,0,0,0,0,0,0,0,0,0,0,0,0,0,0,0,0,0,0,0,0,0,0,0,0.6446825,0.6617714,0,0.7223546,0.791002,0.7953471,1,0.981694,0.7281913,0,0,0,0,0,0,0,0,0,0,0,0,0,0,0,0,0,0,0,0,0,0,0,0,0,0,0.8751158,0.97249,1,0.9383939,0.9687843,0.9776274,0.806173,0,0.7326496,0.7654203,0,0,0,0,0,0,0,0,0,0,0
0,0,0,0,0,0,0,0,0,0,0,0,0,0,0,0.8752686,1,0.8866349,0,0,0,0,0,0,0,0,0,0,0,0,0,0,0,0,0,0,0,0,0,0,0,0,0,0,0,0,0.6606871,0.7916688,0.8464608,0.9969528,1,0.8154418,0,0,0,0,0,0,0,0,0,0,0,0,0,0,0,0,0,0,0,0,0,0,0,0,0,0,0,0,0.7223262,0.9365383,1,0.8585743,0.6257541,0,0,0,0,0,0,0,0,0,0,0,0,0,0,0,0,0,0,0,0,0,0,0,0,0,0,0,0,0.7869391,0.880497,1,0.9931796,0.7120851,0,0,0,0,0,0,0,0,0,0,0,0,0,0,0,0,0,0,0,0,0,0,0,0,0,0,0,0.6326193,0.8036132,0.907409,0.9853767,1,0.8475261,0.6673422,0,0,0,0,0,0,0,0,0,0,0,0,0
0,0,0,0,0,0,0,0,0,0,0,0,0,0,0,0.8811776,1,0.9096146,0,0,0,0,0,0,0,0,0,0,0,0,0,0,0,0,0,0,0,0,0,0,0,0,0,0,0,0,0,0,0.7443775,1,0.988669,0.7099348,0,0,0,0,0,0,0,0,0,0,0,0,0,0,0,0,0,0,0,0,0,0,0,0,0,0,0,0,0.7698498,0.9413159,1,0.8728361,0,0,0,0,0,0,0,0,0,0,0,0,0,0,0,0,0,0,0,0,0,0,0,0,0,0,0,0,0,0.7087961,0.8656343,1,0.9607916,0.6657839,0,0,0,0,0,0,0,0,0,0,0,0,0,0,0,0,0,0,0,0,0,0,0,0,0,0,0,0,0.653968,0.7882081,0.9410273,1,0.7845018,0,0,0,0,0,0,0,0,0,0,0,0,0,0
