GestureName: check
Duration(ms): 987
Handedness: right

SpeakerAngles: 2
55
-55

InterpretedPoints: 21
0,0
0,0
0,0
0,0
0,0
0,0
-0.806707284111599,-5.08376269317261
0,-6.77835025756348
-0.806707284111599,-7.34321277902711
0.806707284111599,-7.34321277902711
-1.6134145682232,-3.38917512878174
-9.68048740933918,4.51890017170899
-12.9073165457856,4.51890017170899
-16.134145682232,2.25945008585449
-18.5542675345668,-0.564862521463623
-10.4871946934508,-6.21348773609986
0.806707284111599,-3.95403765024536
0,0
0,0
0.806707284111599,1.69458756439087
0,1.12972504292725

StrokePoints: 22
177.666666666667,130.277777777778
177.666666666667,130.277777777778
177.666666666667,130.277777777778
177.666666666667,130.277777777778
177.666666666667,130.277777777778
177.666666666667,130.277777777778
177.666666666667,130.277777777778
178.473373950778,135.36154047095
178.473373950778,142.139890728514
179.28008123489,149.483103507541
178.473373950778,156.826316286568
180.086788519001,160.21549141535
189.767275928341,155.696591243641
202.674592474126,151.177691071932
218.808738156358,148.918240986077
237.363005690925,149.483103507541
247.850200384376,155.696591243641
247.043493100264,159.650628893886
247.043493100264,159.650628893886
247.043493100264,159.650628893886
246.236785816153,157.956041329495
246.236785816153,156.826316286568

Velocities: 21
0,0
0,0
0,0
0,0
0,0
0,0
-5,-4
-6,-6
-7,-6
-6,-7
-4,-2
-2,10
-4,12
-8,12
-12,11
-12,1
-3,-4
0,0
0,0
2,1
1,1

InverseVelocities: 21
0,0
0,0
0,0
0,0
0,0
0,0
0,0
0,0
0,0
1,0
4,6
9,0
10,-2
10,-4
2,-12
1,-12
0,0
0,0
0,0
0,0
0,0

RawData: 21
0,0,0,0,0,0,0,0,0,0,0,0,0,0,0,0.8181261,1,0.9845172,0.7285216,0,0,0,0,0,0,0,0,0,0,0,0,0,0,0,0,0,0,0,0,0,0,0,0,0,0,0,0,0,0.9349573,1,0.8636463,0,0,0,0,0,0,0,0,0,0,0,0,0,0,0
0,0,0,0,0,0,0,0,0,0,0,0,0,0,0,0.8266399,1,0.9940384,0.8044053,0,0,0,0,0,0,0,0,0,0,0,0,0,0,0,0,0,0,0,0,0,0,0,0,0,0,0,0,0,0.9395564,1,0.8740982,0,0,0,0,0,0,0,0,0,0,0,0,0,0,0
0,0,0,0,0,0,0,0,0,0,0,0,0,0,0,0.8199212,1,0.9975259,0.8248865,0,0,0,0,0,0,0,0,0,0,0,0,0,0,0,0,0,0,0,0,0,0,0,0,0,0,0,0,0,0.9419258,1,0.8843454,0,0,0,0,0,0,0,0,0,0,0,0,0,0,0
0,0,0,0,0,0,0,0,0,0,0,0,0,0,0,0.819411,1,0.9823859,0.7220553,0,0,0,0,0,0,0,0,0,0,0,0,0,0,0,0,0,0,0,0,0,0,0,0,0,0,0,0,0.5936939,0.9390577,1,0.8921301,0,0,0,0,0,0,0,0,0,0,0,0,0,0,0
0,0,0,0,0,0,0,0,0,0,0,0,0,0,0,0.8433856,1,0.9878638,0.7759223,0,0,0,0,0,0,0,0,0,0,0,0,0,0,0,0,0,0,0,0,0,0,0,0,0,0,0,0,0.6687706,0.9522024,1,0.8948124,0,0,0,0,0,0,0,0,0,0,0,0,0,0,0
0,0,0,0,0,0,0,0,0,0,0,0,0,0.6738384,0.8106466,0.8886052,1,0.9743504,0.771075,0.5339928,0,0,0,0,0,0,0,0,0,0,0,0,0,0,0,0,0,0,0,0,0,0,0,0,0,0,0.6923451,0.8569091,0.9721571,1,0.9014585,0.6051204,0,0,0,0,0,0,0,0,0,0,0,0,0,0
0,0,0,0,0,0,0,0,0.5624313,0.5489938,0.5822179,0.7119192,0.7739432,0.863475,0.9229097,0.9037564,1,0.9695218,0.7153051,0.5573118,0,0,0,0,0,0,0,0,0,0,0,0,0,0,0,0,0,0,0,0,0,0,0.5607936,0.622274,0.6619886,0.7494621,0.8524693,0.9156189,0.9767864,1,0.8888288,0,0,0,0,0,0,0,0,0,0,0,0,0,0,0
0,0,0,0,0,0,0,0.6761242,0.8115292,0.868007,0.8781623,0.8431171,0.7835082,0.8078464,0.6239012,0.8102037,1,0.9848145,0.7707809,0,0,0,0,0,0,0,0,0,0,0,0,0,0,0,0,0,0,0,0,0,0.650489,0.7160262,0.8052263,0.8852812,0.9114696,0.9142566,0.8799356,0.8187937,0.9414089,1,0.8898059,0,0,0,0,0,0,0,0,0,0,0,0,0,0,0
0,0,0,0,0,0,0.7154579,0.8077573,0.8803569,0.7976195,0.7446268,0,0.7338474,0.7392906,0.7805663,0.7847196,1,0.9882429,0.7818706,0,0,0,0,0,0,0,0,0,0,0,0,0,0,0,0,0,0,0,0,0,0.6535237,0.7664016,0.7885846,0.8786024,0.8056946,0.8829012,0.7753028,0.658663,0.9387895,1,0.8963883,0.682777,0.6026998,0,0,0,0,0,0,0,0,0,0,0,0,0
0,0,0,0,0,0,0,0.6640463,0.7411298,0.7639138,0.7466422,0.8070179,0.8208427,0.7841724,0.6691164,0.8718041,1,0.9683861,0.6854233,0.6344478,0.6248664,0,0,0,0,0,0,0,0,0,0,0,0,0,0,0,0,0,0,0.5941484,0.6416965,0.5965766,0.7447829,0.6986985,0.8059396,0.8515868,0.7339939,0.7235649,0.9571885,1,0.8882758,0.6283332,0,0,0,0,0,0,0,0,0,0,0,0,0,0
0,0,0,0,0,0,0,0,0,0.550915,0.6069116,0.6401091,0.6983517,0.7748879,0.7776167,0.8480183,1,0.9997908,0.8341885,0.7387213,0.75127,0.7094981,0.6527286,0.5802484,0,0,0,0,0,0,0,0,0,0,0,0,0,0,0,0,0,0,0,0,0.5892741,0.6771725,0.7359508,0.7293925,0.9237605,1,0.8968123,0.741104,0.7359838,0.7476106,0.735258,0.6893851,0.621766,0.5555587,0.5413537,0,0,0,0,0,0,0
0,0,0,0,0,0,0,0,0,0,0,0.6707376,0,0,0,0.8367184,1,0.9747845,0.7457569,0.7751977,0,0.8321811,0.7755549,0.8307405,0.8467013,0.8118166,0.7900339,0.7415136,0.6785206,0,0,0,0,0,0,0,0,0,0,0,0,0,0,0,0,0,0,0.7060978,0.9485776,1,0.8756312,0.8027357,0.708134,0.6611562,0.7873675,0.7560213,0.7049096,0.7615167,0.8008448,0.7974844,0.7493297,0.6828576,0.6329952,0,0,0
0,0,0,0,0,0,0,0,0,0.5976497,0.6162784,0.6530585,0.7276673,0.6765087,0.6920962,0.7763581,1,0.9935749,0.8057956,0.6773468,0.8338683,0.8354035,0.7600538,0.6768323,0.8420296,0.8238997,0.7528377,0.7550536,0.7352169,0.585019,0,0,0,0,0,0,0,0,0,0,0,0,0,0,0.6592179,0.6528336,0.5858006,0.6807546,0.9401703,1,0.894715,0.6753312,0.7234695,0.7086578,0.7043607,0.6281763,0.6408432,0.6951489,0.6405238,0.7102335,0.7173233,0.7528754,0.7306688,0.7324424,0.755721,0.6911173
0,0,0,0,0,0.7002674,0.6997883,0.6991115,0.7229101,0.7495103,0.7630113,0.729129,0.6982163,0.7394902,0.7501187,0.8290842,1,0.9793216,0.7102881,0.8164381,0.7995835,0.7865663,0.7508392,0.7693505,0.7545417,0.703873,0.6673726,0.6418353,0.6192319,0.6617859,0,0,0,0,0,0,0,0,0,0,0,0,0.6624728,0.6605496,0.7161022,0.6258931,0.6729659,0.7249876,0.9429571,1,0.8881819,0.6695935,0.6786022,0.7882703,0.8331678,0.8237289,0.8153126,0.6127189,0.8018951,0.8150519,0.7745762,0.8127012,0.8417804,0.8208681,0.8414407,0.8274903
0.7664551,0.7881998,0.732787,0.7700235,0.7569194,0.665328,0,0,0.7818487,0.7450376,0.74913,0.7282077,0.664731,0.7575111,0.7661832,0.8639915,1,0.9796526,0.76359,0,0.7263588,0.7068692,0,0,0,0,0,0,0,0,0,0,0,0.6477122,0.6976271,0.7308512,0.7673023,0.8027852,0.7833595,0.7519692,0.7762113,0.7782344,0.8030537,0.8202447,0.8342984,0.8234276,0.8047431,0.8247738,0.957272,1,0.9053594,0.7779166,0.7432672,0.8009415,0.8370332,0.8246954,0.7592843,0.734102,0.7660443,0.7459478,0.6532404,0.6732077,0.6965071,0.6692136,0,0
0,0.658199,0.6920153,0.746443,0.789461,0.8168588,0.8407302,0.8454323,0.7848124,0.7214944,0.6754678,0.6817465,0.728352,0.7291541,0.6170378,0.8476095,1,0.9888744,0.7641422,0.6117986,0.6820317,0,0,0,0,0,0,0,0,0,0,0,0,0,0.6027394,0.6582351,0.707279,0.7603109,0.7631941,0.736444,0.7603932,0.7221949,0.7314754,0.7967948,0.7766222,0.6110491,0.7477147,0.7299837,0.9356378,1,0.8900251,0,0.6776145,0.6130618,0,0,0,0,0,0,0,0,0,0,0,0
0,0,0,0,0,0,0,0,0,0,0.6197726,0,0.7595139,0.8060328,0.7540339,0.7088839,0.9858568,1,0.8229844,0,0,0,0,0,0,0,0,0,0,0,0,0,0,0,0,0,0,0,0,0,0,0,0.6905844,0.7628041,0.772365,0.7526346,0.7683311,0.7992862,0.9423199,1,0.8716463,0.6335333,0.6144313,0,0,0,0,0,0,0,0,0,0,0,0,0
0,0,0,0,0,0,0,0,0,0,0,0,0,0,0.6856975,0.8462601,1,0.9692564,0,0,0,0,0,0,0,0,0,0,0,0,0,0,0,0,0,0,0,0,0,0,0,0,0,0,0,0,0,0.7508917,0.9525896,1,0.8715055,0,0,0,0,0,0,0,0,0,0,0,0,0,0,0
0,0,0,0,0,0,0,0,0,0,0,0,0,0,0,0.8347182,1,0.9911684,0.8320755,0.6863994,0,0,0,0,0,0,0,0,0,0,0,0,0,0,0,0,0,0,0,0,0,0,0,0,0,0,0,0.6171833,0.936963,1,0.8997154,0.5824161,0,0,0,0,0,0,0,0,0,0,0,0,0,0
0,0,0,0,0,0,0,0,0,0,0,0,0,0,0,0.8483258,1,0.959017,0.7200264,0.7007797,0.5790107,0.5725034,0,0,0,0,0,0,0,0,0,0,0,0,0,0,0,0,0,0,0,0,0,0,0,0,0,0.6075609,0.9409155,1,0.888895,0.7283949,0.7181447,0.6127957,0,0,0,0,0,0,0,0,0,0,0,0
0,0,0,0,0,0,0,0,0,0,0,0,0,0,0,0.8330146,1,0.9837553,0.8044164,0.746138,0.6986874,0,0,0,0,0,0,0,0,0,0,0,0,0,0,0,0,0,0,0,0,0,0,0,0,0,0,0,0.9428123,1,0.8835926,0.7844567,0.8237638,0.7601104,0,0,0,0,0,0,0,0,0,0,0,0
