GestureName: c
Duration(ms): 893
Handedness: right

SpeakerAngles: 5
55
-55
0
0
110

SpeakerElevations: 5
-10
-10
-10
0
30

InterpretedPoints: 19
3.24810032815972,6.76041642524942,0.458110933998418
3.24100993092194,4.52213653048741,0.479055466999209
0.820888078587149,1.95727400902378,0.652703644666139
0.0212711917133248,3.64588362930997,0.979055466999209
-0.778345695160498,5.33449324959615,1.30540728933228
-3.19846754749529,2.65509793219307,2
-5.63986059154342,0.42915953443169,1.02094453300079
-12.9356781347367,-20.0828446219753,0.431074487337025
-14.5845446891488,-18.1667164798088,-1.89527733499604
-6.51747184803277,-17.4413588126511,-1.37433280199525
-3.26937151987305,-14.6505578934261,-0.568925512662975
-3.26228112263527,-8.16802015979738,-1.45811093399842
-1.6417761571743,-9.01388856699923,-0.610814578664557
-0.0212711917133253,-3.37124129646768,-1.5
4.06898840674687,-4.17596383681225,2.32635182233307
8.10961522454264,8.53602509748664,1.08987004566377
8.12379601901819,18.1726944239135,1.04798097966218
5.70367416668339,12.523683600486,2.08987004566377
4.86151489638292,9.01986651110392,-0.236481776669304

StrokePoints: 20
0,0,0
3.24810032815972,6.76041642524942,0.458110933998418
6.48911025908166,11.2825529557368,0.937166400997627
7.30999833766881,13.2398269647606,1.58987004566377
7.33126952938214,16.8857105940706,2.56892551266297
6.55292383422164,22.2202038436667,3.87433280199525
3.35445628672635,24.8753017758598,5.87433280199525
-2.28540430481707,25.3044613102915,6.89527733499604
-15.2210824395538,5.22161668831619,7.32635182233307
-29.8056271287025,-12.9450997914926,5.43107448733702
-36.3230989767353,-30.3864586041437,4.05674168534177
-39.5924704966083,-45.0370164975698,3.4878161726788
-42.8547516192436,-53.2050366573672,2.02970523868038
-44.4965277764179,-62.2189252243664,1.41889066001582
-44.5177989681312,-65.5901665208341,-0.0811093399841785
-40.4488105613843,-69.7661303576464,2.24524248234889
-32.3391953368417,-61.2301052601597,3.33511252801266
-24.2153993178235,-43.0574108362462,4.38309350767484
-18.5117251511401,-30.5337272357602,6.47296355333861
-13.6502102547572,-21.5138607246563,6.2364817766693

Velocities: 19
2,1,3
2,0,1
0,1,1
-1,2,2
-2,3,3
-5,3,2
-6,2,1
-9,3,-8
-8,1,-8
-5,-6,-7
-3,-5,-6
-1,-2,-3
-1,-3,-4
3,0,-3
2,2,-3
5,1,5
6,4,7
3,4,4
5,2,3

InverseVelocities: 19
0,0,0
-1,0,-1
0,0,0
0,0,-1
0,0,-4
1,-2,-7
0,-4,-6
0,-3,0
0,-6,0
2,0,3
0,0,0
0,1,0
1,0,0
0,0,0
0,0,6
0,0,0
0,0,0
0,0,0
0,0,0

RawData: 19
0,0,0,0,0,0,0,0,0,0,0,0,0,0,0.6675028,0.9185372,1,0.9376709,0.8399697,0.8934942,0.8348494,0.663703,0,0,0,0,0,0,0,0,0,0,0,0,0,0,0,0,0,0,0,0,0,0,0,0,0,0,0.8328451,1,0.9945923,0.9981108,0.9755083,0.8476207,0,0,0,0,0,0,0,0,0,0,0,0,0,0,0,0,0,0,0,0,0,0,0,0,0,0,0.7055202,0.9147963,1,0.8340687,0.9041083,0.8741911,0.7837898,0.6867631,0.6537849,0,0,0,0,0,0,0,0,0,0,0,0,0,0,0,0,0,0,0,0,0,0.5986541,0.6012316,0,0.6936549,0.8881042,1,0.9440081,0.8202233,0.8548484,0.7858154,0.6808916,0.5962721,0,0,0,0,0,0,0,0,0,0,0,0,0,0,0,0,0,0,0,0,0,0.6600507,0.6721942,0.6609122,0.768373,0.720331,0.9683896,1,0.6291803,0.8454002,0.8403924,0.8313122,0.7231261,0,0,0,0,0,0,0,0,0,0
0,0,0,0,0,0,0,0,0,0,0,0,0.7431659,0.7774021,0.8910388,0.6928895,0.9969785,1,0.999603,0.936535,0.6783341,0.6803405,0,0,0,0,0,0,0,0,0,0,0,0,0,0,0,0,0,0,0,0,0,0,0,0,0.7559582,0.6893789,0.7634345,1,0.9990246,0.8398997,0.7423391,0,0,0,0,0,0,0,0,0,0,0,0,0,0,0,0,0,0,0,0,0,0,0,0,0,0.6260841,0.7533587,0.7769645,0.939221,1,0.8285342,0.8805943,0.8307894,0.5948913,0,0,0,0,0,0,0,0,0,0,0,0,0,0,0,0,0,0,0,0,0,0,0,0.6048154,0,0.5933772,0.6410288,0.8893323,1,0.9310749,0.8768952,0.8826934,0.734625,0.6575963,0.6151468,0,0,0,0,0,0,0,0,0,0,0,0,0,0,0,0,0,0,0,0,0,0,0,0.7602572,0.8398004,0.8139943,0.9020505,0.9720227,1,0.9687241,0.8259112,0.7048695,0,0,0,0,0,0,0,0,0,0,0
0,0,0,0,0,0,0,0,0,0,0,0,0,0.7481582,0.8400681,0.9033557,1,0.9633985,0.7863381,0.7076132,0,0,0,0,0,0,0,0,0,0,0,0,0,0,0,0,0,0,0,0,0,0,0,0,0,0,0,0.7872285,0.8731582,0.9876782,1,0.8557513,0.7588107,0.7375282,0,0,0,0,0,0,0,0,0,0,0,0,0,0,0,0,0,0,0,0,0,0,0,0,0,0,0,0.9371333,1,0.8474952,0.771256,0.711463,0.6589972,0,0,0,0,0,0,0,0,0,0,0,0,0,0,0,0,0,0,0,0,0,0,0,0,0,0.6952784,0.6895453,0.7827255,0.9909099,1,0.8214498,0.7733591,0.6952708,0,0,0,0,0,0,0,0,0,0,0,0,0,0,0,0,0,0,0,0,0,0,0,0,0,0,0.6851926,0.8872504,0.9870433,1,0.931654,0,0.6867419,0.6961104,0,0,0,0,0,0,0,0,0,0,0
0,0,0,0,0,0,0,0,0,0,0,0,0.6553314,0.6953153,0.8407834,0.8476446,1,0.9043317,0.6175355,0.6196019,0,0,0,0,0,0,0,0,0,0,0,0,0,0,0,0,0,0,0,0,0,0,0,0,0,0,0,0.70712,0.6756653,0.9920664,1,0.8360561,0.909741,0.8644921,0.7525949,0,0,0,0,0,0,0,0,0,0,0,0,0,0,0,0,0,0,0,0,0,0,0,0.6946823,0.7431077,0.7724569,0.9315386,1,0.9005489,0.7056046,0.7797313,0.7442616,0.6359292,0,0,0,0,0,0,0,0,0,0,0,0,0,0,0,0,0,0,0,0,0,0,0,0,0.854609,0.8947844,0.8526556,1,0.9495027,0.7208848,0,0.7118555,0.6657481,0,0,0,0,0,0,0,0,0,0,0,0,0,0,0,0,0,0,0,0,0,0,0.6303908,0.6646894,0.6696403,0.7005237,0.8137757,0.9121383,1,0.8950024,0.8496768,0.7536123,0.7459976,0.6321132,0,0,0,0,0,0,0,0,0,0
0,0,0,0,0,0,0,0,0,0,0,0.7953116,0.8644266,0.9212244,0.9551802,0.9271875,1,0.9295097,0.7340825,0,0,0,0,0,0,0,0,0,0,0,0,0,0,0,0,0,0,0,0,0,0,0,0,0,0,0,0,0.8014795,0.8428324,0.9770325,1,0.8444906,0.9315658,0.8907068,0.8374724,0.8056541,0,0,0,0,0,0,0,0,0,0,0,0,0,0,0,0,0,0,0,0.7325138,0.7817649,0.7832956,0.7583793,0.726169,0.8143851,0.9430552,1,0.8887078,0.8479754,0.8431363,0,0.8115741,0.7365448,0,0,0,0,0,0,0,0,0,0,0,0,0,0,0,0,0,0,0,0,0.8463408,0.8829159,0.9605503,0.9876525,1,0.9624799,0.9987116,0.8912593,0.9020054,0,0.8729751,0.9188982,0.8466773,0,0,0,0,0,0,0,0,0,0,0,0,0,0,0,0,0,0,0,0,0,0,0.8025351,0.8413352,0.8056686,0.7606311,0.9485564,1,0.9329152,0.7446639,0.8019944,0.7986664,0.826682,0.7305101,0,0,0,0,0,0,0,0,0
0,0,0,0,0,0,0,0,0.6614727,0.7542229,0.8139654,0.8799227,0.9146909,0.9008842,0.8782113,0.9100314,1,0.9036017,0.7034204,0.6391155,0.6625387,0,0,0,0,0,0,0,0,0,0,0,0,0,0,0,0,0,0,0,0,0,0,0,0.7606553,0.8096824,0.7777168,0.8003022,0,0.975192,0.9727935,0.8260387,1,0.9588425,0.9761217,0.8692428,0,0,0,0,0,0,0,0,0,0,0,0,0,0,0,0,0.6118498,0.6530817,0.6845853,0.7886764,0.7769721,0.7423205,0.7400382,0.7513256,0.7915444,0.9333521,1,0.8787139,0.7567933,0.7587236,0.8387661,0.7717345,0,0,0,0,0,0,0,0,0,0,0,0,0,0,0,0,0,0,0.7083193,0.7926474,0.8721371,0.8851709,0.9277127,0.8396488,0.850021,0.7935582,0.8231106,1,0.9781933,0.8416564,0.9352413,0.9141482,0.8879092,0.7749707,0,0,0,0,0,0,0,0,0,0,0,0,0,0,0,0,0,0,0.6903052,0.7669504,0.7940653,0.8446856,0.8291247,0.7167069,0.7082884,0.7346534,0.9537787,1,0.86797,0.8397684,0.8631468,0.8792273,0.8323759,0.6883144,0,0,0,0,0,0,0,0,0
0,0,0,0,0,0,0,0.7491258,0.8121254,0.8740845,0.8771989,0.7547408,0.8748062,0.7992721,0,0.9052314,1,0.9290497,0,0,0,0,0,0,0,0,0,0,0,0,0,0,0,0,0,0,0,0,0,0,0,0,0.8381026,0.8073318,0,0,0,0.9776239,1,0.9389438,0.9187433,0.8554366,0.9345961,0.8651827,0.9165936,0,0,0,0,0,0,0,0,0,0,0,0,0,0,0,0,0,0,0.7650141,0.7355534,0.7586386,0.7886709,0.7733557,0.7049036,0.8064048,0.7037148,0.9249723,1,0.8997278,0,0.7673696,0.7524922,0,0,0,0,0,0,0,0,0,0,0,0,0,0,0,0,0,0,0,0.7238418,0.7630427,0.8300039,0.7381744,0.8139567,0.752355,0.8174056,0,0.7891212,1,0.9911306,0.7532024,0.7001391,0,0.7146842,0,0,0,0,0,0,0,0,0,0,0,0,0,0,0,0,0,0,0,0,0.7018106,0,0.7762401,0.6967983,0.7674015,0.7908407,0.7633072,0.9311468,1,0.9064377,0.8201355,0.7544994,0,0,0,0,0,0,0,0,0,0,0,0
0,0,0,0,0.6516879,0.7347658,0.747622,0.8129666,0.8250127,0,0.8178269,0.7805158,0,0.6755472,0.7207455,0.8637952,1,0.9124095,0,0,0,0,0,0,0,0,0,0,0,0,0,0,0,0,0,0,0,0,0,0,0,0,0,0.7790006,0.9259955,1,0.9635624,0.9145654,0.9252098,0.9718907,0.9671168,0.8158458,0.7894226,0.7827404,0.7787708,0.7029483,0,0,0,0,0,0,0,0,0,0,0,0,0,0,0,0.6762066,0.7402514,0.7300131,0.6512905,0,0.7703586,0.743985,0.804211,0.7918737,0.8257369,0.927224,1,0.8674414,0.6613281,0.6457472,0,0,0,0,0,0,0,0,0,0,0,0,0,0,0,0,0.6432449,0.7146309,0.8094373,0.7887052,0.6478267,0.7396434,0.6924824,0.8099995,0.8598985,0.8412726,0.6539843,0.8472403,0.7458871,0.9733568,1,0.8618962,0.6796099,0,0,0,0,0,0,0,0,0,0,0,0,0,0,0,0,0,0,0,0,0,0,0.8114167,0.7530496,0.7983363,0.9001201,0.8955611,0.6713659,0.8423921,0.9832062,1,0.8733492,0.749414,0,0,0,0,0,0,0,0,0,0,0,0,0
0,0,0,0,0,0.6595829,0.7167425,0.7525532,0.7768742,0.7582225,0.8673663,0.8440902,0.7642599,0.690841,0.7136438,0.9080014,1,0.916834,0.6383628,0,0,0,0,0,0,0,0,0,0,0,0,0,0,0,0,0,0,0,0,0,0.7217709,0.7088582,0.8085337,0.8476991,0.8138601,0.9390743,1,0.951465,0.8365877,0.7967844,0.8786926,0.8037763,0.6722709,0.6933738,0,0,0,0,0,0,0,0,0,0,0,0,0,0,0,0,0,0.6418216,0.6810237,0.7708407,0.7278425,0.8800175,0.9038792,0.7720562,0.9449706,0.8900666,0.795316,0.9082263,1,0.8747839,0,0,0,0,0,0,0,0,0,0,0,0,0,0,0,0,0,0,0,0.7338749,0.8125153,0.6899644,0.8242527,0.8355727,0.8800552,1,0.8994008,0.9374863,0.8281467,0.8224089,0.7549371,0.9945071,0.973282,0.8265445,0.7507237,0.6660587,0,0,0,0,0,0,0,0,0,0,0,0,0,0,0,0,0.6726885,0.7434129,0.7667422,0.8448007,0.9174975,0.8469042,0.9478617,0.9598683,0.9702211,0.9962847,0.9582124,0.8938972,0.9552457,1,0.9204977,0.812423,0.7646126,0.7201159,0,0,0,0,0,0,0,0,0,0,0
0,0,0,0,0,0,0,0,0.7615132,0.8825927,0.8563795,0.855683,0.8918463,0.818445,0.7753102,0.9057721,1,0.905301,0,0,0.6833138,0.646358,0,0,0,0,0,0,0,0,0,0,0,0,0,0,0,0,0,0,0.8073195,0.857462,0.9082119,0.9062327,0.9130762,0.889353,0.7117557,0,0.8638211,1,0.9521047,0.7630943,0.7892493,0,0,0,0,0,0,0,0,0,0,0,0,0,0,0,0,0,0,0,0.6389333,0.7244278,0.7914528,0.8488864,0.7685112,0.9080823,0.8269978,0.8241475,0.815111,0.9517432,1,0.8797387,0.6541888,0.6531233,0.712009,0.7171566,0.6893376,0,0,0,0,0,0,0,0,0,0,0,0,0,0,0,0,0.8100065,0.8834226,0.7530754,0.9277058,0.8323095,0.9489687,0.9164402,0,0.7769371,0.9126328,1,0.8914333,0.8019931,0.7508527,0.7691144,0.7303587,0,0,0,0,0,0,0,0,0,0,0,0,0,0,0,0.6752179,0.6618244,0.6722583,0.900916,0.9010926,0.8919547,0.926595,0.9153077,0.8788105,0.767485,0.7573345,0.8160344,0.9108845,1,0.9139015,0.7840208,0.7191787,0,0.6616992,0.6762211,0,0,0,0,0,0,0,0,0
0,0,0,0,0,0,0,0,0,0,0.8142015,0.863902,0.8738908,0.7940416,0.8688816,0.9536678,1,0.8880526,0,0,0,0,0,0,0,0,0,0,0,0,0,0,0,0,0,0,0,0,0,0,0,0.7622567,0.8165938,0.8342226,0.8042098,0.817528,0.7627659,0,0.876882,1,0.9627554,0.8295463,0,0,0,0,0,0,0,0,0,0,0,0,0,0,0,0,0,0,0,0,0,0.7243063,0.7837376,0.759012,0.7632492,0.8281635,0.8210532,0.7809986,0.8341898,0.9574491,1,0.8873875,0,0,0,0,0,0,0,0,0,0,0,0,0,0,0,0,0,0,0,0,0,0,0.7576321,0.8393586,0.7897857,0.8425758,0.826392,0.8433139,0.806899,0.8909853,0.7754655,1,0.9720172,0.73751,0,0,0,0,0,0,0,0,0,0,0,0,0,0,0,0,0,0,0,0,0,0.811842,0.9173156,0.9294968,0.762313,0.8903275,0.8305746,0.8770365,0.9139677,0.8941826,0.9652101,1,0.8743839,0.7831746,0,0,0,0,0,0,0,0,0,0,0,0,0
0,0,0,0,0,0,0,0,0,0,0,0,0.7183092,0.6960713,0.8019557,0.9530615,1,0.8623331,0,0,0,0,0,0,0,0,0,0,0,0,0,0,0,0,0,0,0,0,0,0,0,0,0,0,0.7851952,0.7924527,0.7694063,0.8191534,0.8114326,1,0.9831156,0.8845378,0.7924306,0.7453704,0,0,0,0,0,0,0,0,0,0,0,0,0,0,0,0,0,0,0,0,0,0,0.6707772,0.7571067,0.7458629,0.6586591,0.7886973,0.9329036,1,0.8659533,0.691159,0,0,0,0,0,0,0,0,0,0,0,0,0,0,0,0,0,0,0,0,0,0,0.6208112,0,0.6841212,0.660377,0.6557101,0.8207963,0.8466754,0.7999524,1,0.9713907,0.7110334,0,0,0,0,0,0,0,0,0,0,0,0,0,0,0,0,0,0,0,0,0,0,0.695839,0.7580933,0.8386174,0.8314744,0.7835252,0.8243001,0.9128423,0.9267104,1,0.9808174,0.8046409,0,0,0,0,0,0,0,0,0,0,0,0,0,0
0,0,0,0,0,0,0,0,0,0,0,0,0.6907425,0.8151507,0.7552122,0.9115255,1,0.8712307,0.7254987,0.61171,0.6041334,0,0,0,0,0,0,0,0,0,0,0,0,0,0,0,0,0,0,0,0,0,0,0.6938191,0.7635181,0.7908729,0.7090567,0.8341512,0.8457161,1,0.9971913,0.8010113,0.7045159,0,0,0,0,0,0,0,0,0,0,0,0,0,0,0,0,0,0,0,0,0,0,0.5670852,0.6787217,0.6451859,0.5827835,0.7664914,0.7650558,0.947561,1,0.8586636,0.7136229,0.6291966,0,0,0,0,0,0,0,0,0,0,0,0,0,0,0,0,0,0,0,0,0,0,0.559828,0.559453,0.6184294,0.654947,0.7649849,0.7672168,0.8899417,1,0.9504756,0.6290377,0.6287482,0.5995325,0.6002333,0.5764123,0,0,0,0,0,0,0,0,0,0,0,0,0,0,0,0,0,0,0,0.6643171,0,0.7640222,0.8311278,0.9026176,0.8681248,0.6859869,0.9464819,1,0.8577753,0.7926885,0.6649985,0,0,0,0,0,0,0,0,0,0,0,0
0,0,0,0,0,0,0,0,0,0,0,0,0,0.7261993,0.8411424,0.9715214,1,0.8540117,0.8130724,0.6193264,0,0.624317,0.6304439,0,0,0,0,0,0,0,0,0,0,0,0,0,0,0,0,0,0,0,0,0,0,0,0,0.8342103,0.93502,1,0.9489279,0.798272,0,0,0,0,0,0,0,0,0,0,0,0,0,0,0,0,0,0,0,0,0,0,0,0,0.650102,0.7114046,0.6640079,0.7194443,0.827526,0.9324107,1,0.810599,0.7944076,0.7470775,0,0,0,0,0,0,0,0,0,0,0,0,0,0,0,0,0,0,0,0,0,0,0,0.7220207,0.738964,0.6624989,0.7182177,0.810059,0.8677713,1,0.9312058,0.7006826,0.7735704,0.7625274,0.7196531,0.6649802,0,0,0,0,0,0,0,0,0,0,0,0,0,0,0,0,0,0,0,0,0.706232,0.7486548,0.6819321,0,0.746881,0.878222,0.989829,1,0.8256644,0,0.7748458,0.75758,0.7489467,0.6948732,0,0,0,0,0,0,0,0,0
0,0,0,0,0,0,0,0,0,0,0,0,0,0.6771032,0.6633034,0.8938941,1,0.9500608,0.8682913,0.7757725,0.6738258,0.731634,0,0,0,0,0,0,0,0,0,0,0,0,0,0,0,0,0,0,0,0,0,0,0,0,0,0.7349451,0.7902957,0.9198521,1,0.8776776,0.849795,0.8252458,0.7687774,0,0,0,0,0,0,0,0,0,0,0,0,0,0,0,0,0,0,0,0,0,0.6354271,0.6750711,0.7256209,0.6845186,0.7433588,0.9631002,1,0.8710649,0.6426738,0,0.7223198,0.689229,0,0,0.6532984,0.6507282,0,0,0,0,0,0,0,0,0,0,0,0,0,0,0,0,0,0,0.7396344,0.707153,0.6929713,0.745565,0.8654997,1,0.9523975,0.7555819,0,0.6933017,0,0.6839623,0.7120355,0,0,0,0,0,0,0,0,0,0,0,0,0,0,0,0,0,0,0,0,0,0,0.8267344,0.8078936,0.7980144,0.9961484,1,0.9151951,0.8828716,0.811916,0,0.8479685,0.7779177,0.8138087,0,0,0,0,0,0,0,0
0,0,0,0,0,0,0,0,0,0,0,0,0,0,0,0.8886864,1,0.8652728,0,0.6919515,0.6737402,0.6954146,0.7739165,0.7478965,0.7410808,0,0,0,0,0,0,0,0,0,0,0,0,0,0,0,0,0,0,0,0,0,0,0,0.8264087,1,0.9818221,0.7765156,0.8119735,0.8670894,0,0,0,0,0,0,0,0,0,0,0,0,0,0,0,0,0,0,0,0,0,0,0,0,0,0,0,0.9296249,1,0.844508,0,0.6592035,0.5992528,0,0,0,0.6442375,0,0,0,0,0,0,0,0,0,0,0,0,0,0,0,0,0,0,0,0,0,0.6260518,0.6249012,0.7962575,1,0.9369389,0,0,0.7020441,0.6250456,0,0,0,0,0,0,0,0,0,0,0,0,0,0,0,0.7947264,0.8016892,0,0,0,0,0,0,0,0,0,0.8796588,0.9354988,1,0.8566868,0.8126762,0.8425441,0.8415725,0,0.8000619,0.9217937,0.8689889,0,0,0,0,0,0,0
0,0,0,0,0,0,0,0,0,0,0,0,0,0,0.6633272,0.9262096,1,0.8890902,0.6760426,0.6588116,0.6653106,0.7480659,0.6617787,0.7706862,0.829051,0.7698241,0,0,0,0,0,0,0,0,0,0,0,0,0,0,0,0,0,0,0,0,0,0,0.8360482,1,0.8816379,0,0,0.7806513,0.9118852,0.9216417,0.834786,0,0,0,0,0,0,0,0,0,0,0,0,0,0,0,0,0,0,0,0,0,0,0,0,0.9393393,1,0.8574714,0,0.6402709,0.6495611,0.6924925,0.73057,0.6563897,0.6247233,0.6793768,0.6207987,0,0,0,0,0,0,0,0,0,0,0,0,0,0,0,0,0,0,0,0,0,0.8676509,1,0.9502406,0.706399,0,0.7188306,0.7263696,0.719658,0.7062815,0.6227273,0.7409287,0.7330341,0.6413773,0,0,0,0,0,0,0,0,0,0,0,0,0,0,0,0,0,0,0,0,0,0.9707761,1,0.7529934,0.7444863,0.7558416,0,0,0,0,0.8327108,0.8557339,0.8263146,0,0,0,0,0
0,0,0,0,0,0,0,0,0,0,0,0,0,0,0,0.9156895,1,0.8747163,0,0.7213944,0,0.7105708,0.6983265,0,0,0,0,0,0,0,0,0,0,0,0,0,0,0,0,0,0,0,0,0,0,0,0,0,0.8479149,1,0.972578,0,0,0.7859793,0.8342657,0.8732223,0.8459635,0,0,0,0,0,0,0,0,0,0,0,0,0,0,0,0,0,0,0,0,0,0,0,0.6712536,0.9567133,1,0.8445836,0.6462519,0,0.6857084,0,0.7665557,0.7264829,0,0,0,0,0,0,0,0,0,0,0,0,0,0,0,0,0,0,0,0,0,0,0,0,0.8734376,1,0.9314944,0.6608575,0,0,0.7926981,0.7647863,0.6816048,0.6954936,0.6901647,0.6735557,0,0,0,0,0,0,0,0,0,0,0,0,0,0,0,0,0,0,0,0,0,0,0.9538241,1,0,0,0,0.8683168,0.8852295,0.7756003,0.7846469,0.8199339,0,0.7780757,0,0,0,0,0
0,0,0,0,0,0,0,0,0,0,0,0,0,0,0,0.9102227,1,0.9059002,0.7395602,0.8324211,0.8614439,0.7601973,0.7505551,0.7558641,0.682813,0,0,0,0,0,0,0,0,0,0,0,0,0,0,0,0,0,0,0,0,0,0,0,0.8217631,1,0.944476,0,0.7822032,0.8299767,0.8121158,0,0,0,0,0,0,0,0,0,0,0,0,0,0,0,0,0,0,0,0,0,0,0,0,0,0.6456738,0.9595082,1,0.8620123,0.7016793,0.6500708,0.6811346,0.7056607,0.7298427,0,0,0,0,0,0,0,0,0,0,0,0,0,0,0,0,0,0,0,0.666724,0.6747037,0,0,0,0,0.8781734,1,0.9382495,0.753062,0.7245353,0.7876146,0.8118823,0.6877923,0,0,0,0,0,0,0,0,0,0,0,0,0,0,0,0,0,0,0,0,0,0,0,0,0,0.8279737,0.9616892,1,0.8946179,0.8191201,0.7826469,0.8116388,0.8559428,0,0,0,0,0,0,0,0,0,0
