GestureName: check
Duration(ms): 987
Handedness: right

SpeakerAngles: 5
55
-55
0
0
110

SpeakerElevations: 5
-10
-10
-10
0
30

InterpretedPoints: 21
0.820888078587149,1.95727400902378,0.652703644666139
0.813797681349374,8.80314241622564,-0.194592710667721
0.813797681349374,0.703801867273976,0.5
1.62050496546097,-1.84586840720186,0.847296355333861
3.23391953368417,-10.9148244621779,1.88918542133544
-4.06898840674687,-11.8322232302127,-0.589870045663766
-2.45557383852367,-11.9619482731399,-0.242573690329905
2.41303145509702,-9.9024829651773,0.889185421335443
1.59923377374765,-10.5910925854635,0.562833599002373
-1.62759536269875,-3.37721924057237,-0.652703644666139
-3.26228112263527,-12.3970857516763,-0.416221867996835
-1.62759536269875,-1.40760373454795,-1
0.00709039723777505,1.2686643887376,0.32635182233307
1.62759536269875,3.52213653048741,0.479055466999209
3.23391953368417,4.5129222276043,-0.541889066001582
8.13088641625596,21.5558916085906,0.853388268994462
12.9711301209256,17.1819087267966,2.06892551266297
4.88278608809624,7.16204221569269,2.30540728933228
-7.23909436529106,-17.4846376918881,5.66755626400633
-12.9640397236878,-28.2264582319018,0.167556264006329
-6.49620065631944,-12.2461905176566,-1.43716640099763

StrokePoints: 22
0,0,0
0.820888078587149,1.95727400902378,0.652703644666139
1.63468575993652,10.7604164252494,0.458110933998418
2.4484834412859,11.4642182925234,0.958110933998418
4.06898840674687,9.61834988532154,1.80540728933228
7.30290794043104,-1.29647457685639,3.69459271066772
3.23391953368417,-13.1286978070691,3.10472266500396
0.7783456951605,-25.090646080209,2.86214897467405
3.19137715025752,-34.9931290453863,3.75133439600949
4.79061092400517,-45.5842216308498,4.31416799501187
3.16301556130642,-48.9614408714221,3.66146435034573
-0.0992655613288487,-61.3585266230984,3.24524248234889
-1.7268609240276,-62.7661303576464,2.24524248234889
-1.71977052678982,-61.4974659689088,2.57159430468196
-0.0921751640910735,-57.9753294384214,3.05064977168117
3.1417443695931,-53.4624072108171,2.50876070567959
11.2726307858491,-31.9065156022265,3.36214897467405
24.2437609067746,-14.7246068754299,5.43107448733703
29.1265469948709,-7.5625646597372,7.7364817766693
21.8874526295798,-25.0472023516253,13.4040380406756
8.92341290589201,-53.273660583527,13.571594304682
2.42721224957258,-65.5198511011836,12.1344279036843

Velocities: 21
0,1,1
1,1,2
0,0,0
0,-1,-1
0,-3,-5
-3,-3,-5
-3,-5,-5
0,-4,-4
0,-4,-5
0,0,-2
-3,-4,-5
0,0,0
0,1,0
1,1,1
4,1,1
7,6,8
7,0,7
0,0,4
-12,0,-12
-10,-2,-12
-2,0,-7

InverseVelocities: 21
0,0,0
0,0,0
0,0,0
0,0,0
0,1,2
2,1,2
0,0,0
0,0,0
0,0,0
0,0,0
0,0,6
0,0,0
0,0,0
0,0,0
0,0,0
-3,0,-7
0,0,0
0,0,-1
0,0,0
0,0,0
0,0,3

RawData: 21
0,0,0,0,0,0,0,0,0,0,0,0,0,0,0,0.9358816,1,0.8577624,0.9347773,0.8909455,0,0,0,0,0,0,0,0,0,0,0,0,0,0,0,0,0,0,0,0,0,0,0,0,0,0,0,0,0,0.8844083,0.8625774,0,1,0.9400001,0,0,0,0,0,0,0,0,0,0,0,0,0,0,0,0,0,0,0,0,0,0,0,0,0,0,0,0.9478515,1,0.8865986,0.8563104,0.7766005,0.7787584,0,0,0,0,0,0,0,0,0,0,0,0,0,0,0,0,0,0,0,0,0,0,0,0,0,0,0,0.8937163,1,0.9509259,0.8126763,0.8952397,0.7976851,0,0,0,0,0,0,0,0,0,0,0,0,0,0,0,0,0,0,0,0,0,0,0,0,0,0,0,0,0.956381,1,0.8729993,0.9488716,0.9493428,0.8709038,0,0,0,0,0,0,0,0,0,0,0
0,0,0,0,0,0,0,0,0,0,0,0,0,0,0.7118208,0.9364794,1,0.9011282,0.7983869,0.8168581,0.7423565,0,0,0,0,0,0,0,0,0,0,0,0,0,0,0,0,0,0,0,0,0,0,0,0,0,0,0,0,0.8814869,0.8838376,0.9882872,1,0.8992831,0,0,0,0,0,0,0,0,0,0,0,0,0,0,0,0,0,0,0,0,0,0,0,0,0,0,0.7549429,0.9714608,1,0.7236974,0.8879754,0.7747987,0.7000026,0.6981401,0,0,0,0,0,0,0,0,0,0,0,0,0,0,0,0,0,0,0,0,0,0.7024732,0.7224347,0.7182137,0,0,0.8747953,1,0.9876804,0.9758812,0.9385513,0.8153821,0.7284997,0.7008919,0.7177275,0.7211208,0.7066436,0,0,0,0,0,0,0,0,0,0,0,0,0,0,0,0,0,0,0,0,0,0,0.7652614,0.9720828,1,0.8891687,0.9286916,0.8209829,0,0,0,0,0,0,0,0,0,0,0,0
0,0,0,0,0,0,0,0,0,0,0,0,0,0,0,0.9491145,1,0.8546763,0.8063148,0,0,0,0,0,0,0,0,0,0,0,0,0,0,0,0,0,0,0,0,0,0,0,0,0,0,0,0,0.8297428,0.9827631,0.9751328,1,0.9226463,0.8296864,0,0,0,0,0,0,0,0,0,0,0,0,0,0,0,0,0,0,0,0,0,0,0,0,0,0,0,0.6638232,0.946918,1,0.9247452,0.7625275,0.6322614,0,0,0,0,0,0,0,0,0,0,0,0,0,0,0,0,0,0,0,0,0,0,0,0,0,0,0,0.6741921,0.8963702,1,0.9751111,0.8725103,0.7297822,0.6473792,0,0,0,0,0,0,0,0,0,0,0,0,0,0,0,0,0,0,0,0,0,0,0,0,0,0,0.6709848,0.8760998,1,0.9574798,0.910849,0.8926418,0.7073895,0,0,0,0,0,0,0,0,0,0,0,0
0,0,0,0,0,0,0,0,0,0,0,0,0,0,0.7009503,0.8741548,1,0.9521566,0.7460916,0.7247964,0,0,0,0,0,0,0,0,0,0,0,0,0,0,0,0,0,0,0,0,0,0,0,0,0,0.7357541,0.8597978,0.9642293,0.9669223,1,0.9495895,0.7895964,0.7368617,0,0,0,0,0,0,0,0,0,0,0,0,0,0,0,0,0,0,0,0,0,0,0,0,0,0.6692053,0.8255369,0.8687526,0.9698631,1,0.9190733,0.8219284,0.6856863,0,0,0,0,0,0,0,0,0,0,0,0,0,0,0,0,0,0,0,0,0,0,0,0,0,0,0.7881936,0.8991281,0.8850614,0.9779128,1,0.8796649,0.7648959,0,0,0,0,0,0,0,0,0,0,0,0,0,0,0,0,0,0,0,0,0,0,0,0,0,0.7611734,0.8394014,0.928614,0.9928625,0.9532536,1,0.9158884,0.7888317,0.7816617,0,0,0,0,0,0,0,0,0,0,0,0
0,0,0,0,0,0,0,0,0,0,0,0,0,0.6376022,0.7669056,0.9514192,1,0.8601475,0.7163836,0,0,0,0,0,0,0,0,0,0,0,0,0,0,0,0,0,0,0,0,0,0,0,0,0.7185373,0.785782,0.8938712,0.9509315,0.894399,0.9478074,1,0.9551919,0.8032341,0.7282865,0.6495396,0,0,0,0,0,0,0,0,0,0,0,0,0,0,0,0,0,0,0,0,0.6139461,0.6303521,0.6934612,0.8313512,0.8862404,0.8850536,0.8583814,0.8707083,1,0.8949448,0,0,0.6572192,0.6089768,0,0,0,0,0,0,0,0,0,0,0,0,0,0,0,0,0,0,0,0,0.6165791,0.6475731,0.7765188,0.8678543,0.8813533,0.7736496,0.89121,1,0.9352627,0.7806722,0.651721,0,0,0,0,0,0,0,0,0,0,0,0,0,0,0,0,0,0,0,0,0,0,0,0,0.8026583,0.9362029,0.9901143,0.942284,0.8076688,0.8654768,1,0.9175509,0.6415861,0.6525131,0,0,0,0,0,0,0,0,0,0,0,0
0,0,0,0,0,0,0,0,0,0,0.6306445,0.6657265,0,0.6824498,0.8076562,0.8984809,1,0.9123848,0.6494398,0.6945833,0.6989192,0.6206502,0,0,0,0,0,0,0,0,0,0,0,0,0,0,0,0,0,0,0,0,0,0.9025405,0.9358271,0.9401764,0.9088033,0.8223135,0.8272362,0.9609463,1,0.8000561,0.813418,0.7447795,0,0,0,0,0,0,0,0,0,0,0,0,0,0,0,0,0,0,0,0,0.6784499,0.7396292,0.795034,0.7316731,0.7191992,0.7115868,0.7163864,0.9129207,1,0.9181927,0.5955423,0.6957152,0.7234184,0.6504753,0,0,0,0,0,0,0,0,0,0,0,0,0,0,0,0,0,0,0,0.6532617,0.7234132,0.7541103,0.7276754,0.7607896,0.7615744,0.7593124,0.8945974,1,0.9694531,0.7089964,0.6056292,0.62273,0.6245937,0,0,0,0,0,0,0,0,0,0,0,0,0,0,0,0,0,0,0,0.6971043,0.8237149,0.8987564,0.8551716,0.828696,0.9004882,0.8447239,0.889873,0.9851634,1,0.8716954,0,0,0,0,0,0,0,0,0,0,0,0,0,0
0,0,0,0,0,0,0,0,0,0,0.7689098,0,0,0,0.8430671,0.8772722,1,0.939813,0,0,0,0,0,0,0,0,0,0,0,0,0,0,0,0,0,0,0,0,0,0,0,0.8344772,0.9373595,0.898672,0,0.8755313,0.8422242,0,0,0.9939295,1,0.8248755,0,0,0,0,0,0,0,0,0,0,0,0,0,0,0,0,0,0,0,0,0,0,0.7559587,0.727686,0.7139862,0,0.7210962,0,0.7356099,0.9409249,1,0.9040735,0,0,0,0,0,0,0,0,0,0,0,0,0,0,0,0,0,0,0,0,0,0,0,0,0.7528573,0.7620137,0,0.7993282,0.7690414,0.8292195,0.8185802,1,0.9971709,0.8125364,0,0,0,0,0,0,0,0,0,0,0,0,0,0,0,0,0,0,0,0,0,0,0.8173915,0.8756892,0.8124408,0,0.8968712,0.9283559,0.8751104,0.8361553,0.9259851,1,0.9467239,0.8341852,0,0,0,0,0,0,0,0,0,0,0,0,0
0,0,0,0,0,0,0,0,0,0,0,0,0,0,0.776013,0.8785818,1,0.916968,0,0,0,0,0,0,0,0,0,0,0,0,0,0,0,0,0,0,0,0,0,0,0,0,0.8760104,0.8564281,0.8285204,0.8424987,0,0.8908367,0.8543969,1,0.990846,0.8239745,0,0,0,0,0,0,0,0,0,0,0,0,0,0,0,0,0,0,0,0,0,0,0,0.7203016,0.6908662,0.6910712,0.7136143,0.6978659,0.7434396,0.9391472,1,0.9074312,0,0,0,0,0,0,0,0,0,0,0,0,0,0,0,0,0,0,0,0,0,0,0,0,0.7256847,0,0.7160052,0.722047,0.7994067,0.7473375,0.8228159,1,0.9724031,0.7958856,0,0,0,0,0,0,0,0,0,0,0,0,0,0,0,0,0,0,0,0,0,0,0,0,0,0,0.7659528,0,0,0.7133916,0.942013,1,0.9243016,0,0,0,0,0,0,0,0,0,0,0,0,0,0
0,0,0,0,0,0,0,0,0,0,0,0,0,0,0.7102289,0.9006198,1,0.917855,0,0,0,0,0,0,0,0,0,0,0,0,0,0,0,0,0,0,0,0,0,0,0,0,0.8960099,0.9783572,0.9840621,0.9458885,0,0.857979,0.8722733,1,0.9628314,0.8524091,0,0,0,0,0,0,0,0,0,0,0,0,0,0,0,0,0,0,0,0,0,0,0.6747927,0.7314969,0,0,0,0.7228566,0.7157432,0.9252691,1,0.8917311,0,0,0,0,0,0,0,0,0,0,0,0,0,0,0,0,0,0,0,0,0,0,0,0,0.700002,0.719705,0.723326,0.7264506,0,0.6986278,0.8364135,1,0.9643654,0.7334069,0,0,0,0,0,0,0,0,0,0,0,0,0,0,0,0,0,0,0,0,0,0,0,0,0,0.7385893,0.7601244,0.8166619,0.8726622,0.8531746,0.98236,1,0,0,0,0,0,0,0,0,0,0,0,0,0,0,0
0,0,0,0,0,0,0,0,0,0,0,0,0,0.782999,0.8153861,0.9196796,1,0.9062458,0,0,0,0,0,0,0,0,0,0,0,0,0,0,0,0,0,0,0,0,0,0,0,0,0,0,0,0,0,0.9770597,0.9287715,1,0.9913224,0,0,0,0,0,0,0,0,0,0,0,0,0,0,0,0,0,0,0,0,0,0,0,0,0,0,0.6944277,0.7258657,0,0,0.9328751,1,0.8979176,0,0,0,0,0,0,0,0,0,0,0,0,0,0,0,0,0,0,0,0,0,0,0,0,0,0,0.6889974,0.7164719,0.7091427,0,0.8752078,1,0.9784582,0.791451,0,0,0,0,0,0,0,0,0,0,0,0,0,0,0,0,0,0,0,0,0,0,0,0,0,0.7141637,0.7785934,0.7990018,0.7986516,0.7602145,0.9268042,1,0.9016832,0,0,0,0,0,0,0,0,0,0,0,0,0,0
0,0,0,0,0,0,0,0,0,0,0.640099,0.6511218,0,0,0.7381253,0.8479715,1,0.90921,0,0,0,0,0,0,0,0,0,0,0,0,0,0,0,0,0,0,0,0,0,0,0,0,0.66431,0.679054,0.6915433,0,0,0.7560837,0.8683994,1,0.9841572,0.7566119,0,0,0,0,0,0,0,0,0,0,0,0,0,0,0,0,0,0,0,0,0,0,0.5675328,0.5894056,0.6089163,0.5619517,0,0.6678941,0.7070367,0.907975,1,0.9003164,0.6066209,0.5732725,0,0.6030887,0.618063,0.6356623,0.6164702,0.5722203,0,0,0,0,0,0,0,0,0,0,0,0,0,0,0,0.6045405,0.6363426,0.6055228,0.6246941,0,0.6135688,0.7281595,0.8674559,1,0.9763398,0.7437887,0,0,0,0.6162477,0.5775871,0.6022925,0,0,0,0,0,0,0,0,0,0,0,0,0,0,0,0,0.604398,0.6244015,0.657208,0.6552784,0.5847207,0.5861193,0.6891913,0.7717852,0.952202,1,0.8631879,0.6357682,0,0,0,0,0,0,0,0,0,0,0,0,0
0,0,0,0,0,0,0,0,0,0,0,0,0,0,0,0.9013949,1,0.9004238,0.6549127,0,0,0,0,0,0,0,0,0,0,0,0,0,0,0,0,0,0,0,0,0,0,0,0,0,0,0,0,0,0.7981539,0.998345,1,0.8301064,0,0,0,0,0,0,0,0,0,0,0,0,0,0,0,0,0,0,0,0,0,0,0,0,0,0,0,0,0,0.9239098,1,0.9082924,0.6536942,0.6019629,0,0,0,0,0,0,0,0,0,0,0,0,0,0,0,0,0,0,0,0,0,0,0,0,0.6074004,0,0,0.6480366,0.8064095,1,0.9752321,0.6972699,0,0,0,0,0.6078954,0,0,0,0,0,0,0,0,0,0,0,0,0,0,0,0,0,0,0,0,0.6407449,0,0,0,0.6499319,0.9540349,1,0.8669279,0,0,0,0,0,0,0,0,0,0,0,0,0,0
0,0,0,0,0,0,0,0,0,0,0,0,0,0,0,0.9112267,1,0.9018008,0.7858424,0.7655635,0,0,0,0,0,0,0,0,0,0,0,0,0,0,0,0,0,0,0,0,0,0,0,0,0,0,0,0,0.8555418,1,0.9915155,0.8364358,0.7247263,0.7128363,0,0,0,0,0,0,0,0,0,0,0,0,0,0,0,0,0,0,0,0,0,0,0,0,0,0,0.6572981,0.9389244,1,0.8853876,0.7263374,0,0,0,0,0,0,0,0,0,0,0,0,0,0,0,0,0,0,0,0,0,0,0,0,0,0,0,0,0,0.8457324,1,0.9681339,0.7439743,0.7083366,0.6549833,0,0,0,0,0,0,0,0,0,0,0,0,0,0,0,0,0,0,0,0,0,0,0,0,0,0,0,0,0.9198621,1,0.8598676,0.7020472,0.700532,0,0,0,0,0,0,0,0,0,0,0,0
0,0,0,0,0,0,0,0,0,0,0,0,0,0,0,0.9155927,1,0.9164015,0.8452251,0.7795208,0.7538579,0,0,0,0,0,0,0,0,0,0,0,0,0,0,0,0,0,0,0,0,0,0,0,0,0,0,0,0.8154153,0.9931864,1,0.9239797,0.9235492,0.8492326,0,0,0,0,0,0,0,0,0,0,0,0,0,0,0,0,0,0,0,0,0,0,0,0,0,0,0,0.9302027,1,0.8855708,0,0.7373929,0.7580552,0,0,0,0,0,0,0,0,0,0,0,0,0,0,0,0,0,0,0,0,0,0,0,0,0,0,0,0.882612,1,0.9530889,0.7267559,0.7449878,0.7394751,0.7084782,0,0,0,0,0,0,0,0,0,0,0,0,0,0,0,0,0,0,0,0,0,0,0,0,0,0,0.80282,0.9645131,1,0.80458,0.8190782,0.7491848,0.7187892,0,0,0,0,0,0,0,0,0,0,0
0,0,0,0,0,0,0,0,0,0,0,0,0,0,0,0.9216003,1,0.8995352,0.7846077,0,0.8429207,0.8138028,0.8270895,0.7846153,0,0,0,0,0,0,0,0,0,0,0,0,0,0,0,0,0,0,0,0,0,0,0,0,0.8682458,1,0.965178,0,0.8440736,0.8176997,0,0,0,0,0,0,0,0,0,0,0,0,0,0,0,0,0,0,0,0,0,0,0,0,0,0,0,0.9508521,1,0.8822306,0.7464111,0.7653892,0.8056546,0,0,0,0,0,0,0,0,0,0,0,0,0,0,0,0,0,0,0,0,0,0,0,0,0,0,0,0.8406962,1,0.9786273,0,0.7464265,0.7478352,0,0,0,0,0,0,0,0,0,0,0,0,0,0,0,0,0,0,0,0,0,0,0,0,0,0,0,0.8238069,0.9976062,1,0.8060555,0.8144211,0.8255022,0,0,0,0,0,0,0,0,0,0,0,0
0,0,0,0,0,0,0,0,0,0,0.6444915,0.6782888,0.6697232,0.6796739,0.6999667,0.9342862,1,0.8626749,0.7272006,0.7425352,0.8204499,0.788471,0.7424954,0.6091483,0.8017265,0.804765,0.7288889,0,0,0,0,0,0,0,0,0,0,0,0,0,0,0,0,0,0,0,0,0.6314443,0.8577451,1,0.9316993,0,0.7439488,0.7583647,0.7227023,0.6988961,0,0.6438416,0.635734,0,0,0,0,0,0,0,0,0,0,0,0,0,0.5626488,0.5801387,0,0,0,0.5808246,0.6602921,0.6163191,0.7273182,0.9611278,1,0.8476284,0.713082,0.7279208,0.7801591,0.763137,0.6270103,0,0.6705054,0.7369479,0.7092565,0.56673,0,0,0,0,0,0,0,0,0,0,0,0,0.5741754,0.6247773,0.5907757,0.6152513,0.6330009,0.5589333,0.6025978,0.5735196,0.8916636,1,0.9372436,0.591476,0.684946,0.6825299,0.7055546,0.7406446,0.6054899,0.5605882,0,0.7025142,0.7076623,0.6130497,0,0,0,0,0,0,0,0,0,0,0.6191053,0.6442304,0.6679011,0.6430539,0.6484988,0.7161742,0.6944175,0.6738888,0,0.7859918,0.9870597,1,0.8200127,0.6651248,0.759508,0.7481946,0.5791286,0.5870687,0.5833307,0.6608516,0.7149214,0.733513,0.6319853,0,0,0,0
0,0,0,0,0,0,0,0,0,0,0,0,0,0,0,0.9092259,1,0.9070722,0,0,0.7756142,0.7753283,0.780305,0,0.7937913,0.8749599,0.8408702,0,0,0,0,0,0,0,0,0,0,0,0,0,0,0,0,0,0,0,0,0,0.9245623,1,0.9135796,0.824313,0,0,0,0,0,0,0,0,0,0,0,0,0,0,0,0,0,0,0,0,0,0,0,0,0,0,0,0,0,0.9482798,1,0.8770949,0,0,0,0,0,0,0,0.7139739,0.7439809,0,0,0,0,0,0,0,0,0,0,0,0,0,0,0,0,0,0,0,0,0,0.8857898,1,0.9128879,0.8234885,0.7762818,0.7423545,0.7569864,0.7518302,0.7911301,0,0.7911398,0.8286819,0.8278735,0.7729178,0,0,0,0,0,0,0,0,0,0,0,0,0,0,0,0,0,0,0,0,0.9976922,1,0,0.8163745,0.7940087,0,0,0,0,0,0.7809067,0.813314,0.807555,0,0,0,0
0,0,0,0,0,0,0,0,0,0,0,0,0,0.8402772,0.8653562,0.9015586,1,0.9041463,0,0,0,0,0,0,0,0,0,0,0,0,0,0,0,0,0,0,0,0,0,0,0,0,0,0,0,0,0,0,0.9034137,1,0.9478565,0,0,0,0,0,0,0,0,0,0,0,0,0,0,0,0,0,0,0,0,0,0,0,0,0,0,0,0.7581267,0.815982,0.8475388,0.9560427,1,0.8730283,0,0.7754127,0.7970405,0.8095729,0.8057018,0.7537391,0,0,0,0,0,0,0,0,0,0,0,0,0,0,0,0,0,0,0,0,0.8011199,0.8120302,0.8535767,0.8204782,0.7802224,1,0.9781902,0.7987968,0.8634076,0.8518118,0.8618191,0.8692318,0.8574671,0.8150605,0,0,0,0,0,0,0,0,0,0,0,0,0,0,0,0,0,0,0,0.8467454,0.8655987,0.8879625,0.9000445,0,0.9900355,1,0.8427693,0.9070588,0.91843,0.9238633,0.9273517,0.9143844,0.8985751,0.8570852,0,0,0,0,0,0,0
0.8000913,0.7997057,0.7914281,0.7775261,0,0.907479,0.9410296,0.9077507,0.8509309,0.8999258,0.8874089,0.8379055,0.8571141,0.8449011,0.7726967,0.9654541,1,0.8053179,0.7680261,0,0,0,0,0,0,0,0,0,0,0,0,0,0,0,0,0,0,0,0,0,0,0,0,0,0,0,0,0,0,0.9258209,1,0.9182253,0.738653,0,0,0,0,0,0,0,0,0,0,0,0,0,0.6842867,0.7025049,0,0.6705117,0.7295986,0.7867026,0.829915,0.8368664,0.7719212,0.7950094,0.7809187,0.8113866,0.8166621,0.7693701,0.8013031,0.9690486,1,0.8926458,0.7217472,0,0,0,0,0,0,0,0,0,0,0,0,0,0,0.728691,0.72313,0.7216111,0.7258715,0,0.763725,0.7714893,0.8086282,0.789351,0.825201,0.8526869,0.8736789,0.8744638,0.8109707,0.816157,0.8475732,1,0.9459963,0.8235177,0.7090592,0.7523194,0.7703645,0,0,0,0,0,0,0,0,0,0,0,0,0,0,0,0.7889922,0.8320082,0.86238,0.8997945,0.8929574,0.8706627,0.8876789,0.9241322,0.9452802,0.9196028,0.8411813,0.8384281,0.9421006,1,0.7772694,0.7607931,0.821229,0.8275611,0.8048459,0,0,0,0,0,0,0,0,0,0
0,0,0,0.7813357,0.8078285,0.8490741,0.8569779,0.8291766,0.8643009,0.7906247,0.7662793,0.7796792,0,0.7443459,0,0.8959817,1,0.8301767,0.820313,0,0,0,0,0,0,0,0,0,0,0,0,0,0,0,0,0,0,0,0,0,0,0,0,0,0.7863628,0.8005391,0.7812876,0,0,0.9233346,1,0.901028,0,0,0,0,0,0,0,0,0,0,0,0,0,0,0,0.6778835,0.6763035,0,0.6897523,0.7155685,0.7116091,0.7803435,0.765087,0,0.7302618,0.7333326,0.6682427,0,0,0.9533777,1,0.8406576,0.7574719,0.6967365,0,0,0,0,0,0,0,0,0,0,0,0,0,0,0.7048168,0,0,0.683646,0.7546701,0.7031134,0.7630211,0.7767026,0.6969886,0.7349706,0.7723424,0.7325363,0,0,0.8678715,1,0.9536271,0.7979289,0,0,0,0,0,0,0,0,0,0,0,0,0,0,0,0,0,0,0,0.7814355,0.755711,0.7295287,0.7775864,0,0.7632241,0.7218321,0,0,0,0.7415868,0.9242997,1,0.9233338,0.7929038,0,0,0,0,0,0,0,0,0,0,0,0,0
0,0,0,0,0,0,0,0,0,0,0,0.7906648,0.8558739,0.8783536,0.8547101,0.9077819,1,0.8873726,0.7001328,0,0,0,0,0,0,0,0,0,0,0,0,0,0,0,0,0,0,0,0,0,0,0,0,0,0,0,0,0,0.8750069,1,0.9693706,0.8086137,0,0,0,0,0,0,0,0,0,0,0,0,0,0,0,0,0,0,0,0,0.6372821,0,0,0.6596279,0.7312809,0.7609211,0.7539752,0.7074238,0.7960378,0.9574418,1,0.8836153,0,0.6332378,0.6862751,0.6867521,0.6407109,0,0,0,0,0,0,0,0,0,0,0,0,0,0,0,0,0,0.6801469,0.7092373,0.7501274,0.7552403,0.7848611,0.8252742,0.8283508,0.8354475,0.9086655,1,0.9388775,0,0,0,0,0,0,0,0,0,0,0,0,0,0,0,0,0,0,0,0,0,0,0.7021883,0.7195901,0.7041193,0.7037557,0.7530325,0.7456333,0.725,0.7717469,0.8046226,0.9701617,1,0.8432903,0,0,0,0,0,0,0,0,0,0,0,0,0,0
