GestureName: check
Duration(ms): 1410
Handedness: right

SpeakerAngles: 5
55
-55
0
0
110

SpeakerElevations: 5
-10
-10
-10
0
30

InterpretedPoints: 30
1.6417761571743,4.91454801804757,1.30540728933228
1.6417761571743,3.91454801804757,1.30540728933228
0.820888078587149,2.95727400902378,0.652703644666139
-1.60632417098542,1.96363756191973,0.5
0.827978475824924,1.9512960649191,1.5
0,0,0
0,0,0
4.04771721503354,-2.27179158285513,1.69459271066772
-4.07607880398464,-15.0705031249747,-0.568925512662975
-3.2551907253975,-5.01388856699923,-0.610814578664557
-0.0212711917133248,-0.630691382322176,-0.805407289332278
0.799616886873824,-6.78795016923785,0.368240888334652
-1.62759536269875,-7.62147707943907,0.215537243668512
-4.07607880398464,-14.7958607921324,-1.08987004566377
0,0,0
0,0,0
0,0,0
0,0,0
-1.62759536269875,6.54681952448867,-1.52094453300079
0,0,0
0,0,0
1.62759536269875,1.39241148756016,0.82635182233307
0.00709039723777505,6.23827989476202,-0.0209445330007911
1.6134145682232,6.11453279593946,-0.520944533000791
4.86860529362069,7.17399810390206,0.610814578664557
5.67531257773229,8.59394333545065,0.610814578664557
3.24810032815972,6.77560867223722,0.631759111665348
4.85442449914514,6.20191745668175,0.479055466999209
2.43430264681035,2.82754896609654,1
0.813797681349374,-0.296198132726024,0.5

StrokePoints: 31
0,0,0
1.6417761571743,4.91454801804757,1.30540728933228
3.2835523143486,8.82909603609514,2.61081457866456
4.10444039293574,11.7863700451189,3.2635182233307
2.49811622195032,13.7500076070387,3.7635182233307
3.32609469777525,15.7013036719577,5.2635182233307
3.32609469777525,15.7013036719577,5.2635182233307
3.32609469777525,15.7013036719577,5.2635182233307
7.37381191280879,13.4295120891026,6.95811093399842
3.29773310882415,-1.64099103587206,6.38918542133544
0.0425423834266518,-6.65487960287129,5.77837084267088
0.021271191713327,-7.28557098519346,4.97296355333861
0.820888078587151,-14.0735211544313,5.34120444167326
-0.806707284111597,-21.6949982338704,5.55674168534177
-4.88278608809624,-36.4908590260028,4.466871639678
-4.88278608809624,-36.4908590260028,4.466871639678
-4.88278608809624,-36.4908590260028,4.466871639678
-4.88278608809624,-36.4908590260028,4.466871639678
-4.88278608809624,-36.4908590260028,4.466871639678
-6.51038145079499,-29.9440395015141,2.94592710667721
-6.51038145079499,-29.9440395015141,2.94592710667721
-6.51038145079499,-29.9440395015141,2.94592710667721
-4.88278608809624,-28.5516280139539,3.77227892901028
-4.87569569085847,-22.3133481191919,3.75133439600949
-3.26228112263527,-16.1988153232525,3.2303898630087
1.60632417098542,-9.02481721935041,3.84120444167326
7.28163674871772,-0.430873883899766,4.45201902033781
10.5297370768774,6.34473478833745,5.08377813200316
15.3841615760226,12.5466522450192,5.56283359900237
17.8184642228329,15.3742012111157,6.56283359900237
18.6322619041823,15.0780030783897,7.06283359900237

Velocities: 30
0,2,2
0,2,2
0,1,1
-3,0,3
-2,0,2
0,0,0
0,0,0
0,-3,-1
-3,-4,-7
-2,-2,-4
1,-2,-3
0,-2,-3
-2,-2,-3
-1,-2,-8
0,0,0
0,0,0
0,0,0
0,0,0
0,0,3
0,0,0
0,0,0
0,0,1
0,1,2
2,0,1
4,2,2
4,1,3
2,1,2
1,-3,5
0,-1,1
0,0,0

InverseVelocities: 30
0,0,0
0,0,0
0,0,0
0,0,0
1,0,-2
0,0,0
0,0,0
0,0,0
0,1,7
0,0,1
0,1,0
0,0,0
0,0,0
2,0,7
0,0,0
0,0,0
0,0,0
0,0,0
0,0,-3
0,0,0
0,0,0
0,0,0
0,0,-2
0,0,0
0,0,0
0,0,0
0,-1,0
0,0,-4
0,0,-2
0,0,0

RawData: 30
0,0,0,0,0,0,0,0,0,0,0,0,0,0,0,0.8970346,1,0.9593503,0.8665486,0.7421082,0,0,0,0,0,0,0,0,0,0,0,0,0,0,0,0,0,0,0,0,0,0,0,0,0,0,0,0,0.8158,0.982963,1,0.9084669,0.8586522,0.9104097,0.9414815,0,0,0,0,0,0,0,0,0,0,0,0,0,0,0,0,0,0,0,0,0,0,0,0,0,0.6739044,0.9312505,1,0.9190841,0.7537595,0.7445026,0.7699377,0.7187334,0,0,0,0,0,0,0,0,0,0,0,0,0,0,0,0,0,0,0,0,0,0,0,0,0,0,0.8074268,1,0.9988948,0.817993,0.7638435,0.8242714,0.7627224,0.6723869,0,0,0,0,0,0,0,0,0,0,0,0,0,0,0,0,0,0,0,0,0,0,0,0,0,0.7942682,0.8791896,0.8386738,0.8069396,0.8920764,0.9472338,1,0.8910422,0.8066877,0,0,0,0,0,0,0,0,0
0,0,0,0,0,0,0,0,0,0,0,0,0,0,0,0.890985,1,0.9353307,0.7792381,0.7124591,0,0,0,0,0,0,0,0,0,0,0,0,0,0,0,0,0,0,0,0,0,0,0,0,0,0,0,0,0,0.849696,0.8893418,0.8175964,0.9789733,1,0.8772697,0,0,0,0,0,0,0,0,0,0,0,0,0,0,0,0,0,0,0,0,0,0,0,0,0,0,0.9289573,1,0.9168435,0.8463044,0.8819488,0.8410364,0.6852285,0,0,0,0,0,0,0,0,0,0,0,0,0,0,0,0,0,0,0,0,0,0,0,0,0,0,0.8058164,0.9992047,1,0.9232309,0.8898046,0.8811618,0.7432006,0,0,0,0,0,0,0,0,0,0,0,0,0,0,0,0,0,0,0,0,0,0,0,0,0,0,0,0.8488353,0.9268991,0.9225578,0.8844063,1,0.9553842,0.7833103,0.7021873,0,0,0,0,0,0,0,0,0
0,0,0,0,0,0,0,0,0,0,0,0,0,0,0,0.9150334,1,0.8576205,0.7684277,0.6469491,0,0,0,0,0,0,0,0,0,0,0,0,0,0,0,0,0,0,0,0,0,0,0,0,0,0,0,0,0,0.8615181,0.9419975,0.7941495,1,0.9420938,0,0,0,0,0,0,0,0,0,0,0,0,0,0,0,0,0,0,0,0,0,0,0,0,0,0,0,0.9433978,1,0.763333,0.7744591,0.8789034,0.7365109,0,0,0,0,0,0,0,0,0,0,0,0,0,0,0,0,0,0,0,0,0,0,0,0,0,0,0,0.8440355,1,0.975395,0.8850461,0.8906283,0.8120885,0.6853765,0,0,0,0,0,0,0,0,0,0,0,0,0,0,0,0,0,0,0,0,0,0,0,0,0,0,0,0.9188415,0.9948114,0.9293451,1,0.9762219,0.832239,0,0,0,0,0,0,0,0,0,0,0
0,0,0,0,0,0,0,0,0,0,0.6530213,0.6479326,0,0,0,0.8801567,1,0.9546375,0.7267301,0,0,0,0,0,0,0,0,0,0,0,0,0,0,0,0,0,0,0,0,0,0,0,0,0,0,0,0,0,0,0.8901517,0.9727784,1,0.8464609,0,0,0,0,0,0,0,0,0,0,0,0,0,0,0,0,0,0,0,0,0,0,0,0,0,0,0,0,0.9160154,1,0.9395211,0.8145028,0.754561,0.6572342,0.6394708,0.638209,0,0,0,0,0,0,0,0,0,0,0,0,0,0,0,0,0,0,0,0,0.6654222,0.666685,0,0,0,0.8305675,1,0.9732898,0.8750906,0.7533267,0.6698298,0,0,0,0,0,0,0,0,0,0,0,0,0,0,0,0,0,0,0,0,0,0,0,0,0,0,0,0,0.916313,1,0.8779573,0.9229205,0.8084168,0,0,0,0,0,0,0,0,0,0,0,0
0,0,0,0,0,0,0,0,0,0,0,0.6411949,0.6436209,0.6215319,0.6412389,0.9121594,1,0.9209922,0.7847808,0.6727156,0.6495627,0,0,0,0,0,0,0,0,0,0,0,0,0,0,0,0,0,0,0,0,0,0,0,0,0,0,0,0,0.9274405,1,0.962751,0.7860412,0,0,0,0,0,0,0,0,0,0,0,0,0,0,0,0,0,0,0,0,0,0,0,0,0.6141525,0.6527992,0.6564624,0.6922827,0.9388287,1,0.8829074,0.7736509,0.6829347,0.672275,0.6385942,0,0,0,0,0,0,0,0,0,0,0,0,0,0,0,0,0,0,0,0,0,0,0,0.6182877,0.6515982,0.6353543,0.8352823,1,0.9935914,0.8054695,0,0.6133022,0.6309745,0,0,0,0,0,0,0,0,0,0,0,0,0,0,0,0,0,0,0,0,0,0,0,0,0.6669675,0.6549854,0.7133527,0.9354925,1,0.9679531,0.8380839,0.7287791,0.6743753,0.6323577,0,0,0,0,0,0,0,0,0,0
0,0,0,0,0,0,0,0,0,0,0,0,0,0,0,0.9062925,1,0.9250429,0.7641403,0,0,0,0,0,0,0,0,0,0,0,0,0,0,0,0,0,0,0,0,0,0,0,0,0,0,0,0,0.8528461,0.9899675,1,0.9057976,0.8864111,0,0,0,0,0,0,0,0,0,0,0,0,0,0,0,0,0,0,0,0,0,0,0,0,0,0,0,0,0.7732899,0.8838609,1,0.9080779,0.6658929,0,0,0,0,0,0,0,0,0,0,0,0,0,0,0,0,0,0,0,0,0,0,0,0,0,0,0,0,0.7388433,0.7646148,1,0.983388,0.7875859,0.6750587,0,0,0,0,0,0,0,0,0,0,0,0,0,0,0,0,0,0,0,0,0,0,0,0,0,0,0,0.6752485,0.8167019,0.9581668,1,0.9442612,0.7111785,0,0,0,0,0,0,0,0,0,0,0,0,0
0,0,0,0,0,0,0,0,0,0,0,0,0,0,0,0.8883135,1,0.9364436,0.6931934,0,0,0,0,0,0,0,0,0,0,0,0,0,0,0,0,0,0,0,0,0,0,0,0,0,0,0,0.8331307,0.9723933,1,0.9948087,0.9074627,0.7922844,0,0,0,0,0,0,0,0,0,0,0,0,0,0,0,0,0,0,0,0,0,0,0,0,0,0,0,0.8135296,0.8776845,0.9638922,1,0.8853642,0.7113858,0,0,0,0,0,0,0,0,0,0,0,0,0,0,0,0,0,0,0,0,0,0,0,0,0,0,0,0.8005466,0.915167,0.9085449,1,0.9106398,0.7852343,0,0,0,0,0,0,0,0,0,0,0,0,0,0,0,0,0,0,0,0,0,0,0,0,0,0,0,0.801328,0.8809109,0.8809843,0.9242021,1,0.937678,0.7516124,0,0,0,0,0,0,0,0,0,0,0,0,0
0,0,0,0,0,0,0,0,0,0,0,0,0,0,0.7242314,0.9404805,1,0.9012709,0.7341861,0,0,0,0,0,0,0,0,0,0,0,0,0,0,0,0,0,0,0,0,0,0,0,0,0.7203804,0.8177167,0.9105048,1,0.9401248,0.878341,0.9793268,0.921855,0.7849328,0.7009694,0,0,0,0,0,0,0,0,0,0,0,0,0,0,0,0,0,0,0,0,0,0,0,0,0,0.7585038,0.7785791,0.7542458,0.9495656,1,0.8708988,0.7316986,0.6037065,0,0,0,0,0,0,0,0,0,0,0,0,0,0,0,0,0,0,0,0,0,0,0,0,0,0.6802478,0.8482499,0.850906,0.8650876,1,0.9506528,0.7792479,0.728017,0.6618146,0,0,0,0,0,0,0,0,0,0,0,0,0,0,0,0,0,0,0,0,0,0,0,0,0.8102397,0.921065,1,0.9280476,0.9846951,0.9843116,0.8808912,0.7516885,0.7492903,0.7149424,0,0,0,0,0,0,0,0,0,0,0
0,0,0,0,0,0,0,0,0,0,0.6308683,0.6811249,0.6666082,0.7008156,0,0.934075,1,0.8683131,0.6363997,0.635365,0,0,0,0,0,0,0,0,0,0,0,0,0,0,0,0,0,0,0,0,0,0,0.6727515,0.6935377,0.8439988,0.884175,1,0.9632739,0.7393736,0.9956135,0.9891048,0.7626743,0.7498752,0.6833699,0,0,0,0,0,0,0,0,0,0,0,0,0,0,0,0,0,0,0.6017388,0.6154848,0.5786417,0,0.6607096,0.6125199,0.7629555,0.8148308,0.8177509,0.9500185,1,0.8864822,0.7174265,0.6291614,0.6685355,0.6444311,0.6224744,0,0.6056241,0.60423,0.5855286,0,0,0,0,0,0,0,0,0,0,0,0,0,0.634093,0.655088,0.6034206,0,0.5867762,0.6728055,0.7704983,0.6436946,0.8141916,1,0.9855849,0.8288667,0.702439,0,0,0,0,0,0,0,0,0,0,0,0,0,0,0,0,0,0,0,0,0.6582125,0.6749859,0,0.7080153,0.7854502,0,0.8630709,0.7981055,0.8820584,0.9961544,1,0.8510672,0,0,0,0,0,0,0,0,0,0,0,0,0,0
0,0,0,0,0,0,0,0,0,0,0,0.6413758,0,0,0.6389014,0.9095737,1,0.9165249,0.7165923,0.7100896,0,0,0,0,0,0,0,0,0,0,0,0,0,0,0,0,0,0,0,0,0,0,0,0,0.7952576,0.8162052,0.8092439,0.8475099,0.9034786,1,0.9481411,0.753098,0,0,0,0,0,0,0,0,0,0,0,0,0,0,0,0,0,0,0,0,0,0,0,0.6600716,0.7243196,0.6589345,0.7034644,0.7486576,0.7509758,0.9467677,1,0.8806281,0.7257866,0.7239616,0.7152129,0,0,0,0,0,0,0,0,0,0,0,0,0,0,0,0,0,0,0,0,0,0,0,0,0,0.7606969,0.7249311,0.8436354,1,0.965121,0,0,0,0,0,0,0,0,0,0,0,0,0,0,0,0,0,0,0,0,0,0,0,0,0.6541046,0.6636668,0.6567776,0.8041049,0.8395941,0.7616537,0.7992656,0.9458125,1,0.8837377,0.662413,0,0,0,0,0,0,0,0,0,0,0,0,0
0,0,0,0,0,0,0,0,0,0,0,0,0,0,0.6284479,0.9249418,1,0.8830986,0.7044384,0.7178187,0.6233,0,0,0,0,0,0,0,0,0,0,0,0,0,0,0,0,0,0,0,0,0,0,0,0.7780631,0.7508599,0.8035688,0.8064948,0.8778578,1,0.8962715,0.7456893,0.7699485,0.7447751,0,0,0,0,0,0,0,0,0,0,0,0,0,0,0,0,0,0,0,0,0,0,0.7210855,0.7182716,0.7686593,0.7610666,0.7407028,0.9561574,1,0.8002314,0.6280937,0.7126583,0,0,0,0,0,0,0,0,0,0,0,0,0,0,0,0,0,0,0,0,0,0,0,0,0.6389846,0.7234165,0.7745448,0.6368817,0.8503499,1,0.9603256,0,0.7033163,0.7091957,0.6382504,0,0,0,0,0,0,0,0,0,0,0,0,0,0,0,0,0,0,0,0,0,0.635736,0.7279161,0.6829301,0.673229,0.7012793,0.7974886,0.9845887,1,0.809433,0.6263131,0.6759537,0,0,0,0,0,0,0,0,0,0,0,0
0,0,0,0,0,0,0,0,0,0,0,0,0,0,0.6825691,0.9274584,1,0.8979099,0,0,0,0,0,0,0,0,0,0,0,0,0,0,0,0,0,0,0,0,0,0,0,0,0,0,0.8103925,0.8562142,0,0.8403138,0.7853501,1,0.9822873,0.8066292,0,0,0,0,0,0,0,0,0,0,0,0,0,0,0,0,0,0,0,0,0,0,0,0,0.7034628,0.6965646,0,0.7311752,0.7831145,0.9507671,1,0.8878449,0.7075192,0,0,0,0,0,0,0,0,0,0,0,0,0,0,0,0,0,0,0,0,0,0,0,0,0.6756502,0.7029138,0.7131885,0.6754099,0,0.8781465,1,0.9469907,0.7414057,0,0,0,0,0,0,0,0,0,0,0,0,0,0,0,0,0,0,0,0,0,0,0,0,0,0,0.6654963,0.6773508,0.6817607,0.7457163,0.9674705,1,0.8594822,0.6848556,0.6939483,0,0,0,0,0,0,0,0,0,0,0,0
0,0,0,0,0,0,0,0,0,0,0,0.6592434,0.6792569,0.7188793,0.7225853,0.9242764,1,0.8988584,0,0,0,0,0,0,0,0,0,0,0,0,0,0,0,0,0,0,0,0,0,0,0,0,0,0,0.7563965,0.7010055,0.8076084,0.7746757,0.9220166,1,0.9301071,0,0,0,0,0,0,0,0,0,0,0,0,0,0,0,0,0,0,0,0,0,0,0,0,0,0.647407,0.6947814,0.6686321,0.7279986,0.7571716,0.9535331,1,0.8646186,0,0,0,0,0,0,0,0,0,0,0,0,0,0,0,0,0,0,0,0,0,0,0,0,0,0.6408312,0.7069874,0.7175313,0.7028435,0.7077971,0.8905895,1,0.9340311,0,0,0,0,0,0,0,0,0,0,0,0,0,0,0,0,0,0,0,0,0,0,0,0,0,0,0.6489489,0.6571552,0.6721897,0.7661242,0.7893199,0.9765215,1,0.8287467,0,0,0,0,0,0,0,0,0,0,0,0,0,0
0,0,0,0,0,0,0,0,0,0,0,0,0.5826359,0.6701508,0.7624944,0.8884982,1,0.8831056,0,0.5840291,0.6188794,0.6351972,0,0,0,0,0,0,0,0,0,0,0,0,0,0,0,0,0,0,0,0,0,0,0.7327837,0.8136379,0.9569834,1,0.8523166,0.9441354,0.7975397,0,0,0,0,0,0,0,0,0,0,0,0,0,0,0,0,0,0,0,0,0.555081,0.5679089,0.5964769,0,0,0.6339112,0.6594324,0.6346641,0.5619649,0.7194878,0.9629828,1,0.8588493,0.5778086,0.6112989,0.6511177,0.6624373,0.5882146,0,0.5673523,0.5762169,0.5568455,0,0,0,0,0,0,0,0,0,0,0,0,0.5597308,0.5833311,0.5874556,0,0,0.6779379,0.694397,0.6511303,0.6820826,0.875194,1,0.9348856,0.624243,0,0.6205007,0.631224,0.6368189,0,0,0,0,0,0,0,0,0,0,0,0,0,0,0,0,0,0.5639454,0.6126445,0,0,0.6582739,0.5865669,0.6744185,0.7084178,0.6638516,0.9632092,1,0.8586751,0,0.5900895,0.5737535,0.5829252,0,0,0,0,0,0,0,0,0,0
0,0,0,0,0,0,0,0,0,0,0,0,0,0,0.7805455,0.9597121,1,0.8862992,0,0,0,0,0,0,0,0,0,0,0,0,0,0,0,0,0,0,0,0,0,0,0,0,0,0,0,0,0,0,0.9359085,1,0.9042196,0,0,0,0,0,0,0,0,0,0,0,0,0,0,0,0,0,0,0,0,0,0,0,0,0,0,0,0,0.6128899,0,0.9372206,1,0.8748192,0,0,0,0,0,0,0,0,0,0,0,0,0,0,0,0,0,0,0,0,0,0,0,0,0,0,0,0,0,0.7333497,0.9142211,1,0.9284949,0,0,0,0,0,0,0,0,0,0,0,0,0,0,0,0,0,0,0,0,0,0,0,0,0,0,0,0,0,0,0.6474209,0.9572487,1,0.8392544,0,0,0,0,0,0,0,0,0,0,0,0,0,0
0,0,0,0,0,0,0,0,0,0,0,0,0,0,0.7318924,0.8984392,1,0.9100739,0,0,0,0,0,0,0,0,0,0,0,0,0,0,0,0,0,0,0,0,0,0,0,0,0,0,0,0,0,0,0.8923949,1,0.9639479,0,0,0,0,0,0,0,0,0,0,0,0,0,0,0,0,0,0,0,0,0,0,0,0,0,0,0,0,0,0.756281,0.9637048,1,0.87036,0,0,0,0,0,0,0,0,0,0,0,0,0,0,0,0,0,0,0,0,0,0,0,0,0,0,0,0,0,0.7308164,0.7763155,1,0.9860126,0.7304088,0,0,0,0,0,0,0,0,0,0,0,0,0,0,0,0,0,0,0,0,0,0,0,0,0,0,0,0,0,0,0.9561157,1,0.841341,0,0,0,0,0,0,0,0,0,0,0,0,0,0
0,0,0,0,0,0,0,0,0,0,0,0,0,0,0,0.9262795,1,0.9011902,0,0,0,0,0,0,0,0,0,0,0,0,0,0,0,0,0,0,0,0,0,0,0,0,0,0,0,0,0,0,0.8867384,1,0.9504638,0,0,0,0,0,0,0,0,0,0,0,0,0,0,0,0,0,0,0,0,0,0,0,0,0,0,0,0,0,0,0.9334214,1,0.8832783,0,0,0,0,0,0,0,0,0,0,0,0,0,0,0,0,0,0,0,0,0,0,0,0,0,0,0,0,0,0,0.8346344,1,0.9759905,0.7500169,0,0,0,0,0,0,0,0,0,0,0,0,0,0,0,0,0,0,0,0,0,0,0,0,0,0,0,0,0,0.7856019,0.9831002,1,0.8272619,0,0,0,0,0,0,0,0,0,0,0,0,0,0
0,0,0,0,0,0,0,0,0,0,0,0,0,0,0,0.9305414,1,0.884526,0,0,0,0,0,0,0,0,0,0,0,0,0,0,0,0,0,0,0,0,0,0,0,0,0,0,0,0,0,0,0.8410447,1,0.9806852,0.7398967,0,0,0,0,0,0,0,0,0,0,0,0,0,0,0,0,0,0,0,0,0,0,0,0,0,0,0,0,0.6772696,0.952752,1,0.8705691,0,0,0,0,0,0,0,0,0,0,0,0,0,0,0,0,0,0,0,0,0,0,0,0,0,0,0,0,0,0,0.8740049,1,0.925835,0,0,0,0,0,0,0,0,0,0,0,0,0,0,0,0,0,0,0,0,0,0,0,0,0,0,0,0,0,0,0.736709,0.9830427,1,0.8251651,0,0,0,0,0,0,0,0,0,0,0,0,0,0
0,0,0,0,0,0,0,0,0,0,0,0,0,0,0.7000025,0.9514304,1,0.8634011,0,0,0,0,0,0,0,0,0,0,0,0,0,0,0,0,0,0,0,0,0,0,0,0,0,0,0,0,0,0,0.8508326,0.9876981,1,0.9068721,0,0,0,0,0,0,0,0,0,0,0,0,0,0,0,0,0,0,0,0,0,0,0,0,0.6568043,0.7071411,0.6692838,0.6768221,0.7756153,0.972586,1,0.862512,0.6702648,0.6529706,0.6993607,0.6916202,0.6601314,0,0,0,0,0,0,0,0,0,0,0,0,0,0,0,0,0,0,0,0,0,0,0,0,0,0.8948432,1,0.9348603,0,0,0.6899927,0.7186784,0.7179152,0,0,0,0,0,0,0,0,0,0,0,0,0,0,0,0,0,0,0,0,0,0.7035024,0.7214882,0.6666116,0.6811963,0.8172214,0.9865024,1,0.8580807,0.6763189,0,0,0,0,0,0,0,0,0,0,0,0,0
0,0,0,0,0,0,0,0,0,0,0,0,0,0,0,0.9296656,1,0.8920775,0,0,0,0,0,0,0,0,0,0,0,0,0,0,0,0,0,0,0,0,0,0,0,0,0,0,0,0,0,0,0.7992706,0.9697157,1,0.8796147,0,0,0,0,0,0,0,0,0,0,0,0,0,0,0,0,0,0,0,0,0,0,0,0,0,0,0,0,0.6624594,0.9567803,1,0.8679848,0,0,0,0,0,0,0,0,0,0,0,0,0,0,0,0,0,0,0,0,0,0,0,0,0,0,0,0,0,0,0.8685095,1,0.9567607,0.6684265,0,0,0,0,0,0,0,0,0,0,0,0,0,0,0,0,0,0,0,0,0,0,0,0,0,0,0,0,0,0.7442882,0.9774786,1,0.816312,0,0,0,0,0,0,0,0,0,0,0,0,0,0
0,0,0,0,0,0,0,0,0,0,0,0,0,0,0,0.9036633,1,0.9337714,0.6801452,0,0,0,0,0,0,0,0,0,0,0,0,0,0,0,0,0,0,0,0,0,0,0,0,0,0,0,0,0,0,0.8858517,1,0.9386936,0,0,0,0,0,0,0,0,0,0,0,0,0,0,0,0,0,0,0,0,0,0,0,0,0,0,0,0,0,0.929295,1,0.9144724,0.6180422,0,0,0,0,0,0,0,0,0,0,0,0,0,0,0,0,0,0,0,0,0,0,0,0,0,0,0,0,0,0.835923,1,0.9764104,0.7850199,0,0,0,0,0,0,0,0,0,0,0,0,0,0,0,0,0,0,0,0,0,0,0,0,0,0,0,0,0,0,0.944738,1,0.8794471,0,0,0,0,0,0,0,0,0,0,0,0,0,0
0,0,0,0,0,0,0,0,0,0,0,0,0,0,0,0.9030088,1,0.9223184,0.7989894,0.6947721,0,0,0,0,0,0,0,0,0,0,0,0,0,0,0,0,0,0,0,0,0,0,0,0,0,0,0,0,0,0.9577965,1,0.9943579,0.9145506,0,0,0,0,0,0,0,0,0,0,0,0,0,0,0,0,0,0,0,0,0,0,0,0,0,0,0,0,0.9307861,1,0.8848252,0.759425,0.7002865,0.5757518,0,0,0,0,0,0,0,0,0,0,0,0,0,0,0,0,0,0,0,0,0,0,0,0,0,0,0,0.842869,1,0.9705957,0.8113083,0.7458982,0.6243911,0,0,0,0,0,0,0,0,0,0,0,0,0,0,0,0,0,0,0,0,0,0,0,0,0,0,0,0.6787908,0.9404939,1,0.8705277,0.7991306,0.7989143,0.696588,0,0,0,0,0,0,0,0,0,0,0
0,0,0,0,0,0,0,0,0,0,0,0,0,0,0,0.9098092,1,0.9107465,0.7511581,0.7465671,0,0,0,0,0,0,0,0,0,0,0,0,0,0,0,0,0,0,0,0,0,0,0,0,0,0,0,0,0.9030927,0.9721663,1,0.9143069,0.8459713,0.8342206,0,0,0,0,0,0,0,0,0,0,0,0,0,0,0,0,0,0,0,0,0,0,0,0.6519052,0.6515915,0.6515926,0.6514704,0.9263577,1,0.9030395,0.6971008,0.6570972,0.6860592,0.687779,0,0,0,0,0,0,0,0,0,0,0,0,0,0,0,0,0,0,0,0,0,0,0,0,0,0,0.8180454,1,0.9840314,0.796226,0.7782413,0.7072968,0.7813473,0.7686231,0.6974328,0,0,0,0,0,0,0,0,0,0,0,0,0,0,0,0,0,0,0,0,0,0.6971978,0.6715842,0.683284,0,0.9534972,1,0.8724823,0.8003674,0.8226693,0,0,0,0,0,0,0,0,0,0,0,0
0,0,0,0,0,0,0,0,0,0,0,0,0,0,0,0.9202484,1,0.9263346,0,0,0.8357005,0.8339442,0,0,0,0,0,0,0,0,0,0,0,0,0,0,0,0,0,0,0,0,0,0,0,0,0,0,0,0.9817302,1,0.9667021,0.921174,0,0,0,0,0,0,0,0,0,0,0,0,0,0,0,0,0,0,0,0,0,0,0,0,0,0,0,0,0.9393517,1,0.9157507,0,0.7710333,0.7681419,0,0,0,0,0,0,0,0,0,0,0,0,0,0,0,0,0,0,0,0,0,0,0,0,0,0,0,0.8450716,1,0.9833242,0,0,0,0.8513435,0.8489302,0.8228097,0,0,0,0,0,0,0,0,0,0,0,0,0,0,0,0,0,0,0,0,0,0,0,0,0,0.9514766,1,0.9002947,0,0,0,0,0,0,0,0,0,0,0,0,0,0
0,0,0,0,0,0,0,0,0,0,0,0,0,0,0,0.8917843,1,0.9130067,0.6408625,0.6408672,0.7853121,0.7766382,0.6712843,0.6160728,0,0,0,0,0,0,0,0,0,0,0,0,0,0,0,0,0,0,0,0,0,0,0,0.7734451,0.8601447,0.9909189,1,0.8679895,0.7214145,0.8030177,0.7176521,0,0,0,0,0,0,0,0,0,0,0,0,0,0,0,0,0,0,0,0,0,0,0,0,0,0.6222448,0.9280472,1,0.9110894,0.5761602,0.6931702,0.7317907,0.6822373,0,0,0,0,0,0,0,0,0,0,0,0,0,0,0,0,0,0,0,0,0,0,0,0,0,0.6257921,0.8452917,1,0.9629943,0.7262716,0.6909167,0.6809937,0.7855743,0.6754894,0,0,0,0,0,0,0,0,0,0,0,0,0,0,0,0,0,0,0,0,0,0,0,0.694581,0.7354542,0.7057143,0.9300736,1,0.8437995,0.7792273,0.7382529,0.8125475,0.8309281,0.7130242,0,0,0,0,0,0,0,0,0
0,0,0,0,0,0,0,0,0,0,0,0,0,0,0.6411028,0.8995463,1,0.9263079,0.6927031,0.7549253,0.7981922,0.7519974,0.7078537,0.6624544,0,0,0,0,0,0,0,0,0,0,0,0,0,0,0,0,0,0,0,0,0,0,0,0.8100353,0.8278085,0.9690059,1,0.8484295,0.8395176,0.7459739,0,0,0,0,0,0,0,0,0,0,0,0,0,0,0,0,0,0,0,0,0,0,0,0,0,0,0.6333646,0.9173179,1,0.9026721,0.6125365,0.7541109,0.7410262,0.662977,0.6408083,0,0,0,0,0,0,0,0,0,0,0,0,0,0,0,0,0,0,0,0,0,0,0.6306358,0.6629511,0.6706484,0.8519751,1,0.9839273,0.8184482,0.7740713,0.7357938,0.771026,0.6882886,0.6425839,0,0,0,0,0,0,0,0,0,0,0,0,0,0,0,0,0,0,0,0,0,0.7127695,0.7443491,0.7100313,0.7791181,0.9680746,1,0.8061981,0.8043346,0.779331,0.7535399,0,0.6971813,0,0,0,0,0,0,0,0,0
0,0,0,0,0,0,0,0,0,0,0,0,0,0,0.7136783,0.9084402,1,0.9272853,0.7416434,0.6554289,0.6932917,0.648261,0,0,0,0,0,0,0,0,0,0,0,0,0,0,0,0,0,0,0,0,0,0,0,0.7362629,0.7276902,0.7711599,0.7839416,0.9578615,1,0.8778713,0.7653539,0.7169707,0,0,0,0,0,0,0,0,0,0,0,0,0,0,0,0,0,0,0,0,0,0,0,0,0,0.619777,0.6293858,0.92836,1,0.9112712,0.6652979,0.783169,0.6659216,0.6833982,0,0,0,0,0,0,0,0,0,0,0,0,0,0,0,0,0,0,0,0,0,0,0,0,0.6935531,0.7508394,0.737895,1,0.9974179,0.8239657,0.7587127,0.7285297,0.7820904,0.6386425,0.6615419,0,0,0,0,0,0,0,0,0,0,0,0,0,0,0,0,0,0,0,0,0,0,0,0,0.7154609,0.9339098,1,0.8824475,0.7923237,0.8021412,0.7717047,0.6869669,0,0,0,0,0,0,0,0,0,0
0,0,0,0,0,0,0,0,0,0,0,0,0,0.7095584,0.7840346,0.9238209,1,0.9145418,0.8146384,0.7938607,0.6983665,0,0,0,0,0,0,0,0,0,0,0,0,0,0,0,0,0,0,0,0,0,0,0.7422292,0.7640349,0.814784,0.8037382,0,0.8156718,0.9692783,1,0.8621252,0,0,0,0,0,0,0,0,0,0,0,0,0,0,0,0,0,0,0,0,0,0,0,0.6471365,0.6729708,0.739603,0.7478735,0,0,0.9456782,1,0.8680151,0.8571533,0.8031659,0.7035171,0,0,0.644168,0.641805,0,0,0,0,0,0,0,0,0,0,0,0,0,0,0,0,0,0,0,0,0.696496,0.6997623,0.7242763,0.870535,1,0.9583203,0.8724635,0.8971742,0.8117139,0.6848618,0.6686685,0,0,0,0,0,0,0,0,0,0,0,0,0,0,0,0,0,0,0,0,0,0.6846331,0.7400172,0.7265468,0.6744537,0,0.91595,1,0.8816623,0.8424997,0.824533,0.6858395,0,0,0,0,0,0,0,0,0,0,0
0,0,0,0,0,0,0,0,0,0,0,0,0,0,0.7399179,0.9323533,1,0.9192507,0.7275482,0.6834889,0,0,0,0,0,0,0,0,0,0,0,0,0,0,0,0,0,0,0,0,0,0,0,0,0,0.7869659,0.792742,0.7369495,0.807749,0.9565098,1,0.8415006,0.7086805,0,0,0,0,0,0,0,0,0,0,0,0,0,0,0,0,0,0,0,0,0,0,0,0,0.6937485,0.7486085,0.7201891,0,0.9350526,1,0.874245,0.7758202,0.7194823,0.6821613,0,0,0,0,0,0,0,0,0,0,0,0,0,0,0,0,0,0,0,0,0,0,0,0,0,0,0.7158768,0.8351887,1,0.9574596,0.9211627,0.8615731,0.6753711,0.7584168,0.6984982,0,0,0,0,0,0,0,0,0,0,0,0,0,0,0,0,0,0,0,0,0,0,0,0,0,0.7378258,0.9671964,1,0.9036772,0.8971415,0.8884802,0.7646824,0,0,0,0,0,0,0,0,0,0,0
0,0,0,0,0,0,0,0,0,0,0,0,0,0,0,0.9008398,1,0.8735159,0.773778,0,0,0,0,0,0,0,0,0,0,0,0,0,0,0,0,0,0,0,0,0,0,0,0,0,0,0,0.7837741,0.8326139,0.7882974,0.9812936,1,0.8643668,0.7933778,0,0,0,0,0,0,0,0,0,0,0,0,0,0,0,0,0,0,0,0,0,0,0,0,0,0,0,0.7828036,0.9514071,1,0.9034833,0,0,0,0,0,0,0,0,0,0,0,0,0,0,0,0,0,0,0,0,0,0,0,0,0,0,0,0,0,0.736604,0.8674252,1,0.9609011,0.7618419,0,0,0,0,0,0,0,0,0,0,0,0,0,0,0,0,0,0,0,0,0,0,0,0,0,0,0,0,0.7748736,0.7935513,0.9713908,1,0.9257222,0.8576689,0.7697919,0,0,0,0,0,0,0,0,0,0,0,0
