GestureName: double_arch
Duration(ms): 1410
Handedness: right

SpeakerAngles: 5
55
-55
0
0
110

SpeakerElevations: 5
-10
-10
-10
0
30

InterpretedPoints: 30
-1.62050496546097,-5.23827989476202,0.0209445330007911
-4.05480761227132,-8.31008669972526,-0.110814578664557
-8.10252482730486,-12.267360708749,-0.763518223330696
-14.5916350863865,-24.6492542134375,-1.0060919136606
-3.23391953368417,-10.3680049376893,0.368240888334652
-7.28163674871771,-14.4094272486769,0.583778132003164
-4.04771721503354,-6.05661455797545,0.0418890660015822
-3.24100993092194,-5.50694428349962,-0.305407289332279
0.0283615889511002,3.99869632001144,0.437166400997627
3.2835523143486,17.1726944239135,1.04798097966218
4.11153079017352,24.6276984135538,0.98514738065981
0.877611256489347,26.2293089818889,1.0060919136606
0.0638135751399753,18.2964415227361,1.54798097966218
3.24810032815972,-8.39268793169053,2.36824088833465
0,0,0
0.806707284111599,-0.564862521463624,0.17364817766693
1.62050496546097,-1.99078569711689,1.02094453300079
3.24100993092194,-5.1872576721,1.52094453300079
4.04062681779577,-4.57084046556831,1.02094453300079
-2.46266423576145,-19.4444860067686,0.646611731005537
-7.34545032385769,-32.1254283941703,-0.269610136991298
-8.15215760796929,-28.5605658727067,-0.443258314658228
-8.15215760796929,-25.6061426136701,-0.96420284765902
-4.09025959846019,-17.7375569453771,-0.874332801995254
-0.835068873062699,-7.57875108846285,-0.437166400997627
1.60632417098542,-5.22308764777422,0.194592710667721
-0.835068873062699,-0.0902354107294501,-2.17364817766693
4.02644602332022,-6.49811558940777,0.0209445330007912
-3.2551907253975,-4.91454801804757,-1.30540728933228
0,-4.11453279593946,0.520944533000791

StrokePoints: 31
0,0,0
-1.62050496546097,-5.23827989476202,0.0209445330007911
-5.67531257773229,-13.5483665944873,-0.0898700456637661
-13.7778374050372,-25.8157273032363,-0.853388268994462
-28.3694724914237,-50.4649815166738,-1.85948018265506
-31.6033920251078,-60.8329864543631,-1.49123929432041
-38.8850287738256,-75.24241370304,-0.907461162317247
-42.9327459888591,-81.2990282610155,-0.865572096315665
-46.1737559197811,-86.8059725445151,-1.17097938564794
-46.14539433083,-82.8072762245037,-0.733812984650317
-42.8618420164814,-65.6345818005902,0.314167995011867
-38.7503112263078,-41.0068833870364,1.29931537567168
-37.8726999698185,-14.7775744051474,2.30540728933228
-37.8088863946785,3.51886711758866,3.85338826899446
-34.5607860665188,-4.87382081410187,6.22162915732911
-34.5607860665188,-4.87382081410187,6.22162915732911
-33.7540787824072,-5.4386833355655,6.39527733499604
-32.1335738169462,-7.42946903268239,7.41622186799683
-28.8925638860243,-12.6167267047824,8.93716640099763
-24.8519370682285,-17.1875671703507,9.95811093399842
-27.31460130399,-36.6320531771193,10.604722665004
-34.6600516278477,-68.7574815712896,10.3351125280127
-42.8122092358169,-97.3180474439963,9.89185421335443
-50.9643668437862,-122.924190057666,8.92765136569541
-55.0546264422464,-140.661747003044,8.05331856370015
-55.8896953153091,-148.240498091506,7.61615216270253
-54.2833711443237,-153.463585739281,7.81074487337025
-55.1184400173864,-153.55382115001,5.63709669570332
-51.0919939940662,-160.051936739418,5.65804122870411
-54.3471847194637,-164.966484757465,4.35263393937183
-54.3471847194637,-169.081017553405,4.87357847237262

Velocities: 30
-1,0,-2
-3,-1,-4
-5,0,-5
-10,-2,-11
-3,0,-2
-6,0,-6
-3,0,-3
-2,0,-2
0,4,5
3,7,7
5,11,10
2,11,10
0,9,8
0,-1,-4
0,0,0
0,-1,0
-1,-2,0
-3,-5,5
0,-4,1
-5,-8,-8
-9,-12,-12
-9,-11,-12
-9,-11,-9
-4,-7,-7
-1,-4,-4
1,-2,-3
3,0,-2
4,-2,-5
-1,-1,-2
-1,-1,-1

InverseVelocities: 30
0,0,0
0,0,0
0,0,0
0,0,5
0,0,0
0,0,0
0,0,0
0,0,1
0,0,0
0,0,0
0,0,0
0,0,0
0,-3,-3
0,0,0
0,0,0
0,0,0
0,0,0
0,2,-5
0,2,-8
0,0,0
0,0,1
0,0,0
0,1,2
0,0,0
0,0,0
0,0,2
-1,0,0
-4,0,0
0,1,2
0,0,0

RawData: 30
0,0,0,0,0,0,0,0,0,0,0,0,0.7562621,0.8357475,0.8363591,0.8787127,1,0.9630545,0,0.6931016,0,0,0,0,0,0,0,0,0,0,0,0,0,0,0,0,0,0,0,0,0,0,0,0,0,0,0,0.8222761,0.8779626,1,0.9706612,0.8567486,0,0,0,0,0,0,0,0,0,0,0,0,0,0,0,0,0,0,0,0,0,0,0,0,0,0.7086137,0.7293843,0.7850737,0.8784404,0.9288954,1,0.900336,0.7268034,0,0,0,0,0,0,0,0,0,0,0,0,0,0,0,0,0,0,0,0,0,0,0,0,0.7030848,0.7109024,0.7859988,0.789862,0,0.9169841,1,0.9299178,0.8611735,0.8167087,0,0,0,0,0,0,0,0,0,0,0,0,0,0,0,0,0,0,0,0,0,0,0,0,0,0.6930846,0.702561,0.85245,0.8959537,0.9752266,1,0.8614032,0.7764632,0,0,0,0,0,0,0,0,0,0,0,0,0
0,0,0,0,0,0,0,0,0,0,0.8049019,0.8594155,0.9119959,0.7966222,0.9827855,0.9750689,1,0.919436,0.8594348,0,0,0,0,0,0,0,0,0,0,0,0,0,0,0,0,0,0,0,0,0,0,0,0,0,0,0.8339714,0.9322386,0.9258712,0.889028,1,0.9838951,0.8803897,0,0,0,0,0,0,0,0,0,0,0,0,0,0,0,0,0,0,0,0,0,0,0,0.7549942,0.8051173,0.7625229,0.830792,0.9121805,0.998764,0.9835874,1,0.8961825,0.7843947,0.7437819,0,0,0,0,0,0,0,0,0,0,0,0,0,0,0,0,0,0,0,0,0,0,0,0.7275228,0.8420324,0.8741153,0.8001639,0.9334658,1,0.8969208,0.7167462,0.7891948,0.7663264,0,0,0,0,0,0,0,0,0,0,0,0,0,0,0,0,0,0,0,0,0,0,0,0.6916031,0.7776334,0.8573429,0.8319078,0.8771074,0.9511998,1,0.9988554,0.8625729,0.7392612,0.6980322,0,0,0,0,0,0,0,0,0,0,0,0
0,0,0,0,0,0,0,0,0.7748361,0.8118626,0.8239858,0,0.8080469,0.7238756,0.8842603,0.887742,1,0.9499701,0.763255,0,0,0,0,0,0,0,0,0,0,0,0,0,0,0,0,0,0,0,0,0,0,0,0,0,0,0,0.8921603,0.9638351,0.9344475,0.9961716,1,0,0,0,0,0,0,0,0,0,0,0,0,0,0,0,0,0,0,0,0,0,0,0,0.7138069,0.7731595,0,0.8269677,0.7854474,0.8129684,0.8589569,0.9606073,1,0.9144135,0.7975878,0.7445616,0,0,0,0,0,0,0,0,0,0,0,0,0,0,0,0,0,0,0,0,0.7210783,0.7926818,0.8203076,0.7757521,0.8732441,0.8881671,0.8555729,0.9118512,0.922721,1,0.9881922,0.8854166,0.7767047,0,0,0,0,0,0,0,0,0,0,0,0,0,0,0,0,0,0,0,0,0,0.7929203,0.8570277,0.8170335,0.8385038,0.9399087,0.7756823,0.9427721,0.9383131,0.9364977,1,0.8414547,0.7488681,0,0,0,0,0,0,0,0,0,0,0,0,0
0,0,0,0.6312484,0.6653596,0,0,0.7196423,0.8329281,0.8630965,0.8298393,0.7915544,0.8451436,0.6632015,0.8670672,0.8015139,1,0.9130495,0,0,0,0,0,0,0,0,0,0,0,0,0,0,0,0,0,0,0,0,0,0,0,0,0,0,0.7241551,0.7650005,0,0.7068992,0.7921764,1,0.9932634,0.8254936,0,0,0,0,0,0,0,0,0,0,0,0,0,0,0,0,0.5810087,0.6282035,0.6657777,0.6268758,0,0.6888608,0.6673857,0.6175308,0.7831954,0.6941156,0.8867064,0.9219347,0.9045905,0.9754821,1,0.8593711,0,0,0.6260016,0.6417279,0.6424199,0.607191,0.6110441,0,0,0,0,0,0,0,0,0,0,0,0.6208762,0.7136195,0.7627866,0.6570874,0.6702445,0.7534472,0,0.8400663,0.9011727,0.8492007,0.9928779,0.9758974,0.9325161,1,0.9737261,0.6361169,0.6695853,0.6337397,0,0.6411938,0.6746295,0,0,0,0,0,0,0,0,0,0,0,0,0.6196975,0.6393903,0.6517235,0,0,0.6881027,0.6870205,0.7429948,0.7910035,0.7760279,0.9522182,0.9637757,0.9373695,0.8312369,1,0.9080915,0.7215562,0.6382477,0,0,0,0,0,0,0,0,0,0,0,0
0,0,0,0,0,0,0,0,0,0,0.8578078,0.8691531,0.8663606,0,0,0.9185941,1,0.9181451,0,0,0,0,0,0,0,0,0,0,0,0,0,0,0,0,0,0,0,0,0,0,0,0,0,0,0,0,0,0,0,0.9806248,1,0.8709401,0,0,0,0,0,0,0,0,0,0,0,0,0,0,0,0,0,0,0,0,0,0,0,0,0,0.8709268,0.8927363,0,0,0.9308252,1,0.8801796,0,0,0,0,0,0,0,0,0,0,0,0,0,0,0,0,0,0,0,0,0,0.8279776,0.8414757,0,0,0,0.8986138,0.9604139,0.9123512,0,0.8347342,1,0.9746378,0,0,0,0,0,0,0,0,0,0,0,0,0,0,0,0,0,0,0,0,0,0,0,0,0,0,0,0.8836464,0.8617408,0.8138862,0,0.9467169,1,0.8960015,0,0,0,0,0,0,0,0,0,0,0,0,0,0
0,0,0,0,0,0,0,0.6906196,0.7304128,0.7536431,0.7962289,0.8627737,0.7828578,0.8102817,0.7632238,0.8759579,1,0.9105055,0,0,0,0,0,0,0,0,0,0,0,0,0,0,0,0,0,0,0,0,0,0,0,0,0,0,0,0,0.7475033,0.7685331,0,0.9694173,1,0.8290178,0,0,0,0,0,0,0,0,0,0,0,0,0,0,0,0,0,0,0,0,0,0.6575308,0.6797076,0.7453853,0.7828595,0,0.7887986,0,0,0.9106668,1,0.9198062,0,0,0,0,0,0,0,0,0,0,0,0,0,0,0,0,0,0,0,0,0,0,0.6977749,0,0,0.7953733,0.8687333,0.7919028,0,0.7225199,0.7864249,1,0.964252,0.7220067,0,0,0,0,0,0,0,0,0,0,0,0,0,0,0,0,0,0,0,0,0,0,0,0,0.8011926,0.8240907,0,0.8310606,0.6991249,0.7450121,0.921937,1,0.8591639,0,0,0,0,0,0,0,0,0,0,0,0,0,0
0,0,0,0,0,0,0,0,0,0,0.7149537,0.7626703,0.8814836,0.9122583,0.8547119,0.8931308,1,0.9244391,0,0,0,0,0,0,0,0,0,0,0,0,0,0,0,0,0,0,0,0,0,0,0,0,0,0,0,0,0,0,0.799328,0.9890512,1,0.8148887,0,0,0,0,0,0,0,0,0,0,0,0,0,0,0,0,0,0,0,0,0,0,0,0,0.6784127,0.8069769,0.8627833,0.8879446,0.8124174,0.9329482,1,0.8825365,0.6650267,0,0,0,0,0,0,0,0,0,0,0,0,0,0,0,0,0,0,0,0,0,0,0,0,0,0.8284287,0.9193053,0.9446615,0.9203205,0.7300271,1,0.9892783,0.7843263,0,0,0,0,0,0,0,0,0,0,0,0,0,0,0,0,0,0,0,0,0,0,0,0,0,0.7298257,0.8674471,0.8939673,0.8077114,0,0.9503959,1,0.8833942,0,0,0,0,0,0,0,0,0,0,0,0,0,0
0,0,0,0,0,0,0,0,0,0,0,0.6268649,0.6960593,0.7983752,0.887872,0.9581825,1,0.8699492,0.6515902,0,0,0,0,0,0,0,0,0,0,0,0,0,0,0,0,0,0,0,0,0,0,0,0,0,0,0,0,0.7854211,0.8835372,1,0.9822685,0.9815106,0.8457322,0,0,0,0,0,0,0,0,0,0,0,0,0,0,0,0,0,0,0,0,0,0,0,0,0.5705963,0.6969296,0.8156754,0.88853,0.9649369,1,0.8655822,0.5993016,0.6586057,0.617023,0,0,0,0,0,0,0,0,0,0,0,0,0,0,0,0,0,0,0,0,0,0,0.5710644,0.619887,0.6421286,0.7762823,0.8637983,0.9033754,1,0.9264597,0.7211116,0.6980613,0.6518102,0,0,0,0,0,0,0,0,0,0,0,0,0,0,0,0,0,0,0,0,0,0,0,0.6433461,0,0,0.804844,0.8934535,0.9596955,1,0.7648019,0.7459275,0.6761064,0,0,0,0,0,0,0,0,0,0,0,0
0,0,0,0,0,0,0,0,0,0,0,0,0,0,0.7552646,0.9420326,1,0.8123768,0.8364596,0.8032488,0,0,0,0,0,0,0,0,0,0,0,0,0,0,0,0,0,0,0,0,0,0,0,0,0,0,0,0,0.91242,0.9837213,0.9959689,0.9180025,0.8927681,0,0.9306005,1,0.9701082,0,0,0,0,0,0,0,0,0,0,0,0,0,0,0,0,0,0,0,0,0,0,0,0.7309107,0.9550427,1,0.8828732,0.833886,0.8193489,0.8228133,0.770137,0.7872849,0.7544525,0.7310169,0,0,0,0,0,0,0,0,0,0,0,0,0,0,0,0,0,0,0,0.6818086,0,0,0.7732565,0.9082659,1,0.9691712,0.8145279,0,0.7315274,0.7141581,0.7005489,0.7597626,0.6853594,0,0,0,0,0,0,0,0,0,0,0,0,0,0,0,0,0,0,0,0,0,0,0,0.8852405,1,0.9941881,0.9371026,0.8973804,0.8606289,0.8419088,0.8484235,0.817467,0,0,0,0,0,0,0,0,0
0,0,0,0,0,0,0,0,0,0,0,0,0,0,0,0.9397707,1,0.9052483,0.866071,0.8215676,0.8061342,0.8203332,0.7800258,0,0,0,0,0,0,0,0,0,0,0,0,0,0,0,0,0,0,0,0,0,0,0,0,0,0.9827437,1,0.9111502,0.9068247,0,0,0.8919374,0,0.959496,0.9516537,0.913625,0.9660292,0,0,0,0,0,0,0,0,0,0,0,0,0,0,0,0,0,0,0,0,0,0.9541045,1,0.9212844,0.9042166,0.9184424,0.8931369,0.7873843,0.7361343,0.7928906,0.7807132,0.7752951,0.7738826,0,0,0,0,0,0,0,0,0,0,0,0,0,0,0,0,0,0,0,0,0,0.8728922,1,0.9353808,0.8836166,0.921543,0.9156075,0.8669308,0.7951785,0.7419186,0.7985395,0.7841386,0.7797307,0,0,0,0,0,0,0,0,0,0,0,0,0,0,0,0,0,0,0,0,0,0.8088298,0.9418364,1,0.8935087,0.8939064,0.9069798,0.8736808,0,0,0.8803315,0.8619071,0.794177,0.8016132,0,0,0,0,0
0,0,0,0,0,0,0,0,0,0,0,0,0,0,0,0.9364228,1,0.8762774,0.7690902,0.8216445,0.8419042,0.7841011,0.8416537,0.8155157,0.7302153,0,0,0,0,0,0,0,0,0,0,0,0,0,0,0,0,0,0,0,0,0,0,0,0.9337341,1,0.9319298,0.7602226,0,0.8065398,0.8414479,0.816061,0,0.8273298,0.8339024,0.8620945,0.9384851,0.9297507,0.8767502,0.8060327,0,0,0,0,0,0,0,0,0,0,0,0,0,0,0,0,0.7847143,0.9694716,1,0.8710886,0,0.8675505,0.7875956,0,0.8139092,0.8414834,0.8304504,0.7783244,0.8249646,0.8450227,0.8195001,0.7491549,0,0,0,0,0,0,0,0,0,0,0,0,0,0,0,0,0,0.7678697,0.8299276,1,0.9486387,0.7653671,0.895452,0.9184209,0,0.8616384,0.870825,0.817544,0.7259637,0,0.8227921,0.8150212,0,0,0,0,0,0,0,0,0,0,0,0,0,0,0,0,0,0,0,0.8662571,1,0.9903796,0,0.7958789,0.8925387,0.8791093,0.7836391,0.8382304,0.7596278,0.9232996,0.9376397,0.889805,0.9164144,0.9240655,0.8267608,0,0
0,0,0,0,0,0,0,0,0,0,0,0,0,0,0.6774198,0.8990539,1,0.8730211,0.7125185,0.6626995,0.6663058,0.7310988,0,0,0,0,0,0,0,0,0,0,0,0,0,0,0,0,0,0,0,0,0,0,0,0,0,0,0.8997133,1,0.8412247,0.8178519,0.9297765,0.951578,0.8601435,0.7256979,0,0.6830275,0.6638175,0.8065373,0.8451318,0.7584792,0,0.6713586,0,0,0,0,0,0,0,0,0,0,0,0,0,0,0,0,0,0.909682,1,0.921905,0.8455836,0.9210685,0.8490021,0.7023525,0.7674319,0.7235845,0.7300937,0.7593035,0.7804692,0.6836833,0,0.6796799,0,0,0,0,0,0,0,0,0,0,0,0,0,0,0.6779788,0.6532333,0,0.7593563,0.8050446,1,0.9754525,0.8032488,0.8772044,0.8974505,0.7653701,0,0,0,0,0,0,0.7014209,0,0.6625071,0.6880694,0,0,0,0,0,0,0,0,0,0,0,0,0,0.6477084,0.6923557,0.6868988,0.8436371,0.9998024,1,0.7863449,0.9008133,0.9602781,0.9079554,0,0.8296902,0.865596,0.8229117,0.7809276,0.8284737,0.8195289,0.7866586,0,0,0
0,0,0,0,0,0,0,0,0,0,0,0,0,0,0,0.9422382,1,0.9016338,0,0,0,0,0,0,0,0,0,0,0,0,0,0,0,0,0,0,0,0,0,0,0,0,0,0.7873892,0.8862701,0.9373914,0.9258012,0.8496825,0.8816051,1,0.9764861,0.9411489,0.891456,0.8736633,0.8597993,0.8050029,0,0.7814026,0.8203483,0.7783107,0.7720294,0.7533095,0,0,0,0,0,0,0,0,0,0,0,0,0,0,0.7960296,0.8563556,0.8842029,0.8358458,0.7749484,0.9381937,1,0.893217,0.9047136,0.8622417,0.8015246,0,0,0,0,0,0.773055,0.8012565,0,0,0,0,0,0,0,0,0,0,0,0,0,0,0,0.7635472,0.7826631,0.7743126,0.8028343,0.7790978,0.9160722,1,0.9081604,0.8460782,0.8408163,0.7614757,0,0,0.7085229,0.7212216,0.7251102,0.7195119,0.7257878,0,0,0,0,0,0,0,0,0,0,0,0,0,0,0,0,0.7903291,0.8318845,0.8395554,0.8637507,0.7821843,0.9652692,1,0.930434,0.9253159,0.8984464,0,0.7988151,0.8199531,0,0.78148,0.7991942,0.811465,0.7704262,0,0,0,0
0,0,0,0,0,0,0,0,0,0,0,0,0,0,0,0.9424652,1,0.8695756,0.7026085,0.7099638,0,0,0,0,0,0,0,0,0,0,0,0,0,0,0,0,0,0,0,0,0,0,0,0,0,0.9002442,0.9724702,0.8687019,0.8261359,0.9388322,1,0.8657691,0.8346668,0,0,0,0,0,0,0,0,0,0,0,0,0,0,0,0,0,0,0,0,0,0,0.7025215,0.736682,0.8079102,0.8831798,0.8330959,0.7676098,0.9607254,1,0.8770142,0.7359176,0.7151613,0,0,0,0,0,0,0,0,0,0,0,0,0,0,0,0,0,0,0,0,0,0,0,0.6930741,0.6808293,0.7665077,0.7596352,0.768691,0.8903854,1,0.9497164,0.7853034,0.7274951,0,0,0,0,0,0,0,0,0,0,0,0,0,0,0,0,0,0,0,0,0,0,0,0.7774779,0.8456882,0.9250346,0.9115635,0.8455719,0.8092375,0.9614682,1,0.8986673,0.8841959,0,0.8016402,0.7867738,0,0,0,0,0,0,0,0,0,0
0,0,0,0,0,0,0,0,0,0,0,0,0,0,0,0.9328856,1,0.9133818,0,0,0,0,0,0,0,0,0,0,0,0,0,0,0,0,0,0,0,0,0,0,0,0,0,0,0,0,0,0.8805,0.9193399,0.987216,1,0,0,0,0,0,0,0,0,0,0,0,0,0,0,0,0,0,0,0,0,0,0,0,0,0,0,0,0,0,0.8571077,0.9752437,1,0.8583867,0,0,0,0,0,0,0,0,0,0,0,0,0,0,0,0,0,0,0,0,0,0,0,0,0,0,0,0,0,0,0.886541,1,0.9615524,0.7879335,0,0,0,0,0,0,0,0,0,0,0,0,0,0,0,0,0,0,0,0,0,0,0,0,0,0,0,0,0,0,0.9961662,1,0.8488868,0,0,0,0,0,0,0,0,0,0,0,0,0,0
0,0,0,0,0,0,0,0,0,0,0,0,0,0,0,0.9279318,1,0.8936608,0,0,0,0,0,0,0,0,0,0,0,0,0,0,0,0,0,0,0,0,0,0,0,0,0,0,0,0.7605327,0.8422238,0.8776711,0.9194442,1,0.9571413,0.9785541,0.8989983,0,0,0,0,0,0,0,0,0,0,0,0,0,0,0,0,0,0,0,0,0,0,0,0,0,0,0.7321029,0.7578102,0.9461638,1,0.9230353,0.846636,0.7358612,0,0,0,0,0,0,0,0,0,0,0,0,0,0,0,0,0,0,0,0,0,0,0,0,0,0,0,0.687388,0.8649337,1,0.963123,0.809776,0.725617,0,0,0,0,0,0,0,0,0,0,0,0,0,0,0,0,0,0,0,0,0,0,0,0,0,0,0,0.7905313,0.8507453,0.9909736,1,0.9017466,0.8536871,0,0,0,0,0,0,0,0,0,0,0,0,0
0,0,0,0,0,0,0,0,0,0,0,0,0.6735613,0.6977909,0,0.9271432,1,0.9094346,0,0,0,0,0,0,0,0,0,0,0,0,0,0,0,0,0,0,0,0,0,0,0,0,0,0,0.7431503,0.7363096,0.7629898,0.8107095,0.8527738,0.7857937,0.9210687,1,0.8625188,0,0,0,0,0,0,0,0,0,0,0,0,0,0,0,0,0,0,0,0,0,0,0,0,0,0,0,0.7478273,0.9565625,1,0.9297728,0.8399878,0.7432845,0,0,0,0,0,0,0,0,0,0,0,0,0,0,0,0,0,0,0,0,0,0,0,0,0,0,0,0.6672798,0.8583999,1,0.9523494,0.8462701,0.8016066,0,0,0,0,0,0,0,0,0,0,0,0,0,0,0,0,0,0,0,0,0,0,0,0,0,0,0.7780225,0.8364397,0.8112811,1,0.9847524,0.89543,0.9691495,0.8793387,0,0,0,0,0,0,0,0,0,0,0,0
0,0,0,0,0,0,0,0,0,0,0.6826633,0.6785735,0,0,0.7260894,0.934891,1,0.9070141,0.6680011,0,0,0,0,0,0,0,0,0,0,0,0,0,0,0,0,0,0,0,0,0,0,0.7728245,0.8065698,0.7633672,0.8652316,0.8755782,0.8596682,0.8395532,0.8596563,0.9191296,0.7416595,1,0.9754415,0.8713374,0.7254847,0,0,0,0,0,0,0,0,0,0,0,0,0,0,0,0,0,0,0,0.6847504,0.6827235,0.7341771,0.7853704,0.7690446,0.791627,0.8551906,0.9673031,1,0.92946,0.8915426,0.8017136,0,0.7015548,0.7261932,0.6989341,0.6861467,0,0,0,0,0,0,0,0,0,0,0,0,0,0,0,0,0.7056242,0.7458899,0.658219,0,0.6764765,0.7627013,0.8134932,0.844121,1,0.9586467,0.8675881,0.7908629,0.710519,0,0,0,0,0,0,0,0,0,0,0,0,0,0,0,0,0,0,0,0,0,0.8290685,0.8715252,0.812313,0.7684073,0.7484141,0.7553484,0.9111308,0.9960743,0.9951582,1,0.9862859,0.9154263,0.8357571,0,0,0,0,0,0,0,0,0,0,0
0,0,0,0,0,0,0,0,0,0,0,0,0,0.7811469,0.7794752,0.931981,1,0.8472926,0,0,0,0,0,0,0,0,0,0,0,0,0,0,0,0,0,0,0,0,0,0,0,0,0.8208286,0,0.7827687,0.9485987,0.9708526,0.9952611,0.9916043,0.9126349,1,0.9172847,0.9590642,0.8006495,0.7713753,0,0,0,0,0,0,0,0,0,0,0,0,0,0,0,0,0.6982412,0.7199463,0,0,0.7617754,0.8076093,0.7777222,0.802193,0.8846874,0.8217285,0.9624692,1,0.7466571,0.7867132,0.8185977,0.7187337,0,0,0,0,0,0,0,0,0,0,0,0,0,0,0,0,0,0,0,0,0,0,0.7381074,0.7705592,0.6819997,0.7476144,0.706324,0.914223,1,0.9470213,0,0.7703021,0.6725973,0,0,0,0,0,0,0,0,0,0,0,0,0,0,0,0,0,0,0.742765,0.7582175,0,0.7696113,0.7407733,0.8082588,0.8735321,0.8634555,0.9120761,0.9789728,0.9930698,1,0.9162641,0.847717,0.8341959,0,0,0,0,0,0,0,0,0,0,0,0
0,0,0,0,0,0,0,0,0.7592685,0.7289721,0.7592974,0.8076223,0.8002247,0.823154,0.8505186,0.9376472,1,0.8896021,0,0,0,0,0,0,0,0,0,0,0,0,0,0,0,0,0,0,0,0,0.8448164,0.8591985,0,0.8739511,0.9116116,0.9353656,0.9068875,0.8946028,0,0.8583274,0.8805789,0.960937,1,0.8593806,0,0,0,0,0,0,0,0,0,0,0,0,0,0,0,0,0,0,0,0.7315574,0.7799564,0.7894515,0.8085881,0.7769237,0.7516462,0.8067492,0.7980626,0.7968846,0.8385543,0.9592205,1,0.8905444,0.710587,0,0,0,0,0,0,0,0,0,0,0,0,0,0,0,0,0,0,0,0,0,0.7939413,0.8428908,0.7982671,0,0,0.8408454,0.8584605,0.763573,0.7457179,1,0.9717116,0.7478371,0,0,0,0,0,0,0,0,0,0,0,0,0,0,0,0,0,0,0,0,0,0.8795601,0.9678751,0.9908081,0.8684239,0.8460428,0.8778653,0.8926312,0.864868,0.9177274,1,0.9637379,0.8671907,0.8677074,0,0,0,0,0,0,0,0,0,0,0,0,0
0,0,0,0,0.6924762,0.7456967,0.7236874,0.7396481,0.6949428,0.8051501,0.7915276,0.7365535,0.6692398,0,0.7089715,0.8964524,1,0.927647,0,0,0,0,0,0,0,0,0,0,0,0,0,0,0,0.8395014,0.9350886,0.9585236,0.8987891,0.915444,0.8232728,0.7998033,0.9012237,0.9010985,0.9035695,0.8597496,0.8796074,0.8040492,0,0.7624009,0.8766525,0.9847886,1,0.9969178,0.7740884,0,0,0,0,0,0,0,0,0,0,0,0,0,0.6290137,0.735319,0.7570195,0.706732,0.6795651,0,0.7332884,0,0.838172,0.8070246,0.6537278,0.6152739,0,0,0.6978711,0.930104,1,0.9023005,0.7288141,0.6238579,0.6274703,0,0,0,0,0,0,0,0,0,0,0,0,0.6446756,0.6748908,0.6547334,0.658251,0.763491,0.76267,0.7389426,0.6784734,0.8879519,0.8587211,0.7348878,0.6697534,0.7389064,0,0.7202836,0.8422914,1,0.9799384,0.7606648,0.6334051,0,0,0,0,0,0,0,0,0,0,0,0,0,0.7103296,0.7516938,0.772443,0.8096918,0.8093575,0.8027886,0.8089864,0.8375813,0.9148253,0.8844547,0.7363623,0,0,0.6770137,0.6585516,0.7429789,0.9368887,1,0.9075748,0.7261149,0,0,0,0,0,0,0,0,0,0,0,0,0
0,0,0,0,0.7256243,0.8170477,0.8095008,0.9112806,0.9474996,0.7960399,0,0,0,0,0.7239457,0.8751593,1,0.9302899,0.7242962,0,0,0,0,0,0,0,0,0,0,0,0,0,0,0.8139716,0,0.8629478,0.7611516,0,0,0,0,0,0,0,0,0,0,0,0,0.956502,1,0.8840171,0,0,0,0,0,0,0,0,0,0,0,0,0,0,0,0.6625367,0.7041091,0.6901977,0.7522252,0.7742444,0.7992771,0.8758705,0.8141071,0,0,0,0.7029903,0.7945141,0.7745702,0.9397748,1,0.8868234,0,0,0,0,0,0,0,0,0,0,0,0,0,0,0,0.7311091,0,0,0,0.7630305,0.8166546,0.8896332,0.9740348,0.965945,0.7537844,0,0,0.7401225,0,0.7552305,0.7011613,1,0.98291,0.7065845,0,0,0,0,0,0,0,0,0,0,0,0,0,0,0.7448747,0.721723,0.7581607,0.7187223,0.7547262,0,0.8085045,0.9166816,0.917483,0.7606971,0.7053433,0,0,0.7627513,0.794407,0.734058,0.9018549,1,0.8650306,0,0,0,0,0,0,0,0,0,0,0,0,0,0
0,0,0,0,0.6925823,0.7134086,0.7727697,0.8938985,0.9286026,0.9266585,0.9089118,0.7942492,0.6868807,0.6886126,0.7945589,0.9227528,1,0.9078375,0.7228146,0,0,0,0,0,0,0,0,0,0,0,0,0,0,0,0,0.6796467,0,0.7316508,0.7042255,0.7470565,0.7931631,0.7732644,0,0,0,0,0,0.6814653,0.8579459,1,0.9641551,0.7728972,0.8222769,0.7643073,0,0,0,0,0,0,0,0,0,0,0,0,0,0,0,0,0.6604843,0.6464302,0.7186872,0.7562032,0.6399597,0.7433174,0.7414927,0.7696644,0.8103075,0.7453495,0.6084908,0.9298132,1,0.8892187,0.6747757,0,0.6451108,0.6340177,0,0,0,0,0,0,0,0,0,0,0,0,0,0,0,0.6914375,0.7235427,0.7451186,0.8584853,0.8600479,0.7947316,0.7506681,0.7325917,0.721499,0.8150497,0.8571128,0.9031504,1,0.9723533,0.8367709,0.7471631,0.7447949,0.7247712,0,0,0,0,0,0,0,0,0,0,0,0,0.6651086,0.7015664,0.6644677,0,0,0,0.7185369,0.770776,0,0.7719252,0.8030294,0.8188663,0.771454,0.7473744,0.7198433,0.9146292,1,0.9154872,0.7746982,0.7486262,0.6538265,0,0,0,0,0,0,0,0,0,0,0
0,0,0,0,0,0,0,0,0,0.7447453,0,0.8615025,0.9138421,0.9099562,0.8316553,0.8972471,1,0.8753642,0.7027415,0,0,0,0,0,0,0,0,0,0,0,0,0,0,0,0,0,0,0,0,0.7280688,0.7723712,0.8575028,0.8225875,0,0,0,0.7426523,0.73535,0,0.9968784,1,0.7482802,0.7764472,0,0,0,0,0,0,0,0,0,0,0,0,0,0,0,0,0,0,0,0.635292,0.6637942,0.6275216,0.6636307,0.6986445,0.761436,0.7449752,0.6881069,0,0.9129031,1,0.8876502,0.6615201,0,0,0,0,0,0,0,0,0,0,0,0,0,0,0,0,0,0,0,0,0.7154481,0.7676052,0.7554702,0.8043094,0.8288869,0.8957857,0.9080657,0.8279596,0.8977523,0.8884755,1,0.9298779,0.8226981,0,0,0,0,0,0,0,0,0,0,0,0,0,0,0,0,0,0,0,0.640197,0.6451402,0.7409627,0.7837674,0.7348135,0.68617,0,0,0.7737846,0.7933112,0,0.8997351,1,0.8973129,0.7148449,0,0,0,0,0,0,0,0,0,0,0,0,0
0,0,0,0,0,0,0,0,0,0,0,0,0.72719,0.7308322,0.7416974,0.8710203,1,0.9423764,0,0,0,0,0,0,0,0,0,0,0,0,0,0,0,0,0,0,0,0,0,0,0,0,0.8088485,0.8541883,0.8681771,0.7935528,0.7552673,0.8191465,0.9046363,0.9847229,1,0.8218224,0,0,0,0,0,0,0,0,0,0,0,0,0,0,0,0,0,0,0,0,0,0,0,0.6949879,0.70678,0.6997927,0,0.6963401,0.7417585,0.9162003,1,0.9121156,0,0,0,0,0,0,0,0,0,0,0,0,0,0,0,0,0,0,0,0,0,0,0,0,0,0,0.7116153,0.7503622,0.8187503,0.8391213,0.7921653,0.9901984,1,0.837341,0,0,0,0,0,0,0,0,0,0,0,0,0,0,0,0,0,0,0,0,0,0,0,0.754564,0.7760867,0.7666581,0.7975051,0.8017278,0.8431953,0.8522433,0.9294591,1,0.8692272,0,0,0,0,0,0,0,0,0,0,0,0,0,0
0,0,0,0,0,0,0,0,0,0,0,0,0,0.7355105,0.7465445,0.8997181,1,0.9287887,0,0.7249712,0.7077482,0,0,0,0,0,0,0,0,0,0,0,0,0,0,0,0,0,0,0,0,0,0,0,0.8045005,0.8911107,0.871477,0.875353,0.960886,1,0.9203157,0.7669406,0,0,0,0,0,0,0,0,0,0,0,0,0,0,0,0,0,0,0,0,0,0,0,0,0.6230788,0.7324163,0.7167345,0.7061843,0,0.9175348,1,0.9055007,0.6523458,0.6321059,0.6576123,0.6453558,0,0,0,0,0,0,0,0,0,0,0,0,0,0,0,0,0,0,0,0,0,0,0.6165989,0,0,0,0.8273705,1,0.9845765,0.8475387,0.7712818,0.7189866,0.6819165,0.6674088,0.6286737,0,0,0,0,0,0,0,0,0,0,0,0,0,0,0,0,0,0,0,0,0,0.7712615,0.7771066,0.8504128,0.8751215,0.97889,1,0.8773712,0.6943927,0.6788966,0.6903024,0,0,0,0,0,0,0,0,0,0,0
0,0,0,0,0,0,0,0,0,0,0,0,0.7610483,0.808784,0.7671407,0.9085303,1,0.8632672,0.7454932,0,0,0.7963847,0.7606555,0,0,0,0,0,0,0,0,0,0,0,0,0,0,0,0,0,0,0,0,0,0,0,0.8405532,0.8596537,1,0.9661229,0,0,0,0,0,0,0,0,0,0,0,0,0,0,0,0,0,0,0,0,0,0,0,0,0,0,0,0.6810975,0.763233,0.7159743,0.7368569,0.9418847,1,0.8918377,0,0.743019,0,0,0,0,0,0,0,0,0,0,0,0,0,0,0,0,0,0,0,0,0,0,0,0,0,0.7486079,0.7472242,0.7591501,0.8902398,1,0.9678095,0.8281596,0.7522624,0,0,0.7058654,0,0,0,0,0,0,0,0,0,0,0,0,0,0,0,0,0,0,0,0.7615342,0.8173718,0,0,0.7839534,0.8562769,0.9490927,0.892291,1,0.8592991,0.7960483,0.8031045,0,0,0,0,0,0,0,0,0,0,0,0
0,0,0,0,0,0,0,0,0,0.6555167,0.6983789,0,0,0.6628445,0,0.8974525,1,0.901696,0.7194847,0.6726395,0,0.7535219,0.7504414,0.7195114,0,0,0,0,0,0,0,0,0,0,0,0,0,0,0,0,0,0,0,0,0.8129352,0.8341185,0.8037718,0.7512295,0.8528295,1,0.9611493,0,0,0,0,0,0,0,0,0,0,0,0,0,0,0,0,0,0,0,0,0,0,0,0.6439398,0.6803021,0.6955605,0.7552668,0.6920512,0.6666689,0.6716603,0.9231209,1,0.9022427,0.7045888,0.6072521,0,0,0,0,0,0,0,0,0,0,0,0,0,0,0,0,0,0,0,0,0,0,0,0.6680648,0.7572605,0.7494849,0,0.6993396,0.8260593,1,0.9883828,0.7998407,0.6941072,0.6902967,0.7007272,0,0,0,0,0,0,0,0,0,0,0,0,0,0,0,0,0,0,0,0,0,0,0,0.7589124,0.7014243,0.7100823,0.8709714,0.9835188,1,0.8384014,0.7338363,0,0,0,0,0,0,0,0,0,0,0,0,0
0,0,0,0,0,0,0,0,0,0,0,0,0.6929048,0.6660867,0.6957581,0.9097052,1,0.9200591,0,0,0,0,0,0,0,0,0,0,0,0,0,0,0,0,0,0,0,0,0,0,0,0,0,0,0,0.779884,0.7470207,0,0.875757,1,0.9295437,0,0.7652525,0.7402495,0,0,0,0,0,0,0,0,0,0,0,0,0,0,0,0,0,0,0,0,0,0,0,0.6707995,0.6951063,0.6225191,0.6722168,0.9324478,1,0.9020675,0,0,0.6398264,0.6155072,0,0,0,0,0,0,0,0,0,0,0,0,0,0,0,0,0,0,0,0,0,0.7278446,0.7045135,0.6977251,0.6405126,0.7055022,0.8462418,1,0.9783711,0.7108707,0,0.6375312,0.6581156,0,0,0,0,0,0,0,0,0,0,0,0,0,0,0,0,0,0,0,0,0.7062791,0.7626497,0.8115802,0.746137,0,0,0.7853104,0.9484345,1,0.8473528,0.7335911,0.7537381,0,0,0,0,0,0,0,0,0,0,0,0
0,0,0,0,0,0,0,0,0,0,0,0,0.6937053,0.7328289,0.7308624,0.8979666,1,0.9112409,0,0,0,0,0,0,0,0,0,0,0,0,0,0,0,0,0,0,0,0,0,0,0,0,0,0,0,0.7619606,0.778383,0,0.9042307,1,0.9119048,0.7975552,0,0,0,0,0,0,0,0,0,0,0,0,0,0,0,0,0,0,0,0,0,0,0,0,0,0,0.699723,0.7520275,0.7715371,0.9578311,1,0.8631564,0.7181405,0,0,0,0,0,0,0,0,0,0,0,0,0,0,0,0,0,0,0,0,0,0,0,0,0,0.6711229,0.6715874,0,0.6789564,0.8285178,1,0.9933597,0.81525,0,0,0,0,0,0,0,0,0,0,0,0,0,0,0,0,0,0,0,0,0,0,0,0,0,0,0,0.7217283,0.7394916,0.7208236,0.9852411,1,0.8374843,0,0,0,0,0,0,0,0,0,0,0,0,0,0
