GestureName: p
Duration(ms): 1034
Handedness: right

SpeakerAngles: 5
55
-55
0
0
110

SpeakerElevations: 5
-10
-10
-10
0
30

InterpretedPoints: 22
5.68949337220784,11.1160798659381,1.08987004566377
8.91632250865424,11.826245286108,1.43716640099763
11.3435347582268,10.1408720246002,2.97905546699921
4.04062681779577,5.9176752121651,-0.715537243668512
-11.3506251554646,-18.8828598440834,-1.39527733499604
-9.71593939552806,-18.3667012577007,-0.0689255126629749
-9.72302979276584,-14.5208328504988,-0.916221867996835
-10.5297370768774,-14.9407780820474,-0.916221867996835
-9.71593939552806,-15.2369762147735,-0.416221867996835
-2.42721224957257,-5.78795016923785,0.368240888334652
-0.806707284111599,-2.54967027447583,0.347296355333861
0.813797681349374,1.68860962028618,0.32635182233307
3.2551907253975,9.96831182603585,0.0898700456637662
3.26228112263527,8.29774520272462,1.11081457866456
3.29064271158637,16.4413588126511,1.37433280199525
5.72494535839672,24.6428906605416,1.15879555832674
4.11862118741129,29.8659783083158,0.96420284765902
9.76557217619249,33.8200159585612,-0.251334396009493
4.07607880398464,19.490062747732,-0.125667198004747
2.4201218523348,0.305412435609129,0.520944533000791
1.6134145682232,-5.09934054895166,0.694592710667721
0,-1.96961550602442,0.347296355333861

StrokePoints: 23
0,0,0
5.68949337220784,11.1160798659381,1.08987004566377
14.6058158808621,22.942325152046,2.52703644666139
25.9493506390889,33.0831971766462,5.5060919136606
29.9899774568847,39.0008723888113,4.79055466999209
18.6393523014201,20.1180125447279,3.39527733499604
8.92341290589201,1.75131128702721,3.32635182233307
-0.799616886873828,-12.7695215634716,2.41012995433623
-11.3293539637513,-27.7102996455191,1.4939080863394
-21.0452933592793,-42.9472758602925,1.07768621834256
-23.4725056088519,-48.7352260295304,1.44592710667721
-24.2792128929635,-51.2848963040062,1.79322346201107
-23.4654152116141,-49.59628668372,2.11957528434414
-20.2102244862166,-39.6279748576842,2.20944533000791
-16.9479433635814,-31.3302296549595,3.32025990867247
-13.657300651995,-14.8888708423084,4.69459271066772
-7.93235529359827,9.75401981823316,5.85338826899446
-3.81373410618697,39.619998126549,6.81759111665348
5.95183807000551,73.4400140851102,6.56625672064399
10.0279168739902,92.9300768328422,6.44058952263924
12.448038726325,93.2354892684513,6.96153405564003
14.0614532945482,88.1361487194996,7.65612676630775
14.0614532945482,86.1665332134752,8.00342312164161

Velocities: 22
4,3,4
4,-1,6
2,-5,6
4,0,3
-6,0,-9
-7,0,-7
-6,0,-6
-6,1,-7
-6,1,-7
-2,0,-3
-1,0,-1
0,0,1
2,2,7
2,3,3
3,8,7
6,10,9
5,12,12
12,12,12
6,7,5
0,-3,0
0,-2,-2
0,0,-2

InverseVelocities: 22
0,0,0
0,0,-2
-4,0,-6
-6,0,-11
0,0,0
0,0,0
0,0,0
0,0,0
0,-1,0
0,0,0
0,0,0
0,0,0
-2,0,-2
0,0,0
0,0,0
0,0,0
0,0,0
0,-1,-2
0,-1,-2
0,0,0
0,0,0
0,0,0

RawData: 22
0,0,0,0,0,0,0,0,0,0,0,0,0,0,0,0.9181198,1,0.8996283,0,0.7621678,0.8226481,0.8182219,0.7513566,0.743013,0,0,0,0,0,0,0,0,0,0,0,0,0,0,0,0,0,0,0,0,0,0,0,0,0.8240393,1,0.9636039,0,0.9034373,0.9224963,0.8654494,0.7472321,0,0,0,0,0,0,0,0,0,0,0,0,0,0,0,0,0,0,0,0,0,0,0,0,0.7056262,0.9633454,1,0.8596927,0.7644125,0.7852029,0.8377448,0.8899574,0.8701156,0.8104997,0,0,0,0,0,0,0,0,0,0,0,0,0,0,0,0,0,0,0,0,0,0,0,0,0.8457813,1,0.9496603,0.7378017,0.7021774,0.8984494,0.9870138,0.9641055,0.9110323,0.8122818,0,0,0,0,0,0,0,0,0,0,0,0,0,0,0,0,0,0,0,0,0,0,0,0.8073817,0.9978725,1,0.8222703,0.8254442,0.7677615,0.9181055,0.9551972,0.8997947,0.8504434,0.7310062,0,0,0,0,0,0,0
0,0,0,0,0,0,0,0,0,0,0,0,0,0,0,0.913795,1,0.8964563,0,0.7621154,0.7897452,0.777423,0.784133,0.7309383,0,0,0,0,0,0,0,0,0,0,0,0,0,0,0,0,0,0,0,0,0,0.751191,0.7896122,0.8438902,0.9214284,1,0.932385,0.8171377,0.8023402,0,0,0,0,0,0,0,0,0,0,0,0,0,0,0,0,0,0,0,0,0,0,0,0,0.6669307,0.6715288,0,0.765402,0.9625282,1,0.8502198,0.770238,0.8732799,0.9256272,0.9043338,0.8500161,0.7978475,0.6897308,0.7133254,0,0,0,0,0,0,0,0,0,0,0,0,0,0,0,0,0,0,0,0,0,0,0.8251868,0.967005,0.914658,0.7505209,0.8848382,0.9774691,1,0.9421245,0.8665159,0.7951387,0.7498035,0,0,0,0,0,0,0,0,0,0,0,0,0,0,0,0,0,0,0,0,0.7454448,0.7579455,0,0.9852347,0.9908936,0.8278723,0.8576612,0.9315882,1,0.9875954,0.9011074,0.8113889,0.7082836,0,0,0,0,0,0,0
0,0,0,0,0,0,0,0,0,0.6614909,0.7104706,0.6627007,0.8113929,0.8832816,0.9291669,0.9789538,1,0.9205121,0.8186494,0.7221187,0.7132835,0.6927417,0,0,0,0,0,0,0,0,0,0,0,0,0,0,0,0,0,0,0,0.7463889,0.8186957,0.8240041,0,0,0,0.7375224,0.8873454,1,0.942368,0,0,0,0,0,0,0,0,0,0,0,0,0,0,0,0,0,0,0,0,0,0,0.6783158,0.6503234,0,0.7198306,0.7832919,0.8447983,0.9030702,0.8802415,0.912263,1,0.9253277,0.8878253,0.8271706,0.7969144,0.7344446,0,0.6859967,0.6859963,0.6510647,0,0,0,0,0,0,0,0,0,0,0,0,0,0,0,0.6748663,0.7112057,0.7383754,0.78846,0.8594995,0.9178146,0.9450872,0.9264711,1,0.9880971,0.9358824,0.8796494,0.8461308,0.7591746,0.7701981,0.7415432,0.6543114,0.6962996,0.7165538,0.639632,0,0,0,0,0,0,0,0,0,0,0,0,0,0,0,0.6819928,0.6716347,0.840234,0.8928416,0.9329994,0.921777,0.9919864,1,0.9474625,0.9043499,0.7897806,0.8324526,0.7454652,0.6844428,0,0.7012171,0.6611161,0,0,0,0,0,0
0,0,0,0,0,0,0,0.7453201,0.7268308,0.8815902,0.9489887,0.8092189,0.9553356,0.9890882,0.9574121,0.797735,1,0.8774775,0,0.7357792,0,0,0.6932138,0.677567,0,0,0,0,0,0,0,0,0,0,0,0,0,0,0,0,0,0,0,0,0,0,0,0,0.768064,1,0.9546878,0.7738348,0,0,0,0,0,0,0,0,0,0,0,0,0,0,0,0,0.6651238,0.6594154,0,0,0,0.662592,0.6966426,0.7401183,0.7712998,0.8785077,0.9739352,0.965158,0.9173582,0.9288476,1,0.8843936,0.7302481,0.7354972,0.7039482,0.6558082,0.6704037,0,0,0,0,0,0,0,0,0,0,0,0,0,0.6421919,0.6456232,0.681913,0,0.6925086,0.7027859,0.8190269,0.8464636,0.8201802,0.9805157,1,0.9638447,0.7519996,0.9830982,0.9000977,0.6637335,0.7618394,0.7217353,0,0,0,0,0,0,0,0,0,0,0,0,0,0,0,0,0.7308099,0.770735,0.7185834,0,0.7412893,0.7926828,0.7479132,0.7933038,0.9520262,1,0.9872449,0.9099403,0.9050385,0.9706614,0.8134505,0.751651,0.6844768,0,0,0,0,0,0,0,0,0,0,0,0
0,0,0,0,0,0,0,0.8514829,0.8875324,0.8767806,0.9287202,0.9124154,0.7681119,0.7996945,0.7719771,0.9208453,1,0.8916479,0,0,0,0,0,0,0,0,0,0,0,0,0,0,0,0,0,0,0,0,0,0,0,0,0,0,0,0,0,0,0,0.9841203,1,0.8357965,0,0,0,0,0,0,0,0,0,0,0,0,0,0,0,0,0,0,0.7062039,0.736514,0,0.7467907,0,0.8155008,0.847712,0.7930263,0.8162092,0.7589216,0,0.9544235,1,0.8942248,0,0,0,0,0,0,0,0,0,0,0,0,0,0,0,0,0,0,0,0.7703456,0.7720256,0.7916499,0.8313635,0.7294194,0.8087194,0.8449535,0.8163136,0.8161782,0.7389576,0.7597277,0.908587,1,0.9472798,0,0,0,0,0,0,0,0,0,0,0,0,0,0,0,0,0,0,0,0,0.8353447,0.8182169,0.8722531,0.8405586,0.7980287,0.8106521,0.8183877,0,0,0,0.7801056,0.9630961,1,0.8464731,0,0,0,0,0,0,0,0,0,0,0,0,0,0
0,0,0,0,0,0,0.7549231,0.8174227,0.8738653,0.8161247,0.7266899,0.7449543,0.7470615,0,0.7182146,0.9287925,1,0.9085011,0,0,0,0,0,0,0,0,0,0,0,0,0,0,0,0,0,0,0,0,0,0,0,0,0,0,0,0,0,0,0.921977,0.9822101,0.9989464,1,0.9038485,0,0,0,0,0,0,0,0,0,0,0,0,0,0,0,0,0,0,0,0.7101406,0.7306104,0.8006787,0.7484606,0,0.6981364,0.701431,0,0.6835766,0.9472791,1,0.9008933,0,0,0,0,0,0,0,0,0,0,0,0,0,0,0,0,0,0,0,0.694342,0,0,0.7284867,0.8315433,0.8152941,0.7630582,0,0.6874075,0,0,0.8475569,1,0.9639093,0.71526,0,0,0,0,0,0,0,0,0,0,0,0,0,0,0,0,0,0,0,0,0,0,0.8344793,0.8351105,0,0,0,0,0,0.7527516,0.9831582,1,0.8062479,0,0,0,0,0,0,0,0,0,0,0,0,0,0
0,0,0,0,0,0,0,0.8012772,0.8521771,0,0,0,0,0,0.7803136,0.9542794,1,0.871687,0,0,0,0,0,0,0,0,0,0,0,0,0,0,0,0,0,0,0,0,0,0,0,0,0,0,0,0,0,0,0.8289042,1,0.987269,0,0,0,0,0,0,0,0,0,0,0,0,0,0,0,0,0,0,0,0,0,0,0.7818844,0,0,0.6960271,0.70042,0,0,0.7363889,0.9603959,1,0.868968,0,0,0,0,0,0,0,0,0,0,0,0,0,0,0,0,0,0,0,0,0,0.693673,0.7725584,0.7027107,0,0,0,0,0,0.7032009,0.883064,1,0.9703869,0.7754938,0,0,0,0,0,0,0,0,0,0,0,0,0,0,0,0,0,0,0,0,0,0.7861446,0.7793055,0.7485153,0.7442643,0,0,0,0,0,0.9661198,1,0.8168302,0,0,0,0,0,0,0,0,0,0,0,0,0,0
0,0,0,0,0,0,0,0.8709166,0.8860438,0,0,0,0,0,0,0.9108616,1,0.9037535,0,0,0,0,0,0,0,0,0,0,0,0,0,0,0,0,0,0,0,0,0,0,0,0,0,0,0,0,0.838663,0.8926079,0.8498641,0.9946076,1,0.916322,0.9214633,0.8193465,0,0,0,0,0,0,0,0,0,0,0,0,0,0,0,0,0,0,0.750455,0.8341743,0.7951771,0.8524821,0.7782178,0,0.7485551,0.7294604,0.7157758,0.9840857,1,0.8399369,0.8346608,0.779929,0,0,0,0,0,0,0,0,0,0,0,0,0,0,0,0,0,0,0,0.7373125,0.8153114,0.7692132,0.7614854,0.7036805,0.730186,0.7269322,0.6900343,0.7109602,0.8754171,1,0.9723455,0.7804908,0,0.6789427,0.6968705,0.685245,0.6736836,0,0,0,0,0,0,0,0,0,0,0,0,0,0,0,0,0.7639135,0.7717566,0.7739174,0,0.7573091,0.7727751,0,0.7333029,0.7966354,0.9700785,1,0.8708214,0,0,0,0,0,0,0,0,0,0,0,0,0,0
0,0,0,0,0,0,0,0.6858488,0.7790413,0.8283406,0.8464716,0.8141779,0.7021766,0,0.7077076,0.941328,1,0.8635948,0,0,0,0,0,0,0,0,0,0,0,0,0,0,0,0,0,0,0,0,0,0,0,0,0,0,0,0.7142125,0.8062144,0.8361635,0.7272268,0.9973301,1,0.8426364,0.7159069,0.7684659,0,0,0,0,0,0,0,0,0,0,0,0,0,0,0,0,0,0,0.6804208,0.6610572,0.7768683,0.8217783,0.8350956,0.7423612,0,0.6786572,0.7270409,0.9359585,1,0.9139538,0.688651,0.6950774,0,0,0,0,0,0,0,0,0,0,0,0,0,0,0,0,0,0,0,0.6795294,0.6968755,0.7971081,0.8166262,0.8808101,0.8355399,0.7896563,0,0.7317973,0.8840377,1,0.6828222,0.8787144,0.7369364,0,0,0,0,0,0,0,0,0,0,0,0,0,0,0,0,0,0,0,0,0,0.6732028,0.7366034,0.817522,0.8200743,0,0.7607627,0.6695201,0,0.9457274,1,0.876968,0.7385347,0.7723932,0,0,0,0,0,0,0,0,0,0,0,0
0,0,0,0,0,0,0,0,0,0,0,0.7996933,0.8494632,0.8407749,0.779068,0.9357067,1,0.903978,0,0,0,0,0,0,0,0,0,0,0,0,0,0,0,0,0,0,0,0,0,0,0,0,0,0,0,0,0,0,0.7908955,0.9923348,1,0.8558948,0,0,0,0,0,0,0,0,0,0,0,0,0,0,0,0,0,0,0,0,0,0,0,0,0.6962453,0.7928356,0.8356743,0.7947782,0,0.9388071,1,0.8746138,0.7725194,0,0,0,0,0,0,0,0,0,0,0,0,0,0,0,0,0,0,0,0,0,0,0,0,0,0.7904987,0.8214158,0.8074386,0.7930129,0.8805033,1,0.9608189,0,0.718794,0,0,0,0,0,0,0,0,0,0,0,0,0,0,0,0,0,0,0,0,0,0,0,0,0,0.8973509,0.9034133,0,0.8402853,0.9723403,1,0.9729109,0.8177791,0.8280565,0,0,0,0,0,0,0,0,0,0,0,0
0,0,0,0,0,0,0,0,0,0,0,0,0.7292881,0.815886,0.8597112,0.8448378,1,0.9311988,0.6819289,0,0,0,0,0,0,0,0,0,0,0,0,0,0,0,0,0,0,0,0,0,0,0,0,0,0,0,0,0,0.8669501,1,0.8962606,0.8907112,0.7573486,0,0,0,0,0,0,0,0,0,0,0,0,0,0,0,0,0,0,0,0,0,0,0,0,0,0.7216737,0.8252341,0.8515182,0.9060748,1,0.8873976,0.7131664,0.6933442,0,0,0,0,0,0,0,0,0,0,0,0,0,0,0,0,0,0,0,0,0,0,0,0,0,0.7124236,0.8081639,0.841434,0.7796915,1,0.9933888,0.8077216,0,0,0,0,0,0,0,0,0,0,0,0,0,0,0,0,0,0,0,0,0,0,0,0,0,0,0,0.8432462,0.9234779,0.940643,0.9634642,1,0.9995765,0.8558328,0,0,0,0,0,0,0,0,0,0,0,0,0
0,0,0,0,0,0,0,0,0,0,0,0,0,0,0.7358453,0.9166201,1,0.8920718,0.6754408,0,0,0,0,0,0,0,0,0,0,0,0,0,0,0,0,0,0,0,0,0,0,0,0,0,0,0,0,0,0.7532926,0.9848241,1,0.8368025,0.8269219,0,0,0,0,0,0,0,0,0,0,0,0,0,0,0,0,0,0,0,0,0,0,0,0,0,0,0,0.682048,0.9544824,1,0.8805734,0.7499251,0.665224,0.6534578,0,0,0,0,0,0,0,0,0,0,0,0,0,0,0,0,0,0,0,0,0,0,0,0,0,0,0.7119593,0.8641659,1,0.9560782,0.7506497,0.7601324,0.6657773,0,0,0,0,0,0,0,0,0,0,0,0,0,0,0,0,0,0,0,0,0,0,0,0,0,0,0.8408726,0.9561923,0.9828728,1,0.9927822,0.9848334,0.9206712,0,0,0,0,0,0,0,0,0,0,0,0
0,0,0,0,0,0,0,0,0,0,0,0.6258931,0.6514012,0,0,0.8909647,1,0.9199048,0.8038099,0.6396886,0.6396744,0.6477923,0,0,0,0,0,0,0,0,0,0,0,0,0,0,0,0,0,0,0,0,0,0,0,0,0,0,0.8452668,1,0.9594877,0.7948822,0.8065144,0.8420609,0.7622567,0,0,0,0,0,0,0,0,0,0,0,0,0,0,0,0,0,0,0,0,0,0,0.6334376,0.6806229,0.6395525,0.6446035,0.9095422,1,0.9234728,0.7797557,0.8328554,0.8115928,0.7071239,0.5874625,0,0,0.5998842,0.6076815,0,0,0,0,0,0,0,0,0,0,0,0,0,0,0,0,0,0,0.6590821,0.6435626,0,0.8176439,1,0.9718412,0.7373611,0,0.8058308,0.757512,0,0,0,0,0,0,0,0,0,0,0,0,0,0,0,0,0,0,0.6848858,0.6711135,0,0,0,0.7199145,0.7217862,0.6923704,0.7141029,0.9214206,0.9852198,1,0.9694337,0.8401204,0.8262519,0.7608604,0.6867713,0,0,0,0,0,0,0,0,0
0,0,0,0,0,0,0,0,0,0,0,0,0,0,0,0.9441552,1,0.9067599,0.7895823,0.8538011,0.8456218,0.7706323,0,0,0,0,0,0,0,0,0,0,0,0,0,0,0,0,0,0,0,0,0,0,0,0,0,0,0.8910911,0.981577,1,0.9475291,0,0,0.955463,0.9346285,0,0,0,0,0,0,0,0,0,0,0,0,0,0,0,0,0,0,0,0,0,0,0,0,0,0.9416296,1,0.8853173,0.8206745,0.8619832,0.7986192,0.8214901,0.765156,0,0,0,0,0,0,0,0,0,0,0,0,0,0,0,0,0,0,0,0,0,0,0,0,0,0.8772593,1,0.9773613,0.7864692,0.8455489,0.8418658,0,0.7884694,0.7590891,0,0,0,0,0,0,0,0,0,0,0,0,0,0,0,0,0,0,0,0,0,0,0,0,0.9073361,0.9783747,1,0,0.8860934,0.9897316,0.9933475,0.9343473,0.9400461,0.8854389,0,0,0,0,0,0,0,0
0,0,0,0,0,0,0,0,0,0,0,0,0,0,0.7562299,0.8992803,1,0.9242745,0,0,0.8166199,0.8558449,0.7897075,0,0,0,0,0,0,0,0,0,0,0,0,0,0,0,0,0,0,0,0,0,0,0,0,0.8180273,0.9741544,1,0.9007388,0.8578972,0,0,0,0.8536314,0.9146333,0.9174889,0.9184523,0.8864889,0.831466,0,0,0,0,0,0,0,0,0,0,0,0,0,0,0,0,0,0,0,0,0.946142,1,0.903544,0,0.7213052,0.7722648,0.8151938,0.8064048,0.8000041,0.7644002,0.72342,0.7479883,0,0,0,0,0,0,0,0,0,0,0,0,0,0,0,0,0,0,0,0,0,0.8600376,1,0.9574427,0,0,0,0.7965311,0.8482032,0.7278354,0.8079358,0.7648156,0,0,0,0,0,0,0,0,0,0,0,0,0,0,0,0,0,0,0,0,0,0,0,0.953716,1,0.91732,0,0,0.865633,0.8720066,0.9295821,0.9007597,0.9187918,0.8695323,0.8342679,0.8070648,0,0,0,0
0,0,0,0,0,0,0,0,0,0,0,0,0,0,0,0.8912089,1,0.9099557,0.7624554,0.7370083,0,0,0.7286,0.730947,0.7336321,0.6858413,0,0,0,0,0,0,0,0,0,0,0,0,0,0,0,0,0,0,0,0,0,0.8797016,1,0.991915,0.9600719,0.8889746,0.8033046,0.840459,0.8438663,0,0,0,0.8520499,0.9434236,0.9856026,0.9239698,0.7817278,0,0,0,0,0,0,0,0,0,0,0,0,0,0,0,0,0,0.7499466,0.9024862,1,0.9040102,0.7784871,0.7013828,0,0.6951889,0.7943617,0.8252168,0.7095614,0.7783874,0.7813893,0.702747,0.7184226,0,0,0,0,0,0,0,0,0,0,0,0,0,0,0,0,0,0,0,0.8116292,1,0.9843343,0.7400139,0,0,0,0.6737154,0.8651077,0.8102404,0.7416734,0.7938432,0.7649884,0.6784562,0.7212483,0,0,0,0,0,0,0,0,0,0,0,0,0,0,0,0,0,0.7322786,0.885225,0.9926039,1,0.833978,0,0.7088919,0.7269089,0,0.8382241,0.9059052,0.7771481,0.795257,0.8561421,0.850567,0.8615778,0.7385902,0,0
0,0,0,0,0,0,0,0,0,0,0,0,0,0,0,0.9135659,1,0.9092503,0.7115135,0.699582,0,0,0.7262885,0.7243919,0.7444489,0,0,0,0,0,0,0,0,0,0,0,0,0,0,0,0,0,0,0,0,0,0,0.8217637,0.8707066,0.9836885,0.9823444,0.8534784,0,0,0,0.8500683,0.8678373,0.8587745,0.9622021,1,0.9895555,0.977006,0.9795253,0.8836566,0.8441273,0.8926636,0,0,0,0,0,0,0,0,0,0,0,0,0,0.6973223,0.6765556,0.9315463,1,0.8963134,0.6983024,0,0,0,0.7564982,0.8120157,0.7466847,0.6967298,0.7726671,0.7613618,0.7017644,0.7262231,0.6608739,0.7334195,0.7626189,0,0,0,0,0,0,0,0,0,0,0,0,0,0,0,0.8273385,1,0.9709274,0,0,0,0.6861979,0.8321797,0.9080325,0.8785606,0,0.7886349,0.813143,0.7444413,0.7194925,0.7059507,0.7141386,0.7298208,0,0,0,0,0,0,0,0,0,0,0,0,0,0,0.7521042,0,0.9479753,1,0.8281094,0.7309882,0.7716011,0.737431,0,0.873717,0.890305,0.8403874,0.7496206,0.8173638,0.8724123,0.845359,0.8069637,0.7490699,0
0,0,0,0,0,0,0,0,0,0,0,0,0,0,0.6814981,0.9190313,1,0.9038032,0.775669,0.707697,0.6620342,0.7428023,0.7385129,0.7549139,0.6880054,0.7938168,0.7758733,0.6807157,0.6624714,0.6991658,0.7659988,0.7324967,0.6350999,0,0,0,0,0,0,0,0,0,0,0,0,0.8104879,0.8742923,0.9572936,0.9288588,0.9351064,0.9661114,0.9700819,0.966333,0.9763682,0.9269472,0.9383744,0.9300946,0.8972584,0.8628893,1,0.955524,0.9137803,0.970303,0.9391888,0.8947601,0.9562809,0,0,0,0,0,0,0,0,0,0,0,0.618738,0.6542405,0,0.6502104,0.9247538,1,0.8865824,0.6278377,0.6202946,0.7289368,0.8143097,0.8226459,0.8196382,0.7526025,0.6806609,0.6582177,0.7280595,0.6616489,0.7374447,0.6774751,0.7349374,0.7956486,0,0,0,0,0,0,0,0,0,0,0,0.6365094,0.6242822,0.6604229,0,0.8307866,1,0.9747201,0.7688102,0.7727087,0.7516552,0.6834948,0.8449013,0.7419715,0.8140836,0.7412452,0.7622247,0.740267,0.739534,0.7143413,0.7030905,0.6789758,0.8040785,0,0,0,0,0,0,0,0,0,0,0,0,0,0,0.755563,0.7754995,0.8907372,1,0.9084157,0.7286988,0.7609631,0.8131549,0.8260978,0.8349506,0.6806784,0.7324691,0.7932742,0.7117566,0.8134263,0.828169,0.7700374,0.734576,0.6629358
0,0,0,0,0,0,0,0,0,0,0,0,0,0,0,0.9007773,1,0.8847314,0.8365571,0,0.8151617,0,0,0,0.8102564,0.7841419,0,0,0,0,0,0,0,0,0,0,0,0,0,0,0,0,0,0,0,0.9395115,0.9465533,0,0.9273137,0,0,0.9445775,1,0.9866729,0,0,0,0,0,0.9350519,0,0,0,0,0,0,0,0,0,0,0,0,0,0,0,0,0,0.7608721,0.7816076,0,0,0.930179,1,0.8978811,0,0,0,0.788528,0,0.769631,0.7756615,0,0,0,0,0,0,0,0,0,0,0,0,0,0,0,0,0,0,0,0,0,0,0,0.8318202,1,0.988568,0.8318825,0.8007759,0,0.7836598,0.7753086,0.7833094,0.770393,0,0,0.8043903,0.812062,0,0,0,0,0,0,0,0,0,0,0,0,0,0,0,0,0,0,0,0,0.9829523,1,0.9069179,0.8388249,0,0,0,0,0,0.8283141,0,0,0,0,0,0,0
0,0,0,0,0,0,0,0,0,0,0,0,0,0,0,0.9030175,1,0.9577641,0.8047537,0,0,0,0,0,0,0,0,0,0,0,0,0,0,0,0,0,0,0,0,0,0,0,0,0.9482147,0.9117473,0.9395557,0,0.9166687,0.8895221,0.9827442,1,0.9507415,0.9162549,0,0,0,0,0,0,0,0,0,0,0,0,0,0,0,0,0,0,0,0,0,0,0,0,0,0,0,0,0.9372378,1,0.9164864,0,0,0,0,0,0,0,0,0,0,0,0,0,0,0,0,0,0,0,0,0,0,0,0,0,0,0,0,0,0,0.8366893,1,0.9441758,0.814353,0.8245797,0.8497161,0.8104563,0,0,0,0,0,0,0,0,0,0,0,0,0,0,0,0,0,0,0,0,0,0,0,0,0,0,0,0.9245632,1,0.9520347,0,0,0,0,0,0,0,0,0,0,0,0,0,0
0,0,0,0,0,0,0,0,0,0,0,0,0,0,0,0.936991,1,0.8489724,0,0,0,0,0,0,0,0,0,0,0,0,0,0,0,0,0,0,0,0,0,0,0,0,0,0,0.9036096,0.9223655,0,0.8547052,0.8086618,1,0.9514776,0,0,0,0,0,0,0,0,0,0,0,0,0,0,0,0,0,0,0,0,0,0,0,0,0,0,0.7155887,0.7044001,0.6868564,0.6886683,0.9341962,1,0.903313,0,0,0,0,0,0,0,0,0,0,0,0,0,0,0,0,0,0,0,0,0,0,0,0,0,0,0.7232218,0.7563816,0.7489255,0,0.850711,1,0.9801091,0.7842776,0.7155704,0,0,0,0,0,0,0,0,0,0,0,0,0,0,0,0,0,0,0,0,0,0,0,0,0,0,0,0.7928225,0.8698763,1,0.8969054,0.9861178,0.8127527,0,0,0,0,0,0,0,0,0,0,0,0,0
0,0,0,0,0,0,0,0,0,0,0,0,0,0,0,0.9247609,1,0.9138744,0.7121497,0,0,0,0,0,0,0,0,0,0,0,0,0,0,0,0,0,0,0,0,0,0,0,0,0,0,0,0.8593144,0.9006375,0.8675774,1,0.9760281,0.8337278,0,0,0,0,0,0,0,0,0,0,0,0,0,0,0,0,0,0,0,0,0,0,0,0,0,0.690977,0.7152972,0.7138836,0.8055153,0.9757438,1,0.852841,0.7511297,0,0,0,0,0,0,0,0,0,0,0,0,0,0,0,0,0,0,0,0,0,0,0,0,0,0,0,0,0,0.8640409,1,0.9513281,0.7454244,0,0,0,0,0,0,0,0,0,0,0,0,0,0,0,0,0,0,0,0,0,0,0,0,0,0,0,0,0,0.8114101,0.9282228,1,0.9515653,0.7986749,0,0,0,0,0,0,0,0,0,0,0,0,0
