GestureName: p
Duration(ms): 1316
Handedness: right

SpeakerAngles: 5
55
-55
0
0
110

SpeakerElevations: 5
-10
-10
-10
0
30

InterpretedPoints: 28
-4.88278608809624,-14.8106674303289,-0.568925512662975
-0.0141807944755501,-13.6904331344151,1.25742630967009
0,-0.984807753012208,0.17364817766693
0.813797681349374,1.68860962028618,0.32635182233307
0.813797681349374,4.94805970614068,-0.368240888334652
4.88278608809624,17.7650906893656,0.0479809796621837
6.48911025908166,17.4964263006279,-0.278370842670886
9.73721058724139,17.0429693809863,1.39527733499604
14.5703638946732,12.2554048205397,2.45811093399842
2.42721224957257,-14.0897406372773,2.41012995433623
-8.12379601901819,-8.46953418370646,-2.61081457866456
-8.91632250865424,-30.5134420617447,1.68850079700712
-6.48911025908166,-16.5116185476157,0.104722665003955
-9.72302979276584,-14.5208328504988,-0.916221867996835
-6.47492946460611,-11.8597569742011,0.236481776669304
-4.85442449914514,-8.62147707943907,0.215537243668512
-0.806707284111599,-1.41994523154858,0
1.62759536269875,1.39241148756016,0.82635182233307
2.44139304404812,0.0962133548341365,1.32635182233307
2.46266423576145,11.1160798659381,1.08987004566377
3.2835523143486,15.1878866709013,1.22162915732911
6.53165264250831,19.9634953431385,1.85338826899446
8.95177449484311,25.757423456481,0.63785102532595
8.13797681349374,24.2289233730977,0.31149920299288
2.46975463299922,19.7435348894818,0.0270364466613926
-0.792526489636049,-2.96676475603726,1.52094453300079
0.813797681349374,-0.281005885738232,0.67364817766693
0,0,0

StrokePoints: 29
0,0,0
-4.88278608809624,-14.8106674303289,-0.568925512662975
-4.89696688257179,-28.5011005647441,0.68850079700712
-4.89696688257179,-29.4859083177563,0.86214897467405
-4.08316920122242,-27.7972986974701,1.18850079700712
-3.26937151987305,-22.8492389913294,0.820259908672468
1.6134145682232,-5.08414830196388,0.868240888334652
8.10252482730486,12.4122779986641,0.589870045663766
17.8397354145462,29.4552473796503,1.98514738065981
32.4100993092194,41.71065220019,4.44325831465823
34.837311558792,27.6209115629127,6.85338826899446
26.7135155397738,19.1513773792062,4.24257369032991
17.7971930311196,-11.3620646825385,5.93107448733702
11.3080827720379,-27.8736832301542,6.03579715234098
1.58505297927209,-42.3945160806531,5.11957528434414
-4.88987648533402,-54.2542730548542,5.35605706101345
-9.74430098447916,-62.8757501342932,5.57159430468196
-10.5510082685908,-64.2956953658418,5.57159430468196
-8.92341290589202,-62.9032838782816,6.39794612701503
-6.4820198618439,-62.8070705234475,7.7242979493481
-4.01935562608245,-51.6909906575095,8.81416799501186
-0.735803311733854,-36.5031039866082,10.035797152341
5.79584933077446,-16.5396086434697,11.8891854213354
14.7476238256176,9.21781481301138,12.5270364466614
22.8856006391113,33.4467381861091,12.8385356496543
25.3553552721105,53.1902730755909,12.8655720963157
24.5628287824745,50.2235083195536,14.3865166293165
25.3766264638239,49.9425024338154,15.0601648069834
25.3766264638239,49.9425024338154,15.0601648069834

Velocities: 28
-5,-5,-4
-2,-4,-7
0,0,-1
0,0,1
2,2,1
5,5,7
6,3,7
6,2,7
5,-6,7
-5,-7,1
-7,-5,4
-10,-5,-12
-6,-3,-6
-6,0,-6
-5,0,-5
-4,0,-3
0,1,-1
0,0,1
0,0,1
2,5,4
3,7,6
5,8,8
9,9,10
10,10,7
5,9,6
-1,2,-4
0,0,-1
0,0,0

InverseVelocities: 28
0,0,3
0,0,1
0,0,0
0,0,0
0,0,0
-2,0,-3
0,0,0
0,0,0
-3,0,-7
0,0,-8
0,0,-8
0,0,0
0,0,0
0,0,0
0,0,0
0,0,3
0,0,0
0,0,0
0,0,0
0,0,0
0,0,0
0,0,0
0,0,0
0,-1,0
-4,-4,-4
0,-3,0
0,0,0
0,0,0

RawData: 28
0,0,0,0,0,0,0,0,0.6233326,0.7084052,0.6791328,0.6271344,0,0.7281489,0.7044148,0.9587889,1,0.8447133,0,0,0,0,0,0,0,0,0,0,0,0,0,0,0,0,0,0,0,0,0,0,0,0.7306025,0.810006,0.7266204,0.8023633,0.8439561,0.9551938,0.9810038,1,0.9935712,0.9691338,0.8755081,0,0,0,0,0,0,0,0,0,0,0,0,0,0,0,0,0,0,0,0,0,0,0,0.7478456,0.8235567,0.8006492,0.7298827,0.7500372,0.825258,0.9235787,1,0.8605322,0,0,0.6535489,0.6219933,0.619914,0,0,0,0,0,0,0,0,0,0,0,0,0,0,0,0,0.6220286,0.6827348,0.6567704,0.7313475,0.8323168,0.7795063,0.6693327,0.6971927,0.8409512,0.9086877,1,0.9486014,0.7041939,0,0,0.6409487,0.6303114,0.6093955,0,0,0,0,0,0,0,0,0,0,0,0,0,0,0,0,0.6848434,0.7320253,0.6761164,0.7332004,0.7194691,0.7181507,0.7897587,0.8120887,0.8207373,0.9055892,1,0.9092535,0.7477189,0.762085,0.7229714,0,0.7110304,0,0,0,0,0,0,0,0,0
0,0,0,0,0,0,0,0,0,0,0,0.6806796,0.6883191,0,0.7565882,0.916479,1,0.8781034,0,0,0,0,0,0,0,0,0,0,0,0,0,0,0,0,0,0,0,0,0,0,0,0,0.7969702,0,0,0.8465651,0,0.8301463,0.9757043,1,0.9701791,0.8532473,0,0,0,0,0,0,0,0,0,0,0,0,0,0,0,0,0,0,0,0,0.6381491,0.6494614,0,0.6611397,0.7324142,0.7685001,0.7229434,0.7234057,0.7669796,0.9682122,1,0.8280517,0.6803618,0.6781586,0.6435515,0,0,0,0,0,0,0,0,0,0,0,0,0,0,0,0,0,0,0,0,0,0.6818457,0.7288187,0.7937179,0.7488936,0,0.7850333,0.8973348,1,0.9708797,0.7922894,0,0,0,0,0,0,0,0,0,0,0,0,0,0,0,0,0,0,0,0,0,0,0,0,0,0.7787587,0.7929313,0.7585033,0.7603944,0.7671667,0.9744016,1,0.7039349,0.7968332,0,0.7110577,0.7381611,0,0,0,0,0,0,0,0,0,0
0,0,0,0,0,0,0,0,0,0,0,0,0,0,0.7597413,0.9276175,1,0.8951644,0,0,0,0,0,0,0,0,0,0,0,0,0,0,0,0,0,0,0,0,0,0,0,0,0,0,0,0,0,0,0.8835836,1,0.9393942,0.832706,0,0,0,0,0,0,0,0,0,0,0,0,0,0,0,0,0,0,0,0,0,0,0,0,0,0,0.7090765,0.7436266,0.790409,0.9580535,1,0.8130571,0.8274119,0,0,0,0,0,0,0,0,0,0,0,0,0,0,0,0,0,0,0,0,0,0,0,0,0,0,0,0.7404978,0.7560885,0.8972086,1,0.963055,0.8391352,0.7204788,0,0,0,0,0,0,0,0,0,0,0,0,0,0,0,0,0,0,0,0,0,0,0,0,0,0,0,0,0.8459651,0.9769438,1,0.8822603,0,0,0,0,0,0,0,0,0,0,0,0,0,0
0,0,0,0,0,0,0,0,0,0,0,0,0,0,0,0.9107481,1,0.9139521,0.6982193,0,0,0,0,0,0,0,0,0,0,0,0,0,0,0,0,0,0,0,0,0,0,0,0,0,0,0,0,0,0.8040355,0.9905592,0.9981939,1,0.9075654,0,0,0,0,0,0,0,0,0,0,0,0,0,0,0,0,0,0,0,0,0,0,0,0,0,0,0,0,0.9361655,1,0.940011,0.896718,0.7761206,0.6302401,0,0,0,0,0,0,0,0,0,0,0,0,0,0,0,0,0,0,0,0,0,0,0,0,0,0,0,0.8898678,1,0.8324286,0.9450721,0.8725048,0.7153658,0,0,0,0,0,0,0,0,0,0,0,0,0,0,0,0,0,0,0,0,0,0,0,0,0,0,0,0.7744541,1,0.9940788,0,0.69333,0.7022684,0,0,0,0,0,0,0,0,0,0,0,0
0,0,0,0,0,0,0,0,0,0,0,0,0,0,0,0.9330569,1,0.8929223,0.8473698,0.7850623,0.7459526,0.7600457,0,0,0,0,0,0,0,0,0,0,0,0,0,0,0,0,0,0,0,0,0,0,0,0,0,0,0.8552394,1,0.9930952,0.8731678,0.8389036,0.791751,0.8192508,0,0,0,0,0,0,0,0,0,0,0,0,0,0,0,0,0,0,0,0,0,0,0,0,0,0,0.9482178,1,0.9186674,0.7818032,0.8152251,0.7792076,0,0,0,0,0,0,0,0,0,0,0,0,0,0,0,0,0,0,0,0,0,0,0,0,0,0,0,0.8354391,1,0.9733112,0.888168,0.8798966,0.856219,0.804846,0,0,0,0,0,0,0,0,0,0,0,0,0,0,0,0,0,0,0,0,0,0,0,0,0,0,0.7437676,0.9837795,1,0.8290008,0.8359944,0.7603374,0,0,0,0,0,0,0,0,0,0,0,0
0,0,0,0,0,0,0,0,0,0,0,0.6386524,0.6168672,0,0.6102511,0.864253,1,0.9143753,0.7696815,0.8125458,0.7738341,0.7136742,0.7131732,0.758931,0.6834747,0,0,0,0,0,0,0,0,0,0,0,0,0,0,0,0,0,0,0,0,0,0,0.7007216,0.867631,1,0.9247504,0.860291,0.9359375,0.7985712,0.8215666,0.7720347,0.7222232,0.6848632,0,0,0,0,0,0,0,0,0,0,0,0,0,0,0,0,0,0,0.5983243,0.6238192,0.6194905,0.6091641,0.6924106,0.9259234,1,0.8935965,0.7677348,0.6892349,0.8056648,0.8117231,0.7738544,0.579675,0.5985638,0.6064529,0.5892763,0,0,0,0,0,0,0,0,0,0,0,0,0,0,0,0,0,0.6566107,0.6301983,0.5835187,0.6197845,0.8426985,1,0.9668405,0.7185913,0.8320329,0.8015,0.7277259,0.7321136,0.6612124,0.7503828,0.6986185,0.5819092,0,0,0,0,0,0,0,0,0,0,0,0,0,0,0,0,0,0.615656,0.5829844,0,0,0,0.9332252,1,0.8695422,0.7305604,0.7459992,0.7908092,0.7842937,0.7247348,0.6445987,0.6602544,0,0,0,0,0,0,0
0,0,0,0,0,0,0,0,0,0,0,0,0,0,0,0.9019125,1,0.904891,0,0,0.8147379,0.8421816,0.8293966,0,0.8272238,0.7823229,0,0,0,0,0,0,0,0,0,0,0,0,0,0,0,0,0,0,0,0,0,0.8682849,0.9517085,0.9744828,0.9724304,1,0.9951677,0.9010635,0,0.806787,0,0,0,0,0,0,0,0,0,0,0,0,0,0,0,0,0,0,0,0,0,0,0,0,0.7064972,0.9537692,1,0.882017,0.8107032,0,0.8044878,0.8250679,0.8157681,0.69019,0,0.7198028,0.6845077,0,0,0,0,0,0,0,0,0,0,0,0,0,0,0,0,0,0,0,0,0,0.8574892,1,0.9784704,0,0,0,0.8567566,0.9312932,0.9001352,0.8202318,0,0.7486613,0,0,0,0,0,0,0,0,0,0,0,0,0,0,0,0,0,0,0,0,0,0,0.9414027,1,0.8818229,0.8057522,0.7931476,0.7747445,0.8389165,0.8348507,0.7734345,0,0,0,0,0,0,0,0
0,0,0,0,0,0,0,0,0,0,0,0,0,0,0,0.9085421,1,0.8970307,0.7859156,0.7266321,0,0.7470183,0.8077234,0.7847747,0.6012387,0.6789874,0,0,0,0,0,0,0,0,0,0,0,0,0,0,0,0,0,0,0,0,0.7181379,0.7741186,0.8832774,1,0.8714989,0.8808184,0.6769674,0.7731664,0.7974728,0,0,0,0,0,0,0,0,0,0,0,0,0,0,0,0,0,0,0,0,0,0,0,0,0.6307458,0.6265584,0.904082,1,0.9292657,0.6879589,0.7692152,0.7365476,0.7206526,0,0.6695566,0.6599512,0.7133489,0.612417,0,0,0,0,0,0,0,0,0,0,0,0,0,0,0,0,0,0,0,0,0.704109,0.7770422,1,0.9988748,0.6935122,0.8552388,0.9177812,0.9135926,0.8359481,0.7733729,0.7434086,0.7458941,0.8037458,0.6948535,0,0,0,0,0,0,0,0,0,0,0,0,0,0,0,0,0,0,0,0,0,0.9369445,1,0.8545849,0.7860138,0.8069025,0.7924895,0.7714625,0.7197302,0.6469594,0.714551,0.7307542,0.670619,0,0,0,0,0
0,0,0,0,0,0,0,0,0,0,0.6444146,0.6550605,0.6418312,0.6758152,0,0.8862243,1,0.9036827,0.7914354,0.7968974,0.7654448,0.8221167,0.8024669,0.7513421,0.6777694,0,0,0,0,0,0,0,0,0,0,0,0,0,0,0,0.7626712,0.8202455,0.8060045,0.7679651,0.8015109,0.7428378,0,0.7820126,0.8063308,1,0.8909187,0.8261052,0.7654475,0,0,0,0,0,0,0,0,0,0,0,0,0,0,0,0,0,0,0,0.6270493,0.6589774,0.6791495,0.655826,0.6355666,0.5759795,0.5933495,0.7503474,0.7167012,0.9063489,1,0.9410207,0.8972243,0.8359166,0.7420884,0.7506557,0.7396443,0.68612,0.6117591,0,0.6083177,0,0,0,0,0,0,0,0,0,0,0,0,0,0.6511488,0.690716,0.6401626,0.6423062,0.7199913,0,0.6524935,0.7114905,0.858539,1,0.9526154,0.9475963,0.9356706,0.8914055,0.8655476,0.8361155,0.8347676,0.7339278,0.6608522,0.6852752,0.6049654,0,0,0,0,0,0,0,0,0,0,0,0,0.7111813,0.7418721,0.7287323,0.6948525,0.7738897,0.7794964,0.679796,0.6474869,0.8572749,0.9211195,1,0.9298558,0.9382895,0.8952466,0.8665855,0.8521557,0.8099422,0.7764533,0.6964787,0.6388607,0,0,0,0,0,0
0,0,0,0,0,0,0,0,0.7552584,0.8203466,0.8873268,0.8959583,0.8690519,0.9250214,0.8911586,0.9246452,1,0.9042752,0.7752262,0,0,0,0,0,0,0,0,0,0,0,0,0,0,0,0,0,0,0,0,0.9310644,0.9862498,0.9767453,0,0,0.8848439,0.8588877,0.8798447,0.8879805,0.9265974,0.9948233,1,0,0,0,0,0,0,0,0,0,0,0,0,0,0,0,0,0,0,0,0,0.6772013,0.7236581,0.7694323,0.7443659,0.7835206,0.8195971,0.736564,0.6960822,0.8382394,0.9011152,0.9598129,1,0.8466606,0.7398883,0.7292691,0.6902136,0,0,0,0,0,0,0,0,0,0,0,0,0,0,0,0,0,0.6682828,0.7086256,0,0.7816145,0.7954518,0.8460518,0.8795441,0.8655006,0.8959435,0.9064959,0.9188719,1,0.9705655,0.811677,0.7769937,0,0,0,0,0,0,0,0,0,0,0,0,0,0,0,0,0,0,0.742724,0.8083579,0.7971355,0.7983691,0.7474163,0.8585125,0.8459662,0.8797531,0.903541,0.9620895,0.9496912,0.9843165,1,0.8841162,0.7870212,0.7397471,0,0,0,0,0,0,0,0,0,0,0,0
0,0,0,0,0,0,0.7613654,0.860587,0.8783605,0.8114083,0.9025784,0.8769173,0.8573975,0.8051651,0,0.9076391,1,0.9274544,0,0,0,0,0,0,0,0,0,0,0,0,0,0,0,0,0,0,0,0,0,0,0,0.8460011,0.8417587,0,0,0,0,0.8151311,0.9367427,1,0.984398,0,0,0,0,0,0,0,0,0,0,0,0,0,0,0,0,0,0,0,0,0.6856311,0.7775499,0.7843128,0.7470024,0.7095135,0.7537856,0,0.7593482,0,0.7852913,0.9286714,1,0.9146652,0.7042176,0,0.6822299,0.6973526,0.6829099,0.6468059,0,0,0,0,0,0,0,0,0,0,0,0,0,0,0.718823,0.7941936,0.8542224,0.8389443,0.8156381,0.8430208,0.7040457,0.8712724,0.8869337,0,0.8814075,1,0.9777852,0.7381124,0,0,0.6853855,0.6846369,0,0,0,0,0,0,0,0,0,0,0,0,0,0,0,0.7542254,0.8413498,0.832652,0.7208881,0,0.8107477,0.7935861,0.839463,0.8363692,0.7835382,0,0.9581512,1,0.8525625,0,0,0,0,0,0,0,0,0,0,0,0,0,0
0,0,0,0.7253169,0.7241304,0.7152138,0.7913224,0.8352114,0.8555142,0.8514182,0.8130682,0.7422746,0.7431253,0.7535236,0.7377483,0.893663,1,0.8848092,0,0,0,0,0,0,0,0,0,0,0,0,0,0,0,0,0,0,0,0,0,0,0,0.7350938,0.8224987,0.7901552,0.7361242,0,0,0,0,0.9569291,1,0.7214008,0,0,0,0,0,0,0,0,0,0,0,0,0,0,0.6075405,0.6370158,0.6232243,0,0,0.6280847,0.6583959,0.7425461,0.783366,0.734512,0.6735678,0,0,0.7069562,0.7484175,0.9373134,1,0.8873169,0,0,0,0,0,0,0,0,0,0,0,0,0,0,0,0,0.6309587,0.6832867,0.6662131,0,0.6633489,0.6680617,0.7614799,0.7305502,0.7186285,0.6497294,0,0,0.6231344,0.6245193,0.8406319,1,0.9699309,0.7039992,0,0,0,0,0,0,0,0,0,0,0,0,0,0,0,0,0,0,0,0,0,0.7435293,0.6795141,0,0.679126,0.7178227,0.6913537,0,0,0.7161525,0.9545125,1,0.8143468,0,0,0,0,0,0,0,0,0,0,0,0,0,0
0,0,0,0,0,0,0,0.8197462,0.8506783,0,0.7381643,0,0,0,0.7599574,0.837867,1,0.9092739,0,0,0,0,0,0,0,0,0,0,0,0,0,0,0,0,0,0,0,0,0,0,0,0,0,0.7968064,0.8100731,0,0,0,0.7851459,0.9618568,1,0.8475241,0,0,0,0,0,0,0,0,0,0,0,0,0,0,0,0,0,0,0,0,0,0.6630084,0.7712983,0.7476397,0.7071614,0,0,0,0.7082047,0.9402892,1,0.8459256,0,0,0,0,0,0,0,0,0,0,0,0,0,0,0,0,0,0,0,0,0,0.6862245,0.7000332,0.7491739,0,0.6915511,0.7490795,0,0,0.7051449,0,0.9982117,1,0.7932842,0,0,0,0,0,0,0,0,0,0,0,0,0,0,0,0,0,0,0,0,0,0,0.6798016,0,0.7587935,0.7494053,0,0,0,0.6820546,0.9304267,1,0.8876462,0,0,0,0,0,0,0,0,0,0,0,0,0,0
0,0,0,0,0,0,0,0.8072487,0.8643126,0.7976477,0.8432695,0,0,0,0.7528407,0.9372595,1,0.8911939,0,0,0,0,0,0,0,0,0,0,0,0,0,0,0,0,0,0,0,0,0,0,0,0,0,0,0,0,0,0,0,0.9526778,1,0.8700383,0,0,0,0,0,0,0,0,0,0,0,0,0,0,0,0,0,0,0,0,0,0.7446057,0.7193124,0,0,0,0,0.7411085,0.7645016,0.929828,1,0.8896866,0,0,0,0,0,0,0,0,0,0,0,0,0,0,0,0,0,0,0,0,0,0.7618974,0.8530455,0.8113049,0.8367496,0.8277761,0,0,0,0.8227082,0,1,0.9571561,0,0,0,0,0,0,0,0,0,0,0,0,0,0,0,0,0,0,0,0,0,0,0.7316436,0.7968332,0.7807968,0,0.7372642,0.7578854,0,0,0.7109039,0.9257664,1,0.9030423,0,0,0,0,0,0,0,0,0,0,0,0,0,0
0,0,0,0,0,0,0,0,0.8527071,0.9280007,0.9642162,0.9176441,0,0,0,0.9041415,1,0.904731,0,0,0,0,0,0,0,0,0,0,0,0,0,0,0,0,0,0,0,0,0,0,0,0,0,0,0,0,0,0,0.9050574,0.9841081,1,0,0,0,0,0,0,0,0,0,0,0,0,0,0,0,0,0,0,0,0,0,0,0,0.7995018,0.8307684,0.8064147,0,0,0,0,0.9441354,1,0.9128328,0,0,0,0,0,0,0,0,0,0,0,0,0,0,0,0,0,0,0,0,0,0,0,0.8694458,0.9313235,0.9470373,0.9028108,0,0,0,0.9232119,1,0.8906496,0.8368007,0,0,0,0,0,0,0,0,0,0,0,0,0,0,0,0,0,0,0,0,0,0,0,0,0.8503109,0.832145,0.8089482,0,0,0.8529143,0.9757437,1,0,0,0,0,0,0,0,0,0,0,0,0,0,0,0
0,0,0,0,0,0,0,0,0,0.7367754,0.7227684,0.8704167,0.8751889,0.8028845,0,0.9180376,1,0.8976669,0,0,0,0,0,0,0,0,0,0,0,0,0,0,0,0,0,0,0,0,0,0,0,0,0,0,0,0,0,0,0.9311205,1,0.9546591,0.8826476,0.7836845,0,0,0,0,0,0,0,0,0,0,0,0,0,0,0,0,0,0,0,0,0,0,0,0.7256743,0.7131752,0.7354682,0.7292579,0.7714913,0.9575848,1,0.8953259,0.68914,0.6635118,0.7037457,0.711169,0.6828681,0,0,0,0,0,0,0,0,0,0,0,0,0,0,0,0,0,0,0,0.7151061,0,0.8486356,0.8883356,0.800532,0,0.8657526,1,0.9692703,0.748046,0,0,0,0,0,0,0,0,0,0,0,0,0,0,0,0,0,0,0,0,0,0,0,0,0,0.8436093,0.9141775,0.9036054,0.7881051,0,1,0.9850134,0.8388903,0.842006,0,0,0,0,0,0,0,0,0,0,0,0,0
0,0,0,0,0,0,0,0,0,0,0,0,0,0.7323337,0.840876,0.9456412,1,0.9085087,0,0,0,0,0,0,0,0,0,0,0,0,0,0,0,0,0,0,0,0,0,0,0,0,0,0,0,0,0,0.84724,0.8598828,0.9042538,1,0.976628,0.8103126,0.8137347,0,0,0,0,0,0,0,0,0,0,0,0,0,0,0,0,0,0,0,0,0,0,0,0,0.6805122,0.7660845,0.7967406,0.9471639,1,0.8825603,0.6826894,0,0,0,0,0,0,0,0,0,0,0,0,0,0,0,0,0,0,0,0,0,0,0,0,0,0,0.6553692,0.8177873,0.8773111,0.866706,1,0.9672717,0.7413689,0,0,0,0,0,0,0,0,0,0,0,0,0,0,0,0,0,0,0,0,0,0,0,0,0,0,0,0.7273455,0.8383456,0.8407121,0.9516901,1,0.8499138,0,0,0,0,0,0,0,0,0,0,0,0,0,0
0,0,0,0,0,0,0,0,0,0,0,0,0,0.7554808,0.8165104,0.8950031,1,0.8941317,0.8373724,0,0,0,0,0,0,0,0,0,0,0,0,0,0,0,0,0,0,0,0,0,0,0,0,0,0,0,0,0,0.8096162,0.9515824,1,0.8835139,0.8225484,0,0,0,0,0,0,0,0,0,0,0,0,0,0,0,0,0,0,0,0,0,0,0,0,0,0,0,0.7896163,0.919516,1,0.8505979,0,0.7293512,0.6775541,0,0,0,0,0,0,0,0,0,0,0,0,0,0,0,0,0,0,0,0,0,0,0,0,0,0,0.7153574,0.8587404,1,0.9601071,0.751592,0.6937729,0.6646022,0,0,0,0,0,0,0,0,0,0,0,0,0,0,0,0,0,0,0,0,0,0,0,0,0,0,0,0.7961648,0.9782878,1,0.892899,0.834268,0.8408708,0.7315077,0,0,0,0,0,0,0,0,0,0,0
0,0,0,0,0,0,0,0,0,0,0,0,0,0,0,0.926473,1,0.9714897,0.9272076,0.8103167,0,0,0,0,0,0,0,0,0,0,0,0,0,0,0,0,0,0,0,0,0,0,0,0,0,0,0,0,0,0.985802,1,0.8519997,0,0,0,0,0,0,0,0,0,0,0,0,0,0,0,0,0,0,0,0,0,0,0,0,0,0,0,0,0,0.9628375,1,0.9146098,0.8773036,0.8048551,0.7842122,0,0,0,0,0,0,0,0,0,0,0,0,0,0,0,0,0,0,0,0,0,0,0,0,0,0,0,0.8850476,1,0.9348097,0.8980816,0.8687343,0,0,0,0,0,0,0,0,0,0,0,0,0,0,0,0,0,0,0,0,0,0,0,0,0,0,0,0,0.7892686,0.9584644,1,0.8971263,0.9166148,0.8935463,0.8901328,0.7917161,0,0,0,0,0,0,0,0,0,0
0,0,0,0,0,0,0,0,0,0,0,0,0,0,0,0.9545662,1,0.8708429,0.8772912,0.9495839,0.9377793,0.8307446,0,0,0,0,0,0,0,0,0,0,0,0,0,0,0,0,0,0,0,0,0,0,0,0,0,0,0.8965791,0.8982323,0.9088256,0,0,0,0,0.9755246,1,0.9203944,0,0,0,0,0,0,0,0,0,0,0,0,0,0,0,0,0,0,0,0,0,0,0,0.9552509,1,0.9082231,0,0.849476,0.8006133,0.8138837,0.8618397,0.8161071,0,0,0,0,0,0,0,0,0,0,0,0,0,0,0,0,0,0,0,0,0,0,0,0,0.8985449,1,0.9320063,0.8389789,0.8643765,0.9172987,0.8494459,0.7922686,0.8296994,0.7635468,0,0,0,0,0,0,0,0,0,0,0,0,0,0,0,0,0,0,0,0,0,0,0,0,0.9399787,1,0.9168131,0.8792311,0.9261265,0.9256256,0.8377876,0.9489197,0.9381663,0.8659474,0,0,0,0,0,0,0
0,0,0,0,0,0,0,0,0,0,0,0,0,0,0,0.9143101,1,0.9212489,0.7990079,0.7975323,0.9200408,0.9407302,0.8188421,0,0,0,0,0,0,0,0,0,0,0,0,0,0,0,0,0,0,0,0,0,0,0,0,0,0.8978967,1,0.9719927,0.8860913,0.8920562,0.8624968,0.8730435,0.8968781,0.9449614,0.9276136,0.9316023,0.9046448,0,0,0,0,0,0,0,0,0,0,0,0,0,0,0,0,0,0,0,0.672151,0.7510636,0.9683777,1,0.8555317,0,0.6996773,0.7801036,0.8546487,0.6951407,0.7461593,0.6914398,0.702622,0,0,0,0,0,0,0,0,0,0,0,0,0,0,0,0,0,0,0,0.6914129,0.7056509,0.7391636,0.8852905,1,0.9640964,0.765705,0.6963756,0.8096525,0.9140407,0.9095832,0.6933019,0.7891291,0.6980918,0,0,0,0,0,0,0,0,0,0,0,0,0,0,0,0,0,0,0,0,0,0,0.7633058,0.9829254,1,0.8644574,0,0,0.7593035,0.8646232,0.7683309,0.8541716,0,0.7909034,0.7284632,0,0,0,0,0
0,0,0,0,0,0,0,0,0,0,0,0,0,0,0,0.9117613,1,0.9099138,0.7681454,0,0.7147399,0.8099542,0.8172684,0.7694155,0.771626,0,0,0,0,0,0,0,0,0,0,0,0,0,0,0,0,0,0,0,0,0,0,0.8334064,0.9921571,1,0.8954575,0.8228906,0.851732,0.8686659,0.8696698,0.8242948,0.8304144,0,0.9496209,0.9767679,0.8728995,0,0,0,0,0,0,0,0,0,0,0,0,0,0,0,0,0,0,0,0,0.956494,1,0.8602169,0,0,0.7084414,0.8577294,0.8660942,0.7745868,0.7873228,0.8089234,0.75741,0.686671,0,0,0,0,0,0,0,0,0,0,0,0,0,0,0,0,0,0,0,0.6799548,0.8174602,1,0.9554288,0.6853881,0.731561,0,0.8675058,0.9628062,0.9223703,0.7164484,0.8015792,0.7662595,0.7526983,0,0,0,0,0,0,0,0,0,0,0,0,0,0,0,0,0,0,0,0,0.7974997,0.9882538,1,0.8372002,0,0.6715386,0.7497371,0.819544,0.8904688,0.8215016,0.8203785,0.794731,0.744368,0,0.6700864,0.6779752,0,0
0,0,0,0,0,0,0,0,0,0,0,0,0,0,0,0.9217137,1,0.8765593,0,0,0.8178551,0.8504424,0.7528649,0,0,0.7318016,0.7790942,0.7288348,0.729513,0,0,0,0,0,0,0,0,0,0,0,0,0,0,0,0,0,0,0,0.93067,0.9431074,0,0.915985,0,0.9052804,0.9960375,1,0.9728339,0.9496697,0.9370976,0.9681521,0.9304716,0.9315551,0,0,0,0,0,0,0,0,0,0,0,0,0,0,0,0,0,0,0.6400461,0.9575855,1,0.8626407,0.7029353,0.6950111,0.7761266,0.8042562,0.7620159,0.7750854,0.7482966,0.7261044,0.7170398,0,0.6767242,0.6651742,0,0,0,0,0,0,0,0,0,0,0,0,0,0,0,0,0,0,0.8420607,1,0.9448508,0.7658772,0.6915691,0.8482558,0.9481198,0.9100273,0.8203614,0.859603,0.8112928,0.7704213,0.8092703,0.7145117,0,0,0,0,0,0,0,0,0,0,0,0,0,0,0,0,0,0,0,0.6991125,0.9663358,1,0.8436372,0,0.783124,0.8890152,0.8535747,0.7476452,0.8420544,0.7987913,0.7271279,0.834059,0.7850491,0.7884725,0.7999315,0,0
0,0,0,0,0,0,0,0,0,0,0,0,0,0,0,0.9207473,1,0.8889887,0.7290175,0,0.7539653,0.82978,0.7536617,0,0,0,0.7085651,0,0.7561401,0.7054915,0,0,0,0,0,0,0,0,0,0,0,0,0,0,0,0.8075964,0.8207891,0.7937385,0.82306,1,0.9815257,0.8728832,0.8797078,0.8413481,0,0.7567028,0,0.810404,0.8387442,0.914874,0.8927972,0.8254373,0.8168213,0,0,0,0,0,0,0,0,0,0,0,0,0,0,0,0,0.7261521,0.7568818,0.9607489,1,0.8194581,0.7584493,0.6625258,0.7005136,0.7392126,0.7632244,0.7410243,0,0.7426169,0.7208988,0,0,0,0,0,0,0,0,0,0,0,0,0,0,0,0,0,0,0,0.7037103,0.8048596,0.8229017,1,0.9748752,0.8896669,0.8587167,0.8504604,0.8251311,0.847991,0.8730775,0.8187296,0.7752548,0.7759788,0.7953126,0.7525082,0,0,0,0,0,0,0,0,0,0,0,0,0,0,0,0,0,0,0.7591663,0.7996802,0.9973927,1,0.7794207,0.7584065,0.8251474,0.8864563,0.8469727,0.7320358,0.760226,0.8328534,0.7483063,0.8110603,0.8399665,0.7361209,0,0,0
0,0,0,0,0,0,0,0,0,0.7413485,0.7550223,0.7386489,0.6976809,0,0,0.9350863,1,0.8970794,0.6827722,0,0.7497345,0.7384645,0,0.7524843,0.7637054,0,0,0,0,0,0,0,0,0,0,0,0,0,0,0,0,0,0.7560835,0.8279353,0.8735104,0.8993742,0.8826919,0.8248115,0.8992993,1,0.9704346,0.9310435,0.8821237,0.7927558,0.8353382,0.8358591,0,0.7549598,0.7621797,0,0.7517781,0.7356558,0,0,0,0,0,0,0,0,0,0,0,0,0,0.725352,0.7280188,0.7193351,0.6609921,0.6969608,0,0.9454609,1,0.7249723,0.8426254,0.7561637,0.6736751,0.7363585,0.6488327,0.6952077,0.7275431,0.7380354,0,0,0,0,0,0,0,0,0,0,0,0,0,0,0,0,0,0,0.7362227,0.7099885,0.774839,0.7252645,0.8860033,1,0.9470311,0.7856655,0,0,0.7594283,0.7787091,0.737631,0.691412,0.7514443,0.7421082,0.6997164,0,0,0,0,0,0,0,0,0,0,0,0,0,0.665767,0.7063737,0.752897,0.8025389,0.7831665,0,0,0.7357084,0.958786,1,0.8897502,0.7360597,0.7572868,0.7893645,0.7928643,0.7219017,0.7000937,0.7751743,0.686712,0,0,0,0,0,0
0,0,0,0,0,0,0,0,0,0,0,0,0.753471,0,0.7539139,0.8878074,1,0.883492,0,0,0,0,0,0,0,0,0,0,0,0,0,0,0,0,0,0,0,0,0,0,0,0,0,0.8627241,0.9297182,0.8924626,0.8218654,0.7802521,0.8838823,1,0.9209459,0.8862142,0,0.8086801,0.8039622,0,0,0,0,0,0,0,0,0,0,0,0,0,0,0,0,0,0,0,0,0.6900646,0.7547551,0.7470514,0.7064925,0,0.7082132,0.9279186,1,0.9103342,0,0.6492429,0,0,0,0,0,0,0,0,0,0,0,0,0,0,0,0,0,0,0,0,0,0,0,0.713719,0.7116597,0.7799061,0.7110407,0.7379503,0.8350454,1,0.9359612,0.6992221,0.7416016,0.7769735,0,0,0,0,0,0,0,0,0,0,0,0,0,0,0,0,0,0,0,0,0,0,0.7409026,0.8013449,0.7660837,0,0.7718849,0.733388,0.9654927,1,0.9172638,0.8639666,0,0.7250924,0,0,0,0,0,0,0,0,0,0,0
0,0,0,0,0,0,0,0,0,0,0,0,0,0,0.7731845,0.945587,1,0.8894152,0.6697341,0,0,0,0,0,0,0,0,0,0,0,0,0,0,0,0,0,0,0,0,0,0,0,0,0,0,0,0,0,0.831129,1,0.9843419,0.8082041,0,0,0,0,0,0,0,0,0,0,0,0,0,0,0,0,0,0,0,0,0,0,0,0,0,0,0.6563161,0,0.788875,0.9836334,1,0.7719538,0.753265,0,0,0,0,0,0,0,0,0,0,0,0,0,0,0,0,0,0,0,0,0,0,0,0,0,0,0,0.6867085,0.7104698,0.853545,1,0.9893146,0.8559474,0.7045667,0.6595379,0,0,0,0,0,0,0,0,0,0,0,0,0,0,0,0,0,0,0,0,0,0,0,0,0,0,0.7362824,0.7792689,0.9669905,1,0.892054,0.7733855,0.7448196,0,0,0,0,0,0,0,0,0,0,0,0
0,0,0,0,0,0,0,0,0,0,0,0,0,0,0,0.9147371,1,0.8750764,0.6505648,0,0,0,0,0,0,0,0,0,0,0,0,0,0,0,0,0,0,0,0,0,0,0,0,0,0,0,0,0.7558187,0.9073574,1,0.9771379,0.6674491,0,0,0,0,0,0,0,0,0,0,0,0,0,0,0,0,0,0,0,0,0,0,0,0,0,0,0,0,0.6554124,0.9235094,1,0.9152601,0.7017905,0,0,0,0,0,0,0,0,0,0,0,0,0,0,0,0,0,0,0,0,0,0,0,0,0,0,0,0,0,0.8855642,1,0.9299176,0.7692553,0,0,0,0,0,0,0,0,0,0,0,0,0,0,0,0,0,0,0,0,0,0,0,0,0,0,0,0,0,0.6903405,0.9705524,1,0.8177375,0.6356013,0,0,0,0,0,0,0,0,0,0,0,0,0
