GestureName: rectangle
Duration(ms): 1410
Handedness: right

SpeakerAngles: 5
55
-55
0
0
110

SpeakerElevations: 5
-10
-10
-10
0
30

InterpretedPoints: 30
-0.827978475824924,-8.31008669972526,-0.110814578664557
-3.26228112263527,-0.0686796108457126,-2.15270364466614
-0.813797681349374,0.311390379713816,-0.32635182233307
0,0,0
0.806707284111599,1.56486252146362,-0.17364817766693
0.813797681349374,-0.296198132726024,0.5
0,2.96961550602442,-0.347296355333861
0,0,0
0.806707284111599,-5.51928578050025,0.694592710667721
0,-0.984807753012208,0.17364817766693
0,0,0
-1.6134145682232,-0.236070771841791,-0.868240888334652
0,0,0
0,1,0
1.62050496546097,5.35281269070147,-0.541889066001582
3.2551907253975,12.2733386528537,-0.0837781320031643
5.68949337220784,12.0856953719625,0.742573690329905
4.87569569085847,11.4122779986641,0.589870045663766
4.07607880398464,18.3603377048048,0.221629157329114
5.68949337220784,16.1160798659381,1.08987004566377
0.00709039723777505,4.25347214174981,0.152703644666139
2.4201218523348,2.53447802748804,-0.520944533000791
0,0,0
0,0,0
0.00709039723777505,-0.716143364274608,0.5
-3.20555794473307,-17.7514785664967,3.75742630967009
-3.19846754749529,-12.2537485858802,3.04188906600158
-5.62567979706787,-17.1866160450331,3.58377813200316
-7.23909436529106,-24.1258470570819,4.27837084267088
-4.02644602332022,-22.8080931244721,3.79931537567168

StrokePoints: 31
0,0,0
-0.827978475824924,-8.31008669972526,-0.110814578664557
-4.09025959846019,-8.37876631057097,-2.2635182233307
-4.90405727980957,-8.06737593085715,-2.58987004566377
-4.90405727980957,-8.06737593085715,-2.58987004566377
-4.09734999569797,-6.50251340939353,-2.7635182233307
-3.2835523143486,-6.79871154211955,-2.2635182233307
-3.2835523143486,-3.82909603609514,-2.61081457866456
-3.2835523143486,-3.82909603609514,-2.61081457866456
-2.476845030237,-9.34838181659538,-1.91622186799684
-2.476845030237,-10.3331895696076,-1.74257369032991
-2.476845030237,-10.3331895696076,-1.74257369032991
-4.09025959846019,-10.5692603414494,-2.61081457866456
-4.09025959846019,-10.5692603414494,-2.61081457866456
-4.09025959846019,-9.56926034144938,-2.61081457866456
-2.46975463299922,-4.21644765074791,-3.15270364466614
0.785436092398275,8.05689100210581,-3.2364817766693
6.47492946460612,20.1425863740683,-2.4939080863394
11.3506251554646,31.5548643727324,-1.90403804067563
15.4267039594492,49.9152020775371,-1.68240888334652
21.1161973316571,66.0312819434752,-0.592538837682753
21.1232877288948,70.284754085225,-0.439835193016613
23.5434095812296,72.819232112713,-0.960779726017404
23.5434095812296,72.819232112713,-0.960779726017404
23.5434095812296,72.819232112713,-0.960779726017404
23.5504999784674,72.1030887484384,-0.460779726017405
20.3449420337343,54.3516101819417,3.29664658365269
17.1464744862391,42.0978615960615,6.33853564965427
11.5207946891712,24.9112455510285,9.92231378165744
4.28170032388012,0.785398493946577,14.2006846243283
0.255254300559902,-22.0226946305256,18

Velocities: 30
-1,-3,-4
0,-1,-1
0,0,-1
0,0,0
1,0,0
0,0,0
0,0,2
0,0,0
0,-1,-3
0,0,-1
0,0,0
-2,0,7
0,0,0
0,0,0
2,1,3
4,4,4
4,3,6
4,3,4
5,6,5
4,3,4
0,1,1
2,-1,2
0,0,0
0,0,0
0,1,-1
-7,0,-6
-5,3,-4
-8,2,-6
-9,3,-10
-8,-2,-9

InverseVelocities: 30
0,0,0
0,0,3
0,0,2
0,0,0
0,0,0
0,0,0
0,0,-1
0,0,0
0,0,0
0,0,0
0,0,0
0,0,-2
0,0,0
0,0,0
0,0,0
0,0,0
0,0,-2
0,0,0
0,0,0
0,0,0
0,0,0
0,0,-3
0,0,0
0,0,0
0,0,0
3,0,6
2,-1,3
0,0,1
0,-3,1
0,0,0

RawData: 30
0,0,0,0,0,0,0,0,0,0,0,0,0.652324,0.7812053,0.7981321,0.9401674,1,0.893952,0,0,0,0,0,0,0,0,0,0,0,0,0,0,0,0,0,0,0,0,0,0,0,0,0,0.8127297,0.8651077,0.8379655,0.9521674,0.9511787,0.8894057,1,0.9763173,0,0,0,0,0,0,0,0,0,0,0,0,0,0,0,0,0,0,0,0,0,0,0,0,0.6284116,0.7181838,0.6971961,0.7210147,0.7603348,0.8203618,0.9736633,1,0.8752242,0,0,0,0,0,0,0,0,0,0,0,0,0,0,0,0,0,0,0,0,0,0,0,0,0,0.6220086,0.7107323,0.7379886,0.721442,0.7557136,0.8579633,1,0.9636255,0.7254447,0,0,0,0,0,0,0,0,0,0,0,0,0,0,0,0,0,0,0,0,0,0,0,0,0.7370766,0.7670146,0,0.7549921,0.7086241,0.7793491,0.9575621,1,0.8061577,0.722964,0,0,0,0,0,0,0,0,0,0,0,0,0
0,0,0,0,0,0,0,0,0,0,0,0,0,0,0.7147719,0.9355586,1,0.867017,0.6925589,0,0,0,0,0,0,0,0,0,0,0,0,0,0,0,0,0,0,0,0,0,0,0,0,0,0,0.7735644,0.8415421,0.8785286,0.8936123,1,0.89306,0.807528,0,0,0,0,0,0,0,0,0,0,0,0,0,0,0,0,0,0,0,0,0,0,0,0,0,0,0.6665025,0.723985,0.7639508,0.9531462,1,0.7967902,0.7069671,0,0,0.6627431,0.6704977,0,0,0,0,0,0,0,0,0,0,0,0,0,0,0,0,0,0,0,0,0,0,0,0,0.6849814,0.8621765,1,0.9539899,0.677192,0,0,0,0,0,0,0,0,0,0,0,0,0,0,0,0,0,0,0,0,0,0,0.6709716,0.6740454,0,0,0.7004896,0.7099805,0.6966543,0.8527154,0.9893873,1,0.8168225,0.7259211,0,0,0,0,0,0,0,0,0,0,0,0,0
0,0,0,0,0,0,0,0,0,0,0,0,0,0,0,0.9302559,1,0.8816165,0.8770366,0.8385011,0,0,0,0,0,0,0,0,0,0,0,0,0,0,0,0,0,0,0,0,0,0,0,0,0,0,0,0.8222124,0.934565,1,0.9417917,0,0,0,0,0,0,0,0,0,0,0,0,0,0,0,0,0,0,0,0,0,0,0,0,0,0,0,0.6993865,0.717367,0.7787198,0.9476572,1,0.8942889,0.7182184,0.7243037,0.6924959,0.6842968,0,0,0,0,0,0,0,0,0,0,0,0,0,0,0,0,0,0,0,0,0,0,0,0,0.7072914,0.7697811,0.8903908,1,0.9493214,0.7642065,0.7411501,0.717295,0,0,0,0,0,0,0,0,0,0,0,0,0,0,0,0,0,0,0,0,0,0,0,0,0.7218344,0.7447247,0.7434168,0.819891,0.9825597,1,0.8788713,0,0,0,0,0,0,0,0,0,0,0,0,0,0
0,0,0,0,0,0,0,0,0,0,0,0,0,0,0,0.9238392,1,0.8929509,0.8272361,0.7947596,0,0,0,0,0,0,0,0,0,0,0,0,0,0,0,0,0,0,0,0,0,0,0,0,0,0,0,0.8064885,0.8684113,1,0.9795665,0.7888205,0,0,0,0,0,0,0,0,0,0,0,0,0,0,0,0,0,0,0,0,0,0,0,0,0,0,0,0,0.6694731,0.9448301,1,0.8822131,0.6577446,0.6445012,0,0,0,0,0,0,0,0,0,0,0,0,0,0,0,0,0,0,0,0,0,0,0,0,0,0,0,0,0.8922756,1,0.9415434,0.646057,0,0,0,0,0,0,0,0,0,0,0,0,0,0,0,0,0,0,0,0,0,0,0,0,0,0,0,0,0.7765462,0.796315,0.9795635,1,0.8182112,0,0,0,0,0,0,0,0,0,0,0,0,0,0
0,0,0,0,0,0,0,0,0,0,0,0,0,0,0,0.9166968,1,0.9193558,0.749531,0.7924505,0.7787079,0,0,0,0,0,0,0,0,0,0,0,0,0,0,0,0,0,0,0,0,0,0,0,0,0,0,0.9144294,0.9100104,1,0.971139,0,0,0,0,0,0,0,0,0,0,0,0,0,0,0,0,0,0,0,0,0,0,0,0,0,0,0,0,0,0.6997098,0.9618304,1,0.883762,0.6565092,0.6348736,0,0,0,0,0,0,0,0,0,0,0,0,0,0,0,0,0,0,0,0,0,0,0,0,0,0,0,0.6746907,0.8809742,1,0.9469505,0.6983871,0.6611764,0.6575356,0,0,0,0,0,0,0,0,0,0,0,0,0,0,0,0,0,0,0,0,0,0,0,0,0,0,0.8042382,0.8375869,0.974027,1,0.7898031,0,0,0,0,0,0,0,0,0,0,0,0,0,0
0,0,0,0,0,0,0,0,0,0,0,0,0,0,0.6764617,0.9264056,1,0.9255615,0.8630757,0.8192179,0,0,0,0,0,0,0,0,0,0,0,0,0,0,0,0,0,0,0,0,0,0,0,0,0,0,0.9003029,0.9142611,0.9144794,1,0.9964409,0.8028081,0,0,0,0,0,0,0,0,0,0,0,0,0,0,0,0,0,0,0,0,0,0,0,0,0,0,0,0.6156652,0.6984676,0.9555855,1,0.8735726,0.6505396,0.676814,0,0,0,0,0,0,0,0,0,0,0,0,0,0,0,0,0,0,0,0,0,0,0,0,0,0,0.6409797,0.6299627,0.8608727,1,0.9615963,0.728273,0.6330761,0,0,0,0,0,0,0,0,0,0,0,0,0,0,0,0,0,0,0,0,0,0,0,0,0,0,0,0.8109395,0.834401,0.9856476,1,0.8008301,0.8153445,0.8155399,0,0,0,0,0,0,0,0,0,0,0,0
0,0,0,0,0,0,0,0,0,0,0,0,0,0,0.772851,0.9512269,1,0.7692388,0.8288954,0.8421752,0,0,0,0,0,0,0,0,0,0,0,0,0,0,0,0,0,0,0,0,0,0,0,0,0,0,0,0,0.8363401,1,0.9868339,0,0,0,0,0,0,0,0,0,0,0,0,0,0,0,0,0,0,0,0,0,0,0,0,0,0,0,0.7246857,0.7366459,0.6978194,0.9531835,1,0.8777327,0.722192,0.7628124,0.7416518,0.7285782,0,0,0,0,0,0,0,0,0,0,0,0,0,0,0,0,0,0,0,0,0,0,0,0,0,0.7300256,0.8927145,1,0.9534214,0.7354031,0.6999219,0.7023108,0,0,0,0,0,0,0,0,0,0,0,0,0,0,0,0,0,0,0,0,0,0,0,0,0,0,0.7717605,0.813669,0.9633797,1,0.8821285,0,0,0,0,0,0,0,0,0,0,0,0,0,0
0,0,0,0,0,0,0,0,0,0,0,0,0,0,0,0.9256732,1,0.9504533,0,0,0,0,0,0,0,0,0,0,0,0,0,0,0,0,0,0,0,0,0,0,0,0,0,0,0,0,0,0,0.9005732,1,0.9712095,0,0,0,0,0,0,0,0,0,0,0,0,0,0,0,0,0,0,0,0,0,0,0,0,0,0,0,0,0,0,0.9610541,1,0.9107457,0,0,0,0,0,0,0,0,0,0,0,0,0,0,0,0,0,0,0,0,0,0,0,0,0,0,0,0,0,0,0.8831785,1,0.9743181,0,0,0,0,0,0,0,0,0,0,0,0,0,0,0,0,0,0,0,0,0,0,0,0,0,0,0,0,0,0,0,0.9570704,1,0.8882815,0,0,0,0,0,0,0,0,0,0,0,0,0,0
0,0,0,0,0,0,0,0,0,0,0,0,0,0.6364856,0.6986274,0.9292201,1,0.8768545,0.5717239,0,0,0,0,0,0,0,0,0,0,0,0,0,0,0,0,0,0,0,0,0,0,0,0,0,0,0.7705932,0.7101204,0.8935201,0.7670302,1,0.9941535,0.7215986,0,0,0,0,0,0,0,0,0,0,0,0,0,0,0,0,0,0,0,0,0,0,0,0,0.6114715,0.5847625,0.5579627,0.6516663,0.6804877,0.9517128,1,0.8490465,0,0,0,0,0,0,0,0,0,0,0,0,0,0,0,0,0,0,0,0,0,0,0,0,0,0,0.6261587,0.6783925,0.7168527,0.69189,0.8433403,1,0.9501591,0.6600884,0,0,0,0,0,0,0,0,0,0,0,0,0,0,0,0,0,0,0,0,0,0,0,0,0,0,0,0.6702988,0.7433431,0.7746671,0.9467413,1,0.8692769,0,0,0,0,0,0,0,0,0,0,0,0,0,0
0,0,0,0,0,0,0,0,0,0,0,0,0,0.6165262,0.7595473,0.913877,1,0.8969452,0,0,0,0,0,0,0,0,0,0,0,0,0,0,0,0,0,0,0,0,0,0,0,0,0,0,0,0,0.7890034,0.9154332,0.7294177,1,0.9754232,0,0,0,0,0,0,0,0,0,0,0,0,0,0,0,0,0,0,0,0,0,0,0,0,0,0,0,0.6684508,0.6843771,0.6726848,0.9531395,1,0.8626661,0,0,0,0,0,0,0,0,0,0,0,0,0,0,0,0,0,0,0,0,0,0,0,0,0,0,0,0,0.6747851,0.7644367,0.9067146,1,0.9356693,0.6073849,0,0,0,0,0,0,0,0,0,0,0,0,0,0,0,0,0,0,0,0,0,0,0,0,0,0,0,0.6234838,0.6233007,0.6684465,0.9612361,1,0.8599925,0,0,0,0,0,0,0,0,0,0,0,0,0,0
0,0,0,0,0,0,0,0,0,0,0,0,0,0,0.7006564,0.9297901,1,0.8999131,0,0,0,0,0,0,0,0,0,0,0,0,0,0,0,0,0,0,0,0,0,0,0,0,0,0,0,0,0,0.7544768,0,1,0.975998,0,0,0,0,0,0,0,0,0,0,0,0,0,0,0,0,0,0,0,0,0,0,0,0,0,0,0,0,0,0.729417,0.9467283,1,0.8732162,0.6190153,0,0,0,0,0,0,0,0,0,0,0,0,0,0,0,0,0,0,0,0,0,0,0,0,0,0,0,0,0,0.8242719,1,0.9662738,0.6994902,0,0,0,0,0,0,0,0,0,0,0,0,0,0,0,0,0,0,0,0,0,0,0,0,0,0,0,0,0.6332633,0.7970534,0.9517468,1,0.864633,0,0,0,0,0,0,0,0,0,0,0,0,0,0
0,0,0,0,0,0,0,0,0,0,0,0.6833457,0.660289,0,0,0.9032921,1,0.9185553,0,0,0,0,0,0,0,0,0,0,0,0,0,0,0,0,0,0,0,0,0,0,0,0,0,0,0,0,0,0,0.8081554,0.9980227,1,0.8527058,0,0,0,0,0,0,0,0,0,0,0,0,0,0,0,0,0,0,0,0,0,0,0,0,0,0.6510131,0.6327165,0,0.7206543,0.938289,1,0.9016875,0.6558475,0,0.6842541,0.7275056,0.6927866,0.6640723,0.6823883,0.6966515,0.6546827,0,0,0,0,0,0,0,0,0,0,0,0,0,0.6762054,0.6592358,0.6589397,0,0.6893097,0.651662,0.6325589,0.6467218,0.8697147,1,0.972614,0.7667937,0,0,0,0,0,0,0,0,0,0,0,0,0,0,0,0,0,0,0,0,0,0,0,0,0,0,0,0,0,0.7449477,0.947199,1,0.8929199,0.6621756,0,0,0,0,0,0,0,0,0,0,0,0,0
0,0,0,0,0,0,0,0,0,0,0,0,0,0,0,0.8969253,1,0.9486942,0.7886441,0,0,0,0,0,0,0,0,0,0,0,0,0,0,0,0,0,0,0,0,0,0,0,0,0,0,0,0,0,0,1,0.9909214,0.9086333,0,0,0,0,0,0,0,0,0,0,0,0,0,0,0,0,0,0,0,0,0,0,0,0,0,0,0,0,0,0.9253129,1,0.9273667,0.7555748,0,0,0,0,0,0,0,0,0,0,0,0,0,0,0,0,0,0,0,0,0,0,0,0,0,0,0,0,0,0.8562666,1,0.9660735,0.7816997,0,0,0,0,0,0,0,0,0,0,0,0,0,0,0,0,0,0,0,0,0,0,0,0,0,0,0,0,0,0,0.962593,1,0.8745179,0.746205,0,0,0,0,0,0,0,0,0,0,0,0,0
0,0,0,0,0,0,0,0,0,0,0,0,0,0,0,0.9091919,1,0.9265469,0.8293539,0.7393444,0,0,0,0,0,0,0,0,0,0,0,0,0,0,0,0,0,0,0,0,0,0,0,0,0,0,0,0,0,0.9907416,1,0,0,0,0,0,0,0,0,0,0,0,0,0,0,0,0,0,0,0,0,0,0,0,0,0,0,0,0,0,0,0.9288904,1,0.9012067,0.7839258,0.6978967,0,0,0,0,0,0,0,0,0,0,0,0,0,0,0,0,0,0,0,0,0,0,0,0,0,0,0,0,0.847392,1,0.988176,0.8529757,0.7741236,0.7098627,0,0,0,0,0,0,0,0,0,0,0,0,0,0,0,0,0,0,0,0,0,0,0,0,0,0,0,0.6832761,0.9571378,1,0.8945552,0,0,0,0,0,0,0,0,0,0,0,0,0,0
0,0,0,0,0,0,0,0,0,0,0,0,0,0,0,0.8986182,1,0.9133708,0.6558939,0.7021456,0.797458,0.7630761,0,0,0,0,0,0,0,0,0,0,0,0,0,0,0,0,0,0,0,0,0,0,0,0,0,0,0,0.9921003,1,0.8280624,0.8766191,0.8397856,0,0,0,0,0,0,0,0,0,0,0,0,0,0,0,0,0,0,0,0,0,0,0,0,0,0,0,0.9252614,1,0.8987721,0.629924,0,0.6864964,0.731912,0.6354629,0,0,0,0,0,0,0,0,0,0,0,0,0,0,0,0,0,0,0,0,0,0,0,0,0,0.8283364,1,0.9806045,0.758601,0.698691,0.67779,0,0,0,0,0,0,0,0,0,0,0,0,0,0,0,0,0,0,0,0,0,0,0,0,0,0,0,0.6603968,0.9619085,1,0.8729991,0.7398512,0.6859475,0,0,0,0,0,0,0,0,0,0,0,0
0,0,0,0,0,0,0,0,0,0,0,0,0,0,0.6631827,0.8802704,1,0.9274809,0.701345,0.7310333,0,0.8059955,0.7993442,0.6580504,0,0,0,0,0,0,0,0,0,0,0,0,0,0,0,0,0,0,0,0,0,0,0,0,0,0.9734131,1,0.8531789,0.8360912,0.8018319,0.7735946,0.7828858,0.706151,0,0,0,0,0,0,0,0,0,0,0,0,0,0,0,0,0,0,0,0,0,0,0.5898282,0.5957884,0.927395,1,0.8765126,0.6491918,0.6293457,0.6877755,0.6451593,0.7602588,0.6381697,0,0,0,0,0,0,0,0,0,0,0,0,0,0,0,0,0,0,0,0,0,0,0,0,0.7986239,1,0.9803125,0.676403,0.7446821,0.6301464,0.6333484,0,0.6187446,0.6389759,0,0,0,0,0,0,0,0,0,0,0,0,0,0,0,0,0,0,0,0,0,0,0,0.6183424,0.9595622,1,0.8365669,0.7339291,0.6707447,0.6331374,0.6636794,0.6152633,0,0,0,0,0,0,0,0,0
0,0,0,0,0,0,0,0,0,0,0,0,0,0,0,0.9148549,1,0.9301854,0.7446359,0,0.7351626,0.7433434,0.8315286,0.7911426,0,0,0,0,0,0,0,0,0,0,0,0,0,0,0,0,0,0,0,0,0,0,0,0,0.8710629,1,0.9686401,0,0.8500659,0.9028652,0.8661149,0.8247992,0,0,0,0,0,0,0,0,0,0,0,0,0,0,0,0,0,0,0,0,0,0.7199996,0.7185603,0,0,0.9406933,1,0.9064374,0,0.7678168,0.8250638,0.8106326,0.8134416,0.7209508,0.713421,0.7072014,0,0,0,0,0,0,0,0,0,0,0,0,0,0,0,0,0,0,0,0,0,0,0.7922046,1,0.9988062,0.814615,0.7412866,0.7318883,0.7690735,0.8219584,0.7926793,0,0,0,0,0,0,0,0,0,0,0,0,0,0,0,0,0,0,0,0,0.7071123,0.7457975,0.7110363,0,0.7278498,0.9629426,1,0.8771165,0,0,0.7743161,0.7543277,0.7618514,0.7587955,0.7124527,0,0,0,0,0,0,0
0,0,0,0,0,0,0,0,0,0,0,0,0,0,0,0.9027949,1,0.8861486,0.7531074,0,0.8332824,0.8679322,0.8148761,0.8267205,0,0,0,0,0,0,0,0,0,0,0,0,0,0,0,0,0,0,0,0,0,0,0,0,0.8336145,1,0.9751126,0,0.8429797,0,0,0.8723212,0,0,0,0,0,0,0,0,0,0,0,0,0,0,0,0,0,0,0,0,0,0,0,0,0,0.9417503,1,0.8946633,0,0.7392302,0.7368658,0.79152,0.8640441,0.8005302,0,0,0,0,0,0,0,0,0,0,0,0,0,0,0,0,0,0,0,0,0,0,0,0,0.8486452,1,0.974122,0.7877973,0.7451978,0,0.7623143,0.8528683,0.8637599,0.8100801,0,0,0,0,0,0,0,0,0,0,0,0,0,0,0,0,0,0,0,0,0,0,0,0.740628,0.9680474,1,0.8422526,0.7444746,0.7617615,0.7965342,0,0.7915277,0.8367569,0,0,0,0,0,0,0,0
0,0,0,0,0,0,0,0,0,0,0,0,0,0.6369091,0.6975436,0.9130713,1,0.8963249,0.6292267,0.8521578,0.9035317,0.7902007,0.7823306,0.7749175,0.6492817,0,0,0,0,0,0,0,0,0,0,0,0,0,0,0,0,0,0,0,0,0,0,0.7260832,0.844286,0.929032,1,0.9363732,0,0,0.8794209,0.85531,0.7237324,0.7888662,0.7127107,0,0,0,0,0,0,0,0,0,0,0,0,0,0,0,0,0,0,0,0,0,0.62396,0.9262609,1,0.8836267,0.7153903,0.6754524,0.784191,0.8459841,0.8854581,0.844771,0.7018641,0,0,0,0,0,0,0,0,0,0,0,0,0,0,0,0,0,0,0,0,0,0,0.5967324,0.854224,1,0.9594237,0.7902076,0.8185682,0.7169263,0.8517158,0.9272558,0.9600829,0.8663428,0.6520439,0,0.6002771,0.6658856,0,0,0,0,0,0,0,0,0,0,0,0,0,0,0,0,0,0.7033049,0.7522606,0.772025,0.9518566,0.9573831,0.9273598,0.7691172,0.7308686,0.7568653,0.8982497,1,0.9913792,0.8475722,0,0,0,0,0,0,0
0,0,0,0,0,0,0,0,0,0,0,0,0,0,0,0.8845148,1,0.8162367,0.9270142,0.9035733,0.9189888,0.8894526,0.8301349,0.7545412,0,0,0,0,0,0,0,0,0,0,0,0,0,0,0,0,0,0,0,0,0,0,0,0,0,0.8930532,1,0.9753614,0.890027,0.8635969,0,0.7841938,0,0,0,0,0,0,0,0,0,0,0,0,0,0,0,0,0,0,0,0,0,0,0,0,0.6332654,0.9190801,1,0.8966124,0.8237529,0.8862911,0.8495018,0.7322047,0.7509481,0.6906386,0,0,0,0,0,0,0,0,0,0,0,0,0,0,0,0,0,0,0,0,0,0,0,0,0.7444955,1,0.9920934,0.8095576,0.8678225,0.9368126,0.9063345,0.8934492,0.8477393,0.8060585,0.7369087,0,0,0.7124013,0.6982715,0,0,0,0,0,0,0,0,0,0,0,0,0,0,0,0,0,0.7756513,0.7951408,0.9415503,1,0.9437524,0.8351474,0.9343643,0.9097674,0.8525731,0.8445163,0.8076911,0.7752066,0,0,0,0,0,0,0
0,0,0,0,0,0,0,0,0,0,0,0,0,0,0,0.9602943,1,0.7879226,0.9567418,0.9018618,0,0,0,0,0,0,0,0,0,0,0,0,0,0,0,0,0,0,0,0,0,0,0,0,0,0,0,0,0,0.9053479,1,0.9081689,0.8281064,0.754613,0,0,0,0,0,0,0,0,0,0,0,0,0,0,0,0,0,0,0,0,0,0,0,0,0,0,0,0.9581918,1,0.8828412,0.7939762,0.7567071,0.7561469,0,0,0,0,0,0,0,0,0,0,0,0,0,0,0,0,0,0,0,0,0,0,0,0,0,0,0,0.8715469,1,0.952956,0.8251138,0.8322269,0,0,0.7664158,0,0,0,0,0,0,0,0,0,0,0,0,0,0,0,0,0,0,0,0,0,0,0,0,0,0.8550061,0.947098,1,0.9323936,0.917458,0.7927887,0,0,0,0,0,0,0,0,0,0,0,0
0,0,0,0,0,0,0,0,0,0,0,0,0,0,0,0.923717,1,0.9208879,0.683799,0,0.6777349,0.6918848,0,0,0,0,0,0,0,0,0,0,0,0,0,0,0,0,0,0,0,0,0,0,0,0.6868246,0.6788845,0,0.7928129,0.8914912,1,0.9747161,0.7955254,0,0,0,0,0,0,0,0,0,0,0,0,0,0,0,0,0,0,0,0,0,0,0,0.6520649,0.6452457,0.6557249,0,0,0.9538637,1,0.8929332,0.7282763,0.6172914,0.6421252,0.6485638,0,0,0,0,0,0,0,0,0,0,0,0,0,0,0,0,0,0,0,0,0,0,0,0,0,0.7172956,0.9026164,1,0.8925065,0.8587079,0.7254153,0,0,0,0,0,0,0,0,0,0,0,0,0,0,0,0,0,0,0,0,0,0,0,0,0,0,0,0,0.7790972,0.9597833,1,0.9560657,0.8393121,0,0,0,0,0,0,0,0,0,0,0,0,0
0,0,0,0,0,0,0,0,0,0,0,0,0,0,0.8159795,0.9399097,1,0.8670459,0,0,0,0,0,0,0,0,0,0,0,0,0,0,0,0,0,0,0,0,0,0,0,0,0,0,0,0,0,0,0.7743169,0.9100783,1,0.9976854,0,0,0,0,0,0,0,0,0,0,0,0,0,0,0,0,0,0,0,0,0,0,0,0,0,0,0,0.6701496,0.8079691,0.9724182,1,0.8638511,0.6276138,0,0,0,0,0,0,0,0,0,0,0,0,0,0,0,0,0,0,0,0,0,0,0,0,0,0,0,0.6701716,0.8294578,0.9332922,1,0.9179887,0.7735602,0,0,0,0,0,0,0,0,0,0,0,0,0,0,0,0,0,0,0,0,0,0,0,0,0,0,0,0,0,0.8973711,1,0.9951646,0.9087752,0.7391261,0,0,0,0,0,0,0,0,0,0,0,0,0
0,0,0,0,0,0,0,0,0,0,0,0,0,0.6983032,0.7525607,0.8975686,1,0.8874581,0,0,0,0,0,0,0,0,0,0,0,0,0,0,0,0,0,0,0,0,0,0,0,0,0,0,0,0,0,0,0.7461793,0.9213949,1,0.9723752,0.7796283,0,0,0,0,0,0,0,0,0,0,0,0,0,0,0,0,0,0,0,0,0,0,0,0,0,0,0.5690235,0.6851264,0.9309239,1,0.9041803,0.7087821,0,0,0,0,0,0,0,0,0,0,0,0,0,0,0,0,0,0,0,0,0,0,0,0,0,0,0,0.7022176,0.6920197,0.7959702,1,0.9609289,0.7498419,0.6628397,0,0,0,0,0,0,0,0,0,0,0,0,0,0,0,0,0,0,0,0,0,0,0,0,0,0,0,0.6293781,0.9003289,0.9445626,1,0.8004547,0.7709194,0,0,0,0,0,0,0,0,0,0,0,0,0
0,0,0,0,0,0,0,0,0,0,0,0,0,0.8381957,0.9768426,1,0.9876482,0.8905686,0.6626216,0,0,0,0,0,0,0,0,0,0,0,0,0,0,0,0,0,0,0,0,0,0,0,0,0,0,0,0,0,0.8715997,0.9815098,0.8595969,1,0.9303397,0.7401208,0,0,0,0,0,0,0,0,0,0,0,0,0,0,0,0,0,0,0,0,0,0,0,0,0.6384875,0.7762748,0.8657166,0.9648494,1,0.8317329,0.7858989,0.6670858,0,0,0,0,0,0,0,0,0,0,0,0,0,0,0,0,0,0,0,0,0,0,0,0,0,0,0.7078782,0.7517942,0.9357889,1,0.9426655,0.7762634,0.7233264,0,0,0,0,0,0,0,0,0,0,0,0,0,0,0,0,0,0,0,0,0,0,0,0,0,0,0.6754011,0.832072,0.8666144,0.9237129,1,0.9923453,0.9046825,0.7738087,0,0,0,0,0,0,0,0,0,0,0,0
0,0,0,0,0,0,0.6534557,0.6579207,0.7108123,0.6868831,0,0.7056509,0.8211979,0.9575981,1,0.9632425,0.9416729,0.8113998,0.6792919,0.6695794,0,0.6726907,0.6596706,0,0,0,0,0,0,0,0,0,0,0,0,0,0,0,0,0,0,0,0,0,0,0,0,0.8212986,0.8999139,1,0.9841719,0.9376208,0.9990918,0,0,0,0,0,0,0,0,0,0,0,0,0,0,0,0,0,0,0,0,0.6164903,0.6555679,0.6549585,0.6803648,0.6960667,0.7425994,0.8377817,0.8784378,0.9382745,1,0.9008376,0.7915485,0.7556397,0.7093738,0.7136897,0.6794762,0.6660801,0.654477,0.6454988,0,0,0,0,0,0,0,0,0,0,0,0,0,0.6527677,0.6547864,0,0,0,0.7260458,0.6914775,0.8571227,0.9419193,0.8404405,1,0.9668166,0.7717368,0.8059856,0.7374392,0.720292,0.6742764,0,0,0,0,0,0,0,0,0,0,0,0,0,0,0,0,0,0,0,0,0,0,0.7345996,0.8312744,0.9775932,1,0.9699222,0.8919061,0.8865323,0.9384302,0.8526766,0.8743659,0.7494249,0,0,0,0,0,0,0,0,0,0
0,0,0,0,0,0,0,0,0.6269699,0.6801608,0.8003844,0.8955561,0.9465194,1,0.9794089,0.9442048,0.9555854,0.8478072,0.6506205,0.6961338,0.6979444,0.6233895,0,0,0,0,0,0,0,0,0,0,0,0,0,0,0,0,0,0,0,0,0,0,0,0.8195141,0.8574567,0.8856198,0.8924733,0.9828693,0.9597701,0.9078363,0.9177099,1,0.972409,0.8693962,0,0,0,0,0,0,0,0,0,0,0,0,0,0,0,0,0,0,0,0.5987325,0.6961504,0.7115337,0.7422432,0.7640785,0.8295158,0.9436817,1,0.8776394,0.7269231,0.7873387,0.7739894,0.7508854,0.6540976,0,0,0,0,0,0,0,0,0,0,0,0,0,0,0,0,0,0.6290774,0,0.7372606,0.8159977,0.8321173,0.8843117,0.8896583,0.8987521,0.7673296,1,0.9705579,0.6811439,0.7177979,0.8676025,0.8346698,0.7053208,0,0,0,0,0,0,0,0,0,0,0,0,0,0,0,0,0,0.7304059,0.745208,0.7891511,0.8920496,0.9515413,0.98275,0.9723365,0.9828811,0.9568911,0.8814241,0.9594803,0.957711,0.8617184,1,0.9614913,0.8797287,0.72276,0,0,0,0,0,0,0,0,0
0,0,0,0,0,0.7226492,0.8112345,0.8808622,0.8770491,0.8434492,0.819209,0.8929414,0.9519382,0.885528,0.7342768,0.9353603,1,0.9261765,0.7280149,0,0,0,0,0,0,0,0,0,0,0,0,0,0,0,0,0,0,0,0,0,0,0,0,0,0,0,0.8847129,0.8327291,0.9267348,1,0.9938848,0.8584233,0,0.9197057,0.8207986,0,0,0,0,0,0,0,0,0,0,0,0,0,0,0,0,0,0,0.6875641,0.7388072,0.7618186,0.7528104,0,0.6966264,0.7444824,0,0.9638699,1,0.8666155,0.793293,0.807715,0.7348752,0,0,0,0,0,0,0,0,0,0,0,0,0,0,0,0,0,0,0.7110897,0.8047439,0.807151,0.7598538,0.8131117,0.889533,0.8407204,0.7657037,0.8105825,0.8426111,1,0.9484252,0,0.8149064,0.8058298,0.7056655,0,0,0,0,0,0,0,0,0,0,0,0,0,0,0,0,0,0.8212982,0.9345474,0.9495804,0.8673473,0,0.966876,0.9763968,0.8440329,0.9077398,0,0.9282718,0.999523,0.9581969,0,1,0.9608789,0.8647961,0,0,0,0,0,0,0,0,0,0
0,0,0,0,0.7335586,0.7562076,0.6927212,0.7972534,0.8549075,0.8923826,0.8779944,0.8188271,0.8357848,0.7551815,0.7182021,0.9231517,1,0.8870273,0,0,0,0,0,0,0,0,0,0,0,0,0,0,0,0,0,0,0,0,0,0,0,0,0,0.8219667,0.8644834,0.8390913,0.9170486,0.9941928,1,0.9323117,0.9028736,0.8914276,0.8780652,0.7951205,0.7736647,0.7793961,0,0,0,0,0,0,0,0,0,0,0,0,0,0.634901,0.6936498,0.7171885,0.7292857,0.7205257,0.7500435,0.6695123,0.7755255,0.7670859,0.7685742,0.7588208,0.7455972,0.950797,1,0.8825842,0,0,0.6595263,0,0,0,0,0,0,0,0,0,0,0,0,0,0,0,0.6717123,0.7617672,0.7859267,0.7826404,0.7624086,0.7417914,0.7357462,0,0.7825885,0.6587034,0.7940735,0.7800142,0.8617857,1,0.9569042,0.7756137,0.7133712,0,0,0,0,0,0,0,0,0,0,0,0,0,0,0,0,0,0.7594821,0.8048263,0.8145812,0.747094,0.80589,0.7883715,0.8173419,0.8380504,0.7244133,0.9045873,0.9494919,0.9564072,0.9946581,1,0.8605396,0.8107302,0.8144457,0,0.7243521,0,0,0,0,0,0,0,0,0,0
0,0,0,0,0,0.7434202,0,0,0.8399348,0.7989056,0.8521706,0.8520391,0.8010646,0,0,0.9428775,1,0.8813146,0,0,0,0,0,0,0,0,0,0,0,0,0,0,0,0,0,0,0,0,0,0,0,0,0,0,0.8181348,0.9135371,0.9505724,1,0.9837538,0.8269272,0.9291077,0.8666048,0.8182966,0,0,0,0,0,0,0,0,0,0,0,0,0,0,0,0,0,0.677979,0.7257418,0.7216114,0.7059696,0.7565919,0.7446771,0.7639986,0.7630882,0.7119498,0.7935803,0.7426144,0.9525033,1,0.8945027,0,0,0,0,0,0,0,0,0,0,0,0,0,0,0,0,0,0,0,0,0.6855007,0.7606464,0.7705212,0.7037234,0,0.8226377,0.7698812,0.8044107,0.8191451,0.8739362,0.8550857,1,0.9510313,0,0,0,0,0,0,0,0,0,0,0,0,0,0,0,0,0,0,0,0,0,0.7511829,0.7868232,0.7650739,0,0.7982591,0.7641695,0.9087793,0.9261109,1,0.9253289,0.9531519,0.9849405,0.8429638,0.7391394,0.760166,0,0,0,0,0,0,0,0,0,0,0,0
