GestureName: double_arch
Duration(ms): 1034
Handedness: right

SpeakerAngles: 2
55
-55

InterpretedPoints: 22
0,0
0,0
0,0
-0.806707284111599,-0.564862521463624
0,0
0,0
0.806707284111599,2.82431260731812
2.4201218523348,3.95403765024536
7.26036555700439,-2.82431260731812
10.4871946934508,-0.564862521463623
11.2939019775624,4.51890017170899
16.134145682232,2.25945008585449
15.3274383981204,-1.69458756439087
11.2939019775624,-4.51890017170899
4.03353642055799,-1.69458756439087
8.06707284111599,-1.12972504292725
3.2268291364464,0
8.06707284111599,4.51890017170899
8.06707284111599,3.38917512878174
10.4871946934508,0.564862521463623
13.7140238298972,0.564862521463623
12.9073165457856,2.25945008585449

StrokePoints: 23
177.666666666667,130.277777777778
177.666666666667,130.277777777778
177.666666666667,130.277777777778
177.666666666667,130.277777777778
178.473373950778,130.842640299241
178.473373950778,130.842640299241
178.473373950778,130.842640299241
177.666666666667,128.018327691923
175.246544814332,124.064290041678
167.986179257328,126.888602648996
157.498984563877,127.45346517046
146.205082586314,122.934564998751
130.070936904082,120.675114912896
114.743498505962,122.369702477287
103.4495965284,126.888602648996
99.4160601078416,128.583190213387
91.3489872667256,129.712915256314
88.1221581302792,129.712915256314
80.0550852891632,125.194015084605
71.9880124480473,121.804839955823
61.5008177545965,121.23997743436
47.7867939246993,120.675114912896
34.8794773789137,118.415664827042

Velocities: 22
0,0
0,0
0,0
-1,0
0,0
0,0
3,2
5,2
2,-7
6,-7
11,-3
12,-8
8,-11
3,-11
1,-4
4,-6
2,-2
9,-1
8,-2
7,-6
9,-8
10,-6

InverseVelocities: 22
0,0
0,0
0,0
0,0
0,0
0,0
-3,-2
-4,-4
-4,0
-4,0
-4,4
-6,12
-6,0
-12,1
-10,3
-6,6
-5,8
-5,12
-2,12
-10,10
-8,7
-8,6

RawData: 22
0,0,0,0,0,0,0,0,0,0,0,0,0,0,0,0.8126099,1,0.9838842,0.7316982,0,0,0,0,0,0,0,0,0,0,0,0,0,0,0,0,0,0,0,0,0,0,0,0,0,0,0,0,0,0.9376485,1,0.8865639,0,0,0,0,0,0,0,0,0,0,0,0,0,0,0
0,0,0,0,0,0,0,0,0,0,0,0,0,0,0,0.8328658,1,0.9821222,0.757012,0,0,0,0,0,0,0,0,0,0,0,0,0,0,0,0,0,0,0,0,0,0,0,0,0,0,0,0,0.5766264,0.9367092,1,0.9096069,0.6068105,0,0,0,0,0,0,0,0,0,0,0,0,0,0
0,0,0,0,0,0,0,0,0,0,0,0,0,0,0,0.8235728,1,0.9914393,0.7872967,0,0,0,0,0,0,0,0,0,0,0,0,0,0,0,0,0,0,0,0,0,0,0,0,0,0,0,0,0.5930578,0.9443765,1,0.8726271,0.6149693,0.520722,0,0,0,0,0,0,0,0,0,0,0,0,0
0,0,0,0,0,0,0,0,0,0,0,0,0.5332597,0.5356342,0,0.8036487,1,0.9956316,0.7856136,0,0,0,0,0,0,0,0,0,0,0,0,0,0,0,0,0,0,0,0,0,0,0,0,0,0,0,0,0.5618023,0.9415513,1,0.8869538,0.5183586,0,0,0,0,0,0,0,0,0,0,0,0,0,0
0,0,0,0,0,0,0,0,0,0,0,0,0,0,0,0.8325419,1,0.9890088,0.7792695,0,0,0,0,0,0,0,0,0,0,0,0,0,0,0,0,0,0,0,0,0,0,0,0,0,0,0,0,0.5813349,0.9431239,1,0.8927329,0,0,0,0,0,0,0,0,0,0,0,0,0,0,0
0,0,0,0,0,0,0,0,0,0,0,0,0,0,0,0.8651258,1,0.9764302,0.7903458,0.65641,0,0,0,0,0,0,0,0,0,0,0,0,0,0,0,0,0,0,0,0,0,0,0,0,0,0,0,0.6128992,0.9491585,1,0.9135959,0.7571219,0.6264806,0,0,0,0,0,0,0,0,0,0,0,0,0
0,0,0,0,0,0,0,0,0,0,0.6416078,0.6435325,0,0.7189518,0.7907562,0.8681231,1,0.9899913,0.8150311,0.7476491,0.7416281,0.7313821,0.6553021,0,0,0,0,0,0,0,0,0,0,0,0,0,0,0,0,0,0,0,0,0,0.6446832,0.7114749,0.7417586,0.654572,0.9326397,1,0.9341345,0.8377622,0.7965391,0.7505891,0.6606697,0,0,0,0,0,0,0,0,0,0,0
0,0,0,0,0,0,0,0,0,0.673125,0.6851653,0.6743012,0.7535695,0.7533927,0.8224065,0.8795016,1,0.9863161,0.8306578,0.7421367,0.6286994,0.7560879,0.7900402,0.7008018,0.6076201,0,0,0,0,0,0,0,0,0,0,0,0,0,0,0,0,0,0.7091607,0.7634769,0.760169,0.7870231,0.6953516,0.7618722,0.9432012,1,0.8917684,0.7249138,0.6964721,0.6285135,0.6504657,0,0,0,0,0,0,0,0,0,0,0
0,0,0,0,0,0,0,0,0,0.60958,0,0.6859,0.8023919,0.7918352,0,0.9073859,1,0.979803,0.820667,0.8556571,0.7711695,0.6618857,0,0,0,0,0,0,0,0,0,0,0,0,0,0,0,0,0,0.6451316,0.7398738,0.796224,0.7901879,0.8159521,0.693846,0.7809056,0.6067293,0.7967595,0.9629081,1,0.8548948,0.7354483,0.6243904,0,0,0,0,0,0,0,0,0,0,0,0,0
0,0,0,0,0,0,0,0,0,0.6324221,0,0.6703136,0.7499981,0.6950446,0,0.8985581,0.8252086,0.8941568,1,0.9979303,0.9165301,0.735112,0,0,0.6638698,0.7084501,0,0,0,0,0,0,0,0,0,0,0,0,0,0.5647967,0.6392171,0.6208119,0.7934828,0.829506,0.8116569,0.7267774,0.7381698,0.6551513,0.9231107,1,0.9035575,0.6308824,0,0,0,0,0,0,0,0,0,0,0,0,0,0
0,0,0,0,0,0,0,0,0,0.6592512,0.766707,0.8085108,0.8524801,0.8704377,0.8680359,0.9149863,1,0.9857277,0.8582069,0.7873158,0.8649042,0.8612671,0,0.7395799,0.7752451,0.7783871,0.7336895,0,0,0.650974,0.6481825,0,0,0,0,0,0,0,0,0,0,0,0,0.6086172,0.6330508,0.7376703,0.7791791,0.7789642,0.9610469,1,0.8428283,0.7712315,0.7318895,0.7241063,0.7029418,0.6628693,0.6247673,0,0,0,0,0,0,0,0,0
0,0,0,0,0,0,0,0.7709584,0.8279419,0.7953245,0.7351254,0.7382562,0.7842116,0.7096913,0.6864175,0.8381625,1,0.9750052,0.7036289,0.8437819,0.8751191,0.8732715,0,0.7981763,0.7085117,0.7075202,0.6545388,0.739305,0.6906089,0,0.6852692,0.6846852,0,0,0,0,0,0,0.5976663,0.5915274,0.600553,0.6400238,0.6917387,0.6872076,0.6184678,0.5970584,0.6643045,0.7332488,0.9513724,1,0.886884,0.702827,0.788732,0.7738178,0.6298923,0,0.6256028,0.6038456,0,0,0,0,0.598946,0.5909523,0.5807712,0
0,0,0,0,0,0,0,0.7134555,0.8002168,0.851045,0.9150634,0.8816108,0.7797406,0.7834021,0.8088681,0.9142051,1,0.9845527,0.8598614,0.8123279,0.7665575,0.7423551,0.7020038,0.7196399,0.7299016,0.7305033,0.7529119,0.7184856,0,0,0,0,0,0,0,0.7130477,0.741673,0.7310923,0,0.6619801,0.7388201,0.6991338,0,0,0.7315525,0,0.8170693,0.8560815,0.9524618,1,0.8937781,0,0.6564751,0,0,0,0,0,0,0,0,0,0,0,0,0
0,0.6594089,0.698548,0,0,0.7099526,0.7361779,0.7699215,0.8286813,0.8422556,0.8505864,0.7997098,0.7946659,0.7408898,0.8010445,0.8792782,1,0.9925879,0.8099432,0.7619531,0.7632272,0.6908697,0.6806662,0,0,0,0,0,0,0,0,0,0,0,0,0.6204696,0.6260982,0.672372,0,0.6663133,0.7608415,0.773178,0.7911059,0.747058,0.7475926,0.7699697,0.7311445,0,0.9218628,1,0.910173,0.7429892,0.7111686,0.6482723,0,0,0,0,0,0,0,0,0,0,0,0
0,0,0,0.7158763,0.7379146,0.772091,0.7002414,0,0,0.7934176,0.8792313,0.8759962,0,0.8317525,0.8507125,0.8321914,0.9977779,1,0.7914262,0.7085483,0.7457361,0,0,0,0,0,0,0,0,0,0,0,0,0,0,0,0,0,0,0,0,0,0.7017751,0.7385651,0.8067949,0.8062443,0.7642944,0.8041717,0.9728924,1,0.8813994,0.8171279,0.8386213,0.8217083,0.7170216,0.6424602,0,0,0,0,0,0,0,0,0,0
0,0,0,0,0,0,0,0.5744685,0.5415754,0.5828439,0.7808864,0.8634077,0.8324221,0.8315487,0.8240094,0.8558997,1,0.9635625,0.789627,0.7975705,0.7617186,0.6437888,0.5775614,0.5340859,0,0,0,0,0,0,0,0,0,0,0,0,0,0,0,0,0.5274117,0.5706985,0.6133564,0.6754966,0.6564902,0.7457076,0.8143851,0.7932034,0.9206748,1,0.9134132,0.5940868,0.7187687,0.8022604,0.8008797,0.6997408,0.6443786,0.6158012,0.5137458,0,0,0,0,0,0,0
0,0,0,0,0,0,0,0,0.6538795,0.6472833,0.7506389,0.7325265,0.8076203,0.8327703,0.8454798,0.9066275,1,0.9732827,0.7250954,0.6950393,0.7011681,0.6575112,0,0,0,0,0,0,0,0,0,0,0,0,0,0,0,0,0,0,0,0,0,0,0.6329992,0.6661794,0.7578633,0.8193579,0.9240495,1,0.8832153,0,0.7321342,0.7405736,0.7754965,0.7139426,0.8105012,0.798373,0.6952068,0.7222613,0.7055531,0,0,0,0,0
0,0,0,0,0,0,0,0,0.6023859,0.6207074,0.7018383,0.7163112,0.8109604,0.7950444,0.7064279,0.8516256,1,0.987186,0.7091842,0.726585,0.6371031,0.6787269,0.7187177,0.7111793,0,0.6027067,0.6165429,0.5908836,0.5998593,0,0,0,0,0,0,0,0,0,0,0,0,0,0,0,0,0.5877774,0.5889819,0.6554689,0.9391918,1,0.9132509,0.7850671,0.817041,0.7768891,0.7609532,0.7438447,0.629397,0.7989167,0.7748335,0.5847208,0.6133687,0.661372,0.6189489,0.6517518,0.6886923,0.6381207
0,0,0,0,0,0,0,0,0,0,0,0.6801727,0.7424761,0.8116663,0.8344275,0.8779666,1,0.9758348,0.7375649,0.7418008,0.6916645,0.766827,0.7474376,0.7238671,0,0.684728,0.7046598,0.658824,0,0,0,0,0,0,0,0,0,0,0,0,0,0,0,0,0.6237739,0.6761263,0.6780785,0,0.9484094,1,0.854579,0.7143537,0.784575,0.8183611,0.8004882,0.7248029,0,0.7221352,0.7146296,0.6223984,0.6702881,0.7386363,0.7069754,0.6848662,0.7430612,0.7216464
0,0,0,0.6285421,0.7128117,0.7112798,0,0,0,0.6980727,0.7373388,0.7577877,0.7627484,0.7650501,0.7025856,0.8275226,1,0.9921551,0.8284734,0.7664174,0.7681518,0.7797208,0.7568458,0.7397614,0.68622,0.6741175,0.6852224,0,0,0,0,0,0,0,0,0,0,0,0,0,0.585135,0.6105566,0.6004717,0.6966142,0.7168978,0,0.7414318,0.6683412,0.9199554,1,0.9020673,0.7556219,0.6990678,0.7360319,0.6011153,0.7299942,0.7132538,0.6537039,0.5993059,0,0,0.5944517,0.6159132,0,0,0.621653
0,0,0,0,0,0.7068154,0.7510774,0.752193,0.7626768,0,0.8341103,0.8303612,0.7497037,0.7822801,0.8359467,0.8873006,1,0.9709564,0.7025122,0,0.7669807,0.7316448,0,0.7213302,0.6826658,0.6602426,0.6791092,0.7015388,0.6877097,0,0,0,0,0,0,0,0,0,0.65179,0.6521911,0,0.7416023,0.8115112,0.7379401,0.7558498,0.7796709,0.7360225,0.7188635,0.9422401,1,0.87139,0.7746714,0.7393594,0.7630576,0.770748,0.7220867,0.6649649,0.7234166,0.7617965,0.7079504,0,0,0,0,0,0
0,0,0,0,0,0.6423646,0,0,0.6417922,0.624275,0.7147571,0.7852555,0.7886064,0.7687786,0.6913639,0.797316,1,0.9704136,0.7133682,0.7935882,0.6290799,0.7001157,0,0.6580647,0.7154361,0.6896903,0,0,0.6163685,0.6324982,0,0,0,0,0,0,0,0,0,0,0.5956405,0.6330429,0.7238505,0.76032,0.7119017,0.6170912,0.618364,0.8104845,0.9710563,1,0.8563652,0.7217493,0.6437472,0.7573277,0.7823296,0.7477901,0.7266596,0.6971557,0.635179,0,0,0,0,0,0,0
