GestureName: double_arch
Duration(ms): 705
Handedness: right

SpeakerAngles: 2
55
-55

InterpretedPoints: 15
4.03353642055799,-0.564862521463623
11.2939019775624,-5.64862521463624
12.100609261674,-5.08376269317261
4.03353642055799,-1.69458756439087
8.06707284111599,2.25945008585449
8.87378012522759,3.95403765024536
9.68048740933919,1.12972504292725
-0.806707284111599,-6.21348773609986
0,-9.03780034341798
1.6134145682232,-9.03780034341798
-2.4201218523348,-3.95403765024536
-9.68048740933918,3.38917512878174
-11.2939019775624,5.64862521463624
-4.84024370466959,9.03780034341798
0.806707284111599,10.7323879078088

StrokePoints: 16
177.666666666667,130.277777777778
173.633130246109,130.842640299241
162.339228268546,136.491265513878
150.238619006872,141.57502820705
146.205082586314,143.269615771441
138.138009745198,141.010165685587
129.264229619971,137.056128035341
119.583742210632,135.926402992414
120.390449494743,142.139890728514
120.390449494743,151.177691071932
118.77703492652,160.21549141535
121.197156778855,164.169529065595
130.877644188194,160.780353936813
142.171546165756,155.131728722177
147.011789870426,146.093928378759
146.205082586314,135.36154047095

Velocities: 15
2,-3
2,-12
3,-12
1,-4
7,-3
9,-2
7,-5
-6,-5
-8,-8
-7,-9
-5,-2
-3,9
-2,12
5,11
10,9

InverseVelocities: 15
-1,1
-5,0
-7,1
0,0
0,3
-3,4
-7,4
0,0
0,2
0,1
0,1
2,0
4,0
0,-1
-6,0

RawData: 15
0,0,0,0,0,0,0,0,0,0,0,0,0.7698246,0.7651774,0,0.863673,1,0.9874048,0.8290488,0.8021685,0.8046469,0.7405301,0,0,0,0,0,0,0,0,0,0,0,0,0,0,0,0,0,0,0,0,0,0.7138655,0.7339152,0.6756052,0.7022666,0.812904,0.9463382,1,0.9112542,0.7020099,0.6555426,0.6785571,0,0,0,0,0,0,0,0,0,0,0,0
0,0,0,0,0,0,0,0,0.7182519,0.7525708,0.6937851,0.7154205,0.7444214,0.8154196,0.8511927,0.8920787,1,0.9821138,0.7438319,0.7803446,0.7059729,0.7299776,0,0,0,0,0,0,0,0,0,0,0,0,0.6267934,0.6623051,0.6724446,0.6381025,0.6807665,0.6893863,0.6275567,0.7314234,0.7900692,0.7771387,0.8476118,0.8690041,0.8455399,0.8422576,0.9441987,1,0.901889,0.7239791,0.6953264,0,0,0,0,0,0,0,0,0,0,0,0,0
0,0,0,0,0,0,0.608578,0.6050618,0.5688838,0,0.6228798,0.5761263,0.6404562,0.8309386,0.8974687,0.839482,1,0.9888975,0.9261202,0.9135408,0.7125286,0.5950339,0.5417649,0,0,0,0,0,0,0,0,0,0,0,0.5342814,0.5693877,0.4959145,0.5589154,0.6821781,0.7627506,0.7571236,0.5047498,0.7886189,0.7503837,0.6853461,0.7984667,0.8389724,0.8316655,0.9177779,1,0.8996844,0.7277852,0.7174875,0.6375046,0,0,0,0,0,0,0,0,0,0,0,0
0,0,0,0,0,0,0,0,0,0,0,0,0,0,0,0.8825293,1,0.9753675,0.9596697,0.9585161,0.8715897,0,0,0,0,0,0,0,0,0,0,0,0,0,0,0,0,0,0,0,0,0,0.8102956,0.8380248,0.8012875,0.7998535,0,0.7752779,0.943362,1,0.9182028,0,0,0,0,0,0,0,0,0,0,0,0,0,0,0
0,0,0,0,0,0,0,0,0,0,0,0,0,0,0.7561944,0.8254606,0.9997564,1,0.9164737,0.8500963,0.8717945,0.8132365,0.8039097,0,0.7231581,0.7259088,0.7202486,0,0,0,0,0,0,0,0,0,0,0,0,0,0,0,0,0.691538,0.6999959,0.6731628,0.7775676,0.7806848,0.9524989,1,0.9038735,0.8045927,0.7490004,0,0.6406209,0.664966,0,0,0,0,0,0,0,0,0,0
0,0,0,0,0,0,0,0,0,0,0.6772408,0.7987586,0.8304698,0.7491738,0.8185403,0.8120525,0.9990436,1,0.774861,0.8171166,0,0.8555043,0.7985157,0.7970074,0.7459789,0,0.7444522,0.7470266,0.6923713,0,0,0,0,0,0,0,0,0,0,0,0,0,0,0,0.6901978,0.6413085,0.7185877,0.6846458,0.938807,1,0.8981114,0.7807498,0.8185014,0.7483438,0.6472684,0.6055784,0.6611073,0,0,0,0,0,0,0,0,0
0,0,0,0,0,0,0.7208682,0.8040036,0.8073326,0.6951629,0.7756369,0.8008011,0.7705932,0.7410474,0,0.8909628,1,0.9767833,0.7728055,0,0.6839348,0.7794743,0.7827336,0.7472034,0.7308274,0,0.692111,0,0,0,0,0,0,0,0,0,0,0,0,0,0,0.6645716,0.7354056,0.71879,0.7512462,0.8118227,0.6525708,0.7975423,0.9403273,1,0.9022286,0.7040856,0.6996223,0.6932778,0,0,0.6542572,0,0,0,0,0,0,0,0,0
0,0,0,0,0,0,0,0.8019302,0.8207541,0.836658,0.85697,0.8599948,0.8206164,0,0.8105616,0.8902722,1,0.9808201,0.7577125,0,0,0,0,0,0,0,0,0,0,0,0,0,0,0,0,0,0,0,0,0,0,0.7924806,0.8077438,0,0.8490255,0.7945072,0.8442805,0.871209,0.9452129,1,0.9013546,0,0,0,0,0,0,0,0,0,0,0,0,0,0,0
0,0,0,0,0,0.733752,0.7672138,0.7358478,0.6879414,0.662405,0.7562873,0.8348166,0.8242206,0.8376641,0.8291408,0.8273708,1,0.9962016,0.793573,0,0,0,0,0,0,0,0,0,0,0,0,0,0,0,0,0,0,0,0.6390734,0.6873435,0.691052,0.6162037,0.7032329,0.7721443,0.6598169,0.7980692,0.7932674,0.8364398,0.9448166,1,0.8947964,0.8274702,0.772066,0.6160024,0.6411658,0,0,0,0,0,0,0,0,0,0,0
0,0,0,0,0,0,0.6876795,0.6989229,0.7716902,0.7714492,0.802879,0.8588026,0.8136362,0.6447163,0.8352759,0.791138,1,0.9869558,0.8504941,0.6709937,0,0,0,0,0,0,0,0,0,0,0,0,0,0,0,0,0,0.6373981,0.666425,0.6435744,0,0.641071,0.6882635,0.6859116,0.7559988,0.778807,0.8064491,0.7909863,0.9556774,1,0.8820282,0.785865,0.7957597,0.7137181,0,0,0,0,0,0,0,0,0,0,0,0
0,0,0,0,0,0,0,0,0.7535818,0.7604308,0,0.8536821,0.7980515,0.8607737,0.8657941,0,1,0.9893629,0.8735753,0,0,0,0,0,0,0,0,0,0,0,0,0,0,0,0,0,0,0,0,0,0,0,0,0,0.7433708,0.8167816,0.8291059,0.8316255,0.9507942,1,0.8949736,0.7594397,0.7827926,0.73558,0,0,0,0,0,0,0,0,0,0,0,0
0,0,0,0,0,0,0,0,0,0,0.6873703,0.7590026,0.7339852,0.7662724,0.8410488,0.8389972,1,0.9730008,0.8569841,0.7840737,0.7506915,0.7508501,0,0,0,0,0,0,0,0,0,0,0,0,0,0,0,0,0,0,0,0,0,0,0,0,0.6596308,0.7269236,0.9410725,1,0.9043638,0.8034879,0.7095588,0.7326751,0.7182933,0.7033003,0.7460222,0.7647014,0.7004662,0.6901529,0.6869602,0.6140096,0,0,0,0
0,0,0,0,0,0,0,0,0,0,0,0.6948963,0,0,0.759681,0.8778548,1,0.9845513,0.8780662,0.869248,0.8246833,0.7025388,0.7053332,0.7094253,0,0,0,0,0,0,0,0,0,0,0,0,0,0,0,0,0,0,0,0,0,0,0,0,0.9526933,1,0.8654458,0.7885314,0.822168,0.8127114,0.7559306,0.7018534,0.6817925,0.7171896,0.8233961,0.8086699,0.7941037,0.8016487,0.6830174,0.675293,0.670917,0
0,0,0,0,0,0,0,0,0,0,0,0,0,0.7833881,0.7924016,0.8714933,1,0.9877692,0.8318897,0.7743819,0.7789636,0,0.7901644,0.7981135,0.7321584,0,0,0,0,0,0,0,0,0,0,0,0,0,0,0,0,0,0,0,0,0.7085345,0.7188187,0,0.9412401,1,0.9207438,0.7524096,0.7948867,0.7189618,0.8020344,0.7974062,0.7530248,0,0.7761659,0.7193833,0.7494579,0.7629809,0.7712598,0.7405834,0,0
0,0,0,0,0,0,0,0.6348324,0.5986314,0,0.6719028,0.6767755,0.6308663,0.7168654,0.6963472,0.7975457,0.981676,1,0.878217,0.78886,0.7099264,0.6914609,0.5940249,0.6935051,0.7370492,0.6637519,0,0.6022239,0.6140591,0.6027008,0,0,0,0,0,0,0,0,0,0,0,0,0,0,0,0,0.7026548,0.6357977,0.9547856,1,0.8516561,0.7717271,0.7114106,0.8053812,0.8156843,0.785452,0.6346604,0.5983424,0.671106,0.6990139,0.6151326,0.5681149,0,0,0,0
