GestureName: p
Duration(ms): 1175
Handedness: right

SpeakerAngles: 2
55
-55

InterpretedPoints: 25
0,0
0,0
0,0
0,0
0,0
0,0
0,0
0.806707284111599,0.564862521463624
-0.806707284111599,1.69458756439087
-2.4201218523348,10.7323879078088
0,13.556700515127
-5.64695098878119,9.6026628648816
-5.64695098878119,5.08376269317261
0,-13.556700515127
0.806707284111598,-12.9918379936633
0.806707284111598,-12.9918379936633
5.64695098878119,-9.6026628648816
3.2268291364464,3.38917512878174
4.03353642055799,10.7323879078088
1.6134145682232,12.4269754721997
4.84024370466959,9.03780034341798
4.03353642055799,10.7323879078088
1.6134145682232,3.38917512878174
1.6134145682232,3.38917512878174
2.4201218523348,1.69458756439087

StrokePoints: 26
177.666666666667,130.277777777778
177.666666666667,130.277777777778
177.666666666667,130.277777777778
177.666666666667,130.277777777778
177.666666666667,130.277777777778
177.666666666667,130.277777777778
177.666666666667,130.277777777778
177.666666666667,130.277777777778
176.859959382555,129.712915256314
177.666666666667,128.018327691923
180.086788519001,117.285939784114
180.086788519001,103.729239268987
185.733739507783,94.1265764041059
191.380690496564,89.0428137109333
191.380690496564,102.59951422606
190.573983212452,115.591352219724
189.767275928341,128.583190213387
184.120324939559,138.185853078269
180.893495803113,134.796677949487
176.859959382555,124.064290041678
175.246544814332,111.637314569478
170.406301109662,102.59951422606
166.372764689104,91.8671263182514
164.759350120881,88.4779511894697
163.145935552658,85.0887760606879
160.725813700323,83.394188496297

Velocities: 25
0,0
0,0
0,0
0,0
0,0
0,0
0,0
1,0
1,2
8,11
12,12
5,12
1,8
-12,-12
-11,-12
-11,-12
-5,-12
5,1
12,7
12,10
11,5
12,7
4,2
4,2
3,0

InverseVelocities: 25
0,0
0,0
0,0
0,0
0,0
0,0
0,0
0,0
0,0
0,0
-1,0
-7,0
-11,-8
0,0
0,0
0,0
1,0
0,0
0,0
-2,-2
-7,-4
-9,-11
-7,-9
-4,-3
0,0

RawData: 25
0,0,0,0,0,0,0,0,0,0,0,0,0,0,0.5890865,0.8513522,1,0.9882995,0.7584016,0,0,0,0,0,0,0,0,0,0,0,0,0,0,0,0,0,0,0,0,0,0,0,0,0,0,0,0,0.7736332,0.8519118,1,0.9094957,0,0,0,0,0,0,0,0,0,0,0,0,0,0,0
0,0,0,0,0,0,0,0,0,0,0,0,0,0,0,0.8806383,1,0.9674929,0.7382814,0,0,0,0,0,0,0,0,0,0,0,0,0,0,0,0,0,0,0,0,0,0,0,0,0,0,0,0,0.7842793,0.9613992,1,0.8963519,0,0,0,0,0,0,0,0,0,0,0,0,0,0,0
0,0,0,0,0,0,0,0,0,0,0,0,0,0,0,0.8571715,1,0.974028,0.7275064,0,0,0,0,0,0,0,0,0,0,0,0,0,0,0,0,0,0,0,0,0,0,0,0,0,0,0,0,0.7256438,0.9578049,1,0.8870836,0,0,0,0,0,0,0,0,0,0,0,0,0,0,0
0,0,0,0,0,0,0,0,0,0,0,0,0,0,0,0.823951,1,0.9911987,0.7860448,0,0,0,0,0,0,0,0,0,0,0,0,0,0,0,0,0,0,0,0,0,0,0,0,0,0,0,0,0.6183799,0.9448248,1,0.8876955,0,0,0,0,0,0,0,0,0,0,0,0,0,0,0
0,0,0,0,0,0,0,0,0,0,0,0,0,0,0,0.8158993,1,0.9907155,0.7798235,0,0,0,0,0,0,0,0,0,0,0,0,0,0,0,0,0,0,0,0,0,0,0,0,0,0,0,0,0.7065,0.9218336,1,0.9193787,0,0,0,0,0,0,0,0,0,0,0,0,0,0,0
0,0,0,0,0,0,0,0,0,0,0,0,0,0,0,0.8138129,1,0.9782602,0,0,0,0,0,0,0,0,0,0,0,0,0,0,0,0,0,0,0,0,0,0,0,0,0,0,0,0,0,0.6427811,0.9380789,1,0.8996572,0,0,0,0,0,0,0,0,0,0,0,0,0,0,0
0,0,0,0,0,0,0,0,0,0,0,0,0,0,0,0.786553,0.9912506,1,0.8389795,0,0,0,0,0,0,0,0,0,0,0,0,0,0,0,0,0,0,0,0,0,0,0,0,0,0,0,0,0.6406529,0.9603347,1,0.8091909,0.6764234,0,0,0,0,0,0,0,0,0,0,0,0,0,0
0,0,0,0,0,0,0,0,0,0,0,0,0,0,0,0.8038719,0.9936004,1,0.8877673,0.6867878,0.6278092,0,0,0,0,0,0,0,0,0,0,0,0,0,0,0,0,0,0,0,0,0,0,0,0,0,0,0.6242554,0.9325046,1,0.9419478,0.7870063,0.6430072,0,0,0,0,0,0,0,0,0,0,0,0,0
0,0,0,0,0,0,0,0,0,0,0,0,0,0,0,0.8411911,0.9942988,1,0.9376555,0.8830717,0.7843915,0,0,0,0,0,0,0,0,0,0,0,0,0,0,0,0,0,0,0,0,0,0,0,0,0,0,0,0.9596181,1,0.7966695,0.8683372,0.9043865,0.8618901,0.7943408,0,0,0,0,0,0,0,0,0,0,0
0,0,0,0,0,0,0,0,0,0,0,0,0,0,0,0.8403372,1,0.9400242,0.8902689,0.8714665,0.7981068,0.8364788,0.8417975,0.7726539,0,0.6760587,0.688854,0.6718996,0,0,0,0,0,0,0,0,0,0,0,0,0,0,0,0,0,0,0,0.6242527,0.9375379,1,0.9190949,0.8075495,0.7507695,0.8391503,0.8026925,0.6744237,0.7020411,0.6138422,0.6334968,0,0.6457801,0.6223051,0.6109602,0.5914672,0,0
0,0,0,0,0,0,0,0,0,0,0,0,0.6326927,0.7620738,0.7995371,0.7141052,0.9883718,1,0.9368433,0.8952433,0.8109933,0.7785847,0.7633981,0.7500396,0.6456739,0.7455206,0.7923381,0.780264,0.7150211,0.676196,0.6411949,0.6114152,0.606774,0,0,0,0,0,0,0,0,0,0,0,0,0,0,0.6533985,0.9495158,1,0.8904005,0.7115837,0,0.7282371,0.7461519,0.7833293,0.7671335,0.7332034,0.7368513,0.6673343,0.7388152,0.5637963,0.7234118,0.7310661,0.7884666,0.7582816
0,0,0,0,0,0,0.7789339,0.7956866,0.7767638,0.8147357,0.8049302,0.8295968,0.8877626,0.8626713,0.9347008,0.9054961,1,0.9864889,0.8941237,0.779348,0.8121246,0.8214509,0.765196,0.758863,0.7309436,0,0,0,0,0,0,0,0,0,0,0,0,0,0,0,0,0,0,0,0,0,0,0.7386698,0.9357466,1,0.8953344,0.7211425,0.7830752,0.8109127,0.8273987,0.839326,0.8181326,0.7530283,0.8065721,0.8338354,0.7822112,0.6918574,0.7486863,0.7857277,0.7716997,0.7115625
0,0,0.7648026,0.7869964,0.7305441,0.8079952,0.7635402,0.8439062,0.8141192,0.7284806,0.8346576,0.8175358,0.8104748,0.7075361,0.8086132,0.8721104,1,0.9730847,0.7662764,0.7406187,0.6850067,0,0,0,0,0,0,0,0,0,0,0,0,0,0,0,0,0,0.7498445,0.8159457,0.8423167,0.8513055,0.8457613,0.828945,0.6654019,0.8199089,0.8188319,0.8247191,0.9705815,1,0.8936667,0.7510514,0.7691011,0.7390705,0.7200388,0.6916647,0.710516,0.7181308,0,0.7114883,0.6711275,0,0,0,0,0
0,0.6686722,0.7335631,0.7924302,0.7969204,0.7841606,0.9036817,0.8981028,0.796079,0.8142774,0.8246689,0.8259829,0.7453834,0.7694732,0.7589577,0.8476473,1,0.9570109,0,0,0,0,0,0,0,0,0,0,0,0,0,0,0,0.7056131,0.7109833,0.7386592,0.8221723,0.8525487,0.8974268,0.8329287,0.8843847,0.8054548,0.684251,0.8381696,0.8211448,0.7813511,0.8429717,0.8189309,0.9384381,1,0.8993579,0.6659415,0,0,0,0,0,0,0,0,0,0,0,0,0,0
0,0,0.7886788,0.7835051,0.7786389,0,0.7951549,0.8363028,0.932146,0.9518654,0.891843,0.8757492,0.8454477,0.773702,0.8205084,0.769348,0.998348,1,0.7940904,0,0,0,0,0,0,0,0,0,0,0,0,0,0,0.8597514,0.8729734,0.8575048,0.7712896,0.8555763,0.8978384,0.8588252,0.8717934,0.8351188,0.8246613,0.7706961,0.8183199,0,0,0.7574496,0.9439315,1,0.9096122,0.7313333,0,0,0,0,0,0,0,0,0,0,0,0,0,0
0,0,0.6058942,0.6531072,0.6340793,0,0,0,0.7506025,0.7553188,0.8495194,0.8860723,0.8317293,0.8537539,0.8413285,0.8076906,1,0.9885237,0.8385032,0.6211239,0,0,0,0,0,0,0,0,0,0,0,0,0,0.7524327,0.756184,0.72684,0.8191691,0.7291166,0.8370145,0.8244648,0.7766851,0.85189,0.8424496,0.8753021,0.8690113,0.7585854,0,0.6187212,0.9361396,1,0.8151727,0.8078267,0.6958224,0,0,0,0,0,0,0,0,0,0,0,0,0
0,0,0,0,0,0,0,0,0.6315286,0.6379377,0.7131292,0.856192,0.9089264,0.8836845,0.8924518,0.9342883,0.9831355,1,0.9041094,0.7559125,0.6155332,0,0,0,0,0,0,0,0,0,0,0,0,0,0.5771918,0.5689515,0.5830582,0.6809524,0.6743318,0.7005444,0.7866228,0.7836052,0.7017198,0.7267012,0.7987832,0.8068972,0.7918976,0.7172747,0.9179927,1,0.9155668,0.6773192,0.583147,0,0,0,0,0,0,0,0,0,0,0,0,0
0,0,0,0,0,0,0,0,0,0,0,0,0,0.714325,0,0.8645192,1,0.9970832,0.7706895,0.8635543,0.8144901,0.7594514,0.7826365,0.7703291,0.7185865,0,0,0,0,0,0,0,0,0,0,0,0,0,0,0,0,0,0,0,0,0,0.7302623,0.8093058,0.9736474,1,0.8509264,0.7610956,0.7284578,0.686761,0,0,0,0,0,0,0,0,0,0,0,0
0,0,0,0,0,0,0,0,0,0,0,0,0,0,0,0.8266544,1,0.9719104,0.7850114,0.8615517,0.8598312,0.6470992,0.7506564,0.7612032,0.8290771,0.8487168,0.8035604,0.7395649,0.5903907,0,0.5772167,0.5178636,0,0,0,0,0,0,0,0,0,0,0,0,0,0,0.5660791,0.5633271,0.929272,1,0.8999718,0.5997092,0.7925506,0.7543652,0.527161,0.6157088,0.5591266,0.573533,0.5507916,0.4993211,0,0,0,0,0,0
0,0,0,0,0,0,0,0,0,0,0,0.6535212,0.7392728,0,0.7232638,0.7976624,1,0.9778502,0.7804289,0.7848215,0.8027236,0.8296782,0.7343646,0.7902218,0.7282515,0.7949495,0.8326067,0.8092875,0.7831959,0.6965876,0.720001,0.6912153,0,0,0,0,0,0,0,0,0,0,0,0,0.6554191,0.6750463,0.7449979,0.8021456,0.9346955,1,0.8602284,0,0.7390297,0.6794194,0.7672771,0.7682082,0.6244641,0.6719577,0.5998969,0,0.6042576,0.6051334,0.5878262,0,0,0
0,0,0,0,0,0,0.7052556,0.742332,0.7269703,0.6922452,0,0.7943214,0.8643274,0.8163323,0.6958426,0.8465317,1,0.9875043,0.8336501,0,0.8119945,0.8724375,0.8564194,0.6640837,0.7602364,0.7469608,0,0.6778249,0.6533076,0,0.6950757,0,0,0,0,0,0,0,0,0,0,0,0.6897995,0.7857351,0.8176483,0.8468063,0.8005165,0.7353032,0.9474593,1,0.9024107,0.7379575,0,0.733539,0.7126592,0.6922187,0.7024353,0.651462,0,0,0,0,0,0,0,0
0,0,0,0,0.6746752,0.737034,0.7402528,0.7960153,0.7588539,0.7039546,0.6391242,0.778776,0.8004398,0.7851011,0.8355608,0.8410758,1,0.9648932,0.6742362,0.7384183,0,0.6918415,0.7934371,0.7442306,0,0.6566263,0.6598162,0,0,0.5728157,0.6126416,0.5702314,0,0,0,0.5563827,0.6024507,0.6147507,0.5539995,0.6361932,0,0.5837502,0.6514191,0.7714221,0.7691443,0.795103,0.8223366,0.7401329,0.9331215,1,0.889958,0.6748629,0,0.5984108,0.587128,0.5518618,0.5784613,0,0.542301,0.5434825,0,0,0,0,0,0
0,0,0,0,0,0,0.7453538,0.7497026,0.7275897,0.6955681,0.7102454,0.8185589,0.7850403,0.7541511,0.8420112,0.7521207,1,0.9999131,0.8414858,0,0,0,0,0.648704,0,0,0,0,0,0,0,0,0,0,0,0,0,0.6195731,0.632861,0,0,0.6141417,0.6750949,0.7335995,0.729148,0.7381469,0.7765453,0.8019826,0.9393739,1,0.877944,0.6958045,0.7101226,0.6943985,0.6162493,0,0,0,0,0,0,0,0,0,0,0
0,0,0,0,0,0,0,0,0,0.5719057,0.6142129,0.6012494,0.5680723,0.6915268,0.8223605,0.8623767,1,0.9924615,0.799246,0.6474966,0.6167728,0,0.5221506,0.5336717,0,0,0,0,0,0,0,0,0,0,0,0,0,0,0,0,0,0,0,0.5169431,0.5079669,0.5829652,0.5993447,0.7538331,0.9114159,1,0.8804587,0.6920577,0.6707625,0.5902636,0.4922919,0,0,0,0,0,0,0,0,0,0,0
0,0,0,0,0,0,0,0,0,0,0,0,0,0,0.7137137,0.847757,1,0.9957464,0.8163604,0.7409753,0.732601,0.7993734,0.739302,0,0,0,0,0,0,0,0,0,0,0,0,0,0,0,0,0,0,0,0,0,0,0,0,0.7697397,0.9580591,1,0.890206,0.6939939,0.6809146,0,0,0,0,0,0,0,0,0,0,0,0,0
