GestureName: zigzag
Duration(ms): 1128
Handedness: right

SpeakerAngles: 2
55
-55

InterpretedPoints: 24
0,0
0,0
0,0
0,0
-0.806707284111599,0.564862521463624
1.6134145682232,12.4269754721997
0,13.556700515127
0,13.556700515127
4.84024370466959,10.1675253863452
-1.6134145682232,-7.90807530049073
0,-11.2972504292725
-1.6134145682232,-10.1675253863452
-4.84024370466959,0
-10.4871946934508,6.21348773609986
-12.9073165457856,4.51890017170899
-13.7140238298972,2.82431260731812
-4.03353642055799,-0.564862521463623
4.84024370466959,-7.90807530049073
4.84024370466959,-9.03780034341798
2.4201218523348,-5.08376269317261
-11.2939019775624,4.51890017170899
-16.134145682232,2.25945008585449
4.03353642055799,-5.08376269317261
-0.806707284111599,-6.21348773609986

StrokePoints: 25
177.666666666667,130.277777777778
177.666666666667,130.277777777778
177.666666666667,130.277777777778
177.666666666667,130.277777777778
177.666666666667,130.277777777778
178.473373950778,129.712915256314
176.859959382555,117.285939784114
176.859959382555,103.729239268987
176.859959382555,90.1725387538605
172.019715677886,80.0050133675153
173.633130246109,87.9130886680061
173.633130246109,99.2103390972785
175.246544814332,109.377864483624
180.086788519001,109.377864483624
190.573983212452,103.164376747524
203.481299758238,98.6454765758149
217.195323588135,95.8211639684968
221.228860008693,96.3860264899604
216.388616304023,104.294101790451
211.548372599354,113.331902133869
209.128250747019,118.415664827042
220.422152724581,113.896764655333
236.556298406813,111.637314569478
232.522761986255,116.721077262651
233.329469270367,122.934564998751

Velocities: 24
0,0
0,0
0,0
0,0
0,1
12,10
12,12
12,12
12,6
-8,-6
-10,-10
-10,-8
-3,3
-1,12
-4,12
-6,11
-3,2
-4,-10
-5,-11
-3,-6
-3,11
-8,12
-2,-7
-6,-5

InverseVelocities: 24
0,0
0,0
0,0
0,0
0,0
0,0
0,0
0,0
-4,0
0,0
2,0
1,0
3,0
11,0
9,0
0,-2
1,-8
3,0
3,0
0,0
2,0
5,-6
0,0
0,0

RawData: 24
0,0,0,0,0,0,0,0,0,0,0,0,0,0,0.6284635,0.8583694,1,0.9825277,0.7131634,0,0,0,0,0,0,0,0,0,0,0,0,0,0,0,0,0,0,0,0,0,0,0,0,0,0,0,0,0.6307063,0.9255264,1,0.8765584,0,0,0,0,0,0,0,0,0,0,0,0,0,0,0
0,0,0,0,0,0,0,0,0,0,0,0,0,0,0,0.8588179,1,0.9818569,0.7894099,0,0,0,0,0,0,0,0,0,0,0,0,0,0,0,0,0,0,0,0,0,0,0,0,0,0,0,0,0.6892691,0.9549224,1,0.8995419,0,0,0,0,0,0,0,0,0,0,0,0,0,0,0
0,0,0,0,0,0,0,0,0,0,0,0,0,0,0,0.8580634,1,0.9803306,0.7483428,0,0,0,0,0,0,0,0,0,0,0,0,0,0,0,0,0,0,0,0,0,0,0,0,0,0,0,0,0.6844959,0.9556033,1,0.8793424,0,0,0,0,0,0,0,0,0,0,0,0,0,0,0
0,0,0,0,0,0,0,0,0,0,0,0,0,0,0.6256091,0.7407473,0.9849066,1,0.7767829,0,0,0,0,0,0,0,0,0,0,0,0,0,0,0,0,0,0,0,0,0,0,0,0,0,0,0,0,0.7455275,0.9607345,1,0.8700903,0.5377599,0,0,0,0,0,0,0,0,0,0,0,0,0,0
0,0,0,0,0,0,0,0,0,0,0,0,0,0,0,0.875369,1,0.9679281,0,0,0,0,0,0,0,0,0,0,0,0,0,0,0,0,0,0,0,0,0,0,0,0,0,0,0,0,0,0,0.931393,1,0.9323124,0.779539,0.7423352,0.726817,0,0,0,0,0,0,0,0,0,0,0,0
0,0,0,0,0,0,0,0,0,0,0,0,0,0,0.7062739,0.8475658,1,0.9801492,0.7200322,0.7888132,0.7387878,0.6574743,0.7432023,0.7579445,0.6648185,0.7265185,0.7241502,0.7432304,0.7471674,0.7296273,0.7153639,0.6732642,0,0,0,0,0,0,0,0,0,0,0,0,0,0,0.622767,0.6558099,0.9418902,1,0.8760932,0.8083161,0.8081479,0.7965624,0.7805673,0.77668,0.6524772,0.6364778,0.6760269,0.66147,0.6282728,0.6352686,0.6116341,0,0,0
0,0,0,0,0,0,0,0,0,0,0,0,0,0,0,0.8756554,1,0.9802109,0,0,0,0,0,0,0.8182377,0.8370543,0.814484,0.8523487,0.8241286,0.8453342,0.8838573,0.9017339,0.8842346,0,0,0,0,0,0,0,0,0,0,0,0,0,0,0,0.9538054,1,0.9103132,0,0.7716968,0.7905859,0.8373192,0.7711521,0,0,0,0.775665,0.8031006,0,0.7806748,0.803581,0.7669126,0
0,0,0,0,0,0,0,0,0,0,0,0,0,0.6250359,0.624103,0.8476355,1,0.9810804,0.6561593,0.6350965,0.6893557,0.7326502,0.7827678,0.773591,0.7400413,0.8894547,0.9112654,0.8767402,0.7957582,0.7954552,0.8073344,0.8104685,0.7453552,0,0,0,0,0,0,0,0,0,0,0,0,0,0,0.6625229,0.9454902,1,0.8906869,0.6535892,0.6955558,0.6894861,0.63903,0.6964715,0.6774417,0.7237379,0.7255243,0.6666501,0.6641514,0,0,0.617979,0.6679294,0.6284457
0,0,0,0,0,0,0,0,0,0.6027819,0.6603712,0.7234217,0.752007,0.7630608,0.8511621,0.8425646,0.9920746,1,0.904101,0.8791428,0.8628004,0.8433326,0.8265353,0.8105378,0.8028594,0.7945648,0.7519817,0.6844685,0.620199,0,0.5679805,0.5936013,0.5590518,0,0,0,0,0,0,0,0,0,0,0,0,0,0.6475157,0.6526867,0.9417531,1,0.8642614,0.6978852,0.6458504,0.5910422,0.6376244,0.6251847,0.6776018,0.6652398,0.5911839,0,0,0,0,0,0,0
0,0,0,0,0,0.7416992,0.8075075,0.8557913,0.8550384,0.8350951,0.7997591,0.8348547,0.8302603,0.8430307,0.851872,0.857871,1,0.9855664,0.8383544,0,0,0,0,0,0,0,0,0,0,0,0,0,0,0,0,0,0,0,0,0,0.6895767,0.7075461,0,0,0.7478401,0.7899984,0.7526367,0.7494627,0.9535993,1,0.8980321,0,0,0,0,0,0,0,0,0,0,0,0,0,0,0
0,0,0,0.6748825,0.8408753,0.889011,0.8522224,0.8668768,0.8688473,0.7744315,0.7373465,0.7432722,0.6867942,0,0.720679,0.839497,1,0.9938089,0.8175752,0.6995894,0.6657596,0.5974069,0,0,0,0,0,0,0,0,0,0,0,0,0,0,0.6209517,0.696274,0.7129556,0.6736773,0.6997139,0.6839966,0.6115819,0.6197565,0.7302505,0.7196198,0,0.6530584,0.9482105,1,0.8862535,0,0,0,0,0,0,0,0,0,0,0,0,0,0,0
0,0,0,0.7147032,0.769933,0.7043798,0.7817882,0.8568311,0.859612,0.8638036,0.8785993,0.8512567,0.8297859,0.8177704,0,0.8523173,1,0.9946158,0.7876341,0,0.6741158,0,0,0,0,0,0,0,0,0,0,0,0,0,0,0,0,0,0.6175753,0.630711,0,0.6694084,0.7279554,0.7044095,0.6320856,0.7368942,0.7660191,0.7913359,0.9425465,1,0.8942927,0,0,0,0,0,0,0,0,0,0,0,0,0,0,0
0,0,0,0,0,0,0,0,0,0,0.733659,0.7811558,0.8073833,0.8316616,0.8397618,0.9181665,1,0.9761658,0.8587322,0.8371121,0.7815384,0.7652804,0.730795,0,0,0,0,0,0,0,0,0,0,0,0,0,0,0,0,0,0,0,0,0,0,0,0,0.7072237,0.9386501,1,0.9036431,0.7195496,0,0.6979387,0.7300261,0.6980478,0,0,0,0,0,0,0,0,0,0
0,0,0,0,0,0,0,0,0,0,0,0,0.6971197,0.6328292,0,0.8501129,1,0.9739269,0.793977,0.7605143,0.7891001,0.7717819,0.776768,0.71376,0.7848958,0.7515237,0.821023,0.838536,0.7782907,0.7052499,0.6317548,0,0,0,0,0,0,0,0,0,0,0,0,0,0,0,0,0.6840858,0.9463516,1,0.8972204,0,0.6606632,0.6809962,0,0.6161867,0.6667754,0.6655801,0.6915253,0,0.6817532,0.6288996,0.6187885,0.6550034,0.65297,0.7258307
0,0,0,0,0,0,0,0,0,0.6895304,0.6714764,0.74777,0.7094789,0.6341361,0.7337043,0.8510988,1,0.9658519,0.6999506,0.8022507,0.7735202,0.7036433,0.7293205,0.7082406,0.7541726,0.7631367,0.7268287,0.7144682,0.6618969,0,0,0,0,0,0,0,0,0,0,0,0,0,0,0,0,0,0.6153932,0.7113389,0.9517793,1,0.8946078,0.6606801,0.710205,0.6988319,0.7484356,0.7837805,0.7577331,0.6946075,0.7172792,0.7313925,0.6579918,0.7784274,0.7804261,0.7548175,0.6487939,0.689209
0,0,0,0,0,0,0,0.6924972,0.7468116,0.8001103,0.8253512,0.8299919,0.7971997,0.8228656,0.6798556,0.8775594,1,0.9925762,0.7630096,0,0,0,0,0,0,0,0,0,0,0,0,0,0,0,0,0,0,0,0,0,0,0,0,0,0.6567011,0.6900027,0.7423119,0,0.9537901,1,0.9023831,0.8238944,0.7553014,0.7515866,0.8105925,0.8298057,0.8080165,0.7722179,0.7408654,0.6816602,0.6436204,0.6744696,0.6881084,0.6460626,0,0
0,0,0,0,0,0,0,0,0,0,0.5901477,0.6093869,0.6835403,0.7786461,0.628749,0.8424659,1,0.9902113,0.7624784,0.6630229,0.5824396,0,0,0,0,0,0,0,0,0,0,0,0,0,0,0,0,0,0.6108887,0.6029658,0.5676928,0.5554038,0,0.635784,0.782161,0.7849964,0.8115597,0.8622879,0.910829,1,0.886449,0.5564677,0,0,0.5598518,0,0,0,0,0,0,0,0,0,0,0
0,0,0,0,0,0,0,0,0,0.672637,0.6338422,0,0.7592981,0.7983667,0.6580164,0.8638836,1,0.9908468,0.8362013,0.6303937,0.6259472,0.6730331,0.6280925,0,0,0,0,0,0,0,0,0,0,0,0,0,0.7117758,0.754258,0.7084084,0.7679065,0.7786191,0.7961953,0.819062,0.8327252,0.8375574,0.8111268,0.7095691,0.6216677,0.9468492,1,0.88389,0.5935581,0,0,0,0,0,0,0,0,0,0,0,0,0,0
0,0,0,0,0,0,0,0,0.7115263,0.82495,0.8720919,0.8029833,0.7194312,0.7565335,0.8118861,0.8425096,1,0.988294,0.8086678,0.7450222,0,0,0.7051112,0,0,0,0,0,0,0,0,0,0,0,0,0.6502706,0.7796648,0.8262541,0.7851338,0.6797156,0.637924,0.7405494,0.711231,0.7701129,0.7543326,0.7360317,0.7668136,0.740617,0.9387485,1,0.9020599,0,0,0,0,0,0,0,0,0,0,0,0,0,0,0
0,0,0,0,0,0,0,0,0,0,0.8148168,0.832971,0.8303825,0.8593796,0.8811251,0.7526479,1,0.9998329,0.8278007,0,0,0,0,0,0,0,0,0,0,0,0,0,0,0,0,0,0,0,0,0,0.7263109,0.7633635,0.7561714,0,0.7052255,0.7474166,0.7435814,0,0.9509289,1,0.8974929,0.7118019,0.7206961,0,0,0,0,0,0,0,0,0,0,0,0,0
0,0,0,0,0,0,0,0,0,0,0.6179321,0.6473866,0.6513614,0,0.5956194,0.8642758,1,0.9619118,0.8115874,0.7762364,0.7118574,0.6439723,0,0,0,0,0,0,0,0,0,0,0,0,0,0,0,0,0,0,0,0,0,0,0,0,0.54519,0,0.9351638,1,0.8759689,0.6982558,0.7532779,0.812499,0.7609087,0.5670138,0.6958216,0.6762736,0.5631816,0.6500593,0.6730148,0.6674462,0.6483487,0.5980498,0,0
0,0,0,0,0,0.5662825,0.6042641,0.6049149,0.6423747,0.6944333,0.7410404,0.742974,0.652766,0.7689625,0.7483187,0.790239,1,0.9988097,0.7553319,0.7999734,0.7742743,0.7013807,0.5870776,0.5544146,0.6095425,0,0,0,0,0,0,0,0,0,0,0,0,0,0,0,0.5289205,0.606482,0.5627084,0.5526939,0,0,0.6515831,0.6748742,0.9403175,1,0.871901,0.7660066,0.675899,0.773941,0.7647984,0.6746475,0.7309785,0.7186827,0.6704452,0.6274183,0.7072604,0.7415126,0.7333938,0.6813636,0.5621812,0
0,0,0,0,0,0,0,0,0,0,0,0.7691322,0,0,0.7851888,0.8601319,1,0.9672269,0,0.7848847,0,0,0,0,0,0,0,0,0,0,0,0,0,0,0,0,0,0,0,0.7427413,0.7623516,0.7931858,0.8488403,0.8638013,0.8265907,0.7909393,0.7921182,0.82066,0.9555543,1,0.8978239,0.8036999,0.7815098,0,0,0,0,0,0,0,0,0,0,0,0,0
0,0,0,0,0,0,0,0.6568649,0.64688,0,0.6615458,0.7519177,0.6828806,0.714523,0.8019465,0.7968106,1,0.9939625,0.836147,0.6472579,0,0,0,0,0,0,0,0,0,0,0,0,0,0,0,0,0,0,0,0,0,0.6338281,0.7316042,0.7919585,0.7835231,0.717523,0.6730266,0.7408695,0.9324529,1,0.895825,0.6446329,0,0,0,0,0,0,0,0,0,0,0,0,0,0
