GestureName: zigzag
Duration(ms): 1128
Handedness: right

SpeakerAngles: 2
55
-55

InterpretedPoints: 24
0.806707284111599,-1.69458756439087
1.6134145682232,-1.12972504292725
0,0
0,0
0,0
2.4201218523348,6.21348773609986
0,13.556700515127
0,13.556700515127
0,13.556700515127
0,3.38917512878174
-2.4201218523348,-11.8621129507361
-0.806707284111599,-10.7323879078088
-5.64695098878119,-3.95403765024536
-0.806707284111598,12.9918379936633
0,13.556700515127
-1.6134145682232,9.03780034341798
-4.03353642055799,-1.69458756439087
3.2268291364464,-7.90807530049073
1.6134145682232,-11.2972504292725
1.6134145682232,-6.77835025756348
-2.4201218523348,-2.82431260731812
-4.03353642055799,-10.7323879078088
-4.03353642055799,-10.7323879078088
-0.806707284111599,-7.34321277902711

StrokePoints: 25
177.666666666667,130.277777777778
176.859959382555,131.972365342169
175.246544814332,133.102090385096
175.246544814332,133.102090385096
175.246544814332,133.102090385096
175.246544814332,133.102090385096
172.826422961997,126.888602648996
172.826422961997,113.331902133869
172.826422961997,99.7752016187421
172.826422961997,86.2185011036152
172.826422961997,82.8293259748334
175.246544814332,94.6914389255695
176.053252098443,105.423826833378
181.700203087225,109.377864483624
182.506910371336,96.3860264899604
182.506910371336,82.8293259748334
184.120324939559,73.7915256314155
188.153861360117,75.4861131958063
184.927032223671,83.3941884962971
183.313617655448,94.6914389255695
181.700203087225,101.469789183133
184.12032493956,104.294101790451
188.153861360118,115.02648969826
192.187397780675,125.758877606069
192.994105064787,133.102090385096

Velocities: 24
-1,-2
0,-2
0,0
0,0
0,0
7,4
12,12
12,12
12,12
3,3
-12,-9
-10,-9
-7,0
11,12
12,12
7,9
-4,1
-5,-9
-9,-11
-5,-7
-4,-1
-12,-7
-12,-7
-7,-6

InverseVelocities: 24
0,0
0,0
0,0
0,0
0,0
0,0
0,0
0,0
0,0
-6,-6
0,0
1,0
1,0
0,0
-2,0
-4,-2
0,-7
1,0
1,1
0,6
5,11
3,10
1,2
0,0

RawData: 24
0,0,0,0,0,0,0,0,0,0,0,0,0.7168851,0.8619016,0.8840725,0.7828696,1,0.9859497,0.7740898,0,0,0,0,0,0,0,0,0,0,0,0,0,0,0,0,0,0,0,0,0,0,0,0,0,0.7042227,0.8256094,0.7655656,0.8283769,0.9492022,1,0.882571,0,0,0,0,0,0,0,0,0,0,0,0,0,0,0
0,0,0,0,0,0,0,0,0,0,0,0,0,0.7523693,0.9001222,0.9458424,1,0.9565724,0.5933255,0,0,0,0,0,0,0,0,0,0,0,0,0,0,0,0,0,0,0,0,0,0,0,0,0,0.5377024,0.660279,0.8288482,0.8908615,0.8868532,1,0.8872158,0,0,0,0,0,0,0,0,0,0,0,0,0,0,0
0,0,0,0,0,0,0,0,0,0,0,0,0,0.6536614,0.8192505,0.9278463,1,0.978484,0.73408,0,0,0,0,0,0,0,0,0,0,0,0,0,0,0,0,0,0,0,0,0,0,0,0,0,0,0,0.6359618,0.6289498,0.9499534,1,0.887107,0,0,0,0,0,0,0,0,0,0,0,0,0,0,0
0,0,0,0,0,0,0,0,0,0,0,0,0,0,0.6001649,0.8294114,1,0.9700553,0.688485,0,0,0,0,0,0,0,0,0,0,0,0,0,0,0,0,0,0,0,0,0,0,0,0,0,0,0,0,0.6508328,0.9492658,1,0.881789,0,0,0,0,0,0,0,0,0,0,0,0,0,0,0
0,0,0,0,0,0,0,0,0,0,0,0,0,0,0,0.7917941,0.9925803,1,0.8552783,0.7195952,0,0,0,0,0,0,0,0,0,0,0,0,0,0,0,0,0,0,0,0,0,0,0,0,0,0,0,0.6185319,0.9385893,1,0.9026554,0,0,0,0,0,0,0,0,0,0,0,0,0,0,0
0,0,0,0,0,0,0,0,0,0,0,0,0,0,0,0.7351761,1,0.990608,0.7649682,0.8027689,0.7953088,0.8017402,0.752737,0.7535715,0.7291333,0.7015435,0.6867155,0,0,0,0,0,0,0,0,0,0,0,0,0,0,0,0,0,0,0,0,0,0.944114,1,0.8584815,0.8253131,0.8402124,0.8098173,0.7397979,0.6585412,0.6432428,0,0,0,0,0,0,0,0,0
0,0,0,0,0,0,0,0,0,0,0,0,0,0,0,0.8631808,1,0.9712418,0.7788969,0.7669817,0.7600716,0.7209571,0.6969575,0,0.7832355,0.7834414,0.7141222,0.7565766,0.8929147,0.9036083,0.8717163,0.8455817,0.7953653,0,0,0,0,0,0,0,0,0,0,0,0,0,0,0,0.9372997,1,0.8831962,0.6927011,0.7018655,0,0.7683058,0.7709827,0.7355754,0,0,0,0.7078981,0.7525669,0.7567195,0.7405717,0.6812585,0
0,0,0,0,0,0,0,0,0,0,0,0,0,0,0,0.7997926,1,0.99935,0.8809016,0,0,0.8154536,0.7773333,0.8732638,0.9090246,0.9126501,0.9202864,0.9675525,0.924751,0.7920558,0.8217267,0.8527269,0.8797083,0,0,0,0,0,0,0,0,0,0,0,0,0,0,0.7060363,0.9511908,1,0.9025262,0,0,0,0,0.7264601,0.7381586,0,0,0,0,0.706643,0,0.7190965,0.7297432,0.699746
0,0,0,0,0,0,0,0,0,0,0,0,0,0,0.7840015,0.9027801,1,0.9651934,0.9020977,0.9528776,0.9606996,0.9211947,0.8303832,0.8889818,0.9292102,0.907438,0.8808715,0.866465,0.8112531,0.700065,0,0.6893538,0.6399202,0,0,0,0,0,0,0,0,0,0,0,0,0,0,0.5717114,0.9332097,1,0.8799213,0.6261503,0.6290686,0.706524,0.7255876,0.6960686,0.6612751,0.6714545,0.7358812,0.7532415,0.740524,0.7162974,0.6620435,0.6100073,0.5768197,0
0,0,0,0,0,0,0,0.6790966,0.7718709,0.8101398,0.8674988,0.8901618,0.8552256,0.9218644,0.9757637,0.9667822,1,0.9973638,0.8640321,0.7306774,0.7028345,0.7068731,0.6952923,0,0,0,0,0,0,0,0,0,0,0,0,0,0,0,0,0,0.6371612,0.686959,0.7212611,0.744002,0.7639266,0.7565061,0.7512763,0.7031251,0.9527538,1,0.8738154,0.7605243,0.7065547,0.6812858,0.6555489,0.6071985,0,0,0,0,0,0,0,0,0,0
0.6684568,0.7035265,0.7260096,0.7272364,0.6961677,0.8790598,0.9021471,0.8965301,0.8474327,0.9016257,0.9265581,0.8803012,0.7717376,0.8449859,0.7231172,0.8271924,1,0.9894821,0.7530038,0.6984369,0,0,0,0,0,0,0,0,0,0,0,0,0,0,0,0,0,0.6164516,0.6720089,0.6937403,0.6349805,0.7348413,0.7408181,0.6635563,0.6558541,0.6216573,0.7083232,0.6402945,0.9461319,1,0.887985,0,0,0,0,0,0,0,0,0,0,0,0,0,0,0
0,0,0,0.6027356,0.7984961,0.8827602,0.8742691,0.8495612,0.8708453,0.8196291,0.7603963,0.7190074,0.7010205,0.5786068,0.722122,0.8208884,1,0.9885687,0.7925048,0.7198396,0.5795311,0,0,0,0,0,0,0,0,0,0,0,0,0,0,0,0,0.650895,0.6851177,0.7078015,0.7236737,0.680316,0.6031326,0.6296082,0.6534276,0.6947366,0.6722382,0.6097194,0.9288811,1,0.8885896,0,0,0,0,0,0,0,0,0,0,0,0,0,0,0
0,0,0,0,0,0,0.7440119,0,0,0.7441845,0.8072048,0.8479138,0.8654626,0.872305,0.8798256,0.9311425,1,0.9544644,0.7994125,0.8038821,0.7412266,0,0,0,0,0,0,0,0,0,0,0,0,0,0,0,0,0,0,0,0,0,0,0,0,0,0,0.7420331,0.9563922,1,0.9106117,0.72421,0,0,0,0,0,0,0,0,0,0,0,0,0,0
0,0,0,0,0,0,0,0,0,0,0,0,0,0,0.6665574,0.8190397,0.9937003,1,0.8374927,0.7861794,0.7120234,0.8308817,0.7800395,0.764967,0.8462592,0.8542389,0.8730931,0.8685118,0.8240457,0.7623447,0.6632919,0,0,0,0,0,0,0,0,0,0,0,0,0,0,0,0,0.6578025,0.9417947,1,0.8975519,0.7186351,0.6764035,0.626445,0.6943423,0.705277,0.7160844,0.727659,0.7396212,0.7237638,0.7001176,0.6745877,0.6201718,0,0.6155848,0.646629
0,0,0,0,0,0,0,0,0,0,0,0.6969328,0.6732961,0.6454091,0.7362737,0.8505124,1,0.9884678,0.7695591,0.7464947,0.7425122,0.8731096,0.9071319,0.8526616,0.8039837,0.7206042,0.8188007,0.8592281,0.7926949,0.6087455,0.6474364,0.6027709,0,0,0,0,0,0,0,0,0,0,0,0,0,0,0.6466347,0.6853618,0.9320566,1,0.8913907,0.660203,0.6944363,0,0.6528034,0.6549489,0.5915892,0.6478701,0.5567037,0.7523445,0.7316698,0.7377793,0.6942618,0,0.7045944,0.7522898
0,0,0,0,0,0,0,0,0,0.7112159,0.7810197,0.8290139,0.8248226,0.8958212,0.913794,0.8508796,0.9968312,1,0.8248066,0.8065693,0.7994018,0.7990616,0.7685738,0.6920856,0,0.6495486,0.6707757,0,0,0,0,0,0,0,0,0,0,0,0,0,0,0,0,0,0.6364737,0.7309531,0.6533591,0.7949965,0.940634,1,0.919191,0.780226,0.8636423,0.8424496,0.7385262,0.7354262,0.770963,0.758582,0.7671306,0.7507517,0.7077061,0.6403474,0,0,0,0
0,0,0,0,0,0,0,0,0,0.6816335,0.7048585,0.7932983,0.7223258,0.961278,0.9547177,0.8365656,1,0.9940848,0.8391504,0.6363752,0,0,0,0,0,0,0,0,0,0,0,0,0,0,0,0,0,0,0,0.6349126,0.6921158,0,0.7792259,0.8647038,0.8900708,0.9164536,0.925005,0.8939421,0.9739673,1,0.8753538,0.7215943,0.7048773,0.646489,0,0,0,0,0,0,0,0,0,0,0,0
0,0,0,0,0,0,0,0,0.7255612,0.7748623,0.7832683,0.7861971,0.804417,0.8651431,0.8760538,0.8691723,1,0.9624831,0.6986564,0.7407484,0.6690647,0,0,0,0,0,0,0,0,0,0,0,0,0,0,0,0,0.6831775,0.7484279,0.772073,0.7841913,0.8307217,0.8199711,0.8020317,0.8265883,0.8296227,0.6432722,0.6988921,0.9454375,1,0.894642,0.5953345,0,0,0,0,0,0,0,0,0,0,0,0,0,0
0,0,0,0,0.5482434,0.5683646,0.6489177,0.7034886,0.7610229,0.8765988,0.8849385,0.8219215,0.8016958,0.6722572,0.7162147,0.8567094,1,0.9883609,0.6808032,0.6597431,0.6597378,0,0,0,0,0,0,0,0,0,0,0,0,0,0,0.55527,0.5864251,0.6614648,0.7491231,0.7702478,0.7176315,0.6742703,0.767566,0.7662897,0.7722769,0.7042814,0.69464,0.6563303,0.9313558,1,0.8902709,0.6456987,0.5869347,0.5021991,0,0,0,0,0,0,0,0,0,0,0,0
0,0,0,0,0,0,0,0,0.5480931,0.6365493,0.6967628,0.7260007,0.746568,0.7238711,0.8390055,0.8228669,1,0.976869,0.7114937,0.5921733,0,0,0,0,0,0,0,0,0,0,0,0,0,0,0,0,0,0,0,0.4979364,0.5849137,0.6137078,0.612457,0.5851675,0.5932244,0.6355213,0.6160916,0.6934582,0.9366937,1,0.891939,0.6596586,0.5889596,0.574316,0.5643823,0.5959482,0.6006665,0.5894243,0.531454,0,0,0,0,0,0,0
0,0,0,0,0,0,0,0,0,0.6656135,0.6895402,0.7132323,0.7402121,0.7283819,0.7878377,0.8323675,1,0.9982256,0.7476614,0.7941633,0.7793411,0.7362292,0.765328,0.712753,0.6712024,0,0,0,0,0,0,0,0,0,0,0,0,0,0,0,0,0,0,0,0,0.6446326,0.624967,0.7274736,0.9536155,1,0.8802534,0.6526936,0.787066,0.7998564,0.8104799,0.7887028,0.7074986,0.7686887,0.7692946,0.7839448,0.7868055,0.7677078,0.6996397,0.6159462,0,0
0,0.5911649,0.589441,0.6140563,0,0.6740782,0.6284813,0.6732456,0.6497058,0.7316217,0.7182135,0.7104419,0.749432,0.6872042,0.7331848,0.8021076,1,0.9922538,0.7517331,0.7623696,0.7198044,0,0.6154019,0,0,0,0,0,0,0,0,0,0,0,0,0,0,0,0,0.5582883,0.6346681,0.639105,0.589802,0,0.7087409,0.7495196,0.6995936,0.6456116,0.9411376,1,0.8820737,0.7763137,0.7175997,0.7720827,0.6680003,0.6940866,0.6865842,0.6509699,0.5874017,0,0.6200441,0.6817817,0.6775209,0,0,0
0,0.6873953,0.7248893,0.7560465,0.7705298,0.7192154,0.7354218,0.7529262,0.7281072,0,0.7453359,0.6857004,0.7261971,0.6855904,0.6712373,0.8624715,1,0.9890689,0.8300225,0,0.704165,0,0,0,0,0,0,0,0,0,0,0,0,0,0,0,0,0,0,0.7032743,0.7810152,0.8075398,0.7723739,0.8169063,0.8241047,0.8059418,0.8033624,0.7622695,0.9445117,1,0.8837719,0.7236087,0.6486891,0.6975473,0.7013155,0,0,0,0,0,0,0,0,0,0,0
0,0,0,0,0,0,0.6603888,0.7087985,0.7193965,0.733992,0.7684419,0.7836564,0.7682959,0.7393642,0.6394996,0.8205657,1,0.9862425,0.7919409,0,0,0,0,0,0,0,0,0,0,0,0,0,0,0,0,0,0,0,0,0,0.5921442,0.6338131,0.6754491,0.6400532,0.6409873,0.665485,0.649501,0.6992108,0.9465629,1,0.8935609,0,0.5871177,0,0,0,0,0,0,0,0,0,0,0,0,0
