GestureName: arrow
Duration(ms): 1316
Handedness: right

SpeakerAngles: 2
55
-55

InterpretedPoints: 28
0,0
0,0
0,0
0,2.25945008585449
-0.806707284111599,3.95403765024536
-2.4201218523348,5.08376269317261
-2.4201218523348,6.21348773609986
-1.6134145682232,5.64862521463624
-8.06707284111599,-2.25945008585449
-5.64695098878119,-1.69458756439087
-0.806707284111599,2.82431260731812
0.806707284111599,6.21348773609986
2.4201218523348,8.47293782195435
2.4201218523348,9.6026628648816
3.22682913644639,5.64862521463624
2.4201218523348,2.82431260731812
2.4201218523348,0.564862521463623
6.45365827289279,0
-1.6134145682232,-6.77835025756348
-0.806707284111599,-7.34321277902711
-0.806707284111599,-6.21348773609986
-1.6134145682232,-6.77835025756348
0.806707284111599,-1.69458756439087
8.06707284111599,0
7.26036555700439,0.564862521463624
8.87378012522759,-1.69458756439087
1.6134145682232,-4.51890017170899
1.6134145682232,-1.12972504292725

StrokePoints: 29
177.666666666667,130.277777777778
177.666666666667,130.277777777778
177.666666666667,130.277777777778
177.666666666667,130.277777777778
177.666666666667,128.018327691923
178.473373950778,124.064290041678
180.893495803113,118.980527348505
183.313617655448,112.767039612405
184.927032223671,107.118414397769
192.994105064787,109.377864483624
198.641056053568,111.072452048015
199.44776333768,108.248139440696
198.641056053568,102.034651704597
196.220934201233,93.5617138826422
193.800812348899,83.9590510177606
190.573983212452,78.3104258031244
188.153861360117,75.4861131958063
185.733739507783,74.9212506743427
179.28008123489,74.9212506743427
180.893495803113,81.6996009319061
181.700203087225,89.0428137109333
182.506910371336,95.2563014470331
184.120324939559,102.034651704597
183.313617655448,103.729239268987
175.246544814332,103.729239268987
167.986179257328,103.164376747524
159.1123991321,104.858964311915
157.498984563877,109.377864483624
155.885569995654,110.507589526551

Velocities: 28
0,0
0,0
0,0
2,2
3,4
3,6
4,7
4,6
-7,3
-5,2
2,3
6,5
9,6
10,7
7,3
4,1
2,-1
4,-4
-7,-5
-7,-6
-6,-5
-7,-5
-1,-2
5,-5
5,-4
4,-7
-3,-5
0,-2

InverseVelocities: 28
0,0
0,0
0,0
0,0
-4,-4
-4,-1
-2,-2
-8,-3
0,-1
4,-2
0,0
0,0
0,0
0,0
0,0
0,0
-4,0
-6,0
0,0
0,0
0,0
0,0
3,1
0,0
0,3
-2,2
0,0
0,0

RawData: 28
0,0,0,0,0,0,0,0,0,0,0,0,0,0,0,0.8188292,1,0.9810342,0.759635,0,0,0,0,0,0,0,0,0,0,0,0,0,0,0,0,0,0,0,0,0,0,0,0,0,0,0,0,0,0.9315236,1,0.8760328,0,0,0,0,0,0,0,0,0,0,0,0,0,0,0
0,0,0,0,0,0,0,0,0,0,0,0,0,0,0,0.8341583,1,0.9848005,0.7516145,0,0,0,0,0,0,0,0,0,0,0,0,0,0,0,0,0,0,0,0,0,0,0,0,0,0,0,0,0.6317562,0.9516873,1,0.8533336,0.6748139,0,0,0,0,0,0,0,0,0,0,0,0,0,0
0,0,0,0,0,0,0,0,0,0,0,0,0,0,0.6130441,0.8360233,1,0.9726006,0.720392,0.7258186,0,0,0,0,0,0,0,0,0,0,0,0,0,0,0,0,0,0,0,0,0,0,0,0,0,0,0,0.5996245,0.9324369,1,0.9228517,0.7613802,0.6560005,0,0,0,0,0,0,0,0,0,0,0,0,0
0,0,0,0,0,0,0,0,0,0,0,0,0,0.6623095,0.658571,0.8528356,1,0.9988813,0.8252361,0.8052515,0.763094,0.6800738,0,0,0,0,0,0,0,0,0,0,0,0,0,0,0,0,0,0,0,0,0,0,0,0,0,0.6882546,0.9496277,1,0.8737824,0.836832,0.8284133,0.7865902,0.7048863,0,0,0,0,0,0,0,0,0,0,0
0,0,0,0,0,0,0,0,0,0.589298,0.5497756,0.6230205,0.5987756,0,0,0.8027637,1,0.9846032,0.7350847,0.7555889,0.7095107,0.7145205,0.6454145,0,0,0,0,0,0,0,0,0,0,0,0,0,0,0,0,0,0,0,0.5423368,0.5333624,0.5560493,0.6256496,0,0.7238979,0.9354433,1,0.8978239,0.6484208,0.6653672,0.753005,0.8314766,0.7903259,0.6381447,0,0,0,0,0,0,0,0,0
0,0,0,0,0,0,0,0,0,0.5953438,0,0.5979229,0.6538354,0.620626,0.7379509,0.8679588,1,0.9859816,0.8375466,0.7719895,0,0.6617165,0.6087965,0,0,0,0,0,0,0,0,0,0,0,0,0,0,0,0,0,0,0,0,0,0,0.6356736,0,0.6882062,0.9471167,1,0.8781677,0.715218,0.7458795,0.6725504,0.7570065,0.7695998,0.7107843,0.6803061,0.6625068,0,0,0,0,0,0,0
0,0,0,0,0,0,0,0,0,0,0,0.6713457,0.6921179,0.7301795,0.803036,0.8899306,1,0.9796637,0.7608384,0.6619019,0.6833912,0.6325993,0.6601474,0.6848834,0,0,0,0,0,0,0,0,0,0,0,0,0,0,0,0,0,0,0,0,0.7146441,0.7783183,0.7351707,0.7683292,0.9465396,1,0.9003636,0.7999117,0.7874212,0.7273705,0.8027415,0.7947889,0,0.6866947,0.7426121,0.668231,0,0,0,0,0,0
0,0,0,0,0,0.6629789,0.5866723,0.6162865,0.6781636,0.6994021,0.7419124,0.7885041,0.8019438,0.7546777,0.7151027,0.8104135,1,0.9875646,0.7447495,0.635363,0,0.6525756,0.6302378,0.6630273,0,0,0,0,0,0,0,0,0,0,0,0,0,0,0,0,0,0,0,0.7014602,0.7800535,0.7968255,0.6263446,0.8277426,0.9545087,1,0.926044,0.8054086,0.7646144,0.792518,0.7931376,0.675255,0,0,0.6358764,0,0,0,0,0,0,0
0,0,0,0,0,0,0.635465,0.6985297,0.6551741,0.7281159,0.7741732,0.7885298,0.6756356,0.6915717,0.7667104,0.8508996,1,0.9862588,0.762325,0.654503,0,0,0,0,0,0,0,0,0,0,0,0,0,0,0,0,0,0,0,0,0,0,0,0,0,0.7791366,0.7484472,0.7670063,0.9320514,1,0.865961,0.7892622,0.7309541,0,0.6907972,0.6869825,0,0,0,0,0,0,0,0,0,0
0,0,0,0,0,0,0,0,0.5098524,0.5396296,0.6532197,0.6128042,0.5245234,0.5588,0.7508043,0.8446597,1,0.9963683,0.7853788,0,0,0.5122236,0.522687,0.507413,0,0,0,0,0,0,0,0,0,0,0,0,0,0,0,0,0,0,0,0,0.5934321,0.6354414,0.7535476,0.8105247,0.949939,1,0.8801439,0.6066496,0.6339542,0.6180628,0.5408327,0,0,0,0,0,0,0,0,0,0,0
0,0,0,0,0,0,0,0,0,0,0,0,0,0.5901018,0.63459,0.859221,1,0.987803,0.7461074,0.7726824,0.7717675,0.7028225,0,0,0,0,0,0,0,0,0,0,0,0,0,0,0,0,0,0,0,0,0,0,0,0,0,0.6739654,0.9303889,1,0.8575077,0.7345182,0.6663278,0.7461171,0.7183374,0.6530576,0,0,0,0,0,0,0,0,0,0
0,0,0,0,0,0,0,0,0,0,0,0,0,0.5793536,0.615803,0.8305938,1,0.9914196,0.8011424,0.7404895,0.743272,0.6353327,0.6616965,0.7030243,0.7329146,0.7126964,0,0,0,0,0,0,0,0,0,0,0,0,0,0,0,0,0,0,0,0,0,0,0.9269984,1,0.9170829,0.75464,0.8218473,0.8041619,0.8010796,0.8072765,0.7733598,0.6882944,0,0,0,0,0,0,0,0
0,0,0,0,0,0,0,0,0,0,0,0,0,0,0.6116423,0.8463562,1,0.980409,0.755989,0.6954729,0.6198195,0,0.6495531,0.7333571,0.7408617,0.677021,0.6673366,0.6125225,0.5920157,0,0,0,0,0,0,0,0,0,0,0,0,0,0,0,0,0,0,0.6158091,0.9468741,1,0.862863,0,0.6646665,0.8077758,0.830613,0.8011132,0.7497326,0.6788719,0.6708691,0,0,0,0,0,0,0
0,0,0,0,0,0,0,0,0,0,0,0,0,0,0,0.8497766,1,0.9818423,0.7454964,0.7207979,0.7147889,0.6135114,0.6626629,0.7079336,0.709884,0.7888515,0.7795416,0.6871668,0.5737085,0.556692,0,0,0,0,0,0,0,0,0,0,0,0,0,0,0,0,0,0.6567258,0.9442415,1,0.8950849,0,0.7532956,0.8146994,0.6646284,0.6876668,0.7592787,0.7493571,0.7585202,0.6821949,0,0,0,0,0,0
0,0,0,0,0,0,0,0,0,0,0,0,0,0,0,0.8691666,1,0.9867312,0.8130866,0.6951682,0.7175797,0.7514576,0.7111895,0.7078153,0.7298397,0.7670822,0.697735,0,0,0,0,0,0,0,0,0,0,0,0,0,0,0,0,0,0,0,0,0.7448279,0.9477681,1,0.9073196,0.8599746,0.8905129,0.7767153,0.8387761,0.8157837,0,0,0,0,0,0,0,0,0,0
0,0,0,0,0,0,0,0,0,0,0,0,0,0,0,0.8554319,1,0.9852806,0.7920834,0.8365159,0.8300096,0.772595,0.7052202,0.6754218,0,0,0,0,0,0,0,0,0,0,0,0,0,0,0,0,0,0,0,0,0,0,0,0,0.9348048,1,0.9678856,0.9173924,0.8497876,0.7774011,0,0,0,0,0,0,0,0,0,0,0,0
0,0,0,0,0,0,0,0,0,0.5481826,0.6059225,0.623722,0.6081322,0.5717983,0.7293509,0.7935343,0.9975192,1,0.8213064,0.6215068,0,0.5322093,0,0,0,0,0,0,0,0,0,0,0,0,0,0,0,0,0,0,0,0,0,0,0,0.6406598,0.7810101,0.898837,0.9928477,1,0.8496841,0.6556162,0,0,0,0,0,0,0,0,0,0,0,0,0,0
0,0,0,0,0,0,0,0.5936533,0.5867559,0.6490417,0.7619554,0.8026113,0.8044358,0.7552783,0.7146463,0.8068771,1,0.9847044,0.7599369,0.547254,0.5492114,0,0.5343229,0.5298347,0,0,0,0,0,0,0,0,0,0,0,0,0,0,0,0,0,0,0.62307,0.6321722,0.6696524,0.6723505,0.8113865,0.8695475,0.889366,1,0.8452941,0.690191,0.58663,0,0,0,0,0,0,0,0,0,0,0,0,0
0,0,0,0,0,0,0.6446245,0.7502201,0.7780399,0.7461143,0.7688934,0.6572073,0.726384,0.6755058,0.5952362,0.8429577,1,0.9783708,0.7440796,0,0,0,0,0,0,0,0,0,0,0,0,0,0,0,0,0,0,0,0,0,0,0.717221,0.7218366,0,0.6627138,0.7652204,0.7182687,0,0.9425793,1,0.8941357,0.6145027,0,0,0,0,0,0,0,0,0,0,0,0,0,0
0,0,0,0,0,0,0.6718047,0.7569627,0.7822036,0.7502626,0.7598162,0.7243794,0.6724276,0.7618027,0.7531701,0.8442286,1,0.9881573,0.82214,0.6126158,0,0,0,0,0,0,0,0,0,0,0,0,0,0,0,0,0,0,0,0,0.7036783,0.7721259,0.7917166,0.7777415,0.7615479,0.7672698,0.7000491,0.6967459,0.9460031,1,0.8691924,0.7239312,0,0,0,0,0,0,0,0,0,0,0,0,0,0
0,0,0,0,0,0,0,0.6629562,0.7633062,0.8059018,0.8012172,0.7651663,0.6396789,0.6660019,0.7411188,0.7857984,1,0.9880198,0.7759659,0.6496938,0,0,0,0,0,0,0,0,0,0,0,0,0,0,0,0,0,0,0,0,0,0.6473459,0.7232694,0.7503322,0.7721181,0.7834503,0.791849,0.7675446,0.9367262,1,0.9045492,0.585365,0,0,0,0,0,0,0,0,0,0,0,0,0,0
0,0,0,0,0,0,0.5311092,0.5409892,0,0.6173112,0.719538,0.7268959,0.5961034,0.6822865,0.7513458,0.8153508,1,0.9785281,0.7314597,0,0,0,0,0,0,0,0,0,0,0,0,0,0,0,0,0,0,0,0,0,0,0.5602086,0.6296057,0.7108476,0.7123922,0.6587528,0.7337274,0.8423013,0.918219,1,0.8832803,0,0,0,0,0,0,0,0,0,0,0,0,0,0,0
0,0,0,0,0,0,0,0,0,0,0,0,0.6427338,0.724709,0.7762941,0.8092222,1,0.9863466,0.7979424,0.55322,0,0.5639408,0.5524478,0,0,0,0,0,0,0,0,0,0,0,0,0,0,0,0,0,0,0,0,0,0.6600564,0.7478604,0.5787445,0.7671944,0.9103392,1,0.8794311,0,0.6262803,0.6034639,0,0,0,0,0,0,0,0,0,0,0,0
0,0,0,0,0,0,0,0,0,0,0,0,0,0,0,0.8533977,1,0.9761398,0.6797568,0.6341965,0.7531864,0.7650658,0.685921,0.6529317,0.6297703,0,0,0,0,0,0,0,0,0,0,0,0,0,0,0,0,0.6095288,0.6532543,0.6923705,0.6999578,0.6437744,0.7746914,0.7885162,0.9531684,1,0.897078,0.6404043,0.6567056,0,0,0,0,0,0,0,0,0,0,0,0,0
0,0,0,0,0,0,0,0,0,0,0,0,0,0,0.6392413,0.8380893,1,0.9922549,0.7946341,0.7606232,0.7017906,0,0.7245975,0,0.6666656,0,0,0,0,0,0,0,0,0,0,0,0,0,0,0,0,0,0.7286927,0.7454386,0.7797654,0.6912885,0.8136666,0.8165589,0.9615671,1,0.8639086,0.7753806,0.7208292,0,0.7160271,0.696849,0,0,0,0,0,0,0,0,0,0
0,0,0,0,0,0,0,0,0,0,0,0.6459811,0.6300396,0.666846,0.6501212,0.8549981,1,0.9867171,0.7992541,0.7303681,0.667826,0.6831627,0.5735055,0.6342004,0,0,0,0,0,0,0,0,0,0,0,0,0,0,0,0.6047506,0.6336043,0.7113959,0.8050169,0.7690729,0.7062059,0.7373772,0.7642914,0.7770125,0.9314748,1,0.8855992,0.7224783,0.6958038,0.6927351,0.6310762,0,0,0,0,0,0,0,0,0,0,0
0,0,0,0,0,0,0,0,0,0,0.5678524,0.6016576,0.6191719,0.5851597,0.7489924,0.8703084,1,0.9773227,0.719472,0,0,0,0,0,0,0,0,0,0,0,0,0,0,0,0,0,0,0,0,0,0,0.6167064,0.7175604,0.7824851,0.7951217,0.8174071,0.7805275,0.6878361,0.9394266,1,0.8949397,0.6561337,0,0,0,0,0,0,0,0,0,0,0,0,0,0
0,0,0,0,0,0,0,0,0,0,0,0,0,0,0,0.806006,1,0.9952489,0.812156,0,0,0,0,0,0,0,0,0,0,0,0,0,0,0,0,0,0,0,0,0,0,0,0,0,0.6766682,0.7479906,0.8255197,0.8695477,0.9143394,1,0.8991368,0,0,0,0,0,0,0,0,0,0,0,0,0,0,0
