GestureName: star
Duration(ms): 1410
Handedness: right

SpeakerAngles: 2
55
-55

InterpretedPoints: 30
0.806707284111599,10.7323879078088
0,11.2972504292725
-1.6134145682232,12.4269754721997
1.6134145682232,2.25945008585449
3.2268291364464,3.38917512878174
11.2939019775624,-5.64862521463624
0,-13.556700515127
0,-13.556700515127
-1.6134145682232,-7.90807530049073
-1.6134145682232,3.38917512878174
-0.806707284111599,8.47293782195435
0,10.1675253863452
-3.22682913644639,11.2972504292725
-4.03353642055799,8.47293782195435
-0.806707284111599,7.34321277902711
1.6134145682232,7.90807530049073
4.03353642055799,10.7323879078088
5.64695098878119,9.6026628648816
12.9073165457856,-1.12972504292725
10.4871946934508,-2.82431260731812
1.6134145682232,0
-2.4201218523348,-0.564862521463623
-1.6134145682232,-1.12972504292725
-3.2268291364464,-6.77835025756348
-0.806707284111599,-8.47293782195435
-4.03353642055799,-10.7323879078088
0,-4.51890017170899
0,-1.12972504292725
0,0
0,0

StrokePoints: 31
177.666666666667,130.277777777778
176.859959382555,119.545389869969
176.859959382555,108.248139440696
178.473373950778,95.8211639684968
176.859959382555,93.5617138826423
173.633130246109,90.1725387538605
162.339228268546,95.8211639684968
162.339228268546,109.377864483624
162.339228268546,122.934564998751
163.95264283677,130.842640299241
165.566057404993,127.45346517046
166.372764689104,118.980527348505
166.372764689104,108.81300196216
169.599593825551,97.5157515328876
173.633130246109,89.0428137109333
174.43983753022,81.6996009319062
172.826422961997,73.7915256314154
168.792886541439,63.0591377236066
163.145935552658,53.456474858725
150.238619006872,54.5861999016522
139.751424313422,57.4105125089703
138.138009745198,57.4105125089703
140.558131597533,57.975375030434
142.171546165756,59.1051000733612
145.398375302203,65.8834503309247
146.205082586314,74.356388152879
150.238619006872,85.0887760606879
150.238619006872,89.6076762323969
150.238619006872,90.7374012753241
150.238619006872,90.7374012753241
150.238619006872,90.7374012753241

Velocities: 30
10,9
10,10
10,12
3,1
5,1
2,-12
-12,-12
-12,-12
-8,-6
2,4
7,8
9,9
8,12
5,10
6,7
8,6
12,7
12,5
7,-9
4,-9
1,-1
-2,1
-2,0
-8,-4
-8,-7
-12,-7
-4,-4
-1,-1
0,0
0,0

InverseVelocities: 30
0,0
0,0
0,0
-3,-5
-11,-8
-12,0
0,0
0,0
0,0
0,0
-1,0
0,-1
-6,-2
-3,-2
-4,-4
0,-2
0,-3
-5,-11
-6,0
-6,0
-1,0
0,0
0,0
0,3
0,0
0,0
0,0
0,0
0,0
0,0

RawData: 30
0,0,0,0,0,0,0,0,0,0,0,0,0,0,0,0.8421188,1,0.980051,0.7575527,0.7350689,0,0.6908931,0.7156766,0,0.8166948,0.8241744,0.8377885,0.7772067,0.833038,0.8109429,0,0,0,0,0,0,0,0,0,0,0,0,0,0,0,0,0,0,0.945047,1,0.8752663,0.6920617,0.6542409,0.7390729,0.6754103,0.7850843,0.7793566,0.8358348,0.8322092,0.7691218,0.8006918,0.7169799,0,0,0,0
0,0,0,0,0,0,0,0,0,0,0,0,0,0,0,0.8630873,1,0.984369,0.8149426,0.7719489,0.7575132,0.7872695,0.8102558,0.8515268,0.8636759,0.8438351,0.7552944,0.7361479,0.8470997,0.812456,0,0,0,0,0,0,0,0,0,0,0,0,0,0,0,0,0,0.774362,0.9593067,1,0.8985609,0,0.7427627,0.721306,0,0.8423832,0.8626148,0.8093932,0.7963124,0.7999434,0,0.7403793,0.7316481,0,0,0
0,0,0,0,0,0,0,0,0,0,0,0,0,0,0.6002263,0.8203538,1,0.9838511,0.7699754,0.8526335,0.8649114,0.7961224,0.8100649,0.7742278,0.76076,0.7514431,0.7168621,0.7263498,0.7253813,0.6908088,0,0,0,0,0,0,0,0,0,0,0,0,0,0,0,0,0,0.6662187,0.9433461,1,0.9059737,0.843026,0.8287916,0.8336738,0.8127542,0.7856259,0.7408702,0.7722559,0.7190077,0.6619636,0.6583658,0.6687069,0,0.6248724,0.6318246,0
0,0,0,0,0,0,0,0,0,0,0.6244209,0.6886252,0.6995003,0.7054131,0.6878278,0.8510144,1,0.9880635,0.8923692,0.8934847,0.748253,0.7288128,0.6390152,0,0,0,0,0,0,0,0,0,0,0,0,0,0,0,0,0,0,0.6596965,0.6901709,0.7027437,0.7681652,0.7848371,0.7484654,0.8076367,0.9192784,1,0.9429322,0.8122215,0.7018684,0.7232061,0,0,0,0,0,0,0,0,0,0,0,0
0,0,0.6374458,0.6849759,0.7132874,0.7294258,0.7557394,0.7964045,0.7739637,0.749333,0.8045223,0.8225806,0.846718,0.8012244,0.7265884,0.8164393,0.9977808,1,0.8361216,0.7403306,0.6697528,0.7353808,0.6680395,0.6407589,0.6513989,0,0,0,0,0,0,0,0,0,0,0,0,0,0.6618443,0.7850198,0.7761421,0.7161856,0.7430188,0.6878859,0.7905201,0.7881268,0.7558316,0.834053,0.9580257,1,0.876012,0.7278845,0.7013326,0.6481966,0,0,0,0,0,0,0,0,0,0,0,0
0.7052009,0.7949772,0.7479627,0.7899278,0.8290666,0.8355305,0.8063449,0,0.7736929,0.722091,0,0.7817867,0.8326927,0.7828325,0,0.8358395,1,0.9799027,0.798656,0.7931061,0.7600114,0.7323874,0,0,0,0,0,0,0,0,0,0,0,0,0.8023029,0.8255036,0.7689895,0.7884506,0,0.8187247,0.8107533,0.7213981,0.7748857,0,0.7547705,0.7242923,0,0.7739189,0.9438547,1,0.9150724,0,0,0,0,0,0,0,0,0,0,0,0,0,0,0
0.7786993,0.7060201,0.7972475,0.8107939,0.7620613,0.7095524,0.7902085,0.704222,0.64589,0.7106582,0.6889859,0.665166,0.715032,0,0.6817124,0.81038,1,0.9819301,0.6821318,0.6292367,0,0,0,0,0,0,0,0,0,0,0,0,0,0.7222862,0.8042016,0.8087655,0.6246978,0.5987051,0.7445329,0,0.6887722,0.7585943,0.6874605,0.7906768,0.7346464,0.6888215,0.5819634,0.7066942,0.9411766,1,0.891958,0,0,0,0,0,0,0,0,0,0,0,0,0,0,0
0.711852,0.7740489,0.7326247,0,0.7253236,0.7833415,0,0.7331131,0.7188168,0.7487202,0.686485,0.7113278,0,0,0.7038392,0.8278689,1,0.9928654,0.8412977,0,0,0,0,0,0,0,0,0,0,0,0,0,0,0.7063665,0.7705118,0.804026,0.7976758,0.7536144,0,0.8157771,0.8088818,0.7301632,0.830786,0.8439073,0.8689237,0.839748,0,0.7934982,0.9591237,1,0.8787546,0,0,0,0,0,0,0,0,0,0,0,0,0,0,0
0,0,0,0,0,0.6475154,0.6527,0.6413361,0.6783502,0.7289039,0.745309,0.7504425,0.744689,0.7145812,0.6784143,0.871832,1,0.9664466,0.6723257,0,0,0,0,0,0,0,0,0,0,0,0,0,0,0,0,0,0,0,0,0,0.6658685,0.6996425,0.7033471,0.729717,0.7598273,0.7531319,0.6538996,0.7596064,0.9420882,1,0.9077016,0.7101285,0.6833708,0,0,0,0,0,0,0,0,0,0,0,0,0
0,0,0,0,0,0,0,0,0,0,0,0,0,0,0,0.8345007,1,0.9872644,0.8488802,0.7736201,0.7350127,0.7561082,0,0,0,0,0,0,0,0,0,0,0,0,0,0,0,0,0,0,0,0,0,0,0,0,0,0.7511507,0.9514579,1,0.8918344,0.7541783,0.7510276,0.7487246,0.7933518,0.82068,0.7814931,0,0,0,0,0,0,0,0,0
0,0,0,0,0,0,0,0,0,0,0,0,0.6786832,0.6795784,0.793402,0.8527956,1,0.9983593,0.8522033,0.681083,0.7152091,0.8252802,0.8389229,0.7780159,0.822443,0.7799098,0.7536753,0,0,0,0,0,0,0,0,0,0,0,0,0,0,0,0,0,0,0,0,0.7120872,0.9308533,1,0.9012933,0.7142142,0.6842424,0,0.7692955,0.755511,0.7929378,0.8253851,0.7932621,0.7708735,0.7078084,0,0,0,0,0
0,0,0,0,0,0,0,0,0,0,0,0,0,0.7451718,0.7679769,0.8429592,1,0.9908039,0.8295701,0.8499708,0.8204182,0.6735981,0.8586097,0.8445628,0.8187168,0.7969285,0.7419726,0.6891845,0.6670998,0,0,0,0,0,0,0,0,0,0,0,0,0,0,0,0,0.6588703,0.70517,0.6856718,0.9480233,1,0.8827567,0.7099159,0.7062276,0.7103792,0.7613317,0.7025016,0.7505143,0.7311977,0,0.6676323,0.686366,0.7060764,0,0,0,0
0,0,0,0,0,0,0,0.5909457,0.6489705,0.6786791,0.6156027,0.6454663,0.7221484,0.6717552,0.7283353,0.7900538,1,0.9886309,0.8736693,0.870105,0.8452137,0.7829773,0.8095954,0.775396,0.715812,0.6076246,0,0.6526625,0,0,0,0,0,0,0,0,0,0,0,0,0,0,0,0,0.551404,0.6356461,0.6411369,0.6051417,0.9330502,1,0.8929081,0.6872405,0.677806,0.6551873,0.7756284,0.7726274,0.7653102,0.7339968,0.6866371,0.7118796,0.6676999,0.615321,0.6551749,0.6564134,0.6223167,0.5721061
0,0,0,0,0,0,0,0,0,0,0.6775586,0.7266622,0.7399979,0,0.7033258,0.8889775,1,0.98355,0.8261194,0.6708769,0.7748153,0.7886279,0.7319747,0.6715347,0.6964258,0,0,0,0,0,0,0,0,0,0,0,0,0,0,0,0,0,0,0,0.6741967,0.6760759,0.6794083,0.7315463,0.9557841,1,0.8907074,0.7263809,0,0.728774,0.7387164,0.7851069,0.8177851,0.7497085,0.6638219,0.6566182,0.6573505,0.6691633,0.6905934,0,0,0
0,0,0,0,0,0,0,0,0,0.5940742,0.6542957,0.6678721,0.6756997,0.6775804,0.7554343,0.8586125,1,0.9718913,0.7044131,0.7346917,0.6723186,0.7101548,0.6601928,0.6293941,0.5572567,0.5881713,0,0,0,0,0,0,0,0,0,0,0,0,0,0,0,0,0.5880446,0.6283756,0.66796,0.6379763,0.6485656,0.7020702,0.9439368,1,0.8421549,0.757372,0.7257875,0.7557562,0.698188,0.6152605,0.6666817,0.6444083,0.5517778,0.5452293,0,0,0,0,0,0
0,0,0,0,0,0,0,0,0,0,0,0,0,0,0,0.7865841,1,0.9996166,0.7658041,0.8631465,0.8503035,0.841703,0.767921,0.617169,0.7032257,0.6950075,0.5959448,0.6002373,0,0,0,0,0,0,0,0,0,0,0,0,0,0,0,0,0.5970051,0.6148549,0.6546392,0.6480646,0.9313846,1,0.8838258,0.7783369,0.7972124,0.7598589,0.7564654,0.7269523,0.6887969,0.6329902,0.579949,0,0,0,0,0,0,0
0,0,0,0,0,0,0,0,0,0,0,0,0,0.7108849,0.7396501,0.8588989,1,0.9869371,0.8270153,0.8386981,0.8029887,0.8227188,0.7641662,0.7273419,0.711549,0.7917176,0.7875118,0.8082329,0.7675106,0.7459905,0.7294818,0.6816078,0,0,0,0,0,0,0,0,0,0,0,0.7394726,0.7921728,0.8014265,0.8049319,0.7666619,0.9536663,1,0.8990551,0.7797188,0.7332239,0.7196457,0.7545597,0.7562486,0.7561682,0.6932487,0.671115,0.6680797,0,0,0,0,0,0
0,0,0,0,0,0,0,0,0.6380181,0.5993057,0.7307373,0.7271801,0.7075356,0.7729515,0.7762744,0.8666793,1,0.9769121,0.7527183,0.6888745,0.7356426,0.7242838,0.6402195,0.7135931,0.6800575,0.728837,0.7371653,0.7100634,0.6999062,0.6793656,0,0.6114143,0.6047327,0,0,0.5997601,0.6275355,0.5992676,0,0,0,0.7802938,0.7504179,0.6677981,0.7309387,0.7270447,0.6857985,0.6493226,0.9368936,1,0.8642101,0.6581247,0.705389,0.6700855,0.6262188,0.6882389,0,0.6201059,0,0,0,0,0,0,0,0
0,0,0,0,0,0,0,0.7316486,0.8090847,0.8122509,0.7947653,0.7871419,0.8266002,0.775142,0,0.8269426,1,0.9954804,0.8119192,0.6380374,0,0.6587774,0.6786941,0.6560473,0,0.6918086,0.6260343,0,0,0,0,0,0,0,0,0,0,0.7424704,0.6621845,0.7294498,0.7474936,0.8156615,0.8273748,0.8226556,0.8145494,0.826905,0.840853,0.8645508,0.9645125,1,0.8644977,0,0,0,0,0,0,0,0,0,0,0,0,0,0,0
0,0,0,0,0,0,0,0.6095724,0.6528912,0.75241,0.7504201,0.7248926,0.7371789,0.7057902,0.7207249,0.8649698,1,0.9720742,0.7138287,0.6369616,0.6584965,0,0,0.6241997,0,0,0,0,0,0,0,0,0,0,0,0,0,0.6574909,0.6841462,0.7183217,0.7314001,0.7253056,0.7202406,0.6590899,0.7099162,0.7605271,0.8083014,0.8281375,0.9051467,1,0.9211221,0.7046417,0,0,0,0,0,0,0,0,0,0,0,0,0,0
0,0,0,0,0,0,0,0,0,0,0,0,0.6064515,0.6251993,0.6601828,0.8252578,0.9966714,1,0.8618473,0.7068608,0.6026494,0,0,0,0,0,0,0,0,0,0,0,0,0,0,0,0,0,0,0,0,0,0,0,0,0.6414105,0.685157,0.6487347,0.9387786,1,0.8730205,0.6710137,0,0,0,0,0,0,0,0,0,0,0,0,0,0
0,0,0,0,0,0,0,0,0,0,0,0.6464102,0.6364669,0.6609014,0.7386364,0.8756539,1,0.9882733,0.8091677,0,0,0,0,0,0,0,0,0,0,0,0,0,0,0,0,0,0,0,0,0,0,0,0,0,0,0,0,0,0.9357241,1,0.8767664,0.7889907,0.7229228,0.6344064,0,0,0,0,0,0,0,0,0,0,0,0
0,0,0,0,0,0,0,0,0,0,0,0.8418463,0,0.8530541,0.8744222,0.892296,1,0.9691197,0.8218395,0,0,0,0,0,0,0,0,0,0,0,0,0,0,0,0,0,0,0,0,0,0,0,0,0,0,0,0,0,0.9597614,1,0.9043359,0.8417282,0.7978723,0,0,0,0,0,0,0,0,0,0,0,0,0
0,0,0,0,0,0.6747296,0.7390355,0.6777692,0.7141957,0.7744474,0.871777,0.8594357,0.7507038,0.8035204,0.5869441,0.8521276,1,0.9844067,0.6597826,0.7087267,0,0,0,0,0,0,0,0,0,0,0,0,0,0,0,0,0,0,0,0,0,0,0.6351583,0.6426415,0.6591049,0.6949722,0.694452,0.7428378,0.9321328,1,0.8772373,0.6493502,0.7208788,0.6429719,0.6249073,0.6005057,0,0,0,0,0,0,0,0,0,0
0,0,0,0,0,0.6949841,0.7324015,0.8594807,0.9048563,0.8717509,0.7530317,0.7920859,0.7884343,0,0,0.8155214,1,0.9914003,0.7480379,0.7497891,0,0,0,0,0,0,0,0,0,0,0,0,0,0,0,0,0,0,0,0.6881137,0.7484892,0.7698877,0.778507,0.79515,0.7682472,0.7290378,0.763537,0.7983551,0.9448756,1,0.912188,0.757641,0,0,0,0,0,0,0,0,0,0,0,0,0,0
0.6086677,0.5933743,0.6079764,0,0,0,0,0.7246906,0.7394703,0.8084845,0.8551382,0.7610511,0.6572408,0.7157741,0.7140992,0.7870221,1,0.9805164,0.6823908,0.6036461,0,0,0,0,0,0,0,0,0,0,0,0,0,0,0,0,0,0,0,0.61777,0.7037802,0.6840663,0.6876517,0.8047508,0.8280059,0.8202954,0.7259327,0.7018627,0.9420784,1,0.8807051,0.6231178,0,0,0,0,0,0,0,0,0,0,0,0,0,0
0,0,0,0,0,0,0,0,0,0.6911543,0.7744366,0.8175321,0.8241153,0.8043692,0.6965954,0.8767461,1,0.9741126,0.763895,0,0,0,0,0,0,0,0,0,0,0,0,0,0,0,0,0,0,0,0,0,0,0,0.6707224,0.7740694,0.8295857,0.7942967,0.7202423,0.7734594,0.9437022,1,0.8970484,0,0,0,0,0,0,0,0,0,0,0,0,0,0,0
0,0,0,0,0,0,0,0,0,0,0,0,0.648934,0.7340429,0.7497081,0.8161156,1,0.9867499,0.7512139,0,0,0,0,0,0,0,0,0,0,0,0,0,0,0,0,0,0,0,0,0,0,0,0,0,0,0.6542279,0.7274005,0.8026746,0.9573691,1,0.8799273,0,0,0,0,0,0,0,0,0,0,0,0,0,0,0
0,0,0,0,0,0,0,0,0,0,0,0,0,0,0.6540837,0.8252836,1,0.9936265,0.7674742,0,0,0,0,0,0,0,0,0,0,0,0,0,0,0,0,0,0,0,0,0,0,0,0,0,0,0,0.5674629,0,0.9371508,1,0.8758502,0,0,0,0,0,0,0,0,0,0,0,0,0,0,0
0,0,0,0,0,0,0,0,0,0,0,0,0,0,0,0.8154448,1,0.9910722,0.7975993,0.6070145,0,0,0,0,0,0,0,0,0,0,0,0,0,0,0,0,0,0,0,0,0,0,0,0,0,0,0,0.6908447,0.9514871,1,0.8758007,0.6236459,0,0,0,0,0,0,0,0,0,0,0,0,0,0
