GestureName: zigzag
Duration(ms): 1316
Handedness: right

SpeakerAngles: 2
55
-55

InterpretedPoints: 28
0,0
1.6134145682232,1.12972504292725
0.806707284111599,5.08376269317261
5.64695098878119,9.6026628648816
0,13.556700515127
0.806707284111598,12.9918379936633
-1.6134145682232,1.12972504292725
4.03353642055799,-6.21348773609986
0,-13.556700515127
0.806707284111598,-12.9918379936633
-0.806707284111599,-10.7323879078088
-2.4201218523348,-9.6026628648816
-1.6134145682232,-6.77835025756348
0,4.51890017170899
-0.806707284111599,11.8621129507361
0,13.556700515127
0,13.556700515127
0,13.556700515127
0,-5.64862521463624
-4.03353642055799,-9.6026628648816
-3.22682913644639,-11.2972504292725
-1.6134145682232,-10.1675253863452
-1.6134145682232,-7.90807530049073
2.4201218523348,0.564862521463623
0.806707284111599,10.7323879078088
0,13.556700515127
-0.806707284111599,10.7323879078088
0,4.51890017170899

StrokePoints: 29
177.666666666667,130.277777777778
177.666666666667,130.277777777778
176.053252098443,129.148052734851
175.246544814332,124.064290041678
169.599593825551,114.461627176796
169.599593825551,100.904926661669
168.792886541439,87.913088668006
170.406301109662,86.7833636250788
166.372764689104,92.9968513611786
166.372764689104,106.553551876306
165.566057404993,119.545389869969
166.372764689104,130.277777777778
168.792886541439,139.880440642659
170.406301109662,146.658790900223
170.406301109662,142.139890728514
171.213008393774,130.277777777778
171.213008393774,116.721077262651
171.213008393774,103.164376747524
171.213008393774,89.6076762323969
171.213008393774,95.2563014470332
175.246544814332,104.858964311915
178.473373950778,116.156214741187
180.086788519001,126.323740127532
181.700203087225,134.231815428023
179.28008123489,133.66695290656
178.473373950778,122.934564998751
178.473373950778,109.377864483624
179.28008123489,98.6454765758149
179.28008123489,94.1265764041059

Velocities: 28
0,0
2,0
5,4
12,5
12,12
12,11
0,2
-3,-8
-12,-12
-11,-12
-10,-9
-10,-7
-7,-5
4,4
10,11
12,12
12,12
12,12
-5,-5
-11,-6
-12,-8
-10,-8
-8,-6
2,-1
10,9
12,12
9,10
4,4

InverseVelocities: 28
0,0
0,0
0,0
0,0
0,0
0,0
0,0
2,0
1,0
0,0
0,0
0,0
0,0
0,0
0,0
0,0
-1,0
-3,-1
0,0
0,0
0,0
0,0
0,0
0,5
0,0
0,0
-2,0
0,-1

RawData: 28
0,0,0,0,0,0,0,0,0,0,0,0,0,0,0,0,1,0.9771469,0,0,0,0,0,0,0,0,0,0,0,0,0,0,0,0,0,0,0,0,0,0,0,0,0,0,0,0,0,0,0.9405107,1,0,0,0,0,0,0,0,0,0,0,0,0,0,0,0,0
0,0,0,0,0,0,0,0,0,0,0,0,0,0,0,0.8493963,1,0.9887944,0.7705852,0.8006104,0.7259471,0.6689013,0,0,0,0,0,0,0,0,0,0,0,0,0,0,0,0,0,0,0,0,0,0,0,0,0,0,0.9368187,1,0.9287533,0.7975274,0.663333,0,0,0,0,0,0,0,0,0,0,0,0,0
0,0,0,0,0,0,0,0,0,0,0,0,0,0,0,0.8335947,1,0.9834404,0.668124,0.854459,0.8403132,0.7456149,0.6863384,0.6493675,0.5968226,0,0,0,0,0,0,0,0,0,0,0,0,0,0,0,0,0,0,0,0,0,0,0.6505767,0.9436576,1,0.888457,0.7825814,0.8133807,0.7915654,0.7177427,0.6065874,0.606843,0,0,0,0,0,0,0,0,0
0,0,0,0,0,0,0,0,0,0,0,0,0,0,0,0.830265,1,0.9864056,0.7738798,0.7405151,0.7106327,0.7608029,0.772225,0.7364959,0.7351177,0.6639844,0.7302992,0.6437173,0.612298,0.6487552,0.650517,0.5720487,0.5697702,0,0,0,0,0,0,0,0,0,0,0,0,0,0,0.5799935,0.9419207,1,0.873116,0.6762185,0,0.7259895,0.825276,0.7788852,0.6871051,0.6514802,0,0,0,0,0,0,0,0
0,0,0,0,0,0,0,0,0,0,0,0,0,0,0,0.8434669,1,0.9862553,0.7799507,0.7127366,0.7333845,0,0.746173,0.7371172,0.8423879,0.8814529,0.8382144,0.7132247,0.6648272,0.74119,0.7646615,0.7128687,0.7212831,0,0,0,0,0,0,0,0,0,0,0,0,0,0,0,0.9435685,1,0.8812344,0.7466172,0,0.7374727,0.7515595,0.7504198,0.758395,0.8321012,0.8106249,0.7545226,0.6994632,0.7019772,0.6882484,0,0.6904702,0.6803087
0,0,0,0,0,0,0,0,0,0,0,0,0,0,0,0.8331382,1,0.9850417,0.8101918,0.7152777,0.6749322,0.7513357,0.802359,0.8024895,0.8521923,0.8518868,0.7751921,0.7573514,0.7795905,0.8001828,0.7432119,0.7014472,0.6682594,0,0,0,0,0,0,0,0,0,0,0,0,0,0,0,0.9397776,1,0.8955706,0.6713259,0,0.7223421,0.6954958,0.7461491,0.8265531,0.8166921,0.7336981,0.7061596,0.7410805,0.7575693,0.7019507,0.7062066,0,0.6420373
0,0,0,0,0,0,0,0,0,0,0,0,0,0.6453561,0.6916721,0.7716512,1,0.9874851,0.6423928,0,0,0,0,0,0,0,0,0,0,0,0,0,0,0,0,0,0,0,0,0,0,0,0,0,0,0,0,0,0.9241355,1,0.8869748,0.708772,0,0.6609473,0.6871457,0,0,0,0,0,0,0,0,0,0,0
0,0,0,0,0,0,0,0,0,0,0.69251,0.793933,0.765145,0.6918854,0.7982023,0.8708088,1,0.9905025,0.8297018,0.7222973,0.6638393,0.6523668,0,0,0,0,0,0,0,0,0,0,0,0,0,0,0,0,0.6150089,0.610253,0.5914527,0.6204119,0.6807023,0.6787877,0.758992,0.7234416,0.6384842,0.6440796,0.9293222,1,0.8636529,0.7775036,0.6478496,0,0,0,0,0,0,0,0,0,0,0,0,0
0.6712495,0.7076334,0.6738549,0.6337593,0.6485212,0.6538839,0.6546683,0.7502729,0.7375996,0.7545314,0.7372553,0.7506769,0.6242546,0.781633,0.816408,0.8655042,1,0.9732491,0.7020218,0,0.6091184,0,0,0,0,0,0,0,0,0,0,0,0,0.6547024,0.6554449,0.626641,0.5718473,0,0.6676748,0.7002746,0.7512517,0.7750981,0.7394331,0.7614356,0.7971097,0.6766844,0.6353881,0.747233,0.943176,1,0.9070536,0.7130504,0.6299636,0,0,0,0,0,0,0,0,0,0,0,0,0
0.6394761,0,0.619163,0.6003065,0.6538423,0.6875442,0.7546489,0.760043,0.7179297,0.7252281,0.6761987,0.6068512,0,0,0.6917558,0.8471239,1,0.9847704,0.7841678,0,0,0,0,0,0,0,0,0,0,0,0,0,0,0.6632012,0.6376683,0.6449879,0.6290873,0,0,0.6455638,0.6980193,0.7960214,0.8472148,0.8262135,0.7429516,0.7826203,0.7312263,0.730117,0.9504521,1,0.8679374,0,0,0,0,0,0,0,0,0,0,0,0,0,0,0
0.6435142,0,0,0.6591577,0.7922931,0.8263395,0.8223864,0.8074881,0,0.7351475,0.6616095,0.716695,0,0.618162,0.6022335,0.8482115,1,0.9806484,0.7408143,0,0,0,0,0,0,0,0,0,0,0,0,0,0,0,0,0,0,0.6848144,0.6706588,0.625221,0.7566488,0.8162916,0.7568015,0.8040027,0.7923846,0,0.6553722,0.734631,0.9373127,1,0.8945112,0,0,0,0,0,0,0,0,0,0,0,0,0,0,0
0,0,0,0.6660889,0.7321036,0.7636656,0.7871232,0.8082346,0.7703977,0.7577208,0.8144367,0.7817347,0.6851988,0.6856575,0.6093573,0.838254,1,0.9915435,0.7979719,0,0,0,0,0,0,0,0,0,0,0,0,0,0,0,0,0,0,0,0,0.6362343,0,0.6820495,0.7928677,0.7313605,0.7245839,0.7899219,0.7744842,0.7612369,0.9345047,1,0.8856443,0.6320599,0,0,0,0,0,0,0,0,0,0,0,0,0,0
0,0,0,0,0,0,0.5561731,0.5702039,0.6336632,0.723258,0.7582008,0.6980573,0.7420043,0.7875357,0.7654363,0.8254948,1,0.9918936,0.7780007,0.5745047,0,0,0,0,0,0,0,0,0,0,0,0,0,0,0,0,0,0,0,0,0,0.5562273,0.6702593,0.7001281,0.7079313,0.5989283,0.7611458,0.7537407,0.9409383,1,0.8919162,0.6976732,0.5874546,0,0,0,0,0,0,0,0,0,0,0,0,0
0,0,0,0,0,0,0,0,0,0,0,0,0,0.654911,0.7059723,0.8714415,1,0.9882466,0.8387485,0.7439606,0.7067074,0.7082244,0.7189092,0.6756495,0,0,0,0,0,0,0,0,0,0,0,0,0,0,0,0,0,0,0,0,0,0,0,0,0.9514301,1,0.8614299,0.8444857,0.8167255,0.7807444,0.7655038,0.7319397,0.6829406,0,0,0,0,0,0,0,0,0
0,0,0,0,0,0,0,0,0,0,0,0,0,0.6704141,0.7060629,0.7999651,1,0.9839448,0.6844735,0.6661619,0.653917,0.7662836,0.8408412,0.8310557,0.6685915,0.6648113,0.6363586,0,0.6775731,0.645738,0,0,0,0,0,0,0,0,0,0,0,0,0,0,0,0,0,0.6672782,0.9464896,1,0.8858193,0.6191428,0,0.5942165,0.6773142,0.7370092,0.5905749,0.7347457,0.7427159,0.7201644,0.7133689,0.6960449,0.662975,0.584385,0,0
0,0,0,0,0,0,0,0,0,0,0,0,0,0,0,0.8565323,1,0.9855982,0.7869396,0.7191674,0,0.7578385,0.7465084,0.7508398,0.8311021,0.7104661,0.7574332,0.7314938,0.7742112,0.7904813,0.7165928,0.6916678,0.6825389,0,0,0,0,0,0,0,0,0,0,0,0,0,0,0,0.9438666,1,0.9032307,0.7455257,0.7912916,0.7582886,0,0.6992783,0.7717412,0.6997659,0.7093455,0.7679799,0.7337819,0.7118806,0.789356,0.7228296,0.7249287,0.7471752
0,0,0,0,0,0,0,0,0,0,0,0,0.6003951,0.5594886,0.7032897,0.7645093,1,0.9958311,0.8024511,0.6872132,0.6997196,0.6449524,0.6355699,0.6596681,0.7402856,0.7199962,0.6853457,0.7248024,0.7350835,0.7402886,0.7429435,0.7636225,0.734943,0,0,0,0,0,0,0,0,0,0,0,0,0,0,0.6110342,0.9316584,1,0.8978167,0.6953425,0.7987372,0.7623538,0.7372578,0.6761572,0.7341826,0.7874008,0.7253878,0.7941049,0.8027697,0.7673679,0.7159895,0,0.6930529,0.7214811
0,0,0,0,0,0,0,0,0,0,0.5633904,0.6416804,0.6258886,0.7224637,0.6970703,0.8487623,1,0.9821969,0.7561383,0.5517867,0,0.5766245,0,0.5961071,0.6668617,0.6199642,0.5977989,0.6298712,0.6446161,0,0.6200741,0.5852428,0,0,0,0,0,0,0,0,0,0,0,0,0,0.6287109,0.6070394,0.7046919,0.9344018,1,0.8734331,0.7020518,0.7710639,0.8124318,0.808478,0.7514588,0.6580275,0.6575702,0,0.6910042,0.7149325,0.6452327,0.5931368,0.5952827,0.5993692,0.6090912
0,0,0,0,0,0,0,0,0.6773297,0.7030578,0.6940249,0,0.6957585,0.7509126,0.7529914,0.8571529,1,0.9854285,0.80661,0,0,0,0,0,0,0,0,0,0,0,0,0,0,0,0,0,0,0,0,0,0,0.7168388,0.7445164,0.7179981,0.782658,0.7745813,0.7560834,0.8232258,0.961728,1,0.8915887,0.7240168,0,0,0,0,0,0,0,0,0,0,0,0,0,0
0,0,0.6695973,0.6969446,0.7059479,0.6674647,0.6883095,0.6941401,0.7527478,0.7298335,0,0,0.6922299,0.7272397,0.6726255,0.8709176,1,0.9781805,0.7570539,0,0,0,0,0,0,0,0,0,0,0,0,0,0,0,0,0,0,0,0,0,0.6840784,0.6844863,0.8077303,0.8100278,0.7983489,0.718518,0.7378594,0.7346452,0.9511853,1,0.8635106,0.7432774,0,0,0,0,0,0,0,0,0,0,0,0,0,0
0,0.5731943,0.5719267,0.5589129,0.6906093,0.7059391,0.7250097,0.7465129,0.7857527,0.6498861,0.7001055,0.7827855,0.7567105,0.6449693,0.7044216,0.8264195,1,0.9907727,0.7686909,0,0,0,0,0,0,0,0,0,0,0,0,0,0,0,0,0,0,0,0.7148176,0.7972102,0.795348,0.7588066,0.658164,0.7860163,0.7498676,0.6308918,0.6902605,0.7242659,0.9477664,1,0.8941621,0.5915865,0,0,0,0,0,0,0,0,0,0,0,0,0,0
0,0,0,0.6218013,0,0.6958987,0.6967899,0.7256038,0.7389543,0.590159,0.725822,0.7664325,0.8061709,0.7644141,0.680445,0.8369175,1,0.9877272,0.7814624,0,0,0,0,0,0,0,0,0,0,0,0,0,0,0,0,0,0,0,0.6138487,0.7057297,0.6083541,0.6476433,0.7676481,0.8221153,0.7633041,0.7733461,0.7341185,0.7912217,0.9168732,1,0.8919317,0,0,0,0,0,0,0,0,0,0,0,0,0,0,0
0,0,0,0,0,0.5541123,0.5569208,0,0,0.6350784,0.6701865,0.6415787,0.7448539,0.7983475,0.8494565,0.8273117,1,0.9992816,0.7728885,0.6339117,0,0,0,0,0,0,0,0,0,0,0,0,0,0,0,0,0,0,0,0,0.546584,0.5833874,0.6344754,0.7409301,0.7959259,0.8185918,0.7437433,0.7874971,0.9615192,1,0.8805017,0.6870626,0.570005,0,0,0,0,0,0,0,0,0,0,0,0,0
0,0,0,0,0,0,0,0,0,0,0,0,0,0.6778719,0.726471,0.8491523,1,0.9703984,0.782427,0.7989773,0.7281287,0.6265185,0,0,0,0,0,0,0,0,0,0,0,0,0,0,0,0,0,0,0,0,0,0,0,0.6428604,0,0.6895969,0.9392647,1,0.8912763,0.6890582,0.6836451,0.7414777,0.6775497,0,0.6618415,0.6462678,0,0,0,0,0,0,0,0
0,0,0,0,0,0,0,0,0,0,0,0,0,0.618094,0.6185288,0.8567126,1,0.9873335,0.7424781,0.7582409,0.7845174,0.8077096,0.7540573,0.7578502,0.8306243,0.8116043,0.7396142,0.6810266,0.5892298,0.5670212,0,0,0,0,0,0,0,0,0,0,0,0,0,0,0,0,0.6481339,0.7479556,0.9408125,1,0.8733528,0.7265372,0.6170585,0.7399644,0.8116672,0.6968857,0.7930929,0.7898216,0.6878692,0,0.606548,0.6134145,0,0,0,0
0,0,0,0,0,0,0,0,0,0,0,0,0,0.659611,0.6948125,0.8336868,1,0.9795628,0.7798347,0.8368927,0.7934295,0.7891236,0.8410136,0.8334136,0.7998192,0.8399882,0.8085138,0.7625848,0.7185703,0.6729206,0.6538108,0.6664221,0.6658939,0,0,0,0,0,0,0,0,0,0,0,0,0,0,0.6977494,0.9442779,1,0.8852107,0.7992814,0.7367431,0.7142788,0.7601236,0.8248848,0.7400433,0,0.6923643,0.6977659,0.81022,0.8100747,0.7490814,0.7364617,0.6925547,0
0,0,0,0,0,0,0,0,0,0,0,0.6978449,0.6767351,0.7061502,0.7832925,0.8691792,0.9997411,1,0.8660923,0.7568425,0.7286752,0.7287917,0.6534583,0.7151888,0.6892457,0,0,0,0.6509421,0,0,0,0,0,0,0,0,0,0,0,0,0,0,0,0,0,0,0.7068889,0.9499399,1,0.8653488,0.835988,0.757443,0.8401479,0.8471266,0.7981182,0,0,0.6913872,0.7028741,0.698289,0.6958311,0.6734277,0,0,0
0,0,0,0,0,0,0,0,0,0,0,0,0,0,0.6215279,0.8271773,1,0.9848963,0.7389455,0.692044,0.5733275,0.5760759,0.5860689,0.525712,0,0,0,0,0,0,0,0,0,0,0,0,0,0,0,0,0,0,0,0,0,0.5981061,0.6511981,0.7452674,0.95723,1,0.8214574,0.8382112,0.7853426,0.7151453,0.592642,0.5688047,0.5882794,0,0,0,0,0,0,0,0,0
