GestureName: c
Duration(ms): 940
Handedness: right

SpeakerAngles: 5
55
-55
0
0
110

SpeakerElevations: 5
-10
-10
-10
0
30

InterpretedPoints: 20
0,0,0
0.00709039723777505,2.25347214174981,0.152703644666139
-0.799616886873824,3.81833466321343,-0.0209445330007911
0.0141807944755501,1.52213653048741,0.479055466999209
0.827978475824924,-0.789253849226408,0.805407289332278
-2.41303145509702,-5.57084046556831,1.02094453300079
-1.60632417098542,-8.26542802995918,1.54188906600158
-7.29581754319326,-11.8322232302127,-0.589870045663766
-4.86860529362069,-11.1436136099265,-0.263518223330696
-2.44139304404812,-11.3100866997253,-0.110814578664557
-0.813797681349374,-5.78795016923785,0.368240888334652
0,0,0
0.813797681349374,0.703801867273976,0.5
3.2551907253975,4.91454801804757,1.30540728933228
3.24810032815972,5.63069138232218,0.805407289332278
1.62050496546097,1.2686643887376,0.32635182233307
0,0,0
0,0,0
0,-0.030384493975584,-0.347296355333861
0,0.984807753012208,-0.17364817766693

StrokePoints: 21
0,0,0
0,0,0
0.00709039723777505,2.25347214174981,0.152703644666139
-0.792526489636049,6.07180680496324,0.131759111665348
-0.778345695160499,7.59394333545065,0.610814578664557
0.0496327806644252,6.80468948622424,1.41622186799684
-2.3633986744326,1.23384902065593,2.43716640099763
-3.96972284541802,-7.03157900930325,3.97905546699921
-11.2655403886113,-18.8638022395159,3.38918542133544
-16.134145682232,-30.0074158494424,3.12566719800475
-18.5755387262801,-41.3175025491676,3.01485261934019
-19.3893364076295,-47.1054527184055,3.38309350767484
-19.3893364076295,-47.1054527184055,3.38309350767484
-18.5755387262801,-46.4016508511315,3.88309350767484
-15.3203480008826,-41.4871028330839,5.18850079700712
-12.0722476727229,-35.8564114507618,5.9939080863394
-10.4517427072619,-34.5877470620242,6.32025990867247
-10.4517427072619,-34.5877470620242,6.32025990867247
-10.4517427072619,-34.5877470620242,6.32025990867247
-10.4517427072619,-34.6181315559998,5.97296355333861
-10.4517427072619,-33.6333238029875,5.79931537567168

Velocities: 20
0,0,0
0,1,1
0,2,1
0,2,1
0,2,2
-4,0,1
-5,-2,1
-5,-1,-5
-4,-2,-4
-2,-2,-4
-1,-1,-3
0,0,0
0,0,0
1,1,2
1,0,3
1,0,0
0,0,0
0,0,0
0,0,2
0,0,1

InverseVelocities: 20
0,0,0
0,0,0
0,0,0
0,0,0
0,0,-2
0,0,-4
0,1,-5
0,0,0
0,0,0
2,3,3
0,0,0
0,0,0
0,0,0
0,0,0
0,0,-3
0,0,0
0,0,0
0,0,0
0,0,0
0,0,0

RawData: 20
0,0,0,0,0,0,0,0,0,0,0,0,0,0,0,0.9321601,1,0,0.9225119,0.8878415,0,0,0,0,0,0,0,0,0,0,0,0,0,0,0,0,0,0,0,0,0,0,0,0,0,0,0,0,0,1,0.9789776,0,0,0,0,0,0,0,0,0,0,0,0,0,0,0,0,0,0,0,0,0,0,0,0,0,0,0,0,0,0,0.9504008,1,0.8629777,0.7766427,0.7843933,0,0,0,0,0,0,0,0,0,0,0,0,0,0,0,0,0,0,0,0,0,0,0,0,0,0,0,0,0.856091,1,0.9783248,0.8829227,0.787393,0,0,0,0,0,0,0,0,0,0,0,0,0,0,0,0,0,0,0,0,0,0,0,0,0,0,0,0,0,0.9614196,1,0.8973989,0,0,0,0,0,0,0,0,0,0,0,0,0,0
0,0,0,0,0,0,0,0,0,0,0,0,0,0,0,0.9138806,1,0.9303069,0.8455347,0,0,0,0,0,0,0,0,0,0,0,0,0,0,0,0,0,0,0,0,0,0,0,0,0,0,0,0,0,0.8489366,1,0.9641523,0.8227158,0.9045181,0.85467,0,0,0,0,0,0,0,0,0,0,0,0,0,0,0,0,0,0,0,0,0,0,0,0,0,0,0.7228807,0.9550447,1,0.924373,0.9071316,0.8581001,0.7005473,0,0,0,0,0,0,0,0,0,0,0,0,0,0,0,0,0,0,0,0,0,0,0,0,0,0,0,0.8762699,1,0.9382504,0.8331463,0.8711011,0.7543051,0,0,0,0,0,0,0,0,0,0,0,0,0,0,0,0,0,0,0,0,0,0,0,0,0,0,0,0,0.9738144,1,0.8870469,0.9788704,0.8760393,0,0,0,0,0,0,0,0,0,0,0,0
0,0,0,0,0,0,0,0,0,0,0,0,0,0,0,0.9246303,1,0.9203785,0.7934219,0.7138145,0,0,0,0,0,0,0,0,0,0,0,0,0,0,0,0,0,0,0,0,0,0,0,0,0,0,0,0,0.8384117,1,0.9698319,0.7859992,0.8801194,0.8751858,0.7419749,0,0,0,0,0,0,0,0,0,0,0,0,0,0,0,0,0,0,0,0,0,0,0,0,0,0.6794148,0.9526192,1,0.9174754,0.7449353,0,0.7593182,0,0,0,0,0,0,0,0,0,0,0,0,0,0,0,0,0,0,0,0,0,0,0,0,0,0,0,0.8753743,1,0.9710637,0.8419175,0.76336,0.7113018,0.7005346,0,0,0,0,0,0,0,0,0,0,0,0,0,0,0,0,0,0,0,0,0,0,0,0,0,0,0.8128547,0.978054,1,0.9737469,0.8948919,0.8694185,0,0,0,0,0,0,0,0,0,0,0,0
0,0,0,0,0,0,0,0,0,0,0,0,0,0,0.7665533,0.9493697,1,0.9182768,0.784112,0,0,0,0,0,0,0,0,0,0,0,0,0,0,0,0,0,0,0,0,0,0,0,0,0,0,0,0,0,0.8456846,1,0.9904405,0.9327651,0.8748324,0.8666577,0.8158689,0,0,0,0,0,0,0,0,0,0,0,0,0,0,0,0,0,0,0,0,0,0,0,0,0,0,0.9613364,1,0.8958358,0.8464497,0.7548101,0.7975578,0,0,0,0,0,0,0,0,0,0,0,0,0,0,0,0,0,0,0,0,0,0,0,0,0,0,0,0.8915299,1,0.9448263,0,0,0,0,0,0,0,0,0,0,0,0,0,0,0,0,0,0,0,0,0,0,0,0,0,0,0,0,0,0,0,0.950559,1,0.9650837,0.9241022,0.9130008,0.8825127,0,0,0,0,0,0,0,0,0,0,0
0,0,0,0,0,0,0,0,0,0,0,0,0,0.7951699,0.8221691,0.9360889,1,0.8920188,0,0,0,0,0,0,0,0,0,0,0,0,0,0,0,0,0,0,0,0,0,0,0,0,0,0,0,0,0,0,0.8839077,1,0.9691859,0.8151989,0.7849666,0.6935983,0.7044102,0,0,0,0,0,0,0,0,0,0,0,0,0,0,0,0,0,0,0,0,0,0,0.678303,0.67028,0.7426373,0.7704679,0.9512931,1,0.8415326,0.8048598,0.6985812,0.7499729,0.710359,0,0,0,0,0,0,0,0,0,0,0,0,0,0,0,0,0,0,0,0,0,0.6872737,0.6901507,0,0.7328187,0.7931719,0.8842061,1,0.9644969,0.7818144,0.7407879,0.7150862,0.6785359,0,0,0,0,0,0,0,0,0,0,0,0,0,0,0,0,0,0,0,0,0,0,0,0,0,0.8038148,0.8678307,0.9643336,1,0.8945149,0.7282212,0.7439334,0.7789669,0.7370151,0,0,0,0,0,0,0,0,0,0
0,0,0,0,0,0,0,0,0,0.6817912,0.7210649,0.7443659,0.6792016,0.739834,0.7572012,0.9435124,1,0.9002827,0,0,0,0,0,0,0,0,0,0,0,0,0,0,0,0,0,0,0,0,0,0,0,0,0,0,0,0,0.7159781,0.7634609,0.828488,1,0.9712744,0.7879865,0.7532929,0,0,0,0,0,0,0,0,0,0,0,0,0,0,0,0,0,0,0,0,0,0,0.690995,0.7559251,0.7600624,0.7363358,0.6440552,0.7649212,0.9487849,1,0.871738,0,0,0.6375092,0,0,0,0,0,0,0,0,0,0,0,0,0,0,0,0,0,0,0,0,0,0.6953867,0.7975789,0.7808817,0.7416496,0,0.7235073,0.8347276,1,0.9480941,0.7055376,0,0,0,0,0,0,0,0,0,0,0,0,0,0,0,0,0,0,0,0,0,0,0,0,0.7783917,0.7413091,0.745332,0.7863993,0.8717543,0,0.9519003,1,0.8482373,0,0.7314637,0,0,0,0,0,0,0,0,0,0,0,0
0,0,0,0,0,0,0,0,0.5947179,0.7707111,0.7929273,0.7474537,0.6979184,0.6976925,0.7522011,0.8911424,1,0.9042927,0,0,0,0,0,0,0,0,0,0,0,0,0,0,0,0,0,0,0,0,0,0,0,0,0,0,0.6532599,0.6198766,0,0.8084338,0.8173373,0.9987877,1,0.7961212,0.6200904,0.6305881,0,0,0,0,0,0,0,0,0,0,0,0,0,0,0,0,0,0,0,0,0.6563771,0.7501413,0.7257615,0.604626,0.7306981,0.6306804,0.7751539,0.9459941,1,0.8877982,0.5759603,0.6158559,0.5895804,0,0,0,0,0,0,0,0,0,0,0,0,0,0,0,0,0,0,0,0,0.6443002,0.8003742,0.8243576,0.6216648,0.777917,0.7189672,0.6315645,0.7982039,1,0.9696037,0.6769334,0,0,0,0,0,0,0,0,0,0,0,0,0,0,0,0,0,0,0,0,0,0,0,0.7724399,0.8107958,0.7376186,0.7774212,0,0.7047629,0.8011075,0.9796782,1,0.8368056,0.7412676,0.6645615,0,0,0,0,0,0,0,0,0,0,0,0
0,0,0,0,0,0,0,0,0.6606273,0.7780084,0.7274113,0.702013,0.6404983,0.7087647,0.732139,0.9121382,1,0.8959616,0,0,0,0,0,0,0,0,0,0,0,0,0,0,0,0,0,0,0,0,0,0,0,0,0,0,0,0.7750319,0.837274,0.7275043,0.8694944,1,0.9688692,0.7400598,0,0,0,0,0,0,0,0,0,0,0,0,0,0,0,0,0,0,0,0,0,0,0.6817321,0.6353806,0.6629141,0.653482,0.7490052,0.7193326,0.7713527,0.9328308,1,0.8965809,0,0,0,0,0,0,0,0,0,0,0,0,0,0,0,0,0,0,0,0,0,0,0,0.7477143,0.7766952,0.8087124,0.6922733,0.782401,0.805734,0.6995749,0.7860664,1,0.9852998,0.7420362,0,0,0,0,0,0,0,0,0,0,0,0,0,0,0,0,0,0,0,0,0,0,0.7310392,0.7731927,0.8544043,0.8206925,0.7461599,0.8415867,0.7462445,0.8030124,0.9660908,1,0.8314719,0.7820914,0,0,0,0,0,0,0,0,0,0,0,0,0
0,0,0,0,0,0,0,0,0,0.7979398,0.8108521,0.8279477,0.8347917,0.8048635,0.806901,0.9088511,1,0.9156322,0,0,0,0,0,0,0,0,0,0,0,0,0,0,0,0,0,0,0,0,0,0,0,0,0,0,0.8209258,0.8598445,0.822662,0.8327441,0,0.9730944,1,0.8344542,0,0,0,0,0,0,0,0,0,0,0,0,0,0,0,0,0,0,0,0,0,0,0,0.8087739,0.8357179,0.8440151,0.8009763,0.7936595,0.7733226,0.9157296,1,0.9043089,0,0,0,0,0,0,0,0,0,0,0,0,0,0,0,0,0,0,0,0,0,0,0,0.7389917,0.8517519,0.8967014,0.8353297,0.7962777,0.835713,0.8104215,0.849918,1,0.9694622,0,0,0,0,0,0,0,0,0,0,0,0,0,0,0,0,0,0,0,0,0,0,0,0,0.8725676,0.9415669,0.9181215,0.8826454,0,0.8928746,0.8541399,0.9495338,1,0.8944673,0,0,0,0,0,0,0,0,0,0,0,0,0,0
0,0,0,0,0,0,0,0,0,0,0,0.7058263,0.8490046,0.8723211,0.8404791,0.9001223,1,0.924109,0,0,0.6488381,0.6739131,0,0,0,0,0,0,0,0,0,0,0,0,0,0,0,0,0,0,0,0,0,0,0.6844235,0.7872854,0.7849294,0.8617096,0.8859844,1,0.9924537,0.8123142,0,0.7007217,0.7148116,0.6736822,0,0,0,0,0,0,0,0,0,0,0,0,0,0,0,0,0,0,0,0.6507316,0.6742931,0.7469705,0.8042466,0.7690788,0.8498543,0.9103106,1,0.9103795,0,0.6442002,0.6982777,0.6998574,0.6451663,0,0,0,0,0,0,0,0,0,0,0,0,0,0,0,0,0,0.6906002,0.6619088,0,0.7674854,0.8022178,0.7564293,0.7707399,0.8389659,0.8872832,1,0.9707419,0.7443476,0,0.6358035,0.6552497,0,0,0,0,0,0,0,0,0,0,0,0,0,0,0,0,0,0,0,0,0,0.7722682,0.7494398,0.8477122,0.8415046,0.8149961,0.7737728,0.9246147,1,0.88718,0,0,0,0,0,0,0,0,0,0,0,0,0,0
0,0,0,0,0,0,0,0,0,0,0,0,0.6837988,0.7561224,0.6983918,0.8521373,1,0.9175451,0,0,0,0,0,0,0,0,0,0,0,0,0,0,0,0,0,0,0,0,0,0,0,0,0,0,0,0.703334,0.7510563,0.837588,0.7746431,1,0.9860476,0.7001707,0.6609771,0,0,0,0,0,0,0,0,0,0,0,0,0,0,0,0,0,0,0,0,0,0,0,0.5782318,0,0.6176521,0.7992743,0.8215969,0.9004726,1,0.887377,0,0,0,0,0,0,0,0,0,0,0,0,0,0,0,0,0,0,0,0,0,0,0,0,0,0,0.6898128,0.7472008,0.7964848,0.8701051,0.914694,1,0.9618219,0.7213313,0,0,0,0,0,0,0,0,0,0,0,0,0,0,0,0,0,0,0,0,0,0,0,0,0,0,0.789097,0.8427984,0.8381196,0.8981144,0.9507375,1,0.8673296,0.6509434,0,0,0,0,0,0,0,0,0,0,0,0,0
0,0,0,0,0,0,0,0,0,0,0,0,0,0.6889501,0.6824222,0.9122645,1,0.9077982,0,0,0,0,0,0,0,0,0,0,0,0,0,0,0,0,0,0,0,0,0,0,0,0,0,0,0,0,0.7063547,0.861565,0.7852852,0.9962975,1,0.7715511,0,0,0,0,0,0,0,0,0,0,0,0,0,0,0,0,0,0,0,0,0,0,0,0,0,0,0,0.7137156,0.7040171,0.9345366,1,0.8985572,0,0,0,0,0,0,0,0,0,0,0,0,0,0,0,0,0,0,0,0,0,0,0,0,0,0,0,0,0.7108331,0.7572306,0.7946718,1,0.9848887,0,0,0,0,0,0,0,0,0,0,0,0,0,0,0,0,0,0,0,0,0,0,0,0,0,0,0,0,0,0.7012504,0.838623,0.9440614,1,0.8420314,0,0,0,0,0,0,0,0,0,0,0,0,0,0
0,0,0,0,0,0,0,0,0,0,0,0,0,0,0.7735091,0.9152065,1,0.9056158,0.7653821,0,0,0,0,0,0,0,0,0,0,0,0,0,0,0,0,0,0,0,0,0,0,0,0,0,0,0,0,0,0,0.9937711,1,0.816229,0,0,0,0,0,0,0,0,0,0,0,0,0,0,0,0,0,0,0,0,0,0,0,0,0,0,0,0.7021979,0,0.9366037,1,0.9059519,0.7429792,0.727106,0,0,0,0,0,0,0,0,0,0,0,0,0,0,0,0,0,0,0,0,0,0,0,0,0,0,0,0,0.8400202,1,0.9802194,0.7623035,0.8045536,0.7720085,0,0,0,0,0,0,0,0,0,0,0,0,0,0,0,0,0,0,0,0,0,0,0,0,0,0,0,0,0.9528979,1,0.9066955,0.8048056,0.7989008,0,0,0,0,0,0,0,0,0,0,0,0
0,0,0,0,0,0,0,0,0,0,0,0,0,0,0.7226353,0.921412,1,0.9170409,0.6720731,0.7144937,0.7177978,0,0,0,0,0,0,0,0,0,0,0,0,0,0,0,0,0,0,0,0,0,0,0,0,0,0,0.774059,0.7017164,0.9884176,1,0.8129099,0.6656539,0.6811562,0,0,0,0,0,0,0,0,0,0,0,0,0,0,0,0,0,0,0,0,0,0,0,0,0,0.6869107,0.7224478,0.9316638,1,0.8985684,0.6915585,0,0.6217382,0.6678483,0,0,0,0,0,0,0,0,0,0,0,0,0,0,0,0,0,0,0,0,0,0,0,0.6481001,0.6509638,0.7368817,0.7815036,1,0.9783028,0.7076878,0.733751,0.7310845,0.6669305,0.7122166,0,0,0,0,0,0,0,0,0,0,0,0,0,0,0,0,0,0,0,0,0,0,0,0,0,0.788432,0.8917564,1,0.8740124,0.7708753,0.7773083,0,0.762435,0.6965597,0,0,0,0,0,0,0,0,0
0,0,0,0,0,0,0,0,0,0,0,0,0,0,0,0.8910704,1,0.9348498,0,0,0.7372459,0,0,0,0,0,0,0,0,0,0,0,0,0,0,0,0,0,0,0,0,0,0,0,0,0,0,0,0.866195,1,0.9916596,0.811403,0,0,0,0,0,0,0,0,0,0,0,0,0,0,0,0,0,0,0,0,0,0,0,0,0.6782898,0.7032244,0.692628,0,0.7294636,0.9314182,1,0.8996375,0.7027128,0,0.748741,0.7770194,0.7140836,0,0,0,0,0,0,0,0,0,0,0,0,0,0,0,0,0,0,0,0,0,0.6959429,0.7141618,0,0,0.8481233,1,0.9803584,0.7651823,0,0.7197958,0.7555707,0.6949816,0,0,0,0,0,0,0,0,0,0,0,0,0,0,0,0,0,0,0,0,0,0,0,0,0.7725537,0.8498639,0.9539246,1,0.9135984,0.7422879,0.7891483,0,0.7699862,0,0,0,0,0,0,0,0,0,0
0,0,0,0,0,0,0,0,0,0,0,0,0,0,0,0.9137704,1,0.8962,0.7176933,0.6971535,0.72125,0,0,0,0,0,0,0,0,0,0,0,0,0,0,0,0,0,0,0,0,0,0,0,0,0,0,0.6994064,0.7817618,1,0.9967334,0.767924,0,0,0,0,0,0,0,0,0,0,0,0,0,0,0,0,0,0,0,0,0,0,0,0,0,0,0,0,0.6929291,0.9399025,1,0.8980466,0.7506149,0.7172686,0,0,0,0,0,0,0,0,0,0,0,0,0,0,0,0,0,0,0,0,0,0,0,0,0,0,0,0.6661438,0.8405698,1,0.9728741,0.7846811,0.7593464,0.66096,0,0,0,0,0,0,0,0,0,0,0,0,0,0,0,0,0,0,0,0,0,0,0,0,0,0,0.7329568,0.7343066,0.9843479,1,0,0.7990611,0.7588322,0,0,0,0,0,0,0,0,0,0,0,0
0,0,0,0,0,0,0,0,0,0,0,0,0,0,0,0.9281343,1,0.8773836,0.7350633,0.6798491,0,0,0,0,0,0,0,0,0,0,0,0,0,0,0,0,0,0,0,0,0,0,0,0,0,0,0,0,0.8675912,1,0.9635532,0.7017819,0,0,0,0,0,0,0,0,0,0,0,0,0,0,0,0,0,0,0,0,0,0,0,0,0,0,0,0,0.6684988,0.9504266,1,0.8814878,0,0,0,0,0,0,0,0,0,0,0,0,0,0,0,0,0,0,0,0,0,0,0,0,0,0,0,0,0,0,0.8703259,1,0.9500859,0.7069252,0,0,0,0,0,0,0,0,0,0,0,0,0,0,0,0,0,0,0,0,0,0,0,0,0,0,0,0,0,0,0.9659848,1,0.8402655,0.6919428,0,0,0,0,0,0,0,0,0,0,0,0,0
0,0,0,0,0,0,0,0,0,0,0,0,0,0,0,0.9384934,1,0.8859504,0,0,0,0,0,0,0,0,0,0,0,0,0,0,0,0,0,0,0,0,0,0,0,0,0,0,0,0,0,0,0.8309697,1,0.9735099,0,0,0,0,0,0,0,0,0,0,0,0,0,0,0,0,0,0,0,0,0,0,0,0,0,0,0,0,0,0,0.9500422,1,0.8772655,0,0,0,0,0,0,0,0,0,0,0,0,0,0,0,0,0,0,0,0,0,0,0,0,0,0,0,0,0,0,0.8739145,1,0.9652346,0.7393458,0,0,0,0,0,0,0,0,0,0,0,0,0,0,0,0,0,0,0,0,0,0,0,0,0,0,0,0,0,0.8103137,0.9931591,1,0.8313008,0,0,0,0,0,0,0,0,0,0,0,0,0,0
0,0,0,0,0,0,0,0,0,0,0,0,0,0,0,0.9321952,1,0.8941383,0,0,0,0,0,0,0,0,0,0,0,0,0,0,0,0,0,0,0,0,0,0,0,0,0,0,0,0,0,0,0.833916,1,0.9737416,0.7172619,0,0,0,0,0,0,0,0,0,0,0,0,0,0,0,0,0,0,0,0,0,0,0,0,0,0,0,0,0.6806605,0.9514051,1,0.8749647,0,0.6796851,0.7015234,0.7031561,0,0,0,0,0,0,0,0,0,0,0,0,0,0,0,0,0,0,0,0,0,0,0.6678185,0.6595558,0.656844,0.6548112,0.8697882,1,0.9558874,0,0,0,0,0,0,0,0,0,0,0,0,0,0,0,0,0,0,0,0,0,0,0,0,0,0,0,0,0,0,0,0.963196,1,0.8513879,0,0,0,0,0,0,0,0,0,0,0,0,0,0
0,0,0,0,0,0,0,0,0,0,0,0,0,0,0,0.9276906,1,0.8955087,0,0,0,0,0,0,0,0,0,0,0,0,0,0,0,0,0,0,0,0,0,0,0,0,0,0,0,0,0,0,0.8260848,1,0.9801095,0.7339883,0,0,0,0,0,0,0,0,0,0,0,0,0,0,0,0,0,0,0,0,0,0,0,0,0,0,0,0,0,0.9531103,1,0.8604841,0,0.6599013,0.6786398,0,0,0,0,0,0,0,0,0,0,0,0,0,0,0,0,0,0,0,0,0,0,0,0,0,0,0.6380656,0.8641172,1,0.9569655,0,0,0,0,0,0,0,0,0,0,0,0,0,0,0,0,0,0,0,0,0,0,0,0,0,0,0,0,0,0,0,0.9629638,1,0.8325856,0,0,0,0,0,0,0,0,0,0,0,0,0,0
