GestureName: double_arch
Duration(ms): 1410
Handedness: right

SpeakerAngles: 5
55
-55
0
0
110

SpeakerElevations: 5
-10
-10
-10
0
30

InterpretedPoints: 30
0,0,0
0,0,0
0.813797681349374,-7.51007147761714,1.71553724366851
-2.4484834412859,-10.5483665944873,-0.089870045663766
-4.86860529362069,-9.01388856699923,-0.610814578664557
-4.04771721503354,-6.07180680496324,-0.131759111665348
-3.24100993092194,-5.49175203651182,-0.131759111665348
-4.04771721503354,-3.94208176203599,-0.479055466999209
-1.62050496546097,-1.09336260484698,-0.152703644666139
2.476845030237,12.5084913534982,1.91622186799684
1.64886655441207,2.19840465377296,1.80540728933228
1.67722814336317,10.2122932207722,2.41622186799684
3.27646191711082,3.59081614133312,2.63175911166535
5.69658376944562,2.01076137288171,2.63175911166535
0.813797681349374,-0.296198132726024,0.5
0,0,0
0,0,0
-1.62759536269875,3.56201177147646,-1.34729635533386
-0.0141807944755501,-0.552521024462991,-0.82635182233307
2.39885066062147,-7.45500398964029,0.0628335990023732
2.38466986614592,-10.9923327671155,-0.589870045663766
-0.0496327806644246,-17.7591127452609,-0.895277334996045
-0.00709039723777505,-5.22308764777422,0.194592710667721
4.05480761227132,2.25632289173697,1.32635182233307
6.48911025908166,11.1376356658218,1.11081457866456
8.11670562178041,9.54523940036974,2.11081457866456
8.10252482730486,11.2825529557368,0.937166400997627
5.68949337220784,12.1160798659381,1.08987004566377
5.66822218049452,10.5999212795553,-0.236481776669303
0.813797681349374,-0.296198132726024,0.5

StrokePoints: 31
0,0,0
0,0,0
0,0,0
0.813797681349374,-7.51007147761714,1.71553724366851
-1.63468575993652,-18.0584380721044,1.62566719800475
-6.50329105355722,-27.0723266391036,1.01485261934019
-10.5510082685908,-33.1441334440669,0.883093507674841
-13.7920181995127,-38.6358854805787,0.751334396009493
-17.8397354145462,-42.5779672426147,0.272278929010284
-19.4602403800072,-43.6713298474617,0.119575284344145
-16.9833953497702,-31.1628384939635,2.03579715234098
-15.3345287953582,-28.9644338401905,3.84120444167326
-13.657300651995,-18.7521406194183,6.25742630967009
-10.3808387348842,-15.1613244780852,8.88918542133544
-4.68425496543854,-13.1505631052035,11.5209445330008
-3.87045728408917,-13.4467612379295,12.0209445330008
-3.87045728408917,-13.4467612379295,12.0209445330008
-3.87045728408917,-13.4467612379295,12.0209445330008
-5.49805264678792,-9.88474946645305,10.6736481776669
-5.51223344126347,-10.437270490916,9.84729635533386
-3.113382780642,-17.8922744805563,9.91012995433623
-0.728712914496074,-28.8846072476718,9.32025990867247
-0.778345695160499,-46.6437199929327,8.42498257367642
-0.785436092398274,-51.8668076407069,8.61957528434414
3.26937151987304,-49.6104847489699,9.94592710667721
9.75848177895471,-38.4728490831481,11.0567416853418
17.8751874007351,-28.9276096827784,13.1675562640063
25.97771222804,-17.6450567270416,14.104722665004
31.6672056002478,-5.52897686110352,15.1945927106677
37.3354277807423,5.07094441845181,14.9581109339984
38.1492254620917,4.77474628572579,15.4581109339984

Velocities: 30
0,0,0
0,0,0
-2,-2,-3
-2,-3,-6
-3,-1,-4
-3,0,-2
-2,0,-3
-2,1,-2
0,1,-3
1,6,5
0,3,1
0,7,5
0,3,2
1,1,3
0,0,0
0,0,0
0,0,0
0,0,2
0,-2,1
0,-6,-3
0,-8,-3
0,-7,-8
0,-1,-3
2,0,-1
3,0,5
3,0,5
5,0,4
4,3,4
6,2,2
0,0,0

InverseVelocities: 30
0,0,0
0,0,0
0,0,0
0,0,3
0,0,0
0,0,0
0,0,0
0,0,0
0,0,1
0,0,0
0,0,0
0,0,0
0,0,-1
0,0,-3
0,0,0
0,0,0
0,0,0
0,0,-1
0,0,-2
0,0,0
0,0,0
0,0,0
0,0,1
0,0,2
0,0,0
0,0,0
0,0,0
-2,-1,-3
0,0,0
0,0,0

RawData: 30
0,0,0,0,0,0,0,0,0,0,0,0,0,0,0,0.906963,1,0.9078972,0,0,0,0,0,0,0,0,0,0,0,0,0,0,0,0,0,0,0,0,0,0,0,0,0,0,0,0,0,0,0.8253159,1,0.9834788,0.7973062,0,0,0,0,0,0,0,0,0,0,0,0,0,0,0,0,0,0,0,0,0,0,0,0,0,0,0,0,0.7765769,0.9495401,1,0.9203712,0.7458732,0,0,0,0,0,0,0,0,0,0,0,0,0,0,0,0,0,0,0,0,0,0,0,0,0,0,0,0,0.8340945,0.8882679,1,0.922314,0.8712671,0.8483816,0,0,0,0,0,0,0,0,0,0,0,0,0,0,0,0,0,0,0,0,0,0,0,0,0,0,0,0,0,0.970334,1,0.8847799,0.7591044,0,0,0,0,0,0,0,0,0,0,0,0,0
0,0,0,0,0,0,0,0,0,0,0,0,0,0.758339,0.8014839,0.9609056,1,0.8537446,0,0,0,0,0,0,0,0,0,0,0,0,0,0,0,0,0,0,0,0,0,0,0,0,0,0,0,0,0,0,0.8469412,1,0.9783019,0.8066072,0,0,0,0,0,0,0,0,0,0,0,0,0,0,0,0,0,0,0,0,0,0,0,0,0,0,0,0,0.7484874,0.9600616,1,0.8347903,0.7633162,0,0,0,0,0,0,0,0,0,0,0,0,0,0,0,0,0,0,0,0,0,0,0,0,0,0,0,0,0,0.8468573,1,0.9596062,0,0,0,0,0,0,0,0,0,0,0,0,0,0,0,0,0,0,0,0,0,0,0,0,0,0,0,0,0,0.7522539,0.7887301,0.9653034,1,0.8971894,0.7523477,0,0,0,0,0,0,0,0,0,0,0,0,0
0,0,0,0,0,0,0,0,0,0,0,0.7790095,0.7726771,0.7625027,0.7600471,0.9373301,1,0.9106873,0.7140514,0,0,0,0,0,0,0,0,0,0,0,0,0,0,0,0,0,0,0,0,0,0,0,0,0,0.6728586,0.7044986,0,0.6930215,0.7951089,1,0.9701266,0.7299678,0,0,0,0,0,0,0,0,0,0,0,0,0,0,0,0,0,0,0,0,0,0,0,0,0.7084522,0.7430309,0.7803756,0.816721,0,0.9264205,1,0.8868062,0,0,0,0,0,0,0,0,0,0,0,0,0,0,0,0,0,0,0,0,0,0,0,0,0,0,0.7040569,0.692452,0.8032072,0.8719061,0.900032,1,0.9615749,0.7982942,0.6639598,0,0,0,0,0,0,0,0,0,0,0,0,0,0,0,0,0,0,0,0,0,0,0,0,0,0.702318,0.7385647,0.7490261,0.8588555,1,0.9822482,0.7382513,0.7532353,0.6818151,0,0,0,0,0,0,0,0,0,0,0,0
0,0,0,0,0,0,0,0,0,0,0,0.734633,0.8132948,0.8638235,0.8442751,0.9364322,1,0.8984377,0.7174069,0,0,0,0,0,0,0,0,0,0,0,0,0,0,0,0,0,0,0,0,0,0,0,0,0.6844822,0.7436627,0.7069011,0,0.7607054,0.9016199,1,0.9638121,0.7536609,0,0,0,0,0,0,0,0,0,0,0,0,0,0,0,0,0,0,0,0,0,0.6485545,0.6861444,0,0.729468,0.7820668,0.8437247,0.8144363,0.8276061,0.9716374,1,0.8738349,0,0,0.6993196,0.7125099,0.6572314,0,0,0,0,0,0,0,0,0,0,0,0,0,0,0,0,0,0,0,0,0.757053,0.8550867,0.90516,0.9204494,0.7994175,0.9145957,1,0.9529629,0.7629067,0.7044833,0,0,0,0,0,0,0,0,0,0,0,0,0,0,0,0,0,0,0,0,0,0,0.6632521,0.6887341,0.7350861,0.7445036,0.8226436,0.7869437,0.7183531,0.9601984,1,0.8450464,0.676133,0,0,0,0,0,0,0,0,0,0,0,0,0
0,0,0,0,0,0,0,0,0,0,0.7666622,0.775371,0.7152574,0.8328562,0,0.9008501,1,0.8934327,0,0,0,0,0,0,0,0,0,0,0,0,0,0,0,0,0,0,0,0,0,0,0,0,0,0,0,0.7153945,0.8008569,0.7603573,0.7596644,1,0.9997857,0.7945123,0,0,0,0,0,0,0,0,0,0,0,0,0,0,0,0,0,0,0,0,0,0,0,0.7443421,0.7716689,0.7442819,0.711361,0.8474951,0.857778,0.9566118,1,0.8640601,0,0,0,0,0,0,0,0,0,0,0,0,0,0,0,0,0,0,0,0,0,0,0,0,0.7339505,0.7769213,0.7711458,0.8479902,0.7721367,0.9049982,0.9126102,1,0.9491674,0,0,0,0,0,0,0,0,0,0,0,0,0,0,0,0,0,0,0,0,0,0,0,0,0.7068139,0.7365526,0.7561319,0.8064789,0.8118849,0.8549283,0.928529,0.9984695,1,0.8288898,0,0,0,0,0,0,0,0,0,0,0,0,0,0
0,0,0,0,0,0,0,0,0,0,0.7938364,0.7893816,0,0,0.8765969,0.9456877,1,0.9070559,0,0,0,0,0,0,0,0,0,0,0,0,0,0,0,0,0,0,0,0,0,0,0,0,0,0,0,0,0,0,0.8983877,1,0.947352,0,0,0,0,0,0,0,0,0,0,0,0,0,0,0,0,0,0,0,0,0,0,0,0,0,0,0.8677368,0.8672065,0.9214926,0.9110673,0.9492007,1,0.9117712,0,0,0,0,0,0,0,0,0,0,0,0,0,0,0,0,0,0,0,0,0,0,0,0,0,0.7757969,0.9162413,0.9390531,0.9183255,0.8905393,0.9023478,1,0.9504726,0.780816,0,0,0,0,0,0,0,0,0,0,0,0,0,0,0,0,0,0,0,0,0,0,0,0,0,0.8670903,0.9029582,0.8748963,0.8541107,0.8664736,0.9882127,1,0.8737498,0,0,0,0,0,0,0,0,0,0,0,0,0,0
0,0,0,0,0,0,0,0,0,0,0,0.721849,0.7634971,0.8896621,0.8715218,0.9515406,1,0.8826212,0,0,0,0,0,0,0,0,0,0,0,0,0,0,0,0,0,0,0,0,0,0,0,0,0,0,0,0,0,0.7527819,0.7977837,1,0.9836016,0.802784,0,0,0,0,0,0,0,0,0,0,0,0,0,0,0,0,0,0,0,0,0,0,0,0,0.7006735,0.8507673,0.9022657,0.8717292,0.8317369,0.9522649,1,0.8551977,0.6637526,0,0,0,0,0,0,0,0,0,0,0,0,0,0,0,0,0,0,0,0,0,0,0,0,0,0.857872,0.9280998,0.8724995,0.9612153,0.9491652,1,0.961404,0.7770303,0,0,0,0,0,0,0,0,0,0,0,0,0,0,0,0,0,0,0,0,0,0,0,0,0,0.747866,0.864557,0.8589897,0.8849792,0.8974208,0.9641044,1,0.8677132,0.6862161,0,0,0,0,0,0,0,0,0,0,0,0,0
0,0,0,0,0,0,0,0,0,0,0,0.6434395,0.8272283,0.8961163,0.7934893,0.8999918,1,0.8958271,0,0,0,0,0,0,0,0,0,0,0,0,0,0,0,0,0,0,0,0,0,0,0,0,0,0,0,0,0,0,0.7765315,1,0.8632101,0.8953114,0.8111338,0.6869374,0,0,0,0,0,0,0,0,0,0,0,0,0,0,0,0,0,0,0,0,0,0,0,0.6724315,0.8298201,0.8489548,0.7893676,0.9717268,1,0.864557,0.6764442,0,0,0,0,0,0,0,0,0,0,0,0,0,0,0,0,0,0,0,0,0,0,0,0,0,0.6787151,0.877548,0.9654197,0.9141411,0.8987727,1,0.9572572,0.7910583,0.6684781,0,0,0,0,0,0,0,0,0,0,0,0,0,0,0,0,0,0,0,0,0,0,0,0,0.6662052,0.7766882,0.8684981,0.8185632,0.8948586,0.9596761,1,0.8201166,0.8308409,0.651206,0,0,0,0,0,0,0,0,0,0,0,0
0,0,0,0,0,0,0,0,0,0,0,0,0,0.8326702,0.8953961,0.9716809,1,0.8987452,0,0,0,0,0,0,0,0,0,0,0,0,0,0,0,0,0,0,0,0,0,0,0,0,0,0,0,0,0,0,0.8590732,1,0.9981394,0.9713882,0.8891123,0.8793537,0,0,0,0,0,0,0,0,0,0,0,0,0,0,0,0,0,0,0,0,0,0,0.6891005,0.7438706,0.743407,0.7800376,0.8547859,0.975714,1,0.8946986,0.7315512,0.731143,0.7603352,0,0,0,0,0,0,0,0,0,0,0,0,0,0,0,0,0,0,0,0,0,0,0,0,0,0.8998153,0.896438,0.9799886,0.9859705,1,0,0.8113492,0.8237818,0,0,0,0,0,0,0,0,0,0,0,0,0,0,0,0,0,0,0,0,0,0,0,0,0.7644203,0.7923319,0.8178245,0,0.9699653,1,0.886562,0.7906741,0,0,0,0,0,0,0,0,0,0,0,0,0
0,0,0,0,0,0,0,0,0,0,0,0,0,0,0.7181752,0.8808746,1,0.9105507,0.7557876,0.7096736,0.6801251,0,0,0,0,0,0,0,0,0,0,0,0,0,0,0,0,0,0,0,0,0,0,0,0,0,0,0,0.7914118,0.9792344,1,0.9257406,0.8417209,0.8751987,0,0.6940107,0.729056,0.7239392,0.6723645,0,0,0,0,0,0,0,0,0,0,0,0,0,0,0,0,0,0,0,0,0,0.7950947,0.9107358,1,0.8464791,0.8933825,0.8774519,0.8279487,0,0.6601779,0.7167172,0.6713807,0,0,0,0,0,0,0,0,0,0,0,0,0,0,0,0,0,0,0,0,0,0.6092666,0.7377181,0.9331232,1,0.9346927,0.8427464,0.8487126,0.7855914,0.6285411,0,0,0.6726817,0.6174609,0,0,0,0,0,0,0,0,0,0,0,0,0,0,0,0,0,0,0,0,0,0,0.7608789,0.9633815,1,0.9201472,0.9116147,0.8784015,0.835494,0.7627663,0.6624534,0.7426125,0.7558095,0.7052169,0.6245421,0,0,0,0,0
0,0,0,0,0,0,0,0,0,0,0,0,0,0,0.7371363,0.94459,1,0.8718054,0.8096581,0,0,0,0,0,0,0,0,0,0,0,0,0,0,0,0,0,0,0,0,0,0,0,0,0,0,0,0,0,0.8426384,1,0.885502,0.9521459,0.8562254,0.8971015,0.8232231,0.8309751,0,0,0,0,0,0,0,0,0,0,0,0,0,0,0,0,0,0,0,0,0,0,0,0,0.7842582,0.9526877,1,0.9250433,0.7704855,0.7837883,0.7053455,0,0,0,0,0,0,0,0,0,0,0,0,0,0,0,0,0,0,0,0,0,0,0,0,0,0,0.7287263,0.8504621,1,0.9477696,0.7520502,0.8303758,0.7284818,0,0,0,0,0,0,0,0,0,0,0,0,0,0,0,0,0,0,0,0,0,0,0,0,0,0,0,0,1,0.9482103,0.8845395,0.9833285,0.9426637,0.8085505,0,0.8219118,0.8507784,0,0,0,0,0,0,0,0
0,0,0,0,0,0,0,0,0,0,0,0,0,0,0.6478708,0.8489156,1,0.9567962,0.7720612,0.6369759,0,0,0,0,0,0,0,0,0,0,0,0,0,0,0,0,0,0,0,0,0,0,0,0,0,0,0,0,0.8171806,0.9826481,1,0.9443601,0.9211189,0.8206767,0,0.7449158,0.6850352,0.6889256,0.6916257,0.6738784,0,0,0,0,0,0,0,0,0,0,0,0,0,0,0,0,0,0,0,0,0.6958654,0.9176518,1,0.8039749,0.7392998,0.7662565,0.7350151,0,0,0.5981621,0.6468514,0,0,0,0,0,0,0,0,0,0,0,0,0,0,0,0,0,0,0,0,0,0,0.7261657,0.8966159,1,0.9814329,0.9041205,0.8410626,0.7849276,0.6800019,0.6742014,0.6556007,0,0,0,0,0,0,0,0,0,0,0,0,0,0,0,0,0,0,0,0,0,0,0,0.6305808,0.7562451,0.9133264,1,0.9800878,0.895596,0.7387041,0.7411572,0.7142797,0.6630534,0,0,0.5996209,0.6222005,0.6093008,0,0,0,0
0,0,0,0,0,0,0,0,0,0,0,0,0,0,0,0.9142136,1,0.8767927,0.7951019,0,0,0,0,0,0,0,0,0,0,0,0,0,0,0,0,0,0,0,0,0,0,0,0,0,0,0,0,0.7556106,0.8785071,0.9694656,1,0.832042,0.7186999,0.8160014,0.7791604,0.7532768,0,0,0,0,0,0,0,0,0,0,0,0,0,0,0,0,0,0,0,0,0,0,0.6362936,0.6543924,0,0.928633,1,0.9244562,0.689312,0.7367726,0.7241477,0.7327604,0,0,0,0,0,0,0,0,0,0,0,0,0,0,0,0,0,0,0,0,0,0,0,0,0,0.7663174,0.8415576,1,0.9676543,0.829954,0,0.7524942,0.745676,0,0,0,0,0,0,0,0,0,0,0,0,0,0,0,0,0,0,0,0,0,0,0,0,0,0.7374982,0.7630693,0.9355107,1,0.854589,0.8270608,0.814477,0.7850868,0.719931,0,0,0,0.6871557,0,0,0,0,0,0
0,0,0,0,0,0,0,0,0,0,0,0,0,0.6222678,0.6640726,0.9067147,1,0.9429206,0.7268742,0.7302687,0.643909,0,0,0,0,0,0,0,0,0,0,0,0,0,0,0,0,0,0,0,0,0,0,0,0,0,0,0.6766022,0.8740306,1,0.990844,0.7325355,0.7334333,0.7242691,0,0,0,0,0,0,0,0,0,0,0,0,0,0,0,0,0,0,0,0,0,0,0.6232823,0.6432463,0.6070748,0,0.6484233,0.9128475,1,0.9126131,0.5864872,0.6274506,0.6820565,0.6787425,0.6077033,0,0,0,0,0,0,0,0,0,0,0,0,0,0,0,0,0,0,0,0,0,0,0,0,0.7093737,0.8830421,1,0.9390735,0.6679502,0,0,0,0,0,0,0,0,0,0,0,0,0,0,0,0,0,0,0,0,0,0,0,0,0,0,0.6686137,0.6614692,0.7118537,0.849998,0.9554113,1,0.8830397,0.7572984,0.6901786,0.7504197,0.6798244,0,0,0,0.6601624,0,0,0,0,0,0
0,0,0,0,0,0,0,0,0,0,0,0,0,0,0,0.9102641,1,0.9080758,0.7953847,0.6759338,0,0,0,0,0,0,0,0,0,0,0,0,0,0,0,0,0,0,0,0,0,0,0,0,0,0,0,0,0.8164663,0.9828634,1,0.8764332,0.776791,0,0,0,0,0,0,0,0,0,0,0,0,0,0,0,0,0,0,0,0,0,0,0,0,0,0,0,0.6747814,0.9438722,1,0.8924114,0.7734773,0.700535,0,0,0,0,0,0,0,0,0,0,0,0,0,0,0,0,0,0,0,0,0,0,0,0,0,0,0,0,0.867789,1,0.9731951,0.8585121,0.7814767,0,0,0,0,0,0,0,0,0,0,0,0,0,0,0,0,0,0,0,0,0,0,0,0,0,0,0,0,0.8204712,0.9581273,1,0.9120442,0.8989863,0.8281496,0,0,0,0,0,0,0,0,0,0,0,0
0,0,0,0,0,0,0,0,0,0,0,0,0,0,0,0.9083819,1,0.9066997,0,0,0,0,0,0,0,0,0,0,0,0,0,0,0,0,0,0,0,0,0,0,0,0,0,0,0,0,0,0,0.8113144,1,0.9840578,0.7926502,0,0,0,0,0,0,0,0,0,0,0,0,0,0,0,0,0,0,0,0,0,0,0,0,0,0,0,0,0,0.924439,1,0.897853,0,0,0,0,0,0,0,0,0,0,0,0,0,0,0,0,0,0,0,0,0,0,0,0,0,0,0,0,0,0,0.8079205,1,0.9735614,0.7402456,0,0,0,0,0,0,0,0,0,0,0,0,0,0,0,0,0,0,0,0,0,0,0,0,0,0,0,0,0,0,0.9647005,1,0.8578063,0,0,0,0,0,0,0,0,0,0,0,0,0,0
0,0,0,0,0,0,0,0,0,0,0,0,0,0,0.6626463,0.8817716,1,0.9093817,0,0,0,0,0,0,0,0,0,0,0,0,0,0,0,0,0,0,0,0,0,0,0,0,0,0,0,0,0,0,0.8319404,1,0.932668,0.7877361,0,0,0,0,0,0,0,0,0,0,0,0,0,0,0,0,0,0,0,0,0,0,0,0,0,0,0,0,0.625118,0.930947,1,0.899197,0,0,0,0,0,0,0,0,0,0,0,0,0,0,0,0,0,0,0,0,0,0,0,0,0,0,0,0,0,0.6959348,0.7657059,1,0.9951007,0.795649,0,0,0,0,0,0,0,0,0,0,0,0,0,0,0,0,0,0,0,0,0,0,0,0,0,0,0,0,0,0.8091528,0.9317133,1,0,0,0,0,0,0,0,0,0,0,0,0,0,0,0
0,0,0,0,0,0,0,0,0,0,0,0,0,0,0.7435872,0.9368519,1,0.9242815,0.695569,0,0,0,0,0,0,0,0,0,0,0,0,0,0,0,0,0,0,0,0,0,0,0,0,0,0,0,0,0.7538751,0.9022363,1,0.99659,0.8677515,0,0,0,0,0,0,0,0,0,0,0,0,0,0,0,0,0,0,0,0,0,0,0,0,0,0,0.6990985,0.7226369,0.637791,0.9240918,1,0.8850601,0.7506657,0,0.6812876,0.6735762,0,0,0,0,0,0,0,0,0,0,0,0,0,0,0,0,0,0,0,0,0,0,0,0,0,0.7736415,0.8523204,1,0.9839229,0.8515022,0.7021539,0.7102077,0,0,0,0,0,0,0,0,0,0,0,0,0,0,0,0,0,0,0,0,0,0,0,0.7559303,0.7416026,0.7155489,0.7072735,0.8474796,0.9602152,1,0.9248834,0.7014987,0,0,0,0,0,0,0,0,0,0,0,0,0
0,0,0,0,0,0,0,0,0,0,0,0,0,0.7394432,0.8504625,0.8179297,1,0.9167215,0,0,0,0,0,0,0,0,0,0,0,0,0,0,0,0,0,0,0,0,0,0,0,0,0,0,0.7519801,0.8268112,0.8288825,0.8535106,0.8802778,1,0.9627461,0.7606086,0,0,0,0,0,0,0,0,0,0,0,0,0,0,0,0,0,0,0,0,0,0,0,0,0,0.6255203,0.7024986,0,0.6425763,0.9257013,1,0.9054624,0.7021796,0.6481434,0.663735,0,0,0,0,0,0,0,0,0,0,0,0,0,0,0,0,0,0,0,0,0,0,0,0,0.8142166,0.7631417,0.7994546,0.8813534,1,0.9926541,0.8688499,0.7854924,0,0,0,0,0,0,0,0,0,0,0,0,0,0,0,0,0,0,0,0,0,0,0,0,0.794104,0,0.8525097,0.8827147,0.9054337,0.9708388,1,0.8772027,0.7967161,0,0,0,0,0,0,0,0,0,0,0,0,0
0,0,0,0,0,0,0,0,0,0,0,0,0,0,0.7503841,0.9504809,1,0.9164712,0,0,0,0,0,0,0,0,0,0,0,0,0,0,0,0,0,0,0,0,0,0,0.7766074,0.7639785,0,0,0,0.8726135,0.9492393,1,0.9780692,0.8929186,0.9633274,0.8284748,0,0,0,0,0,0,0,0,0,0,0,0,0,0,0,0,0,0,0,0,0,0,0,0,0.7213262,0.7448481,0.8153576,0.8640712,0.8519938,0.9155644,1,0.9065641,0,0,0,0,0,0,0,0,0,0,0,0,0,0,0,0,0,0,0,0,0,0,0,0,0,0,0.7525139,0.7984472,0,0.8972193,0.9604897,1,0.9548393,0,0,0,0,0,0,0,0,0,0,0,0,0,0,0,0,0,0,0,0,0,0,0,0,0,0.7971364,0.8069062,0.8754811,0.9104259,0.9641343,1,0.9530461,0.9492988,0.7770087,0,0,0,0,0,0,0,0,0,0,0,0,0,0
0,0,0,0,0,0,0,0,0,0,0,0,0,0,0.800698,0.9412443,1,0.8729386,0,0,0,0,0,0,0,0,0,0,0,0,0,0,0,0,0,0,0,0,0.6554071,0.6875598,0.6669375,0,0.7190996,0.6742988,0.7471057,0.7964939,0.9172826,0.8268555,0.936938,1,0.9372452,0,0,0,0,0,0,0,0,0,0,0,0,0,0,0,0,0,0,0,0,0,0,0,0,0,0.6877195,0.683879,0.8130536,0.8418103,0,0.9545086,1,0.8657975,0,0,0,0,0,0,0,0,0,0,0,0,0,0,0,0,0,0,0,0,0,0,0,0.7099602,0.6841884,0.6858454,0.7443442,0.7175084,0.7671181,0.8727716,0,0.9959954,1,0.7872928,0,0,0,0,0,0,0,0,0,0,0,0,0,0,0,0,0,0,0,0,0,0,0.7033505,0.7426987,0,0.759604,0.739141,0.9119813,0.8267105,0.9081765,0.9997528,1,0.8652704,0,0,0,0,0,0,0,0,0,0,0,0,0,0
0,0,0,0,0,0,0,0,0,0,0,0,0,0.7000546,0.7867985,0.9413208,1,0.8674621,0,0,0,0,0,0,0,0,0,0,0,0,0,0,0,0,0,0,0,0,0,0.6434655,0.6738267,0.6763544,0.6966592,0.6635258,0.8103252,0.878433,0.8809335,0.9694237,0.9318193,1,0.9563348,0.6245663,0,0,0,0,0,0,0,0,0,0,0,0,0,0,0,0,0,0,0,0.5966349,0.6433922,0.6068127,0.619898,0.6158616,0,0.6472182,0.8791209,0.9501101,0.900664,0.8559973,1,0.8842294,0.6013955,0,0,0,0,0,0,0,0,0,0,0,0,0,0,0,0,0,0,0,0.5741943,0.5734858,0.6317566,0.6254683,0,0,0.6554378,0.8483728,0.8833854,0.8994197,0.9435338,1,0.9226912,0.689125,0,0,0,0,0,0,0,0,0,0,0,0,0,0,0,0,0,0,0,0,0.6151681,0.6546898,0.5988033,0.5971321,0.6279093,0.7220356,0.8391925,0.946689,0.9762092,0.9094345,0.9864096,1,0.7840906,0,0,0,0,0,0,0,0,0,0,0,0,0,0
0,0,0,0,0,0,0,0,0,0,0,0,0,0,0.7684687,0.9629452,1,0.8206259,0,0,0,0,0,0,0,0,0,0,0,0,0,0,0,0,0,0,0,0,0,0,0,0,0,0,0,0.7668359,0.8718994,0.8980797,0.8998787,1,0.9685525,0.774632,0,0,0,0,0,0,0,0,0,0,0,0,0,0,0,0,0,0,0,0,0,0,0,0,0.7476223,0.747843,0.8319779,0.7776058,0.8845541,0.9947191,1,0.8854282,0.7828673,0.749019,0.7658943,0,0,0,0,0,0,0,0,0,0,0,0,0,0,0,0,0,0,0,0,0,0,0,0.7812139,0.8209673,0.8605309,0.8474261,0.8525335,0.9711299,1,0.937335,0.7994171,0,0.7829169,0.7690401,0,0,0,0,0,0,0,0,0,0,0,0,0,0,0,0,0,0,0,0,0,0,0.7566731,0.8537345,0.9061963,0.8908996,0.937799,1,0.9294546,0.8212084,0,0,0,0,0,0,0,0,0,0,0,0,0
0,0,0,0,0,0,0,0,0,0,0,0,0,0,0,0.8832764,1,0.9267045,0.7396959,0.8089696,0.7872488,0.6459446,0,0,0,0,0,0,0,0,0,0,0,0,0,0,0,0,0,0,0,0,0,0,0,0,0.6239672,0.7586228,0.9125915,1,0.953946,0.6383228,0,0,0,0,0,0,0,0,0,0,0,0,0,0,0,0,0,0,0,0,0,0,0,0,0,0,0.6062284,0.7190898,0.6337897,0.9308965,1,0.9141182,0.8004749,0.8116411,0.7636892,0.7026802,0,0,0,0,0,0,0,0,0,0,0,0,0,0,0,0,0,0,0,0,0,0,0,0,0.7351081,0.7038522,0.921818,0.9765283,1,0.945186,0.8690532,0.9924672,0.9262915,0.8105372,0,0,0,0,0,0,0,0,0,0,0,0,0,0,0,0,0,0,0,0,0,0,0,0,0.6679695,0.8088058,0.9127292,1,0.8551309,0.6225663,0.8173138,0.7915461,0.7185798,0,0,0,0,0,0,0,0,0,0
0,0,0,0,0,0,0,0,0,0,0,0,0,0,0,0.9082347,1,0.9325009,0.774798,0.7465094,0.8295006,0.7841545,0.6345596,0,0,0,0,0,0,0,0,0,0,0,0,0,0,0,0,0,0,0,0,0,0,0,0,0,0.7661065,0.9956481,1,0.7778922,0.7925299,0,0,0,0,0,0,0,0,0,0,0,0,0,0,0,0,0,0,0,0,0,0,0,0,0,0,0.6249517,0.7560486,0.9677739,1,0.7960449,0.8169966,0.7703314,0.8129411,0.7284302,0.7547472,0.7349572,0.6662449,0,0,0,0,0,0,0,0,0,0,0,0,0,0,0,0,0,0,0,0,0,0,0.6882803,0.8184838,1,0.9831197,0.9071192,0.9377413,0.865559,0.9734393,0.8784026,0.7725036,0.75167,0.6686504,0,0,0,0,0,0,0,0,0,0,0,0,0,0,0,0,0,0,0,0,0,0,0.8318629,1,0.9876388,0,0.6535645,0.827397,0.8529412,0.8345847,0.6302512,0.710978,0,0,0,0,0,0,0,0
0,0,0,0,0,0,0,0,0,0,0,0,0,0,0.6239288,0.9292951,1,0.891445,0.7678655,0.6594357,0.7710718,0.7972041,0.6231144,0,0,0,0,0,0,0,0,0,0,0,0,0,0,0,0,0,0,0,0,0,0,0,0.6654224,0.6660772,0.8319865,1,0.9498221,0.7519739,0.7232863,0,0,0,0,0,0,0,0,0,0,0,0,0,0,0,0,0,0,0,0,0,0,0,0,0,0,0.605727,0.6864249,0.948385,1,0.8758265,0.7962003,0.8494868,0.6837626,0.7727641,0.8107351,0.7849997,0.7072738,0,0,0,0,0,0,0,0,0,0,0,0,0,0,0,0,0,0,0,0,0,0,0.6771943,0.8647165,1,0.9310217,0.7774506,0.8998802,0.8837408,0.8046668,0.9160097,0.9004561,0.8373623,0,0,0,0,0,0,0,0,0,0,0,0,0,0,0,0,0,0,0,0,0,0,0.6396089,0.7392564,0.961871,1,0.80081,0.9101659,0.8914557,0.7901489,0.8251505,0.8265119,0.7826467,0.7469377,0.6161276,0,0,0,0,0,0
0,0,0,0,0,0,0,0,0,0,0,0,0,0,0.6546553,0.9204159,1,0.9126536,0.7778724,0.762008,0.7596789,0,0.7390479,0.7326136,0.7010588,0,0,0,0,0,0,0,0,0,0,0,0,0,0,0,0,0,0,0,0,0,0,0.6694863,0.8220516,1,0.985832,0.8380838,0.7786424,0,0,0,0,0,0,0,0,0,0,0,0,0,0,0,0,0,0,0,0,0,0,0,0,0,0,0.6489128,0.647415,0.9637268,1,0.8877192,0.8865985,0,0.7469776,0.7227359,0.7805331,0.7202544,0,0,0,0,0,0,0,0,0,0,0,0,0,0,0,0,0,0,0,0,0,0,0,0,0.8313401,1,0.9944137,0.9498323,0.8621004,0.815585,0.7532524,0.8043723,0.7748142,0.7379245,0.7398291,0,0,0,0,0,0,0,0,0,0,0,0,0,0,0,0,0,0,0,0,0,0.7692506,0.8139397,0.9314133,1,0.8875076,0.8967305,0.8477985,0,0.8108875,0,0.6812525,0,0,0,0,0,0,0,0
0,0,0,0,0,0,0,0,0,0,0,0.6627256,0.6733817,0.7324489,0.6888185,0.9369387,1,0.9010295,0.8576108,0.8161176,0.8515259,0.7858357,0.7304723,0.6941537,0,0,0,0,0,0,0,0,0,0,0,0,0,0,0,0,0,0,0,0,0,0.6466919,0.625609,0.6763855,0.8490503,1,0.9894801,0.85697,0.7948245,0.7424667,0.7167878,0.6685745,0,0,0,0,0,0,0,0,0,0,0,0,0,0,0,0,0,0,0,0,0.6652108,0.689852,0,0,0.6459634,0.9401097,1,0.8759172,0.8518345,0.831695,0.7340272,0,0.695487,0.6515162,0,0,0,0,0,0,0,0,0,0,0,0,0,0,0,0,0,0,0,0,0.6221002,0.7097504,0.74102,0.7135602,0.8677045,1,0.9501592,0.898175,0.922153,0.8745379,0.8078085,0.7629741,0.7187875,0,0.6401256,0,0,0,0,0,0,0,0,0,0,0,0,0,0,0,0,0,0,0,0,0.6623031,0.7482554,0.7897044,0.9842696,1,0.8076639,0.889771,0.8801742,0.8298176,0.7762515,0.7210518,0.7021502,0.6356537,0,0,0,0,0,0,0
0,0,0,0,0,0,0,0,0,0,0,0,0,0,0.6298154,0.9046724,1,0.9460121,0.781219,0.7730708,0.6750331,0.6463794,0.6253069,0.647907,0.6326023,0.6255832,0,0,0,0,0,0,0,0,0,0,0,0,0,0,0,0,0,0,0,0,0.6485871,0.7212648,0.8298072,1,0.9616252,0.6592616,0.5880484,0.5876409,0.6002976,0,0,0,0,0,0,0,0,0,0,0,0,0,0,0,0,0,0,0,0,0,0,0,0,0.5800769,0.746857,0.9530969,1,0.8704343,0,0,0.6770628,0.7102915,0,0,0,0,0,0,0,0,0,0,0,0,0,0,0,0,0,0,0,0,0,0,0,0,0.6767013,0.6581579,0.8891587,1,0.9387605,0.8192978,0.8367018,0.7847703,0.7041483,0,0.6339567,0.6431372,0,0,0,0,0,0,0,0,0,0,0,0,0,0,0,0,0,0,0,0,0,0,0.6556671,0.6735324,0.9533201,1,0.8783922,0.8393334,0.6459601,0.7320936,0.719348,0,0,0,0,0,0,0,0,0,0
0,0,0,0,0,0,0,0,0,0,0,0,0,0,0,0.9479064,1,0.876063,0.8121915,0.7408371,0,0,0,0,0,0,0,0,0,0,0,0,0,0,0,0,0,0,0,0,0,0,0,0,0,0,0,0.7202752,0.8541679,1,0.9703509,0,0,0,0,0,0,0,0,0,0,0,0,0,0,0,0,0,0,0,0,0,0,0,0,0,0,0,0,0,0,0.9649157,1,0.8486034,0.7318051,0.7309369,0,0,0,0,0,0,0,0,0,0,0,0,0,0,0,0,0,0,0,0,0,0,0,0,0,0,0,0,0.8337866,1,0.9738423,0.8173814,0.8118935,0,0,0,0,0,0,0,0,0,0,0,0,0,0,0,0,0,0,0,0,0,0,0,0,0,0,0,0,0.8459897,0.9941815,1,0.8424797,0.8368656,0.8141109,0,0,0,0,0,0,0,0,0,0,0,0
