GestureName: star
Duration(ms): 1410
Handedness: right

SpeakerAngles: 5
55
-55
0
0
110

SpeakerElevations: 5
-10
-10
-10
0
30

InterpretedPoints: 30
-0.806707284111599,-1.54967027447583,0.347296355333861
-1.6134145682232,-3.21387334489112,1.21553724366851
-4.86860529362069,-13.2581464058659,0.257426309670095
-5.68949337220784,-16.3603377048048,-0.221629157329114
-1.6417761571743,-8.15880585691427,-0.437166400997627
-4.87569569085847,-8.45785473962745,-1.11081457866456
-5.66822218049452,-9.1955539037858,-0.631759111665348
0,-1.98480775301221,0.17364817766693
0,0,0
0,4.96961550602442,-0.347296355333861
4.06898840674687,6.60315763833375,1.63175911166535
1.63468575993652,14.9894820171283,-0.583778132003164
5.67531257773229,8.57875108846285,0.437166400997627
5.67531257773229,8.44902604553561,0.784462756331487
2.43430264681035,1.97246625601158,0.82635182233307
0,3.96961550602442,-0.347296355333861
0,5.95442325903662,-0.520944533000791
0.813797681349374,0.703801867273976,0.5
-0.806707284111599,0.564862521463624,-0.17364817766693
1.63468575993652,1.67626812328555,1.32635182233307
-4.83315330743182,3.10855485183477,0.32635182233307
-4.02644602332022,-7.44111542264106,0.67364817766693
-4.87569569085847,-10.0079106228945,-1.45811093399842
0,-0.984807753012208,0.17364817766693
0,0,0
0,0,0
3.2551907253975,0.815207469095905,2
0.813797681349374,-0.296198132726024,0.5
-0.0141807944755501,-4.50694428349962,-0.305407289332279
0.799616886873824,-0.879103651164599,-0.67364817766693

StrokePoints: 31
0,0,0
-0.806707284111599,-1.54967027447583,0.347296355333861
-2.4201218523348,-4.76354361936695,1.56283359900237
-7.28872714595549,-18.0216900252329,1.82025990867247
-12.9782205181633,-34.3820277300376,1.59863075134335
-14.6199966753376,-42.5408335869519,1.16146435034573
-19.4956923661961,-50.9986883265794,0.0506497716811702
-25.1639145466906,-60.1942422303652,-0.581109339984178
-25.1639145466906,-62.1790499833774,-0.407461162317247
-25.1639145466906,-62.1790499833774,-0.407461162317247
-25.1639145466906,-57.209434477353,-0.754757517651108
-21.0949261399437,-50.6062768390192,0.87700159401424
-19.4602403800072,-35.6167948218909,0.293223462011075
-13.7849278022749,-27.038043733428,0.730389863008702
-8.10961522454264,-18.5890176878924,1.51485261934019
-5.67531257773229,-16.6165514318808,2.34120444167326
-5.67531257773229,-12.6469359258564,1.9939080863394
-5.67531257773229,-6.69251266681979,1.47296355333861
-4.86151489638292,-5.98871079954581,1.97296355333861
-5.66822218049452,-5.42384827808219,1.79931537567168
-4.03353642055799,-3.74758015479664,3.12566719800475
-8.86668972798981,-0.639025302961868,3.45201902033782
-12.89313575131,-8.08014072560293,4.12566719800475
-17.7688314421685,-18.0880513484975,2.66755626400633
-17.7688314421685,-19.0728591015097,2.84120444167326
-17.7688314421685,-19.0728591015097,2.84120444167326
-17.7688314421685,-19.0728591015097,2.84120444167326
-14.513640716771,-18.2576516324138,4.84120444167326
-13.6998430354216,-18.5538497651398,5.34120444167326
-13.7140238298972,-23.0607940486394,5.03579715234098
-12.9144069430234,-23.939897699804,4.36214897467405

Velocities: 30
-1,0,-1
-3,-1,-3
-5,-3,-5
-6,-5,-5
-2,-4,-3
-4,-3,-1
-3,1,-3
0,0,-1
0,0,0
0,0,2
1,1,3
3,4,5
4,1,4
3,0,4
1,0,0
0,0,2
0,0,3
0,0,0
0,1,0
0,1,0
-4,3,2
-4,2,1
-1,0,-5
0,0,-1
0,0,0
0,0,0
0,0,0
0,0,0
0,-2,-2
0,-2,3

InverseVelocities: 30
0,0,0
0,0,6
0,0,2
0,1,0
0,1,0
0,0,0
0,0,3
0,0,0
0,0,0
0,0,0
0,0,0
-4,0,-4
0,0,0
0,0,-1
0,0,0
0,0,0
0,0,-2
0,0,0
0,0,0
0,0,0
0,0,-2
0,0,-5
0,0,0
0,0,0
0,0,0
0,0,0
0,0,0
0,0,0
0,0,0
0,0,0

RawData: 30
0,0,0,0,0,0,0,0,0,0,0,0,0.7224294,0.8149682,0.7291645,0.9603236,1,0.8798605,0,0,0,0,0,0,0,0,0,0,0,0,0,0,0,0,0,0,0,0,0,0,0,0,0,0,0,0,0,0.7427066,0.823229,1,0.9530126,0,0,0,0,0,0,0,0,0,0,0,0,0,0,0,0,0,0,0,0,0,0,0,0,0,0,0,0.6702285,0.7216709,0.732721,0.9379621,1,0.8893275,0,0,0,0,0,0,0,0,0,0,0,0,0,0,0,0,0,0,0,0,0,0,0,0,0,0,0,0,0.7522007,0.8397939,0.9147204,1,0.9348759,0,0,0,0,0,0,0,0,0,0,0,0,0,0,0,0,0,0,0,0,0,0,0,0,0,0,0,0,0.7613087,0.8239238,0.8951306,0.8795589,1,0.9108983,0,0,0,0,0,0,0,0,0,0,0,0,0,0
0,0,0,0,0,0,0,0,0,0,0.7369946,0.726075,0.7544307,0.8450422,0.8213863,0.9311799,1,0.8761088,0,0,0,0,0,0,0,0,0,0,0,0,0,0,0,0,0,0,0,0,0,0,0,0,0,0,0,0.7864778,0.8170791,0.9063522,0.8069687,1,0.956948,0.7250348,0,0,0,0,0,0,0,0,0,0,0,0,0,0,0,0,0,0,0,0,0,0,0,0,0.6983793,0.7512347,0,0.7822106,0.8060915,0.9593664,1,0.8722855,0.6872426,0,0.7248098,0.7066877,0.645386,0,0.6352475,0.6413197,0,0,0,0,0,0,0,0,0,0,0,0,0,0,0,0,0,0,0.7082508,0.7611442,0.7087668,0,0.8567833,1,0.9725233,0.7568073,0.699468,0.6799434,0.6750288,0,0,0,0,0,0,0,0,0,0,0,0,0,0,0,0,0,0,0,0,0,0,0,0,0.7576286,0.8038017,0.8683727,1,0.9868473,0.7370079,0,0,0,0,0,0,0,0,0,0,0,0,0,0
0,0,0,0,0,0,0,0,0.7119616,0.7752349,0.731584,0.7580382,0.7659932,0.7978595,0.804145,0.9332616,1,0.8900689,0,0,0,0,0,0,0,0,0,0,0,0,0,0,0,0,0,0,0,0,0,0,0,0,0,0.7382317,0.8603794,0.8689472,0.7372302,0.8862788,0.80789,1,0.9932718,0.915527,0.8038989,0,0,0,0,0,0,0,0,0,0,0,0,0,0,0,0,0,0,0,0,0,0.6571546,0.6410656,0.759491,0.7090176,0.7337599,0.7377313,0.7099544,0.9463581,1,0.847716,0.6832187,0.6316357,0.6710758,0.641673,0,0,0,0,0,0,0,0,0,0,0,0,0,0,0,0,0,0,0,0.7359923,0.6943436,0.6923276,0.703884,0.7711383,0.7760532,0.7549246,0.8793615,1,0.9493163,0.7719033,0,0,0,0,0,0,0,0,0,0,0,0,0,0,0,0,0,0,0,0,0,0,0,0.7396468,0.7353985,0.7799697,0.7748858,0.7445111,0.8372154,0.8070976,0.950593,1,0.833495,0,0,0,0,0,0,0,0,0,0,0,0,0,0
0,0,0,0,0,0,0,0.6605769,0.677825,0,0.6858863,0.7761994,0.7666154,0.7307776,0.7300827,0.9251112,1,0.8821386,0,0,0,0,0,0,0,0,0,0,0,0,0,0,0,0,0,0,0,0,0,0,0,0.6973101,0.7959739,0.808411,0,0.6919206,0.8060111,0.7763376,0.8261655,1,0.9537191,0.8336183,0.8252949,0.6975645,0,0,0,0,0,0,0,0,0,0,0,0,0,0,0,0,0,0,0,0,0.6396555,0.7256731,0.6504797,0.7403459,0.6785506,0.7202252,0.5891315,0.9554908,1,0.8680543,0.6534982,0.5845613,0,0,0,0,0,0,0,0,0,0,0,0,0,0,0,0,0,0,0,0.6132682,0.6617193,0.7012818,0.7678148,0.7105572,0.738117,0.6854029,0.7772276,0.7537206,0.8828472,1,0.9502531,0.7434044,0,0,0,0,0,0,0,0,0,0,0,0,0,0,0,0,0,0,0,0,0,0.707615,0.7006114,0.7963216,0.7525404,0.7427631,0.7119141,0,0.6606059,0.6664233,0.9821082,1,0.7521065,0.7252061,0.7147437,0,0,0,0,0,0,0,0,0,0,0,0
0,0,0,0,0,0,0,0,0,0,0,0.7604201,0.7819137,0.7644498,0.73408,0.9389415,1,0.8824965,0,0,0,0,0,0,0,0,0,0,0,0,0,0,0,0,0,0,0,0,0,0,0,0,0.8001046,0.8222463,0.8126733,0.8708425,0.8855178,0.7817994,0.8181717,1,0.9977489,0,0.7998022,0.7886382,0,0,0,0,0,0,0,0,0,0,0,0,0,0,0,0,0,0,0,0,0,0,0.6802452,0.7089674,0.7854956,0.7015045,0.6656868,0.9551251,1,0.8880703,0.6913672,0.6746926,0,0,0,0,0,0,0,0,0,0,0,0,0,0,0,0,0,0,0,0,0,0,0,0.7366121,0.7491454,0.791065,0.7671469,0,0.8866017,1,0.948117,0.7185223,0,0,0,0,0,0,0,0,0,0,0,0,0,0,0,0,0,0,0,0,0,0,0,0.7584502,0.8040167,0.7935972,0.8001277,0.8297668,0,0,0.9674903,1,0.8568578,0,0,0,0,0,0,0,0,0,0,0,0,0,0
0,0,0,0,0,0,0,0,0,0.7467751,0.7948642,0.7776431,0.7680135,0.6906453,0.7304646,0.9360895,1,0.882285,0,0,0,0,0,0,0,0,0,0,0,0,0,0,0,0,0,0,0,0,0,0,0,0,0,0.6994622,0.7305097,0.7788594,0.8237599,0.7771134,0.8852042,1,0.9748838,0.7330579,0,0,0,0,0,0,0,0,0,0,0,0,0,0,0,0,0,0,0,0,0,0,0,0,0,0,0.7378308,0.6942391,0.70667,0.9519315,1,0.8680637,0,0,0,0,0,0,0,0,0,0,0,0,0,0,0,0,0,0,0,0,0,0,0,0.7233956,0.7971915,0.7561459,0,0.6589482,0.7817722,0.6658549,0.8552505,1,0.9468966,0,0,0,0,0,0,0,0,0,0,0,0,0,0,0,0,0,0,0,0,0,0,0,0.7117454,0.7616314,0.7505992,0.7204984,0.8005775,0.7973497,0.7352508,0.7585267,0.9548768,1,0.8629191,0,0,0,0,0,0,0,0,0,0,0,0,0,0
0,0,0,0,0,0,0,0,0,0,0.6950756,0.7921965,0.7734959,0.7749734,0.7840446,0.9041891,1,0.9055046,0,0,0,0,0,0,0,0,0,0,0,0,0,0,0,0,0,0,0,0,0,0,0,0,0,0,0,0,0.691287,0.7591972,0.89407,1,0.976871,0.7136239,0.6781331,0.6968912,0,0,0,0,0,0,0,0,0,0,0,0,0,0,0,0,0,0,0,0,0,0,0.6537421,0.7355405,0.7591451,0,0.7559965,0.9236766,1,0.8981839,0,0.6255806,0.6926832,0.6920068,0.6387126,0,0,0,0,0,0,0,0,0,0,0,0,0,0,0,0,0,0.6684529,0.6671042,0.6613058,0.7906566,0.8726385,0.8772013,0.7801953,0.809305,0.8151131,1,0.9805974,0.7068253,0,0,0,0,0,0,0,0,0,0,0,0,0,0,0,0,0,0,0,0,0,0,0,0,0.7262868,0.819307,0.837714,0.7912537,0.8102427,0.8470489,0.9508382,1,0.8607807,0.7172616,0.7044219,0,0,0,0,0,0,0,0,0,0,0,0
0,0,0,0,0,0,0,0,0,0,0,0,0,0.6740745,0.7820018,0.9270395,1,0.8959265,0,0,0,0,0,0,0,0,0,0,0,0,0,0,0,0,0,0,0,0,0,0,0,0,0,0,0,0,0.6274747,0.7774987,0.8096567,0.9891974,1,0.7862956,0,0,0,0,0,0,0,0,0,0,0,0,0,0,0,0,0,0,0,0,0,0,0,0,0,0,0.6270142,0.6484362,0.6283216,0.9243116,1,0.8929257,0,0,0,0,0,0,0,0,0,0,0,0,0,0,0,0,0,0,0,0,0,0,0,0,0,0,0,0.7080958,0.7617832,0.7399803,0.8301181,1,0.9669232,0.6753033,0,0,0,0,0,0,0,0,0,0,0,0,0,0,0,0,0,0,0,0,0,0,0,0,0,0,0,0.6532988,0.7005707,0.7727347,0.9577103,1,0.863272,0,0,0,0,0,0,0,0,0,0,0,0,0,0
0,0,0,0,0,0,0,0,0,0,0,0,0,0,0,0.8865919,1,0.8955861,0,0,0,0,0,0,0,0,0,0,0,0,0,0,0,0,0,0,0,0,0,0,0,0,0,0,0,0,0,0,0.8056489,1,0.9878006,0.735396,0,0,0,0,0,0,0,0,0,0,0,0,0,0,0,0,0,0,0,0,0,0,0,0,0,0,0,0,0.5486844,0.9213775,1,0.8966109,0,0,0,0,0,0,0,0,0,0,0,0,0,0,0,0,0,0,0,0,0,0,0,0,0,0,0,0,0,0.5874375,0.771507,1,0.9740228,0.6403738,0,0,0,0,0,0,0,0,0,0,0,0,0,0,0,0,0,0,0,0,0,0,0,0,0,0,0,0,0,0.6388252,0.9466403,1,0.8533254,0,0,0,0,0,0,0,0,0,0,0,0,0,0
0,0,0,0,0,0,0,0,0,0,0,0,0,0,0,0.8980921,1,0.9334382,0.772123,0.7434,0,0,0,0,0,0,0,0,0,0,0,0,0,0,0,0,0,0,0,0,0,0,0,0,0,0,0,0,0.7453108,0.9929018,1,0.8651742,0.7357156,0,0,0,0,0,0,0,0,0,0,0,0,0,0,0,0,0,0,0,0,0,0,0,0,0,0,0,0,0.9366088,1,0.8794696,0.7411017,0.7448151,0.7206302,0.6672127,0,0,0,0,0,0,0,0,0,0,0,0,0,0,0,0,0,0,0,0,0,0,0,0,0,0,0.8183276,1,0.9846956,0.797047,0.7462214,0.7922937,0.7709234,0.7005509,0,0,0,0,0,0,0,0,0,0,0,0,0,0,0,0,0,0,0,0,0,0,0,0,0,0.6861719,0.9343873,1,0.9133098,0.6822591,0,0,0,0,0,0,0,0,0,0,0,0,0
0,0,0,0,0,0,0,0,0,0,0,0,0,0,0,0.8928624,1,0.8903235,0.7509758,0.7903991,0.6938252,0,0,0,0,0,0,0,0,0,0,0,0,0,0,0,0,0,0,0,0,0,0,0,0,0,0.6830944,0.7008561,0.8293496,1,0.9846019,0.7809974,0.7496873,0.6696627,0,0,0,0,0,0,0,0,0,0,0,0,0,0,0,0,0,0,0,0,0,0,0,0,0,0,0,0.9304812,1,0.896592,0.6584456,0.6530644,0.6352265,0.7309176,0.6764286,0,0,0,0,0,0,0,0,0,0,0,0,0,0,0,0,0,0,0,0,0,0,0,0,0,0.8168575,1,0.9791,0.7617576,0.7394297,0,0.8368356,0.82006,0.7309808,0,0,0,0,0,0,0,0,0,0,0,0,0,0,0,0,0,0,0,0,0,0,0,0,0.6997216,0.9565293,1,0.7936789,0.6864125,0,0.7099715,0.7383633,0.6693876,0.6623209,0,0,0,0,0,0,0,0
0,0,0,0,0,0,0,0,0,0.6392561,0.6599676,0,0,0,0.6769577,0.9053608,1,0.9348508,0.6873914,0.784808,0.7925889,0.6849579,0.670667,0,0,0,0,0,0,0,0,0,0,0,0,0,0,0,0,0,0,0,0,0,0,0,0,0.6871373,0.8300201,1,0.9993748,0.8506025,0.6600225,0,0.6615684,0.6408258,0.6676229,0,0,0,0,0,0,0,0,0,0,0,0,0,0,0,0,0,0,0.5864094,0.6081958,0,0,0.6014432,0.6968046,0.9319848,1,0.8964304,0.6247082,0.6831611,0.7292368,0.6970973,0.6646803,0.6526056,0.6079944,0,0,0,0,0,0,0,0,0,0,0,0,0,0,0,0,0,0,0.6708685,0.645189,0.6407788,0,0.665345,0.8324141,1,0.9772849,0.7824715,0.7159555,0.8088047,0.7285087,0.6788658,0.73769,0.636498,0.6778784,0.6560419,0,0,0,0,0,0,0,0,0,0,0,0,0,0,0,0,0.6719861,0.7084516,0.6906412,0,0,0.6270211,0.9470043,1,0.8949455,0.7477445,0.7092251,0.7297028,0.6359879,0,0,0,0,0,0,0,0,0,0
0,0,0,0,0,0,0,0,0,0,0,0,0,0,0,0.9011575,1,0.9018865,0,0.8023151,0,0.7910454,0.8293581,0.7939807,0,0,0,0,0,0,0,0,0,0,0,0,0,0,0,0,0,0,0,0,0,0,0,0,0.8536558,1,0.9918447,0.8465996,0.7959271,0.7515107,0,0,0,0,0,0,0,0,0,0,0,0,0,0,0,0,0,0,0,0,0,0,0,0,0,0.6847416,0.6813723,0.9270881,1,0.9066684,0.7226071,0.7163417,0.7543532,0.7257254,0,0.6935741,0,0,0,0,0,0,0,0,0,0,0,0,0,0,0,0,0,0,0,0,0,0,0,0,0.8674875,1,0.9756643,0.7557344,0.7726879,0.7893664,0.8308656,0.7866473,0,0,0,0,0,0,0,0,0,0,0,0,0,0,0,0,0,0,0,0,0,0,0,0,0.7670581,0.7902676,0.9659105,1,0.8705201,0.7686344,0.7676685,0,0.7544737,0.7350881,0,0,0,0,0,0,0,0,0
0,0,0,0,0,0,0,0,0,0,0,0,0,0,0,0.905977,1,0.9027494,0.811752,0.8456148,0.8424783,0.733707,0.7085756,0,0,0,0,0,0,0,0,0,0,0,0,0,0,0,0,0,0,0,0,0,0,0,0,0.7047459,0.7275776,0.9837561,1,0.7849635,0,0,0,0,0,0,0,0,0,0,0,0,0,0,0,0,0,0,0,0,0,0,0,0,0,0,0.6454445,0.6904194,0,0.9339707,1,0.8912903,0.6506729,0.7671717,0.8251429,0.7974197,0.7040211,0.6327826,0,0,0,0,0,0,0,0,0,0,0,0,0,0,0,0,0,0,0,0,0,0,0,0,0.8152236,1,0.972883,0,0.8252507,0.8789697,0.847753,0.7874619,0.6896088,0,0,0,0,0,0,0,0,0,0,0,0,0,0,0,0,0,0,0,0,0,0,0.687351,0.7626343,0.7260706,0.9373731,1,0.9007207,0.7342862,0.7337442,0.7312427,0,0.7192213,0,0,0,0,0,0,0,0,0
0,0,0,0,0,0,0,0,0,0,0,0,0,0,0,0.899244,1,0.9358795,0.8208994,0.8870751,0.8813618,0,0,0,0,0,0,0,0,0,0,0,0,0,0,0,0,0,0,0,0,0,0,0,0,0,0,0,0.8432972,1,0.9881641,0,0,0,0,0,0,0,0,0,0,0,0,0,0,0,0,0,0,0,0,0,0,0,0,0,0,0,0,0,0,0.9427395,1,0.9055717,0.7946936,0.8468552,0,0,0,0,0,0,0,0,0,0,0,0,0,0,0,0,0,0,0,0,0,0,0,0,0,0,0,0,0.8450661,1,0.9882438,0.840117,0.8744695,0.8754991,0.7973024,0,0,0,0,0,0,0,0,0,0,0,0,0,0,0,0,0,0,0,0,0,0,0,0,0,0,0.7966046,0.9625062,1,0.8847176,0.8021138,0.8363347,0.8027446,0,0,0,0,0,0,0,0,0,0,0
0,0,0,0,0,0,0,0,0,0,0,0,0,0,0,0.9061059,1,0.9463369,0.8468923,0.7178074,0,0,0,0,0,0,0,0,0,0,0,0,0,0,0,0,0,0,0,0,0,0,0,0,0,0,0,0,0,1,0.9830636,0,0,0,0,0,0,0,0,0,0,0,0,0,0,0,0,0,0,0,0,0,0,0,0,0,0,0,0,0.6542231,0.7179056,0.9337755,1,0.912905,0.7932584,0.7392095,0.7327015,0.6713107,0,0,0,0,0,0,0,0,0,0,0,0,0,0,0,0,0,0,0,0,0,0,0,0,0,0.7154563,0.8480089,1,0.9298289,0.8782021,0.7732316,0,0.7064174,0,0,0,0,0,0,0,0,0,0,0,0,0,0,0,0,0,0,0,0,0,0,0,0,0,0,0.8262383,0.9749089,1,0.8875695,0.7848515,0,0,0,0,0,0,0,0,0,0,0,0,0
0,0,0,0,0,0,0,0,0,0,0,0,0,0,0,0.9263779,1,0.9277237,0.8216468,0,0,0,0,0,0,0,0,0,0,0,0,0,0,0,0,0,0,0,0,0,0,0,0,0,0,0,0,0,0.8570971,1,0.9420269,0.7971535,0,0,0,0,0,0,0,0,0,0,0,0,0,0,0,0,0,0,0,0,0,0,0,0,0,0.6315483,0.6275009,0,0.6587815,0.956601,1,0.8348168,0.7456684,0.7185596,0.6864774,0.6639651,0.6364517,0,0,0,0,0,0,0,0,0,0,0,0,0,0,0,0,0,0,0,0,0,0,0,0,0.6804634,0.8676409,1,0.9744796,0.9445636,0.8190383,0.7430898,0.7137777,0.6880036,0,0,0,0,0,0,0,0,0,0,0,0,0,0,0,0,0,0,0,0,0,0,0,0,0,0.6639714,0.9487817,1,0.8920697,0.7308949,0,0,0,0,0,0,0,0,0,0,0,0,0
0,0,0,0,0,0,0,0,0,0,0,0,0,0,0.752602,0.9492861,1,0.7315907,0.8081605,0,0,0,0,0,0,0,0,0,0,0,0,0,0,0,0,0,0,0,0,0,0,0,0,0,0,0,0,0,0.8016952,1,0.993353,0.8529878,0.7038515,0,0,0,0,0,0,0,0,0,0,0,0,0,0,0,0,0,0,0,0,0,0,0,0,0,0,0,0.6453073,0.9473131,1,0.8709852,0.6957657,0,0,0,0,0,0,0,0,0,0,0,0,0,0,0,0,0,0,0,0,0,0,0,0,0,0,0,0,0,0.8531659,1,0.9857929,0.8705615,0.7477748,0.6461744,0,0,0,0,0,0,0,0,0,0,0,0,0,0,0,0,0,0,0,0,0,0,0,0,0,0,0,0.6762482,0.9796916,1,0.8195777,0.8593507,0.7874866,0,0,0,0,0,0,0,0,0,0,0,0
0,0,0,0,0,0,0,0,0,0,0,0,0,0,0,0.8638216,1,0.915921,0,0,0,0,0,0,0,0,0,0,0,0,0,0,0,0,0,0,0,0,0,0,0,0,0,0,0,0,0,0,0.8610824,1,0.9457886,0.8729839,0.9035174,0.8762822,0,0,0,0,0,0,0,0,0,0,0,0,0,0,0,0,0,0,0,0,0,0,0,0,0,0,0.7780006,0.9676815,1,0.8793463,0,0,0,0,0,0,0,0,0,0,0,0,0,0,0,0,0,0,0,0,0,0,0,0,0,0,0,0,0,0,0.9170699,1,0.9504039,0,0,0,0,0,0,0,0,0,0,0,0,0,0,0,0,0,0,0,0,0,0,0,0,0,0,0,0,0,0.7979783,0.8754846,0.9884891,1,0.8477051,0,0,0,0,0,0,0,0,0,0,0,0,0,0
0,0,0,0,0,0,0,0,0,0,0,0,0,0,0.8692948,0.9737334,1,0.8954329,0,0,0,0,0,0,0,0,0,0,0,0,0,0,0,0,0,0,0,0,0,0,0,0,0,0,0,0,0,0,0.8346976,1,0.9761156,0.8460276,0,0.8070399,0,0,0,0,0,0,0,0,0,0,0,0,0,0,0,0,0,0,0,0,0,0,0,0,0,0,0.8345366,0.9584612,1,0.8904779,0,0,0,0,0,0,0,0,0,0,0,0,0,0,0,0,0,0,0,0,0,0,0,0,0,0,0,0,0.8271102,0.8941318,0.9209743,1,0.9445701,0,0,0.7976381,0.7930977,0,0,0,0,0,0,0,0,0,0,0,0,0,0,0,0,0,0,0,0,0,0,0,0,0,0.8167146,0.8198555,0.9663016,1,0.8787868,0.7946106,0.8518904,0.8468262,0.7900607,0,0,0,0,0,0,0,0,0,0
0,0,0,0,0,0,0,0,0,0.6930496,0.7791249,0.798223,0.7703876,0,0.7983206,0.9010634,1,0.8852132,0,0,0,0,0,0,0,0,0,0,0,0,0,0,0,0,0,0,0,0,0,0,0,0,0,0,0,0,0,0.7280264,0.8635507,1,0.9883291,0.8981928,0.8695959,0.8155404,0.7133447,0.6977641,0,0,0,0,0,0,0,0,0,0,0,0,0,0,0,0,0,0,0,0,0,0.7511529,0.7736805,0.7968842,0.8194812,0.9718738,1,0.8411785,0.7524894,0.7793283,0.7050323,0.723098,0,0,0,0,0,0,0,0,0,0,0,0,0,0,0,0,0,0,0,0,0.672823,0.7545925,0.7996253,0.8316807,0.8146952,0.7491193,0.8387693,1,0.9604463,0.764555,0.6963152,0,0.6784683,0,0,0,0,0,0,0,0,0,0,0,0,0,0,0,0,0,0,0,0,0,0,0.7740464,0.8475379,0.8614736,0.7137945,0.7357028,0.965602,1,0.7464743,0.8005567,0.7937942,0,0,0,0,0,0,0,0,0,0,0,0
0,0,0,0,0,0,0,0,0,0.6374817,0,0.7191807,0,0.7280125,0.7498079,0.890919,1,0.8638127,0,0,0,0,0,0,0,0,0,0,0,0,0,0,0,0,0,0,0,0,0,0,0,0,0,0,0,0,0,0.6892751,0.850642,1,0.9503914,0.7183039,0.7530006,0.6436539,0.6073825,0,0,0,0,0,0,0,0,0,0,0,0,0,0,0,0,0,0,0,0.5776492,0.5889992,0.5684071,0.6064771,0.6397565,0,0.7267548,0.9453473,1,0.8695411,0.6760553,0.6050037,0.5612014,0,0,0,0,0,0,0,0,0,0,0,0,0,0,0,0,0,0,0.5857131,0.6374876,0,0.5675073,0,0.610947,0.5810966,0.6992054,0.729979,0.8363153,1,0.916648,0.626784,0,0,0,0,0,0,0,0,0,0,0,0,0,0,0,0,0,0,0,0,0.5822703,0.6741054,0.6004139,0,0,0,0.7013047,0,0.7672574,0.6719357,0.9626164,1,0.709092,0.7564965,0.6174325,0,0,0,0,0,0,0,0,0,0,0,0
0,0,0,0,0,0,0,0,0,0,0,0,0.6519669,0.798524,0.8194526,0.9071085,1,0.8801734,0,0,0,0,0,0,0,0,0,0,0,0,0,0,0,0,0,0,0,0,0,0,0,0,0,0,0,0,0.7011899,0.8551669,0.8918933,0.9773206,1,0.7248299,0,0,0,0,0,0,0,0,0,0,0,0,0,0,0,0,0,0,0,0,0,0,0.5888011,0,0.6217242,0,0.6758689,0,0.7368984,0.9561303,1,0.8654808,0.5813255,0,0,0,0,0,0,0,0,0,0,0,0,0,0,0,0,0,0,0,0,0,0.5836725,0.6615796,0.646274,0.6045755,0,0.5776509,0.7268427,0.7986566,0.8793148,1,0.9495578,0.6740437,0.5793704,0,0,0,0,0,0,0,0,0,0,0,0,0,0,0,0,0,0,0,0,0,0.6419439,0.6577507,0.6670544,0.7042784,0.626403,0.6980789,0.6299871,0.8370758,0.9716201,1,0.8099532,0.7482212,0,0,0,0,0,0,0,0,0,0,0,0,0
0,0,0,0,0,0,0,0,0,0,0,0,0,0.7111178,0.8261918,0.9028242,1,0.8932597,0,0,0,0,0,0,0,0,0,0,0,0,0,0,0,0,0,0,0,0,0,0,0,0,0,0,0,0,0,0.7365007,0.8767561,1,0.9697728,0.7857703,0,0,0,0,0,0,0,0,0,0,0,0,0,0,0,0,0,0,0,0,0,0,0,0,0,0,0.6785693,0.7513401,0.8328765,0.9555092,1,0.8656014,0,0,0,0,0,0,0,0,0,0,0,0,0,0,0,0,0,0,0,0,0,0,0,0,0,0,0,0,0,0.7961893,0.8843744,1,0.9460679,0,0,0,0,0,0,0,0,0,0,0,0,0,0,0,0,0,0,0,0,0,0,0,0,0,0,0,0,0.7328407,0.7975058,0.775839,0.9659324,1,0.8593302,0,0,0,0,0,0,0,0,0,0,0,0,0,0
0,0,0,0,0,0,0,0,0,0,0,0,0,0,0,0.9374526,1,0.8974952,0,0,0,0,0,0,0,0,0,0,0,0,0,0,0,0,0,0,0,0,0,0,0,0,0,0,0,0,0,0,0.8474729,1,0.9639863,0.7103019,0,0,0,0,0,0,0,0,0,0,0,0,0,0,0,0,0,0,0,0,0,0,0,0,0,0,0,0,0.7592998,0.9494449,1,0.8905498,0,0,0,0,0,0,0,0,0,0,0,0,0,0,0,0,0,0,0,0,0,0,0,0,0,0,0,0,0,0.7244636,0.9137194,1,0.9427714,0,0,0,0,0,0,0,0,0,0,0,0,0,0,0,0,0,0,0,0,0,0,0,0,0,0,0,0,0,0,0.8046882,0.9773209,1,0.8440953,0,0,0,0,0,0,0,0,0,0,0,0,0,0
0,0,0,0,0,0,0,0,0,0,0,0,0,0,0,0.9325265,1,0.9062619,0,0,0,0,0,0,0,0,0,0,0,0,0,0,0,0,0,0,0,0,0,0,0,0,0,0,0,0,0,0,0.8722026,1,0.9631037,0,0,0,0,0,0,0,0,0,0,0,0,0,0,0,0,0,0,0,0,0,0,0,0,0,0,0,0,0,0.7864395,0.9698647,1,0.8689538,0.7960223,0,0,0,0,0,0,0,0,0,0,0,0,0,0,0,0,0,0,0,0,0,0,0,0,0,0,0,0,0,0.8093337,1,0.9998493,0.8704161,0.7800468,0,0,0,0,0,0,0,0,0,0,0,0,0,0,0,0,0,0,0,0,0,0,0,0,0,0,0,0,0.8619099,0.9976764,1,0.860434,0.7229694,0,0,0,0,0,0,0,0,0,0,0,0,0
0,0,0,0,0,0,0,0,0,0,0,0,0,0,0,0.8934286,1,0.8827798,0.7180903,0,0,0,0,0,0,0,0,0,0,0,0,0,0,0,0,0,0,0,0,0,0,0,0,0,0,0,0,0,0,1,0.9600839,0,0,0,0,0,0,0,0,0,0,0,0,0,0,0,0,0,0,0,0,0,0,0,0,0,0,0,0,0,0.6713557,0.9406956,1,0.8416218,0,0,0,0,0,0,0,0,0,0,0,0,0,0,0,0,0,0,0,0,0,0,0,0,0,0,0,0,0,0.7913114,0.8575881,1,0.8871177,0.7226106,0.7166924,0.7814769,0.7479288,0,0,0,0,0,0,0,0,0,0,0,0,0,0,0,0,0,0,0,0,0,0,0,0,0,0,0.7609922,0.9401263,1,0.8296373,0,0,0.7113943,0.713574,0.6939099,0,0,0,0,0,0,0,0,0
0,0,0,0,0,0,0,0,0,0,0,0,0,0,0,0.9283029,1,0.8617256,0,0,0,0,0,0,0,0,0,0,0,0,0,0,0,0,0,0,0,0,0,0,0,0,0,0,0,0,0,0,0,1,0.9724285,0,0,0,0,0,0,0,0,0,0,0,0,0,0,0,0,0,0,0,0,0,0,0,0,0,0,0,0,0,0,0.9426484,1,0.8578703,0,0,0,0,0,0,0,0,0,0,0,0,0,0,0,0,0,0,0,0,0,0,0,0,0,0,0,0,0,0,0.8629416,1,0.9688697,0.7946201,0.7533841,0,0,0,0,0,0,0,0,0,0,0,0,0,0,0,0,0,0,0,0,0,0,0,0,0,0,0,0,0,0.9582074,1,0.7636949,0.7920748,0.7540035,0,0,0,0,0,0,0,0,0,0,0,0
0,0,0,0,0,0,0,0,0,0,0,0,0,0,0,0.9203276,1,0.86555,0.738541,0.7009224,0,0,0,0,0,0,0,0,0,0,0,0,0,0,0,0,0,0,0,0,0,0,0,0,0.7469231,0.8471558,0.8398687,0.810868,0.7927846,1,0.9858276,0.7398224,0,0,0,0,0,0,0,0,0,0,0,0,0,0,0,0,0,0,0,0,0,0,0,0,0,0.6781052,0.6961966,0,0.6640539,0.9238762,1,0.893616,0.7145965,0.67164,0,0,0,0,0,0,0,0,0,0,0,0,0,0,0,0,0,0,0,0,0,0,0,0,0.7305719,0.802165,0.7924312,0,0.8694577,1,0.9588332,0.7789233,0,0,0,0,0,0,0,0,0,0,0,0,0,0,0,0,0,0,0,0,0,0,0,0,0,0.6889102,0.7183355,0,0,0.6936,0.9412165,1,0.8586713,0,0,0,0,0,0,0,0,0,0,0,0,0,0
0,0,0,0,0,0,0,0,0,0,0,0,0,0.6688657,0.7414904,0.8688616,1,0.9143503,0.7527605,0.7025136,0,0,0,0,0,0,0,0,0,0,0,0,0,0,0,0,0,0,0,0,0,0,0,0,0.6473769,0.8064519,0.8110899,0.8040162,0.8261926,1,0.996412,0.7286745,0,0,0,0,0,0,0,0,0,0,0,0,0,0,0,0,0,0,0,0,0,0,0,0,0,0,0,0.6721849,0.6951046,0.9233207,1,0.8936782,0.5960471,0,0,0.5788494,0.5940876,0,0,0,0,0,0,0,0,0,0,0,0,0,0,0,0,0,0,0,0,0.6727653,0.6729402,0,0.7363586,0.7500216,0.7771438,1,0.9843072,0.721526,0.6796525,0.665548,0,0,0,0,0,0,0,0,0,0,0,0,0,0,0,0,0,0,0,0,0,0,0,0,0.5714658,0.6983451,0.7726464,0.7576832,0.9480718,1,0.8792871,0.6757588,0,0,0,0,0,0,0,0,0,0,0,0,0
