GestureName: w
Duration(ms): 1034
Handedness: right

SpeakerAngles: 5
55
-55
0
0
110

SpeakerElevations: 5
-10
-10
-10
0
30

InterpretedPoints: 22
0.813797681349374,4.62784063233502,-0.368240888334652
1.62759536269875,0.39241148756016,0.82635182233307
-1.59923377374765,2.66705382040245,0.305407289332279
0.813797681349374,-0.151280842810985,0.32635182233307
0.820888078587149,-0.0123414970006321,1
0,0,0
1.62759536269875,2.5373287774752,0.652703644666139
1.63468575993652,-0.163622339811617,1.32635182233307
2.42721224957257,0.574076824346729,0.847296355333861
0.806707284111599,4.40475298456079,-0.17364817766693
-2.4201218523348,3.27502794163355,0.17364817766693
0,0,0
0,0,0
2.42721224957257,4.80314241622564,-0.194592710667721
0,0,0
0,0,0
0,0,0
0,0,0
-0.820888078587149,-10.2015318478905,0.215537243668512
-0.0212711917133248,-13.8749492211889,0.0628335990023732
-0.00709039723777505,-5.36800493768926,0.368240888334652
0,-0.984807753012208,0.17364817766693

StrokePoints: 23
0,0,0
0.813797681349374,4.62784063233502,-0.368240888334652
2.44139304404812,5.02025211989518,0.458110933998418
0.842159270300474,7.68730594029762,0.763518223330696
1.65595695164985,7.53602509748664,1.08987004566377
2.476845030237,7.52368360048601,2.08987004566377
2.476845030237,7.52368360048601,2.08987004566377
4.10444039293574,10.0610123779612,2.74257369032991
5.73912615287227,9.89739003814959,4.06892551266298
8.16633840244484,10.4714668624963,4.91622186799684
8.97304568655644,14.8762198470571,4.74257369032991
6.55292383422164,18.1512477886907,4.91622186799684
6.55292383422164,18.1512477886907,4.91622186799684
6.55292383422164,18.1512477886907,4.91622186799684
8.98013608379421,22.9543902049163,4.72162915732911
8.98013608379421,22.9543902049163,4.72162915732911
8.98013608379421,22.9543902049163,4.72162915732911
8.98013608379421,22.9543902049163,4.72162915732911
8.98013608379421,22.9543902049163,4.72162915732911
8.15924800520706,12.7528583570258,4.93716640099763
8.13797681349374,-1.12209086416307,5
8.13088641625596,-6.49009580185233,5.36824088833465
8.13088641625596,-7.47490355486454,5.54188906600158

Velocities: 22
0,0,5
0,0,1
0,4,0
1,1,-1
0,1,-1
0,0,0
1,1,0
1,2,-2
0,-2,0
0,-1,2
-3,0,2
0,0,0
0,0,0
2,0,2
0,0,0
0,0,0
0,0,0
0,0,0
-2,-3,-2
-1,-4,-4
-1,-2,-2
0,0,-1

InverseVelocities: 22
0,0,0
0,0,0
0,0,0
0,0,0
0,0,0
0,0,0
0,0,0
0,-1,1
0,0,0
0,0,-2
0,0,-3
0,0,0
0,0,0
0,0,0
0,0,0
0,0,0
0,0,0
0,0,0
0,0,0
0,0,3
0,0,0
0,0,0

RawData: 22
0,0,0,0,0,0,0,0,0,0,0,0,0,0,0.6872603,0.9171746,1,0.9113448,0.7016579,0,0,0,0,0,0,0,0,0,0,0,0,0,0,0,0,0,0,0,0,0,0,0,0,0,0,0,0,0,0.823761,1,0.9248308,0.8542051,0.8238256,0,0,0,0,0,0,0,0,0,0,0,0,0,0,0,0,0,0,0,0,0,0,0,0,0,0,0,0,0.9032802,1,0.9457791,0.7965064,0.6796288,0,0.6436463,0.672384,0.6771277,0.6448291,0,0,0,0,0,0,0,0,0,0,0,0,0,0,0,0,0,0,0,0,0,0,0,0.8477481,1,0.9571657,0.8562488,0,0,0,0,0,0,0,0,0,0,0,0,0,0,0,0,0,0,0,0,0,0,0,0,0,0,0,0,0,0,0.9167916,1,0.9706666,0.8426936,0.7029253,0,0,0,0,0,0,0,0,0,0,0,0
0,0,0,0,0,0,0,0,0,0,0,0,0,0,0,0.9129159,1,0.882991,0.8037714,0,0,0,0,0,0,0,0,0,0,0,0,0,0,0,0,0,0,0,0,0,0,0,0,0,0,0,0,0,0.8997325,1,0.9604971,0.9267961,0.826162,0,0,0,0,0,0,0,0,0,0,0,0,0,0,0,0,0,0,0,0,0,0,0,0,0,0,0,0.7415895,0.9393001,1,0.8605536,0.7518771,0.7220606,0.6747392,0,0,0,0,0,0,0,0,0,0,0,0,0,0,0,0,0,0,0,0,0,0,0,0,0,0,0,0.8635609,1,0.9890464,0.8632571,0.7252434,0,0,0,0,0,0,0,0,0,0,0,0,0,0,0,0,0,0,0,0,0,0,0,0,0,0,0,0,0.8317913,0.8182323,1,0.9862432,0.9248172,0.857394,0.7756574,0,0,0,0,0,0,0,0,0,0,0
0,0,0,0,0,0,0,0,0,0,0,0,0,0,0.732602,0.9016113,1,0.8953462,0.8880618,0.7761825,0,0,0,0,0,0,0,0,0,0,0,0,0,0,0,0,0,0,0,0,0,0,0,0,0,0,0,0,0.9133333,0.9795198,1,0.9423692,0.9632598,0.8150392,0,0.7986845,0.7738112,0,0,0,0,0,0,0,0,0,0,0,0,0,0,0,0,0,0,0,0,0,0,0.6995569,0.8593622,0.9890624,1,0.7589828,0.8291184,0.7824309,0,0,0,0,0,0,0,0,0,0,0,0,0,0,0,0,0,0,0,0,0,0,0,0,0,0,0.7046222,0.8344979,0.7722596,1,0.9711553,0.8059385,0.7872894,0.6588309,0,0,0,0,0,0,0,0,0,0,0,0,0,0,0,0,0,0,0,0,0,0,0,0,0,0,0.9124005,1,0.995633,0,0.9352221,0.9192179,0.7750975,0.803201,0,0,0,0,0,0,0,0,0,0,0
0,0,0,0,0,0,0,0,0,0,0,0,0,0,0,0.9424359,1,0.92887,0.8464943,0.8142908,0.6962637,0,0,0,0,0,0,0,0,0,0,0,0,0,0,0,0,0,0,0,0,0,0,0,0,0,0.8748201,0.9875784,1,0.8442669,0.9177049,0.8964745,0.9402679,0.8474529,0,0,0,0,0,0,0,0,0,0,0,0,0,0,0,0,0,0,0,0,0,0,0,0,0.7438613,0.8482185,0.8737442,0.9667247,1,0.8866459,0.7962449,0.7256477,0,0,0,0,0,0,0,0,0,0,0,0,0,0,0,0,0,0,0,0,0,0,0,0,0,0,0.7946121,0.8733228,0.8537068,1,0.964672,0.8321683,0.788371,0,0,0,0,0,0,0,0,0,0,0,0,0,0,0,0,0,0,0,0,0,0,0,0,0,0,0.8181705,0.9434219,0.9759113,0.9890739,1,0.8822566,0,0.7345335,0,0,0,0,0,0,0,0,0,0,0,0
0,0,0,0,0,0,0,0,0,0,0,0,0,0,0,0.9281223,1,0.9150009,0.7682228,0.7309605,0,0,0,0,0,0,0,0,0,0,0,0,0,0,0,0,0,0,0,0,0,0,0,0,0,0,0.9058601,0.8935704,0.8918647,1,0.9921981,0.8392617,0.8190009,0.7855858,0,0,0,0,0,0,0,0,0,0,0,0,0,0,0,0,0,0,0,0,0,0,0,0,0.7420315,0.7545145,0.8072496,0.9601971,1,0.8294136,0,0,0,0,0,0,0,0,0,0,0,0,0,0,0,0,0,0,0,0,0,0,0,0,0,0,0,0,0.7481636,0.7889754,0.8999148,1,0.9569239,0.7193811,0.7478746,0.7359459,0,0,0,0,0,0,0,0,0,0,0,0,0,0,0,0,0,0,0,0,0,0,0,0,0,0.7672321,0.7916735,0.7950348,0.9636888,1,0.8386718,0.7669168,0.7801813,0.7306428,0,0,0,0,0,0,0,0,0,0,0
0,0,0,0,0,0,0,0,0,0,0,0,0,0,0,0.9412314,1,0.9035714,0,0,0,0,0,0,0,0,0,0,0,0,0,0,0,0,0,0,0,0,0,0,0,0,0,0,0,0,0,0.7951738,0.9364367,1,0.9595475,0,0,0,0,0,0,0,0,0,0,0,0,0,0,0,0,0,0,0,0,0,0,0,0,0,0,0,0,0,0.7681637,0.9460636,1,0.9183772,0.7981337,0,0,0,0,0,0,0,0,0,0,0,0,0,0,0,0,0,0,0,0,0,0,0,0,0,0,0,0,0,0.893331,1,0.9585329,0.8493237,0.8290845,0,0,0,0,0,0,0,0,0,0,0,0,0,0,0,0,0,0,0,0,0,0,0,0,0,0,0,0,0,0.9890401,1,0.8669182,0.7722279,0,0,0,0,0,0,0,0,0,0,0,0,0
0,0,0,0,0,0,0,0,0,0,0,0,0,0,0.7002731,0.9330528,1,0.9044107,0.7671818,0.7882687,0.724288,0,0,0,0,0,0,0,0,0,0,0,0,0,0,0,0,0,0,0,0,0,0,0,0,0,0,0.6839994,0.8479533,1,0.9622849,0.905347,0.8466436,0.6977961,0,0,0,0,0,0,0,0,0,0,0,0,0,0,0,0,0,0,0,0,0,0,0,0,0,0,0.7609688,0.9576059,1,0.9119839,0.7780119,0.7445456,0,0,0,0,0,0,0,0,0,0,0,0,0,0,0,0,0,0,0,0,0,0,0,0,0,0,0.6425533,0.6425081,0.8573165,1,0.9601813,0.7515691,0.7784563,0.7964802,0.6867458,0,0,0,0,0,0,0,0,0,0,0,0,0,0,0,0,0,0,0,0,0,0,0,0,0.6620055,0.7155403,0.6712489,0.9611077,1,0.8995733,0.7970375,0.7463346,0.7306427,0,0,0,0,0,0,0,0,0,0,0
0,0,0,0,0,0,0,0,0,0,0,0,0,0,0.6814212,0.9064884,1,0.8896403,0.8138996,0.8660675,0.791998,0,0,0,0,0,0,0,0,0,0,0,0,0,0,0,0,0,0,0,0,0,0,0,0,0.6353985,0.6924426,0.7602498,0.8946739,1,0.944693,0.8415596,0.876848,0.7865468,0.6182225,0,0,0,0,0,0,0,0,0,0,0,0,0,0,0,0,0,0,0,0,0,0,0.6173868,0.6280909,0.7338281,0.702772,0.9506068,1,0.8314141,0.8495376,0.844467,0.6722898,0,0,0,0,0,0,0,0,0,0,0,0,0,0,0,0,0,0,0,0,0,0,0,0,0,0.6609755,0.6147531,0.8865904,1,0.9368385,0.8019543,0.8572379,0.7701211,0,0,0,0,0,0,0,0,0,0,0,0,0,0,0,0,0,0,0,0,0,0,0,0,0.6532328,0.6821647,0,0.7819473,0.9631541,1,0.9114366,0.8895029,0.8279489,0.6670685,0.6183638,0,0,0,0,0,0,0,0,0,0
0,0,0,0,0,0,0,0,0,0,0,0,0,0,0,0.9533508,1,0.910203,0.8522469,0.7959753,0,0,0,0,0,0,0,0,0,0,0,0,0,0,0,0,0,0,0,0,0,0,0,0,0.6718616,0.771326,0.7179068,0.6896159,0.8508113,1,0.9922252,0.7238453,0.7127979,0,0,0,0,0,0,0,0,0,0,0,0,0,0,0,0,0,0,0,0,0,0,0,0,0,0,0.7226442,0.7570052,0.9540352,1,0.8965304,0.8209733,0.7417296,0,0,0,0,0,0,0,0,0,0,0,0,0,0,0,0,0,0,0,0,0,0,0,0,0,0.6865021,0.7842238,0.7729695,0.87214,1,0.9489369,0.8993597,0.8618141,0.703234,0.6472681,0,0,0,0,0,0,0,0,0,0,0,0,0,0,0,0,0,0,0,0,0,0,0,0,0.7450892,0.7838913,0.7591183,0.9608778,1,0.7434398,0.8488715,0.7464337,0,0,0,0,0,0,0,0,0,0,0,0
0,0,0,0,0,0,0,0,0,0,0,0,0,0,0.7242814,0.8814213,1,0.9338186,0.7264882,0.6169393,0,0,0,0,0,0,0,0,0,0,0,0,0,0,0,0,0,0,0,0,0,0,0,0,0,0.6787855,0.7128324,0.7541825,0.8796118,1,0.966633,0.7828785,0.6119846,0,0,0,0,0,0,0,0,0,0,0,0,0,0,0,0,0,0,0,0,0,0,0,0,0.6369753,0.6368768,0.5707546,0.7126509,0.9421325,1,0.8868899,0.5829929,0.5793238,0.6222829,0.5946995,0,0,0,0,0,0,0,0,0,0,0,0,0,0,0,0,0,0,0,0,0,0,0,0,0.7039445,0.7587279,0.765807,1,0.8901525,0.8831117,0.6713409,0,0.6054151,0.599416,0,0,0,0,0,0,0,0,0,0,0,0,0,0,0,0,0,0,0,0,0,0,0,0,0.7234188,0.8146366,0.945659,1,0.9345121,0.7832282,0,0,0,0,0,0,0,0,0,0,0,0,0
0,0,0,0,0,0,0,0,0,0,0.6646836,0.7039035,0.6963959,0,0.7371051,0.9216746,1,0.9481784,0.7871472,0,0,0,0,0,0,0,0,0,0,0,0,0,0,0,0,0,0,0,0,0,0,0,0,0,0,0,0,0.7360859,0.8516831,1,0.958277,0.7284638,0,0,0,0,0,0,0,0,0,0,0,0,0,0,0,0,0,0,0,0,0,0,0,0,0.650015,0.6729419,0,0,0.7954749,0.9488053,1,0.8793668,0,0.6539608,0.7090626,0.6970904,0,0,0,0,0,0,0,0,0,0,0,0,0,0,0,0,0,0,0,0,0,0,0,0.6680734,0.671262,0.7208615,0.8988118,1,0.9633858,0.7829445,0,0.6470625,0.6772583,0.6811482,0,0,0,0,0,0,0,0,0,0,0,0,0,0,0,0,0,0,0,0,0,0,0,0.7640483,0.7612564,0.8465084,0.9865083,1,0.7951249,0,0,0,0,0,0,0,0,0,0,0,0,0,0
0,0,0,0,0,0,0,0,0,0,0,0,0,0,0,0.9131102,1,0.854533,0,0,0,0,0,0,0,0,0,0,0,0,0,0,0,0,0,0,0,0,0,0,0,0,0,0,0,0,0,0.8379741,0.9299722,0.9892853,1,0.7860367,0,0,0,0,0,0,0,0,0,0,0,0,0,0,0,0,0,0,0,0,0,0,0,0,0,0,0,0,0.8247167,0.9655553,1,0.8803978,0,0,0,0,0,0,0,0,0,0,0,0,0,0,0,0,0,0,0,0,0,0,0,0,0,0,0,0,0,0,0.8698495,1,0.9584703,0,0,0,0,0,0,0,0,0,0,0,0,0,0,0,0,0,0,0,0,0,0,0,0,0,0,0,0,0,0.7525372,0.885358,1,0.9979545,0.8367991,0,0,0,0,0,0,0,0,0,0,0,0,0,0
0,0,0,0,0,0,0,0,0,0,0,0,0,0,0,0.9461661,1,0.903465,0,0,0,0,0,0,0,0,0,0,0,0,0,0,0,0,0,0,0,0,0,0,0,0,0,0,0,0,0,0.8793235,0.9609155,1,0.9411805,0,0,0,0,0,0,0,0,0,0,0,0,0,0,0,0,0,0,0,0,0,0,0,0,0,0,0,0,0.8042867,0.8866096,0.9165354,1,0.8809196,0,0,0,0,0,0,0,0,0,0,0,0,0,0,0,0,0,0,0,0,0,0,0,0,0,0,0,0,0,0.794003,0.9280115,1,0.9509819,0.7692122,0,0,0,0,0,0,0,0,0,0,0,0,0,0,0,0,0,0,0,0,0,0,0,0,0,0,0,0,0.8806349,1,0.9551215,0.9573884,0.7976938,0,0,0,0,0,0,0,0,0,0,0,0,0,0
0,0,0,0,0,0,0,0,0,0,0,0,0,0,0,0.9320362,1,0.8797179,0,0,0.7407144,0.7294342,0,0,0,0,0,0,0,0,0,0,0,0,0,0,0,0,0,0,0,0,0,0,0,0,0.7071943,0.8868529,0.9288508,1,0.9655046,0.7173861,0.7082783,0,0,0,0,0,0,0,0,0,0,0,0,0,0,0,0,0,0,0,0,0,0,0,0,0,0,0.7420669,0.7642956,0.9551646,1,0.8760315,0.6550611,0,0.6899239,0.6729082,0,0,0,0,0,0,0,0,0,0,0,0,0,0,0,0,0,0,0,0,0,0,0,0,0.6839191,0.732111,0.9122573,1,0.9706313,0.7509772,0.6548553,0.6849321,0.6540704,0,0,0,0,0,0,0,0,0,0,0,0,0,0,0,0,0,0,0,0,0,0,0,0,0.726657,0.9152352,0.8601619,1,0.9816033,0,0.7451925,0.745455,0,0,0,0,0,0,0,0,0,0,0,0
0,0,0,0,0,0,0,0,0,0,0,0,0,0,0.7947444,0.9096949,1,0.9258929,0,0,0,0,0,0,0,0,0,0,0,0,0,0,0,0,0,0,0,0,0,0,0,0,0,0,0,0,0,0,0.8561155,1,0.9941451,0,0,0,0,0,0,0,0,0,0,0,0,0,0,0,0,0,0,0,0,0,0,0,0,0,0,0,0,0,0.7539602,0.956946,1,0.8456555,0.7984278,0,0,0,0,0,0,0,0,0,0,0,0,0,0,0,0,0,0,0,0,0,0,0,0,0,0,0,0,0.77705,0.9160825,1,0.9755639,0.8621028,0.7632003,0,0,0,0,0,0,0,0,0,0,0,0,0,0,0,0,0,0,0,0,0,0,0,0,0,0,0,0.8168771,0.9213371,0.9901302,1,0.9041405,0.8089469,0,0,0,0,0,0,0,0,0,0,0,0,0
0,0,0,0,0,0,0,0,0,0,0,0,0,0,0,0.9417298,1,0.9424424,0,0,0,0,0,0,0,0,0,0,0,0,0,0,0,0,0,0,0,0,0,0,0,0,0,0,0,0,0,0,0,1,0.9893954,0,0,0,0,0,0,0,0,0,0,0,0,0,0,0,0,0,0,0,0,0,0,0,0,0,0,0,0,0,0,0.9400123,1,0.9278131,0,0,0,0,0,0,0,0,0,0,0,0,0,0,0,0,0,0,0,0,0,0,0,0,0,0,0,0,0,0,0.9170672,1,0.9678831,0,0,0,0,0,0,0,0,0,0,0,0,0,0,0,0,0,0,0,0,0,0,0,0,0,0,0,0,0,0,0,0.9761693,1,0,0,0,0,0,0,0,0,0,0,0,0,0,0,0
0,0,0,0,0,0,0,0,0,0,0,0,0,0,0,0.9313346,1,0.856202,0.8398581,0,0,0,0,0,0,0,0,0,0,0,0,0,0,0,0,0,0,0,0,0,0,0,0,0,0,0,0,0.718209,0.8611395,1,0.98971,0.7513429,0,0,0,0,0,0,0,0,0,0,0,0,0,0,0,0,0,0,0,0,0,0,0,0,0,0,0,0,0.7467632,0.9473172,1,0.9106486,0.8399157,0,0,0,0,0,0,0,0,0,0,0,0,0,0,0,0,0,0,0,0,0,0,0,0,0,0,0,0,0.7298655,0.7557814,0.9625362,1,0.959904,0.8410314,0,0,0,0,0,0,0,0,0,0,0,0,0,0,0,0,0,0,0,0,0,0,0,0,0,0,0,0,0.8430015,0.97482,1,0.779813,0.8781396,0,0,0,0,0,0,0,0,0,0,0,0,0
0,0,0,0,0,0,0,0,0,0,0,0,0,0,0,0.9203081,1,0.9601508,0.8753616,0,0,0,0,0,0,0,0,0,0,0,0,0,0,0,0,0,0,0,0,0,0,0,0,0,0,0,0.867134,0.9001746,0.9319498,1,0.9848366,0,0,0,0,0,0,0,0,0,0,0,0,0,0,0,0,0,0,0,0,0,0,0,0,0,0,0,0,0.8064661,0.8160006,0.9515665,1,0.9506483,0.8549439,0,0,0,0,0,0,0,0,0,0,0,0,0,0,0,0,0,0,0,0,0,0,0,0,0,0,0,0,0,0,1,0.904793,0.97915,0,0,0,0,0,0,0,0,0,0,0,0,0,0,0,0,0,0,0,0,0,0,0,0,0,0,0,0,0,0,0.9532496,1,0.9346716,0,0,0,0,0,0,0,0,0,0,0,0,0,0
0,0,0,0,0,0,0,0,0,0,0,0.7708507,0.8231289,0.7855391,0,0.8630185,1,0.9071598,0.7444424,0,0,0,0,0,0,0,0,0,0,0,0,0,0,0,0,0,0,0,0,0,0,0,0,0.6864698,0.6962408,0.8292639,0.9243013,0.8472885,0.8275068,1,0.9847885,0.7269922,0,0,0,0,0,0,0,0,0,0,0,0,0,0,0,0,0,0,0,0,0,0,0,0,0,0.6713713,0.7413634,0.7197007,0.7900833,0.9319732,1,0.874936,0.728626,0.5864609,0,0,0,0,0,0,0,0,0,0,0,0,0,0,0,0,0,0,0,0,0.6647308,0.6176658,0,0,0,0.6885322,0.8057358,0.7037619,0.8089973,1,0.9875168,0.8797643,0.7478127,0,0,0,0,0,0,0,0,0,0,0,0,0,0,0,0,0,0,0,0,0,0,0,0,0.689696,0.7643427,0.8181899,0.6719452,0.7799357,0.919091,1,0.8734776,0.6726065,0,0,0,0,0,0,0,0,0,0,0,0,0
0,0,0,0,0,0,0,0,0,0,0,0,0.762111,0,0.7517025,0.7977181,1,0.954866,0,0,0,0,0,0,0,0,0,0,0,0,0,0,0,0,0,0,0,0,0,0,0,0,0.6862344,0.7094401,0.8183103,0.8293663,0,0.8936276,0.8802317,1,0.9998624,0.73301,0,0,0,0,0,0,0,0,0,0,0,0,0,0,0,0,0,0,0,0,0,0,0,0.6335861,0.6991177,0.6819401,0.7273761,0.8213424,0.829464,0.9289945,1,0.9184355,0.6382213,0,0.6829596,0.6795171,0.6399761,0,0,0,0,0,0,0,0,0,0,0,0,0,0,0,0.6760458,0.6540151,0,0.7017786,0,0,0.6547049,0.8175625,0.9242899,0.9204882,0,1,0.9816197,0.815292,0.6566246,0.6803637,0.7011704,0,0,0,0,0,0,0,0,0,0,0,0,0,0,0,0,0,0,0,0,0,0.7096658,0.7374486,0.7480061,0.7377102,0.8300715,0.8237318,0.9865283,1,0.7132906,0.7113925,0,0,0,0,0,0,0,0,0,0,0,0,0
0,0,0,0,0,0,0,0,0,0,0,0,0.7987867,0.8601465,0.8595672,0.9370354,1,0.9087884,0,0,0,0,0,0,0,0,0,0,0,0,0,0,0,0,0,0,0,0,0,0,0,0,0,0,0.7950179,0,0.8147551,0.8663133,0.903963,0.9962779,1,0.8226727,0,0,0,0,0,0,0,0,0,0,0,0,0,0,0,0,0,0,0,0,0,0,0,0,0,0.7491781,0.7878703,0.7323574,0.8363451,0.8397145,1,0.9020244,0.7460327,0,0,0,0,0,0,0,0,0,0,0,0,0,0,0,0,0,0,0,0,0,0,0,0,0,0.7188221,0,0.8177119,0.8636491,0.8885865,1,0.9616216,0.7361509,0,0,0,0,0,0,0,0,0,0,0,0,0,0,0,0,0,0,0,0,0,0,0,0,0,0,0.7641271,0.7581304,0,0.843506,0.9704669,1,0.9106628,0.740679,0,0,0,0,0,0,0,0,0,0,0,0,0
0,0,0,0,0,0,0,0,0,0,0,0,0,0.8064881,0.7533051,0.9403189,1,0.9094804,0,0,0,0,0,0,0,0,0,0,0,0,0,0,0,0,0,0,0,0,0,0,0,0,0,0,0,0,0.9014783,0.9368529,0,1,0.9760039,0,0,0,0,0,0,0,0,0,0,0,0,0,0,0,0,0,0,0,0,0,0,0,0,0,0,0,0.7261384,0.7733405,0.8042,0.9804084,1,0.8916816,0,0,0,0,0,0,0,0,0,0,0,0,0,0,0,0,0,0,0,0,0,0,0,0,0,0,0,0,0.7540292,0.9156805,0.9972392,1,0.969256,0.767544,0,0,0,0,0,0,0,0,0,0,0,0,0,0,0,0,0,0,0,0,0,0,0,0,0,0,0,0,0.7950934,0.9388691,0.9935775,1,0.8753193,0,0,0,0,0,0,0,0,0,0,0,0,0,0
