GestureName: zigzag
Duration(ms): 1410
Handedness: right

SpeakerAngles: 5
55
-55
0
0
110

SpeakerElevations: 5
-10
-10
-10
0
30

InterpretedPoints: 30
0,0,0
-12.9356781347367,13.2385563388924,-3.21553724366851
1.6417761571743,7.02908081398702,0.784462756331487
0.835068873062699,10.7084761313901,0.0898700456637662
0.0212711917133248,6.89014146817667,0.110814578664557
4.88987648533402,9.83507398019982,1.7635182233307
4.06898840674687,8.71769043427321,1.11081457866456
1.62759536269875,1.40760373454795,1
0.799616886873824,-3.80314241622564,0.194592710667721
-1.6417761571743,-8.14361360992648,-0.263518223330696
-2.4484834412859,-13.8078166803418,0.604722665003955
-2.4484834412859,-11.6932838844023,0.0837781320031643
-0.813797681349374,-2.67341737329839,-0.152703644666139
0,2.98480775301221,-0.17364817766693
4.06898840674687,11.9771405201277,0.416221867996835
7.30999833766881,13.3695520076879,1.2425736903299
5.68240297497007,12.9619482731399,0.242573690329905
7.29581754319326,6.732882681261,1.28446275633149
0.813797681349374,4.67341737329839,0.152703644666139
0.813797681349374,-1.29619813272602,0.5
-3.24100993092194,-3.66705382040245,-0.305407289332279
-1.6134145682232,-9.19868109790333,1.38918542133544
-0.806707284111599,-6.51928578050025,0.694592710667721
0,-1.98480775301221,0.17364817766693
0,0,0
-1.5850529792721,4.78482297512032,1.65270364466614
4.86151489638292,11.0046742641161,-0.410129954336234
4.86151489638292,12.8597569742011,-0.236481776669304
6.48911025908166,12.2521684617612,0.589870045663766
2.44139304404812,3.09621335483414,1.32635182233307

StrokePoints: 31
0,0,0
0,0,0
-12.9356781347367,13.2385563388924,-3.21553724366851
-11.2939019775624,20.2676371528794,-2.43107448733702
-10.4588331044997,30.9761132842695,-2.34120444167326
-10.4375619127864,37.8662547524462,-2.2303898630087
-5.54768542745234,47.701328732646,-0.466871639678005
-1.47869702070547,56.4190191669192,0.643942938986552
0.148898341993274,57.8266229014672,1.64394293898655
0.948515228867098,54.0234804852415,1.83853564965427
-0.6932609283072,45.8798668753151,1.57501742632358
-3.1417443695931,32.0720501949733,2.17974009132753
-5.59022781087899,20.378766310571,2.2635182233307
-6.40402549222837,17.7053489372726,2.11081457866456
-6.40402549222837,20.6901566902848,1.93716640099763
-2.3350370854815,32.6672972104125,2.35338826899446
4.97496125218732,46.0368492181004,3.59596195932437
10.6573642271574,58.9987974912403,3.83853564965427
17.9531817703506,65.7316801725013,5.12299840598576
18.7669794517,70.4050975457997,5.2757020506519
19.5807771330494,69.1088994130736,5.7757020506519
16.3397672021274,65.4418455926712,5.47029476131962
14.7263526339043,56.2431644947679,6.85948018265506
13.9196453497927,49.7238787142676,7.55407289332278
13.9196453497927,47.7390709612554,7.72772107098971
13.9196453497927,47.7390709612554,7.72772107098971
12.3345923705206,52.5238939363757,9.38042471565585
17.1961072669035,63.5285682004919,8.97029476131962
22.0576221632864,76.388325174693,8.73381298465031
28.5467324223681,88.6404936364542,9.32368303031408
30.9881254664162,91.7367069912883,10.6500348526471

Velocities: 30
0,0,0
-5,7,5
1,3,3
2,5,4
1,4,3
3,4,3
2,2,4
0,0,0
0,-2,-2
-2,-4,-4
-4,-5,-6
-3,-4,-5
0,0,-2
0,0,1
4,4,4
5,3,5
5,3,5
4,0,3
0,0,2
0,0,0
-3,-1,0
-3,-1,-4
-1,0,-3
0,0,-1
0,0,0
-3,3,2
5,2,4
4,1,5
4,1,6
0,0,1

InverseVelocities: 30
0,0,0
1,-2,0
0,0,0
0,0,0
0,0,0
0,0,0
0,0,0
0,0,0
0,0,0
0,0,0
0,0,0
0,2,1
0,0,0
0,0,0
0,0,0
0,0,0
0,0,0
0,0,0
0,0,0
0,0,0
0,0,0
0,0,0
0,0,0
0,0,0
0,0,0
0,-1,-2
0,0,0
0,0,0
0,0,0
0,0,0

RawData: 30
0,0,0,0,0,0,0,0,0,0,0,0,0,0,0,0.9289613,1,0.8877533,0,0,0,0,0,0,0,0,0,0,0,0,0,0,0,0,0,0,0,0,0,0,0,0,0,0,0,0,0,0.7216487,0.854871,0.9978051,1,0.8084205,0.7165947,0,0,0,0,0,0,0,0,0,0,0,0,0,0,0,0,0,0,0,0,0,0,0,0,0,0,0,0.6801352,0.9380897,1,0.8991743,0.6697706,0,0,0,0,0,0,0,0,0,0,0,0,0,0,0,0,0,0,0,0,0,0,0,0,0,0,0,0,0,0.791096,1,0.9843699,0.7322947,0,0,0,0,0,0,0,0,0,0,0,0,0,0,0,0,0,0,0,0,0,0,0,0,0,0,0,0,0,0.7642646,0.9679363,1,0.8985414,0,0,0,0,0,0,0,0,0,0,0,0,0,0
0,0,0,0,0,0,0,0,0.6560174,0.6930109,0.6959798,0.6849163,0,0,0.6624149,0.9005372,1,0.9755078,0.9304651,0.8468573,0.6834753,0,0,0,0,0,0,0,0,0,0,0,0,0,0,0,0,0,0,0,0,0,0,0,0.6472481,0.6410353,0.6365648,0,0.8160806,0.9833652,1,0.9567366,0.940617,0.8718454,0.7594998,0.6234835,0.6769482,0.6923785,0.6855077,0.6394897,0,0,0,0,0,0,0,0,0,0,0,0,0,0,0,0,0,0,0,0.6345917,0.7252429,0.9324874,1,0.907966,0.6999898,0.7602109,0.7242867,0.5888452,0.6841457,0.6598961,0.6213962,0,0,0,0,0,0,0,0,0,0,0,0,0,0,0,0,0,0.6134061,0.6029307,0.6407489,0,0,0,0.8473867,1,0.9698618,0.8542886,0.8247254,0.7337592,0.6845044,0.6564685,0.6406175,0.6353334,0.6347897,0,0,0,0,0,0,0,0,0,0,0,0,0,0,0,0,0.6841205,0.6574248,0.6486473,0,0,0,0.7145068,0.9701776,1,0.8899327,0.9282966,0.8761935,0.8148908,0.7116254,0,0,0,0,0,0,0,0,0,0
0,0,0,0,0,0,0,0,0,0,0,0,0,0,0,0.8881223,1,0.927043,0.9057577,0.9114215,0.8008346,0,0,0,0,0,0,0,0,0,0,0,0,0,0,0,0,0,0,0,0,0,0,0,0,0,0,0,0.8319529,1,0.9902423,0.8969384,0.8596444,0.9625568,0.9848866,0.9217853,0,0,0,0,0,0,0,0,0,0,0,0,0,0,0,0,0,0,0,0,0,0,0,0,0,0.9386276,1,0.8694012,0,0.8565326,0.8420242,0.8529996,0.7605902,0,0,0,0,0,0,0,0,0,0,0,0,0,0,0,0,0,0,0,0,0,0,0,0,0,0.8456606,1,0.9838354,0.7542958,0.8299166,0,0.869055,0.8221699,0,0,0,0,0,0,0,0,0,0,0,0,0,0,0,0,0,0,0,0,0,0,0,0,0,0.8141768,0.878948,1,0.8299766,0.8811576,0.86067,0.9569116,0.9485037,0.8677797,0,0,0,0,0,0,0,0,0
0,0,0,0,0,0,0,0,0,0,0,0,0,0,0,0.917716,1,0.900655,0.8944571,0.9548994,0.9258759,0.8412212,0,0,0,0,0,0,0,0,0,0,0,0,0,0,0,0,0,0,0,0,0,0,0,0,0,0,0,0.9988005,1,0.8262259,0.8921919,0.8741782,0.91355,0.9322494,0.8870999,0.8229321,0,0,0,0,0,0,0,0,0,0,0,0,0,0,0,0,0,0,0,0,0,0,0,0.9175367,1,0.9333812,0.8058292,0.9053097,0.878143,0.777566,0.7923378,0.7369609,0,0,0,0,0,0,0,0,0,0,0,0,0,0,0,0,0,0,0,0,0,0,0,0,0.8557398,1,0.9762128,0,0.8542258,0.9083265,0.7776758,0.7981416,0.7718543,0,0,0,0,0,0,0,0,0,0,0,0,0,0,0,0,0,0,0,0,0,0,0,0,0.8185127,0.939108,1,0.913972,0.8257163,0.9141988,0.8561212,0.8309157,0.8073261,0,0,0,0,0,0,0,0,0
0,0,0,0,0,0,0,0,0,0,0,0,0,0,0,0.8988518,1,0.9369254,0.9033192,0.8811651,0.8805429,0,0,0,0,0,0,0,0,0,0,0,0,0,0,0,0,0,0,0,0,0,0,0,0,0,0,0,0.8581112,1,0.9883713,0.8708313,0.9281416,0.9160575,0.9480482,0.9411331,0.8497267,0,0,0,0,0,0,0,0,0,0,0,0,0,0,0,0,0,0,0,0,0,0,0,0,0.9390687,1,0.9108304,0,0.866644,0.8751109,0.8569741,0.7601597,0,0,0,0,0,0,0,0,0,0,0,0,0,0,0,0,0,0,0,0,0,0,0,0,0,0.8625777,1,0.9753564,0.804388,0.8660925,0.891546,0.8109409,0,0,0,0,0,0,0,0,0,0,0,0,0,0,0,0,0,0,0,0,0,0,0,0,0,0,0.8528827,0.9701797,1,0.8470533,0.902468,0.954136,0.9328271,0.8314841,0,0,0,0,0,0,0,0,0,0
0,0,0,0,0,0,0,0,0,0,0,0,0,0,0,0.9241446,1,0.863592,0.8682668,0.9161532,0.8100998,0.7490687,0.7491062,0,0,0,0,0,0,0,0,0,0,0,0,0,0,0,0,0,0,0,0,0,0,0,0,0,0.8796824,1,0.9636363,0.7857206,0,0.9170477,0.9308097,0.8936256,0.8133529,0,0,0,0,0,0,0,0,0,0,0,0,0,0,0,0,0,0,0,0,0,0,0,0.7309108,0.9420788,1,0.8532797,0.8165876,0.8603237,0.8822775,0.8598722,0.8279249,0,0,0,0,0,0,0,0,0,0,0,0,0,0,0,0,0,0,0,0,0,0,0,0,0.7022946,0.8264174,1,0.9653618,0.7656687,0.8192533,0.8848956,0.8934895,0.8668776,0.8080572,0.7382485,0,0,0,0,0,0,0,0,0,0,0,0,0,0,0,0,0,0,0,0,0,0,0,0.7992076,0.9662793,1,0.8702151,0.7839227,0.866873,0.9627141,0.9832177,0.9035938,0.7852217,0.718329,0.7459514,0,0,0,0,0,0
0,0,0,0,0,0,0,0,0,0,0,0,0,0,0.680416,0.9375407,1,0.9341886,0.9402538,0.8658258,0.8026761,0.692304,0,0,0,0,0,0,0,0,0,0,0,0,0,0,0,0,0,0,0,0,0,0,0,0,0,0,0.7539183,1,0.9690219,0.9581397,0.9770554,0.9067011,0.7528331,0,0,0,0,0,0,0,0,0,0,0,0,0,0,0,0,0,0,0,0,0,0,0,0,0,0.7653682,0.9650447,1,0.9366965,0.9133976,0.9196685,0.8476106,0.8002368,0.7583783,0.676558,0,0,0,0,0,0,0,0,0,0,0,0,0,0,0,0,0,0,0,0,0,0,0,0,0.8796676,1,0.9492683,0.7934642,0.8659552,0.7123649,0,0.7542177,0.7288123,0,0,0,0,0,0,0,0,0,0,0,0,0,0,0,0,0,0,0,0,0,0,0,0,0.7155555,0.9769339,1,0.8050891,0.7115769,0.8260877,0.7742885,0.8558898,0.8383846,0.750985,0,0,0,0,0,0,0,0
0,0,0,0,0,0,0,0,0,0,0,0,0,0,0,0.9106544,1,0.9515479,0.8530827,0.7334971,0,0,0,0,0,0,0,0,0,0,0,0,0,0,0,0,0,0,0,0,0,0,0,0,0,0,0,0.7938998,0.9356603,1,0.9688917,0.8772951,0.7198699,0,0,0,0,0,0,0,0,0,0,0,0,0,0,0,0,0,0,0,0,0,0,0,0,0,0,0.7821066,0.8850459,0.9420251,1,0.9466109,0.8039688,0.7754266,0,0,0,0,0,0,0,0,0,0,0,0,0,0,0,0,0,0,0,0,0,0,0,0,0,0,0,0.7653814,0.8261283,1,0.9625281,0.8297373,0.8302506,0.7580525,0.66773,0,0,0,0,0,0,0,0,0,0,0,0,0,0,0,0,0,0,0,0,0,0,0,0,0,0.7460811,0.8571437,1,0.9999415,0.8516572,0.754988,0.7248804,0.688698,0,0,0,0,0,0,0,0,0,0,0
0,0,0,0,0,0,0,0,0,0,0,0,0,0.7446896,0.7982745,0.9575946,1,0.8389904,0.6977432,0,0,0,0,0,0,0,0,0,0,0,0,0,0,0,0,0,0,0,0,0,0,0,0,0,0.7489185,0.9128986,0.9865196,0.9667608,0.8764438,0.9824424,1,0.851778,0,0,0,0,0,0,0,0,0,0,0,0,0,0,0,0,0,0,0,0,0,0,0,0,0,0.7726858,0.8260759,0.8159215,0.9020532,0.9929785,1,0.8496869,0,0,0,0,0,0,0,0,0,0,0,0,0,0,0,0,0,0,0,0,0,0,0,0,0,0,0,0.6982312,0.7237883,0.7808423,0.8809584,1,0.9357484,0,0,0,0,0,0,0,0,0,0,0,0,0,0,0,0,0,0,0,0,0,0,0,0,0,0,0,0.7663398,0.8586597,0.8865539,0,0.9573992,1,0.8396087,0,0,0,0,0,0,0,0,0,0,0,0,0,0
0,0,0,0,0,0,0,0,0,0,0,0.701454,0.7914383,0.8067432,0.7486407,0.9234322,1,0.8930133,0,0,0,0,0,0,0,0,0,0,0,0,0,0,0,0,0,0,0,0,0,0,0,0,0.7016234,0.8275322,0.8576186,0.8696434,0.8307413,0,0.869268,1,0.942526,0.7678171,0,0,0,0,0,0,0,0,0,0,0,0,0,0,0,0,0,0,0,0,0,0,0,0.6905877,0.7920624,0.8839325,0.8687055,0.7285001,0.849991,0.9350224,1,0.7981759,0.6637733,0,0,0,0,0,0,0,0,0,0,0,0,0,0,0,0,0,0,0,0,0,0,0,0,0,0.7523118,0.7928979,0,0.8129697,0.8615552,1,0.9367474,0.6604116,0,0,0,0,0,0,0,0,0,0,0,0,0,0,0,0,0,0,0,0,0,0,0,0.6792976,0.759762,0.70999,0,0.7235532,0.7589544,0.8958226,0.9906912,1,0.8562936,0.7051063,0,0,0,0,0,0,0,0,0,0,0,0,0
0,0,0,0,0,0,0,0,0,0.7458268,0.7756837,0.7284192,0.7951707,0.8413901,0.8024413,0.9432376,1,0.891431,0,0,0,0,0,0,0,0,0,0,0,0,0,0,0,0,0,0,0,0,0,0,0,0.7696748,0.859704,0.8308612,0.7661492,0.7638844,0.7312793,0,0.8442999,1,0.9780769,0,0,0,0,0,0,0,0,0,0,0,0,0,0,0,0,0,0,0,0,0,0,0.705848,0.8030207,0.8288812,0.8063047,0.7270845,0,0.759535,0.7928284,0.9510405,1,0.8765766,0,0,0,0,0,0,0,0,0,0,0,0,0,0,0,0,0,0,0,0,0,0,0,0,0.8131026,0.8599713,0.7962249,0,0.8251182,0.83461,0.8569611,1,0.9562153,0.7942674,0,0,0,0,0,0,0,0,0,0,0,0,0,0,0,0,0,0,0,0,0,0,0,0.8150485,0.863548,0.7797005,0,0.7748851,0.7956615,0.7743326,0.9641799,1,0.7791024,0.7579911,0,0,0,0,0,0,0,0,0,0,0,0,0
0,0,0,0,0,0,0,0,0,0,0.7415203,0.7664194,0.7571508,0.7869172,0.6931752,0.9159678,1,0.8790841,0.7465928,0.7015058,0,0,0,0,0,0,0,0,0,0,0,0,0,0,0,0,0,0,0,0,0,0,0.7230666,0.7364854,0.7719484,0.7943208,0.7588264,0.7546945,0.8081821,1,0.986387,0.7686446,0.7509778,0.7399825,0.7041966,0,0,0,0,0,0,0,0,0,0,0,0,0,0,0,0,0,0,0,0.7090272,0,0.7103901,0.7345529,0.7898272,0.7718377,0.7799249,0.953108,1,0.8688456,0.7082264,0.7115396,0.675357,0,0,0,0,0,0,0,0,0,0,0,0,0,0,0,0,0,0,0,0,0,0.7485868,0.7902362,0.7125519,0.7339252,0.8052022,0.8115556,0.8835306,1,0.9509359,0,0,0,0,0,0,0,0,0,0,0,0,0,0,0,0,0,0,0,0,0,0,0,0,0.7761849,0.8306435,0.8208652,0.7296782,0.7828314,0.795436,0,0.9492626,1,0.8733146,0.7810768,0,0,0,0,0,0,0,0,0,0,0,0,0
0,0,0,0,0,0,0,0,0,0,0,0,0,0,0.7587171,0.939952,1,0.8914274,0,0,0,0,0,0,0,0,0,0,0,0,0,0,0,0,0,0,0,0,0,0,0,0,0,0,0,0,0,0,0,1,0.9942572,0.7625755,0,0,0,0,0,0,0,0,0,0,0,0,0,0,0,0,0,0,0,0,0,0,0,0,0,0.738312,0.7598346,0.7401656,0,0.9468588,1,0.8938791,0,0,0,0,0,0,0,0,0,0,0,0,0,0,0,0,0,0,0,0,0,0,0,0,0,0,0,0.7844527,0.7918327,0.7556772,0.8943948,1,0.9517947,0,0,0,0,0,0,0,0,0,0,0,0,0,0,0,0,0,0,0,0,0,0,0,0,0,0,0,0.8000067,0.8594458,0.8961809,0.8271121,0.9590682,1,0.8381254,0,0,0,0,0,0,0,0,0,0,0,0,0,0
0,0,0,0,0,0,0,0,0,0,0,0,0,0,0.6834072,0.9196293,1,0.9026304,0.7050486,0.7290252,0,0,0,0,0,0,0,0,0,0,0,0,0,0,0,0,0,0,0,0,0,0,0,0,0,0,0,0.7251486,0.8430194,1,0.9777271,0.806764,0.7097385,0,0,0,0,0,0,0,0,0,0,0,0,0,0,0,0,0,0,0,0,0,0,0,0,0,0,0,0.7326373,0.9415346,1,0.8843873,0.7876766,0.7607327,0.7325431,0,0,0,0,0,0,0,0,0,0,0,0,0,0,0,0,0,0,0,0,0,0,0,0,0,0,0.719873,0.8595728,1,0.9745914,0.7912419,0.7460638,0.7409751,0.7220917,0,0,0,0,0,0,0,0,0,0,0,0,0,0,0,0,0,0,0,0,0,0,0,0,0.7319544,0,0,0.987316,1,0.7531373,0.7414048,0,0,0,0,0,0,0,0,0,0,0,0,0
0,0,0,0,0,0,0,0,0,0,0,0,0,0,0,0.9148949,1,0.8739329,0,0.856462,0.776335,0.7760399,0.8313121,0.7835488,0,0,0,0,0,0,0,0,0,0,0,0,0,0,0,0,0,0,0,0,0,0,0,0.7875882,0,1,0.9793335,0.7881576,0.7132601,0.7505713,0.7605322,0.804202,0.7040279,0,0,0,0,0,0,0,0,0,0,0,0,0,0,0,0,0,0,0,0,0,0,0,0.6870729,0.9365674,1,0.8751137,0,0,0,0.7926219,0.7943574,0.7483166,0,0,0,0,0,0,0,0,0,0,0,0,0,0,0,0,0,0,0,0,0,0,0,0.7092461,0.8957505,1,0.9443127,0,0.6800931,0,0.786454,0.8060899,0.7642675,0.7088293,0,0,0,0,0,0,0,0,0,0,0,0,0,0,0,0,0,0,0,0,0,0.7156686,0.7105806,0.8121704,0.9820507,1,0.8395569,0.7112474,0.7597739,0.8449087,0.8367808,0.7843074,0.7001514,0,0,0,0,0,0,0,0
0,0,0,0,0,0,0,0,0,0,0,0,0,0,0,0.9294008,1,0.8923553,0.8214628,0.8948224,0.8711541,0.7533211,0.7992468,0.8484125,0.7853113,0,0,0,0,0,0,0,0,0,0,0,0,0,0,0,0,0,0,0,0,0,0,0.7721715,0.8597236,1,0.9567606,0.7301298,0.7111487,0.7499125,0.8734868,0.8272043,0,0,0,0,0,0,0,0,0,0,0,0,0,0,0,0,0,0,0,0,0,0,0,0,0.7290086,0.9606673,1,0.8855945,0.7565405,0.7591753,0.7785525,0.8544691,0.8087505,0.847937,0.8008288,0,0,0,0,0,0,0,0,0,0,0,0,0,0,0,0,0,0,0,0,0,0,0.7057526,0.857259,1,0.966773,0.8009838,0.8494704,0.8375726,0.7289815,0.7817461,0.8373516,0.8369572,0.7045794,0,0,0,0,0,0,0,0,0,0,0,0,0,0,0,0,0,0,0.6903672,0.7081193,0,0,0.821179,0.9915348,1,0.7447671,0,0.8451989,0.8702901,0.863921,0.8698805,0.8640299,0.8116047,0.7183697,0,0,0,0,0,0
0,0,0,0,0,0,0,0,0,0,0,0,0,0,0,0.926379,1,0.8791665,0.8439761,0.7871049,0.716555,0.8512733,0.8036732,0.7703264,0.7299299,0,0,0,0,0,0,0,0,0,0,0,0,0,0,0,0,0,0,0,0,0,0,0,0.849835,1,0.9687572,0.7956433,0.8476608,0.8595498,0.7878983,0.7680553,0,0,0,0,0,0,0,0,0,0,0,0,0,0,0,0,0,0,0,0,0,0,0,0,0,0.9716496,1,0.8205739,0.853878,0.9231058,0.8982022,0.7919638,0.8018572,0.7930543,0.7789274,0,0,0,0,0,0,0,0,0,0,0,0,0,0,0,0,0,0,0,0,0,0,0,0.8563045,1,0.924562,0.719153,0.8242476,0.7338374,0.7949157,0.8314642,0.8211904,0.7438613,0,0,0,0,0,0,0,0,0,0,0,0,0,0,0,0,0,0,0,0,0,0,0,0.7086208,0.948223,1,0.8895779,0.664084,0,0.7503645,0.7196262,0.7636343,0.6978339,0,0,0,0,0,0,0,0
0,0,0,0,0,0,0,0,0,0,0,0,0,0,0,0.9298851,1,0.8971616,0.8657535,0.8931005,0.8551933,0.8153455,0.779744,0.70396,0,0,0,0,0,0,0,0,0,0,0,0,0,0,0,0,0,0,0,0,0,0,0,0,0.8454365,1,0.9517388,0.8100355,0.7587335,0,0,0,0,0,0,0,0,0,0,0,0,0,0,0,0,0,0,0,0,0,0,0,0,0,0,0,0,0.9362222,1,0.9283249,0,0.891165,0.893247,0.8512319,0.7300552,0,0,0,0,0,0,0,0,0,0,0,0,0,0,0,0,0,0,0,0,0,0,0,0,0,0.8708311,1,0.9519548,0.85308,0.8423638,0.860994,0.8674609,0.7036675,0,0,0,0,0,0,0,0,0,0,0,0,0,0,0,0,0,0,0,0,0,0,0,0,0,0.7021403,0.9623239,1,0.8578312,0.7712417,0.7969595,0.7198681,0.7273628,0.7512898,0.6911945,0,0,0,0,0,0,0,0
0,0,0,0,0,0,0,0,0,0,0,0,0,0,0.6606398,0.8782284,1,0.9457213,0.8133639,0,0,0,0,0,0,0,0,0,0,0,0,0,0,0,0,0,0,0,0,0,0,0,0,0,0,0,0,0,0.8486654,1,0.9613507,0,0.710496,0,0,0,0,0,0,0,0,0,0,0,0,0,0,0,0,0,0,0,0,0,0,0,0,0,0,0,0,0.9192321,1,0.9159603,0.8795557,0.8701099,0.7879353,0.6663656,0,0,0,0,0,0,0,0,0,0,0,0,0,0,0,0,0,0,0,0,0,0,0,0,0,0.6522925,0.7937061,0.9964676,1,0.8509353,0.7257981,0.7922574,0.7439704,0.6606812,0,0,0,0,0,0,0,0,0,0,0,0,0,0,0,0,0,0,0,0,0,0,0,0,0,0.7273113,0.9703092,1,0.813641,0.8005806,0.7489253,0,0,0,0,0,0,0,0,0,0,0,0
0,0,0,0,0,0,0,0,0,0,0,0,0,0.6948764,0.7637107,0.9435599,1,0.9029566,0,0,0,0,0,0,0,0,0,0,0,0,0,0,0,0,0,0,0,0,0,0,0,0,0,0,0,0,0.7394446,0.8408896,0.8252138,0.9881454,1,0.8032665,0,0,0,0,0,0,0,0,0,0,0,0,0,0,0,0,0,0,0,0,0,0,0,0,0,0,0,0,0,0.9417083,1,0.9249576,0.7638884,0,0,0,0,0,0,0,0,0,0,0,0,0,0,0,0,0,0,0,0,0,0,0,0,0,0,0.7683672,0.8454353,0.8441157,0.8350148,1,0.9533167,0.7942569,0,0,0,0,0,0,0,0,0,0,0,0,0,0,0,0,0,0,0,0,0,0,0,0,0,0,0.7406837,0.7983356,0.8646989,0.823236,0.9487447,1,0.8819022,0,0.7266052,0,0,0,0,0,0,0,0,0,0,0,0
0,0,0,0,0,0,0,0,0,0,0.8205515,0.8741617,0.8626048,0.8669775,0.8678535,0.940491,1,0.9297935,0,0,0,0,0,0,0,0,0,0,0,0,0,0,0,0,0,0,0,0,0,0,0,0,0,0,0,0.8351406,0.8875302,0.8694024,0,1,0.9916642,0,0,0,0,0,0,0,0,0,0,0,0,0,0,0,0,0,0,0,0,0,0,0,0,0,0,0,0,0.7572178,0.8146526,0.8970734,1,0.9376253,0,0,0,0,0,0,0,0,0,0,0,0,0,0,0,0,0,0,0,0,0,0,0,0,0,0,0.786916,0.8045686,0.8386038,0.8317951,0.8953122,1,0.9699348,0.8356969,0,0,0,0,0,0,0,0,0,0,0,0,0,0,0,0,0,0,0,0,0,0,0,0,0,0.8986378,0.941095,0.9095272,0,0.867776,0.9617704,1,0.8395131,0,0,0,0,0,0,0,0,0,0,0,0,0,0
0,0,0,0,0,0,0,0,0,0,0.7776946,0.7891573,0.8379733,0.8543023,0.8538569,0.781011,1,0.9237338,0,0,0,0,0,0,0,0,0,0,0,0,0,0,0,0,0,0,0,0,0,0,0,0,0,0,0,0.8174782,0,0.7795889,0.8097017,0.9841412,1,0.8555685,0,0,0,0,0,0,0,0,0,0,0,0,0,0,0,0,0,0,0,0,0,0,0,0.7291397,0.7832032,0.7672905,0.7528518,0.7268385,0.7581629,0.9337717,1,0.9117841,0,0,0,0,0,0,0,0,0,0,0,0,0,0,0,0,0,0,0,0,0,0,0,0,0,0.7127935,0.7311759,0.7794889,0.7624241,0.7799747,0.8421558,0.9963473,1,0.8423136,0,0,0,0,0,0,0,0,0,0,0,0,0,0,0,0,0,0,0,0,0,0,0,0,0,0,0,0,0,0,0.9393169,1,0.9020112,0,0,0,0,0,0,0,0,0,0,0,0,0,0
0,0,0,0,0,0,0,0,0,0,0,0,0.8141406,0.7909657,0.8157816,0.9616328,1,0.8969268,0,0,0,0,0,0,0,0,0,0,0,0,0,0,0,0,0,0,0,0,0,0,0,0,0,0,0,0,0,0.8317572,0,1,0.9945952,0,0,0,0,0,0,0,0,0,0,0,0,0,0,0,0,0,0,0,0,0,0,0,0,0,0.7531924,0,0.7612639,0,0.7766598,0.9515,1,0.8929223,0.7449902,0,0,0,0,0,0,0,0,0,0,0,0,0,0,0,0,0,0,0,0,0,0,0,0,0.7592459,0.7655661,0.7990726,0.733173,0,0.8321187,1,0.9842145,0,0,0,0,0,0,0,0,0,0,0,0,0,0,0,0,0,0,0,0,0,0,0,0,0,0,0,0,0,0.716195,0.7655209,0.9249446,1,0.9139475,0.7251734,0,0,0,0,0,0,0,0,0,0,0,0,0
0,0,0,0,0,0,0,0,0,0,0,0,0,0.779783,0.7652034,0.8359159,1,0.9303324,0,0,0,0,0,0,0,0,0,0,0,0,0,0,0,0,0,0,0,0,0,0,0,0,0,0,0,0,0.7558497,0.8677248,0.937415,0.9719186,1,0.8429761,0,0,0,0,0,0,0,0,0,0,0,0,0,0,0,0,0,0,0,0,0,0,0,0,0,0,0.7211608,0.8082696,0.888018,0.904766,1,0.9041244,0,0,0,0,0,0,0,0,0,0,0,0,0,0,0,0,0,0,0,0,0,0,0,0,0,0,0,0.7113545,0.8033428,0.8527006,0.772149,1,0.9859055,0.7350729,0,0,0,0,0,0,0,0,0,0,0,0,0,0,0,0,0,0,0,0,0,0,0,0,0,0,0,0.7030229,0.7687913,0.8381947,0.9475099,1,0.879352,0,0,0,0,0,0,0,0,0,0,0,0,0,0
0,0,0,0,0,0,0,0,0,0,0,0,0,0,0,0.9323369,1,0.8992187,0.7510095,0.7578083,0,0,0,0,0,0,0,0,0,0,0,0,0,0,0,0,0,0,0,0,0,0,0,0,0,0,0,0.8270735,0.8982176,0.9698904,1,0.7968522,0,0,0,0,0,0,0,0,0,0,0,0,0,0,0,0,0,0,0,0,0,0,0,0,0,0,0,0,0.7739974,0.9378458,1,0.8962371,0.701471,0,0,0,0,0,0,0,0,0,0,0,0,0,0,0,0,0,0,0,0,0,0,0,0,0,0,0,0,0.7244511,0.8557613,1,0.9685184,0,0,0,0,0,0,0,0,0,0,0,0,0,0,0,0,0,0,0,0,0,0,0,0,0,0,0,0,0,0,0.823133,0.981008,1,0.8444266,0,0,0,0,0,0,0,0,0,0,0,0,0,0
0,0,0,0,0,0,0,0,0,0,0.6527861,0.6737003,0.6546016,0.6585035,0.6656714,0.9014189,1,0.9139755,0.7684153,0.8284332,0,0,0,0,0,0,0,0,0,0,0,0,0,0,0,0,0,0,0,0,0,0,0,0,0,0.7149384,0.7190609,0.70583,0.8239391,1,0.9774715,0.6759062,0.7406397,0.7442477,0.7571618,0.6534909,0,0,0,0,0,0,0,0,0,0,0,0,0,0,0,0,0,0,0,0,0,0.6681979,0.6423583,0.6672038,0.719574,0.9192126,1,0.9264112,0.8187954,0.8015501,0.7480556,0.6807786,0,0,0,0,0,0,0,0,0,0,0,0,0,0,0,0,0,0,0,0,0,0,0.6192833,0.6671084,0.6312665,0.6279473,0.8500983,1,0.9806746,0.8305612,0.7593066,0.7483779,0.6722479,0.6416659,0.6424356,0,0,0,0,0,0,0,0,0,0,0,0,0,0,0,0,0,0,0,0,0,0,0,0,0,0.9552289,1,0.851395,0.7751095,0.7300436,0.7417105,0.7526928,0.6756988,0,0,0,0,0,0,0,0,0
0,0,0,0,0,0,0,0,0,0,0,0,0,0.6775202,0.6887023,0.8725554,1,0.9133133,0,0.8108544,0.7838882,0,0.7428682,0.6967505,0.6507356,0,0,0,0,0,0,0,0,0,0,0,0,0,0,0,0,0,0,0,0,0,0.6837287,0.7265101,0.8251774,1,0.9864051,0.8369287,0.7460857,0.7039645,0.7164309,0,0,0,0,0,0,0,0,0,0,0,0,0,0,0,0,0,0,0,0,0,0,0,0,0,0.7540072,0.933883,1,0.8793324,0.6984428,0.740703,0.6730023,0.6886511,0.7132601,0.6360085,0,0,0,0,0,0,0,0,0,0,0,0,0,0,0,0,0,0,0,0,0,0,0,0.6622302,0.8466873,1,0.969071,0.7934316,0.7484441,0.7484425,0.7764907,0.7519164,0.710543,0,0,0,0,0,0,0,0,0,0,0,0,0,0,0,0,0,0,0,0,0,0,0,0.7516798,0.81207,0.9187617,1,0.8931183,0.8113312,0,0.7777679,0.7526327,0,0,0,0,0,0,0,0,0,0
0,0,0,0,0,0,0,0,0,0,0,0,0,0,0,0.9192017,1,0.9032735,0.8419657,0.7625498,0.7335451,0.7930849,0.8346184,0.7869738,0,0,0,0,0,0,0,0,0,0,0,0,0,0,0,0,0,0,0,0,0,0,0,0.7144001,0.8264356,1,0.9905545,0.8405527,0.7269018,0.6888201,0,0,0,0,0,0,0,0,0,0,0,0,0,0,0,0,0,0,0,0,0,0,0,0,0,0.6778332,0.726249,0.9411401,1,0.8876646,0.8156165,0.705932,0.7456107,0.7215352,0.736906,0.7761011,0.6597669,0,0,0,0,0,0,0,0,0,0,0,0,0,0,0,0,0,0,0,0,0,0,0,0.8804984,1,0.9513956,0.7755082,0.8108094,0.7540831,0.6648564,0.7193563,0.7458219,0.7595343,0.6463573,0,0,0,0,0,0,0,0,0,0,0,0,0,0,0,0,0,0,0,0,0,0,0.7922428,0.9934508,1,0.8493244,0.9287579,0.8937233,0.7355118,0.7600949,0,0,0,0,0,0,0,0,0,0
0,0,0,0,0,0,0,0,0,0,0,0,0,0,0.6211679,0.9271474,1,0.8561827,0.8321647,0.8373899,0.7828525,0.716123,0.6569518,0.5764084,0,0,0,0,0,0,0,0,0,0,0,0,0,0,0,0,0,0,0,0,0,0,0,0.7326554,0,1,0.9823624,0.7497771,0.6942911,0.6063473,0,0,0,0,0,0,0,0,0,0,0,0,0,0,0,0,0,0,0,0,0,0,0,0,0,0.603526,0.7397438,0.9562464,1,0.8366569,0.801235,0.6885836,0.7701609,0.7897136,0.7299556,0.5888296,0.5871098,0.5726326,0,0,0,0,0,0,0,0,0,0,0,0,0,0,0,0,0,0,0,0,0,0.5779153,0.8608387,1,0.9466509,0.6250698,0.7189448,0.7905391,0.7983816,0.7687098,0.6919235,0.5598383,0,0,0,0,0,0,0,0,0,0,0,0,0,0,0,0,0,0,0,0,0,0,0.6055397,0.5924685,0.9533785,1,0.8679289,0.6921558,0.7908323,0.8610362,0.8179657,0.7246638,0.6110285,0,0,0,0,0,0,0,0
0,0,0,0,0,0,0,0,0,0,0,0,0,0,0,0.9050153,1,0.9129648,0.6822676,0.6520075,0,0,0,0,0,0,0,0,0,0,0,0,0,0,0,0,0,0,0,0,0,0,0,0,0,0,0,0.6240824,0.8382571,1,0.9436636,0.6220963,0,0,0,0,0,0,0,0,0,0,0,0,0,0,0,0,0,0,0,0,0,0,0,0,0,0,0,0.6002684,0.7482621,1,0.994297,0.878287,0.8134128,0.7543538,0.656871,0,0,0,0,0,0,0,0,0,0,0,0,0,0,0,0,0,0,0,0,0,0,0,0,0,0,0.5774792,0.8632327,1,0.9538655,0.8477653,0.8013099,0.7403537,0.6384273,0.5474505,0,0,0,0,0,0,0,0,0,0,0,0,0,0,0,0,0,0,0,0,0,0,0,0,0,0.7238345,0.9626871,1,0.9021927,0.8270529,0.7458295,0.6917408,0.5988786,0,0,0,0,0,0,0,0,0,0
