GestureName: side_x
Duration(ms): 1081
Handedness: right

SpeakerAngles: 2
55
-55

InterpretedPoints: 23
0,0
1.6134145682232,1.12972504292725
0,3.38917512878174
1.6134145682232,6.77835025756348
2.4201218523348,9.6026628648816
4.03353642055799,10.7323879078088
1.6134145682232,12.4269754721997
5.64695098878119,9.6026628648816
5.64695098878119,3.95403765024536
4.03353642055799,-0.564862521463624
0,-7.90807530049073
0,-13.556700515127
0,-13.556700515127
-0.806707284111598,-12.9918379936633
0.806707284111599,-8.47293782195435
0.806707284111599,6.21348773609986
-1.6134145682232,11.2972504292725
0.806707284111598,12.9918379936633
0,13.556700515127
-0.806707284111598,12.9918379936633
-5.64695098878119,6.21348773609986
-3.22682913644639,4.51890017170899
-1.6134145682232,-1.12972504292725

StrokePoints: 24
177.666666666667,130.277777777778
177.666666666667,130.277777777778
176.053252098443,129.148052734851
176.053252098443,125.758877606069
174.43983753022,118.980527348505
172.019715677886,109.377864483624
167.986179257328,98.6454765758149
166.372764689104,86.2185011036152
160.725813700323,76.6158382387336
155.078862711542,72.6618005884882
151.045326290984,73.2266631099518
151.045326290984,81.1347384104426
151.045326290984,94.6914389255695
151.045326290984,108.248139440696
151.852033575096,121.23997743436
151.045326290984,129.712915256314
150.238619006872,123.499427520214
151.852033575096,112.202177090942
151.045326290984,99.2103390972785
151.045326290984,85.6536385821515
151.852033575096,72.6618005884882
157.498984563877,66.4483128523883
160.725813700323,61.9294126806793
162.339228268546,63.0591377236066

Velocities: 23
0,0
2,0
3,3
7,5
10,7
12,7
12,10
12,5
7,0
2,-3
-7,-7
-12,-12
-12,-12
-12,-11
-7,-8
6,5
9,11
12,11
12,12
11,12
2,9
2,6
-2,0

InverseVelocities: 23
0,0
0,0
0,0
0,0
0,0
0,0
0,0
0,0
0,0
-5,0
0,0
5,0
5,0
3,0
0,0
0,0
-1,-1
-5,0
-7,0
-10,-1
-5,-3
-4,-4
0,0

RawData: 23
0,0,0,0,0,0,0,0,0,0,0,0,0,0,0.7833877,0.8217898,0.9652302,1,0,0,0,0,0,0,0,0,0,0,0,0,0,0,0,0,0,0,0,0,0,0,0,0,0,0,0,0,0,0,0.9354029,1,0.8679439,0,0,0,0,0,0,0,0,0,0,0,0,0,0,0
0,0,0,0,0,0,0,0,0,0,0,0,0,0,0.6085022,0.7923332,1,0.993578,0.8218691,0.6254008,0.6378051,0.5782417,0,0,0,0,0,0,0,0,0,0,0,0,0,0,0,0,0,0,0,0,0,0,0,0,0,0,0.9454335,1,0.831978,0.8010186,0.7282135,0,0,0,0,0,0,0,0,0,0,0,0,0
0,0,0,0,0,0,0,0,0,0,0,0,0,0,0,0.8349442,1,0.9819553,0.8097221,0.6450629,0.6372341,0.5933625,0.5863941,0,0,0,0,0,0,0,0,0,0,0,0,0,0,0,0,0,0,0,0,0,0,0,0,0,0.9391569,1,0.8613014,0.8180343,0.8149071,0.7108591,0.6716986,0.5968626,0,0,0,0,0,0,0,0,0,0
0,0,0,0,0,0,0,0,0,0,0,0,0,0,0,0.8524966,1,0.9742133,0.7522431,0.6734492,0.7289588,0.7664748,0.7921748,0.7866131,0.7998778,0.7572194,0.6901165,0,0,0,0,0,0,0,0,0,0,0,0,0,0,0,0,0,0,0,0,0.5929107,0.939952,1,0.8914916,0.7220546,0.7392548,0.6113483,0.7296425,0.7257366,0.6621252,0.6101059,0,0,0,0,0,0,0,0
0,0,0,0,0,0,0,0,0,0,0,0,0,0,0.6067605,0.7885141,1,0.994437,0.8101535,0.701606,0.6075158,0.7584547,0.7668676,0.7656181,0.8148515,0.8668594,0.831003,0.7605478,0.6663687,0.6053031,0,0,0,0,0,0,0,0,0,0,0,0,0,0,0,0,0.6330108,0.7541538,0.9534937,1,0.8930779,0.6926362,0.7256991,0.7788844,0.8112865,0.787229,0.7967209,0.7576696,0.7089921,0.5994233,0,0,0,0,0,0
0,0,0,0,0,0,0,0,0,0,0,0,0,0,0,0.8665332,1,0.9808154,0.7248552,0,0,0.715239,0.6899517,0.7606854,0,0.8155797,0.7921736,0.7687327,0.7958112,0.83606,0.7552097,0.7103914,0,0,0,0,0,0,0,0,0,0,0,0,0,0,0,0,0.9398854,1,0.9081762,0,0.7200452,0.7617575,0.7614157,0,0.7939473,0.8005172,0.7854874,0.7267112,0,0,0,0,0,0
0,0,0,0,0,0,0,0,0,0,0,0,0,0,0,0.8323194,1,0.9883875,0.783886,0.6740877,0.6739329,0.7021639,0.715678,0.8023259,0.875172,0.8563268,0.7109133,0.7447976,0.8108948,0.8096446,0.7444931,0.727542,0.6574422,0,0,0,0,0,0,0,0,0,0,0,0,0,0,0.6257576,0.9414945,1,0.909683,0.7353894,0.6365321,0.6327724,0.7428018,0.7121439,0.7244735,0.6254822,0.7018445,0.6782944,0.6276299,0.6567338,0.6469814,0,0,0
0,0,0,0,0,0,0,0,0,0,0,0,0,0,0,0.8508526,1,0.9854032,0.7861978,0.7593856,0.8421807,0.8283386,0.8107348,0.8139725,0.7518557,0.7596265,0.7445332,0.6271663,0.673162,0,0.6210365,0.6312805,0.6326904,0,0,0,0,0,0,0,0,0,0,0,0,0,0,0.7156342,0.9515859,1,0.8760605,0.7748935,0.760116,0.6706077,0.7397285,0.7214274,0,0.6207473,0,0,0,0,0,0,0,0
0,0,0,0,0,0,0,0,0,0,0,0,0,0,0,0.853303,1,0.9848023,0.8445484,0.8828466,0.8816096,0.8297051,0.8024262,0.7963494,0,0.7702183,0.7560022,0,0,0,0,0,0,0,0,0,0,0,0,0,0,0,0,0,0,0,0,0,0.9503871,1,0.9434348,0.8888629,0.832267,0,0,0,0,0,0,0,0,0,0,0,0,0
0,0,0,0,0,0,0,0,0.6307683,0.6355341,0,0.6487384,0.6029476,0.7329506,0.7269509,0.8390964,1,0.9932175,0.8043398,0.6134014,0.6556421,0.6189991,0,0,0,0,0,0,0,0,0,0,0,0,0,0,0,0,0,0,0,0,0,0.636618,0.7036213,0.7565606,0.8041937,0.8221886,0.9398397,1,0.9106673,0.6470032,0.63412,0,0,0,0,0,0,0,0,0,0,0,0,0
0,0,0,0,0,0,0.8111963,0.8245062,0.8390424,0.8379084,0.7504393,0.7883727,0.8516263,0.8451696,0.772849,0.8198269,1,0.989167,0.7707669,0,0,0,0,0,0,0,0,0,0,0,0,0,0,0,0,0,0,0,0,0.6866823,0.734889,0.7740191,0.8211939,0.8149783,0.7285825,0.7324936,0.7160364,0.7683344,0.9494449,1,0.8837311,0.7240016,0,0,0,0,0,0,0,0,0,0,0,0,0,0
0.7231976,0.7252713,0.7536858,0.7543563,0.6625927,0.7873539,0.8229263,0.7983206,0.8123281,0.75006,0.8184385,0.8464731,0.7980845,0.7971193,0.8105572,0.7884988,1,0.9889405,0.781081,0.6773509,0.7217295,0.6921579,0.654412,0.6546238,0.6590596,0,0,0,0,0,0,0,0,0,0.646619,0.6772582,0,0.6709285,0.7538279,0.7379519,0.6788547,0.7599576,0.7624719,0.7037008,0.7241727,0,0.6774815,0.66083,0.9413893,1,0.8931338,0.6698897,0.6476436,0,0,0,0,0,0,0,0,0,0,0,0,0
0.7823256,0.824312,0.7803555,0.7284644,0.790867,0.644869,0.7540855,0.7171875,0.688343,0,0.7441093,0.789223,0.7874758,0.7781926,0.7020854,0.8419716,1,0.9919233,0.8297595,0.6756265,0.7005887,0.6479859,0.6151899,0,0.6457796,0,0,0,0,0,0,0,0,0,0.650241,0.7167428,0.735332,0.707213,0.7361219,0.7610424,0.669126,0.7268738,0.706865,0,0,0,0.6471409,0.7221634,0.9538236,1,0.8759935,0,0,0,0,0,0,0,0,0,0,0,0,0,0,0
0.6369594,0.6736158,0.674723,0.7215407,0.7759165,0.7602423,0.6418041,0.7129886,0.7331405,0.732539,0.7290609,0.6718007,0.6909885,0.686121,0.7237899,0.8170822,1,0.9794414,0.6756614,0,0,0,0.6211064,0,0,0,0,0,0,0,0,0,0,0,0,0.6100684,0.6519232,0.7085903,0.7561364,0.7420205,0.756204,0.7524911,0.7339976,0.7609086,0.6999996,0.6725237,0.6808041,0.6779143,0.9335836,1,0.90604,0.6318092,0,0,0,0,0,0,0,0,0,0,0,0,0,0
0,0,0,0,0,0,0.5847596,0.583507,0.6090101,0.7192943,0.7361261,0.697834,0.7128826,0.7102585,0.713972,0.8811002,1,0.9781939,0.7761407,0,0,0,0,0,0,0,0,0,0,0,0,0,0,0,0,0,0,0,0.6256528,0.6863384,0.7055412,0.6864125,0.720857,0.7521142,0.7489439,0.7272303,0.7034493,0.7605211,0.9446258,1,0.8988444,0.6078998,0,0,0,0,0,0,0,0,0,0,0,0,0,0
0,0,0,0,0,0,0,0,0,0,0,0,0,0,0.6347282,0.8026026,1,0.9847881,0.7115009,0.7417286,0.7161855,0.7165926,0.7342954,0.7003509,0.6814427,0.6526818,0,0,0,0,0,0,0,0,0,0,0,0,0,0,0,0,0,0,0,0,0,0.6798747,0.9446222,1,0.8752482,0.7318224,0.7120674,0.7079383,0.7796064,0.7942843,0.7581105,0.678208,0,0,0,0,0,0,0,0
0,0,0,0,0,0,0,0,0,0,0,0,0.5890695,0.5663707,0.7299104,0.8193752,1,0.9956321,0.7680342,0.6499459,0.6803381,0.6307265,0.6703041,0.7338316,0.7113826,0.7563561,0.813098,0.7736683,0.6896274,0,0,0,0,0,0,0,0,0,0,0,0,0,0,0,0,0.5767351,0.5607759,0,0.9401827,1,0.8783531,0.6456077,0.6777287,0.6617246,0.7878411,0.809236,0.7529461,0.7642332,0.8204929,0.8336573,0.8090299,0.7233897,0.6072906,0.5957741,0,0
0,0,0,0,0,0,0,0,0.6145089,0.6265997,0.6462665,0.6185833,0.6322616,0.6026369,0.6039783,0.8497061,1,0.9859269,0.7305298,0.7182552,0.6787465,0.727823,0.6460967,0.6438223,0.780889,0.7514965,0.7587416,0.7794445,0.7943624,0.8488721,0.8601428,0.7902434,0.6793239,0,0,0,0,0,0,0,0,0,0,0,0,0,0.6234194,0.7630224,0.9547055,1,0.895372,0.6633761,0.6178538,0,0.6881779,0,0.6697587,0.6408358,0.6534215,0.7295951,0.7828649,0.7949882,0.8516462,0.813463,0,0.7044288
0,0,0,0,0,0,0.6095024,0.6210136,0.6432284,0.7169898,0.7322462,0.7366873,0,0,0,0.8433842,1,0.985831,0.7546721,0,0.7069515,0.6358544,0.65995,0.6525071,0.6856493,0.7596717,0.6897129,0.8074905,0.8450198,0.8453971,0.8134061,0.7356595,0.5907423,0,0,0,0,0,0,0,0,0,0,0,0,0,0,0.7127782,0.9347588,1,0.8916318,0.6220006,0.7045308,0.7421158,0.7461919,0.7256312,0.6746997,0.6747366,0.7115791,0,0.6578085,0.6278654,0.8298081,0.8241529,0.8026516,0.7467529
0,0,0,0.6002031,0.6121169,0.6112155,0.6611478,0,0.6745435,0.7154552,0.6616991,0.6922062,0,0,0,0.8096193,1,0.9892788,0.7379085,0.7279587,0.7031448,0.7687608,0.7438627,0.6760076,0.7152851,0.6977676,0.6520567,0.7033889,0,0.6500338,0.620021,0,0,0,0,0,0,0,0,0,0,0,0,0,0,0.6202245,0.7257657,0.6240845,0.9347925,1,0.8856416,0.6335897,0.6865096,0.6960045,0,0.7194684,0.772514,0.8065962,0.7876456,0.6982895,0.7606609,0.8192192,0.7923011,0,0.7368855,0.7268539
0,0,0,0,0,0,0,0,0.6807985,0,0.7256068,0.7397351,0.7491315,0.790171,0.7831981,0.8699197,1,0.9847579,0.7509349,0,0.7463538,0.7094207,0,0,0,0,0,0,0,0,0,0,0,0,0,0,0,0,0,0,0,0,0,0.7058281,0.7323151,0,0.7784666,0.7396205,0.9533797,1,0.9091813,0.7115517,0.8067406,0.8252029,0.8337269,0.8383586,0.8077397,0.811628,0.8102764,0.759849,0.7333411,0.7302223,0,0,0,0
0,0,0,0,0,0,0,0,0,0.5752194,0.6262612,0.7461076,0.7900611,0.7967718,0.7411317,0.8501859,1,0.9850193,0.783153,0.564002,0.5741459,0.532539,0,0,0,0,0,0,0,0,0,0,0,0,0,0,0,0,0,0,0,0,0.5494935,0.5547876,0.6929113,0.6930859,0.6007856,0.7927042,0.9404525,1,0.9194363,0.8056694,0.7596025,0.7077532,0.7081264,0.6257519,0.5455261,0.564844,0.560684,0,0,0,0,0,0,0
0,0,0,0,0,0,0,0,0,0,0,0.6387601,0.7327494,0.7746809,0.7832418,0.8149827,1,0.9903038,0.7854672,0,0,0,0,0,0,0,0,0,0,0,0,0,0,0,0,0,0,0,0,0,0,0,0,0,0,0,0.7485442,0.8996748,0.9804814,1,0.8813516,0,0.6115497,0,0,0,0,0,0,0,0,0,0,0,0,0
