GestureName: triangle
Duration(ms): 1363
Handedness: right

SpeakerAngles: 2
55
-55

InterpretedPoints: 29
0.806707284111599,1.69458756439087
0.806707284111599,1.69458756439087
1.6134145682232,3.38917512878174
0,4.51890017170899
2.4201218523348,9.6026628648816
-1.6134145682232,12.4269754721997
0,13.556700515127
1.6134145682232,12.4269754721997
1.6134145682232,10.1675253863452
0.806707284111599,8.47293782195435
1.6134145682232,1.12972504292725
0.806707284111599,2.82431260731812
0.806707284111599,3.95403765024536
9.68048740933919,-2.25945008585449
9.68048740933919,-2.25945008585449
16.9408529663436,-1.69458756439087
10.4871946934508,-2.82431260731812
4.03353642055799,-1.69458756439087
0,-2.25945008585449
0.806707284111599,0.564862521463623
-2.4201218523348,1.69458756439087
0,3.38917512878174
-1.6134145682232,3.38917512878174
-6.45365827289279,0
-7.26036555700439,-0.564862521463624
0,-3.38917512878174
0,-2.25945008585449
0,-1.12972504292725
0,0

StrokePoints: 30
177.666666666667,130.277777777778
176.859959382555,128.583190213387
176.053252098443,126.888602648996
174.43983753022,123.499427520214
174.43983753022,118.980527348505
172.019715677885,109.377864483624
173.633130246109,96.950889011424
173.633130246109,83.394188496297
172.019715677885,70.9672130240973
170.406301109662,60.7996876377521
169.599593825551,52.3267498157978
167.986179257327,51.1970247728705
167.179471973216,48.3727121655524
166.372764689104,44.418674515307
156.692277279765,46.6781246011615
147.011789870426,48.937574687016
130.070936904082,50.6321622514069
119.583742210632,53.456474858725
115.550205790074,55.1510624231159
115.550205790074,57.4105125089704
114.743498505962,56.8456499875068
117.163620358297,55.1510624231159
117.163620358297,51.7618872943341
118.77703492652,48.3727121655524
125.230693199413,48.3727121655524
132.491058756417,48.937574687016
132.491058756417,52.3267498157978
132.491058756417,54.5861999016523
132.491058756417,55.7159249445795
132.491058756417,55.7159249445795

Velocities: 29
2,1
2,1
4,2
4,4
10,7
10,12
12,12
12,10
10,8
8,7
2,0
3,2
4,3
4,-8
4,-8
9,-12
4,-9
1,-4
-2,-2
1,0
0,3
3,3
2,4
-4,4
-5,4
-3,-3
-2,-2
-1,-1
0,0

InverseVelocities: 29
0,0
0,0
0,0
0,0
0,0
0,0
0,0
0,0
-1,0
0,0
0,0
-1,-2
-3,-4
-4,0
-6,0
-9,2
-6,0
-5,0
0,0
0,0
0,0
-1,0
-3,0
0,-3
0,-5
0,0
0,0
0,0
0,0

RawData: 29
0,0,0,0,0,0,0,0,0,0,0,0,0,0,0,0.8118623,1,0.9850409,0.8052626,0.7936127,0.5592934,0.5305745,0,0,0,0,0,0,0,0,0,0,0,0,0,0,0,0,0,0,0,0,0,0,0,0,0,0.568957,0.9309157,1,0.8947699,0.6809851,0.5721232,0.5288539,0,0,0,0,0,0,0,0,0,0,0,0
0,0,0,0,0,0,0,0,0,0,0,0,0,0,0,0.8334068,1,0.9894696,0.7426749,0.8390545,0.7427773,0.6074222,0,0,0,0,0,0,0,0,0,0,0,0,0,0,0,0,0,0,0,0,0,0,0,0,0,0.6007386,0.9450848,1,0.8686549,0.8373224,0.7841626,0.6820083,0,0,0,0,0,0,0,0,0,0,0,0
0,0,0,0,0,0,0,0,0,0,0,0,0,0.5239105,0.5323116,0.8210186,1,0.9835105,0.7494897,0.7208966,0.7735,0.7471088,0.6019557,0.5426651,0,0,0,0,0,0,0,0,0,0,0,0,0,0,0,0,0,0,0,0,0,0,0,0,0.9385496,1,0.8532953,0.7505455,0.837947,0.801484,0.6296005,0,0,0,0,0,0,0,0,0,0,0
0,0,0,0,0,0,0,0,0,0,0,0,0,0,0,0.8516193,1,0.9863743,0.7535393,0.7262524,0.7411507,0.7717412,0.7676327,0.7112215,0,0,0,0,0,0,0,0,0,0,0,0,0,0,0,0,0,0,0,0,0,0,0,0.6367638,0.9480382,1,0.8940691,0.6998541,0.8087137,0.7704602,0.6603307,0.7086251,0.6920499,0,0,0,0,0,0,0,0,0
0,0,0,0,0,0,0,0,0,0,0,0,0,0,0.5978631,0.8361327,1,0.9849558,0.7397965,0.6833929,0.7222078,0.7944098,0.7740297,0.7558891,0.7965768,0.6982533,0,0.5911983,0.6256377,0.5752764,0,0,0,0,0,0,0,0,0,0,0,0,0,0,0,0,0,0.64062,0.9450293,1,0.8842924,0,0.7686436,0.7963285,0.8073061,0.659458,0.6719071,0.6820672,0.579489,0.6699255,0,0,0,0,0,0
0,0,0,0,0,0,0,0,0,0,0,0,0,0,0.507268,0.7884723,1,0.9941846,0.7746161,0.6325555,0.6974885,0.7591408,0.8209409,0.8078587,0.8328992,0.8287805,0.7116086,0.626222,0.605548,0.5550354,0,0,0,0,0,0,0,0,0,0,0,0,0,0,0,0,0,0.5343665,0.9320666,1,0.8857911,0.6821126,0.6344586,0.7868723,0.8601536,0.8714228,0.7873113,0.7818106,0.6995628,0.6118012,0.5684183,0.5872011,0.5760305,0.5607092,0.6021014,0
0,0,0,0,0,0,0,0,0,0,0,0,0,0.6018587,0.5819902,0.8331746,1,0.9832493,0.7818763,0.7241624,0.7429585,0.6857529,0.821688,0.8717282,0.8133755,0.8419784,0.7517669,0.637216,0.64195,0.5852404,0,0.5813747,0.6269032,0,0,0,0,0,0,0,0,0,0,0,0,0,0,0.6286028,0.9396294,1,0.8954122,0.5972762,0.8283097,0.8320714,0.8568358,0.8107476,0.8396279,0.8553561,0.7520666,0,0,0.5722205,0,0.5932996,0.6270555,0
0,0,0,0,0,0,0,0,0,0,0,0,0,0,0.6900578,0.8267916,1,0.9913298,0.8530767,0.7810196,0.7734349,0.9086071,0.9298258,0.8342521,0.8210268,0.766363,0.6510255,0,0.6942044,0.7116798,0.6691933,0.6582085,0,0,0,0,0,0,0,0,0,0,0,0,0,0,0,0.649348,0.9486974,1,0.8995372,0.7948986,0.7825345,0.8863443,0.8891842,0.9065372,0.8408509,0.7220425,0.7534072,0.7633141,0.7439591,0.6928053,0.6474933,0,0,0
0,0,0,0,0,0,0,0,0,0,0,0,0.552017,0.5421681,0.5668941,0.8248677,1,0.9850855,0.8236941,0.853411,0.7684845,0.8570033,0.7291515,0.7693508,0.6862544,0.7212672,0.682082,0.635707,0.5706102,0.5766571,0,0,0,0,0,0,0,0,0,0,0,0,0,0,0,0,0.522321,0.6394265,0.938201,1,0.9144862,0.9260175,0.963563,0.8921013,0.838807,0.8072801,0.7007173,0.6881602,0.676547,0.5759649,0.6586881,0,0,0,0,0
0,0,0,0,0,0,0,0,0,0,0,0,0,0,0,0.8520819,1,0.9665732,0.8710421,0.9423876,0.907761,0.8091273,0.7420705,0.6791103,0,0,0,0.5912063,0,0,0,0,0,0,0,0,0,0,0,0,0,0,0,0,0,0,0,0,0.929758,0.9883324,0.9781991,1,0.9488377,0.8458897,0.7335568,0.684332,0.6240026,0,0.6201814,0.5915288,0,0,0,0,0,0
0,0,0,0,0,0,0,0,0,0,0,0,0,0,0,0.858133,0.9980291,1,0.9293338,0.9141667,0.7884988,0.6537591,0,0,0,0,0,0,0,0,0,0,0,0,0,0,0,0,0,0,0,0,0,0,0,0,0.6809436,0.6968687,0.9464132,1,0.9902588,0.9058804,0.7670999,0,0,0,0,0,0,0,0,0,0,0,0,0
0,0,0,0,0,0,0,0,0,0,0,0,0.5996488,0.5847396,0.7533193,0.8313324,1,0.9639656,0.8760372,0.76092,0.6525138,0.6213781,0.6339868,0,0,0,0,0,0,0,0,0,0,0,0,0,0,0,0,0,0,0,0,0,0.598483,0.6751721,0.7944696,0.8394806,0.9626392,1,0.9363551,0.8128796,0.7379739,0.6843271,0.6062214,0,0,0,0,0,0,0,0,0,0,0
0,0,0,0,0,0,0,0,0,0,0.6144725,0.6852198,0.6875475,0.7333338,0.7597091,0.8566834,1,0.9919722,0.9001551,0.8648631,0.754505,0.6239121,0.6191562,0.641311,0,0,0,0,0,0,0,0,0,0,0,0,0,0,0,0,0,0,0.6787915,0.7882158,0.8110342,0.779301,0.8619133,0.8778332,0.8953304,1,0.9518525,0.8815905,0.710649,0.7425336,0.704981,0.6292681,0,0,0,0,0,0,0,0,0,0
0,0,0,0,0,0,0,0,0,0.5820742,0.7212039,0.7514254,0.747699,0.7652722,0.7116539,0.8253523,1,0.9980733,0.8655159,0.6875397,0.6803553,0.6835406,0.6974092,0.5948176,0,0,0,0,0,0,0,0,0,0,0,0,0,0,0.6507143,0.7252625,0.7143852,0.7769001,0.852609,0.8554159,0.7089232,0.7786883,0.793981,0.7593611,0.9386364,1,0.8667971,0,0.6839526,0,0,0,0,0,0,0,0,0,0,0,0,0
0,0,0,0,0,0,0,0.6855186,0.762143,0.7807491,0.7656598,0.7769554,0.8175769,0.8422269,0.8346412,0.8318709,1,0.9940302,0.8213456,0.7572082,0.7445751,0.7033023,0,0.709288,0,0,0,0,0,0,0,0,0,0,0,0,0,0,0.7949757,0.7890062,0.7808786,0.7815073,0,0.7027526,0.7188171,0,0,0,0.9432964,1,0.9144354,0.7237769,0,0,0,0,0,0,0,0,0,0,0,0,0,0
0,0,0,0,0.5360909,0.5857484,0,0.6367604,0.6601978,0.6135147,0.6988151,0.551722,0.7370777,0.7606624,0.7542585,0.8574828,1,0.9780419,0.7442524,0.6921442,0.5913823,0.6851127,0.6214198,0.6288327,0.6547844,0.5627218,0,0.5884731,0.6016811,0,0,0,0,0.5926866,0.6301305,0.6768841,0.6410138,0.7858744,0.7795526,0.7725262,0.6595771,0.650691,0.6487783,0.6923384,0.757732,0.6910633,0,0.5813673,0.9392892,1,0.8754388,0.6650863,0,0.5586811,0.6145543,0,0,0,0,0,0,0,0,0,0,0
0,0,0,0,0,0,0,0.6344131,0.7061558,0,0.7472628,0.7450524,0.6881406,0.7095805,0.6937048,0.8706543,1,0.9813842,0.7817922,0,0.6014943,0.5726621,0,0.6481937,0,0,0,0,0,0,0,0,0,0,0,0,0,0.6203799,0.695927,0.7150182,0.7202216,0.74375,0.7897636,0.7867166,0.7966295,0.7776224,0.7089292,0.654273,0.9412149,1,0.8891472,0,0,0,0,0,0,0,0,0,0,0,0,0,0,0
0,0,0,0,0,0,0,0,0.6193163,0.6467999,0,0.7535461,0.8297632,0.8047615,0.7830808,0.8114085,1,0.9888117,0.7705626,0,0.6249844,0,0,0,0,0,0,0,0,0,0,0,0,0,0,0,0,0,0,0,0,0,0.6693646,0.7502981,0.7651318,0.7472388,0.6580964,0.5820046,0.9410647,1,0.8912085,0,0,0,0,0,0,0,0,0,0,0,0,0,0,0
0,0,0,0,0,0,0,0,0,0,0,0.5906626,0.665141,0.7282195,0.7531294,0.7828994,1,0.9901727,0.7762454,0,0,0,0,0,0,0,0,0,0,0,0,0,0,0,0,0,0,0,0,0,0,0,0,0,0.5760528,0.6326073,0.6935061,0.7223369,0.9321659,1,0.897724,0.5744136,0,0,0,0,0,0,0,0,0,0,0,0,0,0
0,0,0,0,0,0,0,0,0,0,0,0,0,0,0,0.8415799,1,0.9856372,0.7859815,0.6879112,0.643452,0,0,0,0,0,0,0,0,0,0,0,0,0,0,0,0,0,0,0,0,0,0,0,0,0,0,0,0.9375116,1,0.8555869,0.7838068,0.6565477,0,0,0,0,0,0,0,0,0,0,0,0,0
0,0,0,0,0,0,0,0,0,0,0,0,0,0.6725644,0.6975783,0.8370218,1,0.982604,0.7986165,0.7301622,0,0,0,0,0,0,0,0,0,0,0,0,0,0,0,0,0,0,0,0,0,0,0,0,0,0,0,0.6906188,0.9492317,1,0.8887508,0.7496299,0.7539906,0.7330953,0.6740671,0.6092178,0,0,0,0,0,0,0,0,0,0
0,0,0,0,0,0,0,0,0,0,0,0,0.7014422,0.7204563,0.6591215,0.8318961,1,0.9853649,0.7998023,0.6658637,0.6645021,0.6540471,0.6489641,0,0,0,0,0,0,0,0,0,0,0,0,0,0,0,0,0,0,0,0,0,0,0,0,0.6267249,0.9503395,1,0.8759133,0.7278429,0.7093201,0.7719026,0.714027,0.6202261,0,0,0,0,0,0,0,0,0,0
0,0,0,0,0,0,0,0,0,0,0.6087602,0.6275264,0.629631,0.7122529,0.7981845,0.7889602,1,0.9893695,0.7833914,0.7004609,0.7047796,0.6072176,0,0,0,0,0,0,0,0,0,0,0,0,0,0,0,0,0,0,0,0,0,0,0,0,0,0.6452628,0.9449608,1,0.8736463,0.7807644,0.8080313,0.7995603,0.7717161,0.7877592,0.6953288,0,0,0,0,0,0,0,0,0
0,0,0,0,0,0,0,0,0,0.6541038,0.676688,0.7303638,0.694424,0.7786171,0.8017721,0.813051,1,0.9869787,0.7551162,0.6834253,0,0,0,0,0,0,0,0,0,0,0,0,0,0,0,0,0,0,0,0,0,0,0,0.6854233,0.7308969,0.777212,0.7506609,0,0.9341415,1,0.9093495,0.75315,0.7499722,0.7833477,0.7610059,0.6613738,0.6728759,0,0,0,0,0,0,0,0,0
0,0,0,0,0,0,0,0,0.5851666,0.6253626,0.6267111,0.7507608,0.7326732,0.7475875,0.7457147,0.8094425,1,0.986315,0.7629954,0,0,0,0,0,0,0,0,0,0,0,0,0,0,0,0,0,0,0,0,0,0,0.5370887,0.5435708,0,0.6699782,0.6669056,0.6347089,0.5871193,0.9367892,1,0.8806893,0.5726216,0.6085563,0.6488028,0.6480638,0.5995921,0.5669799,0,0,0,0,0,0,0,0,0
0,0,0,0,0,0,0,0,0,0,0.6132478,0.7509432,0.6877192,0.7230033,0.7197289,0.8146634,1,0.9871402,0.7790085,0,0,0,0,0,0,0,0,0,0,0,0,0,0,0,0,0,0,0,0,0,0,0,0,0.6487688,0.6227487,0.7302343,0.761279,0.7816783,0.9583462,1,0.8717574,0.7056593,0.604252,0,0,0,0,0,0,0,0,0,0,0,0,0
0,0,0,0,0,0,0,0,0,0,0,0.6411152,0.7518483,0.8030551,0.806688,0.8619548,1,0.9828556,0.777669,0,0,0,0,0,0,0,0,0,0,0,0,0,0,0,0,0,0,0,0,0,0,0,0,0,0.6636925,0.6995257,0.7600232,0.8157482,0.9538907,1,0.8994773,0,0,0,0,0,0,0,0,0,0,0,0,0,0,0
0,0,0,0,0,0,0,0,0,0,0,0,0.5831736,0.5945109,0.7030268,0.7903646,1,0.9966434,0.7916186,0,0,0,0,0,0,0,0,0,0,0,0,0,0,0,0,0,0,0,0,0,0,0,0,0,0,0.6709004,0.7211522,0.7442945,0.9262297,1,0.8831082,0,0,0,0,0,0,0,0,0,0,0,0,0,0,0
0,0,0,0,0,0,0,0,0,0,0,0,0,0,0,0.8704193,1,0.9802628,0.7841594,0,0,0,0,0,0,0,0,0,0,0,0,0,0,0,0,0,0,0,0,0,0,0,0,0,0,0,0,0,0.9497069,1,0.8994318,0,0,0,0,0,0,0,0,0,0,0,0,0,0,0
