GestureName: triangle
Duration(ms): 1410
Handedness: right

SpeakerAngles: 2
55
-55

InterpretedPoints: 30
0.806707284111598,12.9918379936633
2.4201218523348,11.8621129507361
1.6134145682232,4.51890017170899
3.2268291364464,3.38917512878174
2.4201218523348,2.82431260731812
0.806707284111599,-1.69458756439087
0.806707284111599,-1.69458756439087
2.4201218523348,-5.08376269317261
0,-6.77835025756348
-3.2268291364464,-9.03780034341798
-1.6134145682232,-7.90807530049073
0,-6.77835025756348
-1.6134145682232,-4.51890017170899
0,-3.38917512878174
0.806707284111599,-0.564862521463623
0,0
0,0
0.806707284111599,1.69458756439087
0,2.25945008585449
0.806707284111599,1.69458756439087
-1.6134145682232,4.51890017170899
-1.6134145682232,4.51890017170899
-0.806707284111599,3.95403765024536
0.806707284111599,3.95403765024536
0,3.38917512878174
0,3.38917512878174
3.2268291364464,1.12972504292725
-0.806707284111599,-0.564862521463623
0,0
0,0

StrokePoints: 31
177.666666666667,130.277777777778
176.859959382555,117.285939784114
174.43983753022,105.423826833378
172.826422961997,100.904926661669
169.599593825551,97.5157515328876
167.179471973216,94.6914389255695
166.372764689104,96.3860264899604
165.566057404993,98.0806140543513
163.145935552658,103.164376747524
163.145935552658,109.942727005087
166.372764689104,118.980527348505
167.986179257327,126.888602648996
167.986179257327,133.66695290656
169.599593825551,138.185853078269
169.599593825551,141.57502820705
168.792886541439,142.139890728514
168.792886541439,142.139890728514
168.792886541439,142.139890728514
167.986179257327,140.445303164123
167.986179257327,138.185853078269
167.179471973216,136.491265513878
168.792886541439,131.972365342169
170.406301109662,127.45346517046
171.213008393774,123.499427520214
170.406301109662,119.545389869969
170.406301109662,116.156214741187
170.406301109662,112.767039612405
167.179471973216,111.637314569478
167.986179257327,112.202177090942
167.986179257327,112.202177090942
167.986179257327,112.202177090942

Velocities: 30
12,11
12,9
5,3
5,1
4,1
-1,-2
-1,-2
-3,-6
-6,-6
-10,-6
-8,-6
-6,-6
-5,-3
-3,-3
0,-1
0,0
0,0
2,1
2,2
2,1
3,5
3,5
3,4
4,3
3,3
3,3
3,-1
-1,0
0,0
0,0

InverseVelocities: 30
0,0
0,0
0,0
-4,0
-2,-1
0,0
0,0
0,0
1,0
0,0
2,0
0,0
0,0
0,0
0,0
0,0
0,0
0,0
0,0
0,0
0,0
-1,0
-2,0
-4,-1
-4,-2
-7,-2
-3,0
0,0
0,0
0,0

RawData: 30
0,0,0,0,0,0,0,0,0,0,0,0,0,0,0,0.8441943,1,0.9854366,0.7972947,0.6829556,0.8670523,0.8864556,0.8508124,0.8733714,0.892242,0.8590426,0.7558655,0.6367383,0.6415571,0.618041,0.6323414,0.5832504,0.5446603,0,0,0,0,0,0,0,0,0,0,0,0,0,0,0.6008331,0.9409431,1,0.8882262,0.6653301,0.7232407,0.8344359,0.780766,0.8024979,0.7415786,0.6534129,0,0.6917986,0.6999246,0.6503362,0.5738453,0.5439551,0,0
0,0,0,0,0,0,0,0,0,0,0,0,0,0.541435,0.5382839,0.8174075,1,0.9850535,0.7059505,0.7144442,0.869176,0.895889,0.8366851,0.8051764,0.780988,0.7609178,0.7509302,0.6839815,0.6734692,0.5839338,0.5673016,0.625954,0,0,0,0,0,0,0,0,0,0,0,0,0,0,0,0.604093,0.9423666,1,0.8764938,0.8833888,0.9043101,0.8787612,0.8406071,0.663933,0.6711783,0.6307164,0.6168583,0,0,0.5755979,0,0,0,0
0,0,0,0,0,0,0,0,0,0,0,0,0,0,0,0.8229925,0.9975207,1,0.7478551,0.8870306,0.8438067,0.8567635,0.6846005,0.6488447,0.6411889,0,0,0,0,0,0,0,0,0,0,0,0,0,0,0,0,0,0,0,0,0,0,0,0.9377663,1,0.9051444,0.9063862,0.7165896,0.729171,0.7010222,0.6462542,0,0,0,0,0,0,0,0,0,0
0,0,0,0,0,0,0,0,0,0.5099061,0.5168247,0.5080325,0.5750755,0,0,0.828648,1,0.9435391,0.848187,0.8762707,0.8499237,0.7569487,0.6466988,0.5031115,0.5395724,0,0,0,0,0,0,0,0,0,0,0,0,0,0,0,0,0,0,0,0,0,0,0.6524056,0.9214345,1,0.9665622,0.838819,0.6995447,0.5685378,0,0,0,0,0,0,0,0,0,0,0,0
0,0,0,0,0,0,0,0,0,0,0,0.5257676,0,0,0,0.8028172,0.9798236,1,0.9142809,0.7806393,0.6124922,0,0,0.5255752,0,0,0,0,0,0,0,0,0,0,0,0,0,0,0,0,0,0,0,0,0,0.6211957,0.735858,0.8562826,0.9222811,1,0.8680598,0.8067524,0,0.5945365,0,0,0,0,0,0,0,0,0,0,0,0
0,0,0,0,0,0,0,0,0,0,0,0,0.618692,0.5840899,0.6039587,0.8020719,1,0.9793913,0.7564954,0.6724765,0,0,0,0,0,0,0,0,0,0,0,0,0,0,0,0,0,0,0,0,0,0,0,0,0.6279182,0.7398058,0.8714445,0.9106615,0.932188,1,0.8910556,0.5622529,0,0,0,0,0,0,0,0,0,0,0,0,0,0
0,0,0,0,0,0,0,0,0,0,0,0,0.7404037,0.7955147,0.7144178,0.9147875,1,0.960207,0.7722635,0,0,0,0,0,0,0,0,0,0,0,0,0,0,0,0,0,0,0,0,0,0,0,0,0,0.7229711,0.727796,0.8049949,0.7489182,0.9680234,1,0.8647044,0,0,0,0,0,0,0,0,0,0,0,0,0,0,0
0,0,0,0,0,0,0,0,0,0,0.7405803,0.7821446,0.8632473,0.8378363,0.8830874,0.9217723,0.9999462,1,0.8082826,0.700118,0,0,0,0,0,0,0,0,0,0,0,0,0,0,0,0,0,0,0,0,0.6903337,0.7085896,0.7223627,0.7864832,0.7139308,0,0.6933894,0,0.9355555,1,0.8766471,0,0,0,0,0,0,0,0,0,0,0,0,0,0,0
0,0,0,0,0,0,0,0.7177894,0.7209321,0.7336051,0.7791928,0.853372,0.8514502,0.7872771,0.8645006,0.7872041,1,0.9914018,0.7902583,0.7687611,0.7001921,0,0,0,0,0,0,0,0,0,0,0,0,0,0,0,0,0,0,0,0.7056183,0.8035488,0.7907794,0.7094332,0,0,0,0,0.9441711,1,0.8970096,0,0,0,0,0,0,0,0,0,0,0,0,0,0,0
0,0,0,0.6899767,0.6784652,0.688405,0.6638133,0,0.8132806,0.8870708,0.899533,0.8576652,0.8223048,0.8299229,0.8114656,0.8729511,1,0.9797589,0.7404972,0.6614716,0,0,0,0,0,0,0,0,0,0,0,0,0,0,0,0,0,0,0,0,0.7207311,0.7206133,0.7728783,0.8384542,0.8186092,0.7870374,0.7469503,0.6736093,0.9469177,1,0.9001721,0,0,0,0,0,0,0,0,0,0,0,0,0,0,0
0,0,0,0,0,0.6822879,0.6453225,0.7464689,0.7462365,0.7137119,0.6400154,0.7772054,0.7828464,0.8210655,0.8165731,0.8123521,1,0.9889789,0.8022976,0,0.6873169,0.6404763,0,0,0,0,0,0,0,0,0,0,0,0,0,0,0,0,0,0,0.7032569,0.7075878,0.7432539,0.7763783,0.680662,0,0.7317795,0.770582,0.9467736,1,0.8952312,0,0,0,0,0,0,0,0,0,0,0,0,0,0,0
0,0,0,0,0,0,0,0.6713277,0.6932629,0.7493932,0.8161559,0.7836137,0.7629036,0.7586075,0.7380462,0.8375248,1,0.9917949,0.8102782,0.6422178,0,0,0,0,0,0,0,0,0,0,0,0,0,0,0,0,0,0,0,0,0.7081743,0.7403784,0.7141854,0,0.7523455,0.7855685,0.7545987,0.7300622,0.9556586,1,0.897289,0,0,0,0,0,0,0,0,0,0,0,0,0,0,0
0,0,0,0,0,0,0,0,0.6674681,0.6806383,0,0.7846632,0.7837021,0.6744838,0,0.8395033,1,0.9869237,0.7781115,0,0,0,0,0,0,0,0,0,0,0,0,0,0,0,0,0,0,0,0,0,0,0,0,0.6889968,0.7126113,0.8188871,0.7734993,0.6624686,0.9445173,1,0.8916876,0,0,0,0,0,0,0,0,0,0,0,0,0,0,0
0,0,0,0,0,0,0,0,0,0,0.6201,0.6896339,0.7401949,0.7145508,0.6778902,0.8249525,1,0.9883411,0.7940376,0,0,0,0,0,0,0,0,0,0,0,0,0,0,0,0,0,0,0,0,0,0,0,0,0.6823985,0.7711956,0.8656406,0.9020163,0.8728652,0.9267771,1,0.8972325,0,0,0,0,0,0,0,0,0,0,0,0,0,0,0
0,0,0,0,0,0,0,0,0,0,0,0,0,0.6297998,0.6598732,0.8723623,1,0.9775307,0.7583902,0,0,0,0,0,0,0,0,0,0,0,0,0,0,0,0,0,0,0,0,0,0,0,0,0,0,0.6083087,0.7623513,0.7733067,0.9498662,1,0.8864257,0,0,0,0,0,0,0,0,0,0,0,0,0,0,0
0,0,0,0,0,0,0,0,0,0,0,0,0,0,0,0.8466667,1,0.9891526,0.7961865,0,0,0,0,0,0,0,0,0,0,0,0,0,0,0,0,0,0,0,0,0,0,0,0,0,0,0,0,0.7631404,0.9605361,1,0.9149338,0,0,0,0,0,0,0,0,0,0,0,0,0,0,0
0,0,0,0,0,0,0,0,0,0,0,0,0,0,0,0.8441902,1,0.9941325,0.836865,0.6272835,0,0,0,0,0,0,0,0,0,0,0,0,0,0,0,0,0,0,0,0,0,0,0,0,0,0,0,0,0.9370967,1,0.9357777,0.8359479,0.7188331,0,0,0,0,0,0,0,0,0,0,0,0,0
0,0,0,0,0,0,0,0,0,0,0,0,0,0,0,0.8481116,1,0.9778638,0.7191669,0.789562,0.7035016,0.6026835,0,0,0,0,0,0,0,0,0,0,0,0,0,0,0,0,0,0,0,0,0,0,0,0,0,0.6275036,0.9503909,1,0.7736673,0.8114413,0.7936277,0.7438256,0,0,0,0,0,0,0,0,0,0,0,0
0,0,0,0,0,0,0,0,0,0,0,0,0,0,0,0.8415149,1,0.9868094,0.7532987,0.7993652,0.8101025,0.695066,0,0,0,0,0,0,0,0,0,0,0,0,0,0,0,0,0,0,0,0,0,0,0,0,0,0,0.9419146,1,0.9027083,0.7959793,0.8698702,0.7713906,0.658232,0,0,0,0,0,0,0,0,0,0,0
0,0,0,0,0,0,0,0,0,0,0,0,0,0,0,0.8420234,1,0.988983,0.8359123,0.6825544,0.7748569,0.7102409,0,0,0,0,0,0,0,0,0,0,0,0,0,0,0,0,0,0,0,0,0,0,0,0,0,0.6874428,0.9514213,1,0.9139431,0.8140028,0.7973787,0.8163943,0,0,0,0,0,0,0,0,0,0,0,0
0,0,0,0,0,0,0,0,0,0,0,0,0,0.6316614,0.6359279,0.8581348,1,0.9820055,0.7918646,0.5991986,0.7624749,0.754416,0.6518257,0,0,0,0,0,0,0,0,0,0,0,0,0,0,0,0,0,0,0,0,0,0,0,0,0,0.9377184,1,0.9119272,0.8047428,0.7595408,0.6896754,0.7429716,0.7800236,0.7092056,0.6368823,0,0,0,0,0,0,0,0
0,0,0,0,0,0,0,0,0,0,0,0,0.6607887,0.6964006,0.7263901,0.8429627,1,0.9911959,0.8123062,0.6541954,0.7478122,0.7222773,0.6014773,0,0,0,0,0,0,0,0,0,0,0,0,0,0,0,0,0,0,0,0,0,0,0,0,0.6762766,0.9461755,1,0.9072874,0.7316315,0.714968,0.7255518,0.7903756,0.75182,0.6259254,0.5941054,0,0,0,0,0,0,0,0
0,0,0,0,0,0,0,0,0,0,0,0.6493849,0.6919401,0.6210296,0.6739362,0.8330311,1,0.9889577,0.7846369,0.6625999,0.7311555,0.6543504,0.6382867,0,0,0,0,0,0,0,0,0,0,0,0,0,0,0,0,0,0,0,0,0,0,0,0,0.6279366,0.9476997,1,0.8945679,0.7001638,0.7605938,0.6608258,0.8185784,0.7926207,0.6216139,0,0,0,0,0,0,0,0,0
0,0,0,0,0,0,0,0,0,0.5548701,0.6371694,0.6440188,0,0.7087956,0.7772071,0.8809011,1,0.9793254,0.7591608,0.6433024,0.617411,0.6743864,0.5962834,0.5531793,0,0,0,0,0,0,0,0,0,0,0,0,0,0,0,0,0,0,0,0,0,0.5606093,0.5784388,0.5720121,0.9354758,1,0.8923348,0.6800275,0.686245,0.7629225,0.7826757,0.7280361,0,0,0,0,0,0,0,0,0,0
0,0,0,0,0,0,0,0,0,0.6079969,0.5940576,0.66687,0.7722119,0.7929205,0.759583,0.8610757,1,0.9863017,0.770682,0.6028625,0.5986906,0.5447302,0.5831217,0,0,0,0,0,0,0,0,0,0,0,0,0,0,0,0,0,0,0,0,0,0.5451329,0.6885464,0.632897,0.6659848,0.9330018,1,0.8895974,0.6703328,0.6790711,0.6372027,0,0.6351079,0,0,0,0,0,0,0,0,0,0
0,0,0,0,0,0,0.5200725,0.5269176,0,0.5823013,0,0.6364282,0.6896461,0.6764872,0.7245708,0.7906981,1,0.9954069,0.770681,0.5478272,0.5380947,0.5422617,0.5062555,0,0,0,0,0,0,0,0,0,0,0,0,0,0,0,0,0,0,0,0,0,0.6109924,0.6363623,0.5773303,0.7526463,0.9527526,1,0.8874644,0.5760259,0.5425168,0.5035115,0.5254931,0.5569661,0,0,0,0,0,0,0,0,0,0
0,0,0,0,0,0,0,0,0,0,0.550666,0.6090488,0.6505907,0.7436108,0.6022975,0.8697804,1,0.9815943,0.7640397,0,0.540418,0.518262,0.548523,0,0,0,0,0,0,0,0,0,0,0,0,0,0,0,0,0,0,0,0,0,0,0.5539292,0.6365809,0.6750566,0.9409649,1,0.8874956,0.5786853,0,0,0,0,0,0,0,0,0,0,0,0,0,0
0,0,0,0,0,0,0,0,0,0,0,0,0.6437244,0.7099386,0.7686052,0.8595293,1,0.9859573,0.7753717,0,0,0,0,0,0,0,0,0,0,0,0,0,0,0,0,0,0,0,0,0,0,0,0,0,0,0,0,0,0.9437563,1,0.8999276,0,0,0,0,0,0,0,0,0,0,0,0,0,0,0
0,0,0,0,0,0,0,0,0,0,0,0,0,0,0.6633511,0.8631155,1,0.981373,0.7675706,0,0,0,0,0,0,0,0,0,0,0,0,0,0,0,0,0,0,0,0,0,0,0,0,0,0,0,0,0.6898743,0.9505298,1,0.8916451,0,0,0,0,0,0,0,0,0,0,0,0,0,0,0
0,0,0,0,0,0,0,0,0,0,0,0,0,0,0,0.8559582,1,0.9807535,0.7691817,0,0,0,0,0,0,0,0,0,0,0,0,0,0,0,0,0,0,0,0,0,0,0,0,0,0,0,0,0,0.9412595,1,0.8995483,0,0,0,0,0,0,0,0,0,0,0,0,0,0,0
