GestureName: arrow
Duration(ms): 1175
Handedness: right

SpeakerAngles: 5
55
-55
0
0
110

SpeakerElevations: 5
-10
-10
-10
0
30

InterpretedPoints: 25
0.813797681349374,-0.296198132726024,0.5
2.4484834412859,2.38006999055953,1.82635182233307
3.27646191711082,14.6597721963092,1.58987004566377
8.94468409760534,21.9850511430222,1.87433280199525
9.75848177895471,31.4368187738841,-0.0567416853417715
17.0188473359591,13.39044575465,3.7635182233307
6.51747184803276,20.5862761025661,1.20068462432832
5.68240297497007,8.732882681261,1.28446275633149
0,0,0
-1.64886655441207,-2.18321240678517,-1.63175911166535
-9.75848177895471,-23.078028139078,-1.33244373599367
-6.53874303974609,-24.3466925278156,-1.65879555832674
-5.73203575563449,-22.926747296267,-1.65879555832674
-1.67722814336317,-13.1819087267966,-2.06892551266297
3.26228112263527,-0.916128142166496,2.32635182233307
0.849249667538249,13.971162576023,1.2635182233307
6.51747184803276,21.5710838555783,1.02703644666139
7.34545032385769,23.9115550492792,1.48514738065981
6.53165264250831,16.0090720841019,2.37433280199525
-0.785436092398274,-1.75886935525082,1.15270364466614
1.62759536269875,-3.57720401846426,1.17364817766693
0,0,0
-6.48201986184389,-19.2277619118904,0.604722665003955
-4.88278608809624,-14.6657501404139,-0.742573690329905
-0.827978475824924,-8.18036165679801,-0.458110933998418

StrokePoints: 26
0,0,0
0.813797681349374,-0.296198132726024,0.5
3.26228112263527,2.0838718578335,2.32635182233307
6.53874303974609,16.7436440541427,3.91622186799684
15.4834271373514,38.728695197165,5.79055466999209
25.2419089163061,70.1655139710491,5.73381298465032
42.2607562522652,83.555959725699,9.49733120798101
48.778228100298,104.142235828265,10.6980158323093
54.4606310752681,112.875118509526,11.9824785886408
54.4606310752681,112.875118509526,11.9824785886408
52.811764520856,110.691906102741,10.3507194769755
43.0532827419013,87.613877963663,9.0182757409818
36.5145397021552,63.2671854358475,7.35948018265506
30.7825039465207,40.3404381395805,5.70068462432832
29.1052758031575,27.1585294127839,3.63175911166535
32.3675569257928,26.2424012706174,5.95811093399842
33.2168065933311,40.2135638466404,7.22162915732911
39.7342784413638,61.7846477022188,8.24866560399051
47.0797287652215,85.696202751498,9.73381298465032
53.6113814077298,101.7052748356,12.1081457866456
52.8259453153316,99.946405480349,13.2608494313117
54.4535406780303,96.3692014618848,14.4344976089786
54.4535406780303,96.3692014618848,14.4344976089786
47.9715208161864,77.1414395499944,15.0392202739826
43.0887347280902,62.4756894095805,14.2966465836527
42.2607562522653,54.2953277527825,13.8385356496543

Velocities: 25
0,0,0
0,1,0
1,4,6
5,4,9
11,10,11
10,0,0
6,7,6
3,1,3
0,0,0
0,-3,-2
-8,-7,-9
-6,-10,-9
-6,-11,-8
0,-7,-7
0,1,0
0,5,5
6,7,7
7,10,9
5,8,5
-1,3,0
0,0,-1
0,0,0
-6,-2,-7
-4,-4,-5
0,-2,-4

InverseVelocities: 25
0,0,0
0,0,0
0,0,0
0,0,0
0,0,0
0,0,0
0,0,0
0,0,0
0,0,0
0,0,0
0,0,0
0,0,0
0,0,0
0,0,0
0,0,0
0,0,0
0,0,0
0,0,0
0,0,0
0,0,0
0,0,0
0,0,0
0,0,0
0,0,0
0,0,0

RawData: 25
0,0,0,0,0,0,0,0,0,0,0,0,0,0,0,0.9313588,1,0.9009895,0,0,0,0,0,0,0,0,0,0,0,0,0,0,0,0,0,0,0,0,0,0,0,0,0,0,0,0,0,0,0.8574221,1,0.9717225,0,0,0,0,0,0,0,0,0,0,0,0,0,0,0,0,0,0,0,0,0,0,0,0,0,0,0,0,0,0,0.9462525,1,0.871344,0.7542071,0,0,0,0,0,0,0,0,0,0,0,0,0,0,0,0,0,0,0,0,0,0,0,0,0,0,0,0,0,0.8739648,1,0.9612207,0.7435531,0,0,0,0,0,0,0,0,0,0,0,0,0,0,0,0,0,0,0,0,0,0,0,0,0,0,0,0,0,0,0.9583833,1,0,0.8902723,0.8092899,0,0,0,0,0,0,0,0,0,0,0,0
0,0,0,0,0,0,0,0,0,0,0,0,0,0,0,0.9158164,1,0.8892618,0.6983382,0.6890151,0,0,0,0,0,0,0,0,0,0,0,0,0,0,0,0,0,0,0,0,0,0,0,0,0,0,0,0,0.8345511,1,0.9718066,0.7018067,0.6777192,0.6644034,0,0,0,0,0,0,0,0,0,0,0,0,0,0,0,0,0,0,0,0,0,0,0,0,0,0,0,0.9429312,1,0.8450587,0.7425864,0.7061153,0,0,0,0,0,0,0,0,0,0,0,0,0,0,0,0,0,0,0,0,0,0,0,0,0,0,0,0,0.8668725,1,0.9556217,0.7402314,0.6713087,0.6876024,0.6803402,0.6345186,0,0,0,0,0,0,0,0,0,0,0,0,0,0,0,0,0,0,0,0,0,0,0,0,0,0,0.968652,1,0.825913,0.7018746,0.8351901,0.8752875,0.8292294,0.7477499,0,0,0,0,0,0,0,0,0
0,0,0,0,0,0,0,0,0,0,0,0,0,0,0,0.9094155,1,0.8878615,0.6596751,0.6676886,0.6835104,0,0,0,0,0,0,0,0,0,0,0,0,0,0,0,0,0,0,0,0,0,0,0,0,0,0,0,0.8386112,1,0.9717141,0.733551,0,0.641326,0.6940732,0.6943144,0.6678454,0,0,0,0,0,0,0,0,0,0,0,0,0,0,0,0,0,0,0,0,0,0,0,0.6593881,0.9470207,1,0.8572543,0.6349337,0.6246623,0.6512347,0,0.6683241,0.7114069,0.7132687,0.6371528,0,0,0,0,0,0,0,0,0,0,0,0,0,0,0,0,0,0,0,0,0,0,0.87006,1,0.9480656,0.721559,0.6364356,0,0,0,0.6936026,0.6631727,0,0.6495708,0.5981727,0,0,0,0,0,0,0,0,0,0,0,0,0,0,0,0,0,0,0,0,0.7669194,0.9890524,1,0.7694357,0,0.665772,0.6584996,0.8433194,0.8617157,0.7171957,0.7493262,0.746031,0,0,0,0,0,0
0,0,0,0,0,0,0,0,0,0,0,0,0,0,0,0.8953679,1,0.9087098,0,0,0,0,0,0.6844716,0.6871036,0,0,0,0,0,0,0,0,0,0,0,0,0,0,0,0,0,0,0,0,0,0,0,0.7768433,1,0.9964682,0.7741187,0,0,0,0,0.6394283,0,0,0,0,0,0,0,0,0,0,0,0,0,0,0,0,0,0,0,0,0,0,0,0,0.9287455,1,0.8823986,0,0,0,0,0,0,0.7114005,0.6607633,0.6302437,0.6444305,0.6559478,0,0,0,0,0,0,0,0,0,0,0,0,0,0,0,0,0,0,0,0.8630882,1,0.9607536,0.7144712,0.6318024,0,0.6093014,0.66939,0.6640682,0,0.7428885,0.6795962,0.7428652,0.789093,0.7380491,0.6410465,0,0,0,0,0,0,0,0,0,0,0,0,0,0,0,0,0,0.7497289,0.9764786,1,0.8082171,0.7237446,0,0,0,0.7438393,0.8011411,0.8347808,0.8684853,0.8341358,0.7344909,0.6947719,0,0,0
0,0,0,0,0,0,0,0,0,0,0,0,0,0,0,0.8952757,1,0.9144244,0,0,0,0,0,0,0,0,0,0,0,0.7444222,0.7090015,0,0,0,0,0,0,0,0,0,0,0,0,0,0,0,0,0,0.7640232,0.9982544,1,0.7900742,0,0,0,0,0,0,0,0.6827471,0.7422196,0.7477745,0.7025024,0,0,0,0,0,0,0,0,0,0,0,0,0,0,0,0,0,0,0.9281375,1,0.8878041,0,0,0,0,0,0,0,0.7631106,0.7676545,0,0.7950585,0.8292016,0.7769675,0,0,0,0,0,0,0,0,0,0,0,0,0,0,0,0,0,0.8308578,1,0.9791509,0.749221,0.6912332,0,0,0.7122465,0.7217563,0,0.692212,0.7718507,0.7962494,0.8901474,0.9088417,0.8696516,0.7828833,0,0,0,0,0,0,0,0,0,0,0,0,0,0,0,0,0.8469987,0.7833741,1,0.8762423,0,0.7839032,0.7663383,0,0,0.7841342,0.8257663,0.8603441,0.7980781,0,0.9181194,0.8953127,0,0
0,0,0,0,0,0,0,0,0,0,0,0,0,0,0,0.9164929,1,0.9244602,0,0,0,0,0,0,0,0,0,0.8716189,0.8631319,0.8490339,0,0,0,0,0,0,0,0,0,0,0,0,0,0,0,0,0,0,0.8218176,1,0.9979785,0.8383281,0,0,0,0,0,0,0,0,0,0,0,0,0,0,0,0,0,0,0,0,0,0,0,0,0,0,0,0,0,0.9451165,1,0.9029663,0,0,0,0,0,0,0,0,0,0,0,0,0,0,0,0,0,0,0,0,0,0,0,0,0,0,0,0,0,0,0.8517095,1,0.9838317,0,0,0,0,0,0,0,0.8192751,0.8867131,0.8584175,0.9247278,0.8773743,0.8155631,0,0,0,0,0,0,0,0,0,0,0,0,0,0,0,0,0,0,0.9609643,1,0.8976564,0,0,0,0,0,0.8717669,0,0,0,0.9084345,0.9296231,0.8608437,0,0
0,0,0,0,0,0,0,0,0,0,0,0,0,0,0,0.8923894,1,0.8990479,0,0,0,0,0,0.7373639,0.8146288,0.781337,0,0,0,0,0,0,0,0,0,0,0,0,0,0,0,0,0,0,0,0,0,0,0.8006129,1,0.9872621,0.7461836,0,0,0,0,0,0,0.6735893,0.6356381,0,0,0,0,0,0,0,0,0,0,0,0,0,0,0,0,0,0,0,0,0,0.9191654,1,0.888939,0,0.6408814,0.6754954,0.6603042,0.6475361,0.7213212,0.7670024,0.7107199,0,0,0,0,0,0,0,0,0,0,0,0,0,0,0,0,0,0,0,0,0,0,0.8291028,1,0.9781901,0.7577112,0.6482712,0.6980017,0,0.6878192,0.6556544,0.7833576,0.8504273,0.8266453,0.7294761,0.7787163,0.7381561,0,0,0,0,0,0,0,0,0,0,0,0,0,0,0,0,0,0,0,0.9502894,1,0.8267562,0,0,0,0.6957349,0.7494732,0.6864229,0.7333578,0.7418008,0.7570114,0.7632908,0,0,0,0
0,0,0,0,0,0,0,0,0,0,0,0,0,0,0,0.8872588,1,0.8947631,0,0,0.739246,0.7582349,0.742467,0,0,0,0,0,0,0,0,0,0,0,0,0,0,0,0,0,0,0,0,0,0,0,0,0,0.7835216,0.9990065,1,0.7760124,0.7306735,0.709918,0,0,0,0,0,0,0,0,0,0,0,0,0,0,0,0,0,0,0,0,0,0,0,0,0,0,0,0.9277084,1,0.8803337,0,0,0,0.7039136,0.6935408,0,0,0,0,0,0,0,0,0,0,0,0,0,0,0,0,0,0,0,0,0,0,0,0,0,0.8374138,1,0.9709172,0.6747141,0.675501,0.7432259,0.7235761,0,0.6603233,0.6828281,0,0,0,0,0,0,0,0,0,0,0,0,0,0,0,0,0,0,0,0,0,0,0,0.7078704,0.9487484,1,0.8483887,0.7453136,0.6758739,0.7825124,0.7377679,0,0.6856138,0,0,0,0,0,0,0,0
0,0,0,0,0,0,0,0,0,0,0,0,0,0,0.7380804,0.9065356,1,0.9210564,0,0,0,0,0,0,0,0,0,0,0,0,0,0,0,0,0,0,0,0,0,0,0,0,0,0,0,0,0,0,0.7841988,1,0.9978361,0.7581396,0,0,0,0,0,0,0,0,0,0,0,0,0,0,0,0,0,0,0,0,0,0,0,0,0,0,0,0,0,0.9268447,1,0.8971761,0.6711582,0,0,0,0,0,0,0,0,0,0,0,0,0,0,0,0,0,0,0,0,0,0,0,0,0,0,0,0,0,0.8227376,1,0.9746163,0.8499624,0,0,0,0,0,0,0,0,0,0,0,0,0,0,0,0,0,0,0,0,0,0,0,0,0,0,0,0.7107161,0.7393382,0.7461899,0.936603,1,0.8878108,0,0,0,0,0,0,0,0,0,0,0,0,0,0
0,0,0,0,0,0,0,0,0,0,0,0,0,0,0.7436927,0.9166913,1,0.9093885,0,0,0,0,0,0,0,0,0,0,0,0,0,0,0,0,0,0,0,0,0,0,0,0,0,0.7174793,0.7173558,0.7325386,0.7554611,0,0.8154767,1,0.9908304,0.7636809,0,0,0,0,0,0,0,0,0,0,0,0,0,0,0,0,0,0,0,0,0,0,0,0,0,0.7160529,0.703338,0.7093135,0,0.8955494,1,0.9189188,0,0,0,0,0,0,0,0,0,0,0,0,0,0,0,0,0,0,0,0,0,0,0,0,0,0,0,0,0.7896145,0.7652471,0.8604801,1,0.9761922,0.8362374,0,0,0,0,0,0,0,0,0,0,0,0,0,0,0,0,0,0,0,0,0,0,0.80757,0.8528474,0.8122087,0.7762684,0.7881609,0.7584139,0,0.7436596,0.9569803,1,0.8880576,0,0,0,0,0,0,0,0,0,0,0,0,0,0
0,0,0,0,0,0.667168,0.7218849,0.7577801,0.7193915,0.7069296,0.7853579,0.6983861,0,0,0.699294,0.8644248,1,0.9095123,0,0,0,0,0,0,0,0,0,0,0,0,0,0,0,0,0,0,0,0,0,0.6353719,0.6349631,0,0,0,0,0.6500053,0.6863364,0.6491631,0.8122644,1,0.9946966,0.7616463,0,0,0,0,0,0,0,0,0,0,0,0,0,0,0,0,0,0,0.6161493,0.7282398,0.7087212,0.6731819,0.6200199,0.6089278,0,0.6603761,0.6875303,0.6088359,0.7368823,0.9381121,1,0.8423201,0.628131,0,0,0,0,0,0,0,0,0,0,0,0,0,0,0,0,0,0,0.6309489,0.6660998,0.693004,0.6218457,0.6140489,0.6311412,0.7387198,0.747497,0.7050963,0.6617756,0.8014197,0.7472011,1,0.9893023,0.7963887,0,0,0.623893,0.5958844,0,0,0,0,0,0,0,0,0,0,0,0,0.7142653,0.7500956,0.7516651,0.7930269,0.7538714,0.7748467,0.7881772,0.7139126,0.8636703,0.6506562,0.6991884,0.6763876,0.6555089,0.7010375,0.9431949,1,0.8991829,0.7270057,0,0,0,0,0,0,0,0,0,0,0,0,0
0,0,0,0,0,0,0,0.8119304,0.8249314,0.8227358,0.7950593,0,0,0,0,0.9090527,1,0.9127987,0,0,0,0,0,0,0,0,0,0,0,0,0,0,0,0,0,0,0.7164151,0.7390409,0,0,0,0,0,0,0,0,0,0,0.808973,1,0.9943715,0.7540603,0,0,0,0,0,0,0,0,0,0,0,0,0,0,0,0,0,0,0.7640735,0.7723612,0,0,0.7245968,0,0.7394107,0.7168442,0,0,0,0.9219655,1,0.9211751,0.7176349,0,0,0,0,0,0,0,0,0,0,0,0,0,0,0,0,0,0.7634962,0.8267986,0.8350627,0.7677942,0.8307778,0.8081421,0,0,0.7240747,0.7360153,0.727761,0,0.8170559,1,0.9705966,0.7335331,0,0,0,0,0,0,0,0,0,0,0,0,0,0,0.8547931,0.8690164,0,0.8128877,0.8317894,0.8325939,0,0.8041183,0.8622192,0.8623674,0,0,0,0,0,0,0.9186106,1,0.9615647,0.8012399,0,0,0,0,0,0,0,0,0,0,0,0,0
0,0,0,0,0,0,0,0.8350972,0.8613551,0.8037164,0,0,0,0,0,0.9131154,1,0.8997223,0,0,0,0,0,0,0,0,0,0,0,0,0,0,0,0,0,0.7178501,0.7474989,0,0.7634127,0.7875505,0.7440417,0.7101897,0.7479154,0,0,0,0,0.7121162,0.8418271,1,0.9846979,0.7581525,0,0,0,0,0,0,0,0,0,0,0,0,0,0,0,0,0,0,0,0.7760568,0.7916817,0,0.7216885,0.7718954,0.7136132,0,0,0,0,0.9442009,1,0.8997346,0,0,0,0,0,0,0,0,0,0,0,0,0,0,0,0,0,0,0,0.7917715,0.7489457,0.8371651,0.8382161,0.7347775,0.8268719,0.8276114,0.7517343,0.7549124,0.7533305,0.7592693,0.8483236,1,0.950562,0,0.732901,0.7277521,0,0,0,0,0,0,0,0,0,0,0,0,0.8169863,0.9344971,0.9810917,0.9709455,0.958738,0,0,0.8699446,0.9204494,0,0,0,0,0,0,0,0.9780627,1,0.9360265,0,0,0,0,0,0,0,0,0,0,0,0,0,0
0,0,0,0,0,0,0,0,0,0,0,0,0,0,0,0.9287756,1,0.87571,0,0,0,0,0,0,0,0,0,0,0,0,0,0,0,0,0,0,0,0,0,0.7072451,0.7137851,0,0,0,0,0,0.7226421,0.757741,0.8498267,1,0.9784702,0.7287645,0,0,0,0,0,0,0,0,0,0,0,0,0,0,0,0,0,0,0,0,0.7435342,0.7496388,0,0,0.740189,0.7836121,0.7764784,0,0,0.9620909,1,0.8059938,0,0,0,0,0,0,0,0,0,0,0,0,0,0,0,0,0,0,0,0,0,0,0,0.7000671,0,0.7790939,0.8017946,0.8209467,0.816837,0.7792205,0.8628657,1,0.9632175,0.7483367,0,0,0,0,0,0,0,0,0,0,0,0,0,0,0,0,0,0,0.7301988,0.7718624,0.802931,0.8263898,0.8273528,0.7875695,0.7901869,0.8564365,0.8977112,0.9007387,0.8877599,0.8552971,0.9372743,1,0.8794007,0,0,0,0,0,0,0,0,0,0,0,0,0,0
0,0,0,0,0,0,0,0,0,0,0,0,0,0,0,0.9364887,1,0.8912192,0,0,0,0,0,0,0,0,0,0,0,0,0,0,0,0,0,0,0,0,0,0,0,0,0,0,0,0,0,0,0.8782851,1,0.9645062,0,0.7870257,0.7924728,0,0,0,0,0,0,0,0,0,0,0,0,0,0,0,0,0,0,0,0,0,0,0,0,0,0,0,0.951135,1,0.8809841,0,0,0,0,0,0,0,0,0,0,0,0,0,0,0,0,0,0,0,0,0,0,0,0,0,0,0,0,0,0,0.9089112,1,0.9404684,0.8126822,0.7748823,0,0,0,0,0,0,0,0,0,0,0,0,0,0,0,0,0,0,0,0,0,0,0,0,0,0,0,0.789952,0.8458567,1,0.992402,0.8318609,0.8747281,0.8904254,0.8954803,0.8942404,0.8587642,0.7919838,0,0,0,0,0,0,0,0
0,0,0,0,0,0,0,0,0,0,0,0,0,0,0,0.9128084,1,0.8559128,0,0,0,0,0,0,0,0,0,0,0,0,0,0,0,0,0,0,0,0,0,0,0,0,0,0,0,0,0,0,0.8109916,1,0.9681281,0,0,0,0,0.7595634,0.8017675,0.7707267,0,0,0,0,0,0,0,0,0,0,0,0,0,0,0,0,0,0,0,0,0,0,0,0.9354099,1,0.8699134,0,0,0,0,0,0.8522625,0.7915612,0,0,0,0,0,0,0,0,0,0,0,0,0,0,0,0,0,0,0,0,0,0,0,0.8419945,1,0.9330367,0,0,0,0,0,0,0,0,0.7879665,0.7817531,0,0,0,0,0,0,0,0,0,0,0,0,0,0,0,0,0,0,0,0,0.779212,0.9839248,1,0.8518439,0,0,0,0.8254488,0.8838208,0.8720451,0.8311844,0,0,0,0,0,0,0
0,0,0,0,0,0,0,0,0,0,0,0,0,0,0,0.9378632,1,0.8846173,0,0,0,0,0,0,0.9128067,0.872621,0,0,0,0,0,0,0,0,0,0,0,0,0,0,0,0,0,0,0,0,0,0,0.8395784,1,0.9683706,0,0,0,0,0,0.7875127,0.8382397,0.8452119,0.7525777,0,0,0,0,0,0,0,0,0,0,0,0,0,0,0,0,0,0,0,0,0,0.9589127,1,0.8466287,0,0,0,0,0.8303038,0.8471653,0.9231828,0.9008927,0.8035548,0,0,0,0,0,0,0,0,0,0,0,0,0,0,0,0,0,0,0,0,0,0.8699287,1,0.9522321,0,0,0.7706732,0.7490566,0.778816,0.8797761,0.8393953,0.9075124,0.8366328,0.7569968,0.80127,0.7553802,0,0,0,0,0,0,0,0,0,0,0,0,0,0,0,0,0,0,0.8314963,0,0.9719254,0.8550656,0,0,0,0,0,0,0.9428231,1,0.9401715,0.8544095,0,0,0,0
0,0,0,0,0,0,0,0,0,0,0,0,0,0,0,0.8862296,1,0.9197459,0.8125094,0.7909147,0.759968,0.8389999,0.8920801,0.9340168,0.8572859,0.7308474,0.6970904,0,0,0,0,0,0,0,0,0,0,0,0,0,0,0,0,0,0,0,0,0,0.8262053,1,0.9705534,0.7281655,0.6641921,0.6486641,0.6467586,0,0,0,0.7283233,0.6483361,0.6464217,0.6914461,0.6364742,0,0,0,0,0,0,0,0,0,0,0,0,0,0,0,0,0.6521335,0.6205556,0.9386343,1,0.8604775,0,0,0,0.7208247,0.740146,0.7897931,0.7482489,0.7946818,0.7563285,0.7433957,0.6699753,0,0,0,0,0,0,0,0,0,0,0,0,0,0,0,0,0.6109102,0.6536493,0.7283899,0.8626942,1,0.9576228,0.7945268,0.7439016,0,0.732805,0.7187715,0.8876564,0.9186392,0.7451286,0.8550406,0.7979625,0.6545535,0,0,0,0,0,0,0,0,0,0,0,0,0,0,0,0,0,0,0,0.8139139,1,0.9902912,0.7174335,0.7035106,0.6800302,0,0.6977669,0.7199106,0.798905,0.8544343,0.9281313,0.8919419,0.8615162,0.8309632,0,0.6796485,0.6775089
0,0,0,0,0,0,0,0,0,0,0,0,0,0,0,0.9248055,1,0.8519105,0.6983079,0.769108,0.7622764,0.8026335,0,0.7558001,0.7382411,0,0,0,0,0,0,0,0,0,0,0,0,0,0,0,0,0,0,0,0,0,0,0,0.8224314,1,0.9673795,0.6392168,0.6369823,0.7200684,0.6724889,0.6729867,0.6705306,0.646997,0,0.6214886,0.6206656,0,0,0,0,0,0,0,0,0,0,0,0,0,0,0,0,0,0,0.6517466,0.6907328,0.9571541,1,0.8321313,0.6587794,0.7864662,0.7326574,0.7100922,0.6595855,0.7095242,0.6535653,0,0,0,0,0,0,0,0,0,0,0,0,0,0,0,0,0,0,0,0.653268,0.6992195,0.7256066,0.7303026,0.8745189,1,0.9402112,0.6962416,0.8045174,0.8032236,0,0.6758577,0.7612273,0.8142827,0.7742774,0.6993704,0,0,0,0,0,0,0,0,0,0,0,0,0,0,0,0,0,0,0,0,0,0.764199,0.9746425,1,0.8777314,0,0.6997651,0,0.7011921,0.728833,0.7663239,0.699752,0.7052628,0,0.702275,0.6969239,0.6407359,0,0
0,0,0,0,0,0,0,0,0,0,0,0,0.7704405,0.7942218,0.7835467,0.9138255,1,0.8884055,0,0,0,0,0,0,0,0,0,0,0,0,0,0,0,0,0,0,0,0,0,0,0,0,0,0,0,0,0,0,0.8622603,1,0.982749,0.8185794,0.713511,0.7309169,0.7407754,0.714258,0,0,0,0,0,0,0,0,0,0,0,0,0,0,0,0,0,0,0,0,0,0,0,0.7752779,0.7852453,0.9604256,1,0.8888263,0,0,0,0,0,0,0,0,0,0,0,0,0,0,0,0,0,0,0,0,0,0,0,0,0,0,0.7175946,0,0,0.8114719,0.9090216,1,0.9590497,0.7740321,0,0,0,0,0,0,0,0,0,0,0,0,0,0,0,0,0,0,0,0,0,0,0,0,0,0,0,0,0,0,0.9815973,1,0,0.7686631,0.8496707,0.8440099,0.8016213,0,0,0,0,0,0,0,0,0,0
0,0,0,0,0,0,0,0,0,0,0,0,0,0,0,0.9307139,1,0.8819262,0,0,0,0,0,0,0,0,0,0,0,0,0,0,0,0,0,0,0,0,0,0,0,0,0,0,0,0,0,0.659761,0.8583757,1,0.9698369,0.7383667,0,0,0,0,0,0,0,0,0,0,0,0,0,0,0,0,0,0,0,0,0,0,0,0,0,0,0.6868302,0.7252283,0.7109735,0.944875,1,0.8850945,0,0,0,0,0,0,0,0,0,0,0,0,0,0,0,0,0,0,0,0,0,0,0,0,0,0,0.7298875,0.7325416,0.7126657,0.755435,0.8845634,1,0.9016716,0.7791081,0,0,0,0,0,0,0,0,0,0,0,0,0,0,0,0,0,0,0,0,0,0,0,0,0,0,0,0,0.8026675,0.8288255,0.9543521,1,0.8871565,0.7301427,0.7296441,0.7258533,0,0,0,0,0,0,0,0,0,0,0
0,0,0,0,0,0,0,0,0,0,0,0,0,0,0,0.9441613,1,0,0,0,0,0,0,0,0,0,0,0,0,0,0,0,0,0,0,0,0,0,0,0,0,0,0,0,0,0,0,0,0.8567178,1,0.9795958,0,0,0,0,0,0,0,0,0,0,0,0,0,0,0,0,0,0,0,0,0,0,0,0,0,0,0,0,0,0,0.9475914,1,0.8999068,0,0,0,0,0,0,0,0,0,0,0,0,0,0,0,0,0,0,0,0,0,0,0,0,0,0,0,0,0,0,0.8848865,1,0.9754201,0,0,0,0,0,0,0,0,0,0,0,0,0,0,0,0,0,0,0,0,0,0,0,0,0,0,0,0,0.8969747,0.9110661,0,0.9711691,1,0,0,0,0,0,0,0,0,0,0,0,0,0,0,0
0,0,0,0,0,0,0,0.779255,0.8203202,0.7601786,0,0,0,0,0,0.9224405,1,0.8886666,0,0,0,0,0,0,0,0,0,0,0,0,0,0,0,0,0,0,0,0,0,0,0,0,0,0,0.7161091,0.6969162,0.7053432,0.716686,0.832797,1,0.9705666,0.7429177,0,0,0,0,0,0,0,0,0,0,0,0,0,0,0,0,0,0,0,0,0.7901981,0.8153697,0.77149,0,0,0,0,0,0,0.9587038,1,0.858915,0,0,0,0,0,0,0,0,0,0,0,0,0,0,0,0,0,0,0,0.7247081,0.7533813,0.8212717,0.8340875,0.7273821,0,0,0,0,0,0.7053254,0.8599213,1,0.9576036,0.7893033,0,0,0,0,0,0,0,0,0,0,0,0,0,0,0,0,0,0,0,0,0,0,0,0.8354139,0.8072981,0.8178101,0.8609976,0.8263327,0.861589,0.851537,0.971889,1,0.9210415,0.8379167,0.7708496,0.7591586,0,0,0,0,0,0,0,0,0,0,0
0,0,0,0,0,0,0,0,0,0.7786943,0,0,0,0,0,0.926203,1,0.8864633,0,0,0,0,0,0,0,0,0,0,0,0,0,0,0,0,0,0,0,0,0,0,0,0,0.7109912,0.759148,0.7776234,0.7968701,0,0.7283397,0.7904766,1,0.9793242,0.7513526,0,0,0,0,0,0,0,0,0,0,0,0,0,0,0,0,0,0,0,0,0,0,0.7557105,0.764913,0.7080458,0.7387203,0.7060142,0,0,0.9447834,1,0.8740662,0,0,0,0,0,0,0,0,0,0,0,0,0,0,0,0,0,0,0,0,0,0.7199656,0.7982141,0.7250664,0.7310326,0.7314702,0.6917291,0.7116891,0.6844783,0.6937647,0.869164,1,0.9453204,0.7629442,0,0,0,0,0,0,0,0,0,0,0,0,0,0,0,0,0,0,0,0,0,0.7162702,0.7887578,0.8277649,0.7532181,0.787614,0.7116977,0,0,0,0.9379935,1,0.9034531,0,0,0,0,0,0,0,0,0,0,0,0,0,0
0,0,0,0,0,0,0,0,0,0,0,0,0,0,0,0.9110076,1,0.8786694,0,0,0,0,0,0,0,0,0,0,0,0,0,0,0,0,0,0,0,0,0,0,0,0,0,0,0.6917822,0.719768,0,0.6698168,0.8501294,1,0.9710703,0,0,0,0,0,0,0,0,0,0,0,0,0,0,0,0,0,0,0,0,0,0,0,0,0.6861622,0.7023917,0.7742314,0.8006588,0.7791939,0.7390106,0.9522158,1,0.8512008,0,0,0,0,0,0,0,0,0,0,0,0,0,0,0,0,0,0,0,0,0,0,0,0,0.7111382,0.7363081,0.7396892,0.6632993,0.7147827,0.7055886,0.8519204,1,0.9641963,0.6940248,0,0,0,0,0,0,0,0,0,0,0,0,0,0,0,0,0,0,0,0,0,0,0,0,0.8391263,0.826842,0.8573087,0.8922495,0.9508482,0.9299347,0.9946854,1,0.7933121,0,0,0,0,0,0,0,0,0,0,0,0,0,0
