GestureName: left_bracket
Duration(ms): 1363
Handedness: right

SpeakerAngles: 5
55
-55
0
0
110

SpeakerElevations: 5
-10
-10
-10
0
30

InterpretedPoints: 29
0,0,0
0,0,0
0,0,0
0.813797681349374,-0.296198132726024,0.5
0.827978475824924,2.22593839776138,0.979055466999209
5.70367416668339,7.40915080454655,2.61081457866456
4.08316920122242,7.2702114587362,1.93716640099763
6.53165264250831,10.8945392881624,2.89527733499604
3.29064271158637,15.4565510596389,1.54798097966218
1.67722814336317,6.21229322077219,2.41622186799684
2.48393542747477,10.6474306993086,2.58987004566377
3.2835523143486,8.82909603609514,2.61081457866456
-1.60632417098542,10.3528126907015,-0.541889066001582
4.04771721503354,13.1863396009027,-0.389185421335443
10.5013754879263,12.0566145579754,-0.0418890660015822
-1.67722814336317,11.6357843093499,-4.15270364466614
-2.44139304404812,6.88859439817807,-1.5
-8.11670562178041,1.3787993646913,-2.97905546699921
-0.0425423834266505,-6.50564060351105,-0.742573690329905
-2.4484834412859,-14.8230089273296,0.431074487337025
0,0,0
0,0,0
0,-4,0
1.62759536269875,-7.56201177147646,1.34729635533386
2.46266423576145,-0.128177972928648,1.95811093399842
4.88987648533402,0.545239400369745,2.11081457866456
2.48393542747477,6.76196349524802,2.06892551266297
7.33126952938214,4.77117779813113,3.08987004566377
2.46975463299922,3.12529416882116,2.11081457866456

StrokePoints: 30
0,0,0
0,0,0
0,0,0
0,0,0
0.813797681349374,-0.296198132726024,0.5
1.6417761571743,1.92974026503536,1.47905546699921
7.34545032385769,9.33889106958191,4.08987004566377
11.4286195250801,16.6091025283181,6.02703644666139
17.9602721675884,27.5036418164805,8.92231378165744
21.2509148791748,42.9601928761194,10.4702947613196
22.928143022538,49.1724860968916,12.8865166293165
25.4120784500127,59.8199167962002,15.4763866749802
28.6956307643613,68.6490128322953,18.0872012536448
27.0893065933759,79.0018255229968,17.5453121876432
31.1370238084095,92.1881651238995,17.1561267663078
41.6383992963358,104.244779681875,17.1142377003062
39.9611711529726,115.880563991225,12.96153405564
37.5197781089245,122.769158389403,11.46153405564
29.4030724871441,124.147957754094,8.48247858864083
29.3605301037174,117.642317150583,7.73990489831092
26.9120466624315,102.819308223254,8.17097938564795
26.9120466624315,102.819308223254,8.17097938564795
26.9120466624315,102.819308223254,8.17097938564795
26.9120466624315,98.8193082232536,8.17097938564795
28.5396420251303,91.2572964517771,9.51827574098181
31.0023062608917,91.1291184788485,11.4763866749802
35.8921827462257,91.6743578792182,13.5872012536448
38.3761181737005,98.4363213744662,15.6561267663078
45.7073877030827,103.207499172597,18.7459968119715
48.1771423360819,106.332793341419,20.8568113906361

Velocities: 29
0,0,0
0,0,0
0,0,0
0,0,0
0,2,1
2,3,3
2,4,3
4,7,4
3,8,6
0,7,5
0,6,5
0,4,4
0,3,3
4,1,3
7,-4,3
0,-7,5
0,0,0
-3,0,0
0,-6,-7
-4,-5,-5
0,0,0
0,0,0
0,0,0
0,0,-2
0,3,3
1,2,5
1,7,6
2,3,6
0,4,4

InverseVelocities: 29
0,0,0
0,0,0
0,0,0
0,0,0
0,0,0
0,0,0
0,0,0
0,0,0
0,0,0
0,0,0
0,0,0
0,0,0
0,0,0
0,0,0
0,0,-4
0,0,0
0,0,0
0,0,0
0,0,0
0,0,0
0,0,0
0,0,0
0,0,0
0,0,0
0,0,0
0,0,0
0,0,0
0,0,0
0,0,0

RawData: 29
0,0,0,0,0,0,0,0,0,0,0,0,0,0,0,0.9348843,1,0.8909457,0,0,0,0,0,0,0,0,0,0,0,0,0,0,0,0,0,0,0,0,0,0,0,0,0,0,0,0,0,0,0.8484952,1,0.9682506,0,0,0,0,0,0,0,0,0,0,0,0,0,0,0,0,0,0,0,0,0,0,0,0,0,0,0,0,0,0,0.9742905,1,0.844842,0,0,0,0,0,0,0,0,0,0,0,0,0,0,0,0,0,0,0,0,0,0,0,0,0,0,0,0,0,0,0.9040731,1,0.9239014,0,0,0,0,0,0,0,0,0,0,0,0,0,0,0,0,0,0,0,0,0,0,0,0,0,0,0,0,0,0,0.7932448,0.9892047,1,0.8173631,0,0,0,0,0,0,0,0,0,0,0,0,0,0
0,0,0,0,0,0,0,0,0,0,0,0,0,0,0,0.9344011,1,0.8738487,0,0,0,0,0,0,0,0,0,0,0,0,0,0,0,0,0,0,0,0,0,0,0,0,0,0,0,0,0,0,0.8189047,1,0.9730614,0.7042937,0,0,0,0,0,0,0,0,0,0,0,0,0,0,0,0,0,0,0,0,0,0,0,0,0,0,0,0,0,0.9502825,1,0.8480119,0,0,0,0,0,0,0,0,0,0,0,0,0,0,0,0,0,0,0,0,0,0,0,0,0,0,0,0,0,0,0.8622191,1,0.9347743,0,0,0,0,0,0,0,0,0,0,0,0,0,0,0,0,0,0,0,0,0,0,0,0,0,0,0,0,0,0,0.8050925,0.9990264,1,0.8061124,0,0,0,0,0,0,0,0,0,0,0,0,0,0
0,0,0,0,0,0,0,0,0,0,0,0,0,0,0,0.9045299,1,0.8868659,0,0,0,0,0,0,0,0,0,0,0,0,0,0,0,0,0,0,0,0,0,0,0,0,0,0,0,0,0,0,0.8216827,1,0.9733174,0.6989585,0,0,0,0,0,0,0,0,0,0,0,0,0,0,0,0,0,0,0,0,0,0,0,0,0,0,0,0,0.7488205,0.8087913,1,0.9008344,0,0,0,0,0,0,0,0,0,0,0,0,0,0,0,0,0,0,0,0,0,0,0,0,0,0,0,0,0,0.7080809,0.8880055,1,0.9384988,0,0,0,0,0,0,0,0,0,0,0,0,0,0,0,0,0,0,0,0,0,0,0,0,0,0,0,0,0,0,0.834765,0.9758586,1,0.8496679,0,0,0,0,0,0,0,0,0,0,0,0,0,0
0,0,0,0,0,0,0,0,0,0,0,0,0,0,0,0.9242557,1,0.9062752,0,0,0,0,0,0,0,0,0,0,0,0,0,0,0,0,0,0,0,0,0,0,0,0,0,0,0,0,0,0,0.839192,1,0.9766361,0.7886777,0.6881641,0,0,0,0,0,0,0,0,0,0,0,0,0,0,0,0,0,0,0,0,0,0,0,0,0,0,0,0,0.9604896,1,0.9807103,0.87462,0,0,0,0,0,0,0,0,0,0,0,0,0,0,0,0,0,0,0,0,0,0,0,0,0,0,0,0,0.7427829,0.8441613,0.9822512,1,0.8752689,0.683119,0,0,0,0,0,0,0,0,0,0,0,0,0,0,0,0,0,0,0,0,0,0,0,0,0,0,0,0,0.8495525,0.9717492,1,0.792901,0.6946041,0.6909248,0,0,0,0,0,0,0,0,0,0,0,0
0,0,0,0,0,0,0,0,0,0,0,0,0,0,0,0.9308486,1,0.8510374,0.728289,0,0,0,0,0,0,0,0,0,0,0,0,0,0,0,0,0,0,0,0,0,0,0,0,0,0,0,0,0,0.8081156,1,0.9780818,0.7585521,0.7077668,0.79552,0.7423849,0,0,0,0,0,0,0,0,0,0,0,0,0,0,0,0,0,0,0,0,0,0,0,0,0,0.7395945,0.8991417,1,0.9921339,0.9108182,0.7522126,0.7228078,0,0,0,0,0,0,0,0,0,0,0,0,0,0,0,0,0,0,0,0,0,0,0,0,0,0.7093276,0.7852224,0,0.9128305,0.9156941,1,0.8882987,0.7572015,0,0,0,0,0,0,0,0,0,0,0,0,0,0,0,0,0,0,0,0,0,0,0,0,0,0,0,0.6872289,0.9606429,1,0.9241891,0.8598627,0.6623452,0.7844414,0.7330721,0,0,0,0,0,0,0,0,0,0
0,0,0,0,0,0,0,0,0,0,0,0,0,0,0,0.9133182,1,0.8809655,0.6226911,0,0.7295961,0.6823574,0,0,0,0,0,0,0,0,0,0,0,0,0,0,0,0,0,0,0,0,0,0,0,0,0,0,0.8190598,1,0.9642887,0.6262777,0.6203675,0.7443213,0.787738,0.6952917,0,0,0,0,0,0,0,0,0,0,0,0,0,0,0,0,0,0,0,0,0,0,0,0.6865354,0.6896106,0.9755829,1,0.8012972,0.819304,0.835252,0.7874576,0.7738138,0.7183602,0,0,0,0,0,0,0,0,0,0,0,0,0,0,0,0,0,0,0,0,0,0,0,0,0.7261515,0.8566806,1,0.9252585,0.9036822,0.9010087,0.8297418,0,0.6918248,0.7046693,0,0,0,0,0,0,0,0,0,0,0,0,0,0,0,0,0,0,0,0,0,0,0,0,0.6745272,0.9770579,1,0.8328485,0.6424711,0.81142,0.856671,0.8864943,0.8558123,0.7270948,0.6928874,0.6169901,0.5818246,0,0,0,0,0
0,0,0,0,0,0,0,0,0,0,0,0,0,0,0,0.9338211,1,0.8957432,0,0,0,0.8211715,0,0,0,0,0,0,0,0,0,0,0,0,0,0,0,0,0,0,0,0,0,0,0,0,0,0,0.8642497,1,0.9705762,0,0,0,0,0.7880933,0.7804963,0,0,0,0,0,0,0,0,0,0,0,0,0,0,0,0,0,0,0,0,0,0,0,0,0.975226,0.9966114,0,0,1,0.9916987,0.9052225,0.8742923,0,0,0,0,0,0,0,0,0,0,0,0,0,0,0,0,0,0,0,0,0,0,0,0,0,0.9071728,1,0.9291912,0,0.922758,0.9531589,0.9172002,0.8791374,0,0,0,0,0,0,0,0,0,0,0,0,0,0,0,0,0,0,0,0,0,0,0,0,0,0.7829385,0.9871752,1,0.8277062,0,0,0.8015629,0.8374479,0.8224592,0.8648625,0.9005637,0.8178919,0,0,0,0,0,0
0,0,0,0,0,0,0,0,0,0,0,0,0,0,0.692578,0.931813,1,0.8855212,0.6992835,0.8218362,0.8324165,0.8388427,0.795136,0.6952,0,0,0,0,0,0,0,0,0,0,0,0,0,0,0,0,0,0,0,0,0,0,0,0,0.8427634,1,0.9637691,0,0.6796473,0.7361767,0.6693939,0.7593546,0.7372442,0,0.6913645,0.6539122,0,0,0,0,0,0,0,0,0,0,0,0,0,0,0,0,0,0,0,0,0.7947462,0.8379445,0.9808762,0.8758886,0.8651298,1,0.9692552,0.9252848,0.953639,0.8809713,0,0,0,0,0,0,0,0,0,0,0,0,0,0,0,0,0,0,0,0,0.7301793,0.7327258,0.7413868,0.7962396,0.9037197,1,0.928308,0.7059195,0.8652052,0.9080634,0.8431948,0.8816687,0.8133492,0,0,0,0,0,0,0,0,0,0,0,0,0,0,0,0,0,0,0,0,0,0,0,0,0.7687128,0.9791389,1,0.8251051,0,0.8195712,0.8653717,0.7788373,0.8520043,0.8996646,0.8275466,0.8520576,0.7349677,0,0.6392272,0.6758342,0,0
0,0,0,0,0,0,0,0,0,0,0,0,0,0,0,0.9128257,1,0.9079805,0,0.7861315,0.7895818,0.7565675,0.7389037,0,0,0,0,0,0,0,0,0,0,0,0,0,0,0,0,0,0,0,0,0,0,0,0,0,0.8149816,1,0.9857278,0.7800524,0,0,0,0,0,0.7524784,0.7987348,0.764893,0.6924586,0,0,0,0,0,0,0,0,0,0,0,0,0,0,0,0,0,0,0,0,0.9305041,1,0.851607,0,0.8990994,0.8364016,0,0,0,0.9086623,0.8831983,0,0,0,0,0,0,0,0,0,0,0,0,0,0,0,0,0,0,0,0,0,0.7632087,0.9076589,0.9818771,1,0.8997701,0.9366546,0.9625401,0.9159296,0.8459237,0.7994158,0.7854868,0.7637222,0,0,0,0,0,0,0,0,0,0,0,0,0,0,0,0,0,0,0,0,0,0,0,0.9409806,1,0.8467547,0.7670847,0.8989078,0.8652851,0.8145648,0.9064586,0.859904,0.7278319,0.773951,0.8217573,0.7322789,0,0,0,0
0,0,0,0,0,0,0,0,0,0,0,0,0,0,0,0.903007,1,0.9179124,0,0,0,0,0,0,0,0,0,0,0,0,0,0,0,0,0,0,0,0,0,0,0,0,0,0,0,0,0,0,0.8060973,1,0.9978176,0.8038092,0,0,0,0,0.7845259,0.8715549,0.8435084,0.7437251,0,0,0,0,0,0,0,0,0,0,0,0,0,0,0,0,0,0,0,0,0,0.934584,1,0.9049399,0,0.826044,0.8111212,0,0,0,0.8574496,0,0,0,0,0,0,0,0,0,0,0,0,0,0,0,0,0,0,0,0,0,0,0,0.8725099,1,0.9404306,0,0,0,0,0,0,0,0,0,0,0,0,0,0,0,0,0,0,0,0,0,0,0,0,0,0,0,0,0,0,0.7654597,0.9510684,1,0.8799758,0.7646365,0.8281719,0.8260584,0.8223226,0.882341,0.8333359,0.8921888,0,0,0.7524409,0,0,0,0
0,0,0,0,0,0,0,0,0,0,0,0,0,0,0,0.9039196,1,0.9110661,0,0,0,0,0,0,0,0,0,0,0,0,0,0,0,0,0,0,0,0,0,0,0,0,0,0,0,0,0,0,0.8266831,1,0.9887345,0.7823851,0.7233515,0.7355038,0.779015,0.7877864,0.835169,0.7926039,0.738601,0,0,0,0,0,0,0,0,0,0,0,0,0,0,0,0,0,0,0,0,0,0,0.951776,1,0.8722389,0,0,0.7630007,0.769693,0.8542705,0.854035,0.8226056,0,0,0,0,0,0,0,0,0,0,0,0,0,0,0,0,0,0,0,0,0,0,0,0.8924147,1,0.9493805,0.7894281,0.7609602,0,0.771031,0.8346918,0.8884382,0.8003277,0,0,0,0,0,0,0,0,0,0,0,0,0,0,0,0,0,0,0,0,0,0,0,0,0.953735,1,0.875497,0.7996477,0.8113956,0.7588307,0.8182261,0.91693,0.9239478,0.8705119,0.8244745,0.7326255,0.6985625,0,0,0,0
0,0,0,0,0,0,0,0,0,0,0,0,0,0,0,0.9039143,1,0.9153072,0,0,0,0,0,0,0,0,0,0,0,0,0,0,0,0,0,0,0,0,0,0,0,0,0,0,0,0,0,0,0.8080486,1,0.9999011,0.809418,0,0.7396911,0.7440387,0,0.7082616,0,0,0,0,0,0,0,0,0,0,0,0,0,0,0,0,0,0,0,0,0,0,0,0,0.9406092,1,0.910553,0.8603892,0.8237451,0.8509601,0.8295819,0.8647601,0.8343053,0,0,0,0,0,0,0,0,0,0,0,0,0,0,0,0,0,0,0,0,0,0,0,0,0.8715596,1,0.9296886,0,0.7638857,0.8172432,0.826398,0.8978242,0.849834,0.7998577,0,0,0,0,0,0,0,0,0,0,0,0,0,0,0,0,0,0,0,0,0,0,0,0.7100788,0.9524674,1,0.8714474,0.7348493,0.8361635,0.7784788,0.7435803,0.8031175,0,0.7359037,0,0.7327215,0,0,0,0,0
0,0,0,0,0,0,0,0,0,0,0,0,0,0,0,0.9059231,1,0.9274403,0,0,0,0,0,0,0,0,0,0,0,0,0,0,0,0,0,0,0,0,0,0,0,0,0,0,0,0,0,0.7236254,0.8082624,0.9951217,1,0.8296016,0,0,0.7339957,0.7706739,0,0,0,0,0,0,0,0,0,0,0,0,0,0,0,0,0,0,0,0,0,0,0,0,0,0.8568908,1,0.8884586,0,0,0.8338232,0.8446403,0.8022211,0,0,0,0,0,0,0,0,0,0,0,0,0,0,0,0,0,0,0,0,0,0,0,0,0,0.8778738,1,0.999495,0.8801036,0,0.8859368,0.8761514,0.8194711,0.8908564,0.9016011,0.8068451,0,0,0,0,0,0,0,0,0,0,0,0,0,0,0,0,0,0,0,0.7397929,0.7381271,0,0,0.9486928,1,0.8328384,0.8096744,0.7545757,0,0,0,0,0,0,0,0,0,0,0,0
0,0,0,0,0,0,0,0,0,0,0,0,0,0,0,0.8998919,1,0.9117837,0,0.769663,0.7102699,0.7250069,0.752668,0.7543603,0,0,0,0,0,0,0,0,0,0,0,0,0,0,0,0,0,0,0,0,0,0,0.7087373,0.7492571,0.7589825,1,0.9892743,0.6804579,0.7384635,0.720961,0,0,0,0,0,0,0,0,0,0,0,0,0,0,0,0,0,0,0,0,0,0,0,0,0,0.7402043,0.8136209,0.8444769,1,0.9105224,0.774028,0.7659022,0,0.7744881,0.784561,0,0,0,0,0,0,0,0,0,0,0,0,0,0,0,0,0,0,0,0,0,0,0,0,0,0,1,0.9754217,0.9553518,0.9572735,0.8589256,0.9110086,0,0.9373583,0.8961414,0.8582366,0.9399394,0.8820395,0,0,0,0,0,0,0,0,0,0,0,0,0,0,0,0,0,0.7072144,0.6787885,0.7445948,0.7204291,0.9406152,1,0.8439155,0,0.7646891,0.7387754,0,0,0,0,0,0,0,0,0,0,0
0,0,0,0,0,0,0,0,0,0,0,0,0,0,0,0.8952807,1,0.9039189,0,0.6985558,0.6781446,0,0.7237828,0.7354167,0,0.7337197,0.7130323,0,0,0,0,0,0,0,0,0,0,0,0,0,0,0,0.6522667,0.7237871,0.7268671,0.682267,0,0,0.7873127,1,0.9882613,0.759701,0,0,0,0,0,0,0,0,0,0,0,0,0,0,0,0,0,0,0,0,0,0,0,0.7737942,0.7303911,0,0,0.7292788,0,0.9215693,1,0.8558004,0.7206169,0,0.7138089,0.7938838,0.7973862,0,0,0,0,0,0,0,0,0,0,0,0,0,0,0,0,0,0,0,0,0,0,0,0.832518,0.7461,0.8325733,1,0.9484611,0.8319026,0.9311371,0.9412529,0.8683035,0.8853202,0,0.8501762,0.8293647,0.7929603,0.7571245,0,0,0,0,0,0,0,0,0,0,0,0,0,0,0.7328382,0.7260499,0.6295094,0,0.6899107,0.6600207,0.6697961,0.9499795,1,0.8996754,0.700232,0,0.6321722,0,0,0,0,0,0,0,0,0,0,0
0,0,0,0,0,0,0,0,0,0,0,0,0,0,0,0.8890988,1,0.883638,0.688755,0,0,0,0,0,0,0,0,0,0,0,0,0,0,0,0,0,0,0,0,0.676205,0.6679624,0,0,0.6775753,0.6992038,0,0,0,0.7840462,1,0.9933358,0.7268805,0,0,0,0,0,0,0,0,0,0,0,0,0,0,0,0,0,0,0,0,0,0,0,0,0,0,0,0,0,0.9171166,1,0.9040105,0.7741873,0,0,0,0,0.7467512,0.703058,0,0,0,0,0,0,0,0,0,0,0,0,0,0,0,0,0,0,0,0,0,0.7784026,0.7187461,0.7830747,1,0.9989592,0.8507156,0.8998558,0.7954765,0.75731,0.7433562,0,0.8028272,0.8169007,0.7801466,0.7528301,0,0,0,0,0,0,0,0,0,0.6398889,0.6497979,0.6999522,0.7095012,0.6969544,0,0.6810169,0.7318401,0.7539631,0.7278834,0.7143071,0.7523494,0.9303691,1,0.8532098,0,0,0,0,0,0,0,0,0,0,0,0,0,0
0,0,0,0,0,0,0,0,0,0,0,0,0,0,0,0.9102956,1,0.9107929,0.7172177,0,0,0,0,0,0,0,0,0,0,0,0,0,0,0,0,0,0,0,0,0,0,0,0,0,0,0,0,0,0.7903924,1,0.9919164,0.7165455,0,0,0,0,0,0,0,0,0,0,0,0,0,0,0,0,0,0,0,0,0,0,0,0,0,0,0,0,0,0.9189913,1,0.8910113,0,0,0,0,0,0,0,0,0,0,0,0,0,0,0,0,0,0,0,0,0,0,0,0,0,0,0.7657005,0.7789455,0.704917,0.7218835,0.8569664,1,0.9822037,0.7540856,0,0.7155765,0.7130284,0.7201729,0,0.7208143,0.7193523,0,0,0,0,0,0,0,0,0,0,0,0,0,0,0,0,0,0.6901938,0.6877758,0,0,0,0,0.9530831,1,0.8701147,0,0,0,0,0,0,0,0,0,0,0,0,0,0
0,0,0,0,0,0,0,0,0,0,0.657856,0.6890454,0.6720972,0,0,0.8909286,1,0.9223314,0.6807562,0,0,0,0,0,0,0,0,0,0,0,0,0,0,0,0,0,0,0,0,0,0,0,0,0,0,0,0,0,0.7763184,0.9996278,1,0.7847063,0,0,0,0,0,0,0,0,0,0,0,0,0,0,0,0,0,0,0,0,0,0,0,0,0,0,0,0,0,0.9388375,1,0.8459644,0,0,0,0,0,0,0,0,0,0,0,0,0,0,0,0,0,0,0,0,0,0,0,0,0,0,0.7599317,0.7546121,0.657712,0,0.7896332,1,0.9583834,0.7069997,0.708473,0.6543756,0,0,0,0,0,0,0,0,0,0,0,0,0,0,0,0,0,0,0.7081012,0.6316121,0.6456406,0,0,0.6264953,0,0,0,0.7201487,0.959151,1,0.842524,0,0,0,0,0,0,0,0,0,0,0,0,0,0
0,0,0,0,0,0,0,0,0,0,0,0,0,0,0,0.9165949,1,0.8916933,0,0,0,0,0,0,0,0,0,0,0,0,0,0,0,0,0,0,0,0,0,0,0.6850959,0.7320495,0.6632132,0,0,0,0,0,0.8185372,1,0.9753097,0.6926172,0,0,0,0,0,0,0,0,0,0,0,0,0,0,0,0,0,0,0,0,0.7549072,0.7892475,0.7806712,0.7316551,0.7415726,0.7919329,0.7913961,0.7196666,0,0.916135,1,0.8690176,0,0,0,0,0,0,0,0,0,0,0,0,0,0,0,0,0,0,0,0,0,0,0,0,0,0,0.7431307,0.7590683,0.6808082,0.6541378,0.8609453,1,0.9511186,0.7255338,0.6866788,0.68819,0.6491387,0,0,0,0,0,0,0,0,0,0,0,0,0,0,0,0,0,0,0.7120823,0.7710652,0.7095612,0,0.6061673,0,0,0.6076685,0.7349771,0.9602159,1,0.8368682,0,0,0,0,0,0,0,0,0,0,0,0,0,0
0,0,0,0,0,0,0,0,0,0.601989,0.6021168,0,0,0,0,0.9214923,1,0.8569542,0,0,0,0,0,0,0,0,0,0,0,0,0,0,0,0,0,0,0,0,0,0,0,0.597795,0.6560807,0.6584721,0.6215011,0.6052815,0,0.6428306,0.7821774,1,0.9664096,0,0,0,0,0,0,0,0,0,0,0,0,0,0,0,0,0,0,0,0,0,0,0,0.7486144,0.8491578,0.8382498,0.7783924,0,0.71841,0.7127665,0.9718627,1,0.7799931,0,0,0,0,0,0,0,0,0,0,0,0,0,0,0,0,0,0,0,0,0,0,0.6916263,0.6352646,0.6672207,0.6507354,0,0,0.6679978,0.6964142,0.8370975,1,0.9514502,0.7166172,0,0,0,0,0,0,0,0,0,0,0,0,0,0,0,0,0,0,0,0,0,0,0,0.712509,0.8063881,0.762948,0.6654236,0.6335591,0.6149622,0.6607125,0.9737613,1,0.7968177,0,0,0,0,0,0,0,0,0,0,0,0,0,0
0,0,0,0,0,0,0,0,0,0,0,0,0,0,0,0.9408658,1,0.9135301,0,0,0,0,0,0,0,0,0,0,0,0,0,0,0,0,0,0,0,0,0,0,0,0,0,0,0,0,0,0,0,1,0.9853519,0,0,0,0,0,0,0,0,0,0,0,0,0,0,0,0,0,0,0,0,0,0,0,0,0,0,0,0,0,0,0,1,0,0,0,0,0,0,0,0,0,0,0,0,0,0,0,0,0,0,0,0,0,0,0,0,0,0,0,0,0,0,0,0,1,0.9687239,0,0,0,0,0,0,0,0,0,0,0,0,0,0,0,0,0,0,0,0,0,0,0,0,0,0,0,0,0,0,0,0.9798986,1,0,0,0,0,0,0,0,0,0,0,0,0,0,0,0
0,0,0,0,0,0,0,0,0,0,0,0,0,0,0,0.9335348,1,0.8914682,0,0,0,0,0,0,0,0,0,0,0,0,0,0,0,0,0,0,0,0,0,0,0,0,0,0,0,0,0,0,0.8485693,1,0.9737413,0.7422575,0,0,0,0,0,0,0,0,0,0,0,0,0,0,0,0,0,0,0,0,0,0,0,0,0,0,0,0,0,0.9486622,1,0,0,0,0,0,0,0,0,0,0,0,0,0,0,0,0,0,0,0,0,0,0,0,0,0,0,0,0,0,0,0.7776099,0.9012585,1,0.9547923,0.7749594,0,0,0,0,0,0,0,0,0,0,0,0,0,0,0,0,0,0,0,0,0,0,0,0,0,0,0,0,0.753646,0.7296022,0.9700989,1,0.8610696,0,0,0,0,0,0,0,0,0,0,0,0,0,0
0,0,0,0,0,0,0,0,0,0,0,0,0,0,0,0.9270062,1,0.8967125,0,0,0,0,0,0,0,0,0,0,0,0,0,0,0,0,0,0,0,0,0,0,0,0,0,0,0,0,0,0,0.8524619,1,0.9627253,0,0,0,0,0,0,0,0,0,0,0,0,0,0,0,0,0,0,0,0,0,0,0,0,0,0,0,0,0,0,0.9623767,1,0.8322542,0,0,0,0,0,0,0,0,0,0,0,0,0,0,0,0,0,0,0,0,0,0,0,0,0.8164797,0.8512288,0.8514618,0.8384302,0.8211094,0.7390777,0.8347972,1,0.9699527,0.8226901,0.7745346,0,0,0,0,0,0,0,0,0,0,0,0,0,0,0,0,0,0,0,0,0,0,0,0,0,0,0,0,0,0.9609402,1,0.8687757,0,0,0,0,0,0,0,0,0,0,0,0,0,0
0,0,0,0,0,0,0,0,0,0,0,0,0,0,0,0.9267465,1,0.8839708,0,0,0,0,0,0,0,0,0,0,0,0,0,0,0,0,0,0,0,0,0,0,0,0,0,0,0,0,0,0.6991055,0.7868014,1,0.9812811,0.7903678,0.7515454,0,0,0,0,0,0,0,0,0,0,0,0,0,0,0,0,0,0,0,0,0,0,0,0,0.8002261,0.7581611,0.8048204,0.8137134,0.9237115,1,0.8656608,0.7467623,0.7644231,0,0,0,0,0,0,0,0,0,0,0,0,0,0,0,0,0,0,0,0,0,0.7424823,0.7115709,0.6995164,0,0.6873708,0.8257504,0.787206,0.8753381,1,0.9326664,0,0.6825715,0,0,0,0,0,0,0,0,0,0,0,0,0,0,0,0,0,0,0,0,0,0,0,0,0,0,0,0.7324167,0.8404548,0.9893716,1,0.8468718,0.8412445,0.8312215,0.7896784,0,0,0,0,0,0,0,0,0,0,0
0,0,0,0,0,0,0,0,0,0,0,0,0,0,0,0.9187716,1,0.8920045,0.7005225,0,0,0,0,0,0,0,0,0,0,0,0,0,0,0,0,0,0,0,0,0,0,0,0,0,0,0,0,0.6628774,0.8510501,1,0.9628609,0.6620506,0,0.7693803,0.7671908,0.681994,0,0,0,0,0,0,0,0,0,0,0,0,0,0,0,0,0,0,0,0,0,0,0,0,0,0.9136084,1,0.8903096,0.8503172,0,0.7199388,0.7488399,0.7215283,0,0,0,0,0,0,0,0,0,0,0,0,0,0,0,0,0,0,0,0,0.6299316,0.6946685,0.7487907,0.8121175,0.7441008,0.9320333,1,0.9166974,0.8595107,0.7312204,0,0,0,0,0,0,0,0,0,0,0,0,0,0,0,0,0,0,0,0,0,0,0,0,0,0,0,0.7162905,0.7167729,0.9525296,1,0.8916776,0,0.852528,0.8468516,0.7918189,0.701046,0.7332935,0.6923051,0,0,0,0,0,0,0
0,0,0,0,0,0,0,0,0,0,0,0,0,0,0.7545766,0.9124357,1,0.9124203,0.8496166,0.8728653,0.7639708,0,0,0,0,0,0,0,0,0,0,0,0,0,0,0,0,0,0,0,0,0,0,0,0,0,0,0,0.8423653,1,0.9760454,0.716445,0,0.7758568,0.740923,0,0,0,0,0,0,0,0,0,0,0,0,0,0,0,0,0,0,0,0,0,0,0,0,0,0,0.9490734,1,0.9134252,0.9419305,0.9947115,0.9276929,0.8090976,0,0.8687521,0.842158,0,0,0,0,0,0,0,0,0,0,0,0,0,0,0,0,0,0.7387158,0.739035,0.7242994,0,0,0.7683852,0.8198841,1,0.997212,0.8877017,0.958734,0.9182696,0.8360884,0,0,0,0,0,0,0,0,0,0,0,0,0,0,0,0,0,0,0,0,0,0,0,0,0,0.7574196,0.7308866,0.9740719,1,0.8121076,0,0.7483979,0.7608276,0.8060719,0.9179181,0.9105932,0.7266726,0.786231,0,0,0,0,0,0
0,0,0,0,0,0,0,0,0,0,0,0,0,0,0.614502,0.9197438,1,0.8560296,0.7273499,0.8608757,0.7803952,0,0,0,0,0,0,0,0,0,0,0,0,0,0,0,0,0,0,0,0,0,0,0,0,0,0,0,0.814375,1,0.9718727,0.6870124,0.6170629,0.6801704,0,0,0.5840885,0.6911335,0.6955174,0.6331022,0,0,0,0,0,0,0,0,0,0,0,0,0,0,0,0,0,0,0,0,0,0.9315358,1,0.9249462,0.7908781,0.9806939,0.8967473,0.8277111,0,0.8400339,0.7840777,0.7681037,0,0,0,0,0,0,0,0,0,0,0,0,0,0,0,0,0,0,0,0.6925499,0.6186216,0.6501663,0.8245175,1,0.9479696,0.9064824,0.9184397,0.8482091,0.9018491,0.8908216,0.7885706,0.6129929,0.6123963,0,0,0,0,0,0,0,0,0,0,0,0,0,0,0,0,0,0,0,0,0,0,0,0.9545259,1,0.8464935,0.7258691,0,0.6976378,0.6324229,0.7660695,0.8057767,0.6703548,0.8978321,0.8776599,0.7227303,0,0,0,0
0,0,0,0,0,0,0,0,0,0,0,0,0,0,0,0.9364654,1,0.8949243,0.7577472,0.8958457,0.8919389,0.8010761,0,0,0,0,0,0,0,0,0,0,0,0,0,0,0,0,0,0,0,0,0,0,0,0,0,0,0.8170761,1,0.9744939,0.7164742,0,0,0.7895478,0.777046,0,0,0,0,0,0,0,0,0,0,0,0,0,0,0,0,0,0,0,0,0,0,0,0,0,0.9317236,1,0.9028561,0.8385159,0.9116846,0.9912906,0,0,0,0,0.7960769,0,0,0,0,0,0,0,0,0,0,0,0,0,0,0,0,0,0,0,0.7269318,0.780185,0.7596716,0.8886968,1,0.9320379,0.7414235,0.7771991,0.902558,0.902277,0.7383416,0.7527721,0,0,0,0,0,0,0,0,0,0,0,0,0,0,0,0,0,0,0,0,0,0,0,0,0,0.9646443,1,0.8404754,0,0,0.8066601,0.8932285,0.8827364,0.7655076,0.9081014,0.8788164,0.7180266,0.7026409,0.6814023,0,0,0
0,0,0,0,0,0,0,0,0,0,0,0,0,0,0,0.9231589,1,0.9068514,0.8651189,0.832406,0,0,0,0,0,0,0,0,0,0,0,0,0,0,0,0,0,0,0,0,0,0,0,0,0,0,0,0,0.8297555,1,0.9727517,0.7252691,0,0.7854232,0.7818505,0.7245456,0.6867576,0,0,0,0,0,0,0,0,0,0,0,0,0,0,0,0,0,0,0,0,0,0,0,0,0.9492849,1,0,0.9511396,0.9983721,0.9224127,0.9476806,0.9006551,0.8293089,0,0,0,0,0,0,0,0,0,0,0,0,0,0,0,0,0,0,0,0,0,0.6703339,0.6943549,0.6756937,0.8541219,1,0.9469949,0.8543963,0.9396327,0.9040864,0.7622215,0,0,0,0,0,0,0,0,0,0,0,0,0,0,0,0,0,0,0,0,0,0,0,0,0,0,0.7174213,0.9749899,1,0.8365026,0.77139,0.8485452,0.7695146,0.7291541,0.6987357,0.8197829,0.7947873,0.6868098,0,0,0,0,0,0
