GestureName: zigzag
Duration(ms): 1410
Handedness: right

SpeakerAngles: 2
55
-55

InterpretedPoints: 30
1.6134145682232,-3.38917512878174
-4.84024370466959,-4.51890017170899
-7.26036555700439,-8.47293782195435
-3.2268291364464,-7.90807530049073
0,-2.25945008585449
2.4201218523348,1.69458756439087
3.2268291364464,7.90807530049073
2.4201218523348,7.34321277902711
4.03353642055799,7.34321277902711
-0.806707284111599,2.82431260731812
-4.84024370466959,1.12972504292725
-4.03353642055799,-6.21348773609986
-7.26036555700439,-7.34321277902711
-0.806707284111599,-5.08376269317261
-0.806707284111599,-1.69458756439087
1.6134145682232,1.12972504292725
-1.6134145682232,3.38917512878174
-1.6134145682232,4.51890017170899
0,4.51890017170899
-0.806707284111599,0.564862521463623
-0.806707284111599,0.564862521463623
0.806707284111599,-6.21348773609986
0,-3.38917512878174
4.03353642055799,-5.08376269317261
-0.806707284111599,-0.564862521463623
1.6134145682232,-1.12972504292725
-0.806707284111599,2.82431260731812
0.806707284111599,5.08376269317261
-2.4201218523348,5.08376269317261
0.806707284111599,0.564862521463623

StrokePoints: 31
177.666666666667,130.277777777778
176.053252098443,133.66695290656
180.893495803113,138.185853078269
188.153861360117,146.658790900223
191.380690496564,154.566866200714
191.380690496564,156.826316286568
188.960568644229,155.131728722177
185.733739507783,147.223653421687
183.313617655448,139.880440642659
179.28008123489,132.537227863632
180.086788519001,129.712915256314
184.927032223671,128.583190213387
188.960568644229,134.796677949487
196.220934201233,142.139890728514
197.027641485345,147.223653421687
197.834348769457,148.918240986077
196.220934201233,147.78851594315
197.834348769457,144.399340814368
199.44776333768,139.880440642659
199.44776333768,135.36154047095
200.254470621791,134.796677949487
201.061177905903,134.231815428023
200.254470621791,140.445303164123
200.254470621791,143.834478292905
196.220934201233,148.918240986077
197.027641485345,149.483103507541
195.414226917122,150.612828550468
196.220934201234,147.78851594315
195.414226917122,142.704753249978
197.834348769457,137.620990556805
197.027641485345,137.056128035341

Velocities: 30
-2,-4
-7,-1
-12,-3
-9,-5
-2,-2
3,0
9,5
8,5
9,4
2,3
-2,4
-8,-3
-11,-2
-5,-4
-2,-1
2,0
2,4
3,5
4,4
0,1
0,1
-5,-6
-3,-3
-2,-7
-1,0
0,-2
2,3
5,4
3,6
1,0

InverseVelocities: 32
0,0
0,0
0,0
0,0
0,0
2,0
0,0
0,0
0,0
0,0
0,0
0,0
0,-2
0,0
0,0
0,0
0,0
0,0
0,0
0,0
0,0
0,0
0,-2
0,0
0,0
0,0
0,0
0,1
0,0
-1,0
-2,0
0,0
