GestureName: caret
Duration(ms): 1269
Handedness: right

SpeakerAngles: 5
55
-55
0
0
110

SpeakerElevations: 5
-10
-10
-10
0
30

InterpretedPoints: 27
0,0,0
2.44139304404812,-0.994940127092615,0.284462756331487
0,0,0
0,0,0
0,0,0
0,0,0
0,0,0
0,0,0
0,0,0
0,0,0
0,0,0
0,-1.96961550602442,0.347296355333861
1.63468575993652,4.64588362930997,0.979055466999209
12.1786036312895,23.2385232847721,2.02703644666139
6.48911025908166,15.6717280845186,-0.104722665003955
1.6417761571743,8.15880585691427,0.437166400997627
0,-0.984807753012208,0.17364817766693
0,0,0
0.835068873062699,3.47941053951119,1.13175911166535
-1.57796258203432,3.18321240678517,1.63175911166535
0,0.984807753012208,-0.17364817766693
-19.4460595855317,-27.0416657009977,-1.83244373599367
-11.3789867444157,-32.6902909156339,-0.0959619593243675
-4.86860529362069,-19.4872119977448,1.29931537567168
-0.806707284111599,-5.66420307041529,0.868240888334652
1.6417761571743,-11.2233640919046,3.38918542133544
0,0,0

StrokePoints: 28
0,0,0
0,0,0
2.44139304404812,-0.994940127092615,0.284462756331487
2.44139304404812,-0.994940127092615,0.284462756331487
2.44139304404812,-0.994940127092615,0.284462756331487
2.44139304404812,-0.994940127092615,0.284462756331487
2.44139304404812,-0.994940127092615,0.284462756331487
2.44139304404812,-0.994940127092615,0.284462756331487
2.44139304404812,-0.994940127092615,0.284462756331487
2.44139304404812,-0.994940127092615,0.284462756331487
2.44139304404812,-0.994940127092615,0.284462756331487
2.44139304404812,-0.994940127092615,0.284462756331487
2.44139304404812,-2.96455563311703,0.631759111665348
4.07607880398464,1.68132799619294,1.61081457866456
16.2546824352742,24.919851280965,3.63785102532595
22.7437926943558,40.5915793654836,3.53312836032199
24.3855688515301,48.7503852223978,3.97029476131962
24.3855688515301,47.7655774693856,4.14394293898655
24.3855688515301,47.7655774693856,4.14394293898655
25.2206377245928,51.2449880088968,5.2757020506519
23.6426751425585,54.428200415682,6.90746116231725
23.6426751425585,55.4130081686942,6.73381298465032
4.19661555702682,28.3713424676965,4.90136924865665
-7.18237118738886,-4.31894844793743,4.80540728933228
-12.0509764810096,-23.8061604456823,6.10472266500395
-12.8576837651212,-29.4703635160976,6.97296355333861
-11.2159076079469,-40.6937276080021,10.362148974674
-11.2159076079469,-40.6937276080021,10.362148974674

Velocities: 27
0,0,0
0,0,7
0,0,0
0,0,0
0,0,0
0,0,0
0,0,0
0,0,0
0,0,0
0,0,0
0,0,0
0,0,-2
0,1,2
7,3,10
7,4,4
2,4,3
0,0,-1
0,0,0
0,3,2
-2,5,2
0,0,1
-12,0,-12
-12,-10,-12
-7,-5,-7
-2,-1,-2
-2,0,-6
0,0,0

InverseVelocities: 27
0,0,0
0,0,-7
0,0,0
0,0,0
0,0,0
0,0,0
0,0,0
0,0,0
0,0,0
0,0,0
0,0,0
0,0,1
0,0,0
0,0,0
0,0,0
-2,0,0
0,0,0
0,0,0
0,0,0
0,0,-2
0,0,-2
0,0,0
0,0,0
0,0,0
0,0,0
0,0,3
0,0,0

RawData: 27
0,0,0,0,0,0,0,0,0,0,0,0,0,0,0,0.9318845,1,0.8936976,0,0,0,0,0,0,0,0,0,0,0,0,0,0,0,0,0,0,0,0,0,0,0,0,0,0,0,0,0,0,0,1,0.9817766,0,0,0,0,0,0,0,0,0,0,0,0,0,0,0,0,0,0,0,0,0,0,0,0,0,0,0,0,0,0.6675562,0.9551898,1,0.8770447,0,0,0,0,0,0,0,0,0,0,0,0,0,0,0,0,0,0,0,0,0,0,0,0,0,0,0,0,0,0,0.8643385,1,0.9505203,0,0,0,0,0,0,0,0,0,0,0,0,0,0,0,0,0,0,0,0,0,0,0,0,0,0,0,0,0,0,0.7306842,0.9805462,1,0.8312565,0,0,0,0,0,0,0,0,0,0,0,0,0,0
0,0,0,0,0,0,0,0,0,0,0,0,0,0,0.6477926,0.9290735,1,0.8847146,0.6332773,0,0,0,0,0,0,0,0,0,0,0,0,0,0,0,0,0,0,0,0,0,0,0,0,0,0,0,0,0,0.7731155,1,0.9873294,0,0,0,0,0,0,0,0,0,0,0,0,0,0,0,0,0,0,0,0,0,0.5874926,0.5990776,0,0,0.6303222,0.6507497,0.6566317,0.6690441,0.7134001,0.9509084,1,0.872376,0.6273193,0.5856419,0.6292198,0.6448196,0,0,0.5924919,0.5932137,0.5642391,0,0,0,0,0,0,0,0,0,0,0,0,0.6442776,0.6669199,0,0,0,0,0,0.6450711,0.6589288,0.8474885,1,0.9550935,0.6842111,0,0,0,0,0,0,0,0,0,0,0,0,0,0,0,0,0,0,0,0,0,0,0,0,0,0,0,0,0.6221813,0.7457036,0.9798588,1,0.8202025,0.6394255,0.6052274,0.6135437,0.6366099,0,0,0,0,0,0,0,0,0,0
0,0,0,0,0,0,0,0,0,0,0,0,0,0,0,0.9263394,1,0.8790438,0,0,0,0,0,0,0,0,0,0,0,0,0,0,0,0,0,0,0,0,0,0,0,0,0,0,0,0,0,0,0,1,0.9733126,0,0,0,0,0,0,0,0,0,0,0,0,0,0,0,0,0,0,0,0,0,0,0,0,0,0,0,0,0,0,0.945578,1,0.8685579,0,0,0,0,0,0,0,0,0,0,0,0,0,0,0,0,0,0,0,0,0,0,0,0,0,0,0,0,0,0,0.8169414,1,0.947082,0,0,0,0,0,0,0,0,0,0,0,0,0,0,0,0,0,0,0,0,0,0,0,0,0,0,0,0,0,0,0.7203689,0.9828448,1,0.8047701,0,0,0,0,0,0,0,0,0,0,0,0,0,0
0,0,0,0,0,0,0,0,0,0,0,0,0,0,0,0.929947,1,0.8772171,0,0,0,0,0,0,0,0,0,0,0,0,0,0,0,0,0,0,0,0,0,0,0,0,0,0,0,0,0,0,0,1,0.9578958,0,0,0,0,0,0,0,0,0,0,0,0,0,0,0,0,0,0,0,0,0,0,0,0,0,0,0,0,0,0.6151727,0.9485489,1,0.8654236,0,0,0,0,0,0,0,0,0,0,0,0,0,0,0,0,0,0,0,0,0,0,0,0,0,0,0,0,0,0,0.8393112,1,0.9450762,0,0,0,0,0,0,0,0,0,0,0,0,0,0,0,0,0,0,0,0,0,0,0,0,0,0,0,0,0,0,0.7329964,0.9801244,1,0.8219378,0,0,0,0,0,0,0,0,0,0,0,0,0,0
0,0,0,0,0,0,0,0,0,0,0,0,0,0,0,0.9390469,1,0.8894457,0,0,0,0,0,0,0,0,0,0,0,0,0,0,0,0,0,0,0,0,0,0,0,0,0,0,0,0,0,0,0,1,0.9625164,0,0,0,0,0,0,0,0,0,0,0,0,0,0,0,0,0,0,0,0,0,0,0,0,0,0,0,0,0,0,0.956184,1,0.8803736,0,0,0,0,0,0,0,0,0,0,0,0,0,0,0,0,0,0,0,0,0,0,0,0,0,0,0,0,0,0,0.8698273,1,0.9519721,0,0,0,0,0,0,0,0,0,0,0,0,0,0,0,0,0,0,0,0,0,0,0,0,0,0,0,0,0,0,0.741178,0.9756487,1,0.8554665,0,0,0,0,0,0,0,0,0,0,0,0,0,0
0,0,0,0,0,0,0,0,0,0,0,0,0,0,0,0.9285839,1,0.8878776,0,0,0,0,0,0,0,0,0,0,0,0,0,0,0,0,0,0,0,0,0,0,0,0,0,0,0,0,0,0,0,1,0.9598087,0,0,0,0,0,0,0,0,0,0,0,0,0,0,0,0,0,0,0,0,0,0,0,0,0,0,0,0,0,0.6578967,0.9529707,1,0.8698508,0,0,0,0,0,0,0,0,0,0,0,0,0,0,0,0,0,0,0,0,0,0,0,0,0,0,0,0,0,0,0.8686522,1,0.9464828,0,0,0,0,0,0,0,0,0,0,0,0,0,0,0,0,0,0,0,0,0,0,0,0,0,0,0,0,0,0,0.7136735,0.970041,1,0.849344,0,0,0,0,0,0,0,0,0,0,0,0,0,0
0,0,0,0,0,0,0,0,0,0,0,0,0,0,0.7146676,0.933247,1,0.9158472,0.7185887,0,0,0,0,0,0,0,0,0,0,0,0,0,0,0,0,0,0,0,0,0,0,0,0,0,0,0,0,0,0.8741318,1,0.9459497,0,0,0,0,0,0,0,0,0,0,0,0,0,0,0,0,0,0,0,0,0,0,0,0,0,0,0,0,0.6894638,0.7803584,0.960273,1,0.8908874,0.7070012,0,0,0,0,0,0,0,0,0,0,0,0,0,0,0,0,0,0,0,0,0,0,0,0,0,0,0,0,0.7222428,0.8937731,1,0.952963,0.7461116,0,0,0,0,0,0,0,0,0,0,0,0,0,0,0,0,0,0,0,0,0,0,0,0,0,0,0,0,0,0.77289,0.9718587,1,0.8655868,0.6807753,0,0,0,0,0,0,0,0,0,0,0,0,0
0,0,0,0,0,0,0,0,0,0,0,0,0,0,0,0.918842,1,0.8811523,0,0,0,0,0,0,0,0,0,0,0,0,0,0,0,0,0,0,0,0,0,0,0,0,0,0,0,0,0,0,0.843356,1,0.9139639,0,0,0,0,0,0,0,0,0,0,0,0,0,0,0,0,0,0,0,0,0,0,0,0,0,0,0,0,0,0.6479933,0.9504379,1,0.8541339,0,0,0,0,0,0,0,0,0,0,0,0,0,0,0,0,0,0,0,0,0,0,0,0,0,0,0,0,0,0,0.8399763,1,0.957063,0.660892,0,0,0,0,0,0,0,0,0,0,0,0,0,0,0,0,0,0,0,0,0,0,0,0,0,0,0,0,0,0.6961656,0.9711868,1,0.8220873,0,0,0,0,0,0,0,0,0,0,0,0,0,0
0,0,0,0,0,0,0,0,0,0,0,0,0,0,0,0.9266449,1,0.8961136,0,0,0,0,0,0,0,0,0,0,0,0,0,0,0,0,0,0,0,0,0,0,0,0,0,0,0,0,0,0,0,1,0.9700909,0,0,0,0,0,0,0,0,0,0,0,0,0,0,0,0,0,0,0,0,0,0,0,0,0,0,0,0,0,0.680451,0.9539624,1,0.871785,0,0,0,0,0,0,0,0,0,0,0,0,0,0,0,0,0,0,0,0,0,0,0,0,0,0,0,0,0,0,0.8423299,1,0.9717758,0.7451932,0,0,0,0,0,0,0,0,0,0,0,0,0,0,0,0,0,0,0,0,0,0,0,0,0,0,0,0,0,0.7400233,0.9789276,1,0.8227525,0,0,0,0,0,0,0,0,0,0,0,0,0,0
0,0,0,0,0,0,0,0,0,0,0,0,0,0,0,0.9201032,1,0.9016382,0,0,0,0,0,0,0,0,0,0,0,0,0,0,0,0,0,0,0,0,0,0,0,0,0,0,0,0,0,0,0.8255122,1,0.9633452,0,0,0,0,0,0,0,0,0,0,0,0,0,0,0,0,0,0,0,0,0,0,0,0,0,0,0,0,0,0,0.9417276,1,0.8823572,0,0,0,0,0,0,0,0,0,0,0,0,0,0,0,0,0,0,0,0,0,0,0,0,0,0,0,0,0,0,0.8406169,1,0.9708099,0.73523,0,0,0,0,0,0,0,0,0,0,0,0,0,0,0,0,0,0,0,0,0,0,0,0,0,0,0,0,0,0.7783276,0.984017,1,0.8286673,0,0,0,0,0,0,0,0,0,0,0,0,0,0
0,0,0,0,0,0,0,0,0,0,0,0,0,0,0,0.9339827,1,0.8574212,0.7146617,0,0,0,0,0,0,0,0,0,0,0,0,0,0,0,0,0,0,0,0,0,0,0,0,0,0,0,0,0.7554349,0.7720208,0.9879752,1,0.7978754,0,0,0,0,0,0,0,0,0,0,0,0,0,0,0,0,0,0,0,0,0,0,0,0,0,0,0,0,0,0.955093,1,0.8492901,0.7209237,0,0,0,0,0,0,0,0,0,0,0,0,0,0,0,0,0,0,0,0,0,0,0,0,0,0,0,0,0,0.8749917,1,0.9481356,0.6762362,0,0,0,0,0,0,0,0,0,0,0,0,0,0,0,0,0,0,0,0,0,0,0,0,0,0,0,0,0,0.7642994,0.9806001,1,0.8491814,0,0,0,0,0,0,0,0,0,0,0,0,0,0
0,0,0,0,0,0,0,0,0,0,0,0,0,0,0,0.9493374,1,0.9147999,0,0,0,0,0,0,0,0,0,0,0,0,0,0,0,0,0,0,0,0,0,0,0,0,0,0,0,0,0,0,0.8811421,1,0.9829169,0.9143989,0,0,0,0,0,0,0,0,0,0,0,0,0,0,0,0,0,0,0,0,0,0,0,0,0,0.7484869,0.7650195,0,0.8028185,0.9736406,1,0.9011151,0.7552491,0.75831,0.7488921,0,0,0,0,0,0,0,0,0,0,0,0,0,0,0,0,0,0,0,0,0,0,0,0,0,0,0,0.9206104,1,0.934531,0.7759197,0,0,0,0,0,0,0,0,0,0,0,0,0,0,0,0,0,0,0,0,0,0,0,0,0,0,0,0,0,0.8452785,0.9949502,1,0.8185595,0.8168393,0,0,0,0,0,0,0,0,0,0,0,0,0
0,0,0,0,0,0,0,0,0,0,0,0,0,0,0,0.9435261,1,0.8839275,0,0,0,0,0,0,0,0,0,0,0,0,0,0,0,0,0,0,0,0,0,0,0,0,0,0,0,0,0,0,0.8712263,1,0.9331273,0.8174267,0.9100435,0.8488452,0,0,0,0,0,0,0,0,0,0,0,0,0,0,0,0,0,0,0,0,0,0,0,0,0,0,0.7506842,0.9597184,1,0.8885525,0.7445288,0.7216391,0.7288447,0.7441661,0,0,0,0,0,0,0,0,0,0,0,0,0,0,0,0,0,0,0,0,0,0,0,0,0,0,0.9044294,1,0.9468286,0.7691727,0.7639213,0.7934826,0.8141026,0.7746789,0,0,0,0,0,0,0,0,0,0,0,0,0,0,0,0,0,0,0,0,0,0,0,0,0,0.7757335,0.9883859,1,0,0.8268993,0.7697089,0.7733196,0.7901609,0,0,0,0,0,0,0,0,0,0
0,0,0,0,0,0,0,0,0,0,0,0,0,0,0,0.9210327,1,0.9011254,0,0,0,0.6993823,0.7684179,0.7668165,0,0.6995849,0.6999472,0,0,0,0,0,0,0,0,0,0,0,0,0,0,0,0,0,0,0,0,0,0.8501326,1,0.9608377,0.7548628,0.7615647,0.8513957,0.7725325,0.7519563,0,0,0,0,0,0,0,0,0,0,0,0,0,0,0,0,0,0,0,0,0,0,0,0,0.676154,0.9309062,1,0.892558,0,0.6869012,0.7102068,0.685347,0.6606343,0.7129511,0.6562201,0.6420677,0.6748083,0,0.6626908,0.6676291,0,0,0,0,0,0,0,0,0,0,0,0,0,0,0,0,0,0,0.8925903,0.9742249,1,0,0.7806799,0.7690824,0.7088907,0.7881829,0.8157845,0.860941,0,0,0,0.7239212,0.7698906,0.7287088,0,0,0,0,0,0,0,0,0,0,0,0,0,0,0,0,0,0.7177491,0.9386693,1,0.8859609,0.7927006,0.7743879,0.7123289,0,0.719104,0.7245664,0.7510361,0.6986877,0,0.7431132,0.726629,0.694317,0,0
0,0,0,0,0,0,0,0,0,0,0,0,0,0,0,0,1,0.9390408,0.8297403,0.7810032,0,0,0,0.8027037,0.8335197,0.8069683,0.7813385,0,0,0,0,0,0,0,0,0,0,0,0,0,0,0,0,0,0,0,0,0,0.8597481,1,0.912972,0.7785392,0,0,0.8370377,0.8790442,0.795353,0,0,0,0,0,0,0,0,0,0,0,0,0,0,0,0,0,0,0,0,0,0,0,0,0.8605843,1,0.921709,0,0,0,0.7680845,0.7785974,0.7029375,0,0,0,0,0,0,0,0,0,0,0,0,0,0,0,0,0,0,0,0,0,0,0,0,0.8985959,1,0.9759274,0.7838864,0,0,0,0.7421969,0,0.6715339,0.6841496,0.6830425,0,0,0,0,0,0,0,0,0,0,0,0,0,0,0,0,0,0,0,0,0,0,0.9190286,1,0.8520315,0.7925498,0,0.8032499,0.8668228,0.8761065,0.7710958,0,0,0,0,0,0,0,0
0,0,0,0,0,0,0,0,0,0,0,0.6952949,0.752477,0.700655,0,0.8926015,1,0.9191728,0.7460977,0.7683308,0.7499173,0.7074028,0,0,0,0,0,0,0,0,0,0,0,0,0,0,0,0,0,0,0,0,0,0,0,0,0,0,0.9035331,1,0.9115782,0.7798142,0,0,0,0.7395129,0.7528284,0,0,0,0,0,0,0,0,0,0,0,0,0,0,0,0,0,0,0,0,0,0,0.6539397,0.7768368,0.9441525,1,0.8939946,0,0,0,0,0.6404783,0,0,0,0,0,0,0,0,0,0,0,0,0,0,0,0,0,0,0,0,0.6780708,0.6833687,0.7314733,0.7051196,0.6390163,0.8853846,1,0.9376884,0.6833654,0,0.7407225,0.7668305,0.7098015,0,0,0,0,0,0,0,0,0,0,0,0,0,0,0,0,0,0,0,0,0,0,0.7036548,0.7146131,0,0.7003847,0.9395711,1,0.8513755,0,0.7120778,0.7067825,0.7175521,0.7142425,0,0,0,0,0,0,0,0,0
0,0,0,0,0,0,0,0,0,0,0,0,0,0,0,0.9250457,1,0.9445623,0,0,0,0,0,0,0,0,0,0,0,0,0,0,0,0,0,0,0,0,0,0,0,0,0,0,0,0,0,0,0.9212244,1,0.950983,0,0,0,0,0,0,0,0,0,0,0,0,0,0,0,0,0,0,0,0,0,0,0,0,0,0,0,0.7684179,0.7809402,0.8279216,0.9688762,1,0.9111031,0.7682726,0,0,0,0,0,0,0,0,0,0,0,0,0,0,0,0,0,0,0,0,0,0,0,0,0,0,0,0,0,0.8949314,1,0.9558616,0,0,0,0,0,0,0,0,0,0,0,0,0,0,0,0,0,0,0,0,0,0,0,0,0,0,0,0,0,0,0,0.9559153,1,0.9037504,0,0,0,0,0,0,0,0,0,0,0,0,0,0
0,0,0,0,0,0,0,0,0,0,0,0,0,0,0,0.9016145,1,0.8357039,0.840405,0,0,0,0,0,0,0,0,0,0,0,0,0,0,0,0,0,0,0,0,0,0,0,0,0,0,0,0,0,0.8501362,1,0.9575658,0.8164406,0,0,0,0,0,0,0,0,0,0,0,0,0,0,0,0,0,0,0,0,0,0,0,0,0,0,0,0,0.6527618,0.9407167,1,0.8844706,0.7279534,0,0,0,0,0,0,0,0,0,0,0,0,0,0,0,0,0,0,0,0,0,0,0,0,0,0,0,0,0,0.8461381,1,0.9536359,0.7833678,0,0,0,0,0,0,0,0,0,0,0,0,0,0,0,0,0,0,0,0,0,0,0,0,0,0,0,0,0,0.7562889,0.9442387,1,0.9150683,0.7635981,0,0,0,0,0,0,0,0,0,0,0,0,0
0,0,0,0,0,0,0,0,0,0,0,0,0,0,0,0.8934995,1,0.9231514,0.7583222,0.7157086,0,0,0,0,0,0,0,0,0,0,0,0,0,0,0,0,0,0,0,0,0,0,0,0,0,0,0,0,0.7032763,0.9987054,1,0.7326523,0.7506225,0.7566457,0.7232936,0.7107333,0,0,0,0,0,0,0,0,0,0,0,0,0,0,0,0,0,0,0,0,0,0,0,0,0,0.9157161,1,0.9067867,0.6861719,0.6644652,0.6631173,0.5731123,0,0,0,0,0,0,0,0,0,0,0,0,0,0,0,0,0,0,0,0,0,0,0,0,0,0.6756175,0.7175181,1,0.9718586,0.8451602,0.800635,0.6605091,0,0,0,0,0,0,0,0,0,0,0,0,0,0,0,0,0,0,0,0,0,0,0,0,0,0,0,0.7890707,1,0.8472486,0.9023696,0.8573328,0.9302525,0.8968357,0.760718,0.706476,0,0,0,0,0,0,0,0,0
0,0,0,0,0,0,0,0,0,0,0,0.694196,0.7330634,0.7761621,0.7920853,0.8679068,1,0.9139677,0.706561,0.6693563,0,0,0,0,0,0,0,0,0,0,0,0,0,0,0,0,0,0,0,0,0,0,0,0,0,0,0,0,0.7948834,1,0.9973303,0.8136441,0,0.7074185,0,0.6957712,0.7548081,0.6979941,0,0,0,0,0,0,0,0,0,0,0,0,0,0,0,0,0,0,0,0.6116122,0.6630557,0.6525799,0.6935511,0.9346048,1,0.9112977,0.7351996,0.6002355,0,0.6164972,0,0,0,0,0,0,0,0,0,0,0,0,0,0,0,0,0,0,0,0,0,0,0.6203207,0.6881793,0.7238856,0.7480556,0.862867,1,0.9827496,0.8005205,0.6574505,0.6393319,0,0,0,0,0,0,0,0,0,0,0,0,0,0,0,0,0,0,0,0,0,0,0,0,0.6990269,0.7001583,0.6876743,0.6673889,0.9311823,1,0.9045861,0.833903,0.8095679,0.8121372,0.6777729,0.6727158,0.6559626,0,0,0,0,0,0,0,0
0,0,0,0,0,0,0,0,0,0,0,0,0,0,0,0.9283561,1,0.865396,0.8186572,0.801328,0,0,0,0,0,0,0,0,0,0,0,0,0,0,0,0,0,0,0,0,0,0,0,0,0,0,0,0,0,0.976292,1,0.9032236,0.8442236,0,0,0,0,0,0,0,0,0,0,0,0,0,0,0,0,0,0,0,0,0,0,0,0,0.7326679,0.7180679,0,0.7641679,0.9260245,1,0.9252484,0.8084831,0.7628586,0.7173555,0,0,0,0,0,0,0,0,0,0,0,0,0,0,0,0,0,0,0,0,0,0,0,0,0,0,0.7777811,0.794371,0.9925145,1,0.8579718,0.7307202,0,0,0,0,0,0,0,0,0,0,0,0,0,0,0,0,0,0,0,0,0,0,0,0,0,0,0,0,0.8128086,0.9392699,1,0.9386545,0.7532662,0,0,0,0,0,0,0,0,0,0,0,0,0
0,0.7524712,0.7946075,0.8182986,0.7755302,0.7516004,0.7831494,0,0,0.7504181,0.7865802,0,0,0,0,0.9320195,1,0.9077838,0,0,0,0,0,0,0,0,0,0,0,0,0,0,0,0,0,0,0,0,0,0,0,0,0,0,0,0,0,0,0,0.9785951,1,0,0,0,0,0,0,0,0,0,0,0,0,0,0,0,0,0.7556173,0.7369569,0.6839205,0,0,0.6972344,0.6892686,0.6944287,0.6851389,0,0.6960715,0,0,0.720007,0.9252961,1,0.8931057,0.7072361,0.6773114,0,0,0,0,0,0,0,0,0,0,0,0,0,0,0.7770485,0.7427979,0.7036976,0.7448215,0.7536211,0.7634466,0.7115321,0,0,0,0,0.7320309,0.7495502,0,0.8042678,1,0.9992512,0.8414819,0.7393048,0.7155569,0,0,0,0,0,0,0,0,0,0,0,0,0,0.71944,0.6951739,0.7204731,0.7353054,0.7185283,0,0,0,0,0,0,0,0,0,0.7669027,0.8926918,1,0.9363613,0.755838,0.6886014,0,0,0,0,0,0,0,0,0,0,0,0
0.7063262,0.7463247,0.6970174,0.7439781,0,0.7878289,0.7928059,0,0,0.7426175,0,0,0,0,0,0.9229563,1,0.8875093,0.7236274,0,0,0,0,0,0,0,0,0,0,0,0,0,0,0,0,0,0.759702,0.7891417,0.758,0,0,0.7617068,0.8367708,0.8039333,0,0,0,0,0.8658017,1,0.9948089,0.8185819,0,0,0,0,0,0,0,0,0,0,0,0,0,0,0.7101511,0.7316515,0.7320203,0.7172754,0.7319095,0.7150893,0,0,0.7072546,0.6483316,0,0,0.7142235,0.695464,0.685289,0.9503225,1,0.8795189,0,0,0,0,0,0,0,0,0,0,0,0,0,0,0,0.7843108,0.7894784,0.7744436,0.7699481,0.7963483,0.7907571,0.7268375,0.6951784,0.7756803,0.7572656,0,0,0.7347994,0.7956656,0.8241943,0.7894042,1,0.9829239,0.7706326,0,0,0,0,0,0,0,0,0,0,0,0,0,0,0.6970695,0.7096972,0.682142,0.7076198,0.7681625,0.7257676,0.6570981,0.6702624,0.685253,0.6912331,0.6846242,0.6665151,0,0,0,0.6963124,0.9595408,1,0.8519084,0,0,0,0,0,0,0,0,0,0,0,0,0,0
0,0,0,0,0,0,0.7316437,0.7470706,0.7297388,0.7377309,0.7996717,0.7921758,0.8833892,0.9004766,0.8236762,0.911375,1,0.8932375,0,0,0,0,0,0,0,0,0,0,0,0,0,0,0,0,0,0,0,0,0,0,0,0.8299611,0.9122375,0.933236,0.8871489,0.8257146,0,0.8321565,0.8978297,0.9765893,1,0,0,0,0,0,0,0,0,0,0,0,0,0,0,0,0,0,0,0,0,0,0.6698437,0.7311196,0.7856019,0.8139405,0.7701614,0,0.7149321,0.8176953,0.7658707,0.9495484,1,0.8771836,0,0,0,0,0,0,0,0,0,0,0,0,0,0,0,0,0,0,0,0,0,0.7737785,0.7941472,0.8813982,0.9284444,0.8811079,0,0,0.9037949,0.9005844,0.9624915,1,0.8798197,0.8375542,0,0,0,0,0,0,0,0,0,0,0,0,0,0,0,0,0,0,0,0,0,0,0,0.7473856,0.7683701,0.7374942,0.7211092,0,0.7638737,0.8503908,0.8551155,1,0.9111793,0,0,0,0,0,0,0,0,0,0,0,0,0,0
0,0,0,0,0,0,0,0,0,0,0,0.7850479,0.8515287,0.818934,0.7940618,0.9111277,1,0.9204154,0,0,0,0,0,0,0,0,0,0,0,0,0,0,0,0,0,0,0,0,0,0,0,0,0,0,0,0.8547245,0.8698778,0,0,1,0.9586205,0,0,0,0,0,0,0,0,0,0,0,0,0,0,0,0,0,0,0,0,0,0,0,0,0,0,0.7752342,0.8192419,0.8284031,0.7769029,0.9609421,1,0.8653792,0,0,0,0,0,0,0,0,0,0,0,0,0,0,0,0,0,0,0,0,0,0,0,0,0,0,0.7644432,0.7639821,0.7782851,0.8442106,0.9210926,1,0.9725369,0.815697,0,0,0,0,0,0,0,0,0,0,0,0,0,0,0,0,0,0,0,0,0,0,0,0,0,0,0,0,0,0.8633246,0.8679866,1,0.9293642,0,0,0,0,0,0,0,0,0,0,0,0,0,0
0,0,0,0,0,0,0,0,0,0,0,0.6449155,0,0,0.7305996,0.9447148,1,0.8872817,0,0,0,0,0,0,0,0,0,0,0,0,0,0,0,0,0,0,0,0,0,0,0,0,0,0,0,0,0,0,0.8640672,1,0.9698135,0.7873406,0,0,0,0,0,0,0,0,0,0,0,0,0,0,0,0,0,0,0,0,0,0.615922,0.6020956,0.6529937,0.6833148,0.7001372,0.6682723,0,0.732691,0.9582308,1,0.8846203,0.6246997,0,0.6806738,0.6803931,0.6733246,0,0,0,0,0,0,0,0,0,0,0,0,0,0,0,0,0,0,0,0,0.6793706,0.6916144,0.6988618,0,0.7108579,0.8565277,1,0.9790027,0.769355,0,0,0,0,0,0,0,0,0,0,0,0,0,0,0,0,0,0,0,0,0,0,0,0,0,0,0,0,0,0.7757584,0.9651897,1,0.8458629,0,0,0.7261758,0.733606,0.7078829,0,0,0,0,0,0,0,0,0
0,0,0,0,0,0,0,0,0,0,0,0,0,0,0,0.9152304,1,0.8959706,0,0,0,0,0,0,0,0,0,0,0,0,0,0,0,0,0,0,0,0,0,0,0,0,0,0,0,0,0,0,0.8277617,1,0.9471367,0.7412797,0,0,0,0,0,0,0,0,0,0,0,0,0,0,0,0,0,0,0,0,0,0,0,0,0,0,0,0.6196421,0.6489831,0.9521645,1,0.8693828,0,0,0,0,0,0,0,0,0,0,0,0,0,0,0,0,0,0,0,0,0,0,0,0,0,0,0,0,0,0,0.8667255,1,0.9520534,0.6704252,0,0,0,0,0,0,0,0,0,0,0,0,0,0,0,0,0,0,0,0,0,0,0,0,0,0,0,0,0,0,0.9639617,1,0.8135763,0.7789266,0,0,0,0,0,0,0,0,0,0,0,0,0
