GestureName: check
Duration(ms): 846
Handedness: right

SpeakerAngles: 5
55
-55
0
0
110

SpeakerElevations: 5
-10
-10
-10
0
30

InterpretedPoints: 18
0.820888078587149,-0.0275337439884241,0.82635182233307
9.68757780657696,2.15336037521563,-0.541889066001582
-0.806707284111599,0.564862521463624,-0.17364817766693
0,0,0
0,0,0
-1.62050496546097,-5.22308764777422,0.194592710667721
-0.00709039723777505,-5.35281269070147,0.541889066001582
-0.0141807944755501,-1.52213653048741,-0.479055466999209
-0.00709039723777505,-1.25347214174981,-0.152703644666139
0,3,0
4.03353642055799,12.7635436193669,-1.56283359900237
2.4201218523348,1.69458756439087,-0.520944533000791
-4.06898840674687,-4.47343259540651,-1.97905546699921
0,0,0
0,-0.984807753012208,0.17364817766693
0.827978475824924,-11.9727427001419,2.36824088833465
0,0,0
0,0,0

StrokePoints: 19
0,0,0
0.820888078587149,-0.0275337439884241,0.82635182233307
10.5084658851641,2.1258266312272,0.284462756331487
9.70175860105251,2.69068915269082,0.110814578664557
9.70175860105251,2.69068915269082,0.110814578664557
9.70175860105251,2.69068915269082,0.110814578664557
8.08125363559154,-2.5323984950834,0.305407289332278
8.07416323835376,-7.88521118578487,0.84729635533386
8.05998244387821,-9.40734771627228,0.368240888334652
8.05289204664044,-10.6608198580221,0.215537243668512
8.05289204664044,-7.66081985802209,0.215537243668512
12.0864284671984,5.10272376134486,-1.34729635533386
14.5065503195332,6.79731132573573,-1.86824088833465
10.4375619127864,2.32387873032923,-3.84729635533386
10.4375619127864,2.32387873032923,-3.84729635533386
10.4375619127864,1.33907097731702,-3.67364817766693
11.2655403886113,-10.6336717228249,-1.30540728933228
11.2655403886113,-10.6336717228249,-1.30540728933228
11.2655403886113,-10.6336717228249,-1.30540728933228

Velocities: 18
0,1,0
12,1,-7
0,1,0
0,0,0
0,0,0
-1,0,-3
-1,-2,-3
0,-2,-1
0,-1,-1
0,0,0
5,0,4
3,0,0
0,0,-3
0,0,0
0,0,-1
-2,0,-3
0,0,0
0,0,0

InverseVelocities: 18
0,0,0
-12,0,1
0,0,0
0,0,0
0,0,0
0,0,0
0,0,3
0,0,0
0,0,0
0,0,0
0,0,-3
0,0,0
0,0,0
0,0,0
0,0,0
0,0,8
0,0,0
0,0,0

RawData: 18
0,0,0,0,0,0,0,0,0,0,0,0,0,0,0,0.8967834,1,0.8831017,0.8065298,0,0,0,0,0,0,0,0,0,0,0,0,0,0,0,0,0,0,0,0,0,0,0,0,0,0,0,0,0,0.8772829,1,0.9314585,0,0,0.8425292,0,0,0,0,0,0,0,0,0,0,0,0,0,0,0,0,0,0,0,0,0,0,0,0,0,0,0,0.9576216,1,0.7899644,0.7794808,0.669865,0,0,0,0,0,0,0,0,0,0,0,0,0,0,0,0,0,0,0,0,0,0,0,0,0,0,0,0.7651979,0.8052579,1,0.9849157,0.9002095,0.7886026,0,0,0,0,0,0,0,0,0,0,0,0,0,0,0,0,0,0,0,0,0,0,0,0,0,0,0,0,0,0.929742,0.858942,1,0.9419115,0.8612438,0.8051366,0,0,0,0,0,0,0,0,0,0,0
0,0.6991633,0.6950349,0,0,0,0,0.7053888,0.6897528,0,0,0.7114266,0.7055568,0,0,0.8983014,1,0.9237723,0,0,0,0,0,0,0,0.6925225,0.7164865,0.695759,0.6885397,0.7138411,0,0.6915275,0.6884897,0,0,0,0,0,0,0,0,0,0,0,0,0,0,0,0.8443904,0.9636288,0.9587007,1,0.9420795,0.8173651,0,0,0,0,0,0,0,0,0,0,0,0,0,0,0,0,0,0,0.6203225,0.6350525,0,0,0.6448641,0.6784955,0.6852208,0.6486539,0.6839003,0.9440936,1,0.8604525,0.7442578,0.7294661,0.6376277,0,0,0,0,0,0,0,0,0,0,0,0,0,0,0,0,0,0,0,0,0,0,0,0,0,0,0,0.9008922,1,0.8495959,0.9845919,0.799831,0.7577897,0.7073924,0,0,0,0,0,0,0,0,0,0,0,0,0,0,0,0,0,0,0,0,0,0,0,0,0,0,0,0.977026,1,0.9256164,0.9345311,0.8722963,0,0,0,0,0,0,0,0,0,0,0,0
0,0,0,0,0,0,0,0,0,0,0,0,0,0,0,0.9225467,1,0.8858061,0.7904205,0,0,0,0,0,0,0,0,0,0,0,0,0,0,0,0,0,0,0,0,0,0,0,0,0,0,0,0,0,0.8660751,1,0.9121063,0.9838953,0.8619209,0.8202942,0,0,0,0,0,0,0,0,0,0,0,0,0,0,0,0,0,0,0,0,0,0,0,0,0,0,0.6976374,0.9623732,1,0.8317113,0.7227203,0.6938322,0,0,0,0,0,0,0,0,0,0,0,0,0,0,0,0,0,0,0,0,0,0,0,0,0,0,0,0,0.8673347,1,0.983586,0.8089981,0,0,0,0,0,0,0,0,0,0,0,0,0,0,0,0,0,0,0,0,0,0,0,0,0,0,0,0,0,0,0.8964013,1,0.9342365,0.7901169,0,0,0,0,0,0,0,0,0,0,0,0,0
0,0,0,0,0,0,0,0,0,0,0,0,0,0,0.7944664,0.9195822,1,0.9019244,0,0,0,0,0,0,0,0,0,0,0,0,0,0,0,0,0,0,0,0,0,0,0,0,0,0,0,0,0,0,0.9001325,1,0.9748898,0.8504097,0.7893964,0,0,0,0,0,0,0,0,0,0,0,0,0,0,0,0,0,0,0,0,0,0,0,0,0,0,0,0.7501807,0.9538566,1,0.8808654,0,0.642625,0,0,0,0,0,0,0,0,0,0,0,0,0,0,0,0,0,0,0,0,0,0,0,0,0,0,0,0.7306908,0.8425825,1,0.9485953,0,0,0,0,0,0,0,0,0,0,0,0,0,0,0,0,0,0,0,0,0,0,0,0,0,0,0,0,0,0,0,0.977398,1,0.8337101,0,0,0,0,0,0,0,0,0,0,0,0,0,0
0,0,0,0,0,0,0,0,0,0,0,0,0,0,0.8265305,0.9551903,1,0.8643786,0,0,0,0,0,0,0,0,0,0,0,0,0,0,0,0,0,0,0,0,0,0,0,0,0,0,0,0,0,0,0,0.9983264,1,0,0,0,0,0,0,0,0,0,0,0,0,0,0,0,0,0,0,0,0,0,0,0,0,0,0,0,0,0,0.745127,0.9551205,1,0.8895666,0,0,0,0,0,0,0,0,0,0,0,0,0,0,0,0,0,0,0,0,0,0,0,0,0,0,0,0,0.7649068,0.7760098,0.8760026,1,0.9632324,0.8043807,0.75196,0,0,0,0,0,0,0,0,0,0,0,0,0,0,0,0,0,0,0,0,0,0,0,0,0,0,0,0.9319069,1,0.9941313,0.8353411,0,0,0,0,0,0,0,0,0,0,0,0,0,0,0
0,0,0,0,0,0,0,0,0,0,0,0,0.7640162,0.8518411,0.8870715,0.914242,1,0.8916508,0.6874307,0,0,0,0,0,0,0,0,0,0,0,0,0,0,0,0,0,0,0,0,0,0,0,0,0,0,0,0,0,0.9356432,0.9721707,1,0.8933064,0.8985207,0,0,0,0,0,0,0,0,0,0,0,0,0,0,0,0,0,0,0,0,0,0,0,0.6328098,0.6540121,0.7104436,0.8112171,0.847656,0.9175829,1,0.8818735,0.6983594,0,0,0,0,0,0,0,0,0,0,0,0,0,0,0,0,0,0,0,0,0,0,0,0,0,0.7102526,0.7775251,0,0.7906156,0.822171,1,0.9581922,0,0,0,0,0,0,0,0,0,0,0,0,0,0,0,0,0,0,0,0,0,0,0,0,0,0,0,0.7456887,0.8160996,0,0.7102729,0.9212951,1,0.9070059,0,0,0,0,0,0,0,0,0,0,0,0,0,0
0,0,0,0,0,0,0,0,0,0,0,0,0.7730971,0,0.7904059,0.9177492,1,0.9108157,0,0,0,0,0,0,0,0,0,0,0,0,0,0,0,0,0,0,0,0,0,0,0,0,0,0,0.970199,0.9391078,0,0,0,0,1,0.949008,0,0,0,0,0,0,0,0,0,0,0,0,0,0,0,0,0,0,0,0,0,0,0,0,0.6951758,0.760506,0.7269312,0.7440723,0.7175935,0.9440433,1,0.8862711,0.7427767,0.6873686,0,0.6842878,0.6837785,0,0,0,0,0,0,0,0,0,0,0,0,0,0,0,0,0,0,0,0,0,0,0.8035941,0.7712258,0.7601269,0.9074016,1,0.9107238,0.838088,0,0,0,0,0,0,0,0,0,0,0,0,0,0,0,0,0,0,0,0,0,0,0,0,0,0,0.7570033,0.8475541,0.8282053,0.7727582,0.9317621,1,0.9195798,0.7400661,0,0,0,0,0,0,0,0,0,0,0,0,0
0,0,0,0,0,0,0,0,0,0,0,0,0,0,0,0.9096408,1,0.9122489,0,0,0,0,0,0,0,0,0,0,0,0,0,0,0,0,0,0,0,0,0,0,0,0,0,0,0.9243701,0.9131191,0,0.9273496,0.9200835,1,0.9819254,0,0,0,0,0,0,0,0,0,0,0,0,0,0,0,0,0,0,0,0,0,0,0,0,0,0,0,0.7323953,0.7602777,0.75647,0.9602494,1,0.8543044,0,0,0,0,0,0,0,0,0,0,0,0,0,0,0,0,0,0,0,0,0,0,0,0,0,0,0,0,0.8291265,0.8098111,0.8449336,1,0.9726679,0.7485822,0.7341364,0,0,0,0,0,0,0,0,0,0,0,0,0,0,0,0,0,0,0,0,0,0,0,0,0.7223823,0.7362555,0.753976,0.8362643,0.8072293,0.9441589,1,0.9192825,0,0,0,0,0,0,0,0,0,0,0,0,0,0
0,0,0,0,0,0,0,0,0,0,0,0,0,0.72971,0.7733858,0.9176593,1,0.9043619,0.6896427,0.6758868,0,0,0,0,0,0,0,0,0,0,0,0,0,0,0,0,0,0,0,0,0,0,0,0,0,0.8169046,0.9796962,1,0.9199924,0.823417,0.9063613,0.7873566,0,0,0,0,0,0,0,0,0,0,0,0,0,0,0,0,0,0,0,0,0,0,0,0,0,0,0.7341753,0.7971053,0.7911538,0.9465055,1,0.8794481,0.704065,0,0,0,0,0,0,0,0,0,0,0,0,0,0,0,0,0,0,0,0,0,0,0,0,0,0,0,0.7736599,0.7681689,0.796389,1,0.9823996,0.6722441,0,0,0,0,0,0,0,0,0,0,0,0,0,0,0,0,0,0,0,0,0,0,0,0,0,0,0.8634813,0.8858833,0.8233839,0.8174016,1,0,0.9753345,0,0,0,0,0,0,0,0,0,0,0,0,0,0
0,0,0,0,0,0,0,0,0,0,0,0,0,0,0,0.8966011,1,0.9108552,0,0.777503,0,0,0,0,0,0,0,0,0,0,0,0,0,0,0,0,0,0,0,0,0,0,0,0,0,0,0,0,1,0.9795431,0.9808763,0,0,0,0,0,0,0,0,0,0,0,0,0,0,0,0,0,0,0,0,0,0,0,0,0,0,0,0,0,0.7371152,0.9462138,1,0.8930792,0,0,0,0,0,0,0,0,0,0,0,0,0,0,0,0,0,0,0,0,0,0,0,0,0,0,0,0,0,0.7455849,0.734337,0.9997279,1,0.7882099,0.7219326,0.7795213,0.7564496,0.7215768,0,0,0,0,0,0,0,0,0,0,0,0,0,0,0,0,0,0,0,0,0,0,0,0,0.770682,0.8230705,0.9425049,1,0.8986665,0,0,0,0,0,0,0,0,0,0,0,0,0,0
0,0,0,0,0,0,0,0,0,0,0,0,0,0,0,0.9190718,1,0.8906272,0,0,0,0,0,0.7281353,0.7117383,0,0,0,0,0,0,0,0,0,0,0,0,0,0,0,0,0,0,0,0,0,0,0.8029955,0.8827316,1,0.9746447,0.8219424,0,0,0,0,0,0,0,0,0,0,0,0,0,0,0,0,0,0,0,0,0,0,0,0,0.6619884,0.6957196,0.6854467,0.6673784,0.71272,0.9248309,1,0.9138748,0.7296196,0,0.6898596,0.6853446,0.7248213,0.6842154,0,0,0,0,0,0,0,0,0,0,0,0,0,0,0,0,0,0,0,0,0,0.6792853,0.6850909,0,0.8359494,1,0.9774358,0.7272429,0,0,0.7163196,0.6786398,0,0.7210603,0.672342,0,0,0,0,0,0,0,0,0,0,0,0,0,0,0,0,0,0,0,0,0,0,0.735517,0.9374816,1,0.8912315,0,0,0,0,0,0,0,0,0,0,0,0,0,0
0,0,0,0,0,0,0,0,0,0,0,0,0,0,0,0.8776175,1,0.9272552,0,0,0,0.7906756,0.7761264,0,0,0,0,0,0,0,0,0,0,0,0,0,0,0,0,0,0,0,0,0,0,0,0,0,0,1,0.9758621,0,0,0,0,0,0,0,0,0,0,0,0,0,0,0,0,0,0,0,0,0,0,0,0,0,0,0,0,0,0,0.9181463,1,0.8823205,0.7477993,0,0,0,0,0,0,0,0,0,0,0,0,0,0,0,0,0,0,0,0,0,0,0,0,0,0,0,0,0,0.8491092,1,0.9685864,0,0,0,0,0,0,0,0,0,0,0,0,0,0,0,0,0,0,0,0,0,0,0,0,0,0,0,0,0,0,0,0.9202798,1,0.8595365,0,0,0,0,0,0,0,0,0,0,0,0,0,0
0,0,0,0,0,0,0,0,0,0,0,0,0,0,0,0.8982241,1,0.9010512,0,0,0,0,0,0,0,0,0,0,0,0,0,0,0,0,0,0,0,0,0,0,0,0,0,0,0,0,0,0,0,0.9892286,1,0.8467088,0,0,0,0,0,0,0,0,0,0,0,0,0,0,0,0,0,0,0,0,0,0,0,0,0.6396402,0.6510065,0,0,0,0.9167142,1,0.893702,0.6563945,0,0,0,0,0,0,0,0,0,0,0,0,0,0,0,0,0,0,0,0,0,0,0,0,0.7122172,0.6785098,0,0,0,0.8383866,1,0.9531915,0,0,0,0,0,0,0,0,0,0,0,0,0,0,0,0,0,0,0,0,0,0,0,0.7077314,0.7326679,0.7199435,0,0,0,0,0,0.919214,1,0.9030707,0,0,0,0,0,0,0,0,0,0,0,0,0,0
0,0,0,0,0,0,0,0,0,0,0,0,0,0,0,0.9070724,1,0.9162696,0,0,0,0,0,0,0,0,0,0,0,0,0,0,0,0,0,0,0,0,0,0,0,0,0,0,0,0,0,0,0,0.9075897,0.9721306,1,0,0,0,0,0,0,0,0,0,0,0,0,0,0,0,0,0,0,0,0,0,0,0,0,0,0,0,0,0,0.9258181,1,0.9129679,0,0,0,0,0,0,0,0,0,0,0,0,0,0,0,0,0,0,0,0,0,0,0,0,0,0,0,0,0,0,0.8707992,1,0.9603027,0,0,0,0,0,0,0,0,0,0,0,0,0,0,0,0,0,0,0,0,0,0,0,0,0,0,0,0,0,0,0,0.9547775,1,0.8840125,0.7756627,0,0,0,0,0,0,0,0,0,0,0,0,0
0,0,0,0,0,0,0,0,0,0,0,0,0,0,0,0.916285,1,0.8985609,0,0,0,0,0,0,0,0,0,0,0,0,0,0,0,0,0,0,0,0,0,0,0,0,0,0,0,0,0,0,0.8196335,0.971933,1,0.8738482,0,0,0,0,0,0,0,0,0,0,0,0,0,0,0,0,0,0,0,0,0,0,0,0,0,0,0.6515103,0.6861711,0.6824232,0.9268837,1,0.9068127,0.6478348,0,0,0,0,0,0,0,0,0,0,0,0,0,0,0,0,0,0,0,0,0,0,0,0,0,0,0,0.72116,0.7605713,0.8072614,1,0.9653084,0,0,0,0,0,0,0,0,0,0,0,0,0,0,0,0,0,0,0,0,0,0,0,0,0,0,0,0,0.8305759,0.8307713,0,0.8878427,1,0.8976666,0,0,0,0,0,0,0,0,0,0,0,0,0,0
0,0,0,0,0,0,0,0,0,0,0,0.6077764,0.6251975,0.5869392,0,0.9007073,1,0.9157427,0.6022511,0,0,0,0,0,0,0,0,0,0,0,0,0,0,0,0,0,0,0,0,0,0,0,0,0,0,0,0,0,0.7388008,0.9928797,1,0.7756514,0,0,0,0,0,0,0,0,0,0,0,0,0,0,0,0,0,0,0,0,0,0,0,0,0.5807386,0.6550139,0.6869367,0.5716959,0.5797726,0.9243377,1,0.8982096,0.570363,0.6443535,0.7022641,0.6933681,0.6012631,0,0,0.5793623,0.6049641,0.5593511,0,0,0,0,0,0,0,0,0,0,0,0.614035,0.612556,0,0,0,0.6785055,0.697325,0.6482417,0,0.8654097,1,0.9606135,0.7259581,0,0,0,0,0,0,0,0,0,0,0,0,0,0,0,0,0,0,0,0,0,0,0,0,0,0,0,0,0,0.66346,0.9209108,1,0.8702956,0,0,0.6562455,0.6525147,0,0,0,0,0,0,0,0,0,0
0,0,0,0,0,0,0,0,0,0,0,0,0,0,0,0.9003391,1,0.9053779,0,0,0,0,0,0,0,0,0,0,0,0,0,0,0,0,0,0,0,0,0,0,0,0,0,0,0,0,0,0,0.7909567,1,0.9798324,0.6689638,0,0,0,0,0,0,0,0,0,0,0,0,0,0,0,0,0,0,0,0,0,0,0,0,0,0,0,0,0,0.9264116,1,0.8738444,0,0,0,0,0,0,0,0,0,0,0,0,0,0,0,0,0,0,0,0,0,0,0,0,0,0,0,0,0,0,0.8400521,1,0.9473238,0,0,0,0,0,0,0,0,0,0,0,0,0,0,0,0,0,0,0,0,0,0,0,0,0,0,0,0,0,0,0,0.9508604,1,0.8329235,0,0,0,0,0,0,0,0,0,0,0,0,0,0
0,0,0,0,0,0,0,0,0,0,0,0,0,0,0,0.9225759,1,0.89397,0,0,0,0,0,0,0,0,0,0,0,0,0,0,0,0,0,0,0,0,0,0,0,0,0,0,0,0,0,0,0.823436,1,0.9859596,0.7666267,0,0,0,0,0,0,0,0,0,0,0,0,0,0,0,0,0,0,0,0,0,0,0,0,0,0,0,0,0.680428,0.944146,1,0.8845668,0,0,0,0,0,0,0,0,0,0,0,0,0,0,0,0,0,0,0,0,0,0,0,0,0,0,0,0,0,0,0.8711796,1,0.9283232,0,0,0,0,0,0,0,0,0,0,0,0,0,0,0,0,0,0,0,0,0,0,0,0,0,0,0,0,0,0,0.7357664,0.9678394,1,0.8481039,0,0,0,0,0,0,0,0,0,0,0,0,0,0
