GestureName: mu
Duration(ms): 1410
Handedness: right

SpeakerAngles: 5
55
-55
0
0
110

SpeakerElevations: 5
-10
-10
-10
0
30

InterpretedPoints: 30
0.813797681349374,-7.17466015682369,1.88918542133544
0,0,0
0,0,0
0,0,0
0.799616886873824,-2.46773109543218,0.368240888334652
0.813797681349374,0.688609620286184,0.32635182233307
4.86860529362069,8.02908081398702,0.784462756331487
7.29581754319326,7.732882681261,1.28446275633149
4.87569569085847,17.3970857516763,0.416221867996835
5.68949337220784,13.9255858350596,0.742573690329905
6.48911025908166,13.2825529557368,0.937166400997627
5.68949337220784,7.72690473715631,2.13175911166535
0,0,0
0,0,0
-6.48911025908166,-11.4122779986641,-0.589870045663766
-8.10961522454264,-27.1086890771839,1.51485261934019
-4.88987648533402,-19.1786723680182,-0.200684624328323
-3.26937151987304,-16.9100079792806,0.125667198004746
-1.62759536269875,-5.37721924057237,-0.652703644666139
-1.60632417098542,5.61226277655597,-1.2364817766693
4.09025959846019,21.966622537256,-0.167556264006328
5.71785496115894,24.3590340248162,0.658795558326741
4.09734999569797,17.1815231180053,1.37433280199525
0,1.96961550602442,-0.347296355333861
-0.820888078587149,-1.13257579291441,-0.826351822333069
-0.806707284111599,-2.54967027447583,0.347296355333861
0,0,0
0,0,0
0,0,0
0,0,0

StrokePoints: 31
0,0,0
0.813797681349374,-7.17466015682369,1.88918542133544
0.813797681349374,-7.17466015682369,1.88918542133544
0.813797681349374,-7.17466015682369,1.88918542133544
0.813797681349374,-7.17466015682369,1.88918542133544
1.6134145682232,-9.64239125225587,2.25742630967009
2.42721224957257,-8.95378163196969,2.58377813200316
7.29581754319326,-0.924700817982664,3.36824088833465
14.5916350863865,6.80818186327834,4.65270364466614
19.467330777245,24.2052676149546,5.06892551266297
25.1568241494528,38.1308534500143,5.81149920299288
31.6459344085345,51.4134064057511,6.74866560399051
37.3354277807423,59.1403111429074,8.88042471565585
37.3354277807423,59.1403111429074,8.88042471565585
37.3354277807423,59.1403111429074,8.88042471565585
30.8463175216607,47.7280331442433,8.29055466999209
22.736702297118,20.6193440670594,9.80540728933228
17.846825811784,1.44067169904122,9.60472266500395
14.577454291911,-15.4693362802394,9.7303898630087
12.9498589292122,-20.8465555208117,9.07768621834256
11.3435347582268,-15.2342927442558,7.84120444167326
15.433794356687,6.73232979300027,7.67364817766693
21.1516493178459,31.0913638178165,8.33244373599367
25.2489993135439,48.2728869358218,9.70677653798892
25.2489993135439,50.2425024418462,9.35948018265506
24.4281112349568,49.1099266489318,8.53312836032199
23.6214039508452,46.560256374456,8.88042471565585
23.6214039508452,46.560256374456,8.88042471565585
23.6214039508452,46.560256374456,8.88042471565585
23.6214039508452,46.560256374456,8.88042471565585
23.6214039508452,46.560256374456,8.88042471565585

Velocities: 30
0,0,-8
0,0,0
0,0,0
0,0,0
2,0,-7
0,0,1
3,1,3
4,0,3
4,3,5
3,2,8
4,1,4
1,0,4
0,0,0
0,0,0
-5,-2,-4
-10,-6,-10
-6,-7,-6
-5,-7,-6
0,0,-2
2,5,3
6,9,9
6,9,10
5,9,4
0,0,2
-1,-2,2
-1,0,-1
0,0,0
0,0,0
0,0,0
0,0,0

InverseVelocities: 30
0,0,1
0,0,0
0,0,0
0,0,0
-2,0,3
0,0,0
0,0,0
0,0,0
0,0,0
0,0,-2
0,0,0
0,0,0
0,0,0
0,0,0
0,0,3
0,0,0
0,0,0
0,0,0
0,0,0
0,0,0
0,0,0
0,0,0
0,0,0
0,0,-2
0,0,-2
0,0,0
0,0,0
0,0,0
0,0,0
0,0,0

RawData: 30
0,0,0,0,0,0,0,0,0,0,0,0,0,0,0.5968223,0.8669901,1,0.8956364,0.5691089,0,0,0,0,0,0,0,0,0,0,0,0,0,0,0,0,0,0,0,0,0,0,0,0,0,0,0,0,0,0.7770002,1,0.985455,0.7387588,0,0,0,0,0,0,0,0,0,0,0,0,0,0,0,0,0,0,0,0.5650895,0.541827,0.5670624,0,0,0.5457166,0.6121512,0.6630699,0.6497089,0.6307144,0.9135571,1,0.8623774,0.6192129,0.5496544,0.5620244,0,0,0,0,0,0,0,0,0,0,0,0,0,0,0,0,0,0,0,0,0,0,0,0,0,0,0.6585222,0.7826642,1,0.9354764,0.6353484,0,0.6507654,0,0,0,0,0,0,0,0,0,0,0,0,0,0,0,0,0,0,0,0,0,0,0,0,0,0,0.5668105,0.6727078,0.9368147,1,0.8533474,0.5926297,0.6070748,0,0,0,0,0,0,0,0,0,0,0,0
0,0,0,0,0,0,0,0,0,0,0,0,0,0,0,0.8997087,1,0.9237995,0,0,0,0,0,0,0,0,0,0,0,0,0,0,0,0,0,0,0,0,0,0,0,0,0,0,0,0,0,0,0,1,0.9904264,0,0,0,0,0,0,0,0,0,0,0,0,0,0,0,0,0,0,0,0,0,0,0,0,0,0,0,0,0,0,0.923486,1,0.9120042,0,0,0,0,0,0,0,0,0,0,0,0,0,0,0,0,0,0,0,0,0,0,0,0,0,0,0,0,0,0,0.8168664,1,0.9813118,0,0,0,0,0,0,0,0,0,0,0,0,0,0,0,0,0,0,0,0,0,0,0,0,0,0,0,0,0,0,0,0.9483819,1,0.8632792,0,0,0,0,0,0,0,0,0,0,0,0,0,0
0,0,0,0,0,0,0,0,0,0,0,0,0,0,0,0.897044,1,0.9192493,0,0,0,0,0,0,0,0,0,0,0,0,0,0,0,0,0,0,0,0,0,0,0,0,0,0,0,0,0,0,0,1,0.9832412,0,0,0,0,0,0,0,0,0,0,0,0,0,0,0,0,0,0,0,0,0,0,0,0,0,0,0,0,0,0,0.9199563,1,0.9059938,0,0,0,0,0,0,0,0,0,0,0,0,0,0,0,0,0,0,0,0,0,0,0,0,0,0,0,0,0,0,0,0.9997696,1,0,0,0,0,0,0,0,0,0,0,0,0,0,0,0,0,0,0,0,0,0,0,0,0,0,0,0,0,0,0,0,0.9640343,1,0.7707945,0,0,0,0,0,0,0,0,0,0,0,0,0,0
0,0,0,0,0,0,0,0,0,0,0,0,0,0,0.6000537,0.9119148,1,0.9042488,0,0,0,0,0,0,0,0,0,0,0,0,0,0,0,0,0,0,0,0,0,0,0,0,0,0,0,0,0,0,0,0.9675717,1,0.7844701,0,0,0,0,0,0,0,0,0,0,0,0,0,0,0,0,0,0,0,0,0,0,0,0,0,0,0,0,0.6126241,0.9265916,1,0.8961899,0.5943183,0,0,0,0,0,0,0,0,0,0,0,0,0,0,0,0,0,0,0,0,0,0,0,0,0,0,0,0,0,0.8144347,1,0.9572572,0.7104379,0,0,0,0,0,0,0,0,0,0,0,0,0,0,0,0,0,0,0,0,0,0,0,0,0,0,0,0,0,0.7396153,0.996305,1,0.777295,0,0,0,0,0,0,0,0,0,0,0,0,0,0
0,0,0,0,0,0,0,0,0,0,0,0.6533958,0.6739795,0,0.7019568,0.9460831,1,0.8956432,0,0.6270089,0.6734792,0.6459587,0,0,0,0,0,0,0,0,0,0,0,0,0,0,0,0,0,0,0,0,0,0,0,0,0,0,0.8315225,1,0.9731241,0,0,0,0,0,0,0,0,0,0,0,0,0,0,0,0,0,0,0,0,0,0.5954328,0.5808506,0,0,0.6441017,0.7085166,0.7191865,0.6427368,0.7222848,0.9487227,1,0.9000004,0.5800198,0.682547,0.71308,0.6769816,0.5892384,0,0,0,0,0,0,0,0,0,0,0,0,0,0,0,0,0,0,0,0,0,0,0,0,0,0.9038919,1,0.9561909,0.7931325,0,0.7137073,0.7403587,0.6784279,0,0,0,0,0,0,0,0,0,0,0,0,0,0,0,0,0,0,0,0,0,0,0.7454939,0.7163328,0,0.8428282,1,0.9875712,0.8071089,0,0,0,0,0,0,0,0,0,0,0,0,0,0
0,0,0,0,0,0,0,0,0,0,0,0,0,0,0.6675283,0.9609534,1,0.8476236,0.709954,0.7381433,0,0,0,0,0,0,0,0,0,0,0,0,0,0,0,0,0,0,0,0,0,0,0,0,0,0,0,0,0.8189251,1,0.9539819,0,0,0,0,0,0,0,0,0,0,0,0,0,0,0,0,0,0,0,0,0,0,0,0,0,0,0,0,0,0,0.9402528,1,0.902526,0.65629,0,0.6445762,0,0,0,0,0,0,0,0,0,0,0,0,0,0,0,0,0,0,0,0,0,0,0,0,0,0,0,0.929301,1,0.9541175,0.918802,0.7327086,0,0,0,0,0,0,0,0,0,0,0,0,0,0,0,0,0,0,0,0,0,0,0,0,0,0,0,0,0.8552443,1,0.9194169,0.9817542,0.8186378,0.7765668,0,0,0,0,0,0,0,0,0,0,0,0
0,0,0,0,0,0,0,0,0,0,0,0,0,0,0,0.9136109,1,0.8939211,0.723453,0.7230228,0.7884269,0.7431254,0.6262917,0,0,0,0,0,0,0,0,0,0,0,0,0,0,0,0,0,0,0,0,0,0,0,0,0,0.7545,1,0.996509,0.8561218,0.7514173,0.7366779,0,0,0,0,0,0,0,0,0,0,0,0,0,0,0,0,0,0,0,0,0,0,0,0,0,0,0.6433501,0.9568981,1,0.852807,0.8173382,0.7367018,0.7149075,0.667411,0.5622368,0,0,0,0,0,0,0,0,0,0,0,0,0,0,0,0,0,0,0,0,0,0,0,0,0,0.8219411,1,0.9767878,0.821584,0.8457833,0.7678986,0.796898,0.711036,0.5686359,0,0,0,0,0,0,0,0,0,0,0,0,0,0,0,0,0,0,0,0,0,0,0,0,0.724856,0.8260186,1,0.8886956,0.9200856,0.8048059,0.8027714,0.7728385,0.6441072,0,0,0,0,0,0,0,0,0
0,0,0,0,0,0,0,0,0,0,0,0,0,0,0,0.8821828,1,0.9585139,0.7849067,0.853779,0.8149301,0.7663474,0.829226,0.73883,0,0,0,0,0,0,0,0,0,0,0,0,0,0,0,0,0,0,0,0,0,0,0,0,0.911876,0.9908408,0,0.9645281,1,0,0,0,0,0,0,0,0,0,0,0,0,0,0,0,0,0,0,0,0,0,0,0,0,0,0,0,0,0.9532136,1,0.9266769,0.7568715,0.8529351,0.823157,0.7584344,0.7566398,0,0,0,0,0,0,0,0,0,0,0,0,0,0,0,0,0,0,0,0,0,0,0,0,0,0.915245,1,0.994328,0.9839312,0.9363372,0.9796296,0.9538745,0.8815166,0.8437256,0,0,0,0,0,0,0,0,0,0,0,0,0,0,0,0,0,0,0,0,0,0,0,0,0,0.8892288,1,0.9645506,0.914372,0.9712364,0.9291801,0.8480799,0.8503246,0.7733613,0,0,0,0,0,0,0,0
0,0,0,0,0,0,0,0,0,0,0,0,0,0,0.6585375,0.9176088,1,0.8761677,0.8230978,0.7789046,0.7817737,0.808233,0.7844035,0.7415214,0,0,0,0,0,0,0,0,0,0,0,0,0,0,0,0,0,0,0,0,0,0,0,0,0.7170897,0.9601163,1,0.9342159,0.801304,0,0.7205912,0.706515,0,0,0,0,0,0,0,0,0,0,0,0,0,0,0,0,0,0,0,0,0,0,0,0,0.6954779,0.9798223,1,0.7345385,0.7775684,0.788638,0.7645046,0.7342444,0.7729788,0.7304873,0.6185212,0,0,0,0,0,0,0,0,0,0,0,0,0,0,0,0,0,0,0,0,0,0,0,0.8760364,0.9938977,0.9875537,0.9798255,1,0.8487899,0.9286481,0.8876202,0.7667803,0,0,0,0,0.7042709,0.6806623,0,0,0,0,0,0,0,0,0,0,0,0,0,0,0,0,0,0,0.7229754,0.926232,1,0.8970982,0.9725856,0.6658252,0.8348761,0.8668786,0.6903034,0.7070471,0,0,0,0,0,0,0,0
0,0,0,0,0,0,0,0,0,0,0,0,0,0,0.7575145,0.9524909,1,0.9147649,0.8765211,0.9014613,0.8396394,0.7505359,0.7672769,0,0,0,0,0,0,0,0,0,0,0,0,0,0,0,0,0,0,0,0,0,0,0,0,0,0.8950055,1,0.9386018,0,0.8192858,0.8479925,0.8054959,0,0,0,0,0,0,0,0,0,0,0,0,0,0,0,0,0,0,0,0,0,0,0.7231224,0.7391546,0,0.7065137,0.9399877,1,0.9115201,0.7881079,0.8144762,0.8380417,0,0.7704843,0.753038,0,0.6824172,0.6819564,0.6860415,0,0,0,0,0,0,0,0,0,0,0,0,0,0,0,0,0,0,0,0,0.8155523,0.8777249,0.907849,0.9856809,1,0.9662831,0.8263014,0.8826184,0.8881148,0.7827894,0,0,0,0,0,0,0,0,0,0,0,0,0,0,0,0,0,0,0,0,0,0,0,0.814066,0.9862907,1,0.8166525,0.8637235,0.8794008,0.8478359,0.7841805,0.8013752,0.7638655,0.7198305,0,0,0,0,0,0,0
0,0,0,0,0,0,0,0,0,0,0,0,0,0,0,0.9543763,1,0.7777063,0.8086416,0.7976615,0.8292653,0.805042,0.7476252,0.74883,0,0,0,0,0,0,0,0,0,0,0,0,0,0,0,0,0,0,0,0,0,0,0,0,0.8145353,1,0.9833295,0.776379,0.8166266,0.8173971,0,0,0,0,0,0,0,0,0,0,0,0,0,0,0,0,0,0,0,0,0,0,0,0,0,0,0,0.9409533,1,0.8660756,0.8183089,0.8010253,0,0,0,0.6848313,0,0,0,0,0,0,0,0,0,0,0,0,0,0,0,0,0,0,0,0,0,0,0,0,0.9124293,1,0.950284,0.8423557,0.7809401,0.7884227,0.7080725,0.7496858,0.7745969,0.7427135,0,0.7279684,0.6979554,0,0,0,0,0,0,0,0,0,0,0,0,0,0,0,0,0,0,0,0,0.8155357,1,0.9983447,0.8423311,0.7642141,0,0,0,0.7007965,0.6782726,0,0,0,0,0,0,0,0
0,0,0,0,0,0,0,0,0,0,0,0,0,0,0,0.9330165,1,0.8815793,0.8050115,0.7746216,0.6873976,0,0,0,0,0,0,0,0,0,0,0,0,0,0,0,0,0,0,0,0,0,0,0,0,0,0,0,0.8450386,1,0.8178371,0.9250669,0.8367854,0,0,0,0,0,0,0,0,0,0,0,0,0,0,0,0,0,0,0,0,0,0,0,0,0,0,0,0.6406685,0.9481426,1,0.8711386,0.7982534,0.6807849,0.6537117,0,0.7089666,0.706125,0,0,0,0,0,0,0,0,0,0,0,0,0,0,0,0,0,0,0,0,0,0,0,0,0.8895521,1,0.9578669,0.838443,0.7369903,0.6702305,0.7097465,0.6712792,0,0.6783031,0,0,0,0,0,0,0,0,0,0,0,0,0,0,0,0,0,0,0,0,0,0,0,0.764426,0.9922063,1,0.811734,0,0,0,0,0.754943,0.8145965,0.7631174,0,0,0,0,0,0,0
0,0,0,0,0,0,0,0,0,0,0,0,0,0,0,0.8942278,1,0.9172597,0,0,0,0,0,0,0,0,0,0,0,0,0,0,0,0,0,0,0,0,0,0,0,0,0,0,0,0,0,0,0,1,0,0,0,0,0,0,0,0,0,0,0,0,0,0,0,0,0,0,0,0,0,0,0,0,0,0,0,0,0,0,0,0.955849,1,0.8375508,0,0,0,0,0,0,0,0,0,0,0,0,0,0,0,0,0,0,0,0,0,0,0,0,0,0,0,0,0,0,0.894536,1,0.890643,0,0,0,0,0,0,0,0,0,0,0,0,0,0,0,0,0,0,0,0,0,0,0,0,0,0,0,0,0,0,0,0.9732469,1,0,0,0,0,0,0,0,0,0,0,0,0,0,0,0
0,0,0,0,0,0,0,0,0,0,0,0,0,0,0,0.9362264,1,0,0,0,0,0,0,0,0,0,0,0,0,0,0,0,0,0,0,0,0,0,0,0,0,0,0,0,0,0,0,0,0,0.9811987,1,0.9920456,0,0,0,0,0,0,0,0,0,0,0,0,0,0,0,0,0,0,0,0,0,0,0,0,0,0,0,0,0,0.9541963,1,0.8598497,0,0,0,0,0,0,0,0,0,0,0,0,0,0,0,0,0,0,0,0,0,0,0,0,0,0,0,0,0,0,0.8923054,1,0.9415007,0,0,0,0,0,0,0,0,0,0,0,0,0,0,0,0,0,0,0,0,0,0,0,0,0,0,0,0,0,0,0,0.9611795,1,0,0,0,0,0,0,0,0,0,0,0,0,0,0,0
0,0,0,0,0,0,0,0,0.7448655,0.7888108,0.8054476,0.7481858,0.748292,0.7258397,0,0.9481663,1,0.849443,0.7483765,0,0,0,0,0,0,0,0,0,0,0,0,0,0,0,0,0,0,0,0,0,0,0,0,0,0.8791217,0.9311413,0.9897842,1,0.8979285,0.9475417,0.9362776,0.8116409,0,0,0,0,0,0,0,0,0,0,0,0,0,0,0,0,0,0,0,0,0,0,0,0.6892222,0.6870698,0.6604598,0.7247274,0.7306195,0,0.9567571,1,0.8454799,0.7086601,0.5910233,0.6414879,0.6803612,0.5931219,0,0,0,0,0,0,0,0,0,0,0,0,0,0,0,0,0,0,0.6584233,0.696052,0.6558992,0.7759023,0.7055037,0.7230903,0.6776615,0.8212643,1,0.9680629,0.7482358,0.7170188,0.6424357,0,0,0,0,0,0,0,0,0,0,0,0,0,0,0,0,0,0,0,0,0.7552397,0.7766806,0.7860602,0.7536917,0.7452058,0,0,0.9207228,1,0.9162403,0,0.8814994,0.8056515,0,0,0,0,0,0,0,0,0,0,0,0
0,0,0,0.65253,0.6774861,0,0.6258869,0.6983478,0.7158248,0.6824995,0.6645783,0,0,0,0,0.9118825,1,0.8867033,0,0,0,0,0,0,0,0,0,0,0,0,0,0,0,0,0,0,0,0,0,0,0.868677,0.7569267,0.8389898,0.9264588,0.9585338,0.9974118,1,0.9492236,0.8858675,0.8988155,0.8696382,0.8729655,0.8095857,0,0,0,0,0,0,0,0,0,0,0,0,0,0,0,0,0.6092222,0.6372492,0.6170699,0.6302232,0.6744913,0.6051578,0.6740634,0.6711203,0.7323046,0.6621673,0.6575074,0,0.9424844,1,0.8623127,0.680337,0,0,0,0,0,0,0,0,0,0,0,0,0,0,0,0,0,0.6896167,0.6664463,0,0,0,0.7694847,0.7958751,0.7563933,0.6596372,0.6876935,0.7748009,0.736655,0.8365161,1,0.9736192,0.673737,0.6174793,0,0.6417068,0.6037622,0,0,0,0,0,0,0,0,0,0,0,0,0,0,0,0,0,0.8201397,0.756592,0.7909544,0,0.9165024,0.8028511,0.8403744,0.7589866,0.9017792,1,0.9724057,0.8267519,0.7687697,0,0,0,0,0,0,0,0,0,0,0,0,0
0,0,0,0,0,0,0,0.7331488,0.7857279,0.7944884,0.7165932,0.7218919,0,0,0,0.9202448,1,0.9343719,0.7390468,0,0,0,0,0,0,0,0,0,0,0,0,0,0,0,0,0,0,0,0,0.8215051,0.9298881,0.9166027,0.8967541,0,0.9190848,0.9334905,0,0.9677369,1,0.9682975,0.9202766,0.8166838,0,0,0,0,0,0,0,0,0,0,0,0,0,0,0,0,0,0,0,0,0,0.7266291,0.7362414,0,0.7903572,0.8022278,0,0.7788808,0.7568666,0.9659739,1,0.8800629,0.7372546,0,0,0,0,0,0,0,0,0,0,0,0,0,0,0,0,0,0,0,0.7306853,0.7789612,0.8227876,0.7820882,0,0.8553498,0.8619049,0.7457198,0.819417,0.8289225,0,1,0.9856796,0,0,0,0,0,0,0,0,0,0,0,0,0,0,0,0,0,0,0,0,0,0.8708472,0.9418622,0.9268624,0.816192,0.8955463,1,0.9820116,0,0.9067863,0.9413322,0.9515525,0.9131342,0.9617478,0.8930338,0,0,0,0,0,0,0,0,0,0,0,0,0
0,0,0,0,0,0,0,0,0.6753052,0.7028,0.6677336,0.720138,0.7440734,0.7336015,0.6770818,0.8950266,1,0.9177665,0,0,0,0,0,0,0,0,0,0,0,0,0,0,0,0,0,0,0,0,0,0.7116939,0.7453431,0.786921,0.8538825,0.9016817,0.8657724,0.8434867,0.855314,0.8382905,1,0.9263124,0.8332655,0,0,0,0,0,0,0,0,0,0,0,0,0,0,0,0,0,0,0,0,0,0,0.694761,0.6417426,0.7273308,0.7836241,0.6830199,0.7558275,0.7952992,0.7393578,0.9024644,1,0.8906789,0.6941293,0.6173156,0,0,0,0,0,0,0,0,0,0,0,0,0,0,0,0,0,0,0,0,0.6417283,0,0.7614775,0.8580533,0.8196124,0.8333537,0.8915815,0.8253673,0.8187621,1,0.9762648,0.6872247,0,0,0,0,0,0,0,0,0,0,0,0,0,0,0,0,0,0,0,0,0,0.7204233,0.780636,0.7632996,0.881991,0.8489403,0.7780249,0.9107535,0.8397861,0.9722973,1,0.9673508,0.766939,0.7132251,0,0,0,0,0,0,0,0,0,0,0,0,0
0,0,0,0,0,0,0,0,0,0,0,0,0,0,0.7281519,0.9381151,1,0.870108,0,0,0,0,0,0,0,0,0,0,0,0,0,0,0,0,0,0,0,0,0,0,0,0,0,0,0,0,0.7895928,0.8144611,0.9265945,1,0.8550918,0,0,0,0,0,0,0,0,0,0,0,0,0,0,0,0,0,0,0,0,0,0,0,0,0,0,0.7194827,0.7560821,0.6608024,0.799463,0.9238381,1,0.8936783,0,0,0,0,0,0,0,0,0,0,0,0,0,0,0,0,0,0,0,0,0,0,0,0,0.5883828,0,0.6600813,0.7198558,0.6377665,0.7230169,0.9187264,1,0.9432501,0.6902459,0,0.6754774,0.6461088,0,0,0,0,0,0,0,0,0,0,0,0,0,0,0,0,0,0,0,0,0,0,0.7451674,0.7351375,0.8231139,0.8372603,0.9113427,1,0.8272084,0.8287972,0,0,0,0,0,0,0,0,0,0,0,0,0,0
0,0,0,0,0,0,0,0,0,0,0,0,0,0,0.7306206,0.8708804,1,0.9433766,0.815676,0.821965,0.7670714,0.7441342,0,0,0,0,0,0,0,0,0,0,0,0,0,0,0,0,0,0,0,0,0,0,0,0,0,0,0.9181601,1,0.7472728,0.7411769,0.808394,0.893292,0.8913226,0.8048276,0.7722725,0.7498794,0,0,0,0,0,0,0,0,0,0,0,0,0,0,0,0,0,0,0,0,0,0.5891727,0.7573532,0.9260519,1,0.9025151,0.7405499,0.7806765,0.7497626,0.6614915,0.5919612,0,0,0,0,0,0,0,0,0,0,0,0,0,0,0,0,0,0,0,0,0,0,0.5896773,0,0.6412534,0.8103606,1,0.9673199,0.8092359,0.6590157,0.7335846,0.6664627,0.6687101,0.6194405,0,0,0,0,0,0,0,0,0,0,0,0,0,0,0,0,0,0,0,0,0,0,0,0,0.7779142,1,0.9660053,0.8794216,0.8570297,0.786181,0,0,0,0,0,0,0,0,0,0,0,0
0,0,0,0,0,0,0,0,0,0,0,0,0,0,0,0.8979454,1,0.9211729,0,0.67038,0.7101589,0.7272468,0,0.767103,0.7832453,0.7259719,0,0,0,0,0,0,0,0,0,0,0,0,0,0,0,0,0,0,0,0,0,0,0.7576815,0.8484275,1,0.9662145,0.8826307,0.9392772,0.971004,0.8044158,0.724382,0.9142211,0.899646,0.8458628,0.8226909,0.7738082,0,0,0,0,0,0,0,0,0,0,0,0,0,0,0,0,0,0.6844345,0,0.9158542,1,0.8560042,0.7339571,0.7693547,0.7891477,0.7795548,0,0.7799123,0.8162977,0.7650914,0.6760899,0.6151874,0.6150755,0,0,0,0,0,0,0,0,0,0,0,0,0,0,0,0,0,0.7146907,0.6651866,0.9123476,1,0.9536088,0.7241136,0.7713852,0.7974071,0.8165147,0.6680088,0,0.8140883,0.8274163,0.7474496,0,0,0,0,0,0,0,0,0,0,0,0,0,0,0,0,0,0,0,0,0.672996,0.7123283,0.9691862,1,0.8868044,0.7285374,0.7668276,0.804154,0.7036848,0.7202683,0.5945846,0.7051558,0.6958897,0.663209,0,0,0,0,0
0,0,0,0,0,0,0,0,0,0,0,0,0,0,0.729607,0.9444948,1,0.8965171,0,0,0.6935964,0,0,0.709022,0.7007114,0.7025476,0,0,0,0,0,0,0,0,0,0,0,0,0,0,0,0,0,0,0,0,0,0,0.8480435,0.8924332,1,0.9188333,0,0.8841981,0.8556606,0.8183601,0,0.8878403,0.8737538,0.79653,0,0.8517424,0,0,0,0,0,0,0,0,0,0,0,0,0,0,0,0,0,0.7080337,0.8078435,0.9456347,1,0.8847477,0.7354312,0.7113647,0.756649,0.7777009,0.7871683,0.747494,0.7804751,0.7215517,0.7163065,0.7550912,0.7823253,0.7529796,0,0,0,0,0,0,0,0,0,0,0,0,0,0,0,0,0,0.8137457,0.9662527,0.9884729,1,0.8402244,0.8029829,0.7900125,0.8269843,0.8291044,0.7852027,0.8425542,0.8209166,0.8314915,0.781638,0.7649531,0,0,0,0,0,0,0,0,0,0,0,0,0,0,0,0,0,0,0,0.8063228,0.9853914,1,0.8326765,0,0,0.7726931,0.717707,0.7163172,0.7876291,0.7705722,0,0,0.7340022,0.7297173,0,0,0
0,0,0,0,0,0,0,0,0,0,0,0,0,0.7032382,0.8049334,0.8961221,1,0.9224188,0,0,0.7167978,0.6628932,0.6710277,0.7264914,0.6615135,0,0,0,0,0,0,0,0,0,0,0,0,0,0,0,0,0,0,0,0,0,0,0.8862134,0.8943321,0.8794288,1,0.9023594,0.9732736,0.9753534,0.9833865,0.9402925,0,0,0,0.796344,0.8047003,0.806574,0,0,0,0,0,0,0,0,0,0,0,0,0,0,0,0,0,0.7423199,0.8032004,0.9406706,1,0.897261,0.7124199,0.7398878,0.7403901,0.7364195,0.6353081,0.617978,0,0,0,0,0,0,0,0,0,0,0,0,0,0,0,0,0,0,0,0,0,0,0,0.7150309,0.8292744,1,0.9669476,0.8352783,0.8246382,0.7725704,0.6616592,0,0,0.6965222,0.6475642,0,0.6552126,0,0,0,0,0,0,0,0,0,0,0,0,0,0,0,0,0,0,0.6280022,0.66943,0.7577029,0.8806246,1,0.9092002,0.6971558,0.6409832,0.7099007,0.760296,0.7459959,0.7204016,0.6924273,0.6349174,0.6826758,0.6450977,0,0,0,0
0,0,0,0,0,0,0,0,0,0,0,0,0,0,0,0.9280551,1,0.9264724,0,0,0,0,0,0,0,0,0,0,0,0,0,0,0,0,0,0,0,0,0,0,0,0,0,0,0,0,0,0,0,0,0.9519424,1,0,0,0,0,0,0,0,0,0,0,0,0,0,0,0,0,0,0,0,0,0,0,0,0,0,0.7622129,0.8108504,0.7579283,0.7605283,0.9434883,1,0.9228838,0.7862282,0.7604493,0,0.7693453,0,0,0,0,0,0,0,0,0,0,0,0,0,0,0,0,0,0,0,0,0,0,0,0,0.819137,0.8133541,0.9144607,1,0.9607224,0,0,0,0,0,0,0,0,0,0,0,0,0,0,0,0,0,0,0,0,0,0,0,0,0,0,0,0,0.7790945,0,0.7624623,0.9520029,1,0.9064431,0,0,0,0,0,0,0,0,0,0,0,0,0,0
0,0,0,0,0,0,0,0,0,0,0,0,0.7987052,0.8505223,0.7024009,0.8884202,1,0.9290017,0.6911101,0,0,0,0,0,0,0,0,0,0,0,0,0,0,0,0,0,0,0,0,0,0,0,0,0,0.8324069,0.9007903,0.8724468,0.8232242,0.9143013,0.9435364,1,0.8389751,0,0,0,0,0,0,0,0,0,0,0,0,0,0,0,0,0,0,0,0,0,0,0,0,0,0.6906655,0.8015959,0.759473,0.6795324,0.9386371,1,0.8712251,0.6639684,0.6480078,0.6482886,0.6257148,0,0,0,0,0,0,0,0,0,0,0,0,0,0,0,0,0,0,0,0,0,0,0.7729283,0.8961896,0.8974317,0.8579769,0.8893424,1,0.9523677,0.746492,0,0,0,0,0,0,0,0,0,0,0,0,0,0,0,0,0,0,0,0,0,0,0,0,0,0.656978,0.7739497,0.8046585,0.7558168,0.7316483,0.9130584,1,0.893545,0,0,0,0,0,0,0,0,0,0,0,0,0,0
0,0,0,0,0,0,0,0,0,0,0,0,0.7383988,0.8713679,0.9192058,0.9131075,1,0.888268,0,0,0,0,0,0,0,0,0,0,0,0,0,0,0,0,0,0,0,0,0,0,0,0,0,0,0,0,0,0.8954407,0.765022,1,0.9981981,0.7579491,0,0,0,0,0,0,0,0,0,0,0,0,0,0,0,0,0,0,0,0,0,0,0,0,0,0,0.5876442,0.7345285,0.7579809,0.9375776,1,0.8769652,0,0,0,0,0,0,0,0,0,0,0,0,0,0,0,0,0,0,0,0,0,0,0,0,0,0,0,0.7018488,0.8461711,0.8796829,0.846172,1,0.9391303,0.6845959,0,0,0,0,0,0,0,0,0,0,0,0,0,0,0,0,0,0,0,0,0,0,0,0,0,0,0,0.6106867,0.6995763,0.6467171,0.9225743,1,0.8892337,0,0,0,0,0,0,0,0,0,0,0,0,0,0
0,0,0,0,0,0,0,0,0,0,0,0,0,0,0.8075671,0.9453423,1,0.858192,0,0,0,0,0,0,0,0,0,0,0,0,0,0,0,0,0,0,0,0,0,0,0,0,0,0,0,0,0,0,0.969601,1,0.9389279,0,0,0,0,0,0,0,0,0,0,0,0,0,0,0,0,0,0,0,0,0,0,0,0,0,0,0,0,0,0.7076706,0.9319319,1,0.8861901,0,0,0,0,0,0,0,0,0,0,0,0,0,0,0,0,0,0,0,0,0,0,0,0,0,0,0,0,0,0.7152346,0.8699698,1,0.9402424,0,0,0,0,0,0,0,0,0,0,0,0,0,0,0,0,0,0,0,0,0,0,0,0,0,0,0,0,0,0,0.7371905,0.9417838,1,0.8623106,0,0,0,0,0,0,0,0,0,0,0,0,0,0
0,0,0,0,0,0,0,0,0,0,0,0,0,0,0,0.9036922,1,0.8931059,0,0,0,0,0,0,0,0,0,0,0,0,0,0,0,0,0,0,0,0,0,0,0,0,0,0,0,0,0,0,0,1,0.9548289,0,0,0,0,0,0,0,0,0,0,0,0,0,0,0,0,0,0,0,0,0,0,0,0,0,0,0,0,0,0,0.9554518,1,0.8623731,0,0,0,0,0,0,0,0,0,0,0,0,0,0,0,0,0,0,0,0,0,0,0,0,0,0,0,0,0,0,0.8810127,1,0.957394,0.7076311,0,0,0,0,0,0,0,0,0,0,0,0,0,0,0,0,0,0,0,0,0,0,0,0,0,0,0,0,0,0,0.9478345,1,0.8200717,0,0,0,0,0,0,0,0,0,0,0,0,0,0
0,0,0,0,0,0,0,0,0,0,0,0,0,0,0,0.9026782,1,0.9631782,0.8056948,0,0,0,0,0,0,0,0,0,0,0,0,0,0,0,0,0,0,0,0,0,0,0,0,0,0,0,0,0,0.8872917,1,0.9853037,0.854139,0,0,0,0,0,0,0,0,0,0,0,0,0,0,0,0,0,0,0,0,0,0,0,0,0,0,0,0,0.7779685,0.9573399,1,0.9052156,0.7236415,0,0,0,0,0,0,0,0,0,0,0,0,0,0,0,0,0,0,0,0,0,0,0,0,0,0,0,0,0,0.8992016,1,0.9596436,0.811632,0,0,0,0,0,0,0,0,0,0,0,0,0,0,0,0,0,0,0,0,0,0,0,0,0,0,0,0,0,0.8356762,1,0.9960615,0,0,0,0,0,0,0,0,0,0,0,0,0,0,0
0,0,0,0,0,0,0,0,0,0,0,0,0,0,0,0.9300726,1,0.8418651,0.7413679,0,0,0,0,0,0,0,0,0,0,0,0,0,0,0,0,0,0,0,0,0,0,0,0,0,0,0,0,0,0.7548659,1,0.980197,0,0,0,0,0,0,0,0,0,0,0,0,0,0,0,0,0,0,0,0,0,0,0,0,0,0,0,0,0,0.6121892,0.9463968,1,0.8491653,0.620684,0,0,0,0,0,0,0,0,0,0,0,0,0,0,0,0,0,0,0,0,0,0,0,0,0,0,0,0,0,0.8370451,1,0.9514542,0.7566832,0,0,0,0,0,0,0,0,0,0,0,0,0,0,0,0,0,0,0,0,0,0,0,0,0,0,0,0,0,0.7090229,0.9709259,1,0.8581572,0,0,0,0,0,0,0,0,0,0,0,0,0,0
