GestureName: star
Duration(ms): 1410
Handedness: right

SpeakerAngles: 5
55
-55
0
0
110

SpeakerElevations: 5
-10
-10
-10
0
30

InterpretedPoints: 30
4.08316920122242,11.2550192117484,1.7635182233307
5.70367416668339,8.37876631057097,2.2635182233307
1.62759536269875,5.36202699358458,0.479055466999209
0.813797681349374,3.67341737329839,0.152703644666139
0,0,0
0,-4,0
-7.30999833766881,-1.05633811384508,-3.15270364466614
0,0,0
-6.45365827289279,-28.3365932078555,3.47296355333861
-4.84024370466959,-16.2828293998672,2.25742630967009
-0.827978475824924,-8.1955539037858,-0.631759111665348
3.2268291364464,5.30502682681787,-0.17364817766693
0,13.8936542710855,-1.21553724366851
0,14.8936542710855,-1.21553724366851
0,0,0
0,0,0
0,2.95442325903662,-0.520944533000791
0,0,0
0.813797681349374,2.81833466321343,-0.0209445330007911
0.820888078587149,7.91169726806041,0.131759111665348
0.842159270300473,4.76326717523658,1.63175911166535
-1.60632417098542,-4.74652785825019,0.152703644666139
-5.63277019430564,-16.4552804337707,3.25742630967009
-7.29581754319326,-12.6873059402976,-0.763518223330696
0,-1,0
0,0,0
0,0.954423259036624,-0.520944533000791
0,0,0
-0.0212711917133248,-2.90533371516446,-0.284462756331487
-0.0212711917133248,-8.87494922118888,0.0628335990023732

StrokePoints: 31
0,0,0
4.08316920122242,11.2550192117484,1.7635182233307
9.78684336790581,19.6337855223194,4.02703644666139
11.4144387306046,24.995812515904,4.5060919136606
12.2282364119539,28.6692298892023,4.65879555832674
12.2282364119539,28.6692298892023,4.65879555832674
12.2282364119539,24.6692298892023,4.65879555832674
4.91823807428512,23.6128917753573,1.5060919136606
4.91823807428512,23.6128917753573,1.5060919136606
-1.53542019860767,-4.72370143249822,4.97905546699921
-6.37566390327726,-21.0065308323654,7.2364817766693
-7.20364237910219,-29.2020847361512,6.60472266500395
-3.97681324265579,-23.8970579093334,6.43107448733702
-3.97681324265579,-10.0034036382479,5.21553724366851
-3.97681324265579,4.89025063283756,4
-3.97681324265579,4.89025063283756,4
-3.97681324265579,4.89025063283756,4
-3.97681324265579,7.84467389187418,3.47905546699921
-3.97681324265579,7.84467389187418,3.47905546699921
-3.16301556130642,10.6630085550876,3.45811093399842
-2.34212748271927,18.574705823148,3.58987004566377
-1.4999682124188,23.3379729983846,5.22162915732911
-3.10629238340422,18.5914451401344,5.37433280199525
-8.73906257770986,2.13616470636375,8.63175911166535
-16.0348801209031,-10.5511412339339,7.86824088833465
-16.0348801209031,-11.5511412339339,7.86824088833465
-16.0348801209031,-11.5511412339339,7.86824088833465
-16.0348801209031,-10.5967179748972,7.34729635533386
-16.0348801209031,-10.5967179748972,7.34729635533386
-16.0561513126165,-13.5020516900617,7.06283359900237
-16.0774225043298,-22.3770009112506,7.12566719800475

Velocities: 30
2,4,4
2,3,5
0,0,3
0,0,2
0,0,0
0,0,0
-2,0,0
0,0,0
-8,0,-12
-6,0,-7
0,-2,-3
4,0,-3
0,0,7
0,0,7
0,0,0
0,0,0
0,0,3
0,0,0
1,1,1
0,1,4
0,4,1
-1,2,1
-8,1,-6
-4,0,-6
0,0,0
0,0,0
0,0,3
0,0,0
-1,-4,-2
-1,-4,-4

InverseVelocities: 30
0,0,0
0,0,0
0,0,-3
0,0,0
0,0,0
0,0,0
0,0,0
0,0,0
0,0,0
0,0,0
0,0,0
0,0,5
0,0,0
0,0,0
0,0,0
0,0,0
0,0,0
0,0,0
0,0,0
0,0,0
0,0,0
0,0,-2
0,0,0
0,0,0
0,0,0
0,0,0
0,0,-3
0,0,0
0,0,0
0,0,0

RawData: 30
0,0,0,0,0,0,0,0,0,0,0,0,0,0.7844353,0.798345,0.8756744,1,0.9281566,0,0.82113,0.7827049,0.8080106,0,0,0,0,0,0,0,0,0,0,0,0,0,0,0,0,0,0,0,0,0,0,0,0,0,0,0,0.9811595,1,0.9985124,0.9916438,0,0.9543676,0.9663629,0.9554814,0,0,0,0,0,0,0,0,0,0,0,0,0,0,0,0,0,0,0,0,0,0,0,0,0.9455043,1,0.8887067,0,0,0,0,0.6803601,0.6567189,0,0,0,0,0,0,0,0,0,0,0,0,0,0,0,0,0,0,0,0,0,0,0,0.6961263,0.8374138,1,0.9532406,0,0.7445571,0.7521765,0.6993953,0,0,0,0.6628272,0,0,0,0,0,0,0,0,0,0,0,0,0,0,0,0,0,0,0,0,0,0,0.8284843,0.9977061,1,0.8755722,0.8353333,0.8235522,0.772979,0.7577081,0.751967,0.764159,0.7556084,0.7045568,0,0,0,0,0,0
0,0,0,0,0,0,0,0,0,0,0,0,0,0,0,0.9117836,1,0.8393854,0.7471747,0.7581663,0,0.6698954,0,0,0,0,0,0,0,0,0,0,0,0,0,0,0,0,0,0,0,0,0,0,0,0,0,0,0.9125655,1,0.9894345,0.9450657,0.8767798,0,0.7852248,0.7721755,0,0,0,0,0,0,0,0,0,0,0,0,0,0,0,0,0,0,0,0,0,0,0,0.5570929,0.6857324,0.9484239,1,0.850349,0,0,0,0,0.6361468,0.5833464,0.5472258,0,0,0,0,0,0,0,0,0,0,0,0,0,0,0,0,0,0,0,0,0.5614831,0.6294011,0.603125,0.9162266,1,0.9128451,0.6409993,0.7028224,0.6955945,0.6956849,0.67679,0,0,0,0,0,0,0,0,0,0,0,0,0,0,0,0,0,0,0,0,0,0,0,0,0.6508657,0.8746822,1,0.9784944,0.794727,0.642239,0.6918786,0.6736892,0,0,0,0.6377389,0.6676339,0.623482,0,0,0,0,0
0,0,0,0,0,0,0,0,0,0,0,0,0,0,0.748997,0.9420389,1,0.8902739,0.7158897,0.7067981,0,0,0,0,0,0,0,0,0,0,0,0,0,0,0,0,0,0,0,0,0,0,0,0,0,0,0,0,0.9180779,1,0.9468214,0.8291638,0.7356167,0,0,0,0,0,0,0,0,0,0,0,0,0,0,0,0,0,0,0,0,0,0,0,0.6421503,0.7098381,0.723434,0.6927255,0.7848526,0.9698561,1,0.8747147,0.6619839,0.5972764,0.7152991,0.6960077,0.6072515,0,0,0,0,0,0,0,0,0,0,0,0,0,0,0,0,0,0,0,0,0,0,0.7310045,0.6995944,0,0.8872345,1,0.9025844,0.7426385,0.7099106,0.7736509,0.8050856,0.7341664,0,0,0,0,0,0,0,0,0,0,0,0,0,0,0,0,0,0,0,0,0,0,0,0,0,0.8955501,1,0.9082287,0.8126085,0.8949262,0,0.8321858,0,0,0,0,0,0,0,0,0,0,0
0,0,0,0,0,0,0,0,0,0,0,0,0,0,0,0.9145277,1,0.9193606,0,0,0,0,0,0,0,0,0,0,0,0,0,0,0,0,0,0,0,0,0,0,0,0,0,0,0,0,0,0,0.9140638,1,0.9423554,0.8621193,0,0,0,0,0,0,0,0,0,0,0,0,0,0,0,0,0,0,0,0,0,0,0,0,0,0,0,0.6599764,0.6513722,0.9323629,1,0.8850253,0.689572,0.6910171,0.6606018,0.6567355,0,0,0,0,0,0,0,0,0,0,0,0,0,0,0,0,0,0,0,0,0,0,0,0,0,0,0.7852147,1,0.9907045,0.8957863,0.8866099,0.8440294,0.7620876,0,0,0,0,0,0,0,0,0,0,0,0,0,0,0,0,0,0,0,0,0,0,0,0,0,0,0.8584844,0.9768079,1,0,0.9451858,0.8863283,0,0,0,0,0,0,0,0,0,0,0,0
0,0,0,0,0,0,0,0,0,0,0,0,0,0.6971547,0.8130659,0.942968,1,0.8554365,0,0,0,0,0,0,0,0,0,0,0,0,0,0,0,0,0,0,0,0,0,0,0,0,0,0,0,0,0,0,0.9580548,1,0,0,0,0,0,0,0,0,0,0,0,0,0,0,0,0,0,0,0,0,0,0,0,0,0,0,0,0,0,0,0.6151633,0.9360029,1,0.8865697,0.6086904,0,0,0,0,0,0,0,0,0,0,0,0,0,0,0,0,0,0,0,0,0,0,0,0,0,0,0,0.6476187,0.7434902,0.829702,1,0.9752982,0.8124518,0,0,0,0,0,0,0,0,0,0,0,0,0,0,0,0,0,0,0,0,0,0,0,0,0,0,0,0,0,0.742048,0.8918808,0.9791049,1,0.8229657,0,0,0,0,0,0,0,0,0,0,0,0,0
0,0,0,0,0,0,0,0,0,0,0,0,0,0,0.7593104,0.9322557,1,0.7752878,0.7374425,0,0,0,0,0,0,0,0,0,0,0,0,0,0,0,0,0,0,0,0,0,0,0,0,0,0,0,0,0,0,0,1,0.9046897,0,0,0,0,0,0,0,0,0,0,0,0,0,0,0,0,0,0,0,0,0,0,0,0,0,0,0,0.6373337,0.7310623,0.9698415,1,0.8520986,0,0,0,0,0,0,0,0,0,0,0,0,0,0,0,0,0,0,0,0,0,0,0,0,0.682347,0.6813836,0.6753424,0,0,0.677238,0.8049862,1,0.9692764,0.7037083,0,0,0,0,0,0,0,0,0,0,0,0,0,0,0,0,0,0,0,0,0,0,0,0,0,0,0,0,0,0.8001233,0.9620082,1,0.8632076,0,0,0,0,0,0,0,0,0,0,0,0,0,0
0,0,0,0,0,0,0,0,0,0,0,0.6733087,0.7347369,0.6907898,0,0.9135152,1,0.8977583,0,0,0,0,0,0,0,0,0,0,0,0,0,0,0,0,0,0,0,0,0,0,0,0,0,0,0,0,0,0.7551083,0.800198,0.9346449,1,0.9127657,0,0,0,0,0,0,0,0,0,0,0,0,0,0,0,0,0,0,0,0,0,0,0,0,0,0,0,0,0.695408,0.9493538,1,0.846961,0,0,0,0,0,0,0,0,0,0,0,0,0,0,0,0,0,0,0,0,0,0,0,0,0,0,0.7163125,0.7748483,0.6686502,0,0.8485624,1,0.9719494,0.7911659,0,0,0,0,0,0,0,0,0,0,0,0,0,0,0,0,0,0,0,0,0.7365692,0.7002972,0,0,0.6930685,0.7097698,0.7484913,0.7899936,0.6753566,0,0.941322,1,0.8424436,0,0,0,0,0,0,0,0,0,0,0,0,0,0
0,0,0,0,0,0,0,0,0,0,0,0,0,0,0,0.9266657,1,0.9187303,0,0,0,0,0,0,0,0,0,0,0,0,0,0,0,0,0,0,0,0,0,0,0,0,0,0,0,0,0,0,0,0.9634973,1,0.9047296,0,0,0,0,0,0,0,0,0,0,0,0,0,0,0,0,0,0,0,0,0,0,0,0,0,0,0,0,0,0.9534684,1,0.9111742,0,0,0,0,0,0,0,0,0,0,0,0,0,0,0,0,0,0,0,0,0,0,0,0,0,0,0,0,0,0,0.9167356,1,0.8804421,0,0,0,0,0,0,0,0,0,0,0,0,0,0,0,0,0,0,0,0,0,0,0,0,0,0,0,0,0,0,0,0.981481,1,0,0,0,0,0,0,0,0,0,0,0,0,0,0,0
0,0,0,0,0,0.7613031,0.8332162,0.798931,0.7424407,0,0,0,0,0,0,0.9335294,1,0.9015377,0,0,0,0,0,0,0,0,0,0,0,0,0,0,0,0,0,0,0,0,0,0,0,0,0,0,0,0,0,0,0,0.9559569,1,0.8682493,0,0,0,0,0,0,0,0,0,0,0,0,0,0,0,0.7008127,0.7359212,0.727407,0.7004248,0.7707095,0.741784,0,0.7242113,0.7013719,0,0,0,0,0.7157745,0.9515017,1,0.8792147,0,0,0,0,0,0,0,0,0,0,0,0,0,0,0,0,0.7383729,0.7756938,0.7603828,0.7400193,0.7927592,0.7671655,0,0,0,0,0.7438722,0.7306311,0,0,0.831156,1,0.9705465,0.7750278,0,0,0,0,0,0,0,0,0,0,0,0,0,0,0,0,0,0,0,0,0,0,0,0,0,0,0,0,0,0,0.9544665,1,0.8812163,0,0,0,0,0,0,0,0,0,0,0,0,0,0
0,0,0,0,0,0,0,0.8308046,0.8487865,0.8189629,0,0,0,0,0,0.9468266,1,0.8735755,0,0,0,0,0,0,0,0,0,0,0,0,0,0,0,0,0,0,0,0,0,0,0,0,0,0,0,0,0.8813031,0.9424163,0.888158,0.8316839,1,0.8893522,0,0,0,0,0,0,0,0,0,0,0,0,0,0,0,0,0,0,0,0,0.7536129,0.8071874,0.7953082,0.7517276,0,0,0,0.7564495,0.7923238,0.9643368,1,0.8305258,0,0,0,0,0,0,0,0,0,0,0,0,0,0,0,0,0,0,0,0,0,0,0.7640812,0.7828016,0.7480172,0.7279503,0.7476923,0,0.7764642,0.7911823,0.8392523,1,0.9785339,0.7650143,0,0,0,0,0,0,0,0,0,0,0,0,0,0,0,0,0,0,0,0,0,0,0,0,0,0,0,0.8031674,0.8175716,0.8735298,1,0.9928104,0.8622493,0,0,0,0,0,0,0,0,0,0,0,0,0,0
0,0,0,0,0,0,0,0,0,0,0,0,0,0.6802056,0.7082646,0.9178131,1,0.8477688,0,0,0,0,0,0,0,0,0,0,0,0,0,0,0,0,0,0,0,0,0,0,0,0,0,0,0.700893,0.813585,0.8304237,0.7928626,0.9350315,1,0.9946207,0.7284229,0,0,0,0,0,0,0,0,0,0,0,0,0,0,0,0,0,0,0,0,0,0,0,0,0.6193452,0.6546577,0.5491641,0.7132444,0.7979233,0.9594426,1,0.8521826,0,0,0,0,0,0,0,0,0,0,0,0,0,0,0,0,0,0,0,0,0,0,0,0.5556192,0,0.6081378,0.5666707,0.5571789,0.6676582,0.640388,0.8366525,1,0.960452,0.6618188,0,0,0,0,0,0,0,0,0,0,0,0,0,0,0,0,0,0,0,0,0,0,0,0,0.5598847,0.5717351,0.5499219,0.6503786,0.7272857,0.7995972,0.9313653,1,0.8511168,0,0,0,0,0,0,0,0,0,0,0,0,0,0
0,0,0,0,0,0,0,0,0,0,0,0,0,0,0.7527418,0.922896,1,0.8951255,0,0,0.7248693,0.7738553,0.7641885,0.7319377,0,0,0,0,0,0,0,0,0,0,0,0,0,0,0,0,0,0,0,0,0,0,0,0,0.8800787,0.9889759,1,0.9233238,0.8444386,0,0,0,0,0,0,0,0,0,0,0,0,0,0,0,0,0,0,0,0,0,0,0,0.6209745,0,0,0.6826798,0.7035227,0.9460638,1,0.8582373,0.7081818,0.6720674,0.643985,0.6365055,0.6984635,0.6956407,0.6546784,0,0,0,0,0,0,0,0,0,0,0,0,0,0,0,0,0,0,0,0,0,0,0.6579507,0.8263311,1,0.9471977,0.6915719,0.6944816,0.6986967,0.6928272,0.7114305,0.7381546,0.7056021,0.6565934,0,0,0,0,0,0,0,0,0,0,0,0,0,0,0,0,0,0,0,0,0,0,0.6942293,0.9612131,1,0.8400318,0,0,0,0,0,0,0,0,0,0,0,0,0,0
0,0,0,0,0,0,0,0,0,0,0,0,0,0,0,0.9153523,1,0.9246916,0,0,0,0,0,0,0,0,0,0,0,0,0,0,0,0,0,0,0,0,0,0,0,0,0,0,0,0,0,0,0.9622782,0.9963904,1,0,0,0,0,0,0,0,0,0,0,0,0,0,0,0,0,0,0,0,0,0,0,0,0,0,0,0,0,0.7170554,0.7936845,0.959944,1,0.8956209,0,0.716309,0.7278323,0.7320036,0.7295775,0.719938,0.7612302,0.7542376,0.7109064,0,0,0,0,0,0,0,0,0,0,0,0,0,0,0,0,0,0,0,0,0,0.877512,1,0.9511763,0.7625865,0.7706825,0.7531725,0,0,0,0.7522926,0.8126868,0.7645072,0,0,0,0,0,0,0,0,0,0,0,0,0,0,0,0,0,0,0,0,0,0,0.971131,1,0.8544998,0,0,0,0,0,0,0,0,0,0,0,0,0,0
0,0,0,0,0,0,0,0,0,0,0,0,0,0,0,0.9039295,1,0.9060206,0,0,0,0,0,0,0,0,0,0,0,0,0,0,0,0,0,0,0,0,0,0,0,0,0,0,0,0,0,0,0.9432037,1,0.9451076,0,0,0,0,0,0,0,0,0,0,0,0,0,0,0,0,0,0,0,0,0,0,0,0,0,0,0,0,0,0,0.9291284,1,0.8982687,0,0,0,0,0,0,0,0.6993104,0.6963202,0,0,0,0,0,0,0,0,0,0,0,0,0,0,0,0,0,0,0,0,0.7309209,0.9045893,1,0.9360257,0,0,0,0,0,0,0,0,0.7387942,0.7456422,0,0,0,0,0,0,0,0,0,0,0,0,0,0,0,0,0,0,0,0,0.8130241,0.9884763,1,0.8372335,0,0,0,0,0,0,0,0,0,0,0,0,0,0
0,0,0,0,0,0,0,0,0,0,0,0,0,0,0,0.8940842,1,0.9293349,0.7395242,0,0,0,0,0,0,0,0,0,0,0,0,0,0,0,0,0,0,0,0,0,0,0,0,0,0,0,0,0,0.9187768,1,0.9631572,0.794935,0,0,0,0,0,0,0,0,0,0,0,0,0,0,0,0,0,0,0,0,0,0,0,0,0,0,0,0,0,0.9303151,1,0.9058064,0,0,0,0,0,0,0,0,0,0,0,0,0,0,0,0,0,0,0,0,0,0,0,0,0,0,0,0,0,0,0.8847626,1,0.9381486,0.7123702,0.7080415,0,0,0,0,0,0,0,0,0,0,0,0,0,0,0,0,0,0,0,0,0,0,0,0,0,0,0,0,0.7934421,0.9777886,1,0.8265409,0,0,0,0,0,0,0,0,0,0,0,0,0,0
0,0,0,0,0,0,0,0,0,0,0,0,0,0,0,0.9093481,1,0.8985685,0,0,0,0,0,0,0,0,0,0,0,0,0,0,0,0,0,0,0,0,0,0,0,0,0,0,0,0,0,0,0,1,0.9378644,0.9513181,0,0,0,0,0,0,0,0,0,0,0,0,0,0,0,0,0,0,0,0,0,0,0,0,0,0,0,0,0,0.9368774,1,0.8844569,0.6952488,0,0,0,0,0,0,0,0,0,0,0,0,0,0,0,0,0,0,0,0,0,0,0,0,0,0,0,0,0,0.8766476,1,0.9705562,0.7870892,0,0,0,0,0,0,0,0,0,0,0,0,0,0,0,0,0,0,0,0,0,0,0,0,0,0,0,0,0,0,0,1,0.9871615,0.888936,0,0,0,0,0,0,0,0,0,0,0,0,0
0,0,0,0,0,0,0,0,0,0,0,0,0,0,0,0.9119208,1,0.892535,0.684668,0,0,0,0,0,0,0,0,0,0,0,0,0,0,0,0,0,0,0,0,0,0,0,0,0,0,0,0,0,0.7835247,1,0.9778894,0.8756117,0.7351348,0,0,0,0,0,0,0,0,0,0,0,0,0,0,0,0,0,0,0,0,0,0,0,0,0,0,0,0,0.9261019,1,0.9126335,0.6837363,0,0.6279968,0.6414704,0.6156167,0,0,0,0,0,0,0,0,0,0,0,0,0,0,0,0,0,0,0,0,0,0,0,0,0,0.8251747,1,0.9510471,0.7599766,0,0,0,0,0,0,0,0,0,0,0,0,0,0,0,0,0,0,0,0,0,0,0,0,0,0,0,0,0,0.7522931,0.9467958,1,0.9529185,0.8313464,0,0,0,0,0,0,0,0,0,0,0,0,0
0,0,0,0,0,0,0,0,0,0,0,0,0,0,0,0.8997756,1,0.9313626,0.7852666,0,0,0,0,0,0,0,0,0,0,0,0,0,0,0,0,0,0,0,0,0,0,0,0,0,0,0,0,0,0,0.9947058,1,0.8704539,0,0,0,0,0,0,0,0,0,0,0,0,0,0,0,0,0,0,0,0,0,0,0,0,0,0,0,0,0,0.9254586,1,0.8848858,0.7248155,0,0,0,0,0,0,0,0,0,0,0,0,0,0,0,0,0,0,0,0,0,0,0,0,0,0,0,0,0,0,0.9857126,1,0.8771142,0,0,0,0,0,0,0,0,0,0,0,0,0,0,0,0,0,0,0,0,0,0,0,0,0,0,0,0,0,0,0.9644085,1,0,0.7875243,0,0,0,0,0,0,0,0,0,0,0,0,0
0,0,0,0,0,0,0,0,0,0,0,0,0,0,0,0.8947264,1,0.9102681,0,0.7191813,0.6668487,0,0,0,0,0,0,0,0,0,0,0,0,0,0,0,0,0,0,0,0,0,0,0,0,0,0,0,0.6928282,0.9784429,1,0.8747061,0.8125492,0.7786178,0,0,0,0,0,0,0,0,0,0,0,0,0,0,0,0,0,0,0,0,0,0,0,0,0,0,0,0.9175763,1,0.8989655,0.6989769,0.6161129,0.6074506,0,0,0,0,0,0,0,0,0,0,0,0,0,0,0,0,0,0,0,0,0,0,0,0,0,0,0,0.7884149,1,0.9540151,0.7618753,0.8573225,0.745243,0,0,0,0,0,0,0,0,0,0,0,0,0,0,0,0,0,0,0,0,0,0,0,0,0,0,0,0,0.9385723,1,0.8921561,0.7024557,0.7167957,0,0,0,0,0,0,0,0,0,0,0,0
0,0,0,0,0,0,0,0,0,0,0,0,0,0,0.6948699,0.9150074,1,0.9149538,0.7120848,0.7007936,0,0,0,0,0,0,0,0,0,0,0,0,0,0,0,0,0,0,0,0,0,0,0,0,0,0,0,0,0.8035896,1,0.9742098,0.760375,0.8222096,0.8075815,0,0,0,0,0,0,0,0,0,0,0,0,0,0,0,0,0,0,0,0,0,0,0,0,0,0,0,0.9328194,1,0.8811061,0.7214654,0.6905971,0.6439575,0,0.6782668,0.6754355,0,0,0,0,0,0,0,0,0,0,0,0,0,0,0,0,0,0,0,0,0,0,0,0,0.801988,1,0.9841301,0.8417827,0.7935839,0.7915589,0,0.74774,0.7331654,0,0,0,0,0,0,0,0,0,0,0,0,0,0,0,0,0,0,0,0,0,0,0,0,0.7106166,0.9642904,1,0.8285012,0,0.7366441,0.7217948,0,0,0,0,0,0,0,0,0,0,0
0,0,0,0,0,0,0,0,0,0,0,0,0,0,0,0.9076079,1,0.8950056,0.6895171,0,0,0,0,0,0,0,0,0,0,0,0,0,0,0,0,0,0,0,0,0,0,0,0,0,0,0,0,0,0.8103753,1,0.9740286,0.7437553,0,0.72664,0,0.7568915,0.7198182,0,0,0,0,0,0,0,0,0,0,0,0,0,0,0,0,0,0,0,0,0,0,0,0.6634042,0.9410972,1,0.8847091,0,0,0.6384497,0,0,0,0,0,0,0,0,0,0,0,0,0,0,0,0,0,0,0,0,0,0,0,0,0,0.7611354,0.7485689,0.8397001,1,0.9463549,0.7779693,0.7736202,0.7285509,0.7578584,0.7364832,0,0,0,0,0,0,0,0,0,0,0,0,0,0,0,0,0,0,0,0,0,0,0,0,0,0.6663967,0.9571601,1,0.8884694,0.6665869,0,0.7038267,0.7398991,0.7162258,0.7032136,0,0,0,0,0,0,0,0
0,0,0,0,0,0,0,0,0,0,0,0,0.7687089,0.7397947,0,0.9069183,1,0.8947676,0,0,0,0,0,0,0,0,0,0,0,0,0,0,0,0,0,0,0,0,0,0,0,0,0,0,0,0,0,0,0.8151278,1,0.9844711,0.8124614,0,0.8052713,0.7846869,0,0,0,0,0,0,0,0,0,0,0,0,0,0,0,0,0,0,0,0,0,0,0.7160896,0.7277711,0,0,0.9372823,1,0.8877026,0,0.6899084,0.6999976,0,0,0,0,0,0,0,0,0,0,0,0,0,0,0,0,0,0,0,0.7794749,0.7532485,0,0.7449929,0.793287,0,0.7497228,0,0.8857114,1,0.9745911,0.8432834,0.822141,0,0,0,0,0,0,0,0,0,0,0,0,0,0,0,0,0,0,0,0,0,0,0,0,0,0,0,0,0,0.978574,1,0,0.8255827,0.8162924,0,0,0,0,0,0,0,0,0,0,0,0
0,0,0,0,0,0.6928698,0.7111865,0.7132852,0.6885467,0.6655128,0,0,0,0.7259106,0.8036888,0.8604435,1,0.9305146,0.6693893,0,0,0,0,0,0,0,0,0,0,0,0,0,0,0,0,0,0,0,0,0,0,0,0,0,0,0,0,0.7063977,0.7437481,1,0.937571,0.8196529,0.8036842,0.7392648,0,0,0,0,0,0,0,0,0,0,0,0,0,0,0,0,0,0,0,0.7083364,0.6607534,0.6578643,0,0.6545714,0.6010215,0.6732998,0.6339974,0.9427745,1,0.8696759,0.7151768,0.6635972,0,0,0,0,0,0,0,0,0,0,0,0,0,0,0,0,0,0,0,0,0.6673839,0.7847725,0.832179,0.7182394,0,0,0,0.6764354,0.8376683,1,0.9419004,0.7669225,0,0.7072204,0.6731805,0,0,0,0,0,0,0,0,0,0,0,0,0,0,0,0,0,0,0,0.8639234,0.8624097,0.8058406,0,0,0,0,0.7986781,0.787774,1,0.9280905,0.7873186,0.7521405,0.7306934,0,0,0,0,0,0,0,0,0,0,0
0,0,0,0,0,0,0,0,0,0.6591893,0,0,0,0.8048798,0.8876045,0.8512107,1,0.8831373,0,0,0,0,0,0,0,0,0,0,0,0,0,0,0,0,0,0,0,0,0,0,0,0,0,0,0,0,0,0,0.866787,1,0.9559823,0.7666509,0,0,0,0,0,0,0,0,0,0,0,0,0,0,0,0,0,0,0,0,0,0.6266996,0.6883289,0.6778626,0,0.6082509,0.662854,0.7488719,0.806872,0.9606016,1,0.8803307,0,0,0,0,0,0,0,0,0,0,0,0,0,0,0,0,0,0,0,0,0,0,0.6958194,0.7859001,0.7969429,0.7158098,0.757604,0.7557539,0.7434672,0.7110775,0.7970701,1,0.9619115,0.7062111,0,0,0,0,0,0,0,0,0,0,0,0,0,0,0,0,0,0,0,0,0,0,0.8246418,0.7914888,0,0.8156485,0.7465227,0,0.7565176,0.8023131,0.937093,1,0.8414357,0.7932876,0,0,0,0,0,0,0,0,0,0,0,0,0
0,0,0,0,0,0,0,0,0,0,0,0,0,0.707404,0.7548462,0.9422772,1,0.8871799,0,0,0,0,0,0,0,0,0,0,0,0,0,0,0,0,0,0,0,0,0,0,0,0,0,0,0,0,0,0,0.9010351,1,0.9277095,0,0,0,0,0,0,0,0,0,0,0,0,0,0,0,0,0,0,0,0,0,0,0,0,0,0,0,0,0,0.7165608,0.9329294,1,0.8690398,0,0,0,0,0,0,0,0,0,0,0,0,0,0,0,0,0,0,0,0,0,0,0,0,0,0,0,0.7303662,0.7109799,0.7205946,0.8974691,1,0.9363417,0.7297698,0,0,0,0,0,0,0,0,0,0,0,0,0,0,0,0,0,0,0,0,0,0,0,0,0,0,0,0,0,0,0.9537193,1,0.8869822,0,0,0,0,0,0,0,0,0,0,0,0,0,0
0,0,0,0,0,0,0,0,0,0,0,0,0,0,0,0.9136734,1,0.887408,0,0,0,0,0,0,0,0,0,0,0,0,0,0,0,0,0,0,0,0,0,0,0,0,0,0,0,0,0,0,0.834025,1,0.9771053,0.7723811,0,0,0,0,0,0,0,0,0,0,0,0,0,0,0,0,0,0,0,0,0,0,0,0,0,0,0,0,0,0.9577913,1,0.8607755,0,0,0,0,0,0,0,0,0,0,0,0,0,0,0,0,0,0,0,0,0,0,0,0,0,0,0,0,0,0,0.8084123,1,0.9739816,0.7583945,0,0,0,0,0,0,0,0,0,0,0,0,0,0,0,0,0,0,0,0,0,0,0,0,0,0,0,0,0,0.8548265,1,0.8444772,0.8967893,0,0,0,0,0,0,0,0,0,0,0,0,0,0
0,0,0,0,0,0,0,0,0,0,0,0,0,0,0,0.9245234,1,0.9291195,0.7630151,0,0,0,0,0,0,0,0,0,0,0,0,0,0,0,0,0,0,0,0,0,0,0,0,0,0,0,0,0,0.7954272,0.970207,1,0,0,0,0,0,0,0,0,0,0,0,0,0,0,0,0,0,0,0,0,0,0,0,0,0,0.7025333,0.7035351,0.6981007,0,0.7002703,0.951703,1,0.8975997,0.6692567,0,0.6497082,0.6850463,0.6698241,0,0,0,0,0,0,0,0,0,0,0,0,0,0,0,0,0,0,0,0,0,0.7186705,0.7078783,0,0,0.8870798,1,0.9581267,0,0.7426139,0.7141773,0,0,0,0,0,0,0,0,0,0,0,0,0,0,0,0,0,0,0,0,0,0,0,0,0,0,0,0,0.9589254,1,0.8656743,0,0,0,0,0,0,0,0,0,0,0,0,0,0
0,0,0,0,0,0,0,0,0,0,0,0,0,0,0.7968118,0.9532058,1,0.9124771,0.8144205,0,0,0,0,0,0,0,0,0,0,0,0,0,0,0,0,0,0,0,0,0,0,0,0,0,0,0,0,0,0.8673531,1,0.9802646,0,0,0,0,0,0,0,0,0,0,0,0,0,0,0,0,0,0,0,0,0,0,0,0,0,0,0,0,0,0.7111462,0.9510975,1,0.8866278,0.7098357,0,0,0,0,0,0,0,0,0,0,0,0,0,0,0,0,0,0,0,0,0,0,0,0,0,0,0,0,0,0.8204248,1,0.9645205,0.7557997,0,0,0,0,0,0,0,0,0,0,0,0,0,0,0,0,0,0,0,0,0,0,0,0,0,0,0,0,0,0,0.9913963,1,0.8139406,0,0,0,0,0,0,0,0,0,0,0,0,0,0
0,0,0,0,0,0,0,0,0,0,0,0,0.673407,0.7626359,0.7339193,0.9067723,1,0.8957924,0.8054372,0.7350262,0,0,0,0,0,0,0,0,0,0,0,0,0,0,0,0,0,0,0,0,0,0,0.7534626,0.7843282,0.6738421,0,0.6835447,0.697962,0.7278571,0.9393691,1,0.8388013,0,0,0,0,0,0,0,0,0,0,0,0,0,0,0,0,0,0,0,0,0,0,0,0,0,0.5766595,0.643586,0.6554444,0.7088022,0.9311266,1,0.900474,0.6578293,0.5539831,0,0,0,0,0,0,0,0,0,0,0,0,0,0,0,0,0,0,0,0,0,0,0,0,0,0.5874595,0.6839407,0.6421309,0.8464255,1,0.9655079,0.7431547,0.6974281,0.5836623,0,0,0,0,0,0,0,0,0,0,0,0,0,0,0,0,0,0,0,0,0,0,0.660824,0.7086115,0.7238204,0.6562902,0,0.6970891,0.9768866,1,0.8869697,0.8038538,0.7043803,0,0,0,0,0,0,0,0,0,0,0,0
0,0,0,0,0,0,0,0,0,0,0,0,0.7037798,0,0.7805392,0.9304704,1,0.8844573,0.7100697,0.6899123,0,0,0,0,0,0,0,0,0,0,0,0,0,0,0,0,0,0,0,0,0,0,0.8421757,0.9173411,0,0,0,0,0,0.9925169,1,0.8615118,0,0,0,0,0,0,0,0,0,0,0,0,0,0,0,0,0,0,0,0,0,0,0,0.6980318,0.7155733,0.6651577,0,0.7005196,0.7020689,0.9599684,1,0.8557039,0,0,0,0,0,0,0,0,0,0,0,0,0,0,0,0,0,0,0,0,0,0,0,0,0,0.6917608,0.6767522,0,0.7420219,0.7380592,0.8175352,1,0.9888961,0.811779,0,0,0,0,0,0,0,0,0,0,0,0,0,0,0,0,0,0,0,0,0,0,0,0,0.6550093,0,0,0.7508886,0.7502133,0.6997638,0.9276883,1,0.8937567,0,0,0,0,0,0,0,0,0,0,0,0,0,0
