GestureName: w
Duration(ms): 1175
Handedness: right

SpeakerAngles: 5
55
-55
0
0
110

SpeakerElevations: 5
-10
-10
-10
0
30

InterpretedPoints: 25
0.0141807944755501,2.52213653048741,0.479055466999209
0.0141807944755501,1.52213653048741,0.479055466999209
0.820888078587149,1.94208176203599,0.479055466999209
0.0141807944755501,3.39241148756016,0.82635182233307
-2.42721224957257,2.28100588573823,-0.67364817766693
-4.84733410190737,5.81548391322627,-1.19459271066772
0.835068873062699,4.4642182925234,0.958110933998418
7.31708873490659,18.7375569453771,0.874332801995254
6.48911025908166,19.6261513435552,-0.625667198004746
7.29581754319326,13.9619482731399,0.242573690329905
4.86151489638292,0.12698345760098,2.36824088833465
1.59923377374765,-13.7208176283907,0.910129954336234
-2.46266423576145,-10.9863548230108,-1.43716640099763
-2.43430264681035,-2.95727400902378,-0.652703644666139
1.62759536269875,-0.577204018464256,1.17364817766693
0.0141807944755501,1.55252102446299,0.82635182233307
4.06189800950909,-0.734462805379927,2.34729635533386
0,1.96961550602442,-0.347296355333861
3.24100993092194,2.39241148756016,0.82635182233307
-0.806707284111599,-2.56486252146362,0.17364817766693
-4.04771721503354,-10.0414223109877,0.215537243668512
-8.10252482730486,-11.267360708749,-0.763518223330696
-7.28872714595549,-10.4338337985478,-0.610814578664557
-1.60632417098542,-4.81548391322627,1.19459271066772
-0.806707284111599,-0.564862521463624,0.17364817766693

StrokePoints: 26
0,0,0
0.0141807944755501,2.52213653048741,0.479055466999209
0.0283615889511002,4.04427306097482,0.958110933998418
0.849249667538249,5.98635482301081,1.43716640099763
0.863430462013799,9.37876631057097,2.2635182233307
-1.56378178755877,11.6597721963092,1.58987004566377
-6.41111588946614,17.4752561095355,0.395277334996044
-5.57604701640344,21.9394744020589,1.35338826899446
1.74104171850315,40.677031347436,2.22772107098972
8.23015197758481,60.3031826909912,1.60205387298497
15.5259695207781,74.2651309641311,1.84462756331487
20.387484417161,74.3921144217321,4.21286845164953
21.9867181909086,60.6712967933414,5.12299840598576
19.5240539551472,49.6849419703305,3.68583200498813
17.0897513083369,46.7276679613068,3.03312836032199
18.7173466710356,46.1504639428425,4.20677653798892
18.7315274655111,47.7029849673055,5.03312836032199
22.7934254750202,46.9685221619256,7.38042471565585
22.7934254750202,48.93813766795,7.03312836032199
26.0344354059422,51.3305491555101,7.85948018265506
25.2277281218306,48.7656866340465,8.03312836032199
21.180010906797,38.7242643230589,8.24866560399051
13.0774860794922,27.4569036143098,7.48514738065981
5.78875893353669,17.023069815762,6.87433280199525
4.18243476255127,12.2075859025357,8.06892551266298
3.37572747843967,11.6427233810721,8.24257369032991

Velocities: 25
0,2,1
0,2,1
0,1,2
-1,1,1
-1,1,1
-2,3,3
0,3,3
6,5,7
7,4,7
6,2,5
-2,-5,2
-1,-5,-5
-1,-4,-4
-1,0,-1
0,0,-1
0,2,-1
0,-1,-1
0,0,2
1,-1,1
-1,0,0
-3,0,-4
-5,0,-5
-4,1,-5
-2,1,-3
-1,0,0

InverseVelocities: 25
0,0,0
0,0,0
0,0,-2
0,0,-2
0,0,-1
0,0,-2
0,0,0
-2,0,-7
0,0,0
0,-2,0
0,0,-3
0,0,0
0,0,2
0,0,0
0,0,0
0,0,2
0,0,3
0,0,0
0,0,0
0,0,0
0,0,0
0,0,0
0,0,0
0,0,0
0,0,0

RawData: 25
0,0,0,0,0,0,0,0,0,0,0,0,0,0,0,0.9539275,1,0.8242386,0.811957,0,0,0,0,0,0,0,0,0,0,0,0,0,0,0,0,0,0,0,0,0,0,0,0,0,0,0,0,0,0,0.9100274,0.9186959,0.8664392,1,0.9779933,0.8058192,0,0,0,0,0,0,0,0,0,0,0,0,0,0,0,0,0,0,0,0,0,0,0,0,0,0.7236704,0.9591541,1,0.9412726,0.8732107,0.8017005,0.7223367,0,0,0,0,0,0,0,0,0,0,0,0,0,0,0,0,0,0,0,0,0,0,0,0,0,0,0,0.8395555,1,0.9915614,0.9223351,0.913385,0.8215798,0,0,0,0,0,0,0,0,0,0,0,0,0,0,0,0,0,0,0,0,0,0,0,0,0,0,0,0,0.9656314,1,0,0.9449952,0.943619,0.8756558,0,0,0,0,0,0,0,0,0,0,0
0,0,0,0,0,0,0,0,0,0,0,0,0,0,0,0.921391,1,0.9224434,0.7208,0,0,0,0,0,0,0,0,0,0,0,0,0,0,0,0,0,0,0,0,0,0,0,0,0,0,0,0,0,0.8063134,0.9847025,0.9052047,0.955837,0.8576109,1,0.865478,0,0,0,0,0,0,0,0,0,0,0,0,0,0,0,0,0,0,0,0,0,0,0,0,0,0.7374949,0.9661341,1,0.8572896,0.7403979,0.7692392,0.7247186,0,0,0,0,0,0,0,0,0,0,0,0,0,0,0,0,0,0,0,0,0,0,0,0,0,0,0,0.8634282,1,0.9708372,0.8207529,0.6163638,0,0,0,0,0,0,0,0,0,0,0,0,0,0,0,0,0,0,0,0,0,0,0,0,0,0,0,0,0.7624992,0.8980858,0.8387479,1,0.8255656,0.8321533,0.8205303,0,0,0,0,0,0,0,0,0,0,0
0,0,0,0,0,0,0,0,0,0,0,0,0,0.7058906,0.7804538,0.8657385,1,0.9255944,0,0,0,0,0,0,0,0,0,0,0,0,0,0,0,0,0,0,0,0,0,0,0,0,0,0,0,0,0,0,0.7775941,0.9475639,1,0.9859205,0.8695748,0.9169598,0,0,0,0,0,0,0,0,0,0,0,0,0,0,0,0,0,0,0,0,0,0,0,0.6420599,0.6578973,0.6429057,0.8123413,0.9135197,1,0.8921573,0.6647844,0.6173219,0.7243789,0.6672852,0,0,0,0,0,0,0,0,0,0,0,0,0,0,0,0,0,0,0,0,0,0,0,0,0,0.7786705,0.917396,1,0.9233992,0,0,0,0,0,0,0,0,0,0,0,0,0,0,0,0,0,0,0,0,0,0,0,0,0,0,0,0,0,0,0.8483224,0.9655261,1,0.9066582,0.7984002,0.8864245,0.7967308,0,0,0,0,0,0,0,0,0,0,0
0,0,0,0,0,0,0,0,0,0,0,0,0.740676,0.8946866,0.9611113,0.9675395,1,0.854009,0.7205148,0,0,0,0,0,0,0,0,0,0,0,0,0,0,0,0,0,0,0,0,0,0,0,0,0,0,0,0,0.7866524,0.8728809,0.9911459,1,0.7941191,0.9485121,0.9380984,0,0,0,0,0,0,0,0,0,0,0,0,0,0,0,0,0,0,0,0,0,0,0,0.6358992,0.6660535,0.84368,0.8149122,0.9639261,1,0.7873561,0.7958378,0,0.7057737,0,0,0,0,0,0,0,0,0,0,0,0,0,0,0,0,0,0,0,0,0,0,0,0,0,0.810407,0.8242279,0.9065266,1,0.9484876,0.8066404,0.7808807,0.7147818,0.6779609,0.6335486,0,0,0,0,0,0,0,0,0,0,0,0,0,0,0,0,0,0,0,0,0,0,0.7355623,0.8135504,0.8789477,0.9241944,0.9835963,1,0.8502142,0.8849248,0.8907933,0.7345024,0,0,0,0,0,0,0,0,0,0,0
0,0,0,0,0,0,0,0,0,0,0,0,0.8889838,0.9470295,0.8658163,0.9390883,1,0.895023,0,0,0,0,0,0,0,0,0,0,0,0,0,0,0,0,0,0,0,0,0,0,0,0,0,0,0,0,0,0.9394989,0,0.9897067,0.9647177,0.9689058,0.9929414,1,0,0,0,0,0,0,0,0,0,0,0,0,0,0,0,0,0,0,0,0,0,0,0,0,0.8395641,0.854995,0.8685659,0.9219064,1,0.8834203,0.7649277,0.7724783,0.7698627,0,0,0,0,0,0,0,0,0,0,0,0,0,0,0,0,0,0,0,0,0,0,0,0,0.8141874,0.861023,0.8927028,0.9456109,1,0.9624227,0.8357946,0,0.7310517,0,0,0,0,0,0,0,0,0,0,0,0,0,0,0,0,0,0,0,0,0,0,0,0,0.8614215,0.9568653,0.9492401,0.9064319,0.9589286,0.9314396,1,0.8971924,0,0,0,0,0,0,0,0,0,0,0,0,0
0,0,0,0,0,0,0,0,0,0,0,0.718321,0.8596534,0.8314499,0.8576337,0.8926321,1,0.7912126,0.7348376,0.7474092,0,0,0,0,0,0,0,0,0,0,0,0,0,0,0,0,0,0,0,0,0,0,0,0,0,0,0.8622564,0.9684382,0.863288,0.9013007,0.880155,0.8899859,0.933848,1,0.9294192,0.7935165,0,0,0,0,0,0,0,0,0,0,0,0,0,0,0,0,0,0,0,0,0,0.733271,0.7806914,0.7779017,0.8708297,0.9793906,1,0.8246203,0.7276112,0.6911626,0.7133217,0.6834555,0.6812112,0,0,0,0,0,0,0,0,0,0,0,0,0,0,0,0,0,0,0,0,0,0.6772435,0.7442845,0.7138587,0.7875747,0.9060357,1,0.9572524,0.8215896,0.7680178,0.6088848,0.6282906,0,0,0,0,0,0,0,0,0,0,0,0,0,0,0,0,0,0,0,0,0,0,0,0.7675357,0,0.8760194,0.8660258,0.9554958,1,0.9545043,0.9816929,0.8770634,0,0.7487547,0.7432764,0,0,0,0,0,0,0,0,0
0,0,0,0,0,0,0,0,0,0,0,0,0,0.7966553,0.8366506,0.9591168,1,0.9164129,0,0,0,0,0,0,0,0,0,0,0,0,0,0,0,0,0,0,0,0,0,0,0,0,0,0,0,0,0,0,0.932979,0.9820784,0.968695,1,0.9668812,0,0.9996551,0.9807951,0,0,0,0,0,0,0,0,0,0,0,0,0,0,0,0,0,0,0,0,0,0,0,0.7945169,0.8326837,0.9658068,1,0.8857167,0.8378925,0,0,0.8302752,0.8155602,0,0,0,0,0,0,0,0,0,0,0,0,0,0,0,0,0,0,0,0,0,0,0,0.7745103,0.8151792,0.8761747,1,0.9557626,0,0.814405,0.806258,0,0,0,0,0,0,0,0,0,0,0,0,0,0,0,0,0,0,0,0,0,0,0,0,0,0,0.8318027,0.8002153,0.959254,1,0.8974316,0.8896839,0.8590055,0.8198151,0.8287648,0.7835463,0,0,0,0,0,0,0,0,0
0,0,0,0,0,0,0,0,0,0,0,0.6478138,0.656971,0,0,0.942462,1,0.8700762,0.7654088,0.7118499,0.7473246,0.7672004,0.7995824,0.7789902,0.7523128,0.7651926,0,0,0,0,0,0,0,0,0,0,0,0,0,0,0,0,0,0,0,0,0,0,0,0.7747925,0.879231,1,0.9914552,0.8718458,0.9811063,0.9401594,0.833858,0.7712933,0,0,0,0,0,0,0,0,0,0,0,0,0,0,0.6267514,0.6233618,0.6153783,0.6140867,0.652086,0.6412586,0.6244591,0,0.7083331,0.9461757,1,0.8841623,0.8096048,0.7199504,0.7640175,0.6875742,0.7039881,0,0.6832344,0.7246621,0.626351,0,0,0,0,0,0,0,0,0,0,0,0,0,0,0,0,0.6164033,0.6544474,0.6504782,0,0.6596658,0.8796413,1,0.9524087,0,0.7474777,0.7262093,0.691047,0.7062725,0.7340662,0.6978428,0.6809009,0.7021353,0.6642017,0,0,0,0,0,0,0,0,0,0,0,0,0,0,0,0,0,0,0,0.6539554,0.7794377,0.9753745,1,0.8288017,0.754665,0.8714232,0.8768679,0.7385746,0.6747375,0,0.6577918,0.7363734,0.6818451,0,0,0,0,0
0,0,0,0,0,0,0,0,0,0,0,0,0,0,0,0.9179993,1,0.8849126,0.7436993,0,0,0.7477542,0.8290846,0.8094755,0.8237444,0.820827,0.8048364,0,0,0,0,0,0,0,0,0,0,0,0,0,0,0,0,0,0,0,0,0,0.9379492,0.9387949,0.9221673,1,0.9091932,0,0,0.8746601,0.858448,0,0,0,0,0,0,0,0,0,0,0,0,0,0,0,0,0,0,0,0,0,0,0,0.7842322,0.9624973,1,0.8848661,0,0.7705863,0.72448,0.7361532,0.7292204,0.7442429,0.7674304,0,0.7262869,0,0,0,0,0,0,0,0,0,0,0,0,0,0,0,0,0,0,0,0,0.7030663,0.8604398,1,0.9488105,0,0.7026397,0,0.7251974,0.780498,0.7839704,0.7786303,0.7221597,0.7452271,0.7160468,0,0,0,0,0,0,0,0,0,0,0,0,0,0,0,0,0,0,0,0,0,0.9534004,1,0.8802131,0.7616372,0.7786939,0,0.7845206,0.7560871,0.7790657,0,0,0,0,0,0,0,0
0,0,0,0,0,0,0,0,0,0,0,0,0,0,0,0.8943967,1,0.9012698,0.7290455,0.7292119,0,0.800168,0.8176929,0.7602029,0.705305,0.6684836,0,0,0,0,0,0,0,0,0,0,0,0,0,0,0,0,0,0,0.8961296,0.8935267,0.9355674,0.8662468,1,0.9800552,0.9912358,0.8487367,0.9745367,0.9300057,0.8370947,0,0,0,0,0,0,0,0,0,0,0,0,0,0,0,0,0,0,0,0,0,0,0,0,0,0.7472666,0.9458869,1,0.8928816,0.7301129,0.7299234,0.7899104,0.7747567,0.697203,0.731093,0.6792397,0,0,0,0,0,0,0,0,0,0,0,0,0,0,0,0,0,0,0,0,0.6846986,0.688015,0,0.8511046,1,0.9718037,0.7683362,0.7427312,0.7203889,0.8134584,0.7798784,0.6799297,0.7432762,0.7066601,0,0,0,0,0,0,0,0,0,0,0,0,0,0,0,0,0,0.690996,0.6944869,0,0,0.7389975,0.7964227,0.97899,1,0.8274414,0.7757702,0.6986066,0,0.8050099,0.8283076,0.7129548,0,0,0,0,0,0,0,0
0,0,0,0,0,0,0,0,0,0,0,0.7610082,0.7316568,0.7623615,0.8296664,0.9476303,1,0.9069793,0.8498292,0.8166419,0,0,0,0,0,0,0,0,0,0,0,0,0,0,0,0,0,0,0,0,0,0.9139438,1,0.9962933,0.9733902,0.9464737,0,0.9399271,0,0,0,0,0,0,0,0,0,0,0,0,0,0,0,0,0,0,0,0,0,0,0,0,0,0,0,0,0.7254688,0.7925395,0.7496686,0.761404,0.8840547,0.9321705,1,0.9313841,0.8419707,0.7487846,0.7565811,0.7283652,0,0,0,0,0,0,0,0,0,0,0,0,0,0,0,0,0,0,0,0,0,0,0,0,0.7072775,0.828514,0.9251283,1,0.956152,0.7163502,0.7466709,0.6978364,0.7527223,0.7181335,0,0,0,0,0,0,0,0,0,0,0,0,0,0,0,0,0,0,0,0,0,0,0.7827457,0.7624901,0.8105683,0.8111734,0.9670494,1,0.8515468,0,0,0.7765753,0.7593842,0,0,0,0,0,0,0,0,0,0
0,0,0,0,0,0,0,0,0,0,0,0,0.7843018,0.8130366,0.8194827,0.9255723,1,0.9009655,0.7544178,0,0,0,0,0,0,0,0,0,0,0,0,0,0,0,0,0,0,0,0,0,0,0.9475445,1,0.9915428,0,0.8840955,0.9913673,0.9026873,0.8851455,0.9848974,0.9442629,0,0,0,0,0,0,0,0,0,0,0,0,0,0,0,0,0,0,0,0,0,0,0,0.730688,0.7373322,0.7716431,0.8387452,0.8553354,0.9406369,0.9101022,0.9366986,1,0.8772197,0,0,0,0,0,0,0,0,0,0,0,0,0,0,0,0,0,0,0,0,0,0,0.6820678,0.6555638,0,0.7526428,0.7423092,0.852053,0.9382821,0.929143,0.9048965,1,0.9641353,0.692879,0,0,0,0,0,0,0,0,0,0,0,0,0,0,0,0,0,0,0,0,0,0,0,0,0,0.8131192,0.8236664,0.9720858,0.9832554,0.9290839,0.9106721,1,0.9033669,0.7354322,0,0,0,0,0,0,0,0,0,0,0,0,0
0,0,0,0,0,0,0,0,0,0,0,0,0.8149367,0.855139,0.8534333,0.8062445,1,0.929726,0,0,0,0,0,0,0,0,0,0,0,0,0,0,0,0,0,0,0,0,0,0,0,0,0.7945428,0.8385758,0.9508895,1,0.9534635,0.8711815,0,0.868056,0.8367159,0,0,0,0,0,0,0,0,0,0,0,0,0,0,0,0,0,0,0,0,0,0,0,0,0.6891466,0.7459244,0.8657044,0.895354,0.6595434,0.8259505,0.9286484,1,0.9026982,0.6639942,0.6410007,0.6943194,0.6795377,0,0,0,0,0,0,0,0,0,0,0,0,0,0,0,0,0,0,0.6326985,0,0.6383289,0.6930079,0.832429,0.9442426,0.925256,0.7726048,0.8865633,1,0.9750361,0.7707936,0,0.6434318,0.6502761,0,0,0,0,0,0,0,0,0,0,0,0,0,0,0,0,0,0,0.7281223,0.7925123,0.8173227,0.7673858,0.8320958,0.9650096,1,0.8187981,0.838513,0.9263122,0.9911011,0.875932,0,0,0,0,0,0,0,0,0,0,0,0,0,0
0,0,0,0,0,0,0,0,0,0,0,0,0.7639315,0.8336402,0.8500479,0.9322349,1,0.9061319,0,0,0,0,0,0,0,0,0,0,0,0,0,0,0,0,0,0,0,0,0,0,0,0,0,0,0,0,0,0.8576954,0.998558,1,0.9405586,0.8541983,0,0,0,0,0,0,0,0,0,0,0,0,0,0,0,0,0,0,0,0,0,0,0,0,0,0,0.8103006,0.9117945,0.892441,0.9340521,1,0.8993464,0,0,0,0,0,0,0,0,0,0,0,0,0,0,0,0,0,0,0,0,0,0,0,0,0,0,0.6979753,0.8265445,0.9228109,0.9425769,0.77099,1,0.9874538,0.8109633,0,0,0,0,0,0,0,0,0,0,0,0,0,0,0,0,0,0,0,0,0,0,0,0,0,0.7283168,0.8231414,0.8778658,0.9335999,0.9039596,0.971312,1,0.8397108,0,0,0,0,0,0,0,0,0,0,0,0,0,0
0,0,0,0,0,0,0,0,0,0,0,0,0,0,0.7711733,0.9277104,1,0.8930445,0.7270353,0.710072,0,0,0,0,0,0,0,0,0,0,0,0,0,0,0,0,0,0,0,0,0,0,0,0,0,0,0,0,0.8841642,1,0.9843603,0.8253264,0.8651792,0,0,0,0,0,0,0,0,0,0,0,0,0,0,0,0,0,0,0,0,0,0,0,0,0,0.6521795,0.658397,0.8871468,0.980461,1,0.904131,0.8197378,0.77416,0,0,0,0,0,0,0,0,0,0,0,0,0,0,0,0,0,0,0,0,0,0,0,0,0,0,0.7463498,0.9087551,0.9496439,1,0.9883032,0.8455011,0.8443165,0.771869,0,0,0,0,0,0,0,0,0,0,0,0,0,0,0,0,0,0,0,0,0,0,0,0,0,0,0.7661574,0.8937958,0.9611852,1,0.9317458,0.738326,0.7360113,0.719708,0,0,0,0,0,0,0,0,0,0,0
0,0,0,0,0,0,0,0,0,0,0,0,0,0,0.8445171,0,1,0.9590567,0,0.8267739,0,0,0,0,0,0,0,0,0,0,0,0,0,0,0,0,0,0,0,0,0,0,0,0,0,0,0,0,0,0.9740409,1,0.9692816,0.976853,0.9501483,0.9134215,0,0,0,0,0,0,0,0,0,0,0,0,0,0,0,0,0,0,0,0,0,0,0,0.7623464,0,0.829019,0.9017633,1,0.9036446,0.8245699,0.8298708,0.7918468,0.7747622,0,0,0,0,0,0,0,0,0,0,0,0,0,0,0,0,0,0,0,0,0,0,0,0,0,0,0.9221616,1,0.9807429,0.8419473,0.8620747,0.7548089,0.7520689,0,0,0,0,0,0,0,0,0,0,0,0,0,0,0,0,0,0,0,0,0,0,0,0,0,0,0.9223973,0,1,0,0.8556054,0.9349048,0.9265442,0,0,0,0,0,0,0,0,0,0,0
0,0,0,0,0,0,0,0,0,0,0,0,0,0,0.6982983,0.9233177,1,0.8277705,0.8521883,0.710685,0,0,0,0,0,0,0,0,0,0,0,0,0,0,0,0,0,0,0,0,0,0,0,0,0,0.8114824,0.9130843,0.8970202,0.9006449,1,0.9948957,0.8420831,0,0,0,0,0,0,0,0,0,0,0,0,0,0,0,0,0,0,0,0,0,0,0,0,0,0,0.7266797,0.7149579,0.7236205,0.9271241,1,0.9191335,0.6762158,0.7147313,0.7181585,0.7077059,0.6707071,0,0,0,0,0,0,0,0,0,0,0,0,0,0,0,0,0,0,0,0,0,0,0.7119654,0.7327276,0.7861125,0.8489557,0.9762663,1,0.9324062,0.9585987,0.9269347,0.8431935,0,0,0,0,0,0,0,0,0,0,0,0,0,0,0,0,0,0,0,0,0,0,0,0,0.7617594,0.7521029,0.8091484,0.9618427,1,0.8495811,0.9357419,0.8117161,0.7677699,0.749907,0.7549303,0,0,0,0,0,0,0,0,0
0,0,0,0,0,0,0,0,0,0,0,0,0,0,0,0.9011739,1,0.9676392,0.863378,0,0,0,0,0,0,0,0,0,0,0,0,0,0,0,0,0,0,0,0,0,0,0,0,0,0,0,0,0.9374605,0.9318206,1,0.9981352,0,0,0,0,0,0,0,0,0,0,0,0,0,0,0,0,0,0,0,0,0,0,0,0,0,0,0,0,0.727696,0.7913361,0.941831,1,0.8941333,0.7655441,0.7749931,0.7602726,0.7179534,0,0,0,0,0,0,0,0,0,0,0,0,0,0,0,0,0,0,0,0,0,0,0,0,0,0.8555391,0.8854595,0.9139518,1,0.958607,0.9354633,0,0,0,0,0,0,0,0,0,0,0,0,0,0,0,0,0,0,0,0,0,0,0,0,0,0,0,0.7498896,0.797977,0.9527467,1,0.9164045,0,0,0,0,0,0,0,0,0,0,0,0,0,0
0,0,0,0,0,0,0,0,0,0,0,0,0,0,0,0.8949799,1,0.9272552,0.7948256,0.7082464,0.7086977,0,0,0,0,0,0,0,0,0,0,0,0,0,0,0,0,0,0,0,0,0,0,0,0,0.8583889,0.853964,0.9077557,1,0.9348058,0.9485216,0,0,0,0,0,0,0,0,0,0,0,0,0,0,0,0,0,0,0,0,0,0,0,0,0,0,0,0,0,0.658861,0.9303618,1,0.9135447,0.7191308,0.7338173,0.661817,0,0,0,0,0,0,0,0,0,0,0,0,0,0,0,0,0,0,0,0,0,0,0,0,0,0,0.7744851,0.7543626,1,0.9751548,0.8106159,0.8874193,0.8530785,0.7407709,0,0,0,0,0,0,0,0,0,0,0,0,0,0,0,0,0,0,0,0,0,0,0,0,0,0.7557878,0.828129,0.9581092,1,0.881013,0.755821,0.7491592,0.7087594,0,0,0,0,0,0,0,0,0,0,0
0,0,0,0,0,0,0,0,0,0,0,0,0.7405022,0.7343458,0.7349351,0.9222816,1,0.9247705,0.7686131,0,0,0,0,0,0,0,0,0,0,0,0,0,0,0,0,0,0,0,0,0,0,0,0,0,0,0,0,0,0,1,0.9922771,0,0,0,0,0,0,0,0,0,0,0,0,0,0,0,0,0,0,0,0,0,0,0,0,0,0,0,0,0.6969253,0.7473185,0.9400083,1,0.9014891,0,0.6856186,0,0,0,0,0,0,0,0,0,0,0,0,0,0,0,0,0,0,0,0,0,0,0,0,0.7489548,0.7593791,0,0.8005601,0.9042435,1,0.9632905,0.722055,0.7341401,0,0,0,0,0,0,0,0,0,0,0,0,0,0,0,0,0,0,0,0,0,0,0,0,0,0,0,0,0.7886561,0.9369318,1,0.8852106,0,0,0,0,0,0,0,0,0,0,0,0,0,0
0,0,0,0,0,0,0,0,0,0,0.8052479,0.7849393,0.7488872,0.7935232,0.8340238,0.9168498,1,0.8860108,0,0,0,0,0,0,0,0,0,0,0,0,0,0,0,0,0,0,0,0,0,0,0,0,0,0,0,0,0,0,0.8914821,1,0.9453056,0.8505409,0,0,0,0,0,0,0,0,0,0,0,0,0,0,0,0,0,0,0,0,0,0,0,0.7387722,0.7084935,0,0.6644146,0.7144206,0.7164339,0.9583921,1,0.8807473,0.6731463,0.6579128,0,0,0,0,0,0,0,0,0,0,0,0,0,0,0,0,0,0,0,0,0,0.760567,0.8169691,0.8463561,0,0,0,0.8352109,0.8424567,1,0.9868907,0.7687241,0,0,0,0,0,0,0,0,0,0,0,0,0,0,0,0,0,0,0,0,0,0,0,0,0,0.7554107,0.7975075,0,0,0.8334611,1,0.9845548,0,0,0,0,0,0,0,0,0,0,0,0,0,0,0
0,0,0,0,0,0,0,0,0.7596051,0.8633343,0.9089284,0.8864352,0.744035,0.7866842,0,0.9336729,1,0.889075,0,0,0,0,0,0,0,0,0,0,0,0,0,0,0,0,0,0,0,0,0,0,0,0,0,0,0,0,0,0,0.9177427,1,0.87657,0.8552647,0,0,0,0,0,0,0,0,0,0,0,0,0,0,0,0,0,0,0,0,0,0,0.7944145,0.8445185,0.8096057,0.7387549,0.6819765,0,0.7448979,0.9708562,1,0.8654144,0.7259448,0,0,0,0,0,0,0,0,0,0,0,0,0,0,0,0,0,0,0,0,0,0,0.8259397,0.928267,0.9172222,0.8228417,0.7804347,0.7843992,0.8024955,0.8260487,1,0.9798395,0.8005669,0,0,0,0,0,0,0,0,0,0,0,0,0,0,0,0,0,0,0,0,0,0,0.7725281,0.8434556,0.8135819,0.8139052,0.80084,0.8089108,0.8035566,0.8160867,0.9993016,1,0.7804906,0.7957956,0,0,0,0,0,0,0,0,0,0,0,0,0
0,0,0,0,0,0,0,0,0,0.7177765,0.8031595,0.8441578,0.8766874,0.8190356,0.8425584,0.9424814,1,0.8746668,0,0,0,0,0,0,0,0,0,0,0,0,0,0,0,0,0,0,0,0,0,0,0,0,0,0,0,0,0,0,0.9046207,0.9914118,0.9613816,1,0.9801645,0.8228285,0,0,0,0,0,0,0,0,0,0,0,0,0,0,0,0,0,0,0,0,0.6950653,0.7484154,0.7847621,0.7951928,0.7117163,0.7350145,0.7695832,0.9467283,1,0.883368,0.7264943,0.7444496,0,0,0,0,0,0,0,0,0,0,0,0,0,0,0,0,0,0,0,0,0,0.6921687,0.810088,0.8326865,0.8088553,0.7351043,0.7777582,0.7779987,0.8774927,1,0.9433319,0.819347,0.751713,0.7322446,0.6974736,0,0,0,0,0,0,0,0,0,0,0,0,0,0,0,0,0,0,0,0,0.7570597,0,0,0.7962351,0.7325535,0,0,0.9272295,1,0.9182544,0.825076,0.796701,0,0,0,0,0,0,0,0,0,0,0,0
0,0,0,0,0,0,0,0,0,0,0,0.8463402,0.946372,0.9537058,0.8929809,0.9327916,1,0.9068418,0,0,0,0,0,0,0,0,0,0,0,0,0,0,0,0,0,0,0,0,0,0,0,0,0,0,0,0,0,0,0,0.9893366,0.9931872,0.88082,1,0.9347494,0,0,0,0,0,0,0,0,0,0,0,0,0,0,0,0,0,0,0,0,0,0,0.6934983,0.757064,0.7297328,0.7171622,0.674919,0.9413018,1,0.8690835,0.7005817,0.7242668,0,0,0,0,0,0,0,0,0,0,0,0,0,0,0,0,0,0,0,0,0,0,0,0,0,0.7806475,0.7906998,0.7604293,0.8944226,1,0.9334026,0,0.7335794,0,0,0,0,0,0,0,0,0,0,0,0,0,0,0,0,0,0,0,0,0,0,0,0,0,0,0.8007931,0.7786652,0.8150625,0.9380852,1,0.8646858,0.7486663,0.8064067,0,0,0,0,0,0,0,0,0,0,0,0
0,0,0,0,0,0,0,0,0,0,0,0,0.8114653,0.8426624,0.9083942,0.8966892,1,0.9184377,0,0,0,0,0,0,0,0,0,0,0,0,0,0,0,0,0,0,0,0,0,0,0,0,0,0,0,0,0,0,0,0.961799,1,0,0,0,0,0,0,0,0,0,0,0,0,0,0,0,0,0,0,0,0,0,0,0,0,0,0,0,0,0.7006722,0.7436225,0.9447924,1,0.8834456,0.7268266,0,0,0,0,0,0,0,0,0,0,0,0,0,0,0,0,0,0,0,0,0,0,0,0,0,0,0,0.8125643,0.8914278,0.9290495,1,0.935128,0.7972819,0,0,0,0,0,0,0,0,0,0,0,0,0,0,0,0,0,0,0,0,0,0,0,0,0,0,0,0.8548989,0.9730908,0.9829254,0.9705033,1,0.8875383,0.8187949,0,0,0,0,0,0,0,0,0,0,0,0,0
