GestureName: z
Duration(ms): 987
Handedness: right

SpeakerAngles: 5
55
-55
0
0
110

SpeakerElevations: 5
-10
-10
-10
0
30

InterpretedPoints: 21
0,0,0
1.63468575993652,9.69964743729826,-0.236481776669304
1.62759536269875,4.36202699358458,0.479055466999209
4.86860529362069,7.88416352407198,0.958110933998418
8.10252482730486,9.15282791280958,1.28446275633149
4.86151489638292,1.53135083337051,1.5
-0.820888078587149,8.93638026206167,-1.86824088833465
0,0,0
-0.792526489636048,4.07180680496324,0.131759111665348
-4.03353642055799,4.80912036033033,-1.04188906600158
-3.99808443436912,6.60315763833375,1.63175911166535
-2.40594105785925,2.81235671910874,0.82635182233307
-3.21264834197085,-1.67654456741592,1.86824088833465
0.813797681349374,-2.28100588573823,0.67364817766693
1.62759536269875,8.34683474659679,0.305407289332279
8.92341290589201,11.1101019218334,1.93716640099763
12.9498589292122,14.2461905176566,1.43716640099763
12.9498589292122,2.93297662381378,3.34729635533386
7.26745595424216,-9.56383528560543,2.93107448733702
-10.5368274741152,-16.3391675137123,-0.895277334996045
-0.806707284111599,-9.48890128652466,1.04188906600158

StrokePoints: 22
0,0,0
0,0,0
1.63468575993652,9.69964743729826,-0.236481776669304
3.26228112263527,14.0616744308828,0.242573690329905
8.13088641625596,21.9458379549548,1.20068462432832
16.2334112435608,31.0986658677644,2.48514738065981
21.0949261399437,32.6300167011349,3.98514738065981
20.2740380613566,41.5663969631966,2.11690649232516
20.2740380613566,41.5663969631966,2.11690649232516
19.4815115717205,45.6382037681598,2.24866560399051
15.4479751511625,50.4473241284901,1.20677653798892
11.4498907167934,57.0504817668239,2.83853564965427
9.04394965893419,59.8628384859326,3.66488747198734
5.83130131696334,58.1862939185167,5.53312836032199
6.64509899831271,55.9052880327785,6.20677653798892
8.27269436101146,64.2521227793753,6.5121838273212
17.1961072669035,75.3622247012086,8.44935022831883
30.1459661961157,89.6084152188652,9.88651662931645
43.0958251253279,92.541391842679,13.2338129846503
50.3632810795701,82.9775565570736,16.1648874719873
39.8264536054549,66.6383890433613,15.2696101369913
39.0197463213433,57.1494877568366,16.3114992029929

Velocities: 21
0,0,0
1,2,7
0,0,3
2,0,4
4,-1,4
1,-2,1
0,-1,6
0,0,0
0,3,2
0,5,1
-4,6,3
-3,2,2
-4,2,-3
0,0,-1
0,0,4
4,0,5
6,-4,7
3,-7,2
1,-7,-8
-7,-1,-7
-1,0,-5

InverseVelocities: 21
0,0,0
0,0,-7
0,0,0
0,0,0
0,0,-2
0,0,-1
0,0,-7
0,0,0
0,0,-1
0,0,-2
1,0,-3
0,0,-5
0,-1,0
0,0,0
0,0,0
0,0,0
-1,0,-5
0,0,-4
-7,0,0
0,0,0
0,0,4

RawData: 21
0,0,0,0,0,0,0,0,0,0,0,0,0,0,0,0.9056594,1,0.8799628,0,0,0,0,0,0,0,0,0,0,0,0,0,0,0,0,0,0,0,0,0,0,0,0,0,0,0,0,0,0,0,0.9038126,1,0.925278,0,0,0,0,0,0,0,0,0,0,0,0,0,0,0,0,0,0,0,0,0,0,0,0,0,0,0,0,0.70455,0.9267612,1,0.8997603,0.6786671,0,0,0,0,0,0,0,0,0,0,0,0,0,0,0,0,0,0,0,0,0,0,0,0,0,0,0,0,0,0.7650459,0.9903825,1,0.7852176,0,0,0,0,0,0,0,0,0,0,0,0,0,0,0,0,0,0,0,0,0,0,0,0,0,0,0,0,0,0.8334141,1,0.9917561,0.9104475,0.7892128,0,0,0,0,0,0,0,0,0,0,0,0,0
0,0,0,0,0,0,0,0,0,0,0,0,0,0,0.6388947,0.9164245,1,0.8995082,0,0.6935114,0.6382715,0,0,0,0,0,0,0,0,0,0,0,0,0,0,0,0,0,0,0,0,0,0,0,0,0,0,0,0,0.9148539,1,0.9299235,0.7312293,0.6331823,0.6399102,0,0,0,0,0,0,0,0,0,0,0,0,0,0,0,0,0,0.5616789,0.555026,0,0,0,0.6387307,0.6683728,0.6514797,0.586195,0.9037301,1,0.9241087,0.6993296,0.6428462,0.6852163,0.6672228,0.5795949,0,0,0.5750696,0.6084833,0,0,0,0,0,0,0,0,0,0,0,0,0,0,0,0,0,0,0,0,0.6528001,0.8836799,1,0.9462478,0.809365,0.6685938,0.6738155,0.649425,0,0,0,0,0,0,0,0,0,0,0,0,0,0,0,0,0,0,0,0,0,0,0.5917499,0.6895183,0.667358,0.6151162,0.8165595,0.9807419,1,0.92299,0.8096616,0.6811653,0.6536061,0.6305353,0,0,0,0,0,0,0,0,0,0
0,0,0,0,0,0,0,0,0,0,0,0,0,0,0,0.8849562,1,0.9557268,0.8215115,0.8147706,0,0,0,0,0,0,0,0,0,0,0,0,0,0,0,0,0,0,0,0,0,0,0,0,0,0,0,0,0.9098982,1,0.9076806,0.8764295,0,0,0,0,0,0,0,0,0,0,0,0,0,0,0,0,0,0,0,0,0,0,0,0,0,0,0,0,0,0.9322927,1,0.8968388,0.7377693,0.7372092,0.7416381,0.6539375,0.6796561,0,0,0,0,0,0,0,0,0,0,0,0,0,0,0,0,0,0,0,0,0,0,0,0,0,0.8757977,1,0.9465635,0.8210839,0.8291829,0.8024837,0.7602648,0,0,0,0,0,0,0,0,0,0,0,0,0,0,0,0,0,0,0,0,0,0,0,0,0.7515152,0.8145854,0,0.947229,1,0.957253,0.8736488,0.8585755,0.8168279,0,0,0,0,0,0,0,0,0,0,0
0,0,0,0,0,0,0,0,0,0,0,0,0,0,0,0.9340526,1,0.8473048,0.8859137,0.93626,0.9086413,0.8711705,0,0,0,0,0,0,0,0,0,0,0,0,0,0,0,0,0,0,0,0,0,0,0,0,0,0.8519337,0.9206496,1,0.9985819,0.8850688,0,0,0,0,0,0,0,0,0,0,0,0,0,0,0,0,0,0,0,0,0,0,0,0,0,0,0,0,0.8224132,0.9677486,1,0.8951051,0,0.7391134,0.7575794,0.7919448,0.7535987,0.708435,0,0,0,0,0,0,0,0,0,0,0,0,0,0,0,0,0,0,0,0,0,0,0,0,0.8731771,1,0.9919065,0.8108166,0.8379225,0.8502488,0.8293825,0.842024,0.8072965,0,0,0,0,0,0,0,0,0,0,0,0,0,0,0,0,0,0,0,0,0,0,0,0,0.9440284,0.8662244,0.9496655,0.9917671,0.9806236,1,0.9851463,0.9219571,0.8892618,0,0,0,0,0,0,0,0,0
0,0,0,0,0,0,0,0,0,0,0,0,0,0,0,0.898666,1,0.9136005,0,0.8256685,0.7676646,0.7691722,0.774842,0.6943221,0,0,0,0,0,0,0,0,0,0,0,0,0,0,0,0,0,0,0,0,0,0.8240961,1,0.9938774,0.8374308,0,0.9794624,0,0,0,0,0,0,0,0,0,0,0,0,0,0,0,0,0,0,0,0,0,0,0,0,0,0,0.6308133,0.6803525,0.7272189,0.7708506,0.9174179,1,0.903877,0.7792312,0.8345816,0.8131499,0.7916729,0.7284907,0.6297891,0,0,0,0,0,0,0,0,0,0,0,0,0,0,0,0,0,0,0,0,0,0,0.7289841,0.7743238,0.8351948,1,0.9726744,0.7735244,0.8813361,0.895366,0.8580759,0.8145294,0.711899,0.6934553,0,0,0,0,0,0,0,0,0,0,0,0,0,0,0,0,0,0,0,0.7224019,0.7633794,0.7289609,0.8944198,0.9484609,0.8271981,1,0.9444046,0.8839344,0.9270019,0.8598661,0.8723644,0.7805015,0.753134,0,0,0,0,0,0,0,0
0,0,0,0,0,0,0,0,0,0,0,0,0,0,0.7044388,0.9024743,1,0.8431677,0.8034862,0.7311862,0.6971605,0,0,0,0,0,0,0,0,0,0,0,0,0,0,0,0,0,0,0,0,0,0,0,0.8272357,0.9172752,0.9060083,0.9023291,0.9209849,1,0.9723304,0,0,0,0,0,0,0,0,0,0,0,0,0,0,0,0,0,0,0,0,0,0,0,0,0,0,0,0.6083513,0.6378413,0.646057,0.9300759,1,0.8665096,0.7915382,0.7633355,0.656936,0,0,0,0,0,0,0,0,0,0,0,0,0,0,0,0,0,0,0,0,0,0,0,0,0.6264298,0.7126879,0.6809303,0.8096622,0.9785777,1,0.9367015,0.8862486,0.8335025,0.7135508,0,0,0,0,0,0,0,0,0,0,0,0,0,0,0,0,0,0,0,0,0,0,0.633973,0.7530663,0.8258753,0.8606304,0.8077673,0.9357243,1,0.9006906,0.8698928,0.8150082,0.7280431,0.6811046,0,0,0,0,0,0,0,0,0,0
0,0,0,0,0,0,0,0,0,0,0,0,0,0,0,0.9204296,1,0.9459099,0.7473044,0,0,0,0,0,0,0,0,0,0,0,0,0,0,0,0,0,0,0,0,0,0,0,0,0,0,0.8913108,0.9727116,1,0.9845688,0.9120986,0,0,0,0,0,0,0,0,0,0,0,0,0,0,0,0,0,0,0,0,0,0,0.6171286,0.6429953,0.641845,0.6351101,0.6699961,0.6583257,0.6816463,0.7473873,0.7549886,0.9384591,1,0.912608,0.6863115,0,0.6332188,0.6607917,0.6189829,0.6102821,0.6314031,0.6310068,0,0,0,0,0,0,0,0,0,0,0,0,0,0,0,0,0,0,0,0,0.8198906,0.8382038,0.9753504,1,0.9959242,0.8782176,0,0,0.8090565,0.8165601,0,0,0,0,0,0,0,0,0,0,0,0,0,0,0,0,0,0,0,0,0,0.646297,0,0.6292173,0.6561813,0.7640372,0.9357805,1,0.9253992,0.7229208,0,0,0,0,0,0,0,0,0,0,0,0,0
0,0,0,0,0,0,0,0,0,0,0,0,0,0,0.8139308,0.9515665,0.9840736,1,0,0,0,0,0,0,0,0,0,0,0,0,0,0,0,0,0,0,0,0,0,0,0,0,0,0,0,0,0,0,0.8414335,0.984699,1,0.9394608,0,0,0,0,0,0,0,0,0,0,0,0,0,0,0,0,0,0,0,0,0,0,0,0,0,0,0,0.6351655,0.6223574,0.9224786,1,0.8964835,0,0,0,0,0,0,0,0,0,0,0,0,0,0,0,0,0,0,0,0,0,0,0,0,0,0,0,0,0,0,0.82717,0.9563326,1,0.8665723,0,0,0,0,0,0,0,0,0,0,0,0,0,0,0,0,0,0,0,0,0,0,0,0,0,0,0,0,0,0.7194439,0.917842,1,0.9148369,0,0,0,0,0,0,0,0,0,0,0,0,0,0
0,0,0,0,0,0,0,0,0,0,0,0,0,0.6624364,0.7658878,0.9452417,1,0.9151152,0.6712797,0,0,0,0,0,0,0,0,0,0,0,0,0,0,0,0,0,0,0,0,0,0,0,0,0,0,0,0,0,0.8707336,1,0.83756,0.8960052,0.8154786,0.8187411,0.8697283,0.781094,0,0,0,0,0,0,0,0,0,0,0,0,0,0,0,0,0,0,0,0,0,0,0.6118553,0.6567024,0.5951172,0.9287665,1,0.9240623,0.733703,0.6049158,0.6480967,0.5923986,0,0,0,0,0,0,0,0,0,0,0,0,0,0,0,0,0,0,0,0,0,0,0,0.7154105,0.7940897,0.8139443,0.7620422,0.9966291,1,0.8855197,0.7679132,0.7437665,0,0,0,0,0,0,0,0,0,0,0,0,0,0,0,0,0,0,0,0,0,0,0,0,0,0.7291747,0.7483107,0.7083679,0.9573898,1,0.8266898,0.7646153,0.7865241,0.6990901,0,0,0,0,0,0,0,0,0,0,0
0,0,0,0,0,0,0,0,0,0,0,0,0,0.8169295,0.8943466,1,0.9786708,0.8284478,0,0,0,0,0,0,0,0,0,0,0,0,0,0,0,0,0,0,0,0,0,0,0,0,0,0,0,0,0,0,0,0.9860355,0.9543625,0,0.9561369,0.9623453,0,0.9643772,1,0.93479,0,0,0,0,0,0,0,0,0,0,0,0,0,0,0,0,0,0,0,0.7468967,0.718945,0.7759141,0.7472096,0.9461692,1,0.8935854,0.7871541,0.7985181,0.7540516,0,0,0,0,0,0,0,0,0,0,0,0,0,0,0,0,0,0,0,0,0,0,0,0.7594679,0.7675468,0.8142189,0.7958338,0.8747849,1,0.9786749,0.85324,0.8197882,0.7679883,0,0,0,0,0,0,0,0,0,0,0,0,0,0,0,0,0,0,0,0,0,0,0,0,0,0,0.9036575,0.8765108,0.9134789,1,0.9768792,0.8547806,0,0,0,0,0,0,0,0,0,0,0,0,0
0,0,0,0,0,0,0,0,0,0.6740068,0.7594938,0.8279791,0.8825144,0.8311223,0,0.8115945,1,0.9188628,0.7449524,0.7069944,0.686522,0,0,0,0,0,0,0,0,0,0,0,0,0,0,0,0,0,0,0,0,0,0,0,0,0,0,0,0.7461241,0.8673276,0.7900733,0.866073,0.9538541,1,0.9390064,0.8067291,0.6781042,0.7594683,0.6865974,0,0,0,0,0,0,0,0,0,0,0,0,0,0,0,0,0,0.7052273,0.799501,0.8066769,0.7502747,0.799687,0.952642,1,0.8662046,0.7405208,0.8346973,0.8483795,0.7697426,0.7053416,0,0,0,0,0,0,0,0,0,0,0,0,0,0,0,0,0,0,0,0,0.7267241,0.7546559,0.7718431,0.7842944,0.7942982,0.8508307,1,0.9760552,0.7971991,0.8074966,0.8234187,0.7299299,0.687314,0.6343848,0,0,0,0,0,0,0,0,0,0,0,0,0,0,0,0,0,0,0.7210022,0.7998274,0.805779,0.8250682,0,0.8715031,0.8343109,0.9342943,0.9889381,1,0.9474217,0.9445333,0.9044102,0.8751737,0.8486382,0.729344,0,0,0,0,0,0,0,0
0,0,0,0,0,0,0,0,0,0,0.8838148,0.8740034,0.8911748,0.9445911,0.9468299,0.9558876,1,0.9111586,0,0,0,0,0,0,0,0,0,0,0,0,0,0,0,0,0,0,0,0,0,0,0,0,0,0,0,0,0.8321955,0.9113721,0.9112517,0.9438301,0.9492045,0.9796745,1,0.9633451,0.8722285,0,0,0,0,0,0,0,0,0,0,0,0,0,0,0,0,0,0,0,0.730287,0.755193,0.7387152,0,0.7998384,0.7334619,0.8472396,0.9651516,1,0.9074637,0.8633056,0.8552375,0.8467861,0.7896197,0,0,0,0,0,0,0,0,0,0,0,0,0,0,0,0,0,0,0,0,0.788007,0.8185292,0.7780778,0.7842842,0.785042,0.8254908,0.9258808,1,0.9666266,0.8513716,0.8346367,0.8311951,0.7883862,0,0,0,0,0,0,0,0,0,0,0,0,0,0,0,0,0,0,0,0,0,0.8808082,0.8751717,0.9145662,0,0.9277052,0.9496452,0.8881692,1,0,0.9351015,0.9883925,0.9457377,0,0,0,0,0,0,0,0,0,0,0
0,0,0,0,0,0,0,0,0,0.712289,0.7868402,0.7998471,0.7976628,0.730718,0.7327788,0.9342315,1,0.9012001,0,0,0,0,0,0,0,0,0,0,0,0,0,0,0,0,0,0,0,0,0,0,0,0,0,0,0,0.8210847,0.9622173,1,0.9450781,0.9355401,0.8629758,0.8607473,0.7541462,0,0.7635109,0,0,0,0,0,0,0,0,0,0,0,0,0,0,0,0,0,0,0,0,0,0.7103614,0.7522974,0.8295607,0.8221301,0.7545113,0.956999,1,0.8357406,0.6925738,0,0,0,0,0,0,0,0,0,0,0,0,0,0,0,0,0,0,0,0,0,0,0,0,0.7120486,0.7695742,0.8155554,0.8614056,0.8341832,0.8693641,1,0.9278703,0,0,0,0.6600666,0.6595347,0,0,0,0,0,0,0,0,0,0,0,0,0,0,0,0,0,0,0,0,0.8160408,0.8583503,0.7841743,0.8440506,0.9162456,0.8387719,1,0.9974388,0,0,0.7978364,0.7859427,0,0,0,0,0,0,0,0,0,0,0
0,0,0,0,0,0,0,0,0,0,0,0,0,0.7405221,0.8201482,0.9447411,1,0.8741048,0,0,0,0,0,0,0,0,0,0,0,0,0,0,0,0,0,0,0,0,0,0,0,0,0,0,0,0,0.8869265,0.9397991,0.8515422,0.9351466,1,0.869657,0,0,0,0,0,0,0,0,0,0,0,0,0,0,0,0,0,0,0,0,0,0,0,0,0,0,0.6592286,0.7382092,0.7005441,0.9484245,1,0.8728241,0.6397949,0,0,0,0,0,0,0,0,0,0,0,0,0,0,0,0,0,0,0,0,0,0,0,0,0,0,0.6695587,0.770646,0.8216175,0.8726706,1,0.9454338,0.7405959,0.6603985,0,0,0,0,0,0,0,0,0,0,0,0,0,0,0,0,0,0,0,0,0,0,0,0,0,0.7442829,0.8153621,0.842231,0.9078735,1,0.9843898,0.8636111,0.7413666,0.7470285,0,0,0,0,0,0,0,0,0,0,0,0
0,0,0,0,0,0,0,0,0,0,0,0,0,0,0,0.9272795,1,0.9307715,0.8943212,0.8298663,0,0,0,0,0,0,0,0,0,0,0,0,0,0,0,0,0,0,0,0,0,0,0,0,0,0,0,0.9174408,0.9195223,0,1,0.9599904,0.8667872,0,0,0,0,0,0,0,0,0,0,0,0,0,0,0,0,0,0,0,0,0,0,0,0,0,0,0,0.7307419,0.9508678,1,0.900819,0.7802064,0.739044,0.7032506,0.7001107,0.713083,0.6882998,0,0,0,0,0,0,0,0,0,0,0,0,0,0,0,0,0,0,0,0,0,0,0,0,0.8714626,1,0.9337116,0.8626048,0.8139841,0.7821777,0.759012,0.7671502,0.7713477,0.7336034,0,0,0,0,0,0,0,0,0,0,0,0,0,0,0,0,0,0,0,0,0,0,0,0.7528211,0.9541201,1,0.9441811,0.8494722,0.7791118,0.7674741,0,0,0,0,0,0,0,0,0,0,0
0,0,0,0,0,0,0,0,0,0,0,0,0,0,0,0.938848,1,0.8915378,0,0,0,0.8343217,0.8896142,0.7927772,0,0,0,0,0,0,0,0,0,0,0,0,0,0,0,0,0,0,0,0,0,0,0,0,0.847697,0.8985695,1,0.9772707,0.8699258,0,0,0,0,0,0,0,0,0,0,0,0,0,0,0,0,0,0,0,0,0,0,0,0,0,0,0,0.6980245,0.9555097,1,0.8462026,0.8146743,0.7573459,0,0.6956223,0.7668387,0.7973608,0.7635604,0,0,0,0,0,0,0,0,0,0,0,0,0,0,0,0,0,0,0,0,0,0,0,0.8831401,1,0.9703107,0.7992371,0.7622274,0,0.7825657,0.7986641,0,0.8179622,0.7444535,0,0,0,0,0,0,0,0,0,0,0,0,0,0,0,0,0,0,0,0,0,0,0,0.9616832,1,0.9016045,0,0.7544928,0.7862403,0.7422702,0,0.8079344,0.7877803,0.7296998,0,0,0,0,0,0
0,0,0,0,0,0,0,0,0,0,0,0,0.7413112,0.7394298,0.7048689,0.9127086,1,0.9322271,0.7966447,0,0.7354811,0.8366324,0.8217092,0.7641646,0.8083796,0.757346,0,0,0,0,0,0,0,0,0,0,0,0,0,0,0,0,0.7956129,0.8609801,0.8127636,0.8725951,0.8773144,0.8186451,0.8316736,0.9740492,1,0.8730823,0.7731976,0,0,0,0,0,0,0,0,0,0,0,0,0,0,0,0,0,0,0,0,0,0.6559137,0.6256837,0,0.6675471,0.7598247,0.8095833,0.7904777,0.9537626,1,0.8791617,0.7407216,0.6347726,0.7339453,0.7799191,0.7536585,0.6412801,0.7422478,0.7557639,0.7115926,0,0,0,0,0,0,0,0,0,0,0,0,0,0,0,0,0,0.6407067,0.7508094,0.7691698,0.6929438,0.8703385,1,0.9430639,0,0,0.6596602,0.7987266,0.8028663,0.7894825,0.8556051,0.7997625,0.6960623,0.6451398,0,0,0,0,0,0,0,0,0,0,0,0,0,0,0,0,0.758729,0.7746788,0.8313615,0.8161681,0,0.969133,1,0.8647582,0.7504501,0,0.6776211,0.7388901,0.7837321,0.7772786,0.7880491,0,0,0,0,0,0,0
0,0,0,0,0,0,0,0,0,0,0,0,0,0.8060694,0.8137232,0.897508,1,0.9622613,0.9378861,0.920465,0.8712093,0.8275859,0.7589369,0,0,0,0,0,0,0,0,0,0,0,0,0,0,0,0,0.8463258,0.8843768,0.8975592,0,0.9285409,0.8621753,0,0,0,0,1,0.9811492,0,0,0,0,0,0,0,0,0,0,0,0,0,0,0,0,0,0,0,0,0,0,0,0,0.7815072,0.7784745,0,0.697867,0,0,0.9619668,1,0.8281254,0.8530384,0.8239434,0.7722953,0.7595101,0,0,0,0,0,0,0,0,0,0,0,0,0,0,0,0,0,0,0,0,0,0,0,0.800557,0.75704,0.737471,0.9015912,1,0.9658941,0.8987926,0.8889459,0.8402738,0.7449072,0.7141095,0.7307603,0.7167825,0,0,0,0,0,0,0,0,0,0,0,0,0,0,0,0,0,0.8528225,0.8641936,0,0.8236135,0.7801481,0.8057122,0,0.9420737,1,0.9193806,0.9066028,0.8862686,0.8402917,0,0,0.7805412,0.7957936,0,0,0,0,0,0,0
0,0,0,0,0,0,0.7220592,0.8487378,0.8937584,0.8892753,0.8751279,0.8874363,0.8921987,0.840959,0.8190738,0.9484801,1,0.8578058,0,0,0.693088,0,0,0,0,0,0,0,0,0,0,0,0,0,0,0,0,0,0,0.7888365,0.8300161,0.8681791,0.8694152,0,0.8031565,0.8433579,0.8429412,0.8765643,1,0.9893075,0.9610488,0,0,0,0,0,0,0,0,0,0,0,0,0,0,0,0,0,0,0,0,0.6614004,0.7176973,0.7852312,0.7971246,0.7941979,0.7988116,0.8096157,0.7490671,0,0,0.9525621,1,0.875751,0,0,0,0,0,0,0,0,0,0,0,0,0,0,0,0,0,0,0,0,0,0.6893299,0.7762074,0.8414151,0.8622327,0.8405932,0.8392793,0.7365049,0.7416958,0.7236966,0.8903517,1,0.934351,0.7505932,0.6995163,0.7069314,0.664498,0,0,0,0,0,0,0,0,0,0,0,0,0,0.7226199,0.7781361,0,0.7461268,0.7387134,0.8255599,0.8821264,0.837237,0.8266791,0.8509593,0.8272502,0.7844231,0,0.7196273,0.9515914,1,0.8757464,0.7679706,0.7493833,0,0,0,0,0,0,0,0,0,0,0,0
0,0,0,0,0,0,0.6900256,0.7771984,0.8305337,0.843427,0.8322657,0.8216063,0.776611,0.843416,0.8535075,0.9230306,1,0.8837909,0.6716163,0,0,0,0,0,0,0,0,0,0,0,0,0,0,0,0,0,0,0,0,0,0,0,0,0,0,0.7255345,0.7309442,0.7395402,0.9774691,1,0.9107853,0,0,0,0,0,0,0,0,0,0,0,0,0,0,0,0,0,0,0,0,0,0.6297489,0.6934115,0.7009503,0.6403431,0.643634,0.7326788,0.7646445,0.7294968,0.7653831,0.9577383,1,0.8682089,0,0,0,0,0,0,0,0,0,0,0,0,0,0,0,0,0,0,0,0,0,0.6213501,0.7448426,0.7884712,0.7462757,0,0.6854495,0.7323857,0.6950336,0.686693,0.8563566,1,0.9485154,0,0,0,0,0,0,0,0,0,0,0,0,0,0,0,0,0,0,0,0,0,0.7015358,0.7810814,0.807167,0.7649846,0,0.67849,0.7650231,0.7624936,0,0.8353782,0.9826426,1,0.8255292,0,0,0,0,0,0,0,0,0,0,0,0,0,0
0,0,0,0,0,0,0,0,0,0,0,0,0.7181552,0.7938576,0.8784768,0.9557213,1,0.8940652,0,0,0,0,0,0,0,0,0,0,0,0,0,0,0,0,0,0,0,0,0,0,0,0,0,0,0,0,0,0.8761766,1,0.9571011,0.8904121,0,0,0,0,0,0,0,0,0,0,0,0,0,0,0,0,0,0,0,0,0,0,0,0.6429282,0.6372609,0.6651755,0.6988656,0,0,0.7635967,0.9573877,1,0.8855354,0.6585292,0,0.689931,0.6946029,0.6751031,0.650798,0,0,0,0,0,0,0,0,0,0,0,0,0,0,0,0,0,0,0.6845288,0.6844824,0.7142879,0,0,0.6795702,0.8961379,1,0.9525222,0.7001343,0,0,0,0,0,0,0,0,0,0,0,0,0,0,0,0,0,0,0,0,0,0,0,0,0,0,0,0.7350121,0.7405039,0.882224,0.9833875,1,0.8314418,0,0,0,0,0,0,0,0,0,0,0,0,0,0
