GestureName: circle
Duration(ms): 893
Handedness: right

SpeakerAngles: 5
55
-55
0
0
110

SpeakerElevations: 5
-10
-10
-10
0
30

InterpretedPoints: 19
0,0,0
0.813797681349374,-0.296198132726024,0.5
3.24810032815972,2.66107587629776,1.15270364466614
2.43430264681035,0.827548966096537,1
1.60632417098542,-7.36800493768926,0.368240888334652
-5.70367416668339,-18.7375569453771,-0.874332801995254
-6.50329105355721,-16.0337550781032,-0.374332801995254
-8.11670562178041,-13.0641395720787,-0.721629157329114
-8.92341290589201,-19.4537003096517,-0.374332801995254
-9.70175860105251,-9.60030688834659,-0.458110933998418
-3.21264834197084,-4.54681952448867,1.52094453300079
-1.5850529792721,5.89935577105978,1.13175911166535
0.842159270300473,8.71769043427321,1.11081457866456
1.65595695164985,11.5360250974866,1.08987004566377
1.65595695164985,11.5360250974866,1.08987004566377
4.08316920122242,16.4840848036273,0.721629157329114
8.13088641625596,21.5558916085906,0.853388268994462
10.543917871353,18.5926396554621,1.04798097966218
9.73012019000361,13.6597721963092,1.58987004566377

StrokePoints: 20
0,0,0
0,0,0
0.813797681349374,-0.296198132726024,0.5
4.06189800950909,2.36487774357174,1.65270364466614
6.49620065631944,3.19242670966827,2.65270364466614
8.10252482730486,-4.17557822802099,3.02094453300079
2.39885066062147,-22.9131351733981,2.14661173100554
-4.10444039293574,-38.9468902515013,1.77227892901028
-12.2211460147162,-52.01102982358,1.05064977168117
-21.1445589206082,-71.4647301332317,0.676316969685915
-30.8463175216607,-81.0650370215783,0.218206035687498
-34.0589658636315,-85.611856546067,1.73915056868829
-35.6440188429036,-79.7125007750072,2.87090968035364
-34.8018595726032,-70.994810340734,3.98172425901819
-33.1459026209533,-59.4587852432474,5.07159430468196
-31.4899456693035,-47.9227601457607,6.16146435034572
-27.406776468081,-31.4386753421334,6.88309350767484
-19.2758900518251,-9.88278373354286,7.7364817766693
-8.73197218047209,8.70985592191922,8.78446275633148
0.998148009531516,22.3696281182284,10.3743328019952

Velocities: 19
0,0,0
0,0,0
1,0,1
0,-1,1
0,-3,-2
-5,-6,-7
-6,-5,-7
-7,-4,-5
-7,-3,-8
-5,4,-5
-3,3,-3
-2,4,3
0,4,4
1,5,5
1,5,5
4,6,6
7,6,8
7,2,8
5,0,6

InverseVelocities: 19
0,0,0
0,0,0
0,0,0
0,0,-3
0,0,0
0,0,0
0,0,0
0,0,0
0,3,1
0,0,0
0,0,2
0,0,0
0,0,0
0,0,-1
0,0,0
0,0,0
0,0,0
0,0,0
0,0,0

RawData: 19
0,0,0,0,0,0,0,0,0,0,0,0,0,0,0,0.9261764,1,0.9384724,0,0,0,0,0,0,0,0,0,0,0,0,0,0,0,0,0,0,0,0,0,0,0,0,0,0,0,0,0,0,0,1,0.9805965,0,0,0,0,0,0,0,0,0,0,0,0,0,0,0,0,0,0,0,0,0,0,0,0,0,0,0,0,0,0,0.9466904,1,0.8860489,0,0,0,0,0,0,0,0,0,0,0,0,0,0,0,0,0,0,0,0,0,0,0,0,0,0,0,0,0,0,0.8967052,1,0.9505255,0,0,0,0,0,0,0,0,0,0,0,0,0,0,0,0,0,0,0,0,0,0,0,0,0,0,0,0,0,0,0,1,0.9510765,0.9605408,0.9108474,0,0,0,0,0,0,0,0,0,0,0,0,0
0,0,0,0,0,0,0,0,0,0,0,0,0,0,0,0.8904625,1,0.8975173,0.7539048,0,0,0,0,0,0,0,0,0,0,0,0,0,0,0,0,0,0,0,0,0,0,0,0,0,0,0,0,0,0.8181608,1,0.9474965,0.9396095,0.8318546,0,0,0,0,0,0,0,0,0,0,0,0,0,0,0,0,0,0,0,0,0,0,0,0,0,0,0,0.6811202,0.926658,1,0.9250193,0.7058682,0.6453574,0,0,0,0,0,0,0,0,0,0,0,0,0,0,0,0,0,0,0,0,0,0,0,0,0,0,0,0.7002887,0.8413661,1,0.9871455,0.8072306,0.7025793,0,0,0,0,0,0,0,0,0,0,0,0,0,0,0,0,0,0,0,0,0,0,0,0,0,0,0,0,0.7585849,0.9240839,1,0.9767221,0.9227191,0.7800691,0,0,0,0,0,0,0,0,0,0,0,0
0,0,0,0,0,0,0,0,0,0,0,0,0,0,0,0.8937985,1,0.9581444,0.8405986,0.8179094,0.7859512,0,0,0,0,0,0,0,0,0,0,0,0,0,0,0,0,0,0,0,0,0,0,0,0,0,0,0,0.8532251,0.9651439,1,0.8833439,0,0,0,0,0,0,0,0,0,0,0,0,0,0,0,0,0,0,0,0,0,0,0,0,0,0,0,0,0.7158431,0.9322646,1,0.8816297,0.8487036,0.8475562,0.7584536,0,0,0,0,0,0,0,0,0,0,0,0,0,0,0,0,0,0,0,0,0,0,0,0,0,0,0,0.8505538,1,0.965678,0.821942,0.9040051,0.8854587,0.7799869,0,0,0,0,0,0,0,0,0,0,0,0,0,0,0,0,0,0,0,0,0,0,0,0,0,0,0.8258951,0.9025166,0.9783058,0.8719004,0.9853268,1,0.9179522,0.820652,0,0,0,0,0,0,0,0,0,0
0,0,0,0,0,0,0,0,0,0,0,0,0,0,0.7653365,0.9310102,1,0.8413178,0.8511027,0.806284,0,0,0,0,0,0,0,0,0,0,0,0,0,0,0,0,0,0,0,0,0,0,0,0,0,0.7482441,0.7567418,0.8358759,0.9298807,1,0.969725,0.7918605,0,0,0,0,0,0,0,0,0,0,0,0,0,0,0,0,0,0,0,0,0,0,0,0,0.7240892,0.731282,0.6543255,0.6691024,0.6403393,0.9339931,1,0.9320604,0.8676458,0.8467233,0.7647769,0,0,0,0,0,0,0,0,0,0,0,0,0,0,0,0,0,0,0,0,0,0,0.7195656,0.7264714,0.6894888,0.7140629,0.7665167,0.8934171,1,0.9893321,0.9022653,0.9025825,0.8569375,0,0,0,0,0,0,0,0,0,0,0,0,0,0,0,0,0,0,0,0,0,0,0.7455266,0.8002981,0.825834,0.7847303,0.8359131,0,0.8947842,1,0.9053867,0.9460759,0.9380374,0.8044078,0,0,0,0,0,0,0,0,0,0,0
0,0,0,0,0,0,0,0,0,0,0,0,0,0.75787,0.7683136,0.9368221,1,0.9139968,0.7777413,0,0,0,0,0,0,0,0,0,0,0,0,0,0,0,0,0,0,0,0,0,0,0,0,0.8648299,0.8618226,0.8691638,0,0,0.8630014,1,0.9575137,0,0,0,0,0,0,0,0,0,0,0,0,0,0,0,0,0,0,0,0,0,0,0,0,0,0,0.8028229,0.7407739,0.8380361,0.8496662,0.9460495,1,0.881066,0,0,0,0,0,0,0,0,0,0,0,0,0,0,0,0,0,0,0,0,0,0,0,0,0.8669248,0.8631034,0.8391125,0.8850692,0.9097613,0.9147743,0.907433,1,0.92735,0.8851571,0,0,0,0,0,0,0,0,0,0,0,0,0,0,0,0,0,0,0,0,0,0,0,0,0,0,0.8256379,0.8417985,0.9230456,0.9730774,1,0.9777907,0.8248169,0,0,0,0,0,0,0,0,0,0,0,0,0,0
0,0,0,0,0,0,0,0,0.6690467,0.7118447,0.7586243,0.7548992,0.7676832,0.6710125,0.7467589,0.9430097,1,0.8832726,0,0,0,0,0,0,0,0,0,0,0,0,0,0,0,0,0,0,0,0,0,0,0.7813426,0.7469667,0,0.7500285,0.7482241,0.8522012,0.892137,0.7772809,0.8130062,0.9997697,1,0.8248597,0,0,0,0,0,0,0,0,0,0,0,0,0,0,0,0,0,0,0,0,0.7040274,0.6811115,0.7167924,0.7546365,0.7727734,0.7802627,0.7345582,0.8135678,0,0.9698725,1,0.8615779,0,0,0,0,0,0,0,0,0,0,0,0,0,0,0,0,0,0,0,0,0.7301547,0.7983925,0.788694,0,0.8579612,0.8634735,0.8173701,0.8915918,0.9103955,0.8452155,0.7965775,1,0.9674924,0.7510034,0,0,0,0,0,0,0,0,0,0,0,0,0,0,0,0,0,0,0,0.8250294,0.8804796,0.7402384,0.7291112,0.8165718,0.8277252,0.862925,0.9376754,0.9627636,0.8757634,0.8490033,1,0.9381996,0.7870064,0,0,0,0,0,0,0,0,0,0,0,0,0,0
0,0,0,0,0,0,0,0.8785309,0.8872054,0.8449664,0.8241342,0.7940723,0,0,0,0.9332184,1,0.9077495,0,0,0,0,0,0,0,0,0,0,0,0,0,0,0,0,0,0,0,0,0,0,0,0.7938184,0.8357306,0,0,0,0,0.8144829,0,0.9716964,1,0.8680381,0,0,0,0,0,0,0,0,0,0,0,0,0,0,0,0,0,0,0,0,0.7432195,0.7651719,0,0.8163221,0.8231369,0,0.7270103,0,0,0.957484,1,0.8799754,0,0,0,0,0,0,0,0,0,0,0,0,0,0,0,0,0,0,0,0,0,0,0,0.8218802,0.8699946,0.8478469,0,0.7419298,0,0,0.9012375,1,0.9589014,0.7708017,0,0,0,0,0,0,0,0,0,0,0,0,0,0,0,0,0,0,0,0,0.8105783,0.8003466,0.8232725,0.8391724,0.8516589,0.7709825,0,0,0.8591363,0.8723276,0.9508532,1,0.9148053,0,0,0,0,0,0,0,0,0,0,0,0,0,0
0,0,0,0,0,0,0.8475545,0.917267,0.8598907,0.8085336,0.7724376,0.7960528,0,0,0,0.9134945,1,0.9031367,0,0,0,0,0,0,0,0,0,0,0,0,0,0,0,0,0,0,0,0,0,0,0,0,0.8185109,0,0.8197516,0.8000944,0,0.7967868,0.7879888,0.9813054,1,0.8457066,0,0,0,0,0,0,0,0,0,0,0,0,0,0,0,0,0,0,0,0,0,0,0.7176328,0.7385184,0.7616993,0.6602801,0.6871438,0.6821293,0.7825674,0.9581057,1,0.8818077,0,0,0,0,0,0,0,0,0,0,0,0,0,0,0,0,0,0,0,0,0,0,0,0,0.7416531,0.8272676,0.8124112,0,0.7349787,0.7308214,0.8315828,1,0.9403988,0,0,0,0,0,0,0,0,0,0,0,0,0,0,0,0,0,0,0,0,0,0.7570859,0.7591011,0.7211766,0,0.8239347,0.79276,0,0,0,0.7769579,0.9636172,1,0.8830279,0,0,0,0,0,0,0,0,0,0,0,0,0,0
0,0,0,0,0,0,0.6766278,0.7903128,0.8622041,0.8353866,0,0.7222902,0.6908999,0.7323475,0.7524113,0.9518968,1,0.8813718,0,0,0,0,0,0,0,0,0,0,0,0,0,0,0,0,0,0,0,0,0,0,0,0,0,0.7501278,0.817338,0.836225,0.8656145,0.8596937,0.8943048,1,0.9492584,0.9177173,0.8876461,0,0.7368726,0.7266775,0,0,0,0,0,0,0,0,0,0,0,0,0,0,0,0.590757,0.607244,0.6852962,0.7214376,0.7006502,0.6181641,0.6742311,0.6799859,0.7302089,0.7082413,0.9511774,1,0.8831347,0.5955613,0.6673899,0.6177819,0,0,0,0,0,0,0,0,0,0,0,0,0,0,0,0,0,0.625596,0.6262682,0.606109,0.7682586,0.7870429,0.7435451,0.7369061,0.7090335,0.7188337,0.7094827,0.8971727,1,0.9735054,0.8267008,0.6142691,0,0,0,0,0,0,0,0,0,0,0,0,0,0,0,0,0,0,0,0.7072674,0.7400742,0.7926432,0.8545662,0.8189784,0.7778085,0.8246074,0.7457893,0.7253615,0.8612768,0.9357753,1,0.8318864,0.7398404,0.7110149,0,0,0,0,0,0,0,0,0,0,0,0
0,0,0,0,0,0,0,0,0.713983,0.7454411,0.7596904,0.7855902,0.707651,0.7521815,0.7201529,0.9131926,1,0.8544765,0.712465,0,0,0,0,0,0,0,0,0,0,0,0,0,0,0,0,0,0,0,0,0,0,0,0,0,0,0,0,0.8458275,0.9742509,1,0.9521194,0.8756331,0,0.8326111,0.7408502,0.7421938,0.7780375,0,0,0,0,0,0,0,0,0,0,0,0,0,0,0,0,0,0.6731558,0.6986887,0.6235148,0.6152657,0.6385988,0.6262267,0,0.9477208,1,0.8594663,0.6278251,0,0,0,0,0,0,0,0,0,0,0,0,0,0,0,0,0,0,0,0,0,0,0.6756832,0.7102944,0.7168082,0.7221114,0.6474675,0.6965593,0.7369729,0.844159,1,0.9668772,0.6293289,0.6687579,0,0,0,0,0,0,0,0,0,0,0,0,0,0,0,0,0,0,0,0,0,0,0,0.7333988,0.770611,0.7418705,0.7361433,0.7957464,0.8730251,1,0.9817063,0.7537779,0.7646616,0.7591311,0,0,0,0,0,0,0,0,0,0,0,0
0,0,0,0,0,0,0,0,0,0,0.7087386,0.7567356,0.7400662,0.7853919,0.7380255,0.9185708,1,0.9004883,0,0,0,0,0,0,0,0,0,0,0,0,0,0,0,0,0,0,0,0,0,0,0,0,0,0,0,0,0,0,0,0.8962305,0.9822173,1,0.9957761,0.9535694,0.9165643,0.8358272,0,0,0,0,0,0,0,0,0,0,0,0,0,0,0,0,0,0,0,0,0.6466994,0,0.6834856,0.6662977,0,0.9496248,1,0.884269,0.7526148,0.7464968,0.7228095,0.6680064,0,0,0,0,0,0,0,0,0,0,0,0,0,0,0,0,0,0,0,0,0,0,0,0.7512224,0.7624987,0.753485,0.8928226,1,0.9221441,0.7598315,0.7125135,0.7695872,0.7048926,0,0,0,0,0,0,0,0,0,0,0,0,0,0,0,0,0,0,0,0,0,0,0,0,0,0,0.7700131,0.9601419,1,0.9119549,0.8205574,0.7631447,0.7880516,0,0,0,0,0,0,0,0,0,0,0
0,0,0,0,0,0,0,0,0,0,0,0.6617156,0,0.7268178,0.7536013,0.9117038,1,0.9024745,0.687406,0,0,0,0,0,0,0,0,0,0,0,0,0,0,0,0,0,0,0,0,0,0,0,0,0,0,0,0,0.7793654,0.8756514,0.9546144,0.939352,0,0.7821102,0.9307235,1,0.9668256,0.7922161,0,0,0,0,0,0,0,0,0,0,0,0,0,0,0,0,0,0,0,0,0,0,0.6329139,0.6607498,0.9549158,1,0.8885118,0.6623179,0.7007764,0.7418486,0.7778623,0.6915016,0,0,0,0,0,0,0,0,0,0,0,0,0,0,0,0,0,0,0,0,0,0,0,0,0.7626696,0.7187585,1,0.971118,0.8519957,0.8024746,0.7440597,0.8691927,0.8369386,0,0,0,0,0,0,0,0,0,0,0,0,0,0,0,0,0,0,0,0,0,0,0,0,0.737305,0.8165937,0.9728032,1,0.8351729,0.7879888,0,0.852953,0.8635204,0.7312814,0,0,0,0,0,0,0,0,0
0,0,0,0,0,0,0,0,0,0,0,0,0,0,0.7555539,0.9280075,1,0.8719584,0.7923903,0.7258258,0,0,0,0,0,0,0,0,0,0,0,0,0,0,0,0,0,0,0,0,0,0,0,0,0,0,0,0,0.8892226,1,0.9548842,0.8707461,0,0.872448,0.8816377,0.9567609,0.9250929,0,0,0,0,0,0,0,0,0,0,0,0,0,0,0,0,0,0,0,0,0,0,0,0.6777415,0.9564416,1,0.8421285,0.6773769,0.6791507,0.7387612,0.7583076,0.7797409,0.6730964,0,0,0,0,0,0,0,0,0,0,0,0,0,0,0,0,0,0,0,0,0,0,0,0,0.8692058,1,0.9495286,0.739763,0,0,0.7452253,0.7552015,0.7552994,0,0,0,0,0,0,0,0,0,0,0,0,0,0,0,0,0,0,0,0,0,0,0,0.7939465,0,0.9250252,1,0.8867698,0.8503837,0,0.827035,0,0.8556913,0.7966728,0,0,0,0,0,0,0,0
0,0,0,0,0,0,0,0,0,0,0,0,0,0.678907,0.7576159,0.9477353,1,0.8933511,0.8393793,0.8122162,0.6608466,0,0,0,0,0,0,0,0,0,0,0,0,0,0,0,0,0,0,0,0,0,0,0,0,0,0,0,0.8811716,1,0.8940744,0.8606638,0.7382553,0.7967329,0.7607858,0.8339385,0.9131795,0.8080298,0,0,0,0,0,0,0,0,0,0,0,0,0,0,0,0,0,0,0,0,0.628965,0.6369548,0.7319933,0.9591051,1,0.8988894,0.688196,0.6515075,0.6540512,0,0.6974713,0.7339978,0.607938,0,0,0,0,0,0,0,0,0,0,0,0,0,0,0,0,0,0,0,0,0,0,0.6376089,0.8930758,1,0.9624616,0.8412871,0.7747427,0.7221597,0.7185405,0,0.6954393,0.6444766,0,0,0,0,0,0,0,0,0,0,0,0,0,0,0,0,0,0,0,0,0,0,0,0.8120377,0.9860294,1,0.714569,0.8236488,0.7882883,0.8083744,0.7395751,0.8346959,0.874855,0.7609933,0,0,0,0,0,0,0
0,0,0,0,0,0,0,0,0,0,0,0,0,0,0,0.9108312,1,0.8880702,0,0.7135209,0.6769513,0,0,0,0,0,0,0,0,0,0,0,0,0,0,0,0,0,0,0,0,0,0,0,0,0,0,0,0.8307219,1,0.9853693,0.7787609,0.7864211,0.8712935,0.8610736,0.817542,0.8692354,0.8227581,0,0,0,0,0,0,0,0,0,0,0,0,0,0,0,0,0,0,0,0,0,0,0.5970579,0.9584095,1,0.8587074,0.6427002,0.6687522,0.7093835,0.7418965,0.6638921,0.6947591,0.6455286,0,0,0,0,0,0,0,0,0,0,0,0,0,0,0,0,0,0,0,0,0,0,0,0.8639196,1,0.9563639,0.8014491,0,0.692777,0.6444474,0.7341346,0.7096131,0.7283679,0,0,0,0,0,0,0,0,0,0,0,0,0,0,0,0,0,0,0,0,0,0,0,0,0.9979234,1,0.8246294,0.7377012,0.7830239,0.8054674,0.7974003,0.8199332,0.7859716,0.7710477,0,0,0,0,0,0,0
0,0,0,0,0,0,0,0,0,0,0,0,0,0,0,0.9053054,1,0.8874055,0.6267054,0.6807617,0,0,0.6962243,0.6154899,0,0,0,0,0,0,0,0,0,0,0,0,0,0,0,0,0,0,0,0,0,0,0,0,0.7896636,1,0.9886224,0.7569984,0.6714122,0.8019608,0.7797516,0.9126366,0.8974708,0.8103931,0.5987298,0,0,0,0,0,0,0,0,0,0,0,0,0,0,0,0,0,0,0,0,0,0.6286045,0.9559523,1,0.8516439,0.5939822,0.5985442,0.6420416,0.7309182,0.7796686,0.7039648,0.6192166,0.5412393,0,0,0,0,0,0,0,0,0,0,0,0,0,0,0,0,0,0,0,0,0,0,0.8658696,1,0.9326165,0.6640171,0.6938662,0.6447258,0.70392,0.7400952,0.7937177,0.7536865,0.6644783,0.53528,0,0,0,0,0,0,0,0,0,0,0,0,0,0,0,0,0,0,0,0,0,0.6773838,0.9597728,1,0.822414,0.7482445,0.7340328,0.6796987,0.7938368,0.8526555,0.8567613,0.737861,0.6000372,0,0,0,0,0,0
0,0,0,0,0,0,0,0,0,0,0,0,0,0,0,0.8996496,1,0.9164284,0.7676184,0,0,0.7046371,0.7543276,0.740418,0.6967455,0.7307279,0.6615828,0,0,0,0,0,0,0,0,0,0,0,0,0,0,0,0,0,0,0,0,0.723864,0.8365299,1,0.9690104,0,0.8276586,0.9305118,0.8830844,0.8377258,0.7881923,0.7136846,0.7099683,0,0,0,0,0,0,0,0,0,0,0,0,0,0,0,0,0,0,0,0,0.5917987,0.6484827,0.9444417,1,0.8718161,0.6994253,0.5963721,0.7486855,0.6150055,0.705519,0.6755285,0.6505187,0.6961995,0.7118036,0.6027746,0,0,0,0,0,0,0,0,0,0,0,0,0,0,0,0,0,0,0,0,0.8605973,1,0.948486,0.775495,0.7486718,0.7755691,0.7087185,0.6919048,0.682766,0.7271597,0,0.8286453,0.7713775,0.6499787,0,0,0,0,0,0,0,0,0,0,0,0,0,0,0,0,0,0,0,0.7653986,0.9763401,1,0.7218494,0.761785,0.6902122,0.8286275,0.7898633,0.7632505,0.7668578,0,0,0.8075086,0.7211717,0,0,0,0
0,0,0,0,0,0,0,0,0,0,0,0,0,0,0,0.9095508,1,0.8960632,0,0,0,0,0.7703103,0.8357832,0.7833862,0,0.6865314,0,0,0,0,0,0,0,0,0,0,0,0,0,0,0,0,0,0,0,0,0,0.7758822,1,0.9957057,0.8239025,0.8779654,0.9067932,0.8464411,0,0,0,0,0,0,0,0,0,0,0,0,0,0,0,0,0,0,0,0,0,0,0,0,0,0.731421,0.9387046,1,0.8696909,0.7539888,0.7377831,0.6865716,0.6664413,0.6804439,0.8054838,0.8339374,0.7541969,0.626765,0.6373199,0,0,0,0,0,0,0,0,0,0,0,0,0,0,0,0,0,0,0,0.6697807,0.8614677,1,0.9632038,0.7240182,0.6836739,0.7461289,0.7699648,0.8126092,0.8696349,0.9319344,0.9294012,0.8302103,0.7832832,0,0,0,0,0,0,0,0,0,0,0,0,0,0,0,0,0,0,0,0,0.7728659,0.9756659,0.9860154,0.902459,0.9373276,0.8806602,0.7917545,0.768102,0.8307038,0.9541575,1,0.9579441,0.8719414,0,0,0,0,0
0,0,0,0,0,0,0,0,0,0,0,0,0,0,0,0.8998871,1,0.912881,0.757718,0.7907524,0.7209469,0.8075688,0.8481157,0.8504169,0.8016365,0,0,0,0,0,0,0,0,0,0,0,0,0,0,0,0,0,0,0,0,0,0,0,0.7845043,0.9659938,1,0.8826033,0,0,0,0,0,0,0,0,0,0,0,0,0,0,0,0,0,0,0,0,0,0,0,0,0,0,0,0.6915029,0.7626017,0.9405307,1,0.9161914,0.7545313,0.7005882,0.771346,0.7450415,0.7897626,0.7960779,0.7402561,0.6573668,0,0,0,0,0,0,0,0,0,0,0,0,0,0,0,0,0,0,0,0,0,0.7478121,0.7617225,1,0.9939693,0.8562704,0.75854,0.8985635,0.8995419,0.8896833,0.9291479,0.9192957,0.8679124,0.7889003,0,0,0,0,0,0,0,0,0,0,0,0,0,0,0,0,0,0,0,0,0,0.8392068,0.9362781,1,0.9390727,0,0.8501979,0.9053817,0.9078548,0.9251347,0.9383814,0.9037297,0.8029037,0,0,0,0,0,0
