GestureName: s
Duration(ms): 940
Handedness: right

SpeakerAngles: 5
55
-55
0
0
110

SpeakerElevations: 5
-10
-10
-10
0
30

InterpretedPoints: 20
-4.04062681779577,-5.93286745915289,0.541889066001582
-6.47492946460611,-7.77560867223722,-0.631759111665348
-3.23391953368417,-10.3376204437137,0.715537243668512
-4.04771721503354,-6.07180680496324,-0.131759111665348
0.0141807944755501,-2.57720401846426,1.17364817766693
0.820888078587149,0.957274009023784,0.652703644666139
-1.59923377374765,2.66705382040245,0.305407289332279
5.68240297497007,6.732882681261,1.28446275633149
5.68240297497007,8.71769043427321,1.11081457866456
10.5580986658285,15.9009028410584,2.7425736903299
7.30290794043104,10.7117124901685,1.95811093399842
5.66822218049452,10.0810211078463,1.15270364466614
0,-1.98480775301221,0.17364817766693
0.820888078587149,-5.12687429294009,1.52094453300079
0.0212711917133248,-1.29334738273886,1.67364817766693
3.2551907253975,-1.1847925309041,2
0.827978475824924,1.24113064474918,1.15270364466614
-0.806707284111599,3.54967027447583,-0.347296355333861
0,0,0
0,0,0

StrokePoints: 21
0,0,0
-4.04062681779577,-5.93286745915289,0.541889066001582
-10.5155562824019,-13.7084761313901,-0.089870045663766
-13.7494758160861,-24.0460965751038,0.625667198004746
-17.7971930311196,-30.117903380067,0.493908086339398
-17.783012236644,-32.6951073985313,1.66755626400633
-16.9621241580569,-31.7378333895075,2.32025990867247
-18.5613579318045,-29.070779569105,2.62566719800475
-12.8789549568345,-22.337896887844,3.91012995433623
-7.19655198186442,-13.6202064535708,5.02094453300079
3.36154668396412,2.28069638748754,7.7635182233307
10.6644546243952,12.9924088776561,9.72162915732911
16.3326768048897,23.0734299855024,10.8743328019953
16.3326768048897,21.0886222324902,11.0479809796622
17.1535648834768,15.9617479395501,12.568925512663
17.1748360751901,14.6684005568112,14.2425736903299
20.4300268005876,13.4836080259072,16.2425736903299
21.2580052764126,14.7247386706563,17.395277334996
20.451297992301,18.2744089451322,17.0479809796622
20.451297992301,18.2744089451322,17.0479809796622
20.451297992301,18.2744089451322,17.0479809796622

Velocities: 20
-4,0,-2
-4,1,-2
-3,0,-4
-3,0,-2
-1,1,-1
0,1,1
0,4,0
3,1,3
3,1,4
5,2,6
2,-1,5
2,-2,2
0,0,-1
-1,0,-2
-1,2,-2
0,0,0
0,2,0
0,1,1
0,0,0
0,0,0

InverseVelocities: 20
0,0,0
0,0,0
0,0,0
0,0,0
0,0,0
0,0,0
0,0,0
0,0,0
0,0,0
0,0,0
0,0,-2
-1,3,-3
0,0,0
0,0,0
0,0,1
0,0,0
0,0,0
0,0,0
0,0,0
0,0,0

RawData: 20
0,0,0,0,0,0,0,0,0,0.8500138,0.8809187,0.8668572,0,0,0,0.9155616,1,0.9039866,0,0,0,0,0,0,0,0,0,0,0,0,0,0,0,0,0,0,0,0,0,0,0,0,0,0,0,0,0,0,0,1,0.976633,0,0,0,0,0,0,0,0,0,0,0,0,0,0,0,0,0,0,0,0,0,0,0,0,0,0,0.8316982,0.8619807,0.8261446,0.8817282,0.9287805,1,0.8873458,0,0,0,0,0,0,0,0,0,0,0,0,0,0,0,0,0,0,0,0,0,0,0,0,0,0,0.8019546,0.8940766,0.8418902,0.8781725,0.9151243,1,0.9580403,0,0,0,0,0,0,0,0,0,0,0,0,0,0,0,0,0,0,0,0,0,0,0,0,0,0,0,0.8671184,0,0,0,0.9933878,1,0,0,0,0,0,0,0,0,0,0,0,0,0,0,0
0,0,0,0,0,0,0,0,0,0.8123751,0.8242883,0.8091248,0.8007974,0.7637085,0,0.9190925,1,0.9071371,0.7272732,0,0,0,0,0,0,0,0,0,0,0,0,0,0,0,0,0,0,0,0,0,0,0,0,0,0,0,0.8062624,0.880731,0,1,0.9948553,0.8854373,0.8567936,0.7880135,0,0,0,0,0,0,0,0,0,0,0,0,0,0,0,0,0,0,0,0,0,0,0,0.6571199,0.789908,0.7614039,0.743678,0.947937,1,0.9018861,0.7256078,0,0,0,0,0,0,0,0,0,0,0,0,0,0,0,0,0,0,0,0,0,0,0.7163696,0.7692004,0.7000043,0.8443609,0.824228,0.8703552,0.7883445,0.8289712,1,0.9711107,0.797622,0,0,0,0,0,0,0,0,0,0,0,0,0,0,0,0,0,0,0,0,0,0,0,0,0.7402206,0.8298706,0.8680299,0.8651355,0.8322835,0.7410367,0.9675957,1,0.8370577,0,0,0,0,0,0,0,0,0,0,0,0,0,0
0,0,0,0,0,0,0,0,0,0,0.7524146,0.7884364,0.7697533,0.7538615,0.8071849,0.9411087,1,0.870212,0,0,0,0,0,0,0,0,0,0,0,0,0,0,0,0,0,0,0,0,0,0,0,0,0,0,0,0,0,0,0.918627,0.9555186,1,0.9394214,0.826915,0,0,0,0,0,0,0,0,0,0,0,0,0,0,0,0,0,0,0,0,0,0,0.6513821,0.6928123,0.7132931,0.636245,0.7633582,0.686661,0.958236,1,0.8381538,0,0,0,0,0,0,0,0,0,0,0,0,0,0,0,0,0,0,0,0,0,0,0,0.7049509,0.760373,0.7642825,0.8194747,0.816031,0.7063125,0,0.8971428,1,0.9315721,0.790536,0,0,0,0,0,0,0,0,0,0,0,0,0,0,0,0,0,0,0,0,0,0,0,0,0,0,0.8389966,0.7777517,0.7846665,0.7891194,0.9598749,1,0.8334616,0.7110499,0,0,0,0,0,0,0,0,0,0,0,0,0
0,0,0,0,0,0,0,0,0,0,0.7719221,0.8191273,0.8319616,0.6973764,0.7291991,0.9468932,1,0.8677812,0,0,0,0,0,0,0,0,0,0,0,0,0,0,0,0,0,0,0,0,0,0,0,0,0,0,0,0,0,0.9164885,0.9878715,1,0,0.998265,0.8930067,0,0,0,0,0,0,0,0,0,0,0,0,0,0,0,0,0,0,0,0,0,0,0,0,0.7194655,0.6649628,0.6921285,0,0.9430268,1,0.8778057,0.6603903,0,0,0,0,0,0,0,0,0,0,0,0,0,0,0,0,0,0,0,0,0,0,0,0,0.6851205,0.6633482,0.7390013,0.794807,0.8090582,0.8386075,1,0.9524378,0.7778614,0,0,0,0,0,0,0,0,0,0,0,0,0,0,0,0,0,0,0,0,0,0,0,0,0,0.690172,0.8121956,0.7167075,0.7480034,0.7642697,0.9965981,1,0.7966218,0.6818506,0,0,0,0,0,0,0,0,0,0,0,0,0
0,0,0,0,0,0,0,0,0,0,0,0,0.7916123,0.8700388,0.8839959,0.9003926,1,0.8985407,0,0,0,0,0,0,0,0,0,0,0,0,0,0,0,0,0,0,0,0,0,0,0,0,0,0,0,0,0,0,0.8372659,0.9850938,1,0.8817628,0.9190351,0.8450519,0,0,0,0,0,0,0,0,0,0,0,0,0,0,0,0,0,0,0,0,0,0,0,0,0.7743725,0.84737,0.8519666,0.9404694,1,0.9016257,0.8125344,0.7583811,0,0,0,0,0,0,0,0,0,0,0,0,0,0,0,0,0,0,0,0,0,0,0,0,0,0.8091335,0.8960581,0.9148103,0.9303924,1,0.9551304,0.8210486,0.8066074,0,0,0,0,0,0,0,0,0,0,0,0,0,0,0,0,0,0,0,0,0,0,0,0,0,0,0.7997822,0.8023602,0.7921103,0.9580179,1,0.924551,0.8341821,0.8130804,0.7530079,0,0,0,0,0,0,0,0,0,0,0
0,0,0,0,0,0,0,0,0,0,0,0,0,0,0.8057337,0.9045501,1,0.9271501,0.7340817,0,0,0,0,0,0,0,0,0,0,0,0,0,0,0,0,0,0,0,0,0,0,0,0,0,0,0,0,0,0.8816583,1,0,0.9967214,0.9748015,0.843042,0,0,0,0,0,0,0,0,0,0,0,0,0,0,0,0,0,0,0,0,0,0,0,0,0,0.7246547,0.8604198,0.9751379,1,0.8917435,0.8250355,0.7682838,0.7037088,0,0,0,0,0,0,0,0,0,0,0,0,0,0,0,0,0,0,0,0,0,0,0,0,0,0,0.8169819,0.9516648,1,0.9419642,0.7832102,0.7627012,0,0,0,0,0,0,0,0,0,0,0,0,0,0,0,0,0,0,0,0,0,0,0,0,0,0,0,0,0.8473479,1,0.9929824,0.8451906,0.84346,0.7424205,0.7238068,0,0,0,0,0,0,0,0,0,0,0
0,0,0,0,0,0,0,0,0,0,0,0,0,0.6875922,0.7399145,0.9544059,1,0.8967088,0.8134348,0.7548871,0,0,0,0,0,0,0,0,0,0,0,0,0,0,0,0,0,0,0,0,0,0,0,0,0,0,0,0,0.8239467,1,0.9969087,0,0,0.8135295,0.7401063,0.727084,0.7216895,0,0,0,0,0,0,0,0,0,0,0,0,0,0,0,0,0,0,0,0,0,0,0,0.6694554,0.9425747,1,0.8282477,0.8424497,0.6935747,0,0,0,0,0,0,0,0,0,0,0,0,0,0,0,0,0,0,0,0,0,0,0,0,0,0,0,0.7478403,0.8248906,1,0.9530991,0.6859909,0.7518554,0.6682792,0,0,0,0,0,0,0,0,0,0,0,0,0,0,0,0,0,0,0,0,0,0,0,0,0,0.6650171,0.7147825,0.7592395,0.945753,1,0.9134443,0.821582,0.7714244,0.6978731,0,0,0,0,0,0,0,0,0,0,0
0,0,0,0,0,0,0,0,0,0,0,0,0,0,0,0.9168275,1,0.9466553,0.8995068,0.8659114,0.848303,0.7546425,0.6669115,0,0,0,0,0,0,0,0,0,0,0,0,0,0,0,0,0,0,0,0,0,0,0,0,0,0,0.965382,1,0.8267478,0.8097973,0.7468318,0,0,0,0,0,0,0,0,0,0,0,0,0,0,0,0,0,0,0,0,0,0,0,0,0,0,0.7325531,0.9611084,1,0.8452254,0.8822533,0.8382387,0.7573202,0.6655725,0.6757519,0,0,0,0,0,0,0,0,0,0,0,0,0,0,0,0,0,0,0,0,0,0,0,0,0,0.8489971,1,0.9576252,0,0.7996104,0.8132197,0.7675059,0.6992559,0,0,0,0,0,0,0,0,0,0,0,0,0,0,0,0,0,0,0,0,0,0,0,0,0.7149348,0.6891308,0.941908,1,0.9003105,0.8367598,0.8548255,0.8169515,0.7601302,0.6866611,0.6532291,0,0,0,0,0,0,0,0
0,0,0,0,0,0,0,0,0,0,0,0,0,0,0,0.9377496,1,0.8931716,0.8004787,0.8278872,0.7470304,0.8607053,0.8511154,0,0,0,0,0,0,0,0,0,0,0,0,0,0,0,0,0,0,0,0,0,0,0,0,0.7520774,0.9044522,1,0.9507369,0.8606702,0.8659708,0.7706274,0,0,0,0,0,0,0,0,0,0,0,0,0,0,0,0,0,0,0,0,0,0,0,0,0,0,0,0.9442464,1,0.89842,0.8631971,0.8602082,0.8104724,0.8148223,0.800363,0.7247432,0,0,0,0,0,0,0,0,0,0,0,0,0,0,0,0,0,0,0,0,0,0,0,0.7033125,0.8979277,1,0.9512256,0.7851751,0.8214878,0.7794684,0.7557517,0.7397044,0.7248789,0,0,0,0,0,0,0,0,0,0,0,0,0,0,0,0,0,0,0,0,0,0,0,0,0.7745448,0.9921489,1,0,0.888739,0.8648261,0,0.7763753,0.8522181,0.817397,0,0,0,0,0,0,0,0
0,0,0,0,0,0,0,0,0,0,0,0,0,0,0,0.9172401,1,0.8581394,0.7336097,0.6949925,0.7181213,0.763086,0.7894119,0.7746564,0.6621496,0,0,0,0,0,0,0,0,0,0,0,0,0,0,0,0,0,0,0,0,0,0,0.7225574,0.8622412,1,0.9706476,0.8514118,0.8131558,0.7250358,0.6569926,0,0,0,0,0,0,0,0,0,0,0,0,0,0,0,0,0,0,0,0,0,0,0,0,0.6383834,0.7576567,0.9724019,1,0.8200094,0.6532536,0.8126395,0.8270507,0.7254364,0.655377,0.7217593,0.6422518,0.6031035,0,0,0,0,0,0,0,0,0,0,0,0,0,0,0,0,0,0,0,0,0,0.6317579,0.8193731,1,0.9526726,0.748738,0.6418607,0.7388858,0.7867972,0.7048347,0.8093366,0.8583452,0.8044158,0.6929044,0.6476142,0.5905631,0,0,0,0,0,0,0,0,0,0,0,0,0,0,0,0,0,0,0,0.8604236,0.9807761,1,0.8242024,0.7820554,0.8148819,0.5955487,0.7842538,0.7413773,0.9043654,0.8748349,0.7690145,0.6995187,0.6192853,0.5948458,0,0,0
0,0,0,0,0,0,0,0,0,0,0,0,0,0,0,0.9193063,1,0.9278617,0.7677472,0.7902739,0.7390717,0.7282975,0,0,0,0,0,0,0,0,0,0,0,0,0,0,0,0,0,0,0,0,0,0,0,0.912686,0.9762639,0.9761649,0.9293368,0.9581125,1,0.9518595,0,0,0,0,0,0,0,0,0,0,0,0,0,0,0,0,0,0,0,0,0,0,0,0,0,0.7182541,0.7756356,0.7837166,0.7815087,0.9577284,1,0.9154918,0.8243552,0.8060483,0,0.7731434,0.6737168,0,0.6876382,0,0,0,0,0,0,0,0,0,0,0,0,0,0,0,0,0,0,0,0,0.7245453,0.7544512,0.7454083,0.8723639,1,0.9591108,0.8218004,0.9197146,0.9031565,0.7844065,0.6902146,0.7261968,0.7552514,0.7637579,0.7099576,0,0,0,0,0,0,0,0,0,0,0,0,0,0,0,0,0,0,0.8035389,0.8742623,0.90197,0.902004,0.9867244,1,0.9411181,0.9605574,0.9236977,0,0.8432186,0.8192522,0.75461,0.77498,0,0,0,0,0,0,0
0,0,0,0,0,0,0,0,0,0,0,0,0.6813299,0.7456977,0.7919974,0.9453748,1,0.8644841,0.7445732,0.666639,0.7618568,0.6770588,0,0,0,0,0,0,0,0,0,0,0,0,0,0,0,0,0,0,0,0,0,0,0.9110059,0.9616631,0.9852195,0.9325048,0.8584675,0,0.8915188,1,0.9378857,0.8883719,0.8788002,0.814068,0,0,0,0,0,0,0,0,0,0,0,0,0,0,0,0,0,0,0,0,0.6620358,0.7087619,0.6987116,0.7403635,0.7335644,0.9342089,1,0.8734183,0.7040722,0,0.6989362,0.6802973,0,0,0,0,0,0,0,0,0,0,0,0,0,0,0,0,0,0,0,0,0,0.6349934,0.6728407,0.6778575,0.7230836,0.7794634,0.8971687,1,0.9461232,0.7491229,0.7071905,0.6859981,0.759019,0.7519181,0.6667684,0,0.6406682,0.657295,0.7244841,0.6832071,0,0,0,0,0,0,0,0,0,0,0,0,0,0,0,0.6686946,0.732828,0.8011888,0.8072186,0.6768407,0.9472963,1,0.9139968,0.7998668,0.7460391,0.7897589,0.716717,0,0,0,0,0,0,0,0,0,0
0,0,0,0,0,0,0,0,0,0,0,0,0,0,0.8009661,0.9298868,1,0.9234611,0.7815778,0.8269672,0,0,0,0,0,0,0,0,0,0,0,0,0,0,0,0,0,0,0,0,0,0,0,0,0,0,0,0,0,0.9216888,1,0.9599609,0,0,0,0,0,0,0,0,0,0,0,0,0,0,0,0,0,0,0,0,0,0,0,0,0,0,0.748072,0,0,0.923154,1,0.9226289,0.7573938,0,0,0,0,0,0,0,0,0,0,0,0,0,0,0,0,0,0,0,0,0,0,0,0,0,0,0.8064106,0.8579872,0.8039614,0.8779547,1,0.9695293,0.7869033,0,0,0,0,0,0,0,0,0,0,0,0,0,0,0,0,0,0,0,0,0,0,0,0,0,0,0,0.8770355,0.8640584,0,0.9488055,1,0.91421,0.8058468,0,0,0,0,0,0,0,0,0,0,0,0,0
0,0,0,0,0,0,0,0,0,0,0,0,0.7267613,0.7738232,0.7235062,0.8832108,1,0.9282306,0,0.6903602,0,0,0,0,0,0,0,0,0,0,0,0,0,0,0,0,0,0,0,0,0,0,0,0,0,0,0.747005,0.82916,0,0.9953861,1,0.9301184,0.8183275,0,0,0,0,0,0,0,0,0,0,0,0,0,0,0,0,0,0,0,0,0,0,0,0,0.7123104,0.7666753,0.7546641,0.644666,0.9365997,1,0.8980054,0.7541676,0,0,0,0,0,0,0,0,0,0,0,0,0,0,0,0,0,0,0,0,0,0,0,0,0,0.7119028,0.7768081,0.7508583,0.7858972,0.8543767,1,0.9956253,0.8230314,0.7368749,0,0,0,0,0,0,0,0,0,0,0,0,0,0,0,0,0,0,0,0,0,0,0,0,0,0.7383568,0.6919176,0.8015544,0.8471529,0.9179088,1,0.8497864,0.7597336,0.7346343,0.7219844,0,0,0,0,0,0,0,0,0,0,0
0,0,0,0,0,0,0,0,0,0,0,0,0.626251,0.7075176,0.6839849,0.8978079,1,0.9211385,0.7150939,0,0,0,0,0,0,0,0,0,0,0,0,0,0,0,0,0,0,0,0,0,0,0,0,0,0,0,0,0.8094144,0.9260548,0.9922736,1,0.8034313,0.7922886,0.7844263,0.7502003,0,0,0,0,0,0,0,0,0,0,0,0,0,0,0,0,0,0,0,0,0,0,0.5975339,0.6846078,0.7327805,0.7012118,0.9231994,1,0.8886021,0.7285721,0.7151452,0.608026,0,0,0,0,0,0,0,0,0,0,0,0,0,0,0,0,0,0,0,0,0,0,0,0,0,0,0.767947,0.7639936,1,0.9290898,0.8317621,0.7370759,0.6047112,0,0,0,0,0,0,0,0,0,0,0,0,0,0,0,0,0,0,0,0,0,0,0,0,0,0.6277986,0.6668876,0.7723776,0.9390811,1,0.8893778,0.7485821,0.6738529,0.6600143,0.6579047,0,0,0,0,0,0,0,0,0,0
0,0,0,0,0,0,0,0,0,0,0,0,0,0.6988016,0.6992373,0.9123606,1,0.9175119,0.7210649,0,0,0,0,0,0,0,0,0,0,0,0,0,0,0,0,0,0,0,0,0,0,0,0,0,0,0,0,0.8147416,0.8517376,0.9943475,1,0.8867507,0.8708879,0,0,0,0,0,0,0,0,0,0,0,0,0,0,0,0,0,0,0,0,0,0,0,0,0,0,0,0.7510301,0.9467288,1,0.9058818,0,0,0,0,0,0,0,0,0,0,0,0,0,0,0,0,0,0,0,0,0,0,0,0,0,0,0,0,0.7033975,0.779191,0.7462056,0.9901675,1,0.874789,0,0,0,0,0,0,0,0,0,0,0,0,0,0,0,0,0,0,0,0,0,0,0,0,0,0,0,0,0,0.8229513,0.9800304,1,0.8499995,0,0,0,0.7327528,0.72725,0,0,0,0,0,0,0,0,0
0,0,0,0,0,0,0,0,0,0,0,0,0,0,0,0.8944288,1,0.9234055,0,0,0,0,0,0,0,0,0,0,0,0,0,0,0,0,0,0,0,0,0,0,0,0,0,0,0,0,0,0,0.7249781,0.9869948,1,0.8163534,0.8723573,0.7778992,0.7249158,0,0,0,0,0,0,0,0,0,0,0,0,0,0,0,0,0,0,0,0,0,0,0,0,0,0,0.9089089,1,0.9184512,0.6093007,0,0,0,0,0,0,0,0,0,0,0,0,0,0,0,0,0,0,0,0,0,0,0,0,0,0,0,0,0,0.8425522,1,0.9623548,0.8997862,0.7381985,0.6858887,0,0,0,0,0,0,0,0,0,0,0,0,0,0,0,0,0,0,0,0,0,0,0,0,0,0,0,0,0.9336605,1,0.8628264,0.8376008,0.6870965,0,0.6754215,0,0,0,0,0,0,0,0,0,0
0,0,0,0,0,0,0,0,0,0,0,0,0,0,0.6638986,0.907734,1,0.9260687,0,0,0,0,0,0,0,0,0,0,0,0,0,0,0,0,0,0,0,0,0,0,0,0,0,0,0,0,0,0,0.7761364,1,0.9502082,0.9564337,0.8760169,0.8462378,0,0,0,0,0,0,0,0,0,0,0,0,0,0,0,0,0,0,0,0,0,0,0,0,0,0,0,0.9328763,1,0.8572243,0.7408495,0.6505948,0.688958,0,0,0,0,0,0,0,0,0,0,0,0,0,0,0,0,0,0,0,0,0,0,0,0,0,0,0,0.8247129,0.9934827,1,0.9161229,0.6947197,0.7068591,0.6691673,0,0,0,0,0,0,0,0,0,0,0,0,0,0,0,0,0,0,0,0,0,0,0,0,0,0,0,0.9408692,1,0.9035854,0.8386002,0,0,0,0,0,0,0,0,0,0,0,0,0
0,0,0,0,0,0,0,0,0,0,0,0,0,0,0,0.9075791,1,0.8669922,0.7153439,0,0,0,0,0,0,0,0,0,0,0,0,0,0,0,0,0,0,0,0,0,0,0,0,0,0,0,0,0,0.8294576,1,0.9874257,0.8196867,0,0,0,0,0,0,0,0,0,0,0,0,0,0,0,0,0,0,0,0,0,0,0,0,0,0,0,0,0.6395109,0.9160656,1,0.9206985,0.6376702,0,0,0,0,0,0,0,0,0,0,0,0,0,0,0,0,0,0,0,0,0,0,0,0,0,0,0,0,0,0.8318904,1,0.8989539,0.9136149,0,0,0,0,0,0,0,0,0,0,0,0,0,0,0,0,0,0,0,0,0,0,0,0,0,0,0,0,0,0,0.9243273,1,0.9241819,0,0,0,0,0,0,0,0,0,0,0,0,0,0
0,0,0,0,0,0,0,0,0,0,0,0,0,0,0,0.8979512,1,0.9224783,0,0,0,0,0,0,0,0,0,0,0,0,0,0,0,0,0,0,0,0,0,0,0,0,0,0,0,0,0,0,0,0.9468814,1,0.8932175,0,0,0,0,0,0,0,0,0,0,0,0,0,0,0,0,0,0,0,0,0,0,0,0,0,0,0,0,0.6810647,0.9258757,1,0.8748873,0.7175164,0,0,0,0,0,0,0,0,0,0,0,0,0,0,0,0,0,0,0,0,0,0,0,0,0,0,0,0,0.7064195,0.7119789,0.979894,1,0.8658659,0,0,0,0,0,0,0,0,0,0,0,0,0,0,0,0,0,0,0,0,0,0,0,0,0,0,0,0,0,0.6984916,0.915997,1,0.9316889,0.7507593,0,0,0,0,0,0,0,0,0,0,0,0,0
