GestureName: star
Duration(ms): 1410
Handedness: right

SpeakerAngles: 5
55
-55
0
0
110

SpeakerElevations: 5
-10
-10
-10
0
30

InterpretedPoints: 30
-3.24100993092194,-6.49175203651182,-0.131759111665348
-5.69658376944562,-16.4840848036273,-0.721629157329114
-5.68949337220784,-20.4748705007442,0.299315375671677
-9.75139138171693,-25.9238965462798,-0.48514738065981
-8.13088641625596,-24.8001494474573,0.0148526193401901
-8.12379601901819,-22.4169522627802,-0.179740091327532
-0.0354519861888747,-12.267360708749,-0.763518223330696
0.806707284111599,-4.54967027447583,0.347296355333861
0,0,0
4.84024370466959,11.3132138938428,-1.91012995433623
9.74430098447916,19.4413588126511,1.37433280199525
9.73721058724139,17.1726944239135,1.04798097966218
8.90923211141646,17.9315637791643,-0.104722665003955
8.10961522454264,11.5512173444744,1.2635182233307
-0.820888078587149,7.24140708887954,-2.04188906600158
0,0.015192246987792,0.17364817766693
0.00709039723777505,2.25347214174981,0.152703644666139
0,0,0
5.72494535839672,16.3986328216749,2.02703644666139
4.92532847152289,24.2017752379005,1.83244373599367
2.476845030237,14.6078319024499,1.22162915732911
-2.3917602633837,6.33449324959615,1.30540728933228
-12.1502420423384,-17.1942502237972,-1.06892551266297
-3.21973873920862,-10.8002916662385,1.36824088833465
0,0,0
0,0.984807753012208,-0.17364817766693
0,-3.96961550602442,0.347296355333861
0.771255297922724,-10.8170309832249,-0.416221867996835
3.98390363989357,-11.9499923849305,-1.93716640099763
-0.0779943696155243,-12.4597874184173,-3.41622186799684

StrokePoints: 31
0,0,0
-3.24100993092194,-6.49175203651182,-0.131759111665348
-8.93759370036756,-22.9758368401391,-0.853388268994462
-14.6270870725754,-43.4507073408834,-0.554072893322785
-24.3784784542923,-69.3746038871632,-1.03922027398259
-32.5093648705483,-94.1747533346204,-1.0243676546424
-40.6331608895665,-116.591705597401,-1.20410774596994
-40.6686128757554,-128.85906630615,-1.96762596930063
-39.8619055916438,-133.408736580625,-1.62032961396677
-39.8619055916438,-133.408736580625,-1.62032961396677
-35.0216618869742,-122.095522686783,-3.53045956830301
-25.277360902495,-102.654163874132,-2.15612676630775
-15.5401503152536,-85.4814694502181,-1.10814578664557
-6.63091820383717,-67.5499056710538,-1.21286845164952
1.47869702070547,-55.9986883265793,0.0506497716811718
0.657808942118323,-48.7572812376998,-1.99123929432041
0.657808942118323,-48.742088990712,-1.81759111665348
0.664899339356098,-46.4886168489622,-1.66488747198734
0.664899339356098,-46.4886168489622,-1.66488747198734
6.38984469775281,-30.0899840272873,0.362148974674052
11.3151731692757,-5.88820878938679,2.19459271066772
13.7920181995127,8.71962311306309,3.41622186799684
11.400257936129,15.0541163626592,4.72162915732912
-0.749984106209396,-2.140133861138,3.65270364466614
-3.96972284541802,-12.9404255273765,5.02094453300079
-3.96972284541802,-12.9404255273765,5.02094453300079
-3.96972284541802,-11.9556177743643,4.84729635533386
-3.96972284541802,-15.9252332803887,5.19459271066772
-3.19846754749529,-26.7422642636136,4.77837084267089
0.785436092398278,-38.6922566485441,2.84120444167326
0.707441722782753,-51.1520440669614,-0.575017426323574

Velocities: 30
-2,0,-3
-5,-5,-6
-7,-6,-6
-9,-7,-10
-9,-8,-9
-8,-6,-8
0,-5,-5
0,-1,-1
0,0,0
6,0,5
7,4,7
7,3,7
7,1,7
5,1,4
2,1,3
0,0,-1
0,1,1
0,0,0
4,8,8
4,10,10
2,7,7
-3,4,3
-7,1,-8
-3,2,-4
0,0,0
0,0,1
0,0,-2
0,-6,-6
5,-7,-7
3,-8,-7

InverseVelocities: 30
0,0,0
0,0,0
0,0,0
0,0,0
0,0,0
0,0,1
0,0,0
0,0,0
0,0,0
0,0,0
0,0,0
0,0,0
0,0,0
0,-1,-2
0,-1,-4
0,0,0
0,0,0
0,0,0
0,0,0
-2,0,-1
-3,0,-1
0,0,-8
0,0,0
0,-2,1
0,0,0
0,0,-1
0,0,0
0,0,1
0,0,4
-5,0,0

RawData: 30
0,0,0,0,0,0,0,0,0,0,0,0.7493123,0.8664023,0.8874375,0.8108446,0.9415812,1,0.8988103,0,0,0,0,0,0,0,0,0,0,0,0,0,0,0,0,0,0,0,0,0,0,0,0,0,0,0,0,0,0.8562806,0.9390561,1,0.942151,0,0,0,0,0,0,0,0,0,0,0,0,0,0,0,0,0,0,0,0,0,0,0,0,0,0.7217675,0.7503753,0.6941724,0,0.8273356,0.9567813,1,0.8853701,0.708352,0,0,0,0,0,0,0,0,0,0,0,0,0,0,0,0,0,0,0,0,0,0,0,0,0.8229414,0.9019454,0.8858724,0,0.8218656,0.895932,1,0.931351,0,0,0,0,0,0,0,0,0,0,0,0,0,0,0,0,0,0,0,0,0,0,0,0,0,0,0.8147186,0.8548589,0.842944,0.7719193,0.8486932,0.9831622,1,0.8426888,0,0,0,0,0,0,0,0,0,0,0,0,0,0
0,0,0,0,0,0,0,0,0.6761933,0.7349761,0.7543082,0.725601,0.7236523,0.7547694,0.7135239,0.9263726,1,0.8862082,0,0,0,0,0,0,0,0,0,0,0,0,0,0,0,0,0,0,0,0,0,0,0,0.7490179,0.774351,0.7796361,0.8909575,0.9657112,1,0.9791471,0.9399867,0.9183357,0.9400459,0.765999,0,0,0,0,0,0,0,0,0,0,0,0,0,0,0,0,0,0,0,0,0,0.6300842,0.714996,0.7402109,0.7699541,0.7438855,0.802512,0.7962072,0.689581,0.9582783,1,0.8681613,0,0,0,0,0,0,0,0,0,0,0,0,0,0,0,0,0,0,0,0,0,0.6515442,0.7394681,0.8176706,0.8590713,0.863862,0.8220623,0.7143192,0.8172892,0.7775055,0.877717,1,0.9439403,0.6678016,0,0,0,0,0,0,0,0,0,0,0,0,0,0,0,0,0,0,0,0,0.6702648,0.7825209,0.7779903,0.7868202,0.7186366,0.8915434,0.9000554,0.9130878,0.8575125,0.7657086,0.9862165,1,0.820236,0,0,0,0,0,0,0,0,0,0,0,0,0,0
0,0,0,0,0,0,0.6670432,0.6706141,0.6647846,0.6787807,0,0,0,0.6508996,0.7314479,0.9196883,1,0.896907,0,0,0,0,0,0,0,0,0,0,0,0,0,0,0,0,0,0,0,0,0,0,0.7881164,0.9429015,0.9715759,0,0.7891602,0,0,0.9024498,0.9884436,1,0.9776978,0.801059,0,0,0,0,0,0,0,0,0,0,0,0,0,0,0,0,0,0,0,0,0,0.707894,0.6606045,0.6443477,0.6881496,0.7032656,0.6797428,0,0.6915446,0.9675297,1,0.8249763,0,0,0,0,0,0,0,0,0,0,0,0,0,0,0,0,0,0,0,0.6447061,0.6672055,0.7201079,0.7725731,0.6587371,0.6898972,0.663662,0.6629426,0.6910712,0,0.6605128,0.8390985,1,0.9674822,0.6837853,0,0,0,0,0,0,0,0,0,0,0,0,0,0,0,0,0,0,0,0,0,0.838441,0.8035169,0.8275698,0.8864844,0.8537008,0.8021266,0.7998762,0.8176464,0.8459992,1,0.9910988,0.7334886,0,0,0,0,0,0,0,0,0,0,0,0,0,0
0,0,0,0,0.6330341,0.6437081,0,0,0.6591216,0.6307278,0,0,0,0,0.6211148,0.9242168,1,0.8912541,0,0,0,0,0,0,0,0,0,0,0,0,0,0,0,0,0,0,0,0,0,0.7866569,0.8555419,0.8735516,0.7345765,0.6766856,0.7027901,0,0.7633922,0.7749888,0.8514203,1,0.9967911,0.8213282,0.7533602,0,0,0,0,0,0,0,0,0,0,0,0,0,0,0,0,0.6376362,0.6437172,0.6733741,0.6688587,0.6731592,0.6711617,0.6722519,0.6590816,0.6267446,0,0.6474937,0.739274,0.9560834,1,0.84969,0.6409432,0,0,0,0,0,0,0,0,0,0,0,0,0,0,0,0,0,0.6673957,0.7228209,0.7022046,0.7222052,0.6885905,0.7137653,0.651979,0.60793,0.6104955,0.679888,0.6722207,0,0.8480077,1,0.9595441,0.6926112,0,0,0,0,0,0,0,0,0,0,0,0,0,0,0,0,0,0.6870586,0.729116,0.712986,0.7371072,0,0.737074,0.6792423,0,0,0.6615584,0.8079738,0.7871585,0.7193814,0.9547796,1,0.8716093,0.6889206,0,0,0,0,0,0,0,0,0,0,0,0,0
0,0,0,0,0.7367179,0.7530743,0,0.6908299,0.7909822,0.8009429,0.7146532,0,0,0.7075596,0.7367811,0.9272901,1,0.9241525,0.7033645,0,0,0,0,0,0,0,0,0,0,0,0,0,0,0,0,0,0,0,0.7666992,0.8612118,0.875308,0.7874213,0.8332942,0.7914669,0,0,0,0.7792553,0.8290726,0.9439804,1,0.8486735,0,0,0,0,0,0,0,0,0,0,0,0,0,0,0,0,0,0,0.6879619,0.7400363,0.7116303,0.7126555,0.7474173,0.7491038,0.7106948,0.7035618,0,0,0.7712302,0.9461638,1,0.9142361,0,0,0,0,0,0,0,0,0,0,0,0,0,0,0,0,0,0,0,0.7588499,0.8016169,0.7719488,0.747211,0.7894049,0.7927566,0.76403,0.7285353,0.7443613,0.7381644,0.7105482,0.8612627,1,0.9801999,0.822218,0.7179534,0,0,0,0,0,0,0,0,0,0,0,0,0,0,0,0,0,0.7614537,0.816784,0.7778985,0,0.7596664,0,0.7919344,0.799862,0.7704782,0,0.7745902,0.8688778,0.9726274,1,0.8306671,0.790813,0,0,0,0,0,0,0,0,0,0,0,0,0
0,0,0,0,0,0.6616216,0.7399036,0.7398357,0.769429,0.7401019,0.6562318,0,0,0,0.6941183,0.9269462,1,0.8886483,0.693325,0,0,0,0,0,0,0,0,0,0,0,0,0,0,0,0,0,0,0,0,0,0.728003,0.8408801,0,0,0.7898231,0.7768427,0.7421688,0.7387556,0,0.9898681,1,0.8488452,0,0,0,0,0,0,0,0,0,0,0,0,0,0,0,0,0,0,0,0.6420339,0.6110242,0.7106094,0.679283,0,0.6327774,0.6189944,0,0,0.6969994,0.9354125,1,0.8867974,0.6826895,0.6255231,0.60516,0,0,0,0,0,0,0,0,0,0,0,0,0,0,0,0,0.6734115,0.7335188,0,0.7908185,0.8487133,0.7428381,0.7053517,0,0,0.6985824,0,0.9001281,1,0.9057861,0.7854361,0,0,0,0,0,0,0,0,0,0,0,0,0,0,0,0,0,0,0,0.7693701,0.7015594,0.7101551,0.8091323,0.7598021,0,0.7542318,0.7696755,0,0.7279188,0.8543912,0.9623753,1,0,0.7155227,0,0,0,0,0,0,0,0,0,0,0,0,0
0,0,0,0,0,0,0,0,0,0,0,0,0,0,0,0.9335644,1,0.881767,0,0,0,0,0,0,0,0,0,0,0,0,0,0,0,0,0,0,0,0,0,0,0,0.8287895,0.8813337,0.8741199,0,0,0.8761401,0,0.9118068,1,0.9450356,0,0,0,0,0,0,0,0,0,0,0,0,0,0,0,0,0,0,0,0,0,0,0,0.739461,0.7533306,0.7424207,0,0.7539074,0.7368008,0.7612656,0.9692282,1,0.8769802,0,0,0,0,0,0,0,0,0,0,0,0,0,0,0,0,0,0,0,0,0,0,0.813168,0.8259122,0.7944945,0.8457426,0.8085782,0,0,0,0.8633901,1,0.9517781,0,0,0,0,0,0,0,0,0,0,0,0,0,0,0,0,0,0,0,0,0,0,0,0.7843772,0,0,0,0,0,0,0,0.9712189,1,0.8656054,0,0,0,0,0,0,0,0,0,0,0,0,0,0
0,0,0,0,0,0,0,0,0,0,0,0,0,0.6435284,0.7324874,0.9215174,1,0.8958979,0,0,0,0,0,0,0,0,0,0,0,0,0,0,0,0,0,0,0,0,0,0,0,0,0,0,0,0.7780693,0.9140176,0.9435626,0.9054916,1,0.9665502,0,0,0,0,0,0,0,0,0,0,0,0,0,0,0,0,0,0,0,0,0,0,0,0,0,0,0,0.6071195,0.6733333,0.7074836,0.9358044,1,0.8682441,0,0,0,0,0,0,0,0,0,0,0,0,0,0,0,0,0,0,0,0,0,0,0,0,0,0.638117,0.6270266,0.6386404,0.6963215,0.7776917,0.7911833,1,0.9781033,0.7243435,0,0,0,0,0,0,0,0,0,0,0,0,0,0,0,0,0,0,0,0,0,0,0,0,0,0,0,0.72066,0.7977154,0.8280162,0.9687771,1,0.8451794,0,0,0,0,0,0,0,0,0,0,0,0,0,0
0,0,0,0,0,0,0,0,0,0,0,0,0,0,0,0.9130538,1,0.9278477,0,0,0,0,0,0,0,0,0,0,0,0,0,0,0,0,0,0,0,0,0,0,0,0,0,0,0,0,0,0,0.8718339,1,0.9833418,0,0,0,0,0,0,0,0,0,0,0,0,0,0,0,0,0,0,0,0,0,0,0,0,0,0,0,0,0,0,0.9229451,1,0.9045246,0,0,0,0,0,0,0,0,0,0,0,0,0,0,0,0,0,0,0,0,0,0,0,0,0,0,0,0,0,0,0.8649021,1,0.9817362,0.7931471,0,0,0,0,0,0,0,0,0,0,0,0,0,0,0,0,0,0,0,0,0,0,0,0,0,0,0,0,0,0,0.9457057,1,0.8705486,0,0,0,0,0,0,0,0,0,0,0,0,0,0
0,0,0,0,0,0,0,0,0,0,0,0,0,0,0,0.8850202,1,0.9368676,0,0,0,0,0.7688951,0.7990959,0.7850646,0.7379314,0,0,0,0,0,0,0,0,0,0,0,0,0,0,0,0,0,0,0,0,0,0,0.8325074,1,0.9868379,0.8544683,0,0,0,0,0,0,0,0,0,0,0,0,0,0,0,0,0,0,0,0,0,0,0,0,0,0,0,0,0.7078744,0.9390526,1,0.9252988,0.7016783,0.7174277,0.7130784,0,0.6969467,0.704146,0.7028766,0,0,0,0,0,0,0,0,0,0,0,0,0,0,0,0,0,0,0,0,0,0,0,0.8710591,1,0.9758506,0.731805,0,0,0.7164271,0.7437763,0,0,0,0,0,0,0,0,0,0,0,0,0,0,0,0,0,0,0,0,0,0,0,0,0,0.8166107,0.9712371,1,0.8827319,0,0,0,0,0,0,0,0,0,0,0,0,0,0
0,0,0,0,0,0,0,0,0,0,0,0,0,0,0,0.9058248,1,0.9244027,0,0,0,0,0.7094119,0.7786368,0.8447616,0.8223143,0.7108861,0,0,0,0,0,0,0,0,0,0,0,0,0,0,0,0,0,0,0,0,0,0.8221452,1,0.9842219,0.8307402,0.8414642,0.8039888,0.7675877,0.8458198,0.7741686,0,0,0,0,0,0,0,0,0,0,0,0,0,0,0,0,0,0,0,0,0,0,0,0,0.9350063,1,0.8967007,0.6783109,0,0.6650119,0.6586826,0.7257125,0.7592342,0.7656898,0.7441212,0.6825448,0,0,0,0,0,0,0,0,0,0,0,0,0,0,0,0,0,0,0,0,0,0.7778578,0.9970198,1,0,0,0,0,0,0.8087564,0.892818,0.859726,0.8084461,0.7832189,0.7441313,0,0,0,0,0,0,0,0,0,0,0,0,0,0,0,0,0,0,0,0,0.9305617,1,0.8615774,0.8028868,0.7930884,0.8156556,0.7490497,0,0.7624437,0.7860775,0.7457653,0.7405649,0.7608539,0,0,0,0
0,0,0,0,0,0,0,0,0,0,0,0,0,0,0,0.9047567,1,0.9202448,0,0,0,0,0.7213725,0.7474447,0.7393832,0.7594734,0.6625352,0,0,0,0,0,0,0,0,0,0,0,0,0,0,0,0,0,0,0,0.7111144,0.7977328,0.8703862,1,0.9614097,0.725414,0.8811668,0.8395513,0.7849187,0.7697815,0,0,0,0,0,0,0,0,0,0,0,0,0,0,0,0,0,0,0,0,0,0,0,0,0.625856,0.9390689,1,0.8959991,0.6759818,0.6674072,0.613372,0,0,0,0,0,0.6295417,0,0,0,0,0,0,0,0,0,0,0,0,0,0,0,0,0,0,0,0,0,0.8246816,1,0.9797285,0.7876958,0.7400959,0.7158064,0,0,0.7067906,0.7230998,0,0.7388223,0,0,0,0,0,0,0,0,0,0,0,0,0,0,0,0,0,0,0,0,0,0.7619712,0.9377135,1,0.859746,0.7152593,0.807465,0.8057615,0.7279057,0.7184226,0.697409,0,0.7016801,0.704374,0,0,0,0,0
0,0,0,0,0,0,0,0,0,0,0,0,0,0,0,0.9304309,1,0.8963156,0,0,0.7159715,0.7314293,0.7262354,0.8177516,0.8310537,0.7956422,0.7598459,0,0,0,0,0,0,0,0,0,0,0,0,0,0,0,0,0,0,0,0,0,0.8647617,1,0.9955847,0.7716084,0.8386157,0.8448791,0,0,0,0,0,0,0,0,0,0,0,0,0,0,0,0,0,0,0,0,0,0,0,0,0,0,0.7076739,0.9481841,1,0.9003659,0,0.7260714,0.701277,0.665155,0.6722033,0.6916477,0.7292949,0.738801,0.7154778,0,0,0,0,0,0,0,0,0,0,0,0,0,0,0,0,0,0,0,0,0,0.852007,1,0.9769934,0.7993581,0,0,0,0,0.7522954,0.7325339,0.7753841,0.7919236,0.7510809,0,0,0,0,0,0,0,0,0,0,0,0,0,0,0,0,0,0,0,0.7704201,0.8168005,0.9535617,1,0.897564,0.7547839,0.7355052,0,0,0,0.7425889,0,0,0,0,0,0,0,0
0,0,0,0,0,0,0,0,0,0,0,0,0,0,0.6864187,0.9127601,1,0.9280003,0.7650697,0.7208045,0.7686356,0.7693495,0.7488964,0.7643822,0.7294206,0,0,0,0,0,0,0,0,0,0,0,0,0,0,0,0,0,0,0,0,0.8069827,0.8237197,0.7642072,0.82521,1,0.9758648,0.8594165,0.8067993,0.7893959,0,0,0,0,0,0,0,0,0,0,0,0,0,0,0,0,0,0,0,0,0,0,0,0.679005,0.6521208,0,0.7166396,0.9233429,1,0.8952577,0,0.7108678,0.7451518,0.7622184,0.7457718,0.6481423,0,0,0,0,0,0,0,0,0,0,0,0,0,0,0,0,0,0,0,0,0,0.6625121,0.6584779,0,0.8741231,1,0.9563101,0.6448796,0.6757941,0.6577895,0.7831149,0.8182529,0.7763389,0.7037827,0.6481508,0,0,0,0,0,0,0,0,0,0,0,0,0,0,0,0,0,0,0.7095754,0.7792699,0.7631495,0.8138238,0.8453354,0.9473241,1,0.8553126,0,0,0,0.7570154,0.8309853,0.829096,0.7475504,0,0,0,0,0,0,0
0,0,0,0,0,0,0,0,0,0,0,0,0,0.607046,0.6447749,0.8996994,1,0.9340324,0.7675923,0.7279125,0.7548471,0.6890275,0,0,0,0,0,0,0,0,0,0,0,0,0,0,0,0,0,0,0,0,0,0,0,0.7779763,0.7626168,0,0.8394555,0.9910656,1,0.8531061,0.7876003,0.7591428,0,0,0,0,0,0,0,0,0,0,0,0,0,0,0,0,0,0,0,0,0,0.6065149,0.688738,0.7117138,0.6975498,0.5821375,0.6819552,0.9282105,1,0.9041442,0.7118491,0.750259,0.679023,0.583994,0.6206514,0,0,0,0,0,0,0,0,0,0,0,0,0,0,0,0,0,0,0,0,0.6289491,0.6400569,0.6519384,0.6685047,0.6339656,0.8566701,1,0.9817339,0.7874358,0.7138419,0.6402382,0.6770071,0,0,0,0,0,0,0,0,0,0,0,0,0,0,0,0,0,0,0,0,0,0,0.7267371,0.7245271,0.6702926,0.6254628,0.7927765,0.9543458,1,0.9032302,0.7498046,0,0,0,0,0,0,0,0,0,0,0,0,0
0,0,0,0,0,0,0,0,0,0,0,0,0,0,0,0.9185808,1,0.9160688,0,0,0,0,0,0,0,0,0,0,0,0,0,0,0,0,0,0,0,0,0,0,0,0,0,0,0,0,0.8441809,0.8927695,0.9214451,0.9900899,1,0.933176,0,0,0,0,0,0,0,0,0,0,0,0,0,0,0,0,0,0,0,0,0,0,0,0,0,0,0.7016448,0.7540209,0.8034624,0.8870576,1,0.9385429,0.7138544,0.727129,0,0,0,0,0,0,0,0,0,0,0,0,0,0,0,0,0,0,0,0,0,0,0,0,0,0,0,0.7413067,0.8543885,1,0.9440484,0.809436,0.8032875,0.7048021,0,0,0,0,0,0,0,0,0,0,0,0,0,0,0,0,0,0,0,0,0,0,0,0,0,0,0.8230464,0.8398102,0.9392047,1,0.9168915,0.8564826,0,0,0,0,0,0,0,0,0,0,0,0,0
0,0,0,0,0,0,0,0,0,0,0,0,0,0,0,0.9121671,1,0.9157496,0.7570009,0.7214841,0,0,0,0,0,0,0,0,0,0,0,0,0,0,0,0,0,0,0,0,0,0,0,0,0,0,0,0,0.772869,0.9798105,1,0.9202855,0.796427,0.8077947,0,0,0,0,0,0,0,0,0,0,0,0,0,0,0,0,0,0,0,0,0,0,0,0,0,0,0.6350853,0.947222,1,0.8087652,0.8452564,0.7933123,0.654544,0,0,0,0,0,0,0,0,0,0,0,0,0,0,0,0,0,0,0,0,0,0,0,0,0,0,0,0.8403944,1,0.9820769,0.8371046,0.7737984,0.7040356,0,0,0,0,0,0,0,0,0,0,0,0,0,0,0,0,0,0,0,0,0,0,0,0,0,0,0,0.7148228,0.9641749,1,0.889828,0.7148471,0.7978392,0,0,0,0,0,0,0,0,0,0,0,0
0,0,0,0,0,0,0,0,0,0,0,0,0,0,0,0.9501366,1,0.9172764,0,0,0,0,0,0,0,0,0,0,0,0,0,0,0,0,0,0,0,0,0,0,0,0,0,0,0,0,0,0,0,0.9744956,1,0,0,0,0,0,0,0,0,0,0,0,0,0,0,0,0,0,0,0,0,0,0,0,0,0,0,0,0,0,0,0.9682636,1,0.8802213,0,0,0,0,0,0,0,0,0,0,0,0,0,0,0,0,0,0,0,0,0,0,0,0,0,0,0,0,0,0,0.897257,1,0.9615228,0,0,0,0,0,0,0,0,0,0,0,0,0,0,0,0,0,0,0,0,0,0,0,0,0,0,0,0,0,0,0,0.9870202,1,0,0,0,0,0,0,0,0,0,0,0,0,0,0,0
0,0,0,0,0,0,0,0,0,0,0,0,0,0,0.7086419,0.9235442,1,0.8899388,0.8286644,0.9166941,0.8813994,0.7562476,0.6552114,0.7132766,0,0,0,0,0,0,0,0,0,0,0,0,0,0,0,0,0,0,0,0,0,0,0,0,0.7925289,1,0.9732354,0.8371579,0.886032,0.7698367,0.8124196,0.7920166,0,0.7923898,0.8580122,0.8944191,0.8585222,0,0,0,0,0,0,0,0,0,0,0,0,0,0,0,0,0,0,0.6490754,0.6760078,0.9551507,1,0.861402,0.8135545,0.8117788,0.7157735,0.7418491,0.6820018,0.6485075,0.6697678,0.7052513,0.7071698,0.6349644,0,0,0,0,0,0,0,0,0,0,0,0,0,0,0,0,0,0,0.6383353,0.6796089,0.8705465,1,0.9632494,0.7290924,0.8221884,0.8274783,0.7478316,0,0.6821207,0.7129474,0,0,0,0,0,0,0,0,0,0,0,0,0,0,0,0,0,0,0,0,0,0,0.7111991,0.7955174,0.9920325,1,0.8010615,0,0.7870934,0.7557776,0,0.7539178,0.7675864,0,0.7906153,0.7814583,0.7785031,0.8003054,0.768658,0,0
0,0,0,0,0,0,0,0,0,0,0,0.6713281,0.6689579,0,0.7028791,0.9218233,1,0.9133967,0.8897582,0.8630588,0.7444332,0.6940628,0.6714205,0.6800315,0,0,0,0,0,0,0,0,0,0,0,0,0,0,0,0,0,0,0,0,0,0,0,0,0.8454943,1,0.9675602,0.8157903,0.8109341,0.758865,0.838208,0.8501107,0.8329812,0.7908367,0.7624128,0.8687137,0.902988,0.8721306,0.8202421,0,0,0,0,0,0,0,0,0,0,0,0,0,0,0,0.6703126,0.7437451,0.7473721,0.9508625,1,0.8678205,0.7166611,0.7420915,0.7253803,0.6658682,0.6673717,0.6454688,0,0,0.7008813,0.731649,0.7451519,0.7113017,0,0,0,0,0,0,0,0,0,0,0,0,0,0,0,0,0.6802441,0.6666563,0.8628868,1,0.9557772,0.651937,0.6757911,0.78979,0.7469817,0,0.6561455,0.6521477,0.652337,0,0,0.6579947,0.6718798,0,0,0,0,0,0,0,0,0,0,0,0,0,0,0,0,0,0,0,0.9653159,1,0.9010667,0.8003555,0,0,0,0,0.7097746,0.8028577,0.8179876,0.7476339,0.7313455,0.7946458,0.8132166,0.7223913,0
0,0,0,0,0,0,0,0,0,0,0.6660416,0.6612166,0.6906709,0.6451004,0,0.9251611,1,0.8945628,0,0,0,0.6727065,0,0,0,0,0,0,0,0,0,0,0,0,0,0,0,0,0,0,0,0,0,0,0,0,0,0,0,0.9528211,1,0.7910752,0,0.7882601,0.8733484,0.9302262,0.8627097,0.7695692,0,0.7748418,0,0,0,0,0,0,0,0,0,0,0,0,0,0,0,0,0,0,0.7008344,0.6984668,0.6285287,0.9533838,1,0.8493793,0.6789464,0.6721836,0,0.7010646,0.7389292,0.6977058,0,0,0.6207677,0,0,0,0,0,0,0,0,0,0,0,0,0,0.6618156,0.6354735,0.7068728,0.7200833,0.7196645,0.6963012,0.7120066,0.7275186,0.8418491,1,0.9545333,0.7376232,0.7047468,0.6789065,0.6249592,0.7025412,0.7585168,0.6782809,0,0,0,0,0,0,0,0,0,0,0,0,0,0,0,0,0,0.7664384,0.790943,0.7812208,0.7852128,0.7838734,0.7682809,0,0.9290833,1,0.875488,0.7530985,0,0.7324662,0.8592387,0.795934,0.8547221,0.8234975,0.7472379,0.7185538,0,0,0,0,0
0,0,0,0,0,0,0,0,0,0,0.6785378,0,0,0,0,0.9314799,1,0.903882,0,0,0,0,0,0,0,0,0,0,0,0,0,0,0,0,0,0,0,0,0,0,0,0,0,0,0,0,0,0,0,0.989078,1,0.9962439,0.941618,0.97637,0.9606222,0.9155675,0.8639362,0,0,0,0,0,0,0,0,0,0,0,0,0,0,0.6744195,0.7548999,0.791033,0,0,0,0,0,0,0.6755677,0.9562021,1,0.8454574,0.7780202,0.7580127,0.7435637,0.7182084,0.6598972,0,0,0,0,0,0,0,0,0,0,0,0,0,0,0.6711612,0.6913387,0.7662275,0.8204901,0,0.7551591,0.7287374,0,0.6590109,0.657639,0.641816,0.8818331,1,0.9529418,0.7117667,0.7410921,0.7469414,0.7458362,0.6970821,0.6507144,0,0,0,0,0,0,0,0,0,0,0,0,0,0,0,0.8600251,0.9304922,0.8621454,0.8047462,0.8506107,0.8009359,0,0,0,0.8128786,0.9916468,1,0.8011183,0.8950763,0.9181097,0.9346049,0.9069837,0.8346727,0,0,0,0,0,0,0,0,0
0,0,0,0,0,0,0.6643333,0.6951319,0.7075386,0.6928531,0.6564959,0,0,0,0,0.9237201,1,0.8891037,0,0,0,0,0,0,0,0,0,0,0,0,0,0,0,0,0,0,0,0,0,0,0,0,0,0,0,0,0,0,0.9924304,0.8468969,0,0.9712284,1,0.8691955,0,0,0,0,0,0,0,0,0,0,0,0,0,0,0,0,0,0.5977896,0.6521264,0.7147305,0.7483359,0.6547206,0,0.6470459,0.687744,0.680375,0,0.9493437,1,0.8583395,0,0.6008003,0,0,0,0,0,0,0,0,0,0,0,0,0,0,0,0,0,0,0.6739457,0.7099614,0.794094,0.8041577,0.6535167,0.6086317,0,0,0.6455556,0.6673802,0.8676236,1,0.9632203,0.7364094,0.599331,0,0,0,0,0,0,0,0,0,0,0,0,0,0,0,0,0,0,0,0.7611834,0.8914458,0.8767076,0,0,0,0,0.7310949,0.7649356,0.8466096,0.9611818,1,0.9484702,0.7388324,0,0,0,0,0,0,0,0,0,0,0,0,0
0,0,0,0,0,0,0,0,0,0,0.5822187,0,0.6946002,0.7346066,0.7033799,0.9274029,1,0.8965437,0.6338238,0,0,0,0,0,0,0,0,0,0,0,0,0,0,0,0,0,0,0,0,0,0,0,0,0,0.6823749,0.6770526,0.762468,0.9284318,1,0.9827502,0.8802078,0.7230205,0.6711014,0.7197055,0.6959748,0,0,0,0,0,0,0,0,0,0,0,0,0,0,0,0,0,0,0,0,0.5974355,0,0,0,0.6995069,0.7350374,0.9326944,1,0.8906775,0.6740489,0.6490636,0.602897,0,0,0,0,0,0,0,0,0,0,0,0,0,0,0,0,0,0,0,0.6251978,0.6656554,0.6443546,0.6067457,0,0.6463204,0.6091987,0.7302731,0.8516605,1,0.9556376,0.6166489,0,0,0,0,0,0,0,0,0,0,0,0,0,0,0,0,0,0,0,0,0,0,0,0,0,0,0,0,0.8534228,1,0.9242309,0.7835674,0.7927197,0.8946565,0.7651597,0,0,0,0,0,0,0,0,0,0,0,0
0,0,0,0,0,0,0,0,0,0,0,0,0,0,0,0.9403065,1,0.8859567,0,0,0,0,0,0,0,0,0,0,0,0,0,0,0,0,0,0,0,0,0,0,0,0,0,0,0,0,0,0.8167438,1,0.9408965,0.8173448,0.7572475,0,0,0,0,0,0,0,0,0,0,0,0,0,0,0,0,0,0,0,0,0,0,0,0,0,0,0,0,0.7918759,0.9597497,1,0.8757295,0,0,0,0,0,0,0,0,0,0,0,0,0,0,0,0,0,0,0,0,0,0,0,0,0,0,0,0,0,0.7121461,0.8374244,1,0.9551243,0,0,0,0,0,0,0,0,0,0,0,0,0,0,0,0,0,0,0,0,0,0,0,0,0,0,0,0,0,0,0.9143758,0.9846641,1,0.9077808,0,0,0,0,0,0,0,0,0,0,0,0,0,0
0,0,0,0,0,0,0,0,0,0,0,0,0,0,0,0.9259524,1,0.8847974,0.6185541,0,0,0,0,0,0,0,0,0,0,0,0,0,0,0,0,0,0,0,0,0,0,0,0,0,0,0,0.7291108,0.9333627,1,0.947854,0.6961664,0.7075731,0,0,0,0,0,0,0,0,0,0,0,0,0,0,0,0,0,0,0,0,0,0,0,0,0,0,0.6333231,0.6906493,0.8236364,0.9651623,1,0.8607959,0.5936717,0.6522311,0.5934829,0,0,0,0,0,0,0,0,0,0,0,0,0,0,0,0,0,0,0,0,0,0,0,0,0,0.6705969,0.7753559,0.8946806,1,0.9382355,0.6611962,0.6196401,0,0,0,0,0,0,0,0,0,0,0,0,0,0,0,0,0,0,0,0,0,0,0,0,0,0,0.7978643,0.8743625,0.8973811,0.9473964,1,0.8882778,0,0,0,0,0,0,0,0,0,0,0,0,0,0
0,0,0,0,0,0,0,0,0,0,0,0,0,0,0,0.9358803,1,0.8984801,0.7522791,0,0,0,0,0,0,0,0,0,0,0,0,0,0,0,0,0,0,0,0,0,0,0,0,0,0,0,0.9831942,1,0,0.9743861,0.9866008,0,0,0,0,0,0,0,0,0,0,0,0,0,0,0,0,0,0,0,0,0,0,0,0,0,0,0.7062248,0.702445,0.7779198,0.7851989,0.9573989,1,0.8874496,0,0.7356173,0,0,0,0,0,0,0,0,0,0,0,0,0,0,0,0,0,0,0,0,0,0,0,0,0.731841,0.7352975,0,0,0.8936245,1,0.9572353,0.7685133,0.7659945,0.7777377,0,0,0,0,0,0,0,0,0,0,0,0,0,0,0,0,0,0,0,0,0,0,0,0,0,0,0,0.8400196,0.9664648,1,0.8740383,0.7839734,0,0,0,0,0,0,0,0,0,0,0,0,0
0,0,0,0,0,0,0,0,0,0,0,0,0,0,0,0.938866,1,0.8590569,0.635148,0.6797159,0,0,0,0,0,0,0,0,0,0,0,0,0,0,0,0,0,0,0,0,0.8151469,0.8166863,0.7503698,0.9068715,0.9397756,0.9143611,0.8722609,0,0.9390444,1,0.8718997,0,0,0,0,0,0,0,0,0,0,0,0,0,0,0,0,0,0,0,0,0,0,0.6305123,0.6391727,0.637584,0.7234175,0.6955329,0,0.6505884,0.6832866,0.9531369,1,0.8525229,0.639501,0.682375,0.5951605,0,0,0,0,0,0,0,0,0,0,0,0,0,0,0,0,0,0,0,0,0,0,0.6617215,0.679906,0.7060634,0,0.6330154,0.8538639,1,0.9452661,0.6761551,0.6786345,0.6935641,0.6550483,0,0,0,0,0,0,0,0,0,0,0,0,0,0,0,0,0,0,0,0.6703369,0.6839597,0.7747519,0.816936,0.7709991,0.6987445,0.7641937,0.8483878,0.9658397,1,0.8645496,0,0.7285264,0.7113833,0,0,0,0,0,0,0,0,0,0,0
0,0,0,0,0,0,0,0,0,0,0,0,0,0,0.6492518,0.9164936,1,0.9208947,0.7523814,0,0,0,0.6917543,0.6782514,0.6587714,0,0,0,0,0,0,0,0,0,0,0,0,0,0,0.8374915,0.930286,0.9622104,0.9375587,0.8994724,0,0,0,0.786513,0.8682319,0.9990878,1,0.8879858,0,0,0,0,0,0,0,0,0,0,0,0,0,0,0,0,0,0,0,0,0.6812429,0.7243442,0.7209442,0.663082,0,0,0.6466702,0.6721393,0,0.9455425,1,0.9020544,0.6693409,0,0.6361828,0.6797229,0.6529155,0.6266326,0,0,0,0,0,0,0,0,0,0,0,0,0,0,0,0,0.6889004,0.669665,0.6764048,0,0,0,0.6698977,0.7460614,0.9121304,1,0.9377156,0.7333168,0.676496,0,0,0,0,0,0,0,0,0,0,0,0,0,0,0,0,0,0,0,0.7915146,0.8257545,0.8092159,0.8029594,0,0,0.7320458,0,0.7717998,0.840394,0.9135543,1,0.9116618,0.772745,0.715421,0,0,0,0,0,0,0,0,0,0,0,0
0,0,0,0,0,0,0,0,0.6331874,0.7411828,0.7660096,0.6918737,0,0.6398264,0.6465163,0.9255723,1,0.8830706,0,0,0,0,0.6321452,0,0,0,0,0,0,0,0,0,0,0,0,0,0,0,0.7790613,0.8368136,0.8254795,0,0,0.7879427,0.8461591,0.8062797,0,0.7693399,0.8122594,1,0.8972593,0,0,0,0,0,0,0,0,0,0,0,0,0,0,0,0,0,0,0,0,0,0.6075603,0,0.7020495,0.729967,0.694633,0.6290322,0.6445658,0.6070738,0,0.9478514,1,0.8596507,0,0,0,0,0,0,0,0,0,0,0,0,0,0,0,0,0,0,0,0,0,0,0.6475492,0.6730184,0.7230859,0.6708503,0.6676888,0.7174892,0.7070867,0.7131556,0.8248802,1,0.9804463,0.761357,0,0,0,0,0,0,0,0,0,0,0,0,0,0,0,0,0.7193576,0.723092,0.8159134,0,0.7792573,0.8060771,0.7344438,0.7954143,0.7687482,0.7500334,0.7690834,0.7602902,0.756689,0,1,0.9960272,0.7223241,0,0,0,0,0,0,0,0,0,0,0,0,0,0
