GestureName: star
Duration(ms): 1410
Handedness: right

SpeakerAngles: 5
55
-55
0
0
110

SpeakerElevations: 5
-10
-10
-10
0
30

InterpretedPoints: 30
-5.69658376944562,-22.8276831914457,0.841204441673259
-7.32417913214436,-24.2352869259936,-0.158795558326741
-8.12379601901819,-22.4169522627802,-0.179740091327532
0,0,0
0,-1.98480775301221,0.17364817766693
0,0,0
0.806707284111599,2.54967027447583,-0.347296355333861
5.67531257773229,13.6932838844023,-0.0837781320031643
5.66822218049452,18.6840695815192,-1.10472266500396
10.543917871353,16.4932991065104,1.7425736903299
8.92341290589201,15.3543597607001,1.06892551266297
5.67531257773229,13.6932838844023,-0.0837781320031643
2.43430264681035,5.07180680496324,0.131759111665348
1.62759536269875,0.39241148756016,0.82635182233307
0.827978475824924,1.22593839776138,0.979055466999209
3.2835523143486,9.98920557299797,2.61081457866456
3.30482350606192,18.8185780532235,2.02703644666139
5.69658376944562,2.85065183597887,2.63175911166535
-5.59022781087899,-9.15532610812581,3.47905546699921
-3.21973873920862,-24.2584228499963,3.45201902033782
-2.42721224957257,-13.8872907181895,1.06283359900237
-0.00709039723777505,-1.2686643887376,-0.32635182233307
0,0,0
0,0,0
1.62759536269875,8.62147707943907,-0.215537243668512
0.820888078587149,2.95727400902378,0.652703644666139
2.3633986744326,-6.33318956960759,-1.74257369032991
0.73580331173385,-20.8401338531072,-2.04798097966218
-1.69140893783872,-19.559127967369,-2.72162915732911
-4.88278608809624,-6.1468499687049,-2.13175911166535

StrokePoints: 31
0,0,0
-5.69658376944562,-22.8276831914457,0.841204441673259
-13.02076290159,-47.0629701174393,0.682408883346518
-21.1445589206082,-69.4799223802195,0.502668792018985
-21.1445589206082,-69.4799223802195,0.502668792018985
-21.1445589206082,-71.4647301332317,0.676316969685916
-21.1445589206082,-71.4647301332317,0.676316969685916
-20.3378516364966,-68.9150598587559,0.329020614352055
-14.6625390587643,-55.2217759743536,0.245242482348891
-8.99431687826976,-36.5377063928344,-0.859480182655065
1.54960099308322,-20.044407286324,0.88309350767484
10.4730138989752,-4.69004752562388,1.95201902033782
16.1483264767075,9.00323635877843,1.86824088833465
18.5826291235179,14.0750431637417,2
20.2102244862166,14.4674546513018,2.82635182233307
21.0382029620415,15.6933930490632,3.80540728933228
24.3217552763901,25.6825986220612,6.41622186799683
27.6265787824521,44.5011766752846,8.44325831465823
33.3231625518977,47.3518285112635,11.0750174263236
27.7329347410187,38.1965024031377,14.5540728933228
24.5131960018101,13.9380795531414,18.0060919136606
22.0859837522375,0.0507888349518932,19.068925512663
22.0788933549997,-1.21787555378571,18.7425736903299
22.0788933549997,-1.21787555378571,18.7425736903299
22.0788933549997,-1.21787555378571,18.7425736903299
23.7064887176985,7.40360152565337,18.5270364466614
24.5273767962856,10.3608755346772,19.1797400913275
26.8907754707182,4.02768596506956,17.4371664009976
27.6265787824521,-16.8124478880376,15.3891854213354
25.9351698446133,-36.3715758554066,12.6675562640063
21.0523837565171,-42.5184258241115,10.535797152341

Velocities: 30
-8,-8,-9
-8,-8,-9
-8,-6,-8
0,0,0
0,0,-1
0,0,0
1,0,1
5,2,5
7,3,5
6,1,6
6,2,6
5,2,5
2,1,2
0,0,1
0,2,1
1,5,2
2,9,9
0,0,5
-9,6,6
-7,-2,-8
-3,-1,-5
0,-1,0
0,0,0
0,0,0
2,2,3
0,1,1
3,-8,-8
2,-9,-10
1,-8,-9
0,0,-5

InverseVelocities: 30
0,0,0
0,0,0
0,0,0
0,0,0
0,0,0
0,0,0
0,0,0
0,0,0
0,0,0
0,0,0
0,-2,-2
0,0,-1
0,0,0
0,0,0
0,0,0
0,0,0
0,0,0
0,0,0
2,-3,-10
0,0,0
0,0,0
0,0,0
0,0,0
0,0,0
0,0,-2
0,-5,-2
-2,0,0
-4,0,0
-4,0,0
0,0,0

RawData: 30
0,0,0,0,0,0.7426431,0.6837963,0,0.7374436,0,0,0,0,0,0.7217661,0.9258503,1,0.9194248,0.6826494,0,0,0,0,0,0,0,0,0,0,0,0,0,0,0,0,0,0,0,0.7500177,0.8794481,0.9359387,0.863175,0,0,0.7714087,0.7548791,0,0,0.791495,1,0.991626,0.7637492,0,0,0,0,0,0,0,0,0,0,0,0,0,0,0,0,0,0,0.665881,0.653632,0.7788213,0.7347907,0.7156778,0.6965556,0,0,0,0,0.7685996,0.9441826,1,0.9041739,0.6909577,0,0,0,0,0,0,0,0,0,0,0,0,0,0,0,0,0,0,0,0,0.7787305,0.7501665,0.7327597,0.7682505,0.75375,0.6854789,0.6915897,0.6890073,0.6806238,0.8179163,1,0.9740002,0.7090347,0.6957411,0.6757176,0,0,0,0,0,0,0,0,0,0,0,0,0,0,0,0,0,0,0.7058352,0.7231554,0.680493,0.7177012,0,0,0.6794475,0.6940366,0.718639,0.6937704,0.934005,1,0.9130493,0,0,0,0,0,0,0,0,0,0,0,0,0,0
0,0,0,0,0,0.7737921,0.7292551,0.7136497,0.8013809,0.7935524,0,0,0,0,0.6845469,0.8958958,1,0.9155765,0,0,0,0,0,0,0,0,0,0,0,0,0,0,0,0,0,0,0,0,0.7483155,0.8063578,0.8075106,0.7641687,0.7785092,0,0,0,0,0.7537791,0.7891507,0.9541925,1,0.8541202,0,0,0,0,0,0,0,0,0,0,0,0,0,0,0,0,0,0,0.7117323,0.7711446,0.6933037,0.669589,0.7256048,0.7399039,0.6833001,0.6513388,0,0,0.7131689,0.9294852,1,0.9053177,0,0,0,0,0,0,0,0,0,0,0,0,0,0,0,0,0,0,0,0.7614987,0.8120503,0.7341864,0.7043086,0.7365392,0.7722764,0.7075327,0.6899253,0.6872624,0.6834362,0.6772775,0.8303162,1,0.9841864,0.7708222,0,0,0,0,0,0,0,0,0,0,0,0,0,0,0,0,0,0,0.7622266,0.7844718,0,0,0,0,0,0,0,0.766975,0.8016604,0.7783081,0.9391971,1,0.9070066,0,0,0,0,0,0,0,0,0,0,0,0,0,0
0,0,0,0,0,0.7060086,0.7676399,0.7541574,0.7237418,0,0,0,0,0.700906,0.7375547,0.9316959,1,0.8943161,0,0,0,0,0,0,0,0,0,0,0,0,0,0,0,0,0,0,0,0,0,0,0.8232725,0.927617,0.9231918,0.8932638,0.8087013,0,0,0.7912332,0.8136384,0.9913138,1,0.7910526,0,0,0,0,0,0,0,0,0,0,0,0,0,0,0,0,0,0,0,0.6867194,0,0.7124728,0,0,0,0.7262676,0,0,0,0.9513094,1,0.8628236,0,0,0,0,0,0,0,0,0,0,0,0,0,0,0,0,0,0,0,0.6984791,0.7472968,0.7293659,0,0.752961,0.7056718,0.7263134,0.74001,0,0,0,0.8751889,1,0.9597289,0,0,0,0,0,0,0,0,0,0,0,0,0,0,0,0,0,0,0,0,0.8841696,0.8919205,0,0.8997666,0.9559538,0.9641001,0,0.885036,0.8757916,0,0.9760787,1,0.9702069,0.9512982,0,0,0,0,0,0,0,0,0,0,0,0,0,0
0,0,0,0,0,0,0,0,0,0,0,0,0,0,0,0.9130232,1,0.9156911,0,0,0,0,0,0,0,0,0,0,0,0,0,0,0,0,0,0,0,0,0,0,0,0,0,0,0,0,0,0,0.8916077,1,0.9653133,0,0,0,0,0,0,0,0,0,0,0,0,0,0,0,0,0,0,0,0,0,0,0,0,0,0,0,0,0,0,0.9624657,1,0.8923203,0,0,0,0,0,0,0,0,0,0,0,0,0,0,0,0,0,0,0,0,0,0,0,0,0,0,0,0,0,0,0.8870749,1,0.9590052,0,0,0,0,0,0,0,0,0,0,0,0,0,0,0,0,0,0,0,0,0,0,0,0,0,0,0,0,0,0,0,0,0,0,0,0,0,0,0,0,0,0,0,0,0,0,0,0
0,0,0,0,0,0,0,0,0,0,0,0,0,0.6719888,0.7915433,0.9552182,1,0.8917968,0.6862738,0,0,0,0,0,0,0,0,0,0,0,0,0,0,0,0,0,0,0,0,0,0,0,0,0,0,0,0,0.8091017,0.8834535,1,0.9573149,0,0,0,0,0,0,0,0,0,0,0,0,0,0,0,0,0,0,0,0,0,0,0,0,0,0,0,0.6899678,0.7437711,0.7903704,0.9634563,1,0.8735328,0.6722661,0,0,0,0,0,0,0,0,0,0,0,0,0,0,0,0,0,0,0,0,0,0,0,0,0,0,0.6610327,0.6656544,0.7717821,0.8856803,1,0.9471942,0.7148361,0,0,0,0,0,0,0,0,0,0,0,0,0,0,0,0,0,0,0,0,0,0,0,0,0,0,0,0.8253869,0.9375747,1,0.9012516,0.8995867,0.8171607,0,0,0,0,0,0,0,0,0,0,0,0,0,0
0,0,0,0,0,0,0,0,0,0,0,0,0,0,0.7739657,0.9389655,1,0.8887349,0,0,0,0,0,0,0,0,0,0,0,0,0,0,0,0,0,0,0,0,0,0,0,0,0,0,0,0,0,0,0.877699,1,0.9606063,0,0,0,0,0,0,0,0,0,0,0,0,0,0,0,0,0,0,0,0,0,0,0,0,0,0,0,0,0,0.75666,0.9315837,1,0.8862706,0,0,0,0,0,0,0,0,0,0,0,0,0,0,0,0,0,0,0,0,0,0,0,0,0,0,0,0,0.6926005,0.765831,0.919721,1,0.9325727,0.6954269,0,0,0,0,0,0,0,0,0,0,0,0,0,0,0,0,0,0,0,0,0,0,0,0,0,0,0,0,0.7947611,0.8699238,1,0.977138,0.7632265,0,0,0,0,0,0,0,0,0,0,0,0,0,0
0,0,0,0,0,0,0,0,0,0,0,0,0,0,0,0.9280999,1,0.896125,0.7469895,0.7856364,0.7534844,0,0,0,0,0,0,0,0,0,0,0,0,0,0,0,0,0,0,0,0,0,0,0,0,0,0,0,0.8833445,1,0.9478914,0.7367924,0,0,0,0,0,0,0,0,0,0,0,0,0,0,0,0,0,0,0,0,0,0,0,0,0,0,0,0,0.6968486,0.9529528,1,0.8844109,0.671885,0.7090448,0.6829804,0,0,0,0,0,0,0,0,0,0,0,0,0,0,0,0,0,0,0,0,0,0,0,0,0,0,0,0.8885918,1,0.950119,0.7965706,0.7378101,0.6769956,0,0,0,0,0,0,0,0,0,0,0,0,0,0,0,0,0,0,0,0,0,0,0,0,0,0,0,0.8218022,0.9961303,1,0.8545955,0.7060124,0,0,0,0,0,0,0,0,0,0,0,0,0
0,0,0,0,0,0,0,0,0,0,0,0,0,0,0,0.9115149,1,0.8908764,0.747622,0.7494506,0.7815922,0.7413412,0.717607,0.7250411,0.6847664,0,0,0,0,0,0,0,0,0,0,0,0,0,0,0,0,0,0,0,0,0,0,0,0.8599448,1,0.9498656,0.7714775,0,0.7831086,0.7721171,0,0,0,0,0,0,0,0,0,0,0,0,0,0,0,0,0,0,0,0,0,0,0,0,0,0.6164233,0.9508108,1,0.8639661,0.6887963,0.6299799,0.6432768,0.6647752,0.6881863,0.6414877,0.6131638,0,0,0,0,0,0,0,0,0,0,0,0,0,0,0,0,0,0,0,0,0,0,0,0.8321964,1,0.9816776,0.7915966,0.6825552,0.7173799,0,0.7614915,0.735332,0.7308237,0.6893262,0,0,0,0,0,0,0,0,0,0,0,0,0,0,0,0,0,0,0,0,0,0,0.7757062,0.9924861,1,0.8269899,0,0.7127544,0.7096713,0.6800546,0.648939,0,0,0,0,0,0,0,0,0
0,0,0,0,0,0,0,0,0,0,0,0,0,0,0,0.9097898,1,0.8880579,0.7463713,0.6703156,0,0,0,0.7342488,0.6981527,0.6932307,0.7109824,0,0,0,0,0,0,0,0,0,0,0,0,0,0,0,0,0,0,0,0,0,0.8212593,1,0.9020064,0.9217669,0.9301295,0.8564092,0.9105884,0.8058849,0,0,0,0,0,0,0,0,0,0,0,0,0,0,0,0,0,0,0,0,0,0,0,0,0.6245008,0.9566102,1,0.8477525,0.7456143,0.6304533,0.692379,0,0,0,0.6310931,0,0,0,0,0,0,0,0,0,0,0,0,0,0,0,0,0,0,0,0,0,0,0,0.8444507,1,0.9644378,0.7969192,0.7851168,0.7138349,0.7077258,0.6833493,0,0.7538044,0,0.7746989,0.7914457,0.6822863,0,0,0,0,0,0,0,0,0,0,0,0,0,0,0,0,0,0,0.6718197,0.7709169,0.9778104,1,0.8597032,0.766679,0.7719153,0.7833342,0.7299635,0,0,0,0,0,0,0,0,0,0
0,0,0,0,0,0,0,0,0,0,0,0,0,0,0,0.9371221,1,0.8958763,0,0,0,0,0,0,0,0.6590618,0,0,0,0,0,0,0,0,0,0,0,0,0,0,0,0,0,0,0,0,0,0,0.8811947,1,0.9611114,0.9272232,0.8575386,0.7792295,0,0,0,0,0,0,0,0,0,0,0,0,0,0,0,0,0,0,0,0,0,0,0,0,0,0,0.7318628,0.9590746,1,0.8900465,0,0.7050551,0.6290938,0.6615627,0,0.6447552,0.6446702,0.6582932,0,0,0,0,0,0,0,0,0,0,0,0,0,0,0,0,0,0,0,0,0,0.6815521,0.9010347,1,0.9526932,0.7526639,0.7294407,0,0.6770306,0,0.6955622,0.7357325,0,0.7297274,0,0.6421538,0,0,0,0,0,0,0,0,0,0,0,0,0,0,0,0,0,0.7301795,0.765444,0.7585142,0.9565439,1,0.8597037,0.7470933,0.8110142,0.7618876,0,0,0,0,0.7331519,0.7193026,0,0,0,0,0
0,0,0,0,0,0,0,0,0,0,0,0,0,0,0,0.9217038,1,0.8888074,0.6441987,0.6374527,0,0,0,0.7410861,0.7406801,0.6141413,0,0,0,0,0,0,0,0,0,0,0,0,0,0,0,0,0,0,0.7162017,0.7638288,0.699037,0.7911418,0.9655474,1,0.8209759,0,0.8252974,0.8670561,0.7651668,0,0,0,0,0,0,0,0,0,0,0,0,0,0,0,0,0,0,0,0,0,0,0.5875036,0.6190915,0.5951768,0.7114212,0.9255612,1,0.8740369,0.7219164,0.6204198,0.6627404,0,0.6739541,0.6152003,0.6380721,0.6226142,0,0,0,0,0,0,0,0,0,0,0,0,0,0,0,0,0,0,0,0,0,0,0.8717853,1,0.9324389,0.6974553,0.6291521,0.6532419,0.7011054,0.659789,0.7196727,0.7246777,0.6518708,0.6908101,0,0,0,0,0,0,0,0,0,0,0,0,0,0,0,0,0,0,0,0.7523136,0.8073411,0.7030085,0.9403865,1,0.8216611,0.6524048,0.6957605,0,0,0,0.6796133,0.6716054,0.6611464,0,0,0,0,0,0
0,0,0,0,0,0,0,0,0,0,0,0,0,0,0,0.9306837,1,0.8905436,0.7241626,0.7181324,0.6453316,0.631165,0.7087848,0.7366267,0.6502317,0,0,0,0,0,0,0,0,0,0,0,0,0,0,0,0,0,0,0,0,0,0.7475499,0,0.8352549,1,0.9299402,0.7176239,0,0.8207906,0.7394602,0,0,0,0,0,0,0,0,0,0,0,0,0,0,0,0,0,0,0,0,0,0,0,0.6342242,0,0.6941327,0.9519097,1,0.8656576,0.7045567,0.748592,0.7171967,0.6598819,0.684582,0.7124183,0.6233021,0,0,0,0,0,0,0,0,0,0,0,0,0,0,0,0,0,0,0,0,0,0,0.6899682,0.8957943,1,0.9344445,0,0.7934291,0.801824,0.8074494,0.7466655,0.7620595,0.738763,0.6653695,0,0,0,0,0,0,0,0,0,0,0,0,0,0,0,0,0,0,0,0,0,0,0.7333879,0.9769229,1,0.8489714,0.6940809,0.7396603,0.7043839,0.7236194,0.6616461,0,0,0,0,0,0,0,0,0
0,0,0,0,0,0,0,0,0,0,0,0,0,0,0.6336217,0.9280375,1,0.9107409,0.6552168,0.6854511,0,0.6477245,0,0,0,0,0,0,0,0,0,0,0,0,0,0,0,0,0,0,0,0,0,0,0,0,0,0,0.8610798,1,0.9546885,0.6966029,0.7378274,0.693314,0,0,0,0,0,0,0,0,0,0,0,0,0,0,0,0,0,0,0,0,0,0,0,0,0,0.6453711,0.6989362,0.9574952,1,0.8896537,0.7750822,0.7581372,0.7217281,0.6004404,0,0,0,0,0,0,0,0,0,0,0,0,0,0,0,0,0,0,0,0,0,0,0,0.6403092,0.6708262,0.6966872,0.8746338,1,0.9460411,0.8342365,0.8494691,0.8309035,0.7452677,0,0,0,0,0,0,0,0,0,0,0,0,0,0,0,0,0,0,0,0,0,0,0.6427551,0.6412798,0,0.6409867,0.7977439,0.9840049,1,0.8364825,0.7844762,0.775699,0.7082995,0,0,0,0,0,0,0,0,0,0,0
0,0,0,0,0,0,0,0,0,0,0,0,0,0,0.6345946,0.9212901,1,0.8542001,0.8157188,0.742811,0,0,0,0,0,0,0,0,0,0,0,0,0,0,0,0,0,0,0,0,0,0,0,0,0,0,0,0.710678,0.8365645,1,0.9664851,0,0,0,0,0,0,0,0,0,0,0,0,0,0,0,0,0,0,0,0,0,0,0,0,0,0,0,0,0.6148121,0.6927626,0.955697,1,0.8608856,0.7110502,0.7265871,0.5920718,0,0,0,0,0,0,0,0,0,0,0,0,0,0,0,0,0,0,0,0,0,0,0,0,0,0.6373507,0.6446846,0.8321666,1,0.9414962,0.8663953,0.850255,0,0,0,0,0,0,0,0,0,0,0,0,0,0,0,0,0,0,0,0,0,0,0,0,0,0,0,0,0.7210451,0.9716118,1,0.8544633,0.7544935,0.6142727,0.6587763,0,0,0,0,0,0,0,0,0,0,0
0,0,0,0,0,0,0,0,0,0,0,0,0,0,0.7218441,0.9473426,1,0.9036304,0.8118383,0.8100781,0,0,0,0,0,0,0,0,0,0,0,0,0,0,0,0,0,0,0,0,0,0,0,0,0,0,0,0,0,0.968871,1,0.9302315,0.8428504,0.7965544,0.8140498,0,0,0,0,0,0,0,0,0,0,0,0,0,0,0,0,0,0,0,0,0,0,0,0,0,0.7486815,0.9603547,1,0.9016703,0.6774222,0.7017661,0.7158179,0,0,0,0,0,0,0,0,0,0,0,0,0,0,0,0,0,0,0,0,0,0,0,0,0,0,0,0.8852968,1,0.958116,0.7882626,0.7987106,0,0,0,0,0,0,0,0,0,0,0,0,0,0,0,0,0,0,0,0,0,0,0,0,0,0,0,0,0.7982311,0.9806628,1,0.853974,0.7918613,0.7764287,0.749365,0.7170507,0,0,0,0,0,0,0,0,0,0
0,0,0,0,0,0,0,0,0,0,0,0,0,0,0,0.8915471,1,0.9375542,0,0.8801219,0.8415961,0,0,0,0,0,0,0,0,0,0,0,0,0,0,0,0,0,0,0,0,0,0,0,0,0,0,0,0,0.9988368,1,0,0.8932136,0.9230792,0,0,0.9451269,0.9205534,0,0,0,0,0,0,0,0,0,0,0,0,0,0,0,0,0,0,0,0,0,0,0,0.9394417,1,0.8700396,0.713409,0.7943924,0.7907505,0.7191375,0,0,0,0,0,0,0,0,0,0,0,0,0,0,0,0,0,0,0,0,0,0,0,0,0,0,0.7994073,1,0.9913771,0.8104012,0.7817323,0.8576629,0.7432956,0.6875108,0.7101519,0.7032583,0.7204375,0.6898355,0,0,0,0,0,0,0,0,0,0,0,0,0,0,0,0,0,0,0,0,0,0,0.9387091,1,0.890472,0,0.72363,0.7829102,0.7201881,0.7296097,0.7873836,0.7358246,0.7243318,0.7150723,0,0,0,0,0
0,0,0,0,0,0,0,0,0,0,0,0,0,0,0,0.8998806,1,0.9314462,0.8770376,0.8937116,0.8309931,0.7176213,0,0,0,0,0,0,0,0,0,0,0,0,0,0,0,0,0,0,0,0,0,0,0,0,0,0,0,0.9407083,1,0.8648207,0,0.9036745,0.8572564,0,0.8625305,0,0.8189658,0.8068045,0.8154438,0.8196025,0,0,0,0,0,0,0,0,0,0,0,0,0,0,0,0,0,0,0,0.9328345,1,0.8884543,0.7747623,0.8169091,0.7854736,0.6730416,0,0,0.6646941,0.6986518,0.7111714,0.6476684,0.6560689,0,0,0,0,0,0,0,0,0,0,0,0,0,0,0,0,0,0,0,0.8310096,1,0.9770449,0.8126073,0.8567475,0.8667506,0.7866621,0.7170591,0,0,0,0.6948608,0,0,0,0,0,0,0,0,0,0,0,0,0,0,0,0,0,0,0,0,0,0,0.9611691,1,0.8805665,0,0.8119186,0.7741274,0.7474352,0.7527218,0,0,0.7233331,0.7787833,0,0.7568589,0.7264067,0,0
0,0,0,0,0,0,0,0,0,0,0,0,0,0,0,0.9153356,1,0.9020094,0,0,0,0,0,0,0,0,0,0,0,0,0,0,0,0,0,0,0,0,0,0,0,0,0,0,0,0,0,0,0,0.9494563,1,0.9332988,0,0,0,0,0,0,0,0,0,0,0,0,0,0,0,0,0,0,0,0,0,0,0,0,0,0,0,0,0.7434851,0.9397718,1,0.9187669,0,0,0,0,0,0,0.7444902,0,0,0,0,0,0,0,0,0,0,0,0,0,0,0,0,0,0,0,0,0,0,0,0.8912295,1,0.9504699,0.8340545,0,0,0,0,0,0,0,0,0,0,0,0,0,0,0,0,0,0,0,0,0,0,0,0,0,0,0,0,0,0,0.9603195,1,0.8960882,0,0,0,0.8412414,0.809908,0,0.8387049,0.8228619,0,0,0,0,0,0
0,0,0,0,0.626344,0.646771,0.7070232,0.6855621,0.6463961,0,0,0,0,0,0.639208,0.9030834,1,0.9060586,0.6866053,0.6175749,0.6122852,0.6258419,0,0,0,0,0,0,0,0,0,0,0,0,0,0,0,0,0,0,0,0,0,0.7808139,0.7847903,0.7889137,0.8463882,0.8576688,0.83611,0.926234,1,0.8792685,0.9723402,0.9773431,0.9930238,0.9468769,0.8995793,0.8787434,0.7924151,0,0,0,0,0,0,0,0,0,0,0.6066806,0.6747472,0.7332065,0.748836,0.7387752,0.6671528,0.596668,0.6241443,0.5827547,0,0,0.6340299,0.9282414,1,0.8456699,0.7130223,0.6617078,0.7280765,0.7374449,0.7572152,0.7438167,0.6964508,0.6378803,0,0,0,0,0,0,0,0,0,0.6223587,0.6526126,0.6884602,0.7707859,0.8159732,0.7966849,0.7119834,0.696054,0.7251573,0.6078746,0.6646581,0.6340329,0.5978216,0.8267213,1,0.9924738,0.814892,0.7316023,0.6058152,0.7088,0.727782,0.7242851,0.6755057,0.6411779,0,0,0,0,0,0,0,0,0,0,0,0.6461812,0.7739171,0.8523403,0.8458788,0.7519308,0.7245612,0.7908041,0.780188,0,0.6999565,0.6864892,0.7363498,0.9420631,1,0.9036983,0.7836119,0.8634167,0.8546605,0.8706421,0.904084,0.8801966,0.8007651,0.7399241,0.672399,0,0,0,0,0
0,0,0,0,0,0,0.6987793,0.7327756,0,0,0,0,0,0,0.7106174,0.9019166,1,0.92672,0,0,0,0,0,0,0,0,0,0,0,0,0,0,0,0,0,0,0,0,0,0,0,0,0,0,0.8599932,0,0,0,0.9372628,0,0.9966888,1,0.9500521,0,0,0,0,0,0,0,0,0,0,0,0,0,0,0,0,0,0,0.7036819,0.7634269,0.7472758,0.6991264,0,0,0,0.7207238,0.725508,0.7530367,0.937134,1,0.8938535,0.7192453,0,0,0,0,0,0,0,0,0,0,0,0,0,0,0,0,0.7015647,0.7030045,0.7432318,0.831964,0.8395303,0.7993199,0.6997432,0,0,0.6912366,0.6896759,0.7523581,0.7011197,0.8182957,0.9964463,1,0.8672552,0.7806247,0.7189633,0,0,0,0,0,0,0,0,0,0,0,0,0,0,0,0,0.8161773,0.8922194,0.8979198,0.8504701,0,0,0,0.7542718,0.7764091,0.8123711,0.7841413,0,0.9531251,1,0.8929157,0,0.8397068,0,0,0,0,0,0,0,0,0,0,0,0
0,0,0,0,0,0,0,0,0,0,0.6718146,0.7084369,0.7307419,0.6517503,0,0.8925017,1,0.9369783,0.6334689,0,0,0,0,0,0,0,0,0,0,0,0,0,0,0,0,0,0,0,0,0,0,0,0,0,0,0.9013529,0.9891176,0.9820669,0.7694552,1,0.9700096,0.8681968,0.7602873,0,0,0,0,0,0,0,0,0,0,0,0,0,0,0,0,0,0,0,0,0,0.6239026,0.6654205,0.640047,0,0.7413775,0.7413452,0.6512055,0.9206031,1,0.9129319,0,0,0,0,0,0,0,0,0,0,0,0,0,0,0,0,0,0,0,0,0,0.6651468,0.6662052,0.6758195,0,0,0,0.6842535,0,0.7108372,0.8270631,1,0.9898818,0.7963077,0,0,0,0,0,0,0,0,0,0,0,0,0,0,0,0,0,0,0,0,0,0,0,0,0,0,0.7425048,0.771328,0.7948852,0.8626153,0.9863352,1,0.7399511,0.7009247,0,0,0,0,0,0,0,0,0,0,0,0,0
0,0,0,0,0,0,0,0,0,0,0,0,0,0,0,0.8995647,1,0.9175403,0,0,0,0,0,0,0,0,0,0,0,0,0,0,0,0,0,0,0,0,0,0,0,0,0,0,0,0.7674487,0.8954117,0.9294744,0.863178,1,0.9974403,0.8291752,0,0,0,0,0,0,0,0,0,0,0,0,0,0,0,0,0,0,0,0,0,0,0,0,0,0,0,0.679514,0.7179536,0.9208137,1,0.9194822,0,0,0,0,0,0,0,0,0,0,0,0,0,0,0,0,0,0,0,0,0,0,0,0,0,0,0,0.7252392,0.8250891,0.8795916,0.8547729,1,0.8490485,0.8580506,0,0,0,0,0,0,0,0,0,0,0,0,0,0,0,0,0,0,0,0,0,0,0,0,0,0,0.7437813,0.8325158,0.8698753,0.8568748,0.8882562,1,0.9165846,0,0,0,0,0,0,0,0,0,0,0,0,0,0
0,0,0,0,0,0,0,0,0,0,0,0,0,0,0,0.905939,1,0.8890648,0,0,0,0,0,0,0,0,0,0,0,0,0,0,0,0,0,0,0,0,0,0,0,0,0,0,0,0,0,0,0.9187421,0.9487374,1,0.8678716,0,0,0,0,0,0,0,0,0,0,0,0,0,0,0,0,0,0,0,0,0,0,0,0,0,0,0,0,0,0.9282107,1,0.8876678,0,0,0,0,0,0,0,0,0,0,0,0,0,0,0,0,0,0,0,0,0,0,0,0,0,0,0,0,0.6211258,0,0.8749921,1,0.9841137,0.8178561,0,0,0,0,0,0,0,0,0,0,0,0,0,0,0,0,0,0,0,0,0,0,0,0,0,0,0,0,0.6984192,0.828216,1,0.9791638,0.8562118,0.7108238,0,0,0,0,0,0,0,0,0,0,0,0,0
0,0,0,0,0,0,0,0,0,0,0,0,0,0,0,0.9162202,1,0.9291853,0.753425,0,0,0,0,0,0,0,0,0,0,0,0,0,0,0,0,0,0,0,0,0,0,0,0,0,0,0,0,0.8553799,0.8958803,0.9829184,1,0.9532086,0,0,0,0,0,0,0,0,0,0,0,0,0,0,0,0,0,0,0,0,0,0,0,0,0,0,0,0,0.732455,0.9533477,1,0.9110902,0.7739313,0.7105099,0,0,0,0,0,0,0,0,0,0,0,0,0,0,0,0,0,0,0,0,0,0,0,0,0,0,0,0.6819598,0.8405346,1,0.9983134,0.8440675,0.7161728,0,0,0,0,0,0,0,0,0,0,0,0,0,0,0,0,0,0,0,0,0,0,0,0,0,0,0,0,0.8219893,0.8760927,1,0.9247857,0.8480651,0,0,0,0,0,0,0,0,0,0,0,0,0
0,0,0,0,0,0,0,0,0,0,0,0,0,0,0,0.9191607,1,0.90631,0.7226193,0.6542281,0.6880313,0.6576697,0,0,0,0,0,0,0,0,0,0,0,0,0,0,0,0,0,0,0,0,0,0,0,0,0.9091729,0.9429263,0.9460292,1,0.9794099,0.8842289,0.7613857,0.7379526,0.7219051,0,0,0,0,0,0,0,0,0,0,0,0,0,0,0,0,0,0,0,0,0,0,0.6655408,0.7143402,0.6977229,0.7439372,0.9318456,1,0.9043493,0.7172988,0,0.6796376,0.6692761,0.6304361,0,0,0,0,0,0,0,0,0,0,0,0,0,0,0,0,0,0,0,0,0,0,0.6274778,0.6421684,0.677455,0.824808,1,0.9677275,0.7853965,0.6886405,0.6477348,0.7526158,0.7269557,0.6730977,0,0,0,0,0,0,0,0,0,0,0,0,0,0,0,0,0,0,0,0,0,0.7661364,0.7709934,0.7267104,0.8243092,0.9565872,1,0.918217,0.8048372,0.8153255,0.7837815,0,0,0,0,0,0,0,0,0,0,0
0,0,0,0,0,0,0,0,0,0,0,0,0,0,0,0.9352079,1,0.9030327,0.7615278,0.7249654,0,0,0,0,0,0,0,0,0,0,0,0,0,0,0,0,0,0,0,0,0,0.8494394,0.8411531,0.8195943,0,0.9704863,1,0.9341472,0,0.9675224,0.9228945,0.8767705,0.85728,0.8365132,0,0,0,0,0,0,0,0,0,0,0,0,0,0,0,0,0,0,0,0,0,0,0,0.6913712,0.7511056,0.6716619,0.6928971,0.9409294,1,0.8642711,0.7137713,0.7014369,0.6736867,0,0,0,0,0,0,0,0,0,0,0,0,0,0,0,0,0,0,0,0,0,0,0,0,0,0,0.7312868,0.9040283,1,0.9355582,0,0.6914787,0.7651521,0.7388691,0,0,0,0,0,0,0,0,0,0,0,0,0,0,0,0,0,0,0,0,0.8339892,0.8687564,0.7812034,0.8409583,0.898567,0.8586163,0,0.9366804,1,0.853175,0,0.801484,0.8024672,0,0,0,0,0,0,0,0,0,0,0
0,0,0,0,0,0,0,0,0,0,0,0.6156099,0.6517229,0.6464828,0.7372627,0.935075,1,0.8303453,0.715946,0,0,0.6140103,0.6145592,0,0,0,0,0,0,0,0,0,0,0,0,0,0,0,0.7774906,0.9131266,0.9786,0.9157823,0.7585397,0.7696155,0,0.7523221,0.7670884,0.7903985,0.8719547,1,0.9957039,0.8258578,0,0,0,0,0,0,0,0,0,0,0,0,0,0,0,0,0,0,0,0.6559653,0.6923651,0.6230502,0.641928,0.6448486,0.6171889,0.6272996,0.6449099,0,0.659407,0.9527773,1,0.8700004,0.6284347,0.6201239,0,0,0,0,0,0,0,0,0,0,0,0,0,0,0,0,0,0,0.6295478,0.6653254,0.6215776,0.6278055,0.665769,0.5905014,0,0.6137283,0.6374432,0.6637933,0.8548024,1,0.9520909,0.6757995,0.6816269,0.6884279,0.6148067,0,0,0,0,0,0,0,0,0,0,0,0,0,0,0,0,0.6890112,0.7575626,0,0.7671181,0.7306525,0,0.6782268,0,0.7488862,0.7261074,0.8028973,0.9675763,1,0.8580099,0,0,0,0,0,0,0,0,0,0,0,0,0,0
0,0,0,0,0,0,0,0,0,0.6895225,0.7354366,0,0.7013357,0.6853817,0.7597955,0.9301977,1,0.8870859,0.7032434,0,0,0.6530789,0,0,0,0,0,0,0,0,0,0,0,0,0,0,0,0.8108558,0.8067072,0.8401489,0,0.8334712,0,0.8273603,0.8141018,0,0,0.8023007,0.8773708,1,0.9596754,0,0,0,0,0,0,0,0,0,0,0,0,0,0,0,0,0,0,0.6308564,0.6366159,0.7071533,0,0.7087579,0.7167724,0,0.6348916,0,0,0.7086089,0.6455805,0.950533,1,0.8599761,0.6425968,0,0,0,0,0,0,0,0,0,0,0,0,0,0,0,0,0,0.6462433,0.6500202,0,0.631147,0.7103204,0.6651849,0.6332635,0,0,0,0.7136239,0.6868839,0.8314829,1,0.9785587,0.7709225,0,0,0,0,0,0,0,0,0,0,0,0,0,0,0,0,0,0.7891575,0.7703981,0.8086959,0.8357635,0.8574519,0.8296949,0,0.7605764,0.7409409,0.7530484,0.7555141,0.825613,0.7616014,1,0.9314321,0.8482853,0,0,0,0,0,0,0,0,0,0,0,0,0,0
0,0,0,0,0,0,0,0,0,0.6766076,0.7290429,0.6770192,0.6453851,0.7147557,0.6148109,0.9227143,1,0.9033628,0.6731439,0.681332,0.6308065,0,0,0,0,0,0,0,0,0,0,0,0,0,0,0,0,0,0.7342194,0.7455685,0.7402375,0.7610718,0.8051496,0.8428423,0.8000326,0.7650653,0,0.7867143,0.8529189,1,0.96847,0.7700319,0,0,0,0,0,0,0,0,0,0,0,0,0,0,0,0,0,0,0.5835564,0,0,0.6023572,0.665409,0.7436012,0.7590098,0.7202755,0.5851731,0.6246803,0.727732,0.9522756,1,0.8838464,0,0,0,0,0,0,0,0,0,0,0,0,0,0,0,0,0,0,0.6220391,0,0,0.6360863,0.6777902,0.6251588,0.6473299,0.7197957,0.724254,0.6226688,0.6584229,0.6960329,0.8325099,1,0.9798692,0.7753237,0,0,0,0,0,0,0,0,0,0,0,0,0,0,0,0,0.6354051,0.723029,0.6891648,0.6572264,0.6925366,0.7625552,0.742505,0,0.7058066,0.7189127,0.6329338,0,0.6906834,0.7380162,0.9678301,1,0.8796861,0,0,0,0,0,0,0,0,0,0,0,0,0,0
0,0,0,0,0,0,0,0,0,0,0,0,0,0.6900197,0.6953728,0.9164672,1,0.8997164,0,0,0,0,0,0,0,0,0,0,0,0,0,0,0,0,0,0,0,0,0,0,0,0,0,0,0,0,0,0,0.91851,1,0.9358298,0,0,0,0,0,0,0,0,0,0,0,0,0,0,0,0,0,0,0,0,0,0,0,0.6687368,0.7224342,0.7215659,0.6642199,0,0,0.7004904,0.9466494,1,0.8819787,0,0,0,0,0,0,0,0,0,0,0,0,0,0,0,0,0,0,0,0,0,0,0,0,0,0.7496882,0,0.745371,0,0.8121868,0.8765827,1,0.9532829,0,0,0,0,0,0,0,0,0,0,0,0,0,0,0,0,0,0,0,0,0,0,0.6943468,0,0,0,0.7471487,0.7478876,0,0.7678768,0.793049,0.9563999,1,0.864165,0,0,0,0,0,0,0,0,0,0,0,0,0,0
