GestureName: triangle
Duration(ms): 799
Handedness: right

SpeakerAngles: 5
55
-55
0
0
110

SpeakerElevations: 5
-10
-10
-10
0
30

InterpretedPoints: 17
-11.3718963471779,-28.0476436451024,-0.985147380659811
-2.49102582471255,-19.8857105940706,-2.56892551266297
-8.13088641625596,-23.525507114615,-0.506091913660601
-3.2551907253975,-10.1588058569143,-0.437166400997627
0,0,0
8.91632250865424,1.07750830493756,2.47905546699921
8.10961522454264,4.51264578347394,2.65270364466614
10.5084658851641,4.12659784880972,1.67364817766693
2.42721224957257,-0.425923175653271,0.847296355333861
0,-1.98480775301221,0.17364817766693
0,1,0
4.06189800950909,6.60913558243844,0.784462756331487
6.51747184803277,14.5021278006023,2.06892551266297
8.93050330312979,2.32500250258268,3.47905546699921
9.75139138171693,12.1911230296797,3.08987004566377
0.0425423834266505,9.52083285049885,0.916221867996835
0.835068873062699,6.44902604553561,0.784462756331487

StrokePoints: 18
0,0,0
-11.3718963471779,-28.0476436451024,-0.985147380659811
-13.8629221718905,-47.933354239173,-3.55407289332279
-21.9938085881464,-71.4588613537879,-4.06016480698339
-25.2489993135439,-81.6176672107022,-4.49733120798101
-25.2489993135439,-81.6176672107022,-4.49733120798101
-16.3326768048897,-80.5401589057647,-2.0182757409818
-8.22306158034704,-76.0275131222907,0.634427903684335
2.28540430481707,-71.900915273481,2.30807608135126
4.71261655438964,-72.3268384491343,3.15537243668513
4.71261655438964,-74.3116462021465,3.32902061435206
4.71261655438964,-73.3116462021465,3.32902061435206
8.77451456389874,-66.702510619708,4.11348337068354
15.2919864119315,-52.2003828191058,6.18240888334652
24.2224897150613,-49.8753803165231,9.66146435034573
33.9738810967782,-37.6842572868434,12.7513343960095
34.0164234802049,-28.1634244363445,13.6675562640063
34.8514923532676,-21.7143983908089,14.4520190203378

Velocities: 17
-9,-6,-11
0,-7,-7
-7,-6,-10
-3,-3,-3
0,0,0
5,0,-2
4,0,-2
5,-5,-1
0,-2,0
0,0,-1
0,0,0
3,2,2
5,6,3
3,0,0
3,1,7
0,6,6
0,3,4

InverseVelocities: 17
0,0,0
0,0,0
0,0,0
0,0,0
0,0,0
0,0,1
0,0,0
-1,0,4
0,0,0
0,0,0
0,0,0
0,0,0
0,0,0
0,0,0
-2,0,-2
0,0,0
0,0,-2

RawData: 17
0,0,0,0,0.7082461,0.7223215,0,0,0,0,0,0,0.709294,0,0.7062734,0.9110058,1,0.8924479,0,0,0,0,0,0,0,0,0,0,0,0,0,0,0,0,0,0,0,0,0,0,0.8994054,0.973039,0.9192798,0,0,0.8473113,0.8857558,0.8895091,0.9477593,1,0.9518141,0.830912,0,0,0,0,0,0,0,0,0,0,0,0,0,0,0,0,0.7034261,0.6877575,0,0.6967248,0.733098,0.767404,0.6999842,0.6786038,0.6959006,0.7044399,0.721347,0,0.725805,0.9532517,1,0.8761168,0,0,0,0,0,0,0,0,0,0,0,0,0,0,0,0,0.7314671,0.7658144,0.7903008,0.7630497,0.7289079,0,0.7593558,0,0,0.7396116,0.7952195,0.772643,0.7339741,0.7485607,0.8731058,1,0.9417558,0,0,0,0,0,0,0,0,0,0,0,0,0,0,0,0,0,0.7222915,0.7304617,0,0,0.7327258,0.7888029,0.8157734,0.7661384,0.7252268,0,0,0,0,0,0.9611471,1,0.8634608,0,0,0,0,0,0,0,0,0,0,0,0,0,0
0,0,0,0,0,0,0,0,0,0,0,0,0,0,0,0.9114373,1,0.8937562,0,0,0,0,0,0,0,0,0,0,0,0,0,0,0,0,0,0,0,0,0,0.8997281,1,0.8027042,0.9350275,0.8575407,0,0,0,0,0.8398125,0.9949057,0.9528242,0,0,0,0,0,0,0,0,0,0,0,0,0,0,0,0,0,0,0,0,0,0.7729859,0.6853837,0.6719904,0,0.65989,0,0,0,0,0.9500438,1,0.8508689,0,0,0,0,0,0,0,0,0,0,0,0,0,0,0,0.7088265,0.7362374,0,0,0.6866141,0,0,0,0,0,0,0,0,0.6875621,0,0.8657439,1,0.9575229,0,0,0,0,0,0,0,0,0,0,0,0,0,0,0,0,0,0,0.7256002,0,0,0,0.8144075,0.7974557,0.7363711,0,0,0,0,0,0.7454,0.9692401,1,0.8476409,0,0,0,0,0,0,0,0,0,0,0,0,0,0
0,0,0,0,0,0,0.7039031,0.6930743,0.7083188,0.7714782,0,0,0,0,0.6952965,0.951894,1,0.8750735,0,0,0,0,0,0,0,0,0,0,0,0,0,0,0,0,0,0,0,0,0,0,0.8973266,0.9576381,0.8130264,0.9104365,0.9276699,0.8562819,0.8813529,0,0.8344899,1,0.9521757,0.8355919,0,0,0,0,0,0,0,0,0,0,0,0,0,0,0,0,0,0.6389619,0.6820142,0.7343234,0.7626751,0.7516286,0,0,0,0,0.638073,0.6699505,0.6440338,0.9527634,1,0.8955942,0,0,0,0,0,0,0,0,0,0,0,0,0,0,0,0,0,0,0,0.7175011,0.7500146,0.7659298,0.7346851,0.7502482,0.7194757,0,0,0,0,0.7589967,0.8924451,1,0.956863,0.6941855,0,0,0,0,0,0,0,0,0,0,0,0,0,0,0,0,0,0,0.779779,0.7764439,0.7840953,0.773802,0.8044341,0.8641295,0.8903558,0.7626212,0.7761142,0.8337767,0.8300664,0,0.9789408,1,0.823634,0,0,0,0,0,0,0,0,0,0,0,0,0,0
0,0,0,0,0,0,0,0,0,0,0.7437307,0.7680219,0.7561651,0,0.8220237,0.8946581,1,0.9025862,0,0,0,0,0,0,0,0,0,0,0,0,0,0,0,0,0,0,0,0,0,0,0,0,0,0.860049,0.8407446,0,0.8166611,0.842208,0.875437,0.9559691,1,0,0,0,0,0,0,0,0,0,0,0,0,0,0,0,0,0,0,0,0,0,0,0,0,0,0.7129025,0.7231302,0,0,0.7583075,0.9532501,1,0.8692649,0,0,0,0,0,0,0,0,0,0,0,0,0,0,0,0,0,0,0,0,0,0,0,0.7165842,0.7479999,0.765099,0.7487741,0.7128787,0.7165196,0,0.8763851,1,0.9647895,0.7275909,0,0,0,0,0,0,0,0,0,0,0,0,0,0,0,0,0,0,0,0,0,0,0,0.8144063,0.8814227,0.9054264,0.8805382,0.7878788,0,0,0.9856142,1,0.8113835,0,0,0,0,0,0,0,0,0,0,0,0,0,0
0,0,0,0,0,0,0,0,0,0,0,0,0,0,0,0.8999768,1,0.9522446,0,0,0,0,0,0,0,0,0,0,0,0,0,0,0,0,0,0,0,0,0,0,0,0,0,0,0,0,0,0,0,1,0.9904415,0,0,0,0,0,0,0,0,0,0,0,0,0,0,0,0,0,0,0,0,0,0,0,0,0,0,0,0,0,0.806804,0.9417782,1,0.9163191,0,0,0,0,0,0,0,0,0,0,0,0,0,0,0,0,0,0,0,0,0,0,0,0,0,0,0,0,0,0,0.9028642,1,0.9672947,0,0,0,0,0,0,0,0,0,0,0,0,0,0,0,0,0,0,0,0,0,0,0,0,0,0,0,0,0,0,0.8606904,0.9188921,1,0.9171247,0,0,0,0,0,0,0,0,0,0,0,0,0,0
0,0,0,0,0,0,0,0,0,0,0,0,0,0,0,0.8923544,1,0.9081674,0.7387226,0.7587543,0.8287277,0.801661,0.719755,0.7086691,0.669039,0,0,0,0,0,0,0,0,0,0,0,0,0,0,0,0,0,0,0,0,0,0,0.7903617,0.9870715,1,0.9593213,0.7647098,0,0,0,0,0,0,0,0,0,0,0,0,0,0,0,0,0,0,0,0,0,0,0,0,0,0.6312451,0.670171,0.6727738,0.735477,0.9491044,1,0.87391,0.6603773,0.6499863,0.6370823,0,0,0,0,0,0,0,0,0,0,0,0,0,0,0,0,0,0,0,0,0,0,0,0,0,0,0,0.8226414,1,0.9837239,0.720908,0,0.7061879,0.7473248,0,0,0,0,0,0,0,0,0,0,0,0,0,0,0,0,0,0,0,0,0,0,0,0,0,0,0.6925071,0.9478886,1,0.8750907,0.6589947,0.6584538,0.7234994,0.6640459,0,0.6817576,0.6636586,0,0,0,0,0,0,0
0,0,0,0,0,0,0,0,0,0,0,0,0,0,0,0.9125181,1,0.9079692,0,0,0,0,0,0.7272935,0,0,0,0,0,0,0,0,0,0,0,0,0,0,0,0,0,0,0,0,0,0,0.762848,0.7646825,0.9437202,1,0.9566544,0.7903044,0,0,0,0,0,0,0,0,0,0,0,0,0,0,0,0,0,0,0,0,0,0,0,0,0,0.6772528,0.69345,0.7005237,0.7519454,0.9252199,1,0.8945534,0,0,0,0,0,0,0,0,0,0,0,0,0,0,0,0,0,0,0,0,0,0,0,0,0,0,0,0,0,0,0.8544094,1,0.9798955,0,0,0,0,0,0,0.7878659,0.7972208,0,0,0,0,0,0,0,0,0,0,0,0,0,0,0,0,0,0,0,0,0,0,0.799818,0.9093307,1,0.8833779,0,0,0,0,0,0,0.7289559,0,0,0,0,0,0,0
0,0,0,0,0,0,0,0,0,0,0,0,0.6741474,0.6733691,0.7413717,0.9243184,1,0.9278108,0.6837653,0,0,0,0,0.7002687,0.6823316,0,0,0,0,0,0,0,0,0,0,0,0,0,0,0,0,0.7623757,0.758513,0,0.7375593,0.7887508,0.8331049,0.7351031,0,0.9814204,1,0.837833,0,0,0,0,0,0,0,0,0,0,0,0,0,0,0,0,0,0,0,0,0,0,0,0,0,0,0.6675466,0.7061151,0.7454548,0.9433793,1,0.917239,0.6410137,0,0.646468,0.6923339,0.682223,0.6355506,0,0,0,0,0,0,0,0,0,0,0,0,0,0,0,0,0,0,0,0,0.7222658,0.7836614,0.7554989,0.7462686,0.8745834,1,0.9798753,0.8345515,0.7182217,0.7348631,0.7216004,0.7985798,0.7383495,0,0.7157446,0,0,0,0,0,0,0,0,0,0,0,0,0,0,0,0,0,0,0.7551429,0.8361475,0.849291,0.7943891,0.7588398,0.965124,1,0.8447978,0.7271127,0.7027268,0.7535879,0.6956304,0,0,0,0,0,0,0,0,0,0
0,0,0,0,0,0,0,0,0,0,0,0,0,0,0,0.9027825,1,0.9220623,0,0,0,0,0,0,0,0,0,0,0,0,0,0,0,0,0,0,0,0,0,0,0,0,0,0,0.7753095,0.7656814,0,0.7739074,0.8570257,1,0.9772564,0,0,0,0,0,0,0,0,0,0,0,0,0,0,0,0,0,0,0,0,0,0,0,0,0,0,0,0,0,0.683881,0.9236237,1,0.9035985,0.7248372,0,0,0,0,0,0,0,0,0,0,0,0,0,0,0,0,0,0,0,0,0,0,0,0,0,0.8022102,0,0.7694466,0,0.8019263,1,0.9749003,0.8014959,0.78315,0.7678541,0,0,0,0,0,0,0,0,0,0,0,0,0,0,0,0,0,0,0,0,0,0,0.7541569,0.8211095,0.7604833,0.7864411,0.7682076,0.8361856,0.969889,1,0.8600258,0.7540576,0.7623247,0,0,0,0,0,0,0,0,0,0,0,0
0,0,0,0,0,0,0,0,0,0,0,0,0,0,0.639664,0.903231,1,0.9195393,0.7635201,0.6019264,0,0,0,0,0,0,0,0,0,0,0,0,0,0,0,0,0,0,0,0,0,0,0,0,0,0,0.7378468,0.8904422,0.8453822,0.9846722,1,0.7910119,0,0,0,0,0,0,0,0,0,0,0,0,0,0,0,0,0,0,0,0,0,0,0,0,0,0,0.5829428,0.6083891,0.6069494,0.9256407,1,0.9045759,0.6620584,0,0,0,0,0,0,0,0,0,0,0,0,0,0,0,0,0,0,0,0,0,0,0,0,0,0,0.6212565,0.6690907,0.6460656,0.8409417,1,0.9494176,0.7663795,0.6750286,0,0,0,0,0,0,0,0,0,0,0,0,0,0,0,0,0,0,0,0,0,0,0,0,0,0,0.7187183,0.7486198,0.8127137,0.9448902,1,0.8565068,0.7478786,0,0,0,0,0,0,0,0,0,0,0,0,0
0,0,0,0,0,0,0,0,0,0,0,0,0,0,0,0.9056187,1,0.9087775,0.8789786,0.8021444,0,0,0,0,0,0,0,0,0,0,0,0,0,0,0,0,0,0,0,0,0,0,0,0,0,0,0,0,0,0.9845164,1,0,0,0,0,0,0,0,0,0,0,0,0,0,0,0,0,0,0,0,0,0,0,0,0,0,0,0,0,0,0,0.9299198,1,0.9242827,0.8105559,0.7617518,0,0,0,0,0,0,0,0,0,0,0,0,0,0,0,0,0,0,0,0,0,0,0,0,0,0,0,0,0.8630058,1,0.9555851,0.8448129,0.838394,0.7698178,0,0,0,0,0,0,0,0,0,0,0,0,0,0,0,0,0,0,0,0,0,0,0,0,0,0,0,0,0.9391433,1,0.9066477,0.7806205,0,0,0,0,0,0,0,0,0,0,0,0,0
0,0,0,0,0,0,0,0,0,0,0,0,0,0.6873313,0.7345932,0.9055187,1,0.930674,0.8400979,0.9021154,0.8803017,0.8300889,0.7622961,0,0,0,0,0,0,0,0,0,0,0,0,0,0,0,0,0,0,0,0,0,0,0,0,0,0,0.9925942,1,0.8885766,0,0.9834155,0.9331607,0,0,0,0,0,0,0,0,0,0,0,0,0,0,0,0,0,0,0,0,0,0,0,0,0.6298662,0.7051319,0.9344044,1,0.8993914,0,0.7382039,0.7722949,0.729996,0,0,0,0,0,0,0,0,0,0,0,0,0,0,0,0,0,0,0,0,0,0,0,0,0,0,0.7982057,1,0.9766805,0.821402,0.8604667,0.8081669,0.8867958,0.8035066,0,0,0,0,0,0,0,0,0,0,0,0,0,0,0,0,0,0,0,0,0,0,0,0,0,0.6993669,0.9349324,1,0.9064562,0.7198226,0,0,0.6900406,0.7157549,0,0,0,0,0,0,0,0,0
0,0,0,0,0,0,0,0,0,0,0,0,0,0,0,0.908416,1,0.8959929,0,0.7865967,0.7390993,0.8003393,0.8314462,0.7900885,0.6971477,0,0,0,0,0,0,0,0,0,0,0,0,0,0,0,0,0,0,0,0,0,0,0,0,1,0.9304898,0,0.8173397,0.9306673,0.9795984,0.9471701,0.8724813,0.8595188,0.8138086,0,0,0,0,0,0,0,0,0,0,0,0,0,0,0,0,0,0,0,0,0,0.698598,0.934567,1,0.9169717,0.7600859,0.7532527,0.7960458,0.7878824,0.667446,0,0,0,0,0,0,0,0,0,0,0,0,0,0,0,0,0,0,0,0,0,0,0,0,0,0.8554972,1,0.9761164,0.8131875,0.776383,0.8567618,0.8567091,0.8417262,0.8434471,0.812002,0.7762989,0.785695,0.7241354,0,0,0,0,0,0,0,0,0,0,0,0,0,0,0,0,0,0,0,0,0,0.9311708,1,0.8953498,0.7831098,0.7472113,0,0.7812493,0.7946306,0.7499412,0.8114085,0.8107846,0.7959204,0.7348248,0,0,0,0
0,0,0,0,0,0,0,0,0,0,0,0,0,0,0,0.9405378,1,0.9196286,0.7659294,0,0.7564858,0.7623611,0.768584,0,0,0,0,0,0,0,0,0,0,0,0,0,0,0,0,0,0,0,0,0,0,0,0,0,0.9003862,1,0.966693,0.8697754,0,0,0,0,0,0,0,0,0,0,0,0,0,0,0,0,0,0,0,0,0,0,0,0,0,0,0,0,0,0.9505695,1,0.898355,0.7491781,0,0,0,0,0,0,0,0,0,0,0,0,0,0,0,0,0,0,0,0,0,0,0,0,0,0,0,0,0,0.8849226,1,0.9536976,0.8079977,0.7715334,0,0.8081704,0.814262,0,0,0,0,0,0,0,0,0,0,0,0,0,0,0,0,0,0,0,0,0,0,0,0,0,0,0.9621949,1,0.8358232,0,0,0,0.8033855,0.8271515,0,0.7989131,0,0.8336145,0,0,0,0,0
0,0,0,0,0,0,0,0,0,0,0,0.6598512,0.6592724,0,0.7121869,0.9219146,1,0.879935,0,0,0,0.6945606,0.6772881,0,0,0,0,0,0,0,0,0,0,0,0,0,0,0,0,0,0,0,0,0,0,0,0,0,0.8735076,1,0.9657931,0.7968318,0.7590999,0.7376488,0,0,0,0,0,0,0,0,0,0,0,0,0,0,0,0,0,0,0,0,0,0,0,0.632504,0.6149408,0,0.6067268,0.9519584,1,0.8763592,0.6506399,0.7328386,0.6803523,0,0,0,0,0.678034,0.6583074,0,0,0,0,0,0,0,0,0,0,0,0,0,0,0,0,0,0,0,0,0,0.8562756,1,0.9495711,0.7188861,0.7423504,0.7682334,0,0,0,0.6664162,0.6729277,0,0,0,0,0,0,0,0,0,0,0,0,0,0,0,0,0,0,0,0,0,0,0.7730581,0.9745757,1,0.8800483,0.7952935,0.7815034,0.7393569,0.715934,0.6732653,0.6610867,0.6883183,0.6625326,0.7527601,0.7615298,0.673805,0,0,0
0,0,0,0,0,0,0,0,0,0,0,0,0,0,0.7777802,0.9340271,1,0.9017131,0,0,0,0,0,0,0,0,0,0,0,0,0,0,0,0,0,0,0,0,0,0,0,0,0,0,0,0,0,0,0.9151553,0.991559,0.9648777,0,0.88089,0.8724555,0.9547725,1,0.9419847,0.898779,0.8607331,0,0,0,0,0,0,0,0,0,0,0,0,0,0,0,0,0,0,0,0,0,0,0.9457727,1,0.8974078,0.7539266,0.7231314,0.7326622,0.6978071,0.6922123,0.6329399,0.6670144,0.6358084,0,0,0,0,0,0,0,0,0,0,0,0,0,0,0,0,0,0,0,0,0,0.7037971,0.8561112,1,0.9700556,0.8056977,0.8378075,0.7205647,0.7626088,0,0,0,0,0,0,0,0,0,0,0,0,0,0,0,0,0,0,0,0,0,0,0,0,0,0,0.6989419,0.9855573,1,0.7929944,0.796964,0,0.7520838,0.7835736,0.755693,0.7018773,0.7070885,0,0,0,0,0,0,0
0,0,0,0,0,0,0,0,0,0,0,0,0,0,0.7329588,0.9232875,1,0.8963768,0.7185677,0.7271485,0,0,0,0,0,0,0,0,0,0,0,0,0,0,0,0,0,0,0,0,0,0,0,0,0,0,0,0,0.8343556,0.9163043,0.9080591,0.8828873,1,0.9688141,0.8328367,0.7637364,0,0,0,0,0,0,0,0,0,0,0,0,0,0,0,0,0,0,0,0,0,0.5890534,0.5885494,0.6271535,0.7440749,0.9576608,1,0.8636078,0.7499129,0.7755504,0.7432622,0.6764588,0,0.6039328,0,0,0,0,0,0,0,0,0,0,0,0,0,0,0,0,0,0,0,0,0,0,0,0,0.857499,1,0.9907857,0.8770551,0.8098511,0.8231121,0.7624766,0,0,0,0,0,0,0,0,0,0,0,0,0,0,0,0,0,0,0,0,0,0,0,0,0,0,0.7810352,0.9924601,1,0.7730196,0.7079061,0.878264,0.8522472,0.7905682,0.7161166,0,0,0,0,0,0,0,0,0
