GestureName: z
Duration(ms): 1081
Handedness: right

SpeakerAngles: 5
55
-55
0
0
110

SpeakerElevations: 5
-10
-10
-10
0
30

InterpretedPoints: 23
-4.86860529362069,-11.0138885669992,-0.610814578664557
-0.806707284111599,-4.53447802748804,0.520944533000791
0,0,0
3.24100993092194,6.49175203651182,0.131759111665348
8.11670562178041,12.8046894862242,1.41622186799684
9.73012019000361,15.7743049922487,1.06892551266297
11.3577155527024,15.0521836838694,2.41622186799684
8.91632250865424,9.85662978008356,1.78446275633149
4.06189800950909,4.34968549658394,1.47905546699921
0.813797681349374,0.703801867273976,0.5
1.62759536269875,2.52213653048741,0.479055466999209
0.820888078587149,-2.02753374398842,0.82635182233307
-3.19846754749529,-12.2385563388924,3.21553724366851
-10.5368274741152,-14.0797174278578,-1.58987004566377
-8.91632250865424,-11.1160798659381,-1.08987004566377
-3.24810032815972,-6.77560867223722,-0.631759111665348
0,0,0
4.04771721503354,10.0414223109877,-0.215537243668512
4.03353642055799,16.8780764153064,-2.08377813200316
9.72302979276584,16.5056406035111,0.742573690329905
10.5368274741152,7.0259536198695,2.80540728933228
2.43430264681035,0.987658502999368,1
0,0,0

StrokePoints: 24
0,0,0
-4.86860529362069,-11.0138885669992,-0.610814578664557
-5.67531257773229,-15.5483665944873,-0.0898700456637661
-5.67531257773229,-15.5483665944873,-0.0898700456637661
-2.43430264681035,-9.05661455797545,0.041889066001582
5.68240297497007,3.74807492824879,1.45811093399842
15.4125231649737,19.5223799204974,2.52703644666139
26.770238717676,34.5745636043668,4.94325831465823
35.6865612263303,44.4311933844504,6.72772107098971
39.7484592358394,48.7808788810343,8.20677653798892
40.5622569171887,49.4846807483083,8.70677653798892
42.1898522798875,52.0068172787957,9.18583200498813
43.0107403584746,49.9792835348073,10.0121838273212
39.8122728109793,37.7407271959149,13.2277210709897
29.2754453368641,23.6610097680571,11.6378510253259
20.3591228282099,12.5449299021191,10.5479809796622
17.1110225000502,5.76932122988184,9.91622186799684
17.1110225000502,5.76932122988184,9.91622186799684
21.1587397150837,15.8107435408695,9.70068462432832
25.1922761356417,32.6888199561759,7.61690649232516
34.9153059284075,49.194460559687,8.35948018265506
45.4521334025227,56.2204141795565,11.1648874719873
47.8864360493331,57.2080726825558,12.1648874719873
47.8864360493331,57.2080726825558,12.1648874719873

Velocities: 23
-3,-1,-4
-1,0,-2
0,0,0
2,0,3
5,2,5
6,1,7
5,0,7
4,-1,4
1,0,2
0,0,0
1,1,1
0,1,0
-5,3,-5
-5,1,-7
-6,-1,-4
-2,-1,-2
0,0,0
3,0,4
6,1,5
6,0,7
4,-2,2
1,0,-1
0,0,0

InverseVelocities: 23
0,0,0
0,0,0
0,0,0
0,0,0
0,0,0
0,0,0
0,0,0
0,0,0
0,0,0
0,0,0
0,0,0
0,0,0
0,0,0
0,0,0
0,0,0
0,0,0
0,0,0
0,0,0
0,0,0
0,0,-1
0,0,-3
0,0,0
0,0,0

RawData: 23
0,0,0,0,0,0,0,0,0,0,0.7849474,0.8072553,0.6886479,0.75537,0.7980967,0.8362296,1,0.9255682,0,0,0,0,0,0,0,0,0,0,0,0,0,0,0,0,0,0,0,0,0,0,0,0,0,0,0,0.7902598,0.8675996,0.9473956,0.9431884,1,0.903037,0.8783629,0,0,0,0,0,0,0,0,0,0,0,0,0,0,0,0,0,0,0,0,0,0,0,0.6537668,0.7643217,0.7725335,0.7009763,0.6363792,0.7004079,0.9178306,1,0.9083314,0,0,0,0,0,0,0,0,0,0,0,0,0,0,0,0,0,0,0,0,0,0,0.7081235,0.7843311,0.8344373,0.8860949,0.879066,0.8193854,0.7960087,0.9044855,0.8814363,1,0.9923565,0.7608761,0,0,0,0,0,0,0,0,0,0,0,0,0,0,0,0,0,0,0,0,0,0,0,0.7673905,0.8278999,0.8297693,0.7449949,0.8466924,0.934451,0.8536444,0.9586959,1,0.8772292,0,0,0,0,0,0,0,0,0,0,0,0,0,0
0,0,0,0,0,0,0,0,0,0,0,0,0.7986422,0.8492702,0.8651253,0.9404319,1,0.9098462,0,0,0,0,0,0,0,0,0,0,0,0,0,0,0,0,0,0,0,0,0,0,0,0,0,0,0,0,0,0,0.9245443,1,0.9598907,0.8019996,0,0,0,0,0,0,0,0,0,0,0,0,0,0,0,0,0,0,0,0,0,0,0,0,0,0.6916125,0.7289544,0.7610205,0.7599175,0.9424981,1,0.8989918,0,0,0,0,0,0,0,0,0,0,0,0,0,0,0,0,0,0,0,0,0,0,0,0,0,0,0.7452229,0.7714973,0.8125709,0.8551115,0.8758901,1,0.9785654,0.7467519,0,0,0,0,0,0,0,0,0,0,0,0,0,0,0,0,0,0,0,0,0,0,0,0,0,0,0,0.7275897,0.7577685,0.9277272,1,0.9828425,0.8215554,0,0,0,0,0,0,0,0,0,0,0,0,0,0
0,0,0,0,0,0,0,0,0,0,0,0,0,0,0.7269689,0.9243683,1,0.9273379,0.7036638,0,0,0,0,0,0,0,0,0,0,0,0,0,0,0,0,0,0,0,0,0,0,0,0,0,0,0,0,0,0.8989962,1,0.9606364,0,0,0,0,0,0,0,0,0,0,0,0,0,0,0,0,0,0,0,0,0,0,0,0,0,0,0,0,0,0.6974766,0.9317123,1,0.9142256,0.663363,0,0,0,0,0,0,0,0,0,0,0,0,0,0,0,0,0,0,0,0,0,0,0,0,0,0,0,0,0.6838129,0.8751292,1,0.9754621,0.8094836,0.6555499,0,0,0,0,0,0,0,0,0,0,0,0,0,0,0,0,0,0,0,0,0,0,0,0,0,0,0,0,0.7701343,0.915575,1,0.8422894,0.7931562,0,0,0,0,0,0,0,0,0,0,0,0,0
0,0,0,0,0,0,0,0,0,0,0,0,0,0,0,0.9019184,1,0.8703247,0.841036,0.8672644,0.8382751,0.7579857,0,0,0,0,0,0,0,0,0,0,0,0,0,0,0,0,0,0,0,0,0,0,0,0,0,0,0,0,0.9801253,1,0.9434608,0,0,0,0,0,0,0,0,0,0,0,0,0,0,0,0,0,0,0,0,0,0,0,0,0,0,0,0.6683591,0.9445825,1,0.8377651,0.8328764,0.800972,0.8048753,0.7594067,0.6836415,0,0,0,0,0,0,0,0,0,0,0,0,0,0,0,0,0,0,0,0,0,0,0,0,0,0.8487713,1,0.9709431,0.8663785,0.7541653,0.8219536,0.8380527,0.7838856,0,0,0,0,0,0,0,0,0,0,0,0,0,0,0,0,0,0,0,0,0,0,0,0,0,0.7194168,0.9389015,1,0.9700901,0.9496645,0.8400148,0.7064447,0,0,0,0,0,0,0,0,0,0,0
0,0,0,0,0,0,0,0,0,0,0,0,0,0,0,0.8987451,1,0.9261062,0.7079586,0.8400847,0.8022904,0.8135172,0.8514599,0.8171008,0.699075,0,0,0,0,0,0,0,0,0,0,0,0,0,0,0,0,0,0,0,0,0,0.7648428,0.8138631,0.8898418,1,0.9906942,0.9209666,0.8794818,0.7660598,0.7540391,0,0,0,0,0,0,0,0,0,0,0,0,0,0,0,0,0,0,0,0,0,0,0,0,0.6983013,0.72168,0.9265369,1,0.9172305,0.6531623,0.8151026,0.7395866,0.6622478,0.790123,0.7674134,0.6916237,0,0,0,0,0,0,0,0,0,0,0,0,0,0,0,0,0,0,0,0,0,0,0,0.8252244,1,0.9870202,0.8901116,0.9120874,0.8602018,0.8385736,0.7320608,0.8630635,0.8441201,0.7134534,0,0,0,0,0,0,0,0,0,0,0,0,0,0,0,0,0,0,0,0,0,0.7661746,0.8088323,0.9392829,1,0.958438,0.9400448,0.9223999,0.9087579,0.8137697,0.7998301,0.8303791,0.7987811,0.7229798,0,0,0,0,0,0
0,0,0,0,0,0,0,0,0,0,0,0,0,0,0,0.9055145,1,0.9365184,0.8080665,0.8628405,0.8997681,0.84932,0.8042602,0,0.8424942,0.7917539,0,0,0,0,0,0,0,0,0,0,0,0,0,0,0,0,0,0,0,0,0,0,0.8635596,1,0.9670871,0,0.8819938,0.8514762,0,0,0,0,0,0,0,0,0,0,0,0,0,0,0,0,0,0,0,0,0,0,0,0,0,0,0.7576723,0.9327177,1,0.9297556,0.7848138,0.8216565,0.82815,0.753607,0.7635081,0.7710903,0.8095056,0.8169053,0.7534216,0,0,0,0,0,0,0,0,0,0,0,0,0,0,0,0,0,0,0,0,0,0.8733058,1,0.9640566,0.7894049,0.8357489,0.8847705,0.8591593,0.8071789,0.808284,0.7896117,0.8722115,0.8307813,0,0,0,0,0,0,0,0,0,0,0,0,0,0,0,0,0,0,0,0,0.8497399,0.8863906,0.9144979,1,0.9153673,0.8336156,0,0.8911727,0.8307384,0.8269406,0.8553935,0.8132506,0.8177531,0,0,0,0,0,0
0,0,0,0,0,0,0,0,0,0,0,0,0,0,0,0.933243,1,0.909354,0,0.7967746,0.8395715,0.7884096,0.7432718,0.7554321,0.8129703,0,0,0,0,0,0,0,0,0,0,0,0,0,0,0,0,0,0,0,0,0,0.8183711,0.8383434,0.9189007,1,0.9519204,0.8703567,0,0,0,0,0,0,0,0,0,0,0,0,0,0,0,0,0,0,0,0,0,0,0,0,0,0,0,0,0.809967,0.9622033,1,0.8926342,0.7756669,0.7332388,0.7561211,0.794706,0.7164974,0.7239547,0,0,0.6813953,0,0,0,0,0,0,0,0,0,0,0,0,0,0,0,0,0,0,0,0,0.7994858,0.9075365,1,0.9676932,0.8154444,0.7498262,0.7104165,0.8417781,0.8005024,0.7800276,0.8045238,0.8558146,0.7806441,0.7588944,0,0,0,0,0,0,0,0,0,0,0,0,0,0,0,0,0,0.7701921,0.8619404,0.8478539,0.9417217,1,0.9891255,0.8387191,0,0,0.8216844,0.8763377,0,0.8004622,0.8536523,0.8132969,0.7969741,0.7684911,0,0,0,0
0,0,0,0,0,0,0,0,0,0,0,0,0,0,0,0.9207031,1,0.9008408,0.7660068,0.7625718,0,0.7537832,0.7626719,0.7485988,0,0,0,0,0,0,0,0,0,0,0,0,0,0,0,0,0,0,0,0,0,0.8167651,0.8688826,0.8787651,0.9519241,1,0.9537261,0.8658634,0.8447853,0,0,0,0,0,0,0,0,0,0,0,0,0,0,0,0,0,0,0,0,0,0,0,0,0,0,0.7170644,0.7857406,0.9556051,1,0.8851536,0,0.7433246,0.7730907,0.8373465,0.8395567,0.7785021,0,0,0,0,0,0,0,0,0,0,0,0,0,0,0,0,0,0,0,0,0,0,0.7393098,0.8579728,0.8975771,1,0.9655426,0,0.8120543,0.8490447,0.9480183,0.9669368,0.9402438,0.8877521,0.7676628,0,0,0,0,0,0,0,0,0,0,0,0,0,0,0,0,0,0,0,0,0.8093814,0,0.9499567,1,0.9898458,0.8232389,0.7915986,0.7881904,0.8558522,0.9676769,0.9654955,0.8931307,0.8388722,0,0,0,0,0,0,0
0,0,0,0,0,0,0,0,0,0,0,0,0,0,0.7460744,0.9350744,1,0.8764322,0.7995557,0.8301647,0.790165,0,0,0,0,0,0,0,0,0,0,0,0,0,0,0,0,0,0,0,0,0,0,0,0,0,0,0.9120775,1,0.9820012,0.851892,0,0,0,0,0,0,0,0,0,0,0,0,0,0,0,0,0,0,0,0,0,0,0,0,0,0,0,0,0,0.7214206,0.95698,1,0.8824621,0.8450945,0.858891,0.8427773,0.7658468,0,0,0,0,0,0,0,0,0,0,0,0,0,0,0,0,0,0,0,0,0,0,0,0,0,0.7642775,0.8561872,1,0.9453341,0.9132278,0.9265942,0.8982108,0.8829916,0.84207,0,0,0,0,0,0,0,0,0,0,0,0,0,0,0,0,0,0,0,0,0,0,0,0,0,0.8092281,0.9634836,1,0.9194403,0.930544,0.8969358,0.809182,0.8116747,0.768346,0,0,0,0,0,0,0,0,0
0,0,0,0,0,0,0,0,0,0,0,0,0,0,0.7335652,0.9463543,1,0.8953831,0.7874256,0,0,0,0,0,0,0,0,0,0,0,0,0,0,0,0,0,0,0,0,0,0,0,0,0,0,0,0,0,0.9221516,0.9991362,1,0.910846,0,0,0,0,0,0,0,0,0,0,0,0,0,0,0,0,0,0,0,0,0,0,0,0,0,0,0,0,0.7760082,0.9614139,1,0.9100126,0.6823182,0.7078393,0,0,0,0,0,0,0,0,0,0,0,0,0,0,0,0,0,0,0,0,0,0,0,0,0,0,0,0,0.8818359,1,0.9647405,0.7639291,0.7547106,0.7788713,0,0,0,0,0,0,0,0,0,0,0,0,0,0,0,0,0,0,0,0,0,0,0,0,0,0,0,0.8771479,1,0.9838795,0.8512303,0.9149302,0.8305136,0,0,0,0,0,0,0,0,0,0,0,0
0,0,0,0,0,0,0,0,0,0,0,0,0,0,0.6583116,0.9145893,1,0.8853849,0.6982565,0.6832751,0.6123959,0,0,0,0,0,0,0,0,0,0,0,0,0,0,0,0,0,0,0,0,0,0,0,0,0,0,0,0.8359563,1,0.9677874,0.8704254,0.8399915,0.7036942,0,0,0,0,0,0,0,0,0,0,0,0,0,0,0,0,0,0,0,0,0,0,0,0,0,0.6112882,0.7624603,0.9418841,1,0.7999828,0.7615554,0.6971288,0.6433519,0,0,0,0,0,0,0,0,0,0,0,0,0,0,0,0,0,0,0,0,0,0,0,0,0,0,0.764098,0.9070509,1,0.9004398,0.7855237,0.8080902,0.7590922,0,0,0,0,0,0,0,0,0,0,0,0,0,0,0,0,0,0,0,0,0,0,0,0,0,0.6741878,0.7314159,0.860217,0.9451756,1,0.8807192,0.9273873,0.8849071,0.7938991,0,0,0,0,0,0,0,0,0,0,0
0,0,0,0,0,0,0,0,0,0,0,0,0,0,0.7904478,0.9313899,1,0.8992417,0,0,0,0,0,0,0,0,0,0,0,0,0,0,0,0,0,0,0,0,0,0,0,0,0,0,0,0,0,0,0.8827301,1,0.9493977,0,0.9415016,0.9150015,0,0,0,0,0,0,0,0,0,0,0,0,0,0,0,0,0,0,0,0,0,0,0,0,0,0,0.7802705,0.9564872,1,0.8958262,0,0.7395681,0,0,0,0,0,0,0,0,0,0,0,0,0,0,0,0,0,0,0,0,0,0,0,0,0.7470756,0.759495,0.8296695,0.9113226,0.9557168,1,0.9592387,0.8331603,0,0,0,0,0,0,0,0,0,0,0,0,0,0,0,0,0,0,0,0,0,0,0,0,0,0,0,0.911708,0.9793679,0.9762265,0.8702956,1,0.8297548,0.9144706,0.8320237,0.8291379,0,0,0,0,0,0,0,0,0,0,0
0,0,0,0,0,0,0,0,0.6923755,0.6991958,0.6805328,0.7761003,0.8151299,0.7311822,0,0.9317132,1,0.8843496,0,0,0,0,0,0,0,0,0,0,0,0,0,0,0,0,0,0,0,0,0,0,0,0,0,0,0,0,0,0,0.858337,1,0.9975936,0.9211271,0.7898363,0.7822009,0.8128654,0.7562742,0,0,0,0,0,0,0,0,0,0,0,0,0,0,0,0,0,0,0.6668925,0.6578853,0.6284293,0.7073361,0.7411606,0,0.6965351,0.9514843,1,0.8885412,0.7478132,0.6720194,0,0,0,0,0,0,0,0,0,0,0,0,0,0,0,0,0,0,0,0,0,0.6614261,0.7702899,0.7909119,0.8019485,0.8526142,0.7902597,0.6734159,0.8862703,1,0.9377322,0.7890217,0.7136678,0.697139,0,0,0,0,0,0,0,0,0,0,0,0,0,0,0,0,0,0,0,0,0,0,0.7493258,0.7744266,0.8373931,0.8919891,0.7652678,0,0.954427,1,0.746896,0.8912745,0.825725,0,0.7304177,0.744792,0,0,0,0,0,0,0,0,0
0,0,0,0,0,0,0,0,0.7382961,0,0,0,0.7608284,0,0,0.9225208,1,0.8826704,0,0,0,0,0,0,0,0,0,0,0,0,0,0,0,0,0,0,0,0,0,0,0,0,0,0,0,0,0,0,0.8739108,1,0.9927441,0.8290297,0.7978219,0.7999123,0,0,0,0,0,0,0,0,0,0,0,0,0,0,0,0,0,0,0.655699,0.665234,0,0.7288302,0.7682438,0.7740268,0.7138237,0.6782444,0.717119,0.9631668,1,0.8472338,0.6552774,0,0,0,0,0,0,0,0,0,0,0,0,0,0,0,0,0,0,0,0,0.7390192,0.7147375,0,0.7602436,0.7426789,0.8004033,0.7849888,0,0.7402316,0.8201292,1,0.943506,0.7698451,0,0,0,0,0,0,0,0,0,0,0,0,0,0,0,0,0,0,0,0,0.7618569,0.7911476,0,0,0,0,0,0.73635,0.8806441,0.9293174,1,0.9987347,0.8700795,0.7971281,0,0,0,0,0,0,0,0,0,0,0,0,0
0,0,0,0,0,0,0,0.7771117,0.8159143,0.7879078,0.7739555,0.8096431,0.80014,0.7551284,0,0.9319323,1,0.8987222,0,0,0,0,0,0,0,0,0,0,0,0,0,0,0,0,0,0,0,0,0,0,0,0,0,0,0,0.7532914,0.8283257,0.8921001,0.9377479,1,0.9793521,0.8395171,0,0,0,0,0,0,0,0,0,0,0,0,0,0,0,0,0,0,0,0,0,0,0,0.6504859,0.6523597,0,0.6650583,0.7338926,0.7705832,0.9580865,1,0.8907554,0,0,0,0,0,0,0,0,0,0,0,0,0,0,0,0,0,0,0,0,0,0,0,0.7468908,0.7015046,0.7141107,0,0.6687318,0,0.6724272,0.8658938,1,0.9663329,0.7451702,0,0,0,0,0,0,0,0,0,0,0,0,0,0,0,0,0,0,0,0,0,0.7585045,0.810822,0.7676767,0.7587706,0.8444127,0.8186073,0.7937171,0.7815996,0.8452605,0.9509096,1,0.8758301,0,0,0,0,0,0,0,0,0,0,0,0,0,0
0,0,0,0,0,0,0,0,0,0,0,0.6743345,0.7196183,0.7228638,0.6944748,0.923705,1,0.8926998,0,0,0,0,0,0,0,0,0,0,0,0,0,0,0,0,0,0,0,0,0,0,0,0,0,0,0,0.7587264,0,0.7206244,0.8023543,1,0.997325,0.8016112,0,0,0,0,0,0,0,0,0,0,0,0,0,0,0,0,0,0,0,0,0,0,0,0,0,0.6755753,0.6849235,0.7642456,0.7796095,0.9449822,1,0.8330957,0.6412936,0,0,0,0,0,0,0,0,0,0,0,0,0,0,0,0,0,0,0,0,0,0,0,0.6529585,0.675534,0.6609877,0,0,0.7265933,0.8690051,1,0.9642701,0.7271214,0.6275994,0,0,0,0,0,0,0,0,0,0,0,0,0,0,0,0,0,0,0,0,0,0,0,0.7453387,0.8252334,0.8777638,0.9159803,0.9130422,0.8919724,1,0.9823,0.792183,0.7590435,0,0,0,0,0,0,0,0,0,0,0,0,0
0,0,0,0,0,0,0,0,0,0,0,0,0,0,0,0.9300768,1,0.8925534,0.7276489,0,0,0,0,0,0,0,0,0,0,0,0,0,0,0,0,0,0,0,0,0,0,0,0,0,0,0,0,0,0.8602812,1,0.9538921,0,0,0,0,0,0,0,0,0,0,0,0,0,0,0,0,0,0,0,0,0,0,0,0,0,0,0,0,0,0.8077599,0.9678146,1,0.8810484,0,0,0,0,0,0,0,0,0,0,0,0,0,0,0,0,0,0,0,0,0,0,0,0,0,0,0,0,0,0.6906066,0.8941065,1,0.9547794,0.7708721,0.6849248,0,0,0,0,0,0,0,0,0,0,0,0,0,0,0,0,0,0,0,0,0,0,0,0,0,0,0,0,0.7548187,0.9738818,1,0.8047906,0.7721965,0,0,0,0,0,0,0,0,0,0,0,0,0
0,0,0,0,0,0,0,0,0,0,0,0,0,0,0,0.9274691,1,0.8959263,0,0,0.7528861,0.7515671,0.7150182,0,0,0,0,0,0,0,0,0,0,0,0,0,0,0,0,0,0,0,0,0,0,0,0,0,0.8856487,1,0.8796363,0.7816151,0,0,0,0,0,0,0,0,0,0,0,0,0,0,0,0,0,0,0,0,0,0,0,0,0,0,0,0,0,0.9443749,1,0.8694181,0.6756273,0,0.6590468,0.6442125,0.6929103,0.6582876,0,0,0,0,0,0,0,0,0,0,0,0,0,0,0,0,0,0,0,0,0,0,0,0,0.874245,1,0.9369154,0.7334307,0,0.6574708,0.7619569,0.7582849,0.7221665,0.7037609,0,0,0,0,0,0,0,0,0,0,0,0,0,0,0,0,0,0,0,0,0,0,0,0,0.9706572,1,0.8679606,0.7271367,0.8332235,0.7618262,0,0,0,0,0,0,0,0,0,0,0
0,0,0,0,0,0,0,0,0,0,0,0,0,0,0.7304805,0.9349424,1,0.8945618,0.7235529,0.7226182,0,0,0.7224702,0.727845,0.7151462,0.750546,0,0,0,0,0,0,0,0,0,0,0,0,0,0,0,0,0,0,0,0,0,0.8281187,0.8922338,0.939999,0.9325863,0.976648,1,0.9054279,0,0,0,0,0,0,0,0,0,0,0,0,0,0,0,0,0,0,0,0,0,0,0,0,0,0,0.7271588,0.9533218,1,0.8840291,0.7750385,0.7626454,0.6873578,0,0,0.6767287,0.700985,0,0,0,0,0,0,0,0,0,0,0,0,0,0,0,0,0,0,0,0,0,0,0.7141956,0.8813552,1,0.9616818,0.7900578,0.7541221,0.6882226,0,0.7622441,0.74944,0.6870393,0.6940731,0.7571558,0.6930063,0,0,0,0,0,0,0,0,0,0,0,0,0,0,0,0,0,0,0,0,0.81323,0.9601753,1,0.9180657,0,0,0,0,0,0,0,0,0,0,0,0,0,0
0,0,0,0,0,0,0,0,0,0,0,0,0,0,0,0.9040699,1,0.9189904,0.6914435,0,0.7501586,0.7625621,0.7580558,0.8079243,0.7915295,0.7213499,0,0,0,0,0,0,0,0,0,0,0,0,0,0,0,0,0,0,0,0,0.8009052,0.8442234,0.8883635,0.883346,1,0.9263669,0.793489,0,0,0,0,0,0,0,0,0,0,0,0,0,0,0,0,0,0,0,0,0,0,0,0,0,0.6403668,0.7103299,0.7780572,0.9564608,1,0.879957,0,0.6704394,0,0.664698,0.6866869,0,0.7336293,0.7552115,0.6934003,0,0,0,0,0,0,0,0,0,0,0,0,0,0,0,0,0,0,0,0.688563,0.7273596,0.8479589,1,0.9904471,0.812224,0,0,0.6892288,0.7729256,0.7954459,0.8240111,0.8052319,0.7837399,0.6828646,0,0,0,0,0,0,0,0,0,0,0,0,0,0,0,0,0.6886422,0.679996,0.6759725,0.7926108,0.8359703,0.9730716,1,0.8698437,0,0,0,0,0.7639111,0.7909678,0.7007487,0,0,0,0,0,0,0
0,0,0,0,0,0,0,0,0,0,0,0,0,0,0,0.8923914,1,0.9214893,0.7131045,0.5977165,0.7086024,0.7308555,0.7146231,0.6358898,0,0,0,0,0,0,0,0,0,0,0,0,0,0,0,0,0,0,0,0,0.7469706,0.8180957,0.8506973,0.8716688,0.920568,1,0.9570123,0.6780979,0,0,0,0,0,0,0,0,0,0,0,0,0,0,0,0,0,0,0,0,0,0,0,0,0.6159003,0.6950935,0.7499856,0.7346014,0.7161288,0.9319152,1,0.8781448,0.6524595,0.6325496,0.5630116,0.6106839,0,0,0,0,0,0,0,0,0,0,0,0,0,0,0,0,0,0,0,0,0,0,0.6846167,0.7541487,0.7579094,0.6303976,0.8301597,1,0.9558008,0.657357,0.7218577,0.7303832,0.6618112,0.7082008,0.6434736,0.7001284,0.6453517,0,0,0,0,0,0,0,0,0,0,0,0,0,0,0,0,0,0,0.7003427,0.7780496,0.8110307,0.6846009,0.8282533,0.9826562,1,0.828176,0.7264867,0.728343,0.7444371,0.7197153,0.6815687,0.6522881,0.6794428,0.6349449,0,0,0,0,0,0
0,0,0,0,0,0,0,0,0,0,0,0,0,0,0,0.9260588,1,0.9008224,0.7866547,0.77654,0.7769023,0,0,0,0,0,0,0,0,0,0,0,0,0,0,0,0,0,0,0,0,0,0,0,0,0,0,0,0.8456805,0.9985961,1,0.845368,0,0,0,0,0,0,0,0,0,0,0,0,0,0,0,0,0,0,0,0,0,0,0,0,0,0,0.6961458,0,0,0.9296898,1,0.8981951,0,0,0,0,0,0,0,0,0,0,0,0,0,0,0,0,0,0,0,0,0,0,0,0,0,0,0,0,0,0,0.8408821,1,0.9672248,0,0,0.7864369,0.760518,0,0,0,0,0,0,0,0,0,0,0,0,0,0,0,0,0,0,0,0,0,0,0,0,0.8552642,0,0.8634151,1,0.9996572,0.8411841,0.8920708,0.922591,0.8956216,0,0,0,0,0,0,0,0,0,0,0
0,0,0,0,0,0,0,0,0,0,0,0,0,0,0,0.9060883,1,0.914382,0,0,0,0,0,0,0,0,0,0,0,0,0,0,0,0,0,0,0,0,0,0,0,0,0,0,0,0,0,0,0,0.9882683,1,0.8085529,0,0,0,0,0,0,0,0,0,0,0,0,0,0,0,0,0,0,0,0,0,0,0,0,0,0,0,0,0,0.9381049,1,0.9131092,0,0,0,0,0,0,0,0,0,0,0,0,0,0,0,0,0,0,0,0,0,0,0,0,0,0,0,0,0,0,0.8767973,1,0.9635917,0,0,0,0,0,0,0,0,0,0,0,0,0,0,0,0,0,0,0,0,0,0,0,0,0,0,0,0,0,0,0.8689408,0.9462966,1,0.9307891,0,0,0,0,0,0,0,0,0,0,0,0,0,0
