GestureName: caret
Duration(ms): 940
Handedness: right

SpeakerAngles: 2
55
-55

InterpretedPoints: 20
0.806707284111599,3.95403765024536
0.806707284111599,6.21348773609986
2.4201218523348,6.21348773609986
0.806707284111599,6.21348773609986
2.4201218523348,8.47293782195435
4.84024370466959,6.77835025756348
4.03353642055799,3.95403765024536
3.2268291364464,2.25945008585449
0,-1.12972504292725
0.806707284111599,-1.69458756439087
-0.806707284111599,-6.21348773609986
-1.6134145682232,-9.03780034341798
-0.806707284111599,-8.47293782195435
1.6134145682232,-10.1675253863452
-2.4201218523348,-7.34321277902711
0,-9.03780034341798
0.806707284111599,-6.21348773609986
0,-1.12972504292725
0,0
0,0

StrokePoints: 21
177.666666666667,130.277777777778
176.859959382555,126.323740127532
176.053252098443,120.110252391433
173.633130246109,113.896764655333
172.826422961997,107.683276919233
170.406301109662,99.2103390972785
165.566057404993,92.431988839715
161.532520984435,88.4779511894696
158.305691847988,86.2185011036151
158.305691847988,87.3482261465424
157.498984563877,89.0428137109332
158.305691847988,95.2563014470331
159.919106416211,104.294101790451
160.725813700323,112.767039612405
159.1123991321,122.934564998751
161.532520984435,130.277777777778
161.532520984435,139.315578121196
160.725813700323,145.529065857296
160.725813700323,146.658790900223
160.725813700323,146.658790900223
160.725813700323,146.658790900223

Velocities: 20
4,3
6,5
7,4
6,5
9,6
9,3
6,1
4,0
-1,-1
-1,-2
-6,-5
-9,-7
-8,-7
-8,-10
-8,-5
-8,-8
-5,-6
-1,-1
0,0
0,0

InverseVelocities: 20
0,0
0,0
0,0
0,0
0,-1
0,0
0,0
0,0
0,0
0,0
0,0
0,0
0,0
0,0
0,0
2,0
4,0
0,0
0,0
0,0

RawData: 20
0,0,0,0,0,0,0,0,0,0,0,0,0,0,0,0.8250652,1,0.9861692,0.7691258,0.7410102,0.7061273,0.7012296,0.7382044,0.6800168,0,0,0,0,0,0,0,0,0,0,0,0,0,0,0,0,0,0,0,0,0,0,0,0,0.9433336,1,0.8987033,0.756133,0.6900576,0.7502102,0.7653323,0.7407455,0,0,0,0,0,0,0,0,0,0
0,0,0,0,0,0,0,0,0,0,0,0,0,0,0,0.8225852,1,0.9820031,0.73197,0,0.6818395,0.7590298,0.8309698,0.8198355,0.7554689,0.6737835,0,0,0,0,0,0,0,0,0,0,0,0,0,0,0,0,0,0,0,0,0,0.5975617,0.9406169,1,0.8843064,0.6851863,0.6290768,0.7225618,0.8006182,0.8217462,0.7606322,0.6142302,0,0,0,0,0,0,0,0
0,0,0,0,0,0,0,0,0,0,0,0,0,0,0,0.851063,1,0.9846867,0.749753,0.7316587,0.7618825,0.6762921,0.8040428,0.7765514,0.8406206,0.7659501,0.6954422,0,0,0,0,0,0,0,0,0,0,0,0,0,0,0,0,0,0,0,0,0,0.9469918,1,0.8913301,0.7704533,0.7829059,0.8328337,0.812097,0.747288,0.7465777,0,0,0,0,0,0,0,0,0
0,0,0,0,0,0,0,0,0,0,0,0,0,0,0,0.8368855,1,0.9846501,0.7681533,0.7200849,0.7892045,0.8546763,0.8456236,0.741293,0.7941676,0.6334212,0,0,0,0,0,0,0,0,0,0,0,0,0,0,0,0,0,0,0,0,0,0.6491078,0.9401042,1,0.8788228,0.7589452,0.7155592,0.79559,0.703072,0.694436,0.7527421,0.6726178,0,0,0,0,0,0,0,0
0,0,0,0,0,0,0,0,0,0,0,0,0,0,0.6427036,0.8451433,1,0.9848383,0.7821177,0.7649388,0.8171128,0.8346274,0.7929443,0.7994856,0.7954383,0.7313055,0,0.5925514,0.6076365,0,0,0,0,0,0,0,0,0,0,0,0,0,0,0,0,0.5828464,0.5656124,0,0.9389211,1,0.8583434,0.8215425,0.8303965,0.7670731,0.6680262,0.6236793,0.6324041,0.6336139,0.5842571,0,0,0,0,0,0,0
0,0,0,0,0,0,0,0,0,0,0,0,0,0.6208108,0.6432623,0.8306292,1,0.9859598,0.7840998,0.78458,0.6288208,0.7586877,0.762309,0.8209517,0.7442428,0.6518419,0.6528248,0,0.624594,0,0,0,0,0,0,0,0,0,0,0,0,0,0,0,0,0,0.6549494,0.6872655,0.9410828,1,0.896809,0.730969,0.8028904,0.8209866,0.7344009,0.6349261,0,0,0,0,0,0,0,0,0,0
0,0,0,0,0,0,0,0,0,0,0,0,0,0,0,0.8442702,1,0.9704626,0.8758423,0.9187036,0.89932,0.852138,0.7991387,0.7264282,0.6056358,0.6503161,0,0,0,0,0,0,0,0,0,0,0,0,0,0,0,0,0,0,0,0,0.6451141,0.7029476,0.9452125,1,0.9303242,0.859809,0.7999098,0.6671915,0,0,0,0,0,0,0,0,0,0,0,0
0,0,0,0,0,0,0,0,0,0,0,0,0,0.556982,0.6638342,0.85686,1,0.9962415,0.8790662,0.6910359,0.6918311,0.5975258,0,0.5879731,0,0,0,0,0,0,0,0,0,0,0,0,0,0,0,0,0,0,0,0,0,0,0.6377941,0.7670015,0.9285656,1,0.8938119,0.7038884,0.5987975,0,0,0,0,0,0,0,0,0,0,0,0,0
0,0,0,0,0,0,0,0,0,0,0,0,0.6821238,0.7656837,0.8029439,0.8425698,1,0.9962003,0.7993844,0,0,0,0,0,0,0,0,0,0,0,0,0,0,0,0,0,0,0,0,0,0,0,0,0,0,0.7425676,0.8612383,0.9020193,0.9728154,1,0.8982363,0,0,0,0,0,0,0,0,0,0,0,0,0,0,0
0,0,0,0,0,0,0,0,0,0,0,0,0.7695286,0.8788217,0.8960091,0.902311,1,0.9898669,0.7704458,0,0,0,0,0,0,0,0,0,0,0,0,0,0,0,0,0,0,0,0,0,0,0,0,0,0.6116642,0.7262125,0.788828,0.8226022,0.949741,1,0.8963036,0,0,0,0,0,0,0,0,0,0,0,0,0,0,0
0,0,0,0,0,0,0,0.6236882,0.5794532,0,0.6615926,0.7296709,0.8312812,0.8561441,0.7885323,0.882216,1,0.9856179,0.7760615,0,0,0,0,0,0,0,0,0,0,0,0,0,0,0,0,0,0,0,0,0,0,0.586025,0.6841537,0.6651125,0.7330306,0.7942646,0.7824124,0.6934019,0.9318738,1,0.89703,0.6037041,0,0,0,0,0,0,0,0,0,0,0,0,0,0
0,0,0,0,0.5802507,0.5599152,0.6073143,0.6652876,0.7336949,0.7102326,0.5436913,0.6227221,0.7095039,0.7754734,0.6781902,0.8096386,1,0.9808104,0.7397292,0.5629837,0,0,0,0,0,0,0,0,0,0,0,0,0,0,0,0,0,0,0,0.6032162,0.6197612,0.7208755,0.7366654,0.6753569,0,0.5546311,0.60567,0.7132466,0.9404469,1,0.8822958,0.5953866,0.5654481,0,0,0,0,0,0,0,0,0,0,0,0,0
0,0,0,0,0,0.6620459,0.7518128,0.7879644,0.8356487,0.8426361,0.7345646,0.7930619,0.8236799,0.7494435,0.7270519,0.8606901,1,0.983077,0.7673888,0,0,0,0,0,0,0,0,0,0,0,0,0,0,0,0,0,0,0,0,0.66177,0.6885808,0.6355646,0,0.6175154,0.7043761,0.6859621,0.6471431,0.6140642,0.9439809,1,0.88527,0.6398614,0,0,0,0,0,0,0,0,0,0,0,0,0,0
0,0,0,0,0,0.6122221,0.6853033,0.7723553,0.7760355,0.7282774,0.6457925,0.6876267,0.5812732,0.7191609,0.5608513,0.8204219,1,0.9812751,0.7420664,0.5928568,0,0,0,0,0,0,0,0,0,0,0,0,0,0,0,0,0.5102747,0.5939641,0.5888223,0.6004382,0.5913839,0.6419148,0.6611307,0.6849414,0.6267239,0.563231,0.5641848,0,0.9359364,1,0.8857929,0,0,0,0,0,0,0,0,0,0,0,0,0,0,0
0,0,0,0,0,0.6994264,0.7622555,0.6439866,0.6185745,0.6990748,0.7655423,0.7201781,0.630035,0,0.6595297,0.8211718,1,0.9919589,0.8163645,0.6411548,0,0,0,0,0,0,0,0,0,0,0,0,0,0,0,0,0,0,0,0,0,0.7058581,0.739481,0.7009246,0,0,0,0.6207461,0.9465653,1,0.8956555,0,0,0,0,0,0,0,0,0,0,0,0,0,0,0
0,0,0,0,0,0.6157457,0.6627219,0.6650583,0.6572607,0.6938131,0.6801571,0.6974303,0.7152055,0.6540102,0.6085194,0.8242113,1,0.9861683,0.762423,0,0.592486,0.6187129,0,0,0,0,0,0,0,0,0,0,0,0,0,0,0,0,0.6403823,0.6845296,0.6396643,0,0.7073112,0.7855284,0.7216275,0,0,0,0.9370862,1,0.8894596,0.5775588,0,0,0,0,0,0,0,0,0,0,0,0,0,0
0,0,0,0,0,0,0,0,0.6325105,0.6101581,0,0.7169762,0,0.5936276,0.6845125,0.8246638,1,0.9852116,0.7669234,0.621904,0.6355733,0,0.5963308,0.6112846,0,0,0,0,0,0,0,0,0,0,0,0,0,0,0,0,0.5664015,0,0.7021711,0.7744023,0.8134052,0.808527,0.7510085,0.6541317,0.9407367,1,0.8924993,0,0,0,0,0,0,0,0,0,0,0,0,0,0,0
0,0,0,0,0,0,0,0,0,0,0,0,0.6962887,0.7259427,0.6807132,0.8425604,1,0.9833308,0.7685136,0,0,0,0,0,0,0,0,0,0,0,0,0,0,0,0,0,0,0,0,0,0,0,0,0,0,0.7125258,0,0.7988075,0.9628628,1,0.8922711,0,0,0,0,0,0,0,0,0,0,0,0,0,0,0
0,0,0,0,0,0,0,0,0,0,0,0,0,0,0.5774351,0.8530101,1,0.9818057,0.7587366,0,0,0,0,0,0,0,0,0,0,0,0,0,0,0,0,0,0,0,0,0,0,0,0,0,0,0,0,0.6312725,0.9331169,1,0.8946716,0.5705591,0,0,0,0,0,0,0,0,0,0,0,0,0,0
0,0,0,0,0,0,0,0,0,0,0,0,0,0,0,0.8174465,1,0.995451,0.8107116,0,0,0,0,0,0,0,0,0,0,0,0,0,0,0,0,0,0,0,0,0,0,0,0,0,0,0,0,0.5869904,0.938714,1,0.889467,0.6328481,0,0,0,0,0,0,0,0,0,0,0,0,0,0
