GestureName: p
Duration(ms): 1034
Handedness: right

SpeakerAngles: 2
55
-55

InterpretedPoints: 22
3.2268291364464,5.64862521463624
-3.2268291364464,10.1675253863452
-2.4201218523348,9.6026628648816
-4.03353642055799,6.21348773609986
-4.84024370466959,-1.12972504292725
-8.06707284111599,-4.51890017170899
-8.87378012522759,-5.08376269317261
-8.87378012522759,-5.08376269317261
2.4201218523348,-8.47293782195435
4.84024370466959,-3.38917512878174
3.2268291364464,-1.12972504292725
3.2268291364464,1.12972504292725
2.4201218523348,0.564862521463624
2.4201218523348,3.95403765024536
0.806707284111599,3.95403765024536
0,7.90807530049073
0.806707284111599,2.82431260731812
-0.806707284111599,-3.95403765024536
0,-2.25945008585449
0,0
0,0
0,0

StrokePoints: 23
177.666666666667,130.277777777778
174.43983753022,124.629152563142
177.666666666667,114.461627176796
180.086788519001,104.858964311915
184.120324939559,98.6454765758149
188.960568644229,99.7752016187421
197.027641485345,104.294101790451
205.901421610573,109.377864483624
214.7752017358,114.461627176796
212.355079883465,122.934564998751
207.514836178796,126.323740127532
204.288007042349,127.45346517046
201.061177905903,126.323740127532
198.641056053568,125.758877606069
196.220934201233,121.804839955823
195.414226917122,117.850802305578
195.414226917122,109.942727005087
194.60751963301,107.118414397769
195.414226917122,111.072452048015
195.414226917122,113.331902133869
195.414226917122,113.331902133869
195.414226917122,113.331902133869
195.414226917122,113.331902133869

Velocities: 22
7,3
7,11
7,10
3,8
-4,2
-9,1
-10,1
-10,1
-6,-9
0,-6
1,-3
3,-1
2,-1
5,2
4,3
7,7
3,2
-4,-3
-2,-2
0,0
0,0
0,0

InverseVelocities: 22
0,0
0,0
0,0
-5,0
0,-1
2,-7
1,-3
0,-8
2,0
0,0
0,0
0,0
0,2
0,0
-2,-2
-4,-4
-6,-5
0,0
0,0
0,0
0,0
0,0

RawData: 22
0,0,0,0,0,0,0,0,0,0,0,0,0,0,0,0.803455,1,0.9848375,0.7016932,0,0.7308909,0.7847522,0.6851439,0,0.6734952,0.7045084,0.6463964,0,0,0,0,0,0,0,0,0,0,0,0,0,0,0,0,0,0,0,0,0.6376501,0.9389791,1,0.8776679,0.6585417,0.6661128,0.758868,0.7307233,0.6913203,0,0,0,0,0,0,0,0,0,0
0,0,0,0,0,0,0,0,0,0,0,0,0,0.6006464,0.5450098,0.8101668,1,0.9854968,0.787513,0.7417025,0.7008623,0.6279891,0.7438301,0.7143525,0.7075827,0.64626,0.6228234,0,0,0,0,0,0,0,0,0,0,0,0,0,0,0,0,0,0,0,0,0.6204218,0.9414119,1,0.8834119,0.7149207,0.7057719,0.6175175,0.6797505,0.656575,0.7101215,0.7549264,0.6923221,0.6390076,0.6365119,0,0.5349067,0.5352429,0,0.5196823
0,0,0,0,0,0,0,0,0,0,0,0,0,0.5973073,0.6584044,0.8414014,1,0.9874956,0.8328187,0.7625781,0.7135587,0.6481719,0.6816871,0.6536704,0.6478264,0.641069,0.5873473,0,0,0,0,0,0,0,0,0,0,0,0,0,0,0,0,0,0,0,0,0.6651079,0.9483663,1,0.8820017,0.7281602,0.7129105,0.6325048,0.5769955,0.7133878,0.7379935,0.6191242,0.6637298,0.6366874,0.6168235,0.6204798,0.5792596,0,0,0
0,0,0,0,0,0,0,0,0.5613985,0.6081287,0.5867595,0.7103466,0.7049388,0.6786178,0.6853577,0.8407916,1,0.9835235,0.733107,0.598623,0.6544497,0.6074767,0.6374049,0,0,0,0,0,0,0,0,0,0,0,0,0,0,0,0,0,0,0,0,0,0,0,0.5819384,0.6289444,0.9357239,1,0.9042473,0.6641741,0.638649,0.6735208,0.631963,0.6306226,0.6439835,0.5638857,0,0.5788513,0.5543031,0,0,0,0,0
0,0,0,0,0,0,0,0,0,0.6894878,0,0.7805079,0.7993865,0.7640469,0.8134826,0.8716848,1,0.9943306,0.8453304,0,0,0,0,0,0,0,0,0,0,0,0,0,0,0,0,0,0,0,0,0,0,0,0,0,0,0.6837221,0.7592719,0.739626,0.9415824,1,0.8919904,0.7208355,0.6908439,0.7330471,0.7028729,0,0,0,0,0,0,0,0,0,0,0
0,0,0,0,0.6310014,0.6333455,0,0,0,0.674519,0.6983628,0.7344552,0.7344487,0.7721068,0.7974383,0.8321637,1,0.9745139,0.7183223,0.6704794,0.6147003,0.6198406,0,0,0,0,0,0,0,0,0,0,0,0,0,0,0,0,0,0.6091658,0.6407108,0,0,0.6732024,0.7192152,0.72239,0.6623946,0.6912093,0.9440628,1,0.8936449,0,0.6175157,0.6156771,0,0,0,0,0,0,0,0,0,0,0,0
0,0,0,0.6338397,0.628296,0,0,0,0.6866096,0.6392531,0.7095683,0.7267783,0.6859015,0.8618482,0.8566054,0.8453192,1,0.9840506,0.7630565,0,0.6378437,0,0,0,0,0,0,0,0,0,0,0,0,0,0,0,0,0,0,0,0,0,0,0.6596946,0,0.6801965,0.6638303,0,0.9444369,1,0.902978,0.6256444,0.6577376,0.635132,0,0,0,0,0,0,0,0,0,0,0,0
0,0,0,0.6195461,0.6201962,0,0,0,0,0.6748211,0.6877657,0.7303731,0.7832833,0.833893,0.8123826,0.8346587,1,0.9885584,0.7497378,0.6537008,0,0,0,0,0,0,0,0,0,0,0,0,0,0,0,0,0,0,0.6274902,0.6497922,0.6673199,0.6570286,0.6839361,0.6991675,0.7304531,0.7187034,0.7241767,0.6366732,0.9471161,1,0.8982956,0.7182245,0.6828366,0.6127064,0,0,0,0,0,0,0,0,0,0,0,0
0,0,0,0,0,0,0,0.6155408,0.628584,0,0.6506401,0.6774112,0.7367032,0.7737862,0.8117133,0.6981795,1,0.9885544,0.754385,0.7019008,0.6746349,0.6215586,0,0,0,0,0,0,0,0,0,0,0,0,0,0,0,0.5949722,0.6107224,0.6281854,0.7315415,0.691183,0.6309031,0.722194,0.767199,0.7128276,0.8162066,0.7629591,0.9433972,1,0.8924693,0.6575398,0,0,0,0,0,0,0,0,0,0,0,0,0,0
0,0,0,0,0,0,0,0,0,0,0,0,0,0,0.7667728,0.8747182,1,0.9774649,0.8135649,0,0,0,0,0,0,0,0,0,0,0,0,0,0,0,0,0,0,0,0,0,0.7467076,0.7928802,0.7940883,0.7853691,0.8123365,0.7891375,0,0.8151907,0.9513511,1,0.9183519,0,0,0,0,0,0,0,0,0,0,0,0,0,0,0
0,0,0,0,0,0,0,0,0,0,0,0,0,0.6470169,0.7843786,0.8101653,0.9990948,1,0.8018102,0.7273171,0.6935745,0,0,0,0,0,0,0,0,0,0,0,0,0,0,0,0,0,0,0,0,0,0,0.6785288,0.7655114,0.8067967,0.7778831,0.829224,0.9566721,1,0.8953044,0.6060005,0.6080803,0,0,0,0,0,0,0,0,0,0,0,0,0
0,0,0,0,0,0,0,0,0,0,0,0,0,0.6090083,0.6651893,0.8484532,1,0.9885315,0.854166,0.7738342,0.689974,0.6383274,0.6218656,0,0,0,0,0,0,0,0,0,0,0,0,0,0,0,0,0,0,0,0,0,0,0.6877556,0.7992137,0.8042477,0.9437096,1,0.8895067,0.6944638,0.6313098,0,0,0,0,0,0,0,0,0,0,0,0,0
0,0,0,0,0,0,0,0,0,0,0,0,0,0,0.7137253,0.7561883,0.9987096,1,0.8406944,0.7348747,0.7736961,0.6733097,0,0,0,0,0,0,0,0,0,0,0,0,0,0,0,0,0,0,0,0,0,0,0,0.6173841,0,0.7673844,0.9566521,1,0.8850818,0,0.6922473,0.6496826,0.6706681,0,0,0,0,0,0,0,0,0,0,0
0,0,0,0,0,0,0,0,0,0,0,0,0,0.6978805,0.7503144,0.8673882,1,0.9849481,0.8016897,0.7294916,0,0,0.6758044,0.7068461,0.7276813,0,0,0,0,0,0,0,0,0,0,0,0,0,0,0,0,0,0,0,0,0,0,0.6990575,0.9352444,1,0.9152892,0.7384497,0.7328758,0,0.7072968,0,0,0,0,0,0,0,0,0,0,0
0,0,0,0,0,0,0,0,0,0,0,0.6122404,0.6882818,0.6641744,0.6634755,0.8218105,1,0.9790671,0.7255695,0.7964855,0.7554104,0.7384193,0.7298589,0.6872459,0,0,0,0,0,0,0,0,0,0,0,0,0,0,0,0,0,0,0,0,0.59475,0.6236874,0,0.7446207,0.9499925,1,0.9008547,0.7210234,0.635855,0.606315,0.72231,0.6573079,0,0,0,0,0,0,0,0,0,0
0,0,0,0,0,0,0,0,0,0.6306701,0.6588248,0.6871166,0.7052937,0.6044752,0.7227436,0.8563282,1,0.9865281,0.7783669,0.72093,0.7844598,0.7647228,0.6463957,0.6002524,0.6008818,0.6263624,0.5831169,0,0,0,0,0,0,0,0,0,0,0,0,0,0,0,0.5997435,0.6340996,0,0.6028378,0.5750914,0.5634574,0.9338915,1,0.891155,0.6587675,0.6672328,0.6657164,0,0.6333293,0.5664622,0,0.5722699,0.5728897,0,0,0,0,0,0
0,0,0,0,0,0,0,0.6366493,0.6587424,0.6940312,0.6436169,0.7193578,0.7338086,0.7554148,0.6505474,0.8209264,1,0.9930696,0.8086166,0.6223453,0.6422835,0.6433189,0.6700375,0,0,0,0,0,0,0,0,0,0,0,0,0,0,0,0,0,0,0.6509945,0.6359575,0,0.632378,0.6155315,0,0.6175435,0.9441078,1,0.8839264,0,0.6225241,0.5893345,0.5944997,0,0,0,0,0,0,0,0,0,0,0
0,0,0,0,0,0,0,0,0,0.6882856,0.7266266,0.7546791,0.7111987,0,0.6779236,0.8190146,1,0.9886867,0.8028984,0.6577702,0,0,0,0,0,0,0,0,0,0,0,0,0,0,0,0,0,0,0,0,0,0,0,0.6878892,0.7093097,0.6965485,0.6406338,0,0.9494867,1,0.8954237,0,0,0,0,0,0,0,0,0,0,0,0,0,0,0
0,0,0,0,0,0,0,0,0,0,0,0.6179245,0.7294502,0.7736227,0.7904323,0.7368793,1,0.9885917,0.7481884,0,0,0,0,0,0,0,0,0,0,0,0,0,0,0,0,0,0,0,0,0,0,0,0,0,0.6748801,0.7342633,0.7532179,0.7201896,0.9416927,1,0.8951297,0.5936385,0,0,0,0,0,0,0,0,0,0,0,0,0,0
0,0,0,0,0,0,0,0,0,0,0,0,0,0,0,0.8553453,1,0.9770973,0.7438,0,0,0,0,0,0,0,0,0,0,0,0,0,0,0,0,0,0,0,0,0,0,0,0,0,0,0,0.6066897,0.6971949,0.941009,1,0.8951437,0.5585194,0,0,0,0,0,0,0,0,0,0,0,0,0,0
0,0,0,0,0,0,0,0,0,0,0,0,0,0,0,0.8162764,1,0.9830788,0.7311796,0,0,0,0,0,0,0,0,0,0,0,0,0,0,0,0,0,0,0,0,0,0,0,0,0,0,0,0,0.5716527,0.9419141,1,0.8614731,0.7063717,0.5261943,0,0,0,0,0,0,0,0,0,0,0,0,0
0,0,0,0,0,0,0,0,0,0,0,0,0,0,0,0.8181214,1,0.9909459,0.791951,0,0,0,0,0,0,0,0,0,0,0,0,0,0,0,0,0,0,0,0,0,0,0,0,0,0,0,0,0.5591951,0.9347438,1,0.9067762,0.6728227,0.5145026,0,0,0,0,0,0,0,0,0,0,0,0,0
