GestureName: q
Duration(ms): 1175
Handedness: right

SpeakerAngles: 2
55
-55

InterpretedPoints: 25
0,2.25945008585449
0.806707284111599,2.82431260731812
-0.806707284111599,6.21348773609986
0,10.1675253863452
0.806707284111598,12.9918379936633
0,2.25945008585449
8.06707284111599,-3.38917512878174
2.4201218523348,-7.34321277902711
2.4201218523348,-7.34321277902711
4.03353642055799,-5.08376269317261
-1.6134145682232,-7.90807530049073
-1.6134145682232,-4.51890017170899
0,-1.12972504292725
-0.806707284111599,2.82431260731812
-3.2268291364464,5.64862521463624
-1.6134145682232,7.90807530049073
4.03353642055799,9.6026628648816
5.64695098878119,8.47293782195435
3.2268291364464,5.64862521463624
1.6134145682232,5.64862521463624
0,-6.77835025756348
1.6134145682232,-5.64862521463624
0.806707284111599,-0.564862521463624
0,0
0,0

StrokePoints: 26
177.666666666667,130.277777777778
177.666666666667,128.018327691923
176.859959382555,125.194015084605
177.666666666667,118.980527348505
177.666666666667,108.81300196216
176.859959382555,95.8211639684968
176.859959382555,93.5617138826423
168.792886541439,96.950889011424
166.372764689104,104.294101790451
163.952642836769,111.637314569478
159.919106416211,116.721077262651
161.532520984435,124.629152563142
163.145935552658,129.148052734851
163.145935552658,130.277777777778
163.952642836769,127.45346517046
167.179471973216,121.804839955823
168.792886541439,113.896764655333
164.759350120881,104.294101790451
159.1123991321,95.8211639684968
155.885569995653,90.1725387538606
154.27215542743,84.5239135392243
154.27215542743,91.3022637967878
152.658740859207,96.950889011424
151.852033575096,97.5157515328877
151.852033575096,97.5157515328877
151.852033575096,97.5157515328877

Velocities: 25
2,2
3,2
5,6
9,9
12,11
2,2
2,-8
-5,-8
-5,-8
-2,-7
-8,-6
-5,-3
-1,-1
2,3
3,7
6,8
11,6
11,4
7,3
6,4
-6,-6
-4,-6
0,-1
0,0
0,0

InverseVelocities: 25
0,0
0,0
0,0
0,0
0,-3
-2,-2
-4,0
0,0
0,0
0,0
4,4
0,0
0,1
0,0
0,0
0,0
-1,0
-6,-5
-7,-6
-8,-10
0,0
0,0
0,0
0,0
0,0

RawData: 25
0,0,0,0,0,0,0,0,0,0,0,0,0,0.618149,0.6203381,0.8239802,1,0.9793094,0.7340049,0.8476717,0.822561,0.6939194,0,0,0,0,0,0,0,0,0,0,0,0,0,0,0,0,0,0,0,0,0,0,0,0,0.596401,0.6588725,0.9370664,1,0.9162022,0.8026888,0.7874946,0.7434935,0.6580105,0,0,0,0,0,0,0,0,0,0,0
0,0,0,0,0,0,0,0,0,0,0,0,0,0,0,0.8302602,1,0.9887412,0.8318956,0.8161607,0.7749343,0.7497525,0.7451957,0,0,0,0,0,0,0,0,0,0,0,0,0,0,0,0,0,0,0,0,0,0,0,0,0,0.9459483,1,0.8947768,0.7059944,0.7361519,0.8280262,0.794287,0,0,0,0,0,0,0,0,0,0,0
0,0,0,0,0,0,0,0,0,0,0,0,0,0,0,0.838029,1,0.98816,0.8228707,0.6243625,0.738001,0.8641205,0.8563918,0.7743645,0.6644642,0,0,0,0,0,0,0,0,0,0,0,0,0,0,0,0,0,0,0,0,0,0,0.6202682,0.9473413,1,0.9023086,0.7136889,0.6171171,0.7990858,0.848902,0.7707605,0.6483909,0.6273834,0.6104618,0,0,0,0,0,0,0
0,0,0,0,0,0,0,0,0,0,0,0,0,0,0,0.832986,1,0.984591,0.8117056,0.792549,0.7544715,0.8556798,0.7738456,0.7671109,0.6265461,0,0.6761082,0.7087919,0.6669526,0,0,0,0,0,0,0,0,0,0,0,0,0,0,0,0,0,0,0.665908,0.9476098,1,0.8814827,0.6587158,0.7128124,0.7252448,0.7957677,0.8278174,0.7323384,0.6756148,0,0.653241,0.6739124,0.650064,0,0,0,0
0,0,0,0,0,0,0,0,0,0,0,0,0,0.5850604,0.6081678,0.830847,1,0.9874002,0.7949435,0.782605,0.8465058,0.7268065,0.682295,0.7553526,0.7282767,0.6353257,0.6539636,0.6861337,0.6041663,0.6128572,0.6175013,0.6317434,0.5863586,0,0,0,0,0,0,0,0,0,0,0.5745425,0.6024252,0.5696124,0.5426723,0.689721,0.9368508,1,0.8992432,0.7716612,0.7773362,0.7692678,0.7664137,0.5240249,0.6613118,0,0.5160963,0.5439711,0,0,0.5538327,0.5521794,0,0
0,0,0,0,0,0,0,0,0,0,0,0.809404,0.8044133,0,0.76191,0.8772894,1,0.985598,0.82719,0.7759743,0.8234122,0.7811302,0,0,0,0,0,0,0,0,0,0,0,0,0,0,0,0,0,0,0,0,0,0,0.7521791,0.7986278,0.7595099,0.7893614,0.9536514,1,0.9086505,0,0,0.7669114,0.7752246,0,0,0,0,0,0,0,0,0,0,0
0,0,0,0,0,0,0,0,0,0.6675581,0.7226097,0.692592,0.6881189,0.7276664,0.7092957,0.8339674,1,0.98806,0.7819831,0.6505716,0.6920792,0.6216999,0,0,0,0,0,0,0,0,0,0,0,0,0,0,0,0,0.5926006,0.6669695,0.6777246,0,0.6288832,0.7466038,0.7447575,0.7577733,0.7742099,0.7589432,0.9473956,1,0.8964456,0.6588596,0,0,0,0,0,0,0,0,0,0,0,0,0,0
0,0,0,0,0,0,0,0,0.647133,0.6458234,0.6794149,0.7289032,0.7475855,0.7131652,0.7557614,0.857366,1,0.9863589,0.7842116,0,0,0,0,0,0,0,0,0,0,0,0,0,0,0,0,0,0,0,0.6121555,0.6836656,0.664557,0.6417637,0.7343124,0.6973081,0.7773302,0.7588104,0.6448726,0.7263031,0.9427344,1,0.8924845,0,0,0,0,0,0,0,0,0,0,0,0,0,0,0
0,0,0,0,0,0,0,0,0.6687847,0.7502097,0.7487198,0.706403,0.7424031,0.7617717,0.7696736,0.8410722,1,0.9874839,0.7598944,0,0,0,0,0,0,0,0,0,0,0,0,0,0,0,0,0,0,0,0.6198263,0.7111958,0.7727719,0.7822933,0.7302939,0,0.6803764,0.7117405,0.6848221,0.7435519,0.9522344,1,0.898248,0,0,0,0,0,0,0,0,0,0,0,0,0,0,0
0,0,0,0,0,0,0,0,0,0,0,0.7461337,0.7764313,0,0,0.8662368,1,0.9924603,0.8499565,0,0,0,0,0,0,0,0,0,0,0,0,0,0,0,0,0,0,0,0,0.7109828,0.7718807,0.7489513,0.7414277,0.727635,0.7748577,0.7288,0,0.6799645,0.9510278,1,0.9042824,0,0,0,0,0,0,0,0,0,0,0,0,0,0,0
0,0,0,0,0,0.5540478,0.5995041,0.5799833,0.5833888,0,0.6047517,0.7194594,0.6780694,0.7351772,0.7807797,0.7948791,1,0.9840701,0.6825162,0.5488871,0.6198093,0.628646,0.5936434,0.5483628,0,0,0,0,0,0,0,0,0,0,0,0,0,0,0,0,0.5515932,0.572369,0.6064506,0.7073165,0.672488,0.5736629,0.64181,0.5711372,0.93023,1,0.886413,0.6904519,0.6307754,0.576681,0.5610186,0.5681164,0.5440072,0,0,0,0,0,0,0,0,0
0,0,0,0,0,0,0,0,0.6428202,0.6064609,0.6623362,0.6839789,0.7034614,0.7195899,0.72259,0.8316773,1,0.9896627,0.7728336,0,0,0,0,0,0,0,0,0,0,0,0,0,0,0,0,0,0,0,0,0,0,0,0,0.6429067,0,0.651771,0.7307353,0.7655894,0.933008,1,0.9125969,0.6972716,0,0,0,0,0,0,0,0,0,0,0,0,0,0
0,0,0,0,0,0,0,0,0,0,0,0,0.6222304,0.6815745,0.6494989,0.8190268,1,0.9854939,0.7559002,0.6136342,0,0,0,0,0,0,0,0,0,0,0,0,0,0,0,0,0,0,0,0,0,0,0,0,0,0.606128,0.6157243,0.7332431,0.9632492,1,0.8812137,0.7899386,0.7434654,0.630214,0,0,0,0,0,0,0,0,0,0,0,0
0,0,0,0,0,0,0,0,0,0,0,0,0,0.6784119,0.7177221,0.8579139,1,0.9815953,0.7727295,0,0.7118507,0.6812263,0,0,0,0,0,0,0,0,0,0,0,0,0,0,0,0,0,0,0,0,0,0,0,0,0,0,0.9455462,1,0.8763671,0.7903433,0.7782816,0.7413437,0.6762338,0.6706155,0,0,0,0,0,0,0,0,0,0
0,0,0,0,0,0,0,0,0,0,0,0,0,0,0,0.8391432,1,0.9820551,0.7671758,0.7664312,0.8265625,0.8128396,0.7325544,0,0,0,0,0,0,0,0,0,0,0,0,0,0,0,0,0,0,0,0,0,0,0,0,0.6014024,0.9440293,1,0.8908073,0.7654319,0.7354356,0.6992502,0.7441109,0.7230172,0.7266249,0.7250105,0.6773372,0.5997981,0,0,0,0,0,0
0,0,0,0,0,0,0,0,0,0,0,0,0,0,0.613565,0.8206678,1,0.9875089,0.8226568,0.7562405,0.7104806,0.7563614,0.7467597,0.7068854,0.6396663,0.6667583,0,0,0,0,0,0,0,0,0,0,0,0,0,0,0,0,0,0,0,0,0,0.6117547,0.9481007,1,0.8838234,0.8232756,0.7524844,0.6999063,0.6913648,0.6424463,0.7293125,0.7000093,0.7502961,0.7364721,0.620593,0,0,0,0,0
0,0,0,0,0,0,0,0,0,0,0,0,0.5628491,0.6149095,0,0.8338934,1,0.9893177,0.8084466,0.7219096,0.6826326,0.6896004,0.6379868,0.7484147,0.7184378,0.687661,0.5815718,0.6211255,0.6220177,0.5855351,0.5739718,0,0,0,0,0,0,0,0,0,0,0,0,0,0,0,0.5651385,0.6321029,0.9405335,1,0.8846324,0.8074641,0.7387161,0,0,0,0.5626193,0.5611539,0.5656132,0,0,0,0,0,0,0
0,0,0,0,0,0,0,0.6302624,0.6729012,0.6420371,0.6786083,0.6498848,0.6539541,0.5842884,0,0.8344635,1,0.9815822,0.7052541,0.7611139,0.7061765,0.6921767,0.7048361,0.6902984,0.6005692,0,0.5718342,0,0,0.6113505,0.5981798,0,0,0,0,0,0,0,0,0,0,0.5929984,0.5884222,0.6493676,0.643777,0.6133095,0.5833195,0.7060071,0.9446734,1,0.8762017,0.7202294,0.7946435,0.7728236,0.6732547,0.5558431,0.6042354,0,0,0,0,0,0,0,0,0
0,0,0,0,0,0,0.6537256,0.7239606,0,0.6820849,0.740065,0.6982025,0.7263672,0.7658069,0.7977471,0.735028,1,0.9921608,0.819265,0.7871263,0.7478755,0,0.7002668,0.6588272,0.6482189,0.6367849,0.6445357,0,0,0,0,0,0,0,0,0,0,0,0,0,0.6743544,0.6769224,0.6093447,0,0.6607348,0.6983015,0.7217487,0.6458464,0.94041,1,0.8985708,0.7319668,0.7820342,0.6065907,0.6388575,0.6256199,0,0,0,0,0,0,0,0,0,0
0,0,0,0,0,0.5597414,0.6520283,0.7198554,0.6372165,0.6015537,0.6312476,0.5499231,0.6919321,0.5963525,0.6844623,0.7916421,1,0.9875474,0.7820729,0.6258517,0.6783714,0.628216,0.6130162,0.5838037,0.5883583,0.6133909,0,0,0,0,0,0,0,0,0,0,0.5482858,0.6636526,0.6823516,0,0,0.5890899,0.6894498,0.6958787,0.6859241,0.5787642,0.6328118,0.5349571,0.9360266,1,0.8934672,0.6708066,0.6183135,0,0.5244288,0.563755,0.5438813,0,0,0,0,0,0,0,0,0
0,0,0,0,0,0,0,0.7192168,0.7375194,0,0,0.73234,0.77604,0.744092,0.6911558,0.8536557,1,0.9849922,0.7669551,0,0,0,0,0,0,0,0,0,0,0,0,0,0,0,0,0,0,0,0,0,0.7099171,0.7467887,0.760983,0,0,0.682933,0.7417317,0.7085881,0.9483156,1,0.905361,0,0,0,0,0,0,0,0,0,0,0,0,0,0,0
0,0,0,0,0,0,0,0,0,0.5907612,0.5942609,0,0.6798536,0.6715161,0.6688535,0.8348238,1,0.9881293,0.7741115,0,0,0,0,0,0,0,0,0,0,0,0,0,0,0,0,0,0,0,0,0,0.5646777,0.5677438,0.6158447,0.6338856,0.6959459,0.7270299,0,0.6960766,0.9460955,1,0.8889503,0,0,0,0,0,0,0,0,0,0,0,0,0,0,0
0,0,0,0,0,0,0,0,0,0,0,0,0,0.6384308,0.6889488,0.8538863,1,0.9851679,0.7688625,0,0,0,0,0,0,0,0,0,0,0,0,0,0,0,0,0,0,0,0,0,0,0,0,0,0,0.6526854,0.6816092,0.6934816,0.9390784,1,0.8942203,0,0,0,0,0,0,0,0,0,0,0,0,0,0,0
0,0,0,0,0,0,0,0,0,0,0,0,0,0,0,0.8258354,1,0.9906909,0.7819021,0,0,0,0,0,0,0,0,0,0,0,0,0,0,0,0,0,0,0,0,0,0,0,0,0,0,0,0,0.6228641,0.944578,1,0.8957323,0,0,0,0,0,0,0,0,0,0,0,0,0,0,0
0,0,0,0,0,0,0,0,0,0,0,0,0,0,0,0.8432047,1,0.988161,0.8083485,0,0,0,0,0,0,0,0,0,0,0,0,0,0,0,0,0,0,0,0,0,0,0,0,0,0,0,0,0,0.9517933,1,0.8970101,0,0,0,0,0,0,0,0,0,0,0,0,0,0,0
