GestureName: s
Duration(ms): 752
Handedness: right

SpeakerAngles: 2
55
-55

InterpretedPoints: 16
4.84024370466959,-3.38917512878174
7.26036555700439,-2.82431260731812
7.26036555700439,-2.82431260731812
2.4201218523348,-3.95403765024536
-0.806707284111599,-3.95403765024536
0.806707284111599,-1.69458756439087
-1.6134145682232,-2.25945008585449
0,-4.51890017170899
0,-3.38917512878174
-0.806707284111599,-0.564862521463624
-0.806707284111599,-2.82431260731812
1.6134145682232,-2.25945008585449
2.4201218523348,-2.82431260731812
2.4201218523348,-2.82431260731812
0,-1.12972504292725
3.2268291364464,-1.12972504292725

StrokePoints: 17
177.666666666667,130.277777777778
172.826422961997,133.66695290656
165.566057404993,136.491265513878
158.305691847988,139.315578121196
155.885569995654,143.269615771441
156.692277279765,147.223653421687
155.885569995654,148.918240986077
157.498984563877,151.177691071932
157.498984563877,155.696591243641
157.498984563877,159.085766372423
158.305691847988,159.650628893886
159.1123991321,162.474941501204
157.498984563877,164.734391587059
155.078862711542,167.558704194377
152.658740859207,170.383016801695
152.658740859207,171.512741844622
149.431911722761,172.64246688755

Velocities: 16
0,-6
2,-7
2,-7
-2,-5
-4,-3
-1,-2
-3,-1
-4,-4
-3,-3
-1,0
-3,-2
-1,-3
-1,-4
-1,-4
-1,-1
1,-3

InverseVelocities: 16
0,0
-2,0
-2,0
0,0
2,0
3,2
5,5
7,8
6,7
2,0
1,0
0,0
0,0
0,0
1,0
0,0

RawData: 16
0,0,0,0,0,0,0,0,0,0,0,0,0,0.7095258,0.840135,0.8925266,1,0.9781081,0.7602283,0.6877171,0,0,0,0,0,0,0,0,0,0,0,0,0,0,0,0,0,0,0,0,0.6687427,0.7508883,0.7461071,0.7201341,0.6621954,0,0.7330722,0.8238578,0.9467853,1,0.8673838,0.646425,0,0,0,0,0,0,0,0,0,0,0,0,0,0
0,0,0,0,0,0,0,0,0,0,0,0.6254173,0.704895,0.7193139,0.7483875,0.8286419,1,0.9918001,0.798083,0.6413409,0.5647832,0.6051124,0,0,0,0,0,0,0,0,0,0,0,0,0,0,0,0,0,0.5705986,0.6315872,0.777191,0.768511,0.6836109,0,0,0.7678256,0.8096015,0.9283571,1,0.8945799,0.549399,0,0,0,0,0,0,0,0,0,0,0,0,0,0
0,0,0,0,0,0,0,0,0,0,0,0.6474641,0.7184815,0.7289146,0.7171028,0.8532182,1,0.9814488,0.7353002,0.5892888,0.6870755,0.6758442,0,0,0,0,0,0,0,0,0,0,0,0,0,0,0,0,0,0.5957351,0.7282633,0.7382594,0.645183,0.7205642,0.6442069,0.7216486,0.7719696,0.7111191,0.9314214,1,0.8872942,0,0,0,0,0,0,0,0,0,0,0,0,0,0,0
0,0,0,0,0,0,0,0,0,0,0,0.7521058,0.6945257,0.7250279,0.7794551,0.8713729,1,0.9872264,0.8064366,0.6851624,0,0,0,0,0,0,0,0,0,0,0,0,0,0,0,0,0,0,0,0,0,0.6554714,0.7041311,0.6738808,0.7695107,0.807861,0.712724,0.7907169,0.9508411,1,0.9033641,0,0,0,0,0,0,0,0,0,0,0,0,0,0,0
0,0,0,0,0,0,0,0,0,0.6779228,0.7221092,0.7670006,0.6574345,0.6369009,0.6848476,0.7880297,1,0.9956209,0.8264686,0.6428192,0.6169765,0.6517102,0,0,0,0,0,0,0,0,0,0,0,0,0,0,0,0,0,0,0,0,0,0.6101325,0.6489484,0.770661,0.7667406,0.7556233,0.9430052,1,0.891643,0,0,0,0,0,0,0,0,0,0,0,0,0,0,0
0,0,0,0,0,0,0,0,0,0,0,0,0.6958206,0.6426005,0.7004412,0.7960815,1,0.9891371,0.8124972,0.6303198,0,0.6573417,0.6729033,0,0,0,0,0,0,0,0,0,0,0,0,0,0,0,0,0,0,0,0,0,0.5923097,0.6969515,0.6475925,0.7796767,0.9460485,1,0.9110166,0.6708965,0,0.6302929,0.6227843,0,0,0,0,0,0,0,0,0,0,0
0,0,0,0,0,0,0,0,0,0,0.641138,0.6892318,0,0,0,0.8623323,1,0.9717715,0.7437529,0.7935229,0.7773675,0.7345085,0.7479485,0.640722,0.6284714,0,0,0,0,0,0,0,0,0,0,0,0,0,0,0,0,0,0,0,0,0.5931842,0.6771595,0.6711838,0.9457001,1,0.877964,0.7082915,0.6920717,0.6765687,0.6977367,0.742348,0.7447172,0.7009696,0,0,0,0,0,0,0,0
0,0,0,0,0,0,0,0,0,0.6508464,0.7245958,0.7482725,0,0.6793732,0.7187898,0.8501232,1,0.9800724,0.7740402,0.6952945,0,0.7747124,0.8248098,0.7983899,0.7738373,0.7362506,0.6718307,0,0,0,0,0,0,0,0,0,0,0,0,0,0,0,0.6339233,0.6359821,0,0,0,0,0.9487119,1,0.8957638,0.6934548,0.7028727,0.6338643,0.6609366,0,0.6564115,0.7552913,0.7433732,0.6500556,0.6459565,0,0,0,0,0
0,0,0,0,0,0,0,0,0,0,0.6631337,0.7007166,0.6264627,0,0.6368446,0.7981607,1,0.9978574,0.853999,0.7696579,0.734554,0.7725641,0.7593331,0.751844,0.7230656,0.6261358,0,0,0,0,0,0,0,0,0,0,0,0,0,0,0,0,0,0.63524,0.5568516,0,0.5678889,0.6135519,0.9411504,1,0.8903044,0.6214213,0.6105211,0,0.551029,0.6351853,0.5631449,0,0.6587909,0.6087915,0,0,0,0,0,0
0,0,0,0,0,0,0,0,0,0,0,0,0.8065597,0.8328393,0.7938302,0.8366932,1,0.9870054,0.7971841,0,0.6990994,0.6928833,0,0,0,0,0,0,0,0,0,0,0,0,0,0,0,0,0,0,0,0,0,0,0,0,0.695135,0.7461541,0.9508423,1,0.8940081,0.6822827,0,0,0,0,0,0,0,0,0,0,0,0,0,0
0,0,0,0,0,0,0,0,0,0,0.7084965,0.7421871,0.8264899,0.8230483,0.7412816,0.8606145,1,0.9802866,0.7420077,0,0.6677028,0,0,0,0,0,0,0,0,0,0,0,0,0,0,0,0,0,0,0,0,0,0,0,0.6719322,0.6445503,0.7477971,0.7951306,0.9577389,1,0.8998272,0.6723974,0.6501503,0,0,0,0,0,0,0,0,0,0,0,0,0
0,0,0,0,0,0,0,0,0,0,0,0,0.6789736,0.7343774,0.7545885,0.8537548,1,0.9854724,0.7736435,0.6060047,0,0,0,0,0,0,0,0,0,0,0,0,0,0,0,0,0,0,0,0,0,0,0,0.6636328,0.7204316,0.7558951,0.7430179,0.7166911,0.9415008,1,0.8889759,0.5707327,0,0,0,0,0,0,0,0,0,0,0,0,0,0
0,0,0,0,0,0,0,0,0,0,0,0,0.6842547,0,0.6736758,0.852155,1,0.9854359,0.7846659,0,0,0,0,0,0,0,0,0,0,0,0,0,0,0,0,0,0,0,0,0,0,0,0.5715336,0.6706055,0.663686,0.6184274,0,0.6380104,0.9482219,1,0.8892376,0,0,0,0,0,0,0,0,0,0,0,0,0,0,0
0,0,0,0,0,0,0,0,0,0,0,0,0.7021424,0.63603,0,0.8300747,1,0.9876372,0.801218,0,0,0,0,0,0,0,0,0,0,0,0,0,0,0,0,0,0,0,0,0,0,0,0.5990946,0.5857992,0.5762997,0.5897955,0.6191494,0,0.9438031,1,0.8870103,0.6366159,0,0,0,0,0,0,0,0,0,0,0,0,0,0
0,0,0,0,0,0,0,0,0,0,0,0,0.6755279,0,0,0.8116941,1,0.9849166,0.7646274,0.6954098,0.7062486,0,0,0,0,0,0,0,0,0,0,0,0,0,0,0,0,0,0,0,0,0,0,0,0,0.6363613,0.6819997,0.6614324,0.9379047,1,0.9008216,0.6990241,0.6508839,0,0,0,0,0,0,0,0,0,0,0,0,0
0,0,0,0,0,0,0,0,0,0,0,0,0,0,0.6997451,0.8292274,1,0.98966,0.8119668,0.7758125,0.7580683,0,0,0,0,0,0,0,0,0,0,0,0,0,0,0,0,0,0,0,0,0,0,0.618868,0.6645156,0.703392,0.6989482,0.7024116,0.9348313,1,0.8888166,0,0,0,0,0,0,0,0,0,0,0,0,0,0,0
