GestureName: x
Duration(ms): 1410
Handedness: right

SpeakerAngles: 2
55
-55

InterpretedPoints: 30
0,0
0,0
0,0
0,0
0,0
-1.6134145682232,-3.38917512878174
-1.6134145682232,-7.90807530049073
0,-11.2972504292725
-7.26036555700439,-8.47293782195435
-4.03353642055799,-9.6026628648816
-1.6134145682232,-9.03780034341798
0,-2.25945008585449
0,0
0,0
0,0
2.4201218523348,-0.564862521463624
2.4201218523348,-0.564862521463624
4.84024370466959,-1.12972504292725
-0.806707284111599,-0.564862521463624
-0.806707284111599,-0.564862521463624
0,0
0.806707284111599,2.82431260731812
1.6134145682232,3.38917512878174
2.4201218523348,7.34321277902711
0.806707284111599,8.47293782195435
-1.6134145682232,12.4269754721997
1.6134145682232,9.03780034341798
-3.2268291364464,9.03780034341798
-1.6134145682232,2.25945008585449
-1.6134145682232,1.12972504292725

StrokePoints: 31
177.666666666667,130.277777777778
177.666666666667,130.277777777778
177.666666666667,130.277777777778
177.666666666667,130.277777777778
177.666666666667,130.277777777778
177.666666666667,130.277777777778
179.28008123489,133.66695290656
180.893495803113,141.57502820705
180.893495803113,152.872278636323
188.153861360117,161.345216458277
192.187397780675,170.947879323159
193.800812348899,179.985679666577
193.800812348899,182.245129752431
193.800812348899,182.245129752431
193.800812348899,182.245129752431
193.800812348899,182.245129752431
191.380690496564,182.809992273895
188.960568644229,183.374854795358
184.120324939559,184.504579838286
184.927032223671,185.069442359749
185.733739507783,185.634304881213
185.733739507783,185.634304881213
184.927032223671,182.809992273895
183.313617655448,179.420817145113
180.893495803113,172.077604366086
180.086788519001,163.604666544132
181.700203087225,151.177691071932
180.086788519001,142.139890728514
183.313617655448,133.102090385096
184.927032223671,130.842640299241
186.540446791894,129.712915256314

Velocities: 30
0,0
0,0
0,0
0,0
0,0
-4,-2
-8,-6
-10,-10
-12,-3
-11,-6
-9,-7
-2,-2
0,0
0,0
0,0
1,-2
1,-2
2,-4
-1,0
-1,0
0,0
3,2
4,2
8,5
8,7
10,12
9,7
6,10
1,3
0,2

InverseVelocities: 30
0,0
0,0
0,0
0,0
0,0
0,0
0,0
0,0
0,0
0,0
0,0
0,0
0,0
0,0
0,0
0,0
0,0
-1,0
0,0
0,0
0,0
0,0
0,0
0,0
0,0
-1,0
0,0
0,0
0,0
0,0

RawData: 30
0,0,0,0,0,0,0,0,0,0,0,0,0,0,0,0.8312243,1,0.9915016,0.7921264,0,0,0,0,0,0,0,0,0,0,0,0,0,0,0,0,0,0,0,0,0,0,0,0,0,0,0,0,0.6323907,0.9454889,1,0.9003193,0,0,0,0,0,0,0,0,0,0,0,0,0,0,0
0,0,0,0,0,0,0,0,0,0,0,0,0,0,0,0.8152891,1,0.9939318,0.7888331,0.5198147,0,0,0,0,0,0,0,0,0,0,0,0,0,0,0,0,0,0,0,0,0,0,0,0,0,0,0,0.5820879,0.9399365,1,0.8927897,0,0,0,0,0,0,0,0,0,0,0,0,0,0,0
0,0,0,0,0,0,0,0,0,0,0,0,0,0,0,0.8606282,1,0.9605584,0.8464338,0,0,0,0,0,0,0,0,0,0,0,0,0,0,0,0,0,0,0,0,0,0,0,0,0,0,0,0,0.6169608,0.953181,1,0.8683547,0.6481965,0,0,0,0,0,0,0,0,0,0,0,0,0,0
0,0,0,0,0,0,0,0,0,0,0,0,0,0,0.5739156,0.8806732,1,0.9613751,0.8087131,0.5291444,0,0,0,0,0,0,0,0,0,0,0,0,0,0,0,0,0,0,0,0,0,0,0,0,0,0,0,0.5967507,0.9407314,1,0.8950512,0.6033034,0,0,0,0,0,0,0,0,0,0,0,0,0,0
0,0,0,0,0,0,0,0,0,0,0,0,0,0,0.8951306,0.9625264,0.9417973,1,0.8604972,0,0,0,0,0,0,0,0,0,0,0,0,0,0,0,0,0,0,0,0,0,0,0,0,0,0,0,0,0.7583385,0.9553945,1,0.9185292,0,0,0,0,0,0,0,0,0,0,0,0,0,0,0
0,0,0,0,0,0,0,0,0,0.5992262,0.7192209,0.7855083,0.7897322,0,0.8892474,0.8868632,1,0.974503,0.7410151,0,0,0,0,0,0,0,0,0,0,0,0,0,0,0,0,0,0,0,0,0,0,0,0,0,0.606648,0.7097201,0.7657928,0.7909288,0.9494724,1,0.8905718,0.5549983,0,0,0,0,0,0,0,0,0,0,0,0,0,0
0,0,0,0,0,0.6858674,0.7206175,0.7401168,0.7167177,0.8046318,0.8314611,0.9173908,0.9236971,0.8812564,0.7774326,0.8076578,1,0.9867128,0.7746583,0,0,0,0,0,0,0,0,0,0,0,0,0,0,0,0,0,0,0,0,0,0.6648713,0.6721107,0,0.6704878,0.7233595,0.8175365,0.8242204,0.7852308,0.9506434,1,0.8957281,0,0,0,0,0,0,0,0,0,0,0,0,0,0,0
0,0,0,0.7389347,0.7602012,0.7382573,0.7250375,0.6917524,0.7934034,0.8572375,0.8636822,0.7755151,0.7603495,0.7268125,0.7855428,0.8390244,1,0.9827711,0.7636564,0,0,0,0,0,0,0,0,0,0,0,0,0,0,0,0,0,0.6309386,0.6532202,0.6600198,0.6288007,0,0.6366659,0.7318265,0.7652463,0.7139256,0.6217271,0.69405,0.7121747,0.9468597,1,0.8905603,0,0,0,0,0,0,0,0,0,0,0,0,0,0,0
0,0.682431,0.7506211,0.6698365,0.6481025,0.6377238,0.6374893,0.7857273,0.8762223,0.87186,0.8659099,0.6776701,0.8266523,0.7085792,0.7395447,0.8136474,1,0.9834027,0.748326,0,0,0,0,0,0,0,0,0,0,0,0,0,0,0,0,0,0,0,0,0,0,0,0,0.6631311,0.685872,0.6917324,0,0.6367236,0.9387411,1,0.8747094,0,0,0,0,0,0,0,0,0,0,0,0,0,0,0
0,0,0.6662355,0.693497,0.6540943,0.606801,0,0.7499357,0.8300247,0.795398,0.9691368,1,0.9048303,0.7276556,0.6869137,0.7799172,0.9997573,0.9964265,0.7793345,0,0,0,0,0,0,0,0,0,0,0,0,0,0,0,0,0,0,0,0,0,0.6466546,0.7311738,0.754476,0.5902071,0.6289423,0.5645812,0.7451538,0.7067837,0.941075,1,0.8873203,0,0,0,0,0,0,0,0,0,0,0,0,0,0,0
0,0,0,0,0.5828406,0.6101259,0.583801,0,0.6421227,0.7607695,0.8207383,0.8436219,0.9607952,0.9585271,0.824893,0.6903048,1,0.9972273,0.7933186,0,0,0,0,0,0,0,0,0,0,0,0,0,0,0,0,0,0,0,0,0.5497894,0.5503494,0,0.6651058,0.7162597,0.7601428,0.7916732,0.711884,0.7298757,0.9302102,1,0.8929673,0,0,0,0,0,0,0,0,0,0,0,0,0,0,0
0,0,0,0,0,0,0,0,0,0,0,0.6588906,0.7625315,0.8413199,0.9070826,0.847258,0.9911796,1,0.7740189,0,0,0,0,0,0,0,0,0,0,0,0,0,0,0,0,0,0,0,0,0,0,0,0,0,0.5359371,0.6121027,0.7228442,0.7699025,0.9288665,1,0.8880301,0.5439656,0,0,0,0,0,0,0,0,0,0,0,0,0,0
0,0,0,0,0,0,0,0,0,0,0,0,0,0,0.6619483,0.8668488,1,0.9906031,0.8351155,0,0,0,0,0,0,0,0,0,0,0,0,0,0,0,0,0,0,0,0,0,0,0,0,0,0,0,0,0.6762885,0.9537531,1,0.8907352,0,0,0,0,0,0,0,0,0,0,0,0,0,0,0
0,0,0,0,0,0,0,0,0,0,0,0,0,0.6030352,0.6312813,0.8461977,1,0.9239154,0.9020559,0.7934214,0,0,0,0,0,0,0,0,0,0,0,0,0,0,0,0,0,0,0,0,0,0,0,0,0,0,0.6664547,0.7814841,0.9523554,1,0.8923996,0,0,0,0,0,0,0,0,0,0,0,0,0,0,0
0,0,0,0,0,0,0,0,0,0,0,0,0,0,0.7034671,0.8218397,0.9805632,1,0.9366232,0.835804,0,0,0,0,0,0,0,0,0,0,0,0,0,0,0,0,0,0,0,0,0,0,0,0,0,0,0.7579095,0.8348487,0.957217,1,0.9031398,0.6370266,0,0,0,0,0,0,0,0,0,0,0,0,0,0
0,0,0,0,0,0,0,0,0,0,0,0,0,0.6976443,0.6565316,0.8522069,1,0.9617131,0.7957249,0.7343692,0.6950945,0,0,0,0,0,0,0,0,0,0,0,0,0,0,0,0,0,0,0,0,0,0,0,0.6075786,0.6770663,0.7805271,0.7701001,0.9423902,1,0.9040787,0.6816504,0.6566878,0,0,0,0,0,0,0,0,0,0,0,0,0
0,0,0,0,0,0,0,0,0,0,0,0,0,0.6696418,0.738579,0.7968671,1,0.9907162,0.7342427,0.7490813,0.6343199,0,0,0,0,0,0,0,0,0,0,0,0,0,0,0,0,0,0,0,0,0,0,0,0.6446946,0.7598531,0.7371556,0.748114,0.9535908,1,0.8874622,0.6735097,0.6088542,0,0,0,0,0,0,0,0,0,0,0,0,0
0,0,0,0,0,0,0,0,0,0,0,0,0.6358365,0.7265689,0.8414865,0.8452239,1,0.9757042,0.7630413,0.627667,0.5883936,0.5732819,0,0,0,0,0,0,0,0,0,0,0,0,0,0,0,0,0,0,0,0,0.5514153,0.603655,0.6787251,0.7559974,0.7383831,0.7322575,0.9501413,1,0.8913457,0.6002032,0,0,0,0,0,0,0,0,0,0,0,0,0,0
0,0,0,0,0,0,0,0,0,0,0,0,0.8134179,0.8526025,0.8864486,0.8844467,1,0.9832651,0,0,0,0,0,0,0,0,0,0,0,0,0,0,0,0,0,0,0,0,0,0,0,0,0,0,0,0,0,0,0.9568757,1,0.9115153,0,0,0,0,0,0,0,0,0,0,0,0,0,0,0
0,0,0,0,0,0,0,0,0,0,0,0,0.6451699,0.7063621,0.7861528,0.785886,1,0.9881292,0.7800263,0,0,0,0,0,0,0,0,0,0,0,0,0,0,0,0,0,0,0,0,0,0,0,0,0,0,0,0,0.659467,0.9448738,1,0.8987401,0,0,0,0,0,0,0,0,0,0,0,0,0,0,0
0,0,0,0,0,0,0,0,0,0,0,0,0,0,0,0.8496569,1,0.9925162,0.8446599,0.6499972,0,0,0,0,0,0,0,0,0,0,0,0,0,0,0,0,0,0,0,0,0,0,0,0,0,0,0,0,0.9439994,1,0.9040612,0,0,0,0,0,0,0,0,0,0,0,0,0,0,0
0,0,0,0,0,0,0,0,0,0,0,0,0,0,0,0.8250852,1,0.9661456,0.7238129,0.7065259,0.7646974,0.7200906,0.6267455,0,0,0,0,0,0,0,0,0,0,0,0,0,0,0,0,0,0,0,0,0,0,0,0,0.6113142,0.9417504,1,0.8797299,0.7117236,0.6713635,0.6061625,0.5744171,0,0,0,0,0,0,0,0,0,0,0
0,0,0,0,0,0,0,0,0,0,0,0,0,0,0,0.8318971,1,0.996116,0.8340535,0.8817558,0.8779339,0,0.8575214,0.8469105,0,0,0,0,0,0,0,0,0,0,0,0,0,0,0,0,0,0,0,0,0,0,0,0,0.9527856,1,0.9048768,0,0,0.8217173,0.8076473,0,0,0,0,0,0,0,0,0,0,0
0,0,0,0,0,0,0,0,0,0,0,0,0,0,0,0.8350522,1,0.9943627,0.8640119,0.7537659,0.7749831,0.8390818,0.8850252,0.827269,0.787562,0.7216865,0.7009562,0.6979762,0,0,0,0,0,0,0,0,0,0,0,0,0,0,0,0,0,0,0,0,0.9461944,1,0.8928075,0,0.6373793,0.7494317,0.7952531,0.8175564,0.8024174,0.7245004,0,0,0,0,0,0,0,0
0,0,0,0,0,0,0,0,0,0,0,0,0,0,0.6371711,0.8246424,1,0.9799342,0.7539668,0.8154354,0.8568724,0.800167,0.8886194,0.8900659,0.8013678,0.6029137,0,0.6139864,0,0,0,0,0,0,0,0,0,0,0,0,0,0,0,0,0,0,0,0,0.9369668,1,0.8897496,0.6060874,0.7010055,0.6909841,0.7603958,0.8223234,0.7282642,0.7461656,0.6888157,0.6188491,0,0,0,0,0,0
0,0,0,0,0,0,0,0,0,0,0,0,0.5790257,0.650449,0.7194495,0.8004172,1,0.9750363,0.6241959,0.8943829,0.8686885,0.9012265,0.8745433,0.8298517,0.8379551,0.7142249,0.7046779,0,0.7219197,0.6689069,0,0,0,0,0,0,0,0,0,0,0,0,0,0,0,0,0,0.6062002,0.9395085,1,0.886615,0.6597362,0.6276342,0,0.7533485,0.7941611,0,0.629823,0.5964804,0,0,0,0,0,0.5884055,0.5516668
0,0,0,0,0,0,0,0,0,0,0,0,0,0,0.7615916,0.7333496,1,0.9900101,0.7463468,0.9381695,0.9679301,0.9338591,0.8476331,0.8499361,0.8327374,0,0.7749465,0.8251792,0.7887439,0,0,0,0,0,0,0,0,0,0,0,0,0,0,0,0,0,0,0,0.9495156,1,0.8929008,0.7383092,0.7705092,0.7507957,0.75704,0.7619494,0.8448621,0.8135231,0.7702394,0.7169295,0,0,0,0,0,0
0,0,0,0,0,0,0,0,0,0,0,0,0,0.6280023,0.6754588,0.8143159,1,0.9785562,0.7133863,0.7292388,0.7361954,0.723282,0.7683702,0.7522444,0.7416075,0.6744081,0,0,0,0,0,0,0,0,0,0,0,0,0,0,0,0,0,0,0,0,0,0.5727154,0.93766,1,0.8867176,0.628647,0.8080938,0.8188868,0.7591717,0.7802839,0.739302,0.6378353,0,0,0,0.6281477,0.5990861,0,0,0
0,0,0,0,0,0,0,0,0,0,0,0,0,0,0,0.8357078,1,0.9833562,0.7670017,0.8217865,0.7668641,0,0,0,0,0,0,0,0,0,0,0,0,0,0,0,0,0,0,0,0,0,0,0,0,0,0,0,0.9527114,1,0.8826649,0.8585269,0.8954374,0.8566085,0.765772,0.7423815,0,0,0,0,0,0,0,0,0,0
0,0,0,0,0,0,0,0,0,0,0,0,0,0,0.6549484,0.8745199,1,0.9830122,0.7943117,0.629679,0,0,0,0,0,0,0,0,0,0,0,0,0,0,0,0,0,0,0,0,0,0,0,0,0,0,0,0.6928449,0.9330533,1,0.9346135,0.8152682,0.7081751,0.5640661,0.5619729,0,0,0,0,0,0,0,0,0,0,0
