GestureName: y
Duration(ms): 1222
Handedness: right

SpeakerAngles: 2
55
-55

InterpretedPoints: 26
0,0
0.806707284111599,0.564862521463624
0.806707284111599,3.95403765024536
3.22682913644639,4.51890017170899
4.84024370466959,4.51890017170899
1.6134145682232,3.38917512878174
0,5.64862521463624
1.6134145682232,1.12972504292725
-2.4201218523348,3.95403765024536
-0.806707284111599,2.82431260731812
-0.806707284111599,6.21348773609986
-0.806707284111599,5.08376269317261
-2.4201218523348,3.95403765024536
4.84024370466959,-2.25945008585449
-4.03353642055799,-3.95403765024536
0,-4.51890017170899
0.806707284111599,-1.69458756439087
-0.806707284111599,0.564862521463624
0.806707284111599,2.82431260731812
-0.806707284111599,3.95403765024536
3.2268291364464,7.90807530049073
3.2268291364464,6.77835025756348
0,1.12972504292725
0.806707284111599,2.82431260731812
2.4201218523348,-2.82431260731812
0,-1.12972504292725

StrokePoints: 27
177.666666666667,130.277777777778
177.666666666667,130.277777777778
176.859959382555,129.712915256314
176.053252098443,125.758877606069
172.826422961997,121.23997743436
167.986179257327,116.721077262651
166.372764689104,113.331902133869
166.372764689104,107.683276919233
164.759350120881,106.553551876306
167.179471973216,102.59951422606
167.986179257328,99.7752016187421
168.792886541439,93.5617138826422
169.599593825551,88.4779511894696
172.019715677886,84.5239135392243
167.179471973216,86.7833636250787
171.213008393774,90.7374012753241
171.213008393774,95.2563014470331
170.406301109662,96.950889011424
171.213008393774,96.3860264899604
170.406301109662,93.5617138826422
171.213008393774,89.6076762323969
167.986179257328,81.6996009319061
164.759350120881,74.9212506743426
164.759350120881,73.7915256314154
163.95264283677,70.9672130240973
161.532520984435,73.7915256314154
161.532520984435,74.9212506743426

Velocities: 26
0,0
1,0
4,3
6,2
7,1
4,2
5,5
2,0
2,5
2,3
5,6
4,5
2,5
1,-5
-6,-1
-4,-4
-1,-2
0,1
3,2
3,4
9,5
8,4
1,1
3,2
-1,-4
-1,-1

InverseVelocities: 26
0,0
0,0
0,0
0,0
0,0
0,0
0,0
-1,0
-5,-2
0,0
-3,0
-5,-2
-6,-7
-6,0
0,0
0,0
0,0
0,0
0,0
0,0
-3,0
-4,-4
-3,-5
-4,-6
0,0
0,0

RawData: 26
0,0,0,0,0,0,0,0,0,0,0,0,0,0.7384341,0.8024466,0.7919872,1,0.98645,0,0,0,0,0,0,0,0,0,0,0,0,0,0,0,0,0,0,0,0,0,0,0,0,0,0,0,0,0,0,0.9373743,1,0.912764,0.8148869,0,0,0,0,0,0,0,0,0,0,0,0,0,0
0,0,0,0,0,0,0,0,0,0,0,0,0,0,0,0.8378629,1,0.975904,0.6865654,0.8011221,0.7312351,0,0,0,0,0,0,0,0,0,0,0,0,0,0,0,0,0,0,0,0,0,0,0,0,0,0,0,0.9434707,1,0.8658195,0.7253922,0.5653538,0,0,0,0,0,0,0,0,0,0,0,0,0
0,0,0,0,0,0,0,0,0,0,0,0,0,0,0.6268578,0.8184211,1,0.9877672,0.8064016,0.8092938,0.8287052,0.7656363,0.672367,0.6086695,0,0,0,0,0,0,0,0,0,0,0,0,0,0,0,0,0,0,0,0,0,0,0,0.6791365,0.9534016,1,0.8757886,0.7981436,0.8082702,0.7560796,0.6765619,0.5987906,0,0,0,0,0,0,0,0,0,0
0,0,0,0,0,0,0,0,0,0,0,0,0,0,0,0.8397352,1,0.9900188,0.7834101,0.8955639,0.8594425,0.7941236,0.742062,0.7155609,0.7345524,0.7285181,0,0,0,0,0,0,0,0,0,0,0,0,0,0,0,0,0,0,0,0,0,0,0.9481987,1,0.908411,0.8212561,0.6696203,0.7293425,0.7576393,0,0,0,0,0,0,0,0,0,0,0
0,0,0,0,0,0,0,0,0,0,0,0,0,0,0,0.8222601,1,0.988058,0.7012145,0.8266093,0.7471389,0.6843506,0.69886,0.6990739,0.710933,0.7542248,0.6326367,0,0,0,0,0,0,0,0,0,0,0,0,0,0,0,0,0,0,0,0,0.6020491,0.9440066,1,0.9045407,0.8132473,0.7808895,0.7093176,0,0,0,0,0,0,0,0,0,0,0,0
0,0,0,0,0,0,0,0,0,0,0,0,0,0,0,0.835452,1,0.9909185,0.8114386,0.732098,0.7545012,0.8171087,0.7812623,0.7175373,0,0,0,0,0,0,0,0,0,0,0,0,0,0,0,0,0,0,0,0,0,0,0,0.6657003,0.9423166,1,0.9241418,0.8209002,0.7478319,0.6835234,0.6929379,0,0,0,0,0,0,0,0,0,0,0
0,0,0,0,0,0,0,0,0,0,0,0,0,0.7018918,0.7686078,0.8699493,1,0.979879,0.7304536,0.8074203,0.7636772,0.7445498,0.756507,0.7278493,0.5961869,0,0,0,0,0,0,0,0,0,0,0,0,0,0,0,0,0,0,0,0,0,0.6227959,0.7348666,0.9457031,1,0.8953469,0.6805325,0.6828688,0.6621294,0.6461059,0.6673739,0.6657332,0.6670285,0,0,0,0,0,0,0,0
0,0,0,0,0,0,0,0,0,0,0,0,0.7498211,0.784857,0,0.8401853,1,0.9943488,0.828371,0.8286532,0.8474461,0.7827437,0,0,0,0,0,0,0,0,0,0,0,0,0,0,0,0,0,0,0,0,0,0,0,0,0,0.7123049,0.953439,1,0.9117954,0,0,0,0,0,0,0,0,0,0,0,0,0,0,0
0,0,0,0,0,0,0,0,0.5788385,0.5852836,0.5952465,0.7220077,0.7235647,0,0.6978356,0.7816865,1,0.9882265,0.7358909,0.7501789,0.6865825,0.6518894,0,0,0,0,0,0,0,0,0,0,0,0,0,0,0,0,0,0,0,0,0,0,0.5771222,0.5931368,0.6383206,0.6621982,0.9394059,1,0.8934315,0.7170605,0.6719775,0.6571487,0,0.5878855,0.5563301,0.5408289,0,0,0,0,0,0,0,0
0,0,0,0,0,0,0,0,0,0,0,0,0,0.6247722,0.6250019,0.8359758,1,0.9877079,0.7845064,0.7001295,0.6357929,0.6254134,0,0,0,0,0,0,0,0,0,0,0,0,0,0,0,0,0,0,0,0,0,0,0,0,0.6130899,0.6803018,0.9379798,1,0.8978493,0.7183181,0.7502397,0.7005647,0.6665963,0.6268437,0,0,0,0,0,0,0,0,0,0
0,0,0,0,0,0,0,0,0,0,0.5932444,0.5908841,0.5671446,0,0.6853588,0.8601264,1,0.9692832,0.6823726,0.5784764,0.6728132,0.7542278,0.7164983,0.6635723,0.529875,0,0,0,0,0,0,0,0,0,0,0,0,0,0,0,0,0,0,0,0,0,0.5371186,0.6051288,0.9265959,1,0.8934647,0.6664461,0.7039493,0.5063565,0.688792,0.6693312,0.6324848,0.6456291,0.5689351,0,0,0,0,0,0,0
0,0,0,0,0,0,0,0,0.7073479,0.729912,0.7820628,0.778868,0.7558442,0.7454351,0.6949357,0.8713969,1,0.987913,0.8511704,0.7959999,0.8074103,0.808494,0.7168448,0.6955395,0,0,0,0,0,0,0,0,0,0,0,0,0,0,0,0,0,0,0,0,0.6790264,0.7047859,0.6750551,0.7569323,0.9596524,1,0.8974675,0,0,0,0,0.7227631,0.7622849,0.7238942,0,0,0,0,0,0,0,0
0,0,0,0,0,0,0,0.5752609,0.6020737,0.6958159,0.6754892,0.7228258,0.7601516,0.704809,0.7490249,0.809371,1,0.9819708,0.7408729,0.7030656,0.7186711,0.6852808,0,0,0,0,0,0,0,0,0,0,0,0,0,0,0,0,0,0.5393742,0.5857784,0.6605157,0,0.6991131,0.7497876,0.7250844,0.7333512,0.7496886,0.9434171,1,0.8911374,0.6535047,0.6209011,0.5794507,0,0.5765705,0.5901064,0.5524272,0,0,0,0,0,0,0,0
0,0,0,0,0,0,0,0.6751125,0.6552824,0,0.7310334,0.7403988,0.6481304,0.6864992,0.7525543,0.8445558,1,0.9863423,0.8232371,0,0.7222241,0,0,0,0,0,0,0,0,0,0,0,0,0,0,0,0,0,0,0,0,0.6574386,0,0.716522,0.6614049,0,0.7702906,0.7816356,0.9415213,1,0.8970355,0.6288595,0.6561915,0,0,0,0,0,0,0,0,0,0,0,0,0
0,0,0,0,0,0,0,0.6974438,0.7265575,0.7499034,0.6993569,0.7394338,0.7589273,0.7838262,0.8146647,0.7522089,1,0.9929967,0.834128,0.7163953,0,0,0,0,0,0,0,0,0,0,0,0,0,0,0,0,0,0,0,0,0,0,0,0,0,0.7494554,0.8219802,0.8107806,0.9470416,1,0.8947097,0,0,0,0,0,0,0,0,0,0,0,0,0,0,0
0,0,0,0,0,0,0,0,0,0.7038247,0.7653397,0.8091289,0.8276103,0.7965571,0.672469,0.828639,1,0.9765385,0.7666445,0,0,0,0,0,0,0,0,0,0,0,0,0,0,0,0,0,0,0,0,0,0,0,0.6757098,0.7194438,0.7598146,0.7377364,0.759619,0.7625901,0.9388273,1,0.893251,0.6800988,0,0,0,0,0,0,0,0,0,0,0,0,0,0
0,0,0,0,0,0,0,0,0,0,0,0,0.6553861,0.7492493,0.8034621,0.849797,1,0.9791433,0.7527022,0.5885518,0,0,0,0,0,0,0,0,0,0,0,0,0,0,0,0,0,0,0,0,0,0,0,0,0.5937241,0.6775224,0.7420041,0.79083,0.9518202,1,0.88871,0.5603052,0,0,0,0,0,0,0,0,0,0,0,0,0,0
0,0,0,0,0,0,0,0,0,0,0,0,0,0,0,0.8373229,1,0.9908908,0.7936183,0.5950426,0,0,0,0,0,0,0,0,0,0,0,0,0,0,0,0,0,0,0,0,0,0,0,0,0,0,0,0.5363526,0.9333024,1,0.9192819,0.8075035,0.7225111,0.5732813,0,0,0,0,0,0,0,0,0,0,0,0
0,0,0,0,0,0,0,0,0,0,0,0,0,0.6367317,0.6470884,0.8210388,1,0.9840144,0.7625372,0.6870149,0.7376102,0.7290637,0.6942059,0,0,0,0,0,0,0,0,0,0,0,0,0,0,0,0,0,0,0,0,0,0,0,0,0.6096644,0.9409006,1,0.8797328,0.7483297,0.769245,0.7193242,0.653535,0,0,0,0,0,0,0,0,0,0,0
0,0,0,0,0,0,0,0,0,0,0,0,0,0,0.7239014,0.84633,1,0.9867535,0,0.7406216,0.776433,0.7892411,0.7269695,0,0,0,0,0,0,0,0,0,0,0,0,0,0,0,0,0,0,0,0,0,0,0,0,0.7336634,0.9535102,1,0.8902389,0.8183818,0.8162318,0.7729129,0.7475058,0.7620519,0.7122595,0,0,0,0,0,0,0,0,0
0,0,0,0,0,0,0,0,0,0,0.6139492,0.6592729,0.7215206,0.748269,0.7181261,0.831584,1,0.9931622,0.8153904,0.7034036,0.7767805,0.7246271,0.7722254,0.7137815,0,0,0,0.614483,0.6435656,0,0,0,0,0,0,0,0,0,0,0,0,0,0,0,0,0,0.6705112,0.6703447,0.9422404,1,0.8684343,0.7834973,0.8021309,0.7674415,0.7910505,0.7773105,0.6698431,0.5907901,0,0,0,0,0,0,0,0
0,0,0,0,0,0,0,0,0,0.6157978,0.6480899,0.6163384,0.7425401,0.7598305,0.7021382,0.8495978,1,0.9942074,0.8600298,0.7606003,0.7175757,0.6741596,0.711275,0.6978464,0.6285275,0,0.6619232,0.6587895,0,0,0,0,0,0,0,0,0,0,0,0,0,0,0.6325229,0.590462,0,0,0,0,0.9338577,1,0.8850009,0.8050104,0.7477592,0.6699221,0.6919464,0,0.6292205,0,0,0,0,0,0,0,0,0
0,0,0,0,0,0,0,0,0,0,0.7240558,0.7627618,0.7885255,0.7128891,0.7665458,0.8493022,1,0.987518,0.7876539,0.7473763,0.7339133,0,0,0,0,0,0,0,0,0,0,0,0,0,0,0,0,0,0,0,0,0.6948718,0.7399723,0.7093886,0.7272159,0,0,0.7110799,0.9469702,1,0.91675,0.8405048,0.819888,0.7522801,0,0,0,0,0,0,0,0,0,0,0,0
0,0,0,0,0,0,0,0,0,0.6560905,0.6829472,0.6337129,0.7252047,0.7817587,0.8121389,0.8353168,1,0.9845557,0.688474,0.7376564,0.7377544,0.6024109,0.5767848,0,0,0,0,0,0,0,0,0,0,0,0,0,0,0,0,0,0.5670533,0.6793622,0.7592894,0.6971776,0.6961879,0.6927262,0.6031175,0.658551,0.9396823,1,0.8915485,0.6192886,0.6052595,0.5589111,0.5897827,0,0,0,0,0,0,0,0,0,0,0
0,0,0,0,0,0,0,0,0,0,0,0,0.7574101,0.7777437,0.7227768,0.824033,1,0.9870662,0.7896426,0,0,0,0,0,0,0,0,0,0,0,0,0,0,0,0,0,0,0,0,0,0,0,0.6874835,0.7609981,0.8021956,0.7860091,0.7509956,0.7550801,0.9437511,1,0.8980993,0.6978808,0.6838726,0,0,0,0,0,0,0,0,0,0,0,0,0
0,0,0,0,0,0,0,0,0,0,0,0,0.5549677,0.5469689,0.634926,0.8302899,1,0.9805058,0.7503814,0,0,0,0,0,0,0,0,0,0,0,0,0,0,0,0,0,0,0,0,0,0,0,0,0,0,0.5659628,0.6449314,0.6548905,0.9324714,1,0.885186,0,0,0,0,0,0,0,0,0,0,0,0,0,0,0
