GestureName: p
Duration(ms): 1410
Handedness: right

SpeakerAngles: 2
55
-55

InterpretedPoints: 30
0,0
0,0
0,0
0,0
0,0
0,0
0,0
0,0
0,0
0.806707284111599,1.69458756439087
0.806707284111599,2.82431260731812
0.806707284111599,6.21348773609986
-0.806707284111599,6.21348773609986
-1.6134145682232,3.38917512878174
0,1.12972504292725
2.4201218523348,-7.34321277902711
4.03353642055799,-6.21348773609986
4.84024370466959,-3.38917512878174
1.6134145682232,-1.12972504292725
1.6134145682232,2.25945008585449
0.806707284111599,7.34321277902711
0,0
4.84024370466959,9.03780034341798
1.6134145682232,4.51890017170899
7.26036555700439,6.21348773609986
0,1.12972504292725
0,0
0,0
0,0
0,0

StrokePoints: 31
177.666666666667,130.277777777778
177.666666666667,130.277777777778
177.666666666667,130.277777777778
177.666666666667,130.277777777778
177.666666666667,130.277777777778
177.666666666667,130.277777777778
177.666666666667,130.277777777778
177.666666666667,130.277777777778
177.666666666667,130.277777777778
177.666666666667,130.277777777778
176.859959382555,128.583190213387
176.053252098443,125.758877606069
175.246544814332,119.545389869969
176.053252098443,113.331902133869
177.666666666667,109.942727005087
177.666666666667,108.81300196216
175.246544814332,116.156214741187
171.213008393774,122.369702477287
166.372764689104,125.758877606069
164.759350120881,126.888602648996
163.145935552658,124.629152563142
162.339228268546,117.285939784114
162.339228268546,117.285939784114
157.498984563877,108.248139440696
155.885569995653,103.729239268987
148.625204438649,97.5157515328876
148.625204438649,96.3860264899604
148.625204438649,96.3860264899604
148.625204438649,96.3860264899604
148.625204438649,96.3860264899604
148.625204438649,96.3860264899604

Velocities: 30
0,0
0,0
0,0
0,0
0,0
0,0
0,0
0,0
0,0
2,1
3,2
6,5
5,6
2,4
1,1
-5,-8
-3,-8
0,-6
0,-2
3,1
7,6
0,0
11,5
5,3
10,1
1,1
0,0
0,0
0,0
0,0

InverseVelocities: 30
0,0
0,0
0,0
0,0
0,0
0,0
0,0
0,0
0,0
0,0
0,0
0,0
0,0
-4,-2
-4,-11
0,0
0,0
0,0
0,0
0,0
0,0
0,0
-1,0
-2,-1
-3,-2
-2,-1
0,0
0,0
0,0
0,0

RawData: 30
0,0,0,0,0,0,0,0,0,0,0,0,0,0,0.7024791,0.8346518,1,0.9738724,0.9301641,0,0,0,0,0,0,0,0,0,0,0,0,0,0,0,0,0,0,0,0,0,0,0,0,0,0,0,0.6650046,0.7292719,0.9477512,1,0.8749277,0,0,0,0,0,0,0,0,0,0,0,0,0,0,0
0,0,0,0,0,0,0,0,0,0,0,0,0,0,0,0.8071598,0.9806047,1,0.8867344,0,0,0,0,0,0,0,0,0,0,0,0,0,0,0,0,0,0,0,0,0,0,0,0,0,0,0,0.6244606,0.6250005,0.9422098,1,0.8904576,0,0,0,0,0,0,0,0,0,0,0,0,0,0,0
0,0,0,0,0,0,0,0,0,0,0,0,0,0,0,0.8382292,1,0.9526477,0.8105788,0,0,0,0,0,0,0,0,0,0,0,0,0,0,0,0,0,0,0,0,0,0,0,0,0,0,0,0.6458787,0,0.936809,1,0.8971266,0,0,0,0,0,0,0,0,0,0,0,0,0,0,0
0,0,0,0,0,0,0,0,0,0,0,0,0,0,0,0.7790413,0.9876465,1,0.8525115,0,0,0,0,0,0,0,0,0,0,0,0,0,0,0,0,0,0,0,0,0,0,0,0,0,0,0,0,0.6150104,0.9353487,1,0.8854944,0,0,0,0,0,0,0,0,0,0,0,0,0,0,0
0,0,0,0,0,0,0,0,0,0,0,0,0,0,0,0.8600897,1,0.9655378,0,0,0,0,0,0,0,0,0,0,0,0,0,0,0,0,0,0,0,0,0,0,0,0,0,0,0,0,0,0,0.9596679,1,0.8903967,0,0,0,0,0,0,0,0,0,0,0,0,0,0,0
0,0,0,0,0,0,0,0,0,0,0,0,0,0,0,0.8443062,1,0.9884531,0.8103985,0,0,0,0,0,0,0,0,0,0,0,0,0,0,0,0,0,0,0,0,0,0,0,0,0,0,0,0,0.6362641,0.9413823,1,0.8826226,0.642438,0,0,0,0,0,0,0,0,0,0,0,0,0,0
0,0,0,0,0,0,0,0,0,0,0,0,0,0,0,0.8505452,1,0.9534852,0.8987075,0,0,0,0,0,0,0,0,0,0,0,0,0,0,0,0,0,0,0,0,0,0,0,0,0,0,0,0,0,0.9391822,1,0.9290993,0,0,0,0,0,0,0,0,0,0,0,0,0,0,0
0,0,0,0,0,0,0,0,0,0,0,0,0,0,0,0.8176084,0.9913965,1,0.8811723,0,0,0,0,0,0,0,0,0,0,0,0,0,0,0,0,0,0,0,0,0,0,0,0,0,0,0,0,0,0.9407521,1,0.9051222,0,0,0,0,0,0,0,0,0,0,0,0,0,0,0
0,0,0,0,0,0,0,0,0,0,0,0,0,0,0,0.8285401,1,0.9872831,0.7780548,0.6343837,0,0,0,0,0,0,0,0,0,0,0,0,0,0,0,0,0,0,0,0,0,0,0,0,0,0,0,0.6517621,0.9477414,1,0.8676262,0,0,0,0,0,0,0,0,0,0,0,0,0,0,0
0,0,0,0,0,0,0,0,0,0,0,0,0,0,0,0.8410096,1,0.9790634,0.782778,0.7703143,0.6828202,0.5631608,0,0,0,0,0,0,0,0,0,0,0,0,0,0,0,0,0,0,0,0,0,0,0,0,0,0,0.9345487,1,0.8766533,0.7583947,0.6684252,0.5576375,0,0,0,0,0,0,0,0,0,0,0,0
0,0,0,0,0,0,0,0,0,0,0,0,0,0,0,0.8022237,1,0.976181,0.7889129,0.837214,0.7665058,0.6383017,0.6486323,0,0,0,0,0,0,0,0,0,0,0,0,0,0,0,0,0,0,0,0,0,0,0,0,0.607894,0.9379144,1,0.8727515,0.8405527,0.7551765,0.7316292,0.6804042,0,0,0,0,0,0,0,0,0,0,0
0,0,0,0,0,0,0,0,0,0,0,0,0,0.6429068,0.6785876,0.7322358,0.9822172,1,0.9489866,0.8774042,0.7286282,0.7477843,0.5999539,0.6339107,0.5376,0.5630345,0,0,0,0,0,0,0,0,0,0,0,0,0,0,0,0,0,0,0,0,0,0.6851068,0.9450901,1,0.8705072,0.7057508,0.629374,0.7849427,0.8056921,0.7564577,0.6461072,0.5860623,0,0,0,0,0,0,0,0
0,0,0,0,0,0,0,0,0,0,0,0,0,0,0.7134688,0.8402492,0.9955468,1,0.9588873,0.946632,0.864717,0.7661418,0.6445785,0,0.6157961,0,0,0,0,0,0,0,0,0,0,0,0,0,0,0,0,0,0,0,0,0,0.6406435,0.6372331,0.9471847,1,0.8545352,0.7266008,0.6642787,0.6613401,0.7699583,0.8227419,0.6634983,0.7324665,0.7069415,0,0,0,0,0,0,0
0,0,0,0,0,0,0,0,0,0.7552507,0.7552533,0,0.8417916,0.8832121,0.8600019,0.8461185,1,0.9925727,0.868413,0.8466932,0,0.7608356,0,0,0,0,0,0,0,0,0,0,0,0,0,0,0,0,0,0,0,0,0,0,0.7610207,0.779512,0.8187099,0.8306139,0.9487006,1,0.9094383,0.7704986,0.8214043,0.848982,0.7770761,0.704225,0.7499798,0,0,0,0,0,0,0,0,0
0,0,0,0,0,0,0,0,0,0.703264,0.7648329,0.7031989,0.7866373,0.8421071,0.7673181,0.868245,1,0.9868352,0.7924656,0.7128441,0.7115518,0,0,0,0,0,0,0,0,0,0,0,0,0,0,0.6639515,0.677928,0.6880346,0.7238637,0,0,0.741325,0.8121319,0.8015028,0.6939057,0.8004799,0.7870924,0.8094208,0.9496294,1,0.9249053,0.8226653,0.7792473,0.7343943,0,0,0,0,0,0,0,0,0,0,0,0
0,0,0,0,0,0,0,0,0.7300689,0.7951893,0.7939999,0.7899855,0.774925,0.7948118,0,0.8599508,1,0.9859685,0.8010049,0.7408617,0,0,0,0,0,0,0,0,0,0,0,0,0,0,0,0,0,0,0.7424588,0,0,0,0.7946071,0.7972889,0.7396547,0.7398332,0.7948052,0,0.9524829,1,0.8769335,0.6835286,0,0,0,0,0,0,0,0,0,0,0,0,0,0
0,0,0,0,0,0,0,0,0,0,0.740575,0.7853931,0.7830573,0.7785574,0.7859709,0.9035037,1,0.9753894,0.8106524,0.696506,0,0,0,0,0,0,0,0,0,0,0,0,0,0,0,0,0,0,0.7456383,0.7852268,0.7108045,0.7212986,0.6961799,0.7448066,0.7368041,0,0.7633463,0,0.9442542,1,0.8944188,0,0,0,0,0,0,0,0,0,0,0,0,0,0,0
0,0,0,0,0,0,0,0,0,0,0,0,0,0.7759148,0.8637771,0.8669258,1,0.9855863,0.8081667,0.7920273,0,0,0,0,0,0,0,0,0,0,0,0,0,0,0,0,0,0,0,0,0.7829728,0.7901307,0.7792968,0,0,0.8064411,0.8051201,0.7776371,0.9443527,1,0.9115353,0,0,0,0,0,0,0,0,0,0,0,0,0,0,0
0,0,0,0,0,0,0,0,0,0,0,0,0,0,0.7366986,0.8133397,1,0.9585562,0.8075901,0.7464702,0,0,0,0,0,0,0,0,0,0,0,0,0,0,0,0,0,0,0,0,0,0,0,0,0.6839522,0.7542135,0.7464883,0,0.9547866,1,0.8876901,0,0,0,0,0,0,0,0,0,0,0,0,0,0,0
0,0,0,0,0,0,0,0,0,0,0,0,0,0,0,0.8087764,0.9987606,1,0.936521,0.8872969,0.700538,0.749006,0.7149687,0,0,0,0,0,0,0,0,0,0,0,0,0,0,0,0,0,0,0,0,0,0,0,0,0.6562039,0.9369738,1,0.8807958,0.6378049,0.7384775,0.6969146,0,0,0,0,0,0,0,0,0,0,0,0
0,0,0,0,0,0,0,0,0,0,0,0,0,0,0.6112242,0.7850921,1,0.992869,0.8409609,0.860118,0.8984111,0.8825666,0.7836908,0.7480487,0.7438021,0.7022057,0.6285148,0,0,0,0,0,0,0,0,0,0,0,0,0,0,0,0,0,0,0,0,0.6235546,0.9404571,1,0.8915342,0.8002192,0.800771,0.6606899,0.786923,0.7374644,0.6623428,0.6123919,0.6010252,0,0,0,0,0,0,0
0,0,0,0,0,0,0,0,0,0,0,0,0,0,0,0,1,0.9969702,0.9038112,0,0,0,0,0,0,0,0,0,0,0,0,0,0,0,0,0,0,0,0,0,0,0,0,0,0,0,0,0,0.9595918,1,0.9185939,0,0,0,0,0,0,0,0,0,0,0,0,0,0,0
0,0,0,0,0,0,0,0,0,0,0,0,0.804,0.8746756,0.8967162,0.7672474,1,0.9927012,0.8548566,0.8681687,0.8308027,0.7643323,0.8242108,0.8216203,0.806282,0.8260113,0.7755954,0,0,0.7442757,0.7293786,0,0,0,0,0,0,0,0,0,0,0,0,0,0,0,0.723121,0.7726618,0.955024,1,0.905807,0,0.738434,0.738718,0.812637,0.7725503,0.7386353,0.7090827,0,0,0,0,0,0,0,0
0,0,0,0,0,0,0,0,0,0,0,0.807374,0.8259897,0.8920068,0.9088068,0.911164,1,0.9686204,0.8702579,0.9176398,0.7729959,0.7861978,0.8032165,0.7844096,0.7536812,0,0,0,0,0,0,0,0,0,0,0,0,0,0,0,0,0,0,0,0,0.7599834,0.7255185,0.760223,0.9474401,1,0.8947129,0.7917908,0.7144958,0.7013589,0.7845627,0.7301536,0,0,0,0,0,0,0,0,0,0
0,0,0,0,0,0,0,0,0,0,0.6997027,0.7616374,0.7763842,0.7960207,0.9247529,0.9194175,1,0.9760712,0.8480106,0.9044152,0.837819,0.6963649,0,0,0,0,0.6484293,0.6807086,0.6524855,0.6627343,0,0,0,0,0,0,0,0,0,0,0,0,0,0,0.6821114,0.7574864,0.7093267,0.6597984,0.9343745,1,0.8846861,0.7727723,0.7138848,0.6741829,0,0,0,0,0,0,0,0,0,0,0,0
0,0,0,0,0,0,0,0,0,0,0,0.6651915,0.8065004,0.8875772,0.8428033,0.8962631,1,0.9716404,0.7931762,0.6186482,0.6424357,0,0,0,0,0,0,0,0,0,0,0,0,0,0,0,0,0,0,0,0,0,0,0,0,0.6764054,0.7935424,0.7995936,0.925063,1,0.8887112,0.710313,0.677073,0.606187,0,0,0,0,0,0,0,0,0,0,0,0
0,0,0,0,0,0,0,0,0,0,0,0,0,0.6853762,0.8355508,0.9495976,0.8928763,1,0.7717823,0,0,0,0,0,0,0,0,0,0,0,0,0,0,0,0,0,0,0,0,0,0,0,0,0,0,0,0.6403689,0.7997826,0.9679872,1,0.8684663,0.6013714,0,0,0,0,0,0,0,0,0,0,0,0,0,0
0,0,0,0,0,0,0,0,0,0,0,0,0,0,0,0.8817527,1,0.9629071,0.8133686,0,0,0,0,0,0,0,0,0,0,0,0,0,0,0,0,0,0,0,0,0,0,0,0,0,0,0,0,0,0.9321783,1,0.9058913,0.6598368,0,0,0,0,0,0,0,0,0,0,0,0,0,0
0,0,0,0,0,0,0,0,0,0,0,0,0,0,0.634977,0.8797381,1,0.954208,0.8657331,0,0,0,0,0,0,0,0,0,0,0,0,0,0,0,0,0,0,0,0,0,0,0,0,0,0,0,0,0.6857757,0.9358963,1,0.8201844,0.7653519,0,0,0,0,0,0,0,0,0,0,0,0,0,0
0,0,0,0,0,0,0,0,0,0,0,0,0,0,0.6780106,0.8051955,0.9815519,1,0.8641241,0,0,0,0,0,0,0,0,0,0,0,0,0,0,0,0,0,0,0,0,0,0,0,0,0,0,0,0,0,0.9173617,1,0.9291812,0.6783295,0,0,0,0,0,0,0,0,0,0,0,0,0,0
