GestureName: triangle
Duration(ms): 1410
Handedness: right

SpeakerAngles: 2
55
-55

InterpretedPoints: 30
0,0
0,0
0,0
0,0
0,0
0,0
0,0
0,0
0,0
2.4201218523348,-8.47293782195435
0.806707284111598,-12.9918379936633
-0.806707284111599,-11.8621129507361
-2.4201218523348,-2.82431260731812
0,-4.51890017170899
0,0
-1.6134145682232,4.51890017170899
0,7.90807530049073
-3.22682913644639,4.51890017170899
-6.45365827289279,-2.25945008585449
-3.2268291364464,-2.25945008585449
0,1.12972504292725
2.4201218523348,5.08376269317261
0.806707284111599,7.34321277902711
3.2268291364464,6.77835025756348
3.2268291364464,5.64862521463624
0.806707284111599,2.82431260731812
2.4201218523348,1.69458756439087
0,0
0,0
0,0

StrokePoints: 31
177.666666666667,130.277777777778
177.666666666667,130.277777777778
177.666666666667,130.277777777778
177.666666666667,130.277777777778
177.666666666667,130.277777777778
177.666666666667,130.277777777778
177.666666666667,130.277777777778
177.666666666667,130.277777777778
177.666666666667,130.277777777778
177.666666666667,130.277777777778
175.246544814332,138.750715599732
174.43983753022,151.742553593396
175.246544814332,163.604666544132
177.666666666667,166.42897915145
177.666666666667,170.947879323159
177.666666666667,170.947879323159
179.28008123489,166.42897915145
179.28008123489,158.520903850959
182.506910371336,154.00200367925
188.960568644229,156.261453765105
192.187397780675,158.520903850959
192.187397780675,157.391178808032
189.767275928341,152.307416114859
188.960568644229,144.964203335832
185.733739507783,138.185853078269
182.506910371336,132.537227863632
181.700203087225,129.712915256314
179.28008123489,128.018327691923
179.28008123489,128.018327691923
179.28008123489,128.018327691923
179.28008123489,128.018327691923

Velocities: 30
0,0
0,0
0,0
0,0
0,0
0,0
0,0
0,0
0,0
-6,-9
-11,-12
-11,-10
-4,-1
-4,-4
0,0
3,5
7,7
2,6
-6,2
-4,0
1,1
6,3
7,6
8,4
7,3
3,2
3,0
0,0
0,0
0,0

InverseVelocities: 30
0,0
0,0
0,0
0,0
0,0
0,0
0,0
0,0
0,0
1,0
1,0
2,0
0,0
0,0
0,0
0,0
-2,0
-4,0
0,0
0,0
0,0
0,0
0,0
0,0
0,0
0,0
0,0
0,0
0,0
0,0

RawData: 30
0,0,0,0,0,0,0,0,0,0,0,0,0,0,0,0.8305814,1,0.9835454,0.7590176,0,0,0,0,0,0,0,0,0,0,0,0,0,0,0,0,0,0,0,0,0,0,0,0,0,0,0,0,0.6246511,0.945208,1,0.886823,0,0,0,0,0,0,0,0,0,0,0,0,0,0,0
0,0,0,0,0,0,0,0,0,0,0,0,0,0,0,0.8500354,1,0.9828534,0.7768669,0,0,0,0,0,0,0,0,0,0,0,0,0,0,0,0,0,0,0,0,0,0,0,0,0,0,0,0,0,0.9479348,1,0.9011389,0,0,0,0,0,0,0,0,0,0,0,0,0,0,0
0,0,0,0,0,0,0,0,0,0,0,0,0,0,0,0.8285176,1,0.9830884,0.7758529,0,0,0,0,0,0,0,0,0,0,0,0,0,0,0,0,0,0,0,0,0,0,0,0,0,0,0,0,0,0.9395424,1,0.9005308,0,0,0,0,0,0,0,0,0,0,0,0,0,0,0
0,0,0,0,0,0,0,0,0,0,0,0,0,0,0,0.8217769,1,0.9731401,0.692482,0,0,0,0,0,0,0,0,0,0,0,0,0,0,0,0,0,0,0,0,0,0,0,0,0,0,0,0,0.604174,0.9452605,1,0.879447,0,0,0,0,0,0,0,0,0,0,0,0,0,0,0
0,0,0,0,0,0,0,0,0,0,0,0,0,0,0,0.8224416,0.9973322,1,0.8591894,0,0,0,0,0,0,0,0,0,0,0,0,0,0,0,0,0,0,0,0,0,0,0,0,0,0,0,0,0.6616079,0.9520075,1,0.8881554,0,0,0,0,0,0,0,0,0,0,0,0,0,0,0
0,0,0,0,0,0,0,0,0,0,0,0,0,0,0,0.81727,1,0.9598183,0.6554784,0,0,0,0,0,0,0,0,0,0,0,0,0,0,0,0,0,0,0,0,0,0,0,0,0,0,0,0,0.5828227,0.9438824,1,0.8646712,0.581821,0,0,0,0,0,0,0,0,0,0,0,0,0,0
0,0,0,0,0,0,0,0,0,0,0,0,0,0,0,0.8225342,1,0.9902248,0.8166672,0,0,0,0,0,0,0,0,0,0,0,0,0,0,0,0,0,0,0,0,0,0,0,0,0,0,0,0,0.5826197,0.9376706,1,0.9014141,0,0,0,0,0,0,0,0,0,0,0,0,0,0,0
0,0,0,0,0,0,0,0,0,0,0,0,0,0,0,0.8269087,1,0.9880417,0.803777,0,0,0,0,0,0,0,0,0,0,0,0,0,0,0,0,0,0,0,0,0,0,0,0,0,0,0,0,0.6295501,0.951966,1,0.878468,0.6828799,0,0,0,0,0,0,0,0,0,0,0,0,0,0
0,0,0,0,0,0,0,0,0,0,0,0,0,0,0.6187979,0.8041727,1,0.9935309,0.8009674,0.5999764,0,0,0,0,0,0,0,0,0,0,0,0,0,0,0,0,0,0,0,0,0,0,0,0,0,0,0.5992826,0.721437,0.9486797,1,0.8856923,0,0,0,0,0,0,0,0,0,0,0,0,0,0,0
0,0,0,0,0,0,0,0.5200486,0.6168538,0.6664807,0.6899633,0.7028046,0.6259083,0.5349052,0.73818,0.8816365,1,0.9780053,0.7564548,0.6797338,0.6309825,0,0,0,0,0,0,0,0,0,0,0,0,0,0,0,0,0.5040283,0.5205877,0.5429449,0.5639037,0.5049736,0,0,0.5715398,0.6861256,0.6914172,0.7185983,0.927088,1,0.8981652,0.5745288,0,0,0,0,0,0,0,0,0,0,0,0,0,0
0,0,0.6359385,0.6543807,0.6347898,0.7534829,0.8026969,0.7393741,0.7079913,0.6732572,0.6347582,0.7515411,0.7622106,0.7698819,0.7206578,0.7625793,1,0.9936088,0.764735,0.6350601,0.6500921,0,0,0,0,0,0,0,0,0,0,0,0,0.6236458,0.6197312,0,0.60574,0.5984128,0.6365717,0.5648634,0.6072208,0.6431226,0.6390036,0.57025,0.6248181,0.5859673,0.715745,0.7435717,0.9282491,1,0.8996686,0.5805629,0,0,0,0,0,0,0,0,0,0,0,0,0,0
0,0,0.6246309,0.6684288,0.7180867,0.757908,0.7032007,0.7117873,0.6772006,0.7197837,0.7281737,0.7485617,0.7109841,0.7068945,0.7591543,0.8314961,1,0.9872953,0.7329499,0.6075163,0.6659963,0.6456326,0,0,0,0,0,0,0,0,0,0,0,0,0,0,0.5736876,0.59114,0.5778189,0,0.5948803,0.6365752,0.7168738,0.7799438,0.7707694,0.7475753,0.6571618,0.5763266,0.9450369,1,0.8836645,0,0,0,0,0,0,0,0,0,0,0,0,0,0,0
0,0,0,0,0,0,0,0,0,0.7744674,0.8303919,0.7945526,0.7969974,0.7964207,0.7500854,0.8108985,1,0.9944785,0.8082358,0.7631673,0,0,0,0,0,0,0,0,0,0,0,0,0,0,0,0,0,0,0,0,0,0,0,0,0,0.7872777,0.7702041,0.7168984,0.9519817,1,0.894836,0,0,0,0,0,0,0,0,0,0,0,0,0,0,0
0,0,0,0,0,0,0,0,0,0.639245,0.685826,0.7210564,0.7619165,0.7469957,0.7024524,0.8562461,1,0.9783008,0.7286221,0.5976675,0,0,0,0,0,0,0,0,0,0,0,0,0,0,0,0,0,0,0,0,0,0,0.5714095,0.608275,0.6593233,0.72127,0.7743996,0.7896293,0.941902,1,0.8946114,0,0,0,0,0,0,0,0,0,0,0,0,0,0,0
0,0,0,0,0,0,0,0,0,0,0,0,0,0,0,0.7560042,1,0.9786399,0.7529513,0.6711729,0,0,0,0,0,0,0,0,0,0,0,0,0,0,0,0,0,0,0,0,0,0,0,0,0,0,0.6736481,0.748193,0.9510396,1,0.8825799,0.6228547,0.6417205,0,0,0,0,0,0,0,0,0,0,0,0,0
0,0,0,0,0,0,0,0,0,0,0,0,0,0.6571726,0.6750003,0.8453496,1,0.9762161,0.820204,0.8316507,0.7622724,0.648239,0.7253624,0,0,0,0,0,0,0,0,0,0,0,0,0,0,0,0,0,0,0,0,0,0,0,0,0,0.9394054,1,0.9062997,0.7114874,0.7216874,0.7049786,0.6950626,0.727661,0.6716976,0.6002622,0,0,0,0,0,0,0,0
0,0,0,0,0,0,0,0,0,0,0,0.6486426,0.6171056,0.6647176,0.6980816,0.8041527,1,0.9977419,0.8643575,0.8347275,0.7957596,0.6815292,0.7132708,0.6958817,0.6759403,0.6199527,0.6138598,0,0,0,0,0,0,0,0,0,0,0,0,0,0,0,0,0,0,0,0.5931187,0.6131334,0.9373997,1,0.8851696,0.6078787,0.6950596,0.6564798,0.6353533,0.7252132,0.6424132,0.6995554,0.6931975,0.53736,0,0,0,0,0,0
0,0,0,0,0,0,0,0,0,0.6507246,0.6460688,0.6650344,0.712396,0,0.6426427,0.8572952,1,0.9860386,0.8149483,0.7535259,0,0.6377704,0,0,0,0,0,0,0,0,0,0,0,0,0,0,0,0,0,0,0,0,0,0,0,0,0,0.6664085,0.9523966,1,0.8755764,0.6941478,0.607057,0,0.6019161,0.6547134,0.6815329,0.6210638,0.6185815,0,0,0,0,0,0,0
0,0,0,0,0,0,0,0.7101897,0.7511223,0.7558953,0.7448826,0,0,0.6920112,0.6793504,0.8518478,1,0.9968451,0.8483726,0.6784973,0,0,0,0,0,0,0,0,0,0,0,0,0,0,0,0,0,0,0,0,0,0,0,0,0,0,0,0.7059069,0.9542403,1,0.8945997,0,0.6524903,0,0.6519595,0,0,0,0,0,0,0,0,0,0,0
0,0,0,0,0,0,0,0,0,0.6095718,0.6202133,0.6769975,0.7023208,0.7167183,0.7989982,0.8621236,1,0.9527735,0.7281162,0,0,0,0,0,0,0,0,0,0,0,0,0,0,0,0,0,0,0,0,0,0,0,0,0,0,0,0.5787882,0.6057455,0.9373028,1,0.8947523,0.6095037,0,0,0,0,0,0,0,0,0,0,0,0,0,0
0,0,0,0,0,0,0,0,0,0,0,0,0,0,0,0.8311031,1,0.9698962,0.8392653,0.7893909,0.6913397,0,0,0,0,0,0,0,0,0,0,0,0,0,0,0,0,0,0,0,0,0,0,0,0,0,0,0.5965602,0.9404135,1,0.9004991,0.7724946,0.6698766,0.6348457,0,0,0,0,0,0,0,0,0,0,0,0
0,0,0,0,0,0,0,0,0,0,0,0,0,0,0,0.667481,0.9816074,1,0.8909474,0.7972252,0,0.8297056,0.8276165,0.7512105,0.7622259,0.7432682,0,0,0,0,0,0,0,0,0,0,0,0,0,0,0,0,0,0,0,0,0,0.615802,0.9455091,1,0.8905798,0.6927131,0,0.7214905,0.728911,0.6164332,0,0,0,0,0,0,0,0,0,0
0,0,0,0,0,0,0,0,0,0,0,0,0,0,0,0.796183,1,0.9928711,0.7932332,0.6653547,0.7608302,0.8454018,0.7679325,0.8113881,0.8068763,0.6945502,0.6853424,0,0,0,0,0,0,0,0,0,0,0,0,0,0,0,0,0,0,0,0,0.6195985,0.9457816,1,0.8755994,0.6750113,0.7153315,0.6716618,0.7745823,0.6584488,0.5833319,0.5787947,0.5874712,0,0,0,0,0,0,0
0,0,0,0,0,0,0,0,0,0,0,0,0,0,0,0.8304368,1,0.9818534,0.7550466,0.7356627,0,0.7823766,0.8559445,0.7881167,0.7579679,0.7967476,0.7842763,0.7405571,0,0,0,0,0,0,0,0,0,0,0,0,0,0,0,0,0,0,0,0.6712227,0.9459427,1,0.8894022,0.7233493,0.7831982,0.7077207,0.6790162,0.6807834,0.6690216,0,0,0,0,0,0,0,0,0
0,0,0,0,0,0,0,0,0,0,0,0,0,0,0.6256703,0.7730391,1,0.9904158,0.7253106,0.7214316,0.6306512,0.7504317,0.7186673,0.7963318,0.7639109,0.637179,0.6749104,0,0,0,0,0,0,0,0,0,0,0,0,0,0,0,0,0,0,0,0.5494345,0.6106326,0.942548,1,0.8910191,0.5361254,0.7283111,0.7141256,0.638731,0.5942804,0,0,0,0,0,0,0,0,0,0
0,0,0,0,0,0,0,0,0,0,0,0,0,0,0,0.8442454,1,0.9648451,0.7996338,0.7706487,0.8326083,0.8438367,0.7548192,0,0,0,0,0,0,0,0,0,0,0,0,0,0,0,0,0,0,0,0,0,0,0,0.6075615,0,0.9471058,1,0.8718724,0.6983343,0.6723847,0,0.6554825,0,0,0,0,0,0,0,0,0,0,0
0,0,0,0,0,0,0,0,0,0,0,0,0,0,0,0.8268325,1,0.9864065,0,0.8659729,0.8523265,0.7787969,0.6719913,0,0,0,0,0,0,0,0,0,0,0,0,0,0,0,0,0,0,0,0,0,0,0,0,0,0.934233,1,0.9093807,0.6401293,0.5887141,0,0,0,0,0,0,0,0,0,0,0,0,0
0,0,0,0,0,0,0,0,0,0,0,0,0,0,0,0.8184527,1,0.990242,0.8205042,0.7267501,0,0,0,0,0,0,0,0,0,0,0,0,0,0,0,0,0,0,0,0,0,0,0,0,0,0,0,0.7281826,0.9501418,1,0.8973539,0,0,0,0,0,0,0,0,0,0,0,0,0,0,0
0,0,0,0,0,0,0,0,0,0,0,0,0,0,0,0.8539816,1,0.9800094,0.7594101,0,0,0,0,0,0,0,0,0,0,0,0,0,0,0,0,0,0,0,0,0,0,0,0,0,0,0,0,0.6691664,0.9443053,1,0.8951748,0,0,0,0,0,0,0,0,0,0,0,0,0,0,0
0,0,0,0,0,0,0,0,0,0,0,0,0,0,0,0.8234581,1,0.9857352,0.7639062,0,0,0,0,0,0,0,0,0,0,0,0,0,0,0,0,0,0,0,0,0,0,0,0,0,0,0,0,0,0.937488,1,0.8927117,0,0,0,0,0,0,0,0,0,0,0,0,0,0,0
